0.201086
0.401453
0.601841
0.802206
1.00256
1.20291
1.40326
1.6036
1.80393
2.00426
2.2046
2.40493
2.60526
2.8056
3.00595
3.2063
3.40683
3.6074
3.8078
4.00816
4.20852
4.40886
4.60922
4.80958
5.00993
5.21027
5.41062
5.61097
5.81131
6.01168
6.21204
6.41249
6.61286
6.81322
7.01358
7.21391
7.41424
7.61459
7.81492
8.01528
8.21562
8.41606
8.61642
8.81679
9.01712
9.21744
9.41777
9.61811
9.81843
10.0188
10.2191
10.4194
10.6198
10.8202
11.0205
11.221
11.4213
11.6217
11.822
12.0224
12.2227
12.4231
12.6234
12.8238
13.0241
13.2244
13.4248
13.6251
13.8254
14.0258
14.2262
14.4266
14.627
14.8273
15.0277
15.228
15.4283
15.6287
15.829
16.0294
16.2297
16.4301
16.6304
16.8308
17.0311
17.2315
17.4318
17.6322
17.8326
18.0329
18.2333
18.4337
18.634
18.8343
19.0347
19.235
19.4353
19.6357
19.836
20.0364
20.2368
20.4371
20.6374
20.8378
21.0382
21.2385
21.4389
21.6392
21.8396
22.04
22.2404
22.4408
22.6412
22.8416
23.0419
23.2423
23.4426
23.6429
23.8433
24.0436
24.244
24.4443
24.6446
24.845
25.0453
25.2456
25.446
25.6463
25.8467
26.047
26.2473
26.4477
26.648
26.8484
27.0487
27.2491
27.4494
27.6498
27.8501
28.0504
28.2508
28.4511
28.6514
28.8518
29.0521
29.2525
29.4528
29.6532
29.8536
30.0539
30.2543
30.4546
30.655
30.8553
31.0557
31.256
31.4564
31.6567
31.8571
32.0574
32.2577
32.4581
32.6584
32.8588
33.0591
33.2594
33.4598
33.6601
33.8604
34.0608
34.2611
34.4614
34.6618
34.8621
35.0624
35.2628
35.4631
35.6634
35.8684
36.0688
36.2691
36.4696
36.67
36.8703
37.0707
37.271
37.4714
37.6717
37.8721
38.0724
38.2728
38.4731
38.6734
38.8738
39.0741
39.2744
39.4748
39.6751
39.8754
40.0758
40.2761
40.4764
40.6768
40.8771
41.0775
41.2778
41.4782
41.6785
41.8789
42.0792
42.2796
42.4799
42.6802
42.8806
43.0809
43.2813
43.4816
43.682
43.8823
44.0826
44.283
44.4833
44.6837
44.884
45.0843
45.2848
45.4851
45.6855
45.8858
46.0862
46.2865
46.4869
46.6872
46.8875
47.0879
47.2882
47.4886
47.6889
47.8893
48.0896
48.29
48.4904
48.6964
48.8968
49.0972
49.2975
49.4978
49.6982
49.8986
50.0989
50.2993
50.4996
50.7
50.9003
51.1007
51.301
51.5013
51.7017
51.902
52.1024
52.3027
52.503
52.7034
52.9037
53.1041
53.3044
53.5048
53.7051
53.9055
54.1059
54.3062
54.5066
54.7069
54.9072
55.1076
55.3079
55.5083
55.7086
55.9089
56.1093
56.3096
56.5099
56.7103
56.9106
57.111
57.3113
57.5117
57.712
57.9124
58.1127
58.3131
58.5134
58.7137
58.9141
59.1144
59.3147
59.515
59.7154
59.9157
60.116
60.3163
60.5166
60.717
60.9173
61.1176
61.318
61.5183
61.7186
61.9189
62.1192
62.3196
62.5199
62.7202
62.9206
63.121
63.3213
63.5217
63.722
63.9223
64.1227
64.323
64.5233
64.7237
64.924
65.1243
65.3246
65.525
65.7253
65.9256
66.1259
66.3263
66.5266
66.7269
66.9272
67.1276
67.3279
67.5282
67.7285
67.9289
68.1292
68.3295
68.5299
68.7302
68.9305
69.1308
69.3312
69.5315
69.7318
69.9321
70.1324
70.3327
70.5331
70.7334
70.9337
71.134
71.3344
71.5347
71.735
71.9353
72.1357
72.336
72.5363
72.7367
72.937
73.1373
73.343
73.5434
73.7437
73.9441
74.1444
74.3447
74.545
74.7454
74.9457
75.1461
75.3465
75.5468
75.7472
75.9475
76.1478
76.3482
76.5485
76.7488
76.9492
77.1495
77.3498
77.5501
77.7504
77.9507
78.1511
78.3514
78.5518
78.7521
78.9524
79.1527
79.3531
79.5534
79.7538
79.9541
80.1544
80.3547
80.555
80.7554
80.9557
81.156
81.3564
81.5567
81.757
81.9573
82.1577
82.358
82.5583
82.7587
82.9591
83.1597
83.36
83.5604
83.7607
83.961
84.1614
84.3617
84.562
84.7624
84.9627
85.163
85.3634
85.5637
85.764
85.9644
86.1647
86.365
86.5653
86.7657
86.966
87.1663
87.3667
87.567
87.7673
87.9676
88.1679
88.3683
88.5686
88.7689
88.9692
89.1696
89.3699
89.5702
89.7706
89.9709
90.1712
90.3715
90.5719
90.7722
90.9725
91.1729
91.3732
91.5735
91.7739
91.9742
92.1745
92.3749
92.5752
92.7755
92.9758
93.1922
93.3925
93.5929
93.7932
93.9936
94.1939
94.3942
94.5946
94.7949
94.9952
95.1955
95.3959
95.5962
95.7965
95.9969
96.1972
96.3975
96.5978
96.7982
96.9985
97.1988
97.3991
97.5994
97.7997
98.0001
98.2004
98.4007
98.601
98.8013
99.0017
99.202
99.4023
99.6026
99.803
100.003
100.204
100.404
100.604
100.805
101.005
101.205
101.406
101.606
101.806
102.007
102.207
102.407
102.608
102.808
103.008
103.215
103.415
103.616
103.816
104.016
104.217
104.417
104.617
104.818
105.018
105.218
105.419
105.619
105.819
106.02
106.22
106.42
106.621
106.821
107.021
107.222
107.422
107.622
107.823
108.023
108.223
108.424
108.624
108.824
109.025
109.225
109.425
109.626
109.826
110.026
110.227
110.427
110.627
110.828
111.028
111.228
111.429
111.629
111.829
112.03
112.23
112.43
112.631
112.831
113.031
113.232
113.432
113.632
113.833
114.033
114.233
114.434
114.634
114.834
115.035
115.235
115.435
115.636
115.836
116.036
116.237
116.437
116.637
116.838
117.038
117.238
117.439
117.639
117.839
118.04
118.24
118.44
118.641
118.841
119.041
119.242
119.442
119.642
119.843
120.043
120.243
120.443
120.644
120.844
121.044
121.245
121.445
121.645
121.846
122.046
122.246
122.447
122.647
122.847
123.048
123.248
123.448
123.649
123.849
124.049
124.25
124.45
124.65
124.851
125.051
125.251
125.452
125.652
125.852
126.053
126.253
126.453
126.654
126.854
127.054
127.255
127.455
127.655
127.856
128.056
128.256
128.456
128.657
128.857
129.057
129.258
129.458
129.658
129.859
130.059
130.259
130.46
130.66
130.86
131.061
131.261
131.461
131.662
131.862
132.062
132.263
132.463
132.663
132.864
133.064
133.264
133.465
133.665
133.865
134.066
134.266
134.466
134.667
134.867
135.067
135.268
135.468
135.668
135.869
136.069
136.269
136.47
136.67
136.87
137.071
137.271
137.471
137.672
137.872
138.072
138.273
138.492
138.692
138.892
139.093
139.293
139.493
139.694
139.894
140.094
140.295
140.495
140.695
140.895
141.096
141.296
141.496
141.697
141.897
142.097
142.298
142.498
142.698
142.899
143.099
143.299
143.5
143.7
143.9
144.101
144.301
144.501
144.702
144.902
145.102
145.303
145.503
145.703
145.904
146.104
146.304
146.505
146.705
146.905
147.106
147.306
147.506
147.707
147.907
148.107
148.308
148.508
148.708
148.909
149.109
149.309
149.51
149.71
149.91
150.111
150.311
150.511
150.712
150.912
151.112
151.313
151.513
151.713
151.914
152.114
152.314
152.515
152.715
152.915
153.116
153.316
153.516
153.717
153.917
154.117
154.318
154.518
154.718
154.919
155.119
155.319
155.52
155.72
155.92
156.121
156.321
156.521
156.722
156.922
157.122
157.323
157.523
157.723
157.923
158.124
158.324
158.524
158.725
158.925
159.125
159.326
159.526
159.726
159.927
160.127
160.327
160.528
160.728
160.928
161.129
161.329
161.529
161.73
161.93
162.13
162.331
162.531
162.731
162.932
163.132
163.332
163.533
163.733
163.933
164.134
164.334
164.534
164.735
164.935
165.135
165.336
165.536
165.736
165.937
166.137
166.337
166.538
166.738
166.938
167.139
167.339
167.539
167.74
167.94
168.14
168.348
168.549
168.749
168.949
169.15
169.35
169.55
169.751
169.951
170.151
170.352
170.552
170.752
170.953
171.153
171.353
171.554
171.754
171.954
172.155
172.355
172.555
172.756
172.956
173.156
173.357
173.557
173.757
173.958
174.158
174.358
174.559
174.759
174.959
175.159
175.36
175.56
175.76
175.961
176.161
176.361
176.562
176.762
176.962
177.163
177.363
177.563
177.764
177.964
178.164
178.365
178.565
178.765
178.966
179.166
179.366
179.567
179.767
179.967
180.168
180.368
180.568
180.769
180.969
181.169
181.37
181.57
181.77
181.971
182.171
182.371
182.572
182.772
182.972
183.173
183.373
183.573
183.774
183.974
184.174
184.375
184.575
184.775
184.976
185.176
185.376
185.577
185.777
185.977
186.178
186.378
186.578
186.779
186.979
187.179
187.38
187.58
187.78
187.981
188.181
188.381
188.582
188.782
188.982
189.183
189.383
189.583
189.784
189.984
190.184
190.384
190.585
190.785
190.985
191.186
191.386
191.586
191.787
191.987
192.187
192.388
192.588
192.788
192.989
193.189
193.389
193.59
193.79
193.99
194.191
194.391
194.591
194.792
194.992
195.192
195.393
195.593
195.793
195.994
196.194
196.394
196.595
196.795
196.995
197.195
197.396
197.596
197.796
197.997
198.197
198.397
198.598
198.798
198.998
199.199
199.399
199.599
199.8
200
200.2
200.401
200.601
200.801
201.002
201.202
201.402
201.602
201.803
202.003
202.203
202.404
202.604
202.804
203.005
203.205
203.405
203.606
203.806
204.006
204.207
204.407
204.607
204.808
205.008
205.208
205.409
205.609
205.809
206.01
206.21
206.41
206.611
206.811
207.011
207.212
207.412
207.612
207.813
208.013
208.213
208.414
208.614
208.814
209.015
209.215
209.415
209.616
209.816
210.016
210.217
210.417
210.617
210.818
211.018
211.218
211.419
211.619
211.819
212.02
212.22
212.42
212.621
212.821
213.021
213.222
213.422
213.622
213.823
214.023
214.223
214.424
214.624
214.824
215.024
215.225
215.425
215.625
215.826
216.026
216.226
216.427
216.627
216.827
217.028
217.228
217.428
217.629
217.829
218.029
218.23
218.43
218.63
218.831
219.031
219.231
219.432
219.632
219.832
220.033
220.233
220.433
220.634
220.834
221.034
221.235
221.435
221.635
221.836
222.036
222.236
222.437
222.637
222.837
223.038
223.238
223.438
223.639
223.839
224.039
224.24
224.44
224.64
224.841
225.041
225.241
225.441
225.642
225.842
226.042
226.243
226.443
226.643
226.844
227.044
227.244
227.445
227.645
227.845
228.046
228.246
228.446
228.647
228.847
229.047
229.248
229.448
229.648
229.849
230.049
230.249
230.45
230.65
230.85
231.051
231.251
231.451
231.652
231.852
232.052
232.253
232.453
232.653
232.854
233.054
233.254
233.455
233.655
233.855
234.056
234.256
234.456
234.657
234.857
235.057
235.258
235.458
235.658
235.859
236.059
236.259
236.46
236.66
236.86
237.061
237.261
237.461
237.662
237.862
238.062
238.262
238.463
238.663
238.863
239.064
239.264
239.464
239.665
239.865
240.065
240.266
240.466
240.666
240.867
241.067
241.267
241.468
241.668
241.868
242.069
242.269
242.469
242.67
242.87
243.07
243.271
243.471
243.671
243.872
244.072
244.272
244.472
244.673
244.873
245.073
245.274
245.474
245.674
245.875
246.075
246.275
246.476
246.676
246.876
247.077
247.277
247.477
247.678
247.878
248.078
248.279
248.479
248.679
248.88
249.08
249.28
249.481
249.681
249.881
250.082
250.282
250.482
250.683
250.883
251.083
251.284
251.484
251.684
251.885
252.085
252.285
252.485
252.686
252.886
253.086
253.287
253.487
253.687
253.888
254.088
254.288
254.489
254.689
254.889
255.09
255.29
255.49
255.691
255.891
256.091
256.292
256.492
256.692
256.893
257.093
257.293
257.494
257.694
257.894
258.095
258.295
258.495
258.696
258.896
259.096
259.297
259.497
259.697
259.898
260.098
260.298
260.499
260.699
260.899
261.099
261.3
261.5
261.7
261.901
262.101
262.301
262.502
262.702
262.902
263.103
263.303
263.503
263.704
263.904
264.104
264.305
264.505
264.705
264.906
265.106
265.306
265.507
265.707
265.907
266.108
266.308
266.508
266.709
266.928
267.128
267.328
267.529
267.729
267.929
268.13
268.33
268.53
268.731
268.931
269.131
269.331
269.532
269.732
269.932
270.133
270.333
270.533
270.734
270.934
271.134
271.335
271.535
271.735
271.936
272.136
272.336
272.536
272.737
272.937
273.137
273.338
273.538
273.738
273.939
274.139
274.339
274.54
274.74
274.94
275.14
275.341
275.541
275.741
275.942
276.142
276.342
276.543
276.743
276.943
277.144
277.344
277.544
277.745
277.945
278.145
278.345
278.546
278.746
278.946
279.147
279.347
279.547
279.748
279.948
280.148
280.349
280.549
280.749
280.95
281.15
281.35
281.55
281.751
281.951
282.151
282.352
282.552
282.752
282.953
283.153
283.353
283.553
283.754
283.954
284.154
284.355
284.555
284.755
284.956
285.156
285.356
285.557
285.757
285.957
286.158
286.358
286.558
286.758
286.959
287.159
287.359
287.56
287.76
287.96
288.161
288.361
288.561
288.762
288.962
289.162
289.363
289.563
289.763
289.964
290.164
290.364
290.564
290.765
290.965
291.165
291.366
291.566
291.766
291.967
292.167
292.367
292.568
292.768
292.968
293.169
293.369
293.569
293.77
293.97
294.17
294.371
294.571
294.771
294.972
295.172
295.372
295.573
295.773
295.973
296.173
296.374
296.574
296.774
296.975
297.175
297.375
297.576
297.776
297.976
298.177
298.377
298.577
298.778
298.978
299.178
299.379
299.579
299.779
299.98
300.18
300.38
300.581
300.781
300.981
301.182
301.382
301.582
301.783
301.983
302.183
302.384
302.584
302.784
302.985
303.185
303.385
303.586
303.786
303.986
304.187
304.387
304.587
304.788
304.988
305.188
305.389
305.589
305.789
305.99
306.19
306.39
306.591
306.791
306.991
307.192
307.392
307.592
307.792
307.993
308.193
308.393
308.594
308.794
308.994
309.195
309.395
309.595
309.796
309.996
310.196
310.397
310.597
310.797
310.998
311.198
311.398
311.599
311.799
311.999
312.2
312.4
312.6
312.801
313.001
313.201
313.402
313.602
313.802
314.003
314.203
314.403
314.604
314.804
315.004
315.205
315.405
315.605
315.806
316.006
316.206
316.407
316.607
316.807
317.007
317.208
317.408
317.608
317.809
318.009
318.209
318.41
318.61
318.81
319.011
319.211
319.411
319.612
319.812
320.012
320.213
320.413
320.613
320.814
321.014
321.214
321.415
321.615
321.815
322.016
322.216
322.416
322.617
322.817
323.024
323.224
323.424
323.625
323.825
324.025
324.226
324.426
324.626
324.827
325.027
325.227
325.428
325.628
325.828
326.029
326.229
326.429
326.629
326.83
327.03
327.23
327.431
327.631
327.831
328.032
328.232
328.432
328.633
328.833
329.033
329.234
329.434
329.634
329.835
330.035
330.235
330.436
330.636
330.836
331.037
331.237
331.437
331.638
331.838
332.038
332.239
332.439
332.639
332.84
333.04
333.24
333.441
333.641
333.841
334.042
334.242
334.442
334.642
334.843
335.043
335.243
335.444
335.644
335.844
336.045
336.245
336.445
336.646
336.846
337.046
337.247
337.447
337.647
337.848
338.048
338.248
338.449
338.649
338.849
339.05
339.25
339.45
339.651
339.851
340.051
340.252
340.452
340.652
340.853
341.053
341.253
341.454
341.654
341.854
342.055
342.255
342.455
342.656
342.856
343.056
343.257
343.457
343.657
343.858
344.066
344.266
344.467
344.667
344.867
345.068
345.268
345.468
345.669
345.869
346.069
346.27
346.47
346.67
346.871
347.071
347.271
347.472
347.672
347.872
348.072
348.273
348.473
348.674
348.874
349.074
349.275
349.475
349.675
349.876
350.076
350.276
350.476
350.677
350.877
351.077
351.278
351.478
351.678
351.879
352.079
352.279
352.48
352.68
352.88
353.081
353.281
353.481
353.682
353.882
354.082
354.283
354.483
354.683
354.884
355.084
355.284
355.485
355.685
355.885
356.086
356.286
356.486
356.687
356.887
357.087
357.288
357.488
357.688
357.889
358.089
358.289
358.49
358.69
358.89
359.091
359.291
359.491
359.692
359.892
360.092
360.293
360.493
360.693
360.894
361.094
361.294
361.495
361.695
361.895
362.096
362.296
362.496
362.697
362.897
363.097
363.298
363.498
363.698
363.899
364.099
364.299
364.499
364.7
364.9
365.1
365.301
365.501
365.701
365.902
366.102
366.302
366.503
366.703
366.903
367.104
367.304
367.504
367.705
367.905
368.105
368.306
368.506
368.706
368.907
369.107
369.307
369.508
369.708
369.908
370.109
370.309
370.509
370.71
370.91
371.11
371.311
371.511
371.711
371.911
372.112
372.312
372.512
372.713
372.913
373.113
373.314
373.514
373.714
373.915
374.115
374.315
374.516
374.716
374.916
375.117
375.317
375.517
375.718
375.918
376.118
376.319
376.519
376.719
376.92
377.12
377.32
377.521
377.721
377.921
378.122
378.322
378.522
378.723
378.923
379.123
379.323
379.524
379.724
379.924
380.125
380.325
380.525
380.726
380.926
381.126
381.327
381.527
381.727
381.928
382.128
382.328
382.529
382.729
382.929
383.13
383.33
383.53
383.731
383.931
384.131
384.332
384.532
384.732
384.933
385.133
385.333
385.534
385.734
385.934
386.135
386.335
386.535
386.736
386.936
387.136
387.337
387.537
387.737
387.938
388.138
388.338
388.538
388.739
388.939
389.139
389.34
389.54
389.74
389.941
390.141
390.341
390.542
390.742
390.942
391.143
391.343
391.543
391.744
391.944
392.144
392.345
392.545
392.745
392.946
393.146
393.346
393.547
393.747
393.947
394.148
394.348
394.548
394.749
394.949
395.149
395.35
395.55
395.75
395.951
396.151
396.351
396.552
396.752
396.952
397.153
397.353
397.553
397.754
397.954
398.154
398.355
398.555
398.755
398.956
399.156
399.356
399.557
399.757
399.957
400.158
400.358
400.558
400.759
400.959
401.159
401.36
401.56
401.76
401.961
402.161
402.361
402.562
402.762
402.962
403.163
403.363
403.563
403.764
403.964
404.164
404.365
404.565
404.765
404.966
405.166
405.366
405.567
405.767
405.967
406.168
406.368
406.568
406.769
406.969
407.169
407.37
407.57
407.77
407.971
408.171
408.371
408.571
408.772
408.972
409.172
409.373
409.573
409.773
409.974
410.174
410.374
410.575
410.775
410.975
411.176
411.376
411.576
411.777
411.977
412.177
412.378
412.578
412.778
412.979
413.179
413.379
413.58
413.78
413.98
414.181
414.381
414.581
414.782
414.982
415.182
415.383
415.583
415.783
415.983
416.184
416.384
416.584
416.785
416.985
417.185
417.386
417.586
417.786
417.987
418.191
418.392
418.592
418.792
418.993
419.193
419.393
419.594
419.794
419.994
420.195
420.395
420.595
420.796
420.996
421.196
421.397
421.597
421.797
421.998
422.198
422.398
422.599
422.799
422.999
423.2
423.4
423.6
423.801
424.001
424.201
424.402
424.602
424.802
425.002
425.203
425.403
425.603
425.804
426.004
426.204
426.405
426.605
426.805
427.006
427.206
427.406
427.607
427.807
428.007
428.208
428.408
428.608
428.809
429.009
429.209
429.41
429.61
429.822
430.023
430.223
430.423
430.624
430.824
431.024
431.225
431.425
431.625
431.826
432.026
432.226
432.427
432.627
432.827
433.028
433.228
433.428
433.629
433.829
434.029
434.23
434.43
434.63
434.831
435.031
435.231
435.432
435.632
435.832
436.032
436.233
436.433
436.633
436.834
437.034
437.234
437.435
437.635
437.835
438.036
438.236
438.436
438.637
438.837
439.037
439.238
439.438
439.638
439.839
440.039
440.239
440.44
440.64
440.84
441.041
441.241
441.441
441.642
441.842
442.042
442.243
442.443
442.643
442.844
443.044
443.244
443.444
443.645
443.845
444.045
444.246
444.446
444.646
444.847
445.047
445.247
445.448
445.648
445.848
446.049
446.249
446.449
446.65
446.85
447.05
447.251
447.451
447.651
447.852
448.052
448.252
448.453
448.653
448.853
449.054
449.254
449.454
449.655
449.855
450.055
450.256
450.456
450.656
450.857
451.057
451.257
451.458
451.658
451.858
452.059
452.259
452.459
452.66
452.86
453.06
453.261
453.461
453.661
453.862
454.062
454.262
454.463
454.663
454.863
455.064
455.264
455.464
455.665
455.865
456.065
456.266
456.466
456.666
456.867
457.067
457.267
457.468
457.672
457.873
458.073
458.273
458.474
458.674
458.874
459.075
459.275
459.475
459.676
459.876
460.076
460.277
460.477
460.677
460.878
461.078
461.278
461.479
461.679
461.879
462.08
462.28
462.48
462.681
462.881
463.081
463.282
463.482
463.682
463.883
464.083
464.283
464.483
464.684
464.884
465.084
465.285
465.485
465.685
465.886
466.086
466.286
466.487
466.687
466.887
467.088
467.288
467.488
467.689
467.889
468.089
468.29
468.49
468.69
468.891
469.091
469.291
469.492
469.692
469.892
470.093
470.293
470.493
470.694
470.894
471.094
471.295
471.495
471.695
471.896
472.096
472.296
472.496
472.697
472.897
473.11
473.31
473.51
473.711
473.911
474.111
474.312
474.512
474.712
474.913
475.113
475.313
475.513
475.714
475.914
476.114
476.315
476.515
476.715
476.916
477.116
477.316
477.517
477.717
477.917
478.118
478.318
478.518
478.719
478.919
479.119
479.32
479.52
479.72
479.921
480.121
480.321
480.522
480.722
480.922
481.123
481.323
481.523
481.724
481.924
482.124
482.325
482.525
482.725
482.926
483.126
483.326
483.527
483.727
483.927
484.127
484.328
484.528
484.728
484.929
485.129
485.329
485.547
485.747
485.947
486.148
486.348
486.548
486.749
486.949
487.149
487.35
487.55
487.75
487.951
488.151
488.351
488.552
488.752
488.952
489.153
489.353
489.553
489.754
489.954
490.154
490.355
490.555
490.755
490.955
491.156
491.356
491.556
491.757
491.957
492.157
492.358
492.558
492.785
492.986
493.186
493.386
493.587
493.787
493.987
494.188
494.388
494.588
494.789
494.989
495.189
495.389
495.59
495.79
495.99
496.191
496.391
496.591
496.792
496.992
497.192
497.393
497.593
497.793
497.994
498.194
498.394
498.595
498.795
498.995
499.196
499.396
499.596
499.801
500.001
500.201
500.402
500.602
500.802
501.003
501.203
501.403
501.604
501.804
502.004
502.205
502.405
502.605
502.806
503.006
503.206
503.407
503.607
503.807
504.008
504.208
504.408
504.609
504.809
505.009
505.21
505.41
505.61
505.811
506.011
506.211
506.412
506.612
506.812
507.013
507.213
507.413
507.614
507.814
508.014
508.215
508.415
508.615
508.816
509.016
509.216
509.417
509.617
509.817
510.017
510.218
510.418
510.618
510.819
511.019
511.219
511.42
511.62
511.82
512.021
512.221
512.421
512.622
512.822
513.022
513.223
513.423
513.623
513.824
514.024
514.224
514.425
514.625
514.825
515.026
515.23
515.431
515.631
515.831
516.032
516.232
516.432
516.632
516.833
517.033
517.233
517.434
517.634
517.834
518.035
518.235
518.435
518.636
518.836
519.036
519.237
519.437
519.637
519.838
520.038
520.238
520.439
520.639
520.839
521.04
521.24
521.44
521.641
521.841
522.041
522.242
522.442
522.642
522.843
523.043
523.243
523.444
523.644
523.844
524.045
524.245
524.445
524.646
524.846
525.046
525.247
525.447
525.647
525.847
526.062
526.262
526.462
526.663
526.863
527.063
527.264
527.464
527.664
527.865
528.065
528.265
528.466
528.666
528.866
529.067
529.267
529.467
529.668
529.868
530.068
530.268
530.469
530.669
530.869
531.07
531.27
531.47
531.671
531.871
532.071
532.272
532.472
532.672
532.873
533.073
533.273
533.474
533.674
533.874
534.075
534.275
534.475
534.676
534.876
535.076
535.277
535.477
535.677
535.878
536.078
536.278
536.479
536.679
536.879
537.08
537.28
537.48
537.68
537.881
538.081
538.281
538.482
538.682
538.882
539.083
539.283
539.483
539.684
539.884
540.084
540.285
540.485
540.685
540.886
541.086
541.286
541.487
541.687
541.887
542.088
542.288
542.488
542.689
542.889
543.089
543.29
543.49
543.69
543.891
544.091
544.291
544.492
544.692
544.892
545.093
545.293
545.493
545.694
545.894
546.094
546.295
546.495
546.695
546.896
547.096
547.296
547.497
547.697
547.897
548.098
548.298
548.498
548.699
548.899
549.099
549.3
549.5
549.7
549.901
550.101
550.301
550.501
550.702
550.902
551.102
551.303
551.503
551.704
551.904
552.104
552.305
552.505
552.705
552.906
553.106
553.306
553.506
553.707
553.907
554.107
554.308
554.508
554.708
554.909
555.109
555.309
555.51
555.71
555.91
556.111
556.311
556.511
556.712
556.912
557.112
557.313
557.513
557.713
557.914
558.114
558.314
558.515
558.715
558.915
559.116
559.316
559.516
559.717
559.917
560.117
560.318
560.518
560.718
560.919
561.119
561.319
561.52
561.72
561.92
562.121
562.321
562.521
562.722
562.922
563.122
563.323
563.523
563.723
563.924
564.124
564.324
564.525
564.725
564.925
565.125
565.326
565.526
565.726
565.927
566.127
566.327
566.528
566.728
566.928
567.129
567.329
567.529
567.73
567.93
568.13
568.331
568.531
568.731
568.932
569.132
569.332
569.533
569.733
569.933
570.134
570.334
570.534
570.735
570.935
571.135
571.336
571.536
571.736
571.937
572.137
572.337
572.538
572.738
572.938
573.138
573.339
573.539
573.739
573.94
574.14
574.34
574.541
574.741
574.941
575.142
575.342
575.542
575.743
575.943
576.143
576.344
576.544
576.744
576.945
577.145
577.345
577.546
577.746
577.946
578.147
578.347
578.547
578.748
578.948
579.156
579.356
579.556
579.757
579.957
580.157
580.357
580.558
580.758
580.958
581.159
581.359
581.559
581.76
581.96
582.16
582.361
582.561
582.761
582.962
583.162
583.362
583.563
583.763
583.963
584.164
584.364
584.564
584.765
584.965
585.165
585.366
585.566
585.766
585.966
586.167
586.367
586.567
586.778
586.978
587.179
587.379
587.579
587.78
587.98
588.18
588.381
588.581
588.781
588.982
589.182
589.382
589.583
589.783
589.983
590.183
590.384
590.584
590.784
590.985
591.185
591.385
591.586
591.786
591.986
592.187
592.387
592.587
592.788
592.988
593.188
593.389
593.589
593.789
593.989
594.19
594.39
594.59
594.791
594.991
595.191
595.392
595.592
595.792
595.993
596.193
596.393
596.594
596.794
596.994
597.195
597.395
597.595
597.796
597.996
598.196
598.397
598.597
598.797
598.998
599.198
599.398
599.599
599.799
599.999
600.199
600.4
600.6
600.8
601.001
601.201
601.401
601.602
601.802
602.002
602.203
602.403
602.603
602.804
603.004
603.204
603.405
603.605
603.805
604.006
604.206
604.406
604.607
604.807
605.007
605.207
605.408
605.608
605.808
606.009
606.209
606.409
606.61
606.81
607.01
607.211
607.411
607.611
607.812
608.012
608.212
608.413
608.613
608.813
609.014
609.214
609.414
609.615
609.815
610.015
610.216
610.416
610.616
610.817
611.017
611.217
611.418
611.618
611.818
612.019
612.219
612.419
612.62
612.82
613.02
613.221
613.421
613.621
613.821
614.022
614.222
614.422
614.623
614.823
615.023
615.224
615.424
615.624
615.825
616.025
616.225
616.426
616.626
616.826
617.027
617.227
617.427
617.628
617.828
618.028
618.229
618.429
618.629
618.83
619.03
619.23
619.431
619.631
619.831
620.032
620.232
620.432
620.632
620.833
621.033
621.233
621.434
621.634
621.834
622.035
622.235
622.435
622.636
622.836
623.036
623.237
623.437
623.637
623.838
624.038
624.238
624.439
624.639
624.839
625.04
625.24
625.44
625.641
625.841
626.041
626.242
626.442
626.642
626.843
627.043
627.243
627.444
627.644
627.844
628.045
628.245
628.445
628.646
628.846
629.046
629.247
629.447
629.647
629.848
630.048
630.248
630.449
630.649
630.849
631.05
631.25
631.45
631.651
631.851
632.051
632.252
632.452
632.66
632.861
633.061
633.261
633.462
633.662
633.862
634.063
634.263
634.463
634.664
634.864
635.064
635.265
635.465
635.665
635.866
636.066
636.266
636.467
636.667
636.867
637.067
637.268
637.468
637.668
637.869
638.069
638.269
638.47
638.67
638.87
639.071
639.271
639.471
639.672
639.872
640.072
640.273
640.473
640.673
640.874
641.074
641.274
641.475
641.675
641.875
642.076
642.276
642.476
642.677
642.877
643.077
643.278
643.478
643.678
643.878
644.079
644.279
644.479
644.68
644.88
645.08
645.281
645.481
645.681
645.882
646.082
646.282
646.483
646.683
646.883
647.084
647.284
647.484
647.685
647.885
648.085
648.286
648.486
648.686
648.887
649.087
649.287
649.488
649.688
649.888
650.089
650.289
650.489
650.69
650.89
651.09
651.291
651.491
651.691
651.892
652.092
652.292
652.493
652.693
652.893
653.094
653.294
653.494
653.694
653.895
654.095
654.295
654.496
654.696
654.896
655.097
655.297
655.497
655.698
655.898
656.098
656.299
656.499
656.699
656.9
657.1
657.3
657.501
657.701
657.901
658.102
658.302
658.502
658.703
658.903
659.103
659.304
659.504
659.704
659.907
660.108
660.308
660.508
660.709
660.909
661.109
661.31
661.51
661.71
661.911
662.111
662.311
662.512
662.712
662.912
663.113
663.313
663.513
663.714
663.914
664.114
664.315
664.515
664.715
664.916
665.116
665.316
665.517
665.717
665.917
666.117
666.318
666.518
666.718
666.919
667.119
667.319
667.52
667.72
667.92
668.121
668.321
668.521
668.722
668.922
669.122
669.323
669.523
669.723
669.924
670.124
670.324
670.525
670.725
670.925
671.126
671.326
671.526
671.727
671.927
672.127
672.327
672.528
672.728
672.928
673.129
673.329
673.529
673.73
673.93
674.13
674.331
674.531
674.731
674.932
675.132
675.332
675.533
675.733
675.933
676.134
676.334
676.534
676.735
676.935
677.135
677.336
677.536
677.736
677.937
678.137
678.337
678.538
678.738
678.938
679.139
679.339
679.539
679.74
679.94
680.14
680.34
680.541
680.741
680.941
681.142
681.342
681.542
681.743
681.943
682.143
682.344
682.544
682.744
682.945
683.145
683.345
683.546
683.746
683.946
684.147
684.347
684.547
684.748
684.948
685.148
685.349
685.549
685.749
685.95
686.15
686.35
686.551
686.751
686.951
687.151
687.352
687.552
687.752
687.953
688.153
688.353
688.554
688.754
688.954
689.155
689.355
689.555
689.756
689.956
690.156
690.357
690.557
690.757
690.958
691.158
691.358
691.559
691.759
691.959
692.16
692.36
692.56
692.761
692.961
693.161
693.362
693.562
693.762
693.963
694.163
694.363
694.564
694.764
694.964
695.164
695.365
695.565
695.765
695.966
696.166
696.366
696.567
696.767
696.967
697.168
697.368
697.568
697.769
697.969
698.169
698.37
698.57
698.77
698.971
699.171
699.371
699.572
699.772
699.972
700.173
700.373
700.573
700.774
700.974
701.174
701.375
701.575
701.775
701.975
702.176
702.376
702.576
702.777
702.977
703.177
703.378
703.578
703.778
703.979
704.179
704.379
704.58
704.78
704.98
705.181
705.381
705.581
705.782
705.982
706.182
706.383
706.583
706.783
706.984
707.184
707.384
707.585
707.785
707.985
708.186
708.386
708.586
708.787
708.987
709.187
709.388
709.588
709.788
709.989
710.189
710.389
710.59
710.79
710.99
711.191
711.391
711.591
711.791
711.992
712.192
712.392
712.593
712.793
712.993
713.194
713.394
713.594
713.795
713.995
714.195
714.396
714.596
714.796
714.997
715.197
715.397
715.598
715.798
715.998
716.199
716.399
716.599
716.8
717
717.2
717.401
717.601
717.801
718.002
718.202
718.402
718.603
718.803
719.003
719.204
719.404
719.604
719.805
720.005
720.205
720.406
720.606
720.806
721.007
721.207
721.407
721.608
721.808
722.008
722.209
722.409
722.609
722.81
723.01
723.21
723.411
723.611
723.811
724.011
724.212
724.412
724.612
724.813
725.013
725.213
725.414
725.614
725.814
726.015
726.215
726.415
726.616
726.816
727.016
727.217
727.417
727.617
727.818
728.018
728.218
728.419
728.619
728.819
729.02
729.22
729.42
729.621
729.821
730.021
730.222
730.422
730.622
730.822
731.023
731.223
731.423
731.624
731.824
732.024
732.225
732.425
732.625
732.826
733.026
733.226
733.427
733.627
733.827
734.028
734.228
734.428
734.629
734.829
735.029
735.23
735.43
735.63
735.831
736.031
736.231
736.432
736.632
736.832
737.033
737.233
737.433
737.634
737.834
738.034
738.235
738.435
738.635
738.835
739.036
739.236
739.436
739.637
739.837
740.037
740.238
740.438
740.638
740.839
741.039
741.239
741.44
741.64
741.84
742.041
742.241
742.441
742.642
742.842
743.042
743.243
743.443
743.643
743.844
744.044
744.244
744.445
744.645
744.845
745.046
745.246
745.446
745.647
745.847
746.047
746.248
746.448
746.648
746.848
747.049
747.249
747.449
747.65
747.85
748.05
748.251
748.451
748.651
748.852
749.052
749.252
749.453
749.653
749.853
750.054
750.254
750.454
750.655
750.855
751.055
751.256
751.456
751.656
751.857
752.057
752.257
752.458
752.658
752.858
753.059
753.259
753.459
753.659
753.86
754.06
754.26
754.461
754.661
754.861
755.062
755.262
755.462
755.663
755.863
756.063
756.264
756.464
756.664
756.865
757.065
757.265
757.466
757.666
757.866
758.067
758.267
758.467
758.668
758.868
759.068
759.269
759.469
759.669
759.87
760.07
760.27
760.471
760.671
760.871
761.072
761.272
761.472
761.673
761.873
762.073
762.273
762.474
762.674
762.874
763.075
763.275
763.475
763.676
763.876
764.076
764.277
764.477
764.677
764.878
765.078
765.278
765.479
765.679
765.879
766.08
766.28
766.48
766.681
766.881
767.081
767.282
767.482
767.682
767.883
768.083
768.283
768.484
768.684
768.884
769.085
769.285
769.485
769.686
769.886
770.086
770.287
770.487
770.687
770.888
771.088
771.288
771.489
771.689
771.889
772.09
772.29
772.49
772.691
772.891
773.091
773.292
773.492
773.692
773.892
774.093
774.293
774.493
774.694
774.894
775.094
775.295
775.495
775.695
775.896
776.096
776.296
776.497
776.697
776.897
777.098
777.298
777.498
777.699
777.899
778.099
778.3
778.5
778.7
778.901
779.101
779.301
779.502
779.702
779.902
780.102
780.303
780.503
780.703
780.904
781.104
781.304
781.505
781.705
781.905
782.106
782.306
782.506
782.707
782.907
783.107
783.308
783.508
783.708
783.909
784.109
784.309
784.51
784.71
784.91
785.111
785.311
785.511
785.712
785.912
786.112
786.313
786.513
786.713
786.914
787.114
787.314
787.514
787.715
787.915
788.115
788.316
788.516
788.716
788.917
789.117
789.317
789.518
789.718
789.918
790.119
790.319
790.519
790.72
790.92
791.12
791.321
791.521
791.724
791.925
792.125
792.325
792.526
792.726
792.926
793.127
793.327
793.527
793.728
793.928
794.128
794.329
794.529
794.729
794.93
795.13
795.334
795.535
795.735
795.935
796.136
796.336
796.536
796.737
796.937
797.137
797.338
797.538
797.738
797.939
798.139
798.339
798.54
798.74
798.94
799.141
799.341
799.541
799.742
799.942
800.142
800.343
800.543
800.743
800.944
801.144
801.344
801.545
801.745
801.945
802.146
802.346
802.546
802.746
802.947
803.147
803.347
803.548
803.748
803.948
804.149
804.349
804.57
804.77
804.971
805.171
805.371
805.572
805.772
805.972
806.173
806.373
806.573
806.774
806.974
807.174
807.375
807.575
807.775
807.976
808.176
808.376
808.577
808.777
808.977
809.178
809.378
809.578
809.779
809.979
810.179
810.38
810.58
810.78
810.981
811.181
811.381
811.582
811.782
811.982
812.183
812.383
812.583
812.784
812.984
813.184
813.384
813.585
813.785
813.985
814.186
814.386
814.586
814.787
814.987
815.187
815.388
815.588
815.788
815.989
816.189
816.389
816.59
816.79
816.99
817.191
817.391
817.591
817.792
817.992
818.192
818.393
818.593
818.793
818.994
819.203
819.404
819.604
819.804
820.005
820.205
820.405
820.606
820.806
821.006
821.208
821.409
821.609
821.809
822.01
822.21
822.41
822.611
822.811
823.011
823.212
823.412
823.612
823.813
824.013
824.213
824.414
824.614
824.814
825.015
825.215
825.415
825.616
825.816
826.016
826.217
826.417
826.617
826.818
827.018
827.218
827.419
827.619
827.819
828.02
828.22
828.42
828.62
828.821
829.021
829.221
829.422
829.622
829.822
830.023
830.223
830.423
830.624
830.824
831.024
831.225
831.425
831.625
831.826
832.026
832.226
832.427
832.627
832.827
833.028
833.228
833.428
833.629
833.829
834.029
834.23
834.43
834.63
834.831
835.031
835.231
835.432
835.632
835.832
836.033
836.233
836.433
836.634
836.834
837.034
837.235
837.435
837.635
837.836
838.036
838.236
838.437
838.637
838.837
839.038
839.238
839.438
839.639
839.839
840.039
840.24
840.44
840.64
840.84
841.041
841.241
841.441
841.642
841.842
842.042
842.243
842.443
842.643
842.844
843.044
843.244
843.445
843.645
843.845
844.046
844.246
844.446
844.647
844.847
845.047
845.248
845.448
845.648
845.849
846.049
846.249
846.45
846.65
846.85
847.051
847.251
847.451
847.652
847.852
848.052
848.252
848.453
848.653
848.853
849.054
849.254
849.454
849.655
849.855
850.055
850.256
850.456
850.656
850.857
851.057
851.257
851.458
851.658
851.858
852.059
852.259
852.462
852.663
852.863
853.063
853.264
853.464
853.664
853.865
854.065
854.265
854.466
854.666
854.866
855.067
855.267
855.467
855.668
855.868
856.068
856.269
856.469
856.669
856.87
857.07
857.27
857.471
857.671
857.871
858.072
858.272
858.472
858.672
858.873
859.073
859.273
859.474
859.674
859.874
860.075
860.275
860.475
860.676
860.876
861.076
861.277
861.477
861.677
861.878
862.078
862.278
862.479
862.679
862.879
863.08
863.28
863.48
863.681
863.881
864.081
864.282
864.482
864.682
864.883
865.083
865.283
865.483
865.684
865.884
866.084
866.285
866.485
866.685
866.886
867.086
867.286
867.487
867.687
867.887
868.088
868.288
868.488
868.689
868.889
869.089
869.29
869.49
869.69
869.891
870.091
870.291
870.492
870.692
870.892
871.093
871.293
871.493
871.694
871.894
872.094
872.295
872.495
872.695
872.896
873.096
873.296
873.497
873.697
873.897
874.098
874.298
874.498
874.698
874.899
875.099
875.299
875.5
875.7
875.9
876.101
876.301
876.501
876.702
876.902
877.102
877.303
877.503
877.703
877.904
878.104
878.304
878.505
878.705
878.905
879.106
879.306
879.506
879.707
879.907
880.107
880.308
880.508
880.708
880.909
881.109
881.309
881.51
881.71
881.91
882.111
882.311
882.511
882.722
882.923
883.123
883.323
883.524
883.724
883.924
884.125
884.325
884.525
884.726
884.926
885.126
885.327
885.527
885.727
885.928
886.128
886.328
886.529
886.729
886.929
887.13
887.33
887.53
887.731
887.931
888.131
888.332
888.532
888.732
888.932
889.133
889.333
889.533
889.734
889.934
890.134
890.335
890.535
890.735
890.936
891.136
891.336
891.537
891.737
891.937
892.138
892.338
892.538
892.739
892.939
893.139
893.34
893.54
893.74
893.941
894.141
894.341
894.542
894.742
894.942
895.143
895.343
895.543
895.744
895.944
896.144
896.345
896.545
896.745
896.946
897.146
897.346
897.547
897.747
897.947
898.148
898.348
898.548
898.749
898.949
899.149
899.35
899.55
899.75
899.951
900.151
900.351
900.551
900.752
900.952
901.152
901.353
901.553
901.753
901.954
902.154
902.354
902.555
902.755
902.955
903.156
903.356
903.556
903.757
903.957
904.157
904.358
904.558
904.758
904.959
905.159
905.359
905.56
905.76
905.96
906.16
906.361
906.561
906.761
906.962
907.162
907.362
907.563
907.763
907.963
908.164
908.364
908.564
908.765
908.965
909.165
909.366
909.566
909.766
909.985
910.195
910.396
910.599
910.8
911
911.2
911.401
911.601
911.801
912.002
912.202
912.402
912.603
912.803
913.003
913.204
913.404
913.604
913.805
914.005
914.205
914.406
914.606
914.806
915.006
915.207
915.407
915.607
915.808
916.008
916.208
916.409
916.609
916.809
917.01
917.21
917.41
917.611
917.811
918.011
918.212
918.412
918.612
918.813
919.013
919.213
919.414
919.614
919.814
920.015
920.215
920.415
920.616
920.816
921.016
921.216
921.417
921.617
921.817
922.018
922.218
922.418
922.619
922.819
923.019
923.22
923.42
923.62
923.821
924.021
924.221
924.422
924.622
924.822
925.023
925.223
925.423
925.624
925.824
926.024
926.225
926.425
926.625
926.826
927.026
927.226
927.427
927.627
927.827
928.028
928.228
928.428
928.629
928.829
929.029
929.23
929.43
929.63
929.83
930.031
930.231
930.431
930.632
930.832
931.032
931.233
931.433
931.633
931.834
932.034
932.234
932.435
932.635
932.835
933.036
933.236
933.436
933.637
933.837
934.037
934.238
934.438
934.638
934.839
935.039
935.239
935.44
935.64
935.84
936.041
936.241
936.441
936.642
936.842
937.042
937.243
937.443
937.643
937.844
938.044
938.244
938.445
938.645
938.845
939.045
939.246
939.446
939.646
939.847
940.047
940.247
940.448
940.648
940.848
941.049
941.249
941.449
941.65
941.85
942.05
942.251
942.451
942.651
942.852
943.052
943.252
943.453
943.653
943.853
944.054
944.254
944.454
944.655
944.855
945.055
945.256
945.456
945.656
945.857
946.057
946.257
946.458
946.658
946.858
947.059
947.259
947.459
947.66
947.86
948.06
948.261
948.461
948.661
948.862
949.062
949.262
949.463
949.663
949.863
950.064
950.264
950.464
950.665
950.865
951.065
951.266
951.466
951.666
951.867
952.067
952.267
952.468
952.668
952.868
953.075
953.275
953.475
953.676
953.876
954.076
954.277
954.477
954.677
954.878
955.078
955.278
955.479
955.679
955.879
956.08
956.28
956.48
956.681
956.881
957.081
957.282
957.482
957.682
957.883
958.083
958.283
958.484
958.684
958.884
959.085
959.285
959.485
959.686
959.886
960.086
960.287
960.487
960.687
960.888
961.088
961.288
961.489
961.689
961.889
962.09
962.29
962.49
962.691
962.891
963.091
963.292
963.492
963.692
963.893
964.093
964.293
964.494
964.694
964.894
965.095
965.295
965.495
965.695
965.896
966.096
966.296
966.497
966.697
966.897
967.098
967.298
967.498
967.699
967.899
968.099
968.3
968.5
968.7
968.901
969.101
969.301
969.502
969.702
969.902
970.103
970.303
970.503
970.704
970.904
971.104
971.305
971.505
971.705
971.906
972.106
972.306
972.507
972.707
972.907
973.108
973.308
973.508
973.709
973.909
974.109
974.31
974.51
974.71
974.91
975.111
975.311
975.511
975.712
975.912
976.112
976.313
976.513
976.713
976.914
977.114
977.314
977.515
977.715
977.915
978.116
978.316
978.516
978.717
978.917
979.117
979.318
979.518
979.718
979.919
980.119
980.319
980.52
980.72
980.92
981.121
981.321
981.521
981.722
981.922
982.122
982.322
982.523
982.723
982.923
983.124
983.324
983.524
983.725
983.925
984.125
984.326
984.526
984.726
984.927
985.127
985.327
985.528
985.728
985.928
986.129
986.329
986.529
986.73
986.93
987.13
987.331
987.531
987.731
987.932
988.132
988.332
988.533
988.733
988.933
989.134
989.334
989.534
989.735
989.935
990.135
990.336
990.536
990.736
990.937
991.137
991.337
991.538
991.738
991.938
992.139
992.339
992.539
992.74
992.94
993.14
993.341
993.541
993.741
993.942
994.142
994.342
994.543
994.743
994.943
995.144
995.344
995.544
995.744
995.945
996.145
996.345
996.546
996.746
996.946
997.147
997.347
997.547
997.748
997.948
998.148
998.349
998.549
998.749
998.95
999.15
999.35
999.551
999.751
999.951
1000.15
1000.35
1000.55
1000.75
1000.95
1001.15
1001.36
1001.56
1001.76
1001.96
1002.16
1002.36
1002.56
1002.76
1002.96
1003.16
1003.36
1003.56
1003.76
1003.96
1004.16
1004.36
1004.56
1004.76
1004.96
1005.16
1005.36
1005.56
1005.76
1005.96
1006.16
1006.36
1006.56
1006.76
1006.96
1007.16
1007.37
1007.57
1007.77
1007.97
1008.17
1008.37
1008.57
1008.77
1008.97
1009.17
1009.37
1009.57
1009.77
1009.97
1010.17
1010.37
1010.57
1010.77
1010.97
1011.17
1011.37
1011.57
1011.77
1011.97
1012.17
1012.37
1012.57
1012.77
1012.97
1013.17
1013.37
1013.57
1013.77
1013.98
1014.18
1014.38
1014.58
1014.78
1014.98
1015.18
1015.38
1015.58
1015.78
1015.98
1016.18
1016.38
1016.58
1016.78
1016.98
1017.18
1017.38
1017.58
1017.78
1017.98
1018.18
1018.38
1018.58
1018.78
1018.98
1019.18
1019.38
1019.58
1019.78
1019.98
1020.18
1020.38
1020.59
1020.79
1020.99
1021.19
1021.39
1021.59
1021.79
1021.99
1022.19
1022.39
1022.59
1022.79
1022.99
1023.19
1023.39
1023.59
1023.79
1023.99
1024.19
1024.39
1024.59
1024.79
1024.99
1025.19
1025.39
1025.59
1025.79
1025.99
1026.19
1026.39
1026.59
1026.79
1027
1027.2
1027.4
1027.6
1027.8
1028
1028.2
1028.4
1028.6
1028.8
1029
1029.2
1029.4
1029.6
1029.8
1030
1030.2
1030.4
1030.6
1030.8
1031
1031.2
1031.4
1031.6
1031.8
1032
1032.2
1032.4
1032.6
1032.8
1033
1033.2
1033.4
1033.61
1033.81
1034.01
1034.21
1034.41
1034.61
1034.81
1035.01
1035.21
1035.41
1035.61
1035.81
1036.01
1036.21
1036.41
1036.61
1036.81
1037.01
1037.21
1037.41
1037.61
1037.81
1038.01
1038.21
1038.41
1038.61
1038.81
1039.01
1039.21
1039.41
1039.61
1039.81
1040.02
1040.22
1040.42
1040.62
1040.82
1041.02
1041.22
1041.42
1041.62
1041.82
1042.02
1042.22
1042.42
1042.62
1042.82
1043.02
1043.22
1043.42
1043.62
1043.82
1044.02
1044.22
1044.42
1044.62
1044.82
1045.02
1045.22
1045.42
1045.62
1045.82
1046.03
1046.23
1046.43
1046.63
1046.83
1047.03
1047.23
1047.43
1047.63
1047.83
1048.03
1048.23
1048.43
1048.63
1048.83
1049.03
1049.23
1049.43
1049.63
1049.83
1050.03
1050.23
1050.43
1050.63
1050.83
1051.03
1051.23
1051.43
1051.63
1051.83
1052.04
1052.24
1052.44
1052.64
1052.84
1053.04
1053.24
1053.44
1053.64
1053.84
1054.04
1054.24
1054.44
1054.64
1054.84
1055.04
1055.24
1055.44
1055.64
1055.84
1056.04
1056.24
1056.44
1056.64
1056.84
1057.04
1057.24
1057.44
1057.64
1057.85
1058.05
1058.25
1058.45
1058.65
1058.85
1059.05
1059.25
1059.45
1059.65
1059.85
1060.05
1060.25
1060.45
1060.65
1060.85
1061.05
1061.25
1061.45
1061.65
1061.85
1062.05
1062.25
1062.45
1062.65
1062.85
1063.05
1063.25
1063.45
1063.65
1063.85
1064.05
1064.26
1064.46
1064.66
1064.86
1065.06
1065.26
1065.46
1065.66
1065.86
