0.0259678
0.0513709
0.0766599
0.101941
0.127232
0.152532
0.177814
0.203089
0.228359
0.253626
0.27889
0.304152
0.329429
0.354706
0.379996
0.405276
0.430556
0.455884
0.48118
0.506491
0.531798
0.557099
0.582381
0.607674
0.63296
0.658237
0.683506
0.708787
0.734087
0.75938
0.784683
0.809995
0.835303
0.860612
0.885928
0.911258
0.936581
0.961905
0.98723
1.01258
1.03791
1.06324
1.08858
1.11391
1.13922
1.16454
1.18985
1.21517
1.24049
1.26588
1.29126
1.31662
1.34197
1.36732
1.39266
1.418
1.44332
1.46863
1.49393
1.51924
1.54456
1.56987
1.59518
1.62048
1.64578
1.67108
1.6964
1.72171
1.74701
1.77232
1.79767
1.823
1.84832
1.87363
1.89894
1.92425
1.94954
1.97487
2.00017
2.02547
2.05076
2.07604
2.10134
2.12665
2.15196
2.17725
2.20255
2.22784
2.25314
2.27843
2.30376
2.32906
2.35435
2.37966
2.40498
2.4303
2.45562
2.48094
2.50624
2.53156
2.55688
2.5822
2.60752
2.63286
2.65819
2.68349
2.70883
2.73418
2.75952
2.78487
2.81021
2.83556
2.8609
2.88623
2.91157
2.93691
2.96226
2.98765
3.01301
3.03836
3.06371
3.08904
3.11437
3.13973
3.16507
3.1904
3.21575
3.24109
3.26646
3.29183
3.31718
3.34252
3.36785
3.39319
3.41854
3.44388
3.46922
3.49455
3.5199
3.54523
3.57057
3.59591
3.62126
3.64662
3.67197
3.69734
3.72268
3.74804
3.77339
3.79872
3.82408
3.84942
3.87478
3.90015
3.92551
3.95085
3.97618
4.00152
4.02687
4.05221
4.07754
4.10287
4.1282
4.15354
4.17893
4.20429
4.22962
4.25496
4.28031
4.30564
4.33097
4.3563
4.38163
4.40696
4.43232
4.45766
4.483
4.50834
4.53367
4.55901
4.58434
4.60968
4.63502
4.66037
4.68573
4.71107
4.73641
4.76176
4.7871
4.81245
4.8378
4.86315
4.88848
4.91382
4.93916
4.96451
4.98984
5.01517
5.04051
5.06583
5.09115
5.11649
5.14182
5.16716
5.19247
5.2178
5.24314
5.26849
5.29382
5.31916
5.34451
5.3699
5.39525
5.42058
5.44592
5.47126
5.49661
5.52195
5.54729
5.57262
5.59796
5.62332
5.64867
5.674
5.69934
5.72469
5.75002
5.77538
5.80072
5.82606
5.85142
5.87678
5.90217
5.92751
5.95285
5.97821
6.00357
6.02897
6.05438
6.07973
6.10511
6.1305
6.15584
6.18119
6.20653
6.23188
6.25721
6.28257
6.30793
6.33328
6.35858
6.38392
6.40925
6.43457
6.45992
6.48526
6.51057
6.5359
6.56122
6.58657
6.61192
6.63728
6.66263
6.68795
6.71329
6.73863
6.76396
6.7893
6.81464
6.83998
6.86533
6.89067
6.916
6.94134
6.96668
6.99203
7.01738
7.04273
7.06808
7.09342
7.11876
7.14412
7.16947
7.19482
7.22017
7.24551
7.27085
7.29619
7.32153
7.34686
7.37221
7.39755
7.42289
7.44823
7.47357
7.49891
7.52429
7.54963
7.57497
7.60033
7.62565
7.651
7.67635
7.70167
7.72698
7.75229
7.77761
7.80293
7.82825
7.85358
7.8789
7.90423
7.92957
7.95491
7.98025
8.00558
8.03093
8.05625
8.08158
8.10691
8.13231
8.1577
8.1831
8.20848
8.23384
8.25918
8.28452
8.30986
8.3352
8.36057
8.38591
8.41125
8.43659
8.46197
8.48735
8.51282
8.53839
8.56381
8.58915
8.6145
8.63983
8.66517
8.6905
8.71583
8.74117
8.76652
8.79186
8.8172
8.84254
8.86789
8.89324
8.91858
8.94392
8.96927
8.99457
9.01993
9.0453
9.07063
9.09595
9.12129
9.14663
9.17197
9.19731
9.22264
9.24797
9.27331
9.29866
9.324
9.34936
9.37473
9.40006
9.42537
9.45069
9.47603
9.50138
9.5267
9.55204
9.57737
9.60272
9.62805
9.65339
9.67874
9.70409
9.72943
9.75477
9.7801
9.80544
9.83079
9.85614
9.88149
9.90686
9.9322
9.95755
9.98289
10.0082
10.0336
10.0589
10.0842
10.1096
10.1349
10.1602
10.1855
10.2109
10.2362
10.2615
10.2868
10.3122
10.3375
10.3628
10.3882
10.4135
10.4389
10.4642
10.4896
10.515
10.5404
10.5657
10.5911
10.6164
10.6417
10.6671
10.6924
10.7178
10.7432
10.7685
10.7938
10.8191
10.8445
10.8698
10.8951
10.9204
10.9458
10.9711
10.9965
11.0218
11.0472
11.0725
11.0978
11.1232
11.1485
11.1739
11.1992
11.2245
11.2498
11.2752
11.3005
11.3259
11.3512
11.3765
11.4019
11.4272
11.4526
11.4779
11.5032
11.5286
11.5539
11.5792
11.6045
11.6299
11.6552
11.6806
11.7059
11.7312
11.7566
11.7819
11.8073
11.8326
11.858
11.8833
11.9087
11.934
11.9593
11.9847
12.01
12.0354
12.0607
12.086
12.1114
12.1367
12.1621
12.1874
12.2128
12.2381
12.2635
12.2888
12.3141
12.3395
12.3648
12.3902
12.4155
12.4409
12.4662
12.4915
12.5169
12.5422
12.5676
12.5929
12.6182
12.6436
12.6689
12.6943
12.7196
12.7449
12.7702
12.7956
12.8209
12.8462
12.8715
12.8968
12.9221
12.9475
12.9728
12.9981
13.0234
13.0488
13.0741
13.0995
13.1248
13.1501
13.1755
13.2008
13.2261
13.2515
13.2768
13.3021
13.3274
13.3528
13.3781
13.4034
13.4288
13.4541
13.4794
13.5047
13.5301
13.5554
13.5807
13.6061
13.6314
13.6567
13.6821
13.7075
13.7328
13.7581
13.7835
13.8089
13.8342
13.8596
13.8849
13.9102
13.9356
13.9609
13.9862
14.0116
14.0369
14.0622
14.0876
14.1129
14.1382
14.1635
14.1889
14.2142
14.2395
14.2649
14.2902
14.3156
14.3409
14.3662
14.3916
14.4169
14.4422
14.4676
14.4929
14.5182
14.5436
14.5689
14.5943
14.6196
14.6449
14.6703
14.6956
14.721
14.7463
14.7716
14.797
14.8223
14.8476
14.873
14.8983
14.9237
14.949
14.9744
14.9997
15.025
15.0504
15.0757
15.101
15.1264
15.1517
15.1771
15.2024
15.2277
15.2531
15.2784
15.3037
15.3291
15.3544
15.3797
15.405
15.4303
15.4557
15.481
15.5063
15.5317
15.5571
15.5824
15.6077
15.633
15.6584
15.6837
15.7091
15.7344
15.7598
15.7851
15.8105
15.8358
15.8612
15.8865
15.9119
15.9372
15.9626
15.9879
16.0133
16.0386
16.0639
16.0892
16.1146
16.1399
16.1652
16.1906
16.2159
16.2413
16.2666
16.2919
16.3173
16.3426
16.3679
16.3932
16.4186
16.4439
16.4693
16.4946
16.5199
16.5453
16.5706
16.596
16.6213
16.6467
16.672
16.6974
16.7227
16.7481
16.7734
16.7987
16.8241
16.8494
16.8748
16.9001
16.9254
16.9508
16.9761
17.0014
17.0268
17.0521
17.0775
17.1028
17.1282
17.1535
17.1788
17.2042
17.2295
17.2548
17.2802
17.3055
17.3308
17.3561
17.3815
17.4068
17.4322
17.4575
17.4828
17.5082
17.5335
17.5589
17.5842
17.6095
17.6349
17.6602
17.6855
17.7108
17.7361
17.7614
17.7868
17.8121
17.8374
17.8627
17.888
17.9133
17.9386
17.964
17.9893
18.0146
18.0399
18.0652
18.0906
18.116
18.1414
18.1668
18.1921
18.2175
18.2428
18.2682
18.2935
18.3189
18.3442
18.3696
18.3949
18.4203
18.4456
18.471
18.4963
18.5217
18.547
18.5724
18.5977
18.6231
18.6485
18.6738
18.6991
18.7245
18.7498
18.7752
18.8005
18.8258
18.8512
18.8765
18.9019
18.9273
18.9526
18.978
19.0033
19.0286
19.054
19.0793
19.1047
19.13
19.1554
19.1807
19.2061
19.2314
19.2567
19.2821
19.3074
19.3328
19.3581
19.3834
19.4088
19.4341
19.4594
19.4848
19.5101
19.5354
19.5608
19.5861
19.6115
19.6368
19.6621
19.6875
19.7128
19.7382
19.7635
19.7889
19.8142
19.8396
19.8649
19.8902
19.9156
19.9409
19.9662
19.9916
20.0169
20.0423
20.0676
20.093
20.1183
20.1436
20.1689
20.1943
20.2196
20.2449
20.2703
20.2956
20.321
20.3463
20.3717
20.397
20.4223
20.4476
20.4729
20.4982
20.5236
20.5489
20.5742
20.5996
20.6249
20.6502
20.6756
20.7009
20.7263
20.7518
20.7771
20.8025
20.8278
20.8532
20.8785
20.9039
20.9292
20.9545
20.9799
21.0053
21.0306
21.0559
21.0813
21.1066
21.1319
21.1573
21.1828
21.2082
21.2335
21.2588
21.2842
21.3096
21.3349
21.3603
21.3856
21.411
21.4363
21.4617
21.487
21.5123
21.5377
21.563
21.5884
21.6137
21.639
21.6644
21.6897
21.715
21.7404
21.7657
21.791
21.8164
21.8418
21.8672
21.8925
21.9179
21.9432
21.9686
21.9939
22.0193
22.0446
22.07
22.0953
22.1207
22.146
22.1714
22.1967
22.2221
22.2474
22.2728
22.2981
22.3235
22.3488
22.3742
22.3995
22.4249
22.4502
22.4755
22.5009
22.5263
22.5517
22.5771
22.6025
22.6279
22.6533
22.6786
22.7039
22.7292
22.7546
22.7799
22.8053
22.8306
22.8559
22.8812
22.9066
22.9319
22.9572
22.9828
23.0081
23.0333
23.0586
23.084
23.1093
23.1347
23.16
23.1853
23.2107
23.236
23.2614
23.2867
23.312
23.3374
23.3627
23.388
23.4134
23.4387
23.464
23.4894
23.5147
23.5401
23.5654
23.5907
23.6161
23.6414
23.6667
23.6921
23.7174
23.7427
23.768
23.7933
23.8186
23.844
23.8693
23.8946
23.9199
23.9452
23.9706
23.9959
24.0212
24.0465
24.0718
24.0971
24.1224
24.1478
24.1731
24.1984
24.2237
24.2491
24.2744
24.2997
24.325
24.3503
24.3756
24.4009
24.4263
24.4516
24.4769
24.5022
24.5275
24.5528
24.5782
24.6035
24.6288
24.6541
24.6794
24.7048
24.7301
24.7554
24.7807
24.806
24.8314
24.8567
24.882
24.9073
24.9326
24.9579
24.9833
25.0086
25.0339
25.0592
25.0846
25.1099
25.1352
25.1606
25.1859
25.2113
25.2366
25.2619
25.2873
25.3126
25.3379
25.3632
25.3885
25.4139
25.4392
25.4645
25.4898
25.515
25.5403
25.5657
25.591
25.6163
25.6417
25.667
25.6923
25.7177
25.743
25.7683
25.7937
25.819
25.8443
25.8697
25.895
25.9203
25.9456
25.9709
25.9963
26.0216
26.0469
26.0722
26.0975
26.1228
26.1481
26.1735
26.1987
26.224
26.2494
26.2746
26.2999
26.3252
26.3506
26.3759
26.4012
26.4264
26.4517
26.477
26.5024
26.5277
26.553
26.5783
26.6036
26.6289
26.6543
26.6796
26.7049
26.7302
26.7555
26.7808
26.8062
26.8315
26.8568
26.8821
26.9074
26.9328
26.9581
26.9834
27.0088
27.034
27.0594
27.0847
27.11
27.1354
27.1607
27.186
27.2114
27.2367
27.262
27.2873
27.3126
27.338
27.3633
27.3886
27.414
27.4394
27.4647
27.4901
27.5154
27.5408
27.5661
27.5914
27.6168
27.6421
27.6675
27.6928
27.7181
27.7434
27.7687
27.794
27.8193
27.8446
27.87
27.8953
27.9206
27.9459
27.9712
27.9965
28.0218
28.0471
28.0724
28.0978
28.1231
28.1484
28.1737
28.1991
28.2244
28.2497
28.2751
28.3004
28.3257
28.3511
28.3765
28.4018
28.4272
28.4525
28.4778
28.5032
28.5285
28.5538
28.5792
28.6046
28.6299
28.6553
28.6806
28.706
28.7313
28.7567
28.782
28.8073
28.8327
28.858
28.8834
28.9087
28.9341
28.9594
28.9847
29.0101
29.0354
29.0607
29.0861
29.1114
29.1368
29.1621
29.1874
29.2128
29.2381
29.2634
29.2888
29.3141
29.3394
29.3648
29.3901
29.4154
29.4408
29.4661
29.4915
29.5168
29.5421
29.5674
29.5927
29.6181
29.6434
29.6687
29.694
29.7193
29.7447
29.77
29.7953
29.8207
29.846
29.8713
29.8967
29.922
29.9473
29.9726
29.998
30.0233
30.0486
30.0739
30.0993
30.1246
30.1499
30.1752
30.2006
30.2259
30.2512
30.2765
30.3019
30.3272
30.3525
30.3778
30.4032
30.4285
30.4538
30.4791
30.5044
30.5297
30.555
30.5804
30.6057
30.631
30.6564
30.6817
30.7071
30.7324
30.7578
30.7832
30.8085
30.8338
30.8592
30.8845
30.9099
30.9352
30.9605
30.9859
31.0112
31.0366
31.0619
31.0873
31.1126
31.138
31.1633
31.1887
31.214
31.2393
31.2647
31.29
31.3154
31.3407
31.3661
31.3914
31.4167
31.4421
31.4675
31.4929
31.5182
31.5435
31.5689
31.5942
31.6196
31.6449
31.6703
31.6956
31.7209
31.7463
31.7716
31.7969
31.8223
31.8476
31.873
31.8983
31.9237
31.949
31.9744
31.9998
32.0251
32.0504
32.0758
32.1011
32.1264
32.1518
32.1771
32.2024
32.2278
32.2531
32.2785
32.3038
32.3291
32.3544
32.3798
32.4051
32.4304
32.4557
32.4811
32.5064
32.5318
32.5571
32.5825
32.6078
32.6331
32.6585
32.6838
32.7092
32.7345
32.7598
32.7852
32.8105
32.8358
32.8611
32.8864
32.9118
32.9371
32.9624
32.9877
33.013
33.0383
33.0637
33.089
33.1143
33.1397
33.165
33.1904
33.2157
33.2411
33.2664
33.2917
33.3171
33.3424
33.3678
33.3931
33.4185
33.4438
33.4692
33.4945
33.5199
33.5452
33.5705
33.5959
33.6213
33.6466
33.6719
33.6973
33.7226
33.7479
33.7733
33.7986
33.8239
33.8492
33.8746
33.8999
33.9253
33.9506
33.9759
34.0012
34.0265
34.0519
34.0772
34.1026
34.1279
34.1533
34.1786
34.2039
34.2292
34.2546
34.2799
34.3052
34.3306
34.3559
34.3812
34.4065
34.4318
34.4572
34.4825
34.5078
34.5331
34.5585
34.5838
34.6091
34.6344
34.6598
34.6851
34.7104
34.7357
34.761
34.7863
34.8116
34.837
34.8623
34.8877
34.913
34.9383
34.9637
34.989
35.0144
35.0397
35.0651
35.0904
35.1158
35.1411
35.1665
35.1918
35.2172
35.2426
35.2679
35.2932
35.3186
35.344
35.3694
35.3947
35.42
35.4454
35.4707
35.496
35.5213
35.5466
35.572
35.5973
35.6226
35.648
35.6733
35.6986
35.7239
35.7492
35.7746
35.7999
35.8253
35.8506
35.8759
35.9013
35.9266
35.9519
35.9772
36.0026
36.0279
36.0532
36.0786
36.1039
36.1292
36.1545
36.1798
36.2051
36.2304
36.2557
36.2809
36.3062
36.3315
36.3569
36.3822
36.4075
36.4328
36.4581
36.4835
36.5088
36.5341
36.5595
36.5848
36.6101
36.6354
36.6608
36.6861
36.7114
36.7367
36.762
36.7874
36.8127
36.838
36.8634
36.8887
36.914
36.9393
36.9647
36.99
37.0153
37.0406
37.0659
37.0912
37.1166
37.1419
37.1672
37.1926
37.2179
37.2433
37.2686
37.294
37.3193
37.3446
37.37
37.3954
37.4207
37.4461
37.4714
37.4967
37.5221
37.5474
37.5728
37.5981
37.6234
37.6488
37.6741
37.6994
37.7248
37.7501
37.7754
37.8008
37.8261
37.8514
37.8767
37.9021
37.9274
37.9528
37.9781
38.0035
38.0288
38.0541
38.0795
38.1048
38.1301
38.1555
38.1808
38.2062
38.2315
38.2569
38.2822
38.3075
38.3329
38.3582
38.3836
38.4089
38.4342
38.4596
38.485
38.5103
38.5357
38.561
38.5864
38.6118
38.6372
38.6625
38.6879
38.7132
38.7386
38.7639
38.7892
38.8146
38.8399
38.8652
38.8906
38.9159
38.9412
38.9666
38.9919
39.0173
39.0426
39.0679
39.0933
39.1186
39.1439
39.1693
39.1946
39.2199
39.2452
39.2706
39.2959
39.3212
39.3466
39.3719
39.3972
39.4226
39.4479
39.4732
39.4986
39.5239
39.5492
39.5746
39.5999
39.6253
39.6506
39.6759
39.7012
39.7266
39.7519
39.7772
39.8026
39.8279
39.8533
39.8787
39.904
39.9294
39.9548
39.9801
40.0055
40.0308
40.0561
40.0815
40.1068
40.1322
40.1575
40.1829
40.2082
40.2336
40.2589
40.2842
40.3096
40.3349
40.3603
40.3856
40.411
40.4363
40.4617
40.487
40.5123
40.5377
40.563
40.5883
40.6137
40.639
40.6644
40.6897
40.715
40.7404
40.7657
40.7911
40.8164
40.8417
40.867
40.8924
40.9177
40.943
40.9684
40.9937
41.019
41.0444
41.0697
41.0951
41.1204
41.1458
41.1711
41.1964
41.2218
41.2471
41.2725
41.2978
41.3232
41.3485
41.3739
41.3992
41.4246
41.4499
41.4753
41.5006
41.526
41.5513
41.5766
41.602
41.6273
41.6527
41.6781
41.7034
41.7288
41.7541
41.7794
41.8048
41.8301
41.8555
41.8809
41.9062
41.9316
41.9569
41.9822
42.0076
42.033
42.0583
42.0837
42.109
42.1343
42.1597
42.185
42.2104
42.2357
42.261
42.2864
42.3117
42.3371
42.3624
42.3878
42.4131
42.4384
42.4638
42.4891
42.5145
42.5398
42.5652
42.5905
42.6159
42.6412
42.6666
42.6919
42.7172
42.7426
42.7679
42.7933
42.8186
42.8439
42.8692
42.8946
42.9199
42.9452
42.9706
42.9959
43.0212
43.0465
43.0719
43.0972
43.1225
43.1478
43.1731
43.1985
43.2238
43.2491
43.2745
43.2999
43.3252
43.3505
43.3759
43.4012
43.4265
43.4519
43.4772
43.5025
43.5278
43.5531
43.5785
43.6038
43.6292
43.6546
43.68
43.7053
43.7306
43.756
43.7814
43.8068
43.8321
43.8575
43.8828
43.9081
43.9335
43.9588
43.9841
44.0094
44.0347
44.06
44.0854
44.1107
44.136
44.1614
44.1867
44.2121
44.2375
44.2628
44.2882
44.3135
44.3389
44.3642
44.3895
44.4149
44.4402
44.4655
44.4909
44.5162
44.5415
44.5669
44.5922
44.6176
44.6429
44.6682
44.6936
44.7189
44.7442
44.7696
44.7949
44.8202
44.8455
44.8709
44.8963
44.9216
44.9469
44.9723
44.9976
45.0229
45.0483
45.0736
45.0989
45.1243
45.1496
45.175
45.2003
45.2256
45.2509
45.2763
45.3016
45.3269
45.3523
45.3776
45.403
45.4283
45.4537
45.479
45.5043
45.5297
45.555
45.5803
45.6057
45.631
45.6563
45.6816
45.7069
45.7322
45.7576
45.7829
45.8082
45.8335
45.8588
45.8841
45.9095
45.9348
45.9601
45.9854
46.0107
46.0361
46.0614
46.0867
46.112
46.1374
46.1627
46.1881
46.2135
46.2388
46.2642
46.2896
46.3149
46.3403
46.3658
46.3912
46.4165
46.4419
46.4672
46.4925
46.5178
46.5431
46.5685
46.5938
46.6192
46.6445
46.6699
46.6952
46.7205
46.7459
46.7712
46.7966
46.8219
46.8472
46.8726
46.8979
46.9232
46.9486
46.9739
46.9993
47.0246
47.0499
47.0753
47.1006
47.1259
47.1513
47.1766
47.202
47.2273
47.2526
47.278
47.3033
47.3286
47.354
47.3793
47.4046
47.43
47.4553
47.4806
47.506
47.5313
47.5566
47.582
47.6073
47.6326
47.658
47.6833
47.7086
47.734
47.7593
47.7846
47.8099
47.8352
47.8606
47.8859
47.9113
47.9366
47.962
47.9873
48.0127
48.038
48.0633
48.0886
48.114
48.1393
48.1646
48.19
48.2153
48.2406
48.2659
48.2913
48.3166
48.3419
48.3672
48.3926
48.4179
48.4432
48.4686
48.494
48.5193
48.5447
48.57
48.5953
48.6207
48.646
48.6714
48.6967
48.7221
48.7474
48.7727
48.7981
48.8234
48.8488
48.8741
48.8995
48.9248
48.9502
48.9755
49.0009
49.0262
49.0516
49.0769
49.1023
49.1276
49.153
49.1783
49.2036
49.229
49.2543
49.2797
49.305
49.3304
49.3557
49.3811
49.4064
49.4318
49.4571
49.4825
49.5078
49.5331
49.5585
49.5838
49.6091
49.6344
49.6598
49.6851
49.7105
49.7358
49.7611
49.7865
49.8118
49.8371
49.8625
49.8878
49.9132
49.9385
49.9638
49.9892
50.0145
50.0398
50.0651
50.0905
50.1158
50.1413
50.1666
50.192
50.2173
50.2426
50.268
50.2933
50.3186
50.3439
50.3692
50.3946
50.4199
50.4452
50.4706
50.4959
50.5212
50.5466
50.5719
50.5972
50.6226
50.6479
50.6732
50.6985
50.7238
50.7491
50.7745
50.7998
50.8251
50.8504
50.8758
50.9011
50.9264
50.9517
50.9771
51.0024
51.0277
51.0531
51.0784
51.1037
51.129
51.1544
51.1797
51.2051
51.2304
51.2557
51.2811
51.3064
51.3318
51.3571
51.3824
51.4078
51.4331
51.4584
51.4838
51.5091
51.5345
51.5598
51.5852
51.6105
51.6358
51.6612
51.6865
51.7118
51.7371
51.7625
51.7878
51.8131
51.8385
51.8638
51.8892
51.9145
51.9398
51.9652
51.9905
52.0159
52.0412
52.0666
52.0919
52.1172
52.1426
52.1679
52.1932
52.2186
52.2439
52.2692
52.2946
52.3199
52.3453
52.3706
52.3959
52.4213
52.4467
52.472
52.4974
52.5227
52.548
52.5734
52.5987
52.624
52.6494
52.6748
52.7001
52.7254
52.7508
52.7761
52.8014
52.8268
52.8521
52.8774
52.9027
52.9281
52.9534
52.9787
53.0041
53.0294
53.0547
53.0801
53.1054
53.1308
53.1561
53.1815
53.2068
53.2322
53.2575
53.2828
53.3081
53.3334
53.3587
53.384
53.4094
53.4347
53.46
53.4854
53.5107
53.5361
53.5614
53.5867
53.612
53.6374
53.6627
53.688
53.7134
53.7387
53.7641
53.7895
53.8148
53.8402
53.8655
53.8908
53.9161
53.9415
53.9668
53.9922
54.0175
54.0428
54.0682
54.0935
54.1188
54.1442
54.1695
54.1949
54.2202
54.2456
54.2709
54.2963
54.3216
54.347
54.3723
54.3977
54.423
54.4483
54.4737
54.499
54.5244
54.5497
54.5751
54.6004
54.6257
54.651
54.6764
54.7017
54.727
54.7523
54.7777
54.803
54.8283
54.8536
54.8789
54.9043
54.9296
54.9549
54.9803
55.0056
55.0309
55.0562
55.0815
55.1069
55.1322
55.1576
55.1829
55.2082
55.2336
55.2589
55.2843
55.3096
55.3349
55.3603
55.3857
55.411
55.4363
55.4617
55.487
55.5124
55.5377
55.5631
55.5884
55.6138
55.6391
55.6644
55.6898
55.7151
55.7404
55.7658
55.7911
55.8164
55.8418
55.8671
55.8924
55.9178
55.9431
55.9685
55.9938
56.0191
56.0444
56.0697
56.0951
56.1204
56.1457
56.1711
56.1964
56.2218
56.2471
56.2725
56.2978
56.3232
56.3485
56.3739
56.3992
56.4246
56.4499
56.4753
56.5007
56.526
56.5514
56.5767
56.6021
56.6274
56.6528
56.6781
56.7035
56.7288
56.7541
56.7795
56.8049
56.8302
56.8555
56.8809
56.9062
56.9316
56.9569
56.9823
57.0076
57.033
57.0583
57.0837
57.109
57.1344
57.1597
57.1851
57.2104
57.2358
57.2611
57.2865
57.3118
57.3371
57.3624
57.3878
57.4131
57.4385
57.4638
57.4891
57.5145
57.5398
57.5652
57.5905
57.6158
57.6412
57.6665
57.6918
57.7172
57.7425
57.7678
57.7931
57.8185
57.8438
57.8691
57.8945
57.9198
57.9451
57.9705
57.9958
58.0212
58.0465
58.0721
58.0975
58.1228
58.1481
58.1735
58.1988
58.2241
58.2495
58.2748
58.3002
58.3255
58.3508
58.3762
58.4015
58.4268
58.4521
58.4775
58.5028
58.5282
58.5535
58.5788
58.6042
58.6295
58.6549
58.6802
58.7055
58.7309
58.7562
58.7815
58.8069
58.8322
58.8576
58.8829
58.9083
58.9336
58.9589
58.9843
59.0096
59.035
59.0604
59.0857
59.1111
59.1364
59.1617
59.1871
59.2124
59.2378
59.2631
59.2885
59.3138
59.3392
59.3645
59.3898
59.4152
59.4405
59.4659
59.4912
59.5166
59.5419
59.5673
59.5926
59.618
59.6433
59.6687
59.6941
59.7195
59.7448
59.7702
59.7955
59.8209
59.8462
59.8716
59.8969
59.9223
59.9476
59.973
59.9983
60.0237
60.049
60.0743
60.0996
60.125
60.1503
60.1756
60.201
60.2263
60.2517
60.2771
60.3025
60.3278
60.3532
60.3785
60.4039
60.4292
60.4546
60.4799
60.5052
60.5306
60.5559
60.5813
60.6066
60.6319
60.6573
60.6826
60.708
60.7334
60.7587
60.7841
60.8094
60.8348
60.8601
60.8854
60.9108
60.9361
60.9615
60.9868
61.0122
61.0375
61.0628
61.0882
61.1135
61.1388
61.1642
61.1895
61.2148
61.2401
61.2655
61.2908
61.3161
61.3415
61.3668
61.3921
61.4175
61.4428
61.4682
61.4935
61.5188
61.5442
61.5695
61.5949
61.6202
61.6455
61.6709
61.6962
61.7216
61.7469
61.7722
61.7976
61.8229
61.8482
61.8736
61.8989
61.9242
61.9496
61.9749
62.0003
62.0256
62.051
62.0763
62.1017
62.127
62.1524
62.1777
62.203
62.2284
62.2537
62.279
62.3044
62.3297
62.3551
62.3804
62.4057
62.4311
62.4564
62.4817
62.507
62.5324
62.5577
62.5831
62.6084
62.6337
62.6591
62.6844
62.7097
62.7351
62.7604
62.7857
62.8111
62.8364
62.8617
62.8871
62.9124
62.9377
62.9631
62.9884
63.0138
63.0391
63.0644
63.0898
63.1151
63.1404
63.1658
63.1911
63.2164
63.2418
63.2671
63.2925
63.3178
63.3431
63.3685
63.3938
63.4192
63.4445
63.4698
63.4952
63.5205
63.5459
63.5712
63.5965
63.6219
63.6472
63.6725
63.6979
63.7232
63.7486
63.7739
63.7992
63.8246
63.8499
63.8753
63.9006
63.9259
63.9513
63.9766
64.0019
64.0273
64.0526
64.0779
64.1033
64.1286
64.154
64.1794
64.2048
64.2301
64.2555
64.2808
64.3062
64.3315
64.3569
64.3823
64.4077
64.433
64.4584
64.4837
64.509
64.5344
64.5597
64.585
64.6104
64.6357
64.661
64.6864
64.7117
64.737
64.7624
64.7877
64.8131
64.8384
64.8638
64.8892
64.9146
64.9399
64.9653
64.9906
65.016
65.0413
65.0666
65.092
65.1174
65.1427
65.168
65.1934
65.2187
65.2441
65.2694
65.2948
65.3201
65.3455
65.3708
65.3961
65.4215
65.4468
65.4722
65.4975
65.5229
65.5482
65.5735
65.5989
65.6242
65.6496
65.6749
65.7002
65.7256
65.7509
65.7762
65.8016
65.8269
65.8523
65.8776
65.903
65.9283
65.9537
65.979
66.0044
66.0297
66.055
66.0804
66.1057
66.131
66.1564
66.1817
66.207
66.2324
66.2577
66.283
66.3084
66.3337
66.3591
66.3844
66.4098
66.4352
66.4605
66.4859
66.5112
66.5366
66.5619
66.5872
66.6126
66.6379
66.6633
66.6886
66.7139
66.7393
66.7647
66.79
66.8153
66.8407
66.866
66.8913
66.9167
66.942
66.9674
66.9927
67.0181
67.0434
67.0688
67.0942
67.1196
67.1449
67.1702
67.1956
67.221
67.2464
67.2717
67.2971
67.3224
67.3478
67.3731
67.3985
67.4238
67.4492
67.4746
67.4999
67.5253
67.5506
67.576
67.6013
67.6266
67.652
67.6773
67.7026
67.728
67.7533
67.7786
67.8039
67.8292
67.8546
67.8799
67.9053
67.9306
67.9559
67.9813
68.0066
68.032
68.0573
68.0826
68.1079
68.1333
68.1586
68.1839
68.2093
68.2346
68.2599
68.2852
68.3106
68.3359
68.3612
68.3866
68.4119
68.4372
68.4626
68.4879
68.5132
68.5386
68.5639
68.5893
68.6146
68.64
68.6654
68.6907
68.7161
68.7414
68.7668
68.7921
68.8174
68.8428
68.8681
68.8934
68.9187
68.9441
68.9694
68.9947
69.0201
69.0454
69.0708
69.0961
69.1215
69.1468
69.1722
69.1975
69.2229
69.2482
69.2736
69.2989
69.3243
69.3496
69.3749
69.4003
69.4256
69.451
69.4763
69.5016
69.527
69.5524
69.5777
69.6031
69.6284
69.6537
69.6791
69.7045
69.7298
69.7552
69.7805
69.8059
69.8312
69.8566
69.8819
69.9073
69.9326
69.958
69.9833
70.0086
70.034
70.0593
70.0846
70.11
70.1353
70.1607
70.186
70.2114
70.2367
70.262
70.2874
70.3128
70.3382
70.3636
70.3889
70.4143
70.4396
70.4649
70.4903
70.5156
70.541
70.5663
70.5917
70.617
70.6424
70.6677
70.693
70.7184
70.7437
70.7691
70.7944
70.8198
70.8451
70.8704
70.8958
70.9211
70.9465
70.9718
70.9971
71.0225
71.0478
71.0731
71.0985
71.1238
71.1491
71.1745
71.1998
71.2251
71.2505
71.2758
71.3011
71.3265
71.3518
71.3771
71.4025
71.4278
71.4532
71.4785
71.5039
71.5292
71.5546
71.58
71.6053
71.6306
71.656
71.6813
71.7067
71.732
71.7574
71.7828
71.8081
71.8334
71.8588
71.8841
71.9095
71.9348
71.9602
71.9855
72.0108
72.0361
72.0615
72.0868
72.1121
72.1375
72.1628
72.1882
72.2135
72.2388
72.2642
72.2895
72.3148
72.3402
72.3655
72.3908
72.4162
72.4415
72.4669
72.4922
72.5176
72.5429
72.5683
72.5936
72.619
72.6443
72.6697
72.695
72.7204
72.7458
72.7711
72.7964
72.8218
72.8471
72.8725
72.8978
72.9231
72.9485
72.9738
72.9992
73.0245
73.0499
73.0752
73.1006
73.1259
73.1512
73.1766
73.2019
73.2272
73.2525
73.2779
73.3032
73.3285
73.3539
73.3792
73.4046
73.4299
73.4552
73.4806
73.5059
73.5313
73.5566
73.5819
73.6073
73.6326
73.658
73.6833
73.7086
73.734
73.7593
73.7846
73.8099
73.8353
73.8606
73.8859
73.9113
73.9366
73.962
73.9873
74.0126
74.038
74.0633
74.0887
74.114
74.1393
74.1647
74.1901
74.2154
74.2407
74.2661
74.2915
74.3168
74.3422
74.3675
74.3929
74.4182
74.4436
74.4689
74.4943
74.5196
74.545
74.5703
74.5957
74.621
74.6464
74.6717
74.6971
74.7224
74.7478
74.7731
74.7985
74.8238
74.8491
74.8745
74.8999
74.9252
74.9506
74.9759
75.0012
75.0266
75.0519
75.0773
75.1026
75.128
75.1533
75.1787
75.2041
75.2294
75.2548
75.2801
75.3054
75.3308
75.3561
75.3815
75.4068
75.4321
75.4575
75.4828
75.5081
75.5335
75.5588
75.5842
75.6095
75.6349
75.6602
75.6856
75.7109
75.7362
75.7616
75.7869
75.8123
75.8376
75.863
75.8883
75.9136
75.939
75.9643
75.9897
76.015
76.0403
76.0656
76.091
76.1163
76.1416
76.167
76.1923
76.2175
76.2429
76.2682
76.2935
76.3188
76.3441
76.3694
76.3947
76.42
76.4453
76.4707
76.4961
76.5215
76.5468
76.5721
76.5975
76.6228
76.6482
76.6735
76.6988
76.7242
76.7495
76.7749
76.8002
76.8256
76.8509
76.8763
76.9016
76.927
76.9523
76.9777
77.0031
77.0284
77.0537
77.0791
77.1044
77.1298
77.1551
77.1804
77.2058
77.2311
77.2565
77.2819
77.3072
77.3326
77.3579
77.3833
77.4086
77.4339
77.4593
77.4846
77.5099
77.5353
77.5606
77.5859
77.6112
77.6365
77.6618
77.6872
77.7125
77.7378
77.7631
77.7884
77.8137
77.8391
77.8644
77.8897
77.915
77.9404
77.9657
77.991
78.0164
78.0417
78.067
78.0923
78.1177
78.143
78.1683
78.1936
78.219
78.2443
78.2696
78.295
78.3203
78.3456
78.371
78.3963
78.4216
78.4469
78.4722
78.4975
78.5228
78.5481
78.5734
78.5987
78.624
78.6494
78.6747
78.7
78.7253
78.7506
78.7759
78.8012
78.8266
78.8519
78.8772
78.9025
78.9278
78.9531
78.9784
79.0037
79.0291
79.0545
79.0798
79.1051
79.1305
79.1558
79.1811
79.2065
79.2318
79.2571
79.2825
79.3078
79.3332
79.3585
79.3838
79.4092
79.4345
79.4598
79.4852
79.5105
79.5358
79.5611
79.5865
79.6118
79.6371
79.6624
79.6878
79.7131
79.7384
79.7637
79.7891
79.8145
79.8399
79.8652
79.8905
79.9159
79.9412
79.9666
79.9919
80.0173
80.0427
80.068
80.0934
80.1187
80.1441
80.1694
80.1947
80.2201
80.2455
80.2708
80.2961
80.3215
80.3468
80.3722
80.3975
80.4229
80.4482
80.4735
80.4989
80.5242
80.5496
80.5749
80.6002
80.6256
80.6509
80.6763
80.7016
80.727
80.7523
80.7777
80.803
80.8284
80.8538
80.8792
80.9045
80.9299
80.9552
80.9806
81.0059
81.0313
81.0566
81.0819
81.1072
81.1326
81.1579
81.1832
81.2086
81.2339
81.2593
81.2846
81.31
81.3353
81.3607
81.3863
81.4116
81.4369
81.4623
81.4877
81.513
81.5384
81.5637
81.5891
81.6144
81.6398
81.6651
81.6905
81.7158
81.7411
81.7665
81.7918
81.8171
81.8425
81.8678
81.8932
81.9185
81.9438
81.9692
81.9945
82.0199
82.0452
82.0706
82.0959
82.1213
82.1466
82.1719
82.1973
82.2226
82.248
82.2734
82.2988
82.3241
82.3494
82.3748
82.4001
82.4255
82.4508
82.4762
82.5015
82.5268
82.5522
82.5775
82.6028
82.6282
82.6535
82.6789
82.7042
82.7295
82.7549
82.7802
82.8055
82.8309
82.8562
82.8816
82.9069
82.9322
82.9576
82.9829
83.0083
83.0336
83.0589
83.0843
83.1097
83.135
83.1604
83.1857
83.2111
83.2364
83.2617
83.2871
83.3124
83.3378
83.3631
83.3885
83.4138
83.4391
83.4645
83.4899
83.5152
83.5405
83.5658
83.5912
83.6165
83.6419
83.6672
83.6926
83.7179
83.7433
83.7686
83.794
83.8193
83.8446
83.87
83.8953
83.9206
83.946
83.9713
83.9966
84.022
84.0473
84.0726
84.0979
84.1233
84.1486
84.1739
84.1993
84.2246
84.25
84.2753
84.3007
84.3261
84.3514
84.3767
84.4021
84.4274
84.4528
84.4781
84.5035
84.5288
84.5541
84.5795
84.6048
84.6302
84.6555
84.6808
84.7062
84.7315
84.7569
84.7823
84.8077
84.8331
84.8585
84.8838
84.9092
84.9345
84.9599
84.9852
85.0105
85.0359
85.0612
85.0866
85.1119
85.1372
85.1626
85.1879
85.2133
85.2386
85.2639
85.2893
85.3146
85.3399
85.3653
85.3906
85.4159
85.4412
85.4666
85.4919
85.5173
85.5426
85.5679
85.5933
85.6186
85.6439
85.6693
85.6946
85.7199
85.7453
85.7706
85.796
85.8213
85.8466
85.872
85.8973
85.9227
85.948
85.9734
85.9987
86.024
86.0494
86.0747
86.1
86.1254
86.1507
86.176
86.2013
86.2267
86.252
86.2773
86.3027
86.328
86.3533
86.3787
86.404
86.4293
86.4546
86.48
86.5053
86.5307
86.556
86.5814
86.6067
86.6321
86.6574
86.6828
86.7081
86.7334
86.7588
86.7841
86.8094
86.8348
86.8602
86.8856
86.9109
86.9362
86.9616
86.987
87.0123
87.0377
87.063
87.0883
87.1137
87.139
87.1644
87.1897
87.215
87.2404
87.2657
87.291
87.3164
87.3417
87.3671
87.3924
87.4177
87.4431
87.4684
87.4937
87.5191
87.5444
87.5698
87.5951
87.6204
87.6457
87.6711
87.6964
87.7218
87.7471
87.7725
87.7978
87.8231
87.8485
87.8738
87.8991
87.9245
87.9498
87.9752
88.0005
88.0259
88.0512
88.0765
88.1018
88.1272
88.1526
88.178
88.2033
88.2287
88.254
88.2793
88.3047
88.33
88.3554
88.3807
88.406
88.4314
88.4567
88.482
88.5074
88.5327
88.5581
88.5834
88.6088
88.6341
88.6595
88.6849
88.7102
88.7356
88.7609
88.7863
88.8116
88.8369
88.8623
88.8876
88.9129
88.9383
88.9636
88.9889
89.0143
89.0396
89.0649
89.0903
89.1156
89.141
89.1664
89.1917
89.2171
89.2424
89.2677
89.2931
89.3184
89.3438
89.3691
89.3944
89.4198
89.4451
89.4705
89.4958
89.5212
89.5465
89.5719
89.5972
89.6226
89.6479
89.6732
89.6986
89.7239
89.7493
89.7746
89.7999
89.8253
89.8506
89.8759
89.9013
89.9266
89.952
89.9773
90.0027
90.028
90.0534
90.0787
90.104
90.1294
90.1547
90.1801
90.2054
90.2307
90.2561
90.2814
90.3068
90.3321
90.3574
90.3828
90.4081
90.4335
90.4589
90.4842
90.5095
90.5349
90.5602
90.5856
90.6109
90.6363
90.6616
90.6869
90.7123
90.7376
90.763
90.7883
90.8137
90.839
90.8644
90.8897
90.9151
90.9404
90.9657
90.9911
91.0164
91.0418
91.0671
91.0925
91.1178
91.1432
91.1685
91.1938
91.2192
91.2445
91.2699
91.2952
91.3205
91.3459
91.3712
91.3965
91.4219
91.4472
91.4726
91.4979
91.5232
91.5486
91.5739
91.5992
91.6246
91.6499
91.6753
91.7006
91.726
91.7513
91.7766
91.8019
91.8273
91.8527
91.878
91.9033
91.9287
91.954
91.9794
92.0047
92.0301
92.0554
92.0807
92.1061
92.1314
92.1568
92.1821
92.2075
92.2328
92.2582
92.2835
92.3088
92.3342
92.3595
92.3849
92.4102
92.4356
92.4609
92.4863
92.5116
92.537
92.5623
92.5876
92.6129
92.6383
92.6636
92.6889
92.7143
92.7397
92.765
92.7904
92.8157
92.8411
92.8664
92.8917
92.9171
92.9424
92.9678
92.9931
93.0184
93.0438
93.0691
93.0945
93.1198
93.1452
93.1705
93.1959
93.2212
93.2466
93.2719
93.2972
93.3226
93.3479
93.3733
93.3986
93.4239
93.4492
93.4746
93.4999
93.5253
93.5506
93.5759
93.6013
93.6266
93.6519
93.6773
93.7026
93.7279
93.7532
93.7786
93.8039
93.8292
93.8546
93.8799
93.9053
93.9306
93.9559
93.9812
94.0065
94.0319
94.0572
94.0826
94.1079
94.1332
94.1586
94.1839
94.2093
94.2346
94.2599
94.2853
94.3106
94.336
94.3613
94.3866
94.4119
94.4373
94.4626
94.4879
94.5133
94.5386
94.5639
94.5893
94.6146
94.6399
94.6653
94.6906
94.7159
94.7412
94.7666
94.7919
94.8172
94.8426
94.8679
94.8932
94.9186
94.9439
94.9693
94.9946
95.0199
95.0453
95.0706
95.0959
95.1213
95.1466
95.1719
95.1973
95.2226
95.2479
95.2733
95.2986
95.3239
95.3493
95.3746
95.3999
95.4252
95.4506
95.4759
95.5012
95.5266
95.5519
95.5772
95.6026
95.6279
95.6532
95.6786
95.7039
95.7293
95.7546
95.7799
95.8053
95.8306
95.8559
95.8813
95.9066
95.9319
95.9573
95.9826
96.0079
96.0332
96.0585
96.0838
96.1091
96.1344
96.1598
96.1851
96.2105
96.2358
96.2612
96.2865
96.3118
96.3372
96.3625
96.3878
96.4132
96.4385
96.4639
96.4892
96.5145
96.5399
96.5652
96.5905
96.6158
96.6412
96.6665
96.6918
96.7172
96.7425
96.7679
96.7933
96.8186
96.844
96.8693
96.8946
96.92
96.9453
96.9706
96.996
97.0213
97.0466
97.072
97.0973
97.1227
97.148
97.1733
97.1987
97.224
97.2493
97.2747
97.3
97.3254
97.3507
97.376
97.4014
97.4267
97.452
97.4774
97.5027
97.528
97.5534
97.5787
97.604
97.6293
97.6546
97.68
97.7053
97.7306
97.7559
97.7813
97.8067
97.8321
97.8574
97.8827
97.9081
97.9334
97.9588
97.9842
98.0095
98.0348
98.0602
98.0855
98.1108
98.1362
98.1615
98.1868
98.2122
98.2375
98.2628
98.2882
98.3135
98.3389
98.3642
98.3896
98.4149
98.4403
98.4656
98.4909
98.5163
98.5416
98.567
98.5923
98.6177
98.643
98.6683
98.6937
98.719
98.7443
98.7697
98.795
98.8203
98.8457
98.871
98.8964
98.9217
98.9471
98.9724
98.9977
99.0231
99.0484
99.0737
99.099
99.1243
99.1496
99.1749
99.2001
99.2254
99.2507
99.2761
99.3014
99.3267
99.352
99.3773
99.4027
99.4281
99.4534
99.4787
99.5041
99.5294
99.5547
99.5801
99.6054
99.6307
99.6561
99.6814
99.7067
99.7321
99.7574
99.7828
99.8081
99.8334
99.8588
99.8841
99.9094
99.9348
99.9601
99.9854
100.011
100.036
100.061
100.087
100.112
100.137
100.163
100.188
100.213
100.239
100.264
100.289
100.315
100.34
100.365
100.391
100.416
100.441
100.467
100.492
100.517
100.543
100.568
100.593
100.619
100.644
100.669
100.695
100.72
100.745
100.771
100.796
100.821
100.847
100.872
100.897
100.923
100.948
100.973
100.999
101.024
101.049
101.075
101.1
101.125
101.151
101.176
101.201
101.227
101.252
101.277
101.303
101.328
101.353
101.379
101.404
101.429
101.455
101.48
101.505
101.531
101.556
101.581
101.607
101.632
101.657
101.683
101.708
101.733
101.759
101.784
101.809
101.835
101.86
101.885
101.91
101.936
101.961
101.986
102.012
102.037
102.062
102.088
102.113
102.138
102.164
102.189
102.214
102.24
102.265
102.29
102.316
102.341
102.366
102.392
102.417
102.442
102.468
102.493
102.518
102.544
102.569
102.594
102.62
102.645
102.67
102.696
102.721
102.746
102.772
102.797
102.822
102.848
102.873
102.898
102.924
102.949
102.974
103
103.025
103.05
103.076
103.101
103.126
103.152
103.177
103.202
103.227
103.253
103.278
103.303
103.329
103.354
103.379
103.405
103.43
103.455
103.481
103.506
103.531
103.557
103.582
103.607
103.633
103.658
103.683
103.709
103.734
103.759
103.785
103.81
103.835
103.861
103.886
103.911
103.937
103.962
103.987
104.013
104.038
104.063
104.089
104.114
104.139
104.165
104.19
104.215
104.24
104.266
104.291
104.316
104.342
104.367
104.392
104.418
104.443
104.468
104.494
104.519
104.544
104.57
104.595
104.62
104.646
104.671
104.696
104.722
104.747
104.772
104.798
104.823
104.848
104.874
104.899
104.924
104.95
104.975
105
105.026
105.051
105.076
105.102
105.127
105.152
105.178
105.203
105.228
105.254
105.279
105.304
105.33
105.355
105.38
105.406
105.431
105.456
105.482
105.507
105.532
105.558
105.583
105.608
105.634
105.659
105.684
105.71
105.735
105.76
105.786
105.811
105.836
105.861
105.887
105.912
105.937
105.963
105.988
106.013
106.038
106.064
106.089
106.114
106.14
106.165
106.19
106.216
106.241
106.266
106.291
106.317
106.342
106.367
106.393
106.418
106.443
106.469
106.494
106.519
106.545
106.57
106.595
106.621
106.646
106.671
106.697
106.722
106.747
106.772
106.798
106.823
106.848
106.874
106.899
106.924
106.95
106.975
107
107.026
107.051
107.076
107.102
107.127
107.152
107.178
107.203
107.228
107.254
107.279
107.304
107.33
107.355
107.38
107.406
107.431
107.456
107.482
107.507
107.532
107.558
107.583
107.608
107.634
107.659
107.684
107.71
107.735
107.76
107.786
107.811
107.836
107.862
107.887
107.912
107.938
107.963
107.988
108.014
108.039
108.064
108.089
108.115
108.14
108.165
108.191
108.216
108.241
108.267
108.292
108.317
108.343
108.368
108.394
108.419
108.444
108.47
108.495
108.52
108.546
108.571
108.596
108.622
108.647
108.672
108.698
108.723
108.748
108.774
108.799
108.824
108.85
108.875
108.9
108.926
108.951
108.976
109.002
109.027
109.052
109.078
109.103
109.128
109.154
109.179
109.204
109.23
109.255
109.28
109.306
109.331
109.356
109.382
109.407
109.432
109.458
109.483
109.508
109.534
109.559
109.584
109.61
109.635
109.66
109.686
109.711
109.736
109.762
109.787
109.812
109.838
109.863
109.888
109.914
109.939
109.964
109.99
110.015
110.041
110.066
110.091
110.117
110.142
110.167
110.193
110.218
110.243
110.269
110.294
110.319
110.345
110.37
110.395
110.421
110.446
110.471
110.497
110.522
110.547
110.573
110.598
110.623
110.649
110.674
110.699
110.725
110.75
110.775
110.801
110.826
110.851
110.877
110.902
110.927
110.953
110.978
111.003
111.029
111.054
111.079
111.105
111.13
111.155
111.181
111.206
111.231
111.257
111.282
111.307
111.333
111.358
111.383
111.409
111.434
111.459
111.485
111.51
111.535
111.561
111.586
111.611
111.637
111.662
111.687
111.713
111.738
111.763
111.789
111.814
111.839
111.865
111.89
111.915
111.941
111.966
111.991
112.017
112.042
112.067
112.092
112.118
112.143
112.169
112.194
112.219
112.245
112.27
112.295
112.321
112.346
112.371
112.397
112.422
112.447
112.473
112.498
112.523
112.549
112.574
112.599
112.625
112.65
112.675
112.701
112.726
112.751
112.777
112.802
112.827
112.853
112.878
112.903
112.929
112.954
112.979
113.005
113.03
113.055
113.081
113.106
113.131
113.157
113.182
113.208
113.233
113.258
113.284
113.309
113.334
113.36
113.385
113.41
113.436
113.461
113.486
113.512
113.537
113.562
113.588
113.613
113.638
113.664
113.689
113.714
113.74
113.765
113.79
113.816
113.841
113.866
113.892
113.917
113.943
113.968
113.993
114.019
114.044
114.069
114.095
114.12
114.145
114.171
114.196
114.221
114.247
114.272
114.297
114.323
114.348
114.373
114.399
114.424
114.449
114.475
114.5
114.525
114.551
114.576
114.601
114.627
114.652
114.677
114.703
114.728
114.753
114.779
114.804
114.829
114.855
114.88
114.905
114.931
114.956
114.981
115.007
115.032
115.057
115.083
115.108
115.133
115.159
115.184
115.209
115.235
115.26
115.285
115.311
115.336
115.361
115.387
115.412
115.437
115.463
115.488
115.513
115.539
115.564
115.59
115.615
115.64
115.666
115.691
115.716
115.742
115.767
115.792
115.818
115.843
115.868
115.894
115.919
115.944
115.97
115.995
116.02
116.046
116.071
116.096
116.122
116.147
116.172
116.198
116.223
116.248
116.274
116.299
116.324
116.35
116.375
116.4
116.426
116.451
116.476
116.502
116.527
116.552
116.578
116.603
116.628
116.654
116.679
116.704
116.73
116.755
116.78
116.806
116.831
116.856
116.882
116.907
116.932
116.958
116.983
117.008
117.034
117.059
117.084
117.11
117.135
117.16
117.186
117.211
117.236
117.262
117.287
117.312
117.338
117.363
117.388
117.414
117.439
117.464
117.49
117.515
117.54
117.566
117.591
117.616
117.642
117.667
117.692
117.718
117.743
117.768
117.794
117.819
117.844
117.87
117.895
117.92
117.946
117.971
117.996
118.022
118.047
118.072
118.098
118.123
118.148
118.174
118.199
118.224
118.25
118.275
118.301
118.326
118.351
118.377
118.402
118.427
118.453
118.478
118.503
118.528
118.554
118.579
118.604
118.63
118.655
118.681
118.706
118.731
118.757
118.782
118.807
118.833
118.858
118.883
118.909
118.934
118.959
118.985
119.01
119.035
119.061
119.086
119.111
119.137
119.162
119.187
119.213
119.238
119.263
119.289
119.314
119.34
119.365
119.39
119.416
119.441
119.466
119.492
119.517
119.542
119.568
119.593
119.618
119.644
119.669
119.694
119.72
119.745
119.77
119.796
119.821
119.847
119.872
119.897
119.923
119.948
119.973
119.999
120.024
120.049
120.075
120.1
120.125
120.151
120.176
120.201
120.227
120.252
120.277
120.303
120.328
120.353
120.379
120.404
120.429
120.455
120.48
120.505
120.531
120.556
120.581
120.607
120.632
120.657
120.683
120.708
120.733
120.759
120.784
120.809
120.835
120.86
120.885
120.911
120.936
120.961
120.987
121.012
121.037
121.063
121.088
121.113
121.139
121.164
121.189
121.215
121.24
121.265
121.291
121.316
121.341
121.367
121.392
121.417
121.443
121.468
121.493
121.519
121.544
121.569
121.595
121.62
121.645
121.671
121.696
121.721
121.747
121.772
121.797
121.823
121.848
121.873
121.899
121.924
121.949
121.975
122
122.025
122.051
122.076
122.101
122.127
122.152
122.178
122.203
122.228
122.254
122.279
122.304
122.33
122.355
122.38
122.406
122.431
122.456
122.482
122.507
122.532
122.558
122.583
122.608
122.634
122.659
122.684
122.71
122.735
122.76
122.786
122.811
122.836
122.862
122.887
122.912
122.938
122.963
122.989
123.014
123.039
123.065
123.09
123.115
123.141
123.166
123.191
123.217
123.242
123.267
123.293
123.318
123.343
123.369
123.394
123.42
123.445
123.47
123.496
123.521
123.546
123.572
123.597
123.622
123.648
123.673
123.698
123.724
123.749
123.774
123.8
123.825
123.851
123.876
123.901
123.927
123.952
123.977
124.003
124.028
124.053
124.079
124.104
124.129
124.155
124.18
124.205
124.231
124.256
124.281
124.307
124.332
124.357
124.383
124.408
124.433
124.459
124.484
124.509
124.535
124.56
124.585
124.611
124.636
124.661
124.687
124.712
124.737
124.763
124.788
124.813
124.839
124.864
124.889
124.915
124.94
124.965
124.991
125.016
125.041
125.067
125.092
125.118
125.143
125.168
125.194
125.219
125.244
125.27
125.295
125.32
125.346
125.371
125.396
125.422
125.447
125.472
125.498
125.523
125.548
125.574
125.599
125.624
125.65
125.675
125.701
125.726
125.751
125.777
125.802
125.827
125.853
125.878
125.903
125.929
125.954
125.979
126.005
126.03
126.055
126.081
126.106
126.131
126.157
126.182
126.207
126.233
126.258
126.283
126.309
126.334
126.359
126.385
126.41
126.435
126.461
126.486
126.511
126.537
126.562
126.587
126.613
126.638
126.663
126.689
126.714
126.739
126.765
126.79
126.815
126.841
126.866
126.892
126.917
126.942
126.968
126.993
127.018
127.044
127.069
127.094
127.119
127.145
127.17
127.195
127.221
127.246
127.272
127.297
127.322
127.348
127.373
127.398
127.424
127.449
127.474
127.5
127.525
127.55
127.576
127.601
127.626
127.652
127.677
127.702
127.728
127.753
127.778
127.804
127.829
127.854
127.88
127.905
127.93
127.956
127.981
128.006
128.032
128.057
128.082
128.108
128.133
128.158
128.184
128.209
128.234
128.26
128.285
128.31
128.336
128.361
128.386
128.412
128.437
128.462
128.488
128.513
128.538
128.564
128.589
128.615
128.64
128.665
128.691
128.716
128.741
128.767
128.792
128.817
128.843
128.868
128.893
128.919
128.944
128.969
128.995
129.02
129.045
129.071
129.096
129.121
129.147
129.172
129.197
129.223
129.248
129.273
129.299
129.324
129.349
129.375
129.4
129.426
129.451
129.476
129.502
129.527
129.552
129.578
129.603
129.628
129.654
129.679
129.704
129.73
129.755
129.78
129.806
129.831
129.856
129.882
129.907
129.932
129.958
129.983
130.008
130.034
130.059
130.084
130.11
130.135
130.16
130.186
130.211
130.236
130.262
130.287
130.313
130.338
130.363
130.389
130.414
130.439
130.465
130.49
130.515
130.541
130.566
130.591
130.617
130.642
130.667
130.693
130.718
130.743
130.769
130.794
130.82
130.845
130.87
130.896
130.921
130.946
130.972
130.997
131.022
131.048
131.073
131.098
131.124
131.149
131.174
131.2
131.225
131.25
131.276
131.301
131.326
131.352
131.377
131.402
131.428
131.453
131.478
131.504
131.529
131.554
131.58
131.605
131.63
131.656
131.681
131.706
131.732
131.757
131.783
131.808
131.833
131.859
131.884
131.909
131.935
131.96
131.985
132.011
132.036
132.061
132.087
132.112
132.137
132.163
132.188
132.213
132.239
132.264
132.289
132.315
132.34
132.365
132.391
132.416
132.441
132.467
132.492
132.517
132.543
132.568
132.593
132.619
132.644
132.669
132.695
132.72
132.745
132.771
132.796
132.821
132.847
132.872
132.897
132.923
132.948
132.973
132.999
133.024
133.049
133.075
133.1
133.126
133.151
133.176
133.202
133.227
133.252
133.278
133.303
133.328
133.354
133.379
133.404
133.43
133.455
133.48
133.506
133.531
133.556
133.582
133.607
133.632
133.658
133.683
133.708
133.734
133.759
133.784
133.81
133.835
133.86
133.886
133.911
133.936
133.962
133.987
134.012
134.038
134.063
134.088
134.114
134.139
134.165
134.19
134.215
134.24
134.266
134.291
134.316
134.342
134.367
134.392
134.418
134.443
134.468
134.494
134.519
134.544
134.57
134.595
134.62
134.646
134.671
134.696
134.722
134.747
134.772
134.798
134.823
134.848
134.874
134.899
134.925
134.95
134.975
135.001
135.026
135.051
135.077
135.102
135.127
135.153
135.178
135.203
135.229
135.254
135.279
135.305
135.33
135.356
135.381
135.406
135.431
135.457
135.482
135.507
135.533
135.558
135.583
135.609
135.634
135.659
135.685
135.71
135.735
135.761
135.786
135.811
135.837
135.862
135.887
135.913
135.938
135.963
135.989
136.014
136.039
136.065
136.09
136.115
136.141
136.166
136.191
136.216
136.242
136.267
136.292
136.318
136.343
136.368
136.394
136.419
136.444
136.47
136.495
136.52
136.546
136.571
136.596
136.622
136.647
136.673
136.698
136.723
136.749
136.774
136.799
136.824
136.85
136.875
136.9
136.926
136.951
136.976
137.002
137.027
137.052
137.078
137.103
137.128
137.154
137.179
137.204
137.23
137.255
137.28
137.306
137.331
137.357
137.382
137.407
137.433
137.458
137.483
137.509
137.534
137.559
137.585
137.61
137.635
137.661
137.686
137.711
137.737
137.762
137.787
137.813
137.838
137.863
137.889
137.914
137.939
137.965
137.99
138.015
138.041
138.066
138.091
138.117
138.142
138.167
138.193
138.218
138.243
138.269
138.294
138.319
138.345
138.37
138.395
138.421
138.446
138.471
138.497
138.522
138.547
138.573
138.598
138.623
138.649
138.674
138.699
138.725
138.75
138.775
138.801
138.826
138.851
138.877
138.902
138.927
138.953
138.978
139.003
139.029
139.054
139.08
139.105
139.13
139.156
139.181
139.206
139.232
139.257
139.282
139.308
139.333
139.358
139.384
139.409
139.434
139.46
139.485
139.51
139.535
139.561
139.586
139.612
139.637
139.662
139.688
139.713
139.738
139.764
139.789
139.814
139.84
139.865
139.89
139.916
139.941
139.966
139.991
140.017
140.042
140.067
140.093
140.118
140.143
140.169
140.194
140.219
140.245
140.27
140.295
140.321
140.346
140.371
140.397
140.422
140.447
140.473
140.498
140.523
140.549
140.574
140.599
140.625
140.65
140.675
140.701
140.726
140.751
140.777
140.802
140.827
140.853
140.878
140.903
140.929
140.954
140.979
141.005
141.03
141.055
141.081
141.106
141.131
141.157
141.182
141.207
141.233
141.258
141.283
141.309
141.334
141.359
141.385
141.41
141.435
141.461
141.486
141.511
141.537
141.562
141.588
141.613
141.638
141.664
141.689
141.714
141.74
141.765
141.79
141.816
141.841
141.866
141.892
141.917
141.942
141.968
141.993
142.018
142.043
142.069
142.094
142.119
142.145
142.17
142.195
142.221
142.246
142.271
142.297
142.322
142.347
142.373
142.398
142.423
142.449
142.474
142.499
142.525
142.55
142.576
142.601
142.626
142.652
142.677
142.702
142.728
142.753
142.778
142.804
142.829
142.854
142.88
142.905
142.93
142.956
142.981
143.006
143.032
143.057
143.082
143.108
143.133
143.158
143.184
143.209
143.234
143.26
143.285
143.31
143.336
143.361
143.386
143.412
143.437
143.462
143.488
143.513
143.538
143.564
143.589
143.614
143.64
143.665
143.69
143.716
143.741
143.766
143.792
143.817
143.842
143.868
143.893
143.918
143.944
143.969
143.994
144.019
144.045
144.07
144.095
144.121
144.146
144.171
144.197
144.222
144.247
144.273
144.298
144.323
144.349
144.374
144.399
144.425
144.45
144.475
144.501
144.526
144.551
144.577
144.602
144.627
144.653
144.678
144.703
144.729
144.754
144.78
144.805
144.83
144.856
144.881
144.906
144.932
144.957
144.982
145.008
145.033
145.058
145.084
145.109
145.135
145.16
145.185
145.211
145.236
145.261
145.287
145.312
145.337
145.363
145.388
145.413
145.439
145.464
145.489
145.515
145.54
145.565
145.591
145.616
145.641
145.667
145.692
145.717
145.742
145.768
145.793
145.818
145.844
145.869
145.894
145.92
145.945
145.971
145.996
146.021
146.047
146.072
146.097
146.122
146.148
146.173
146.199
146.224
146.249
146.274
146.3
146.325
146.351
146.376
146.401
146.427
146.452
146.477
146.503
146.528
146.553
146.579
146.604
146.629
146.655
146.68
146.705
146.731
146.756
146.781
146.807
146.832
146.857
146.883
146.908
146.933
146.959
146.984
147.009
147.035
147.06
147.085
147.111
147.136
147.161
147.187
147.212
147.237
147.263
147.288
147.313
147.339
147.364
147.389
147.415
147.44
147.465
147.491
147.516
147.541
147.567
147.592
147.617
147.643
147.668
147.693
147.719
147.744
147.769
147.795
147.82
147.845
147.871
147.896
147.921
147.947
147.972
147.997
148.023
148.048
148.073
148.099
148.124
148.149
148.175
148.2
148.225
148.251
148.276
148.301
148.327
148.352
148.377
148.403
148.428
148.453
148.479
148.504
148.529
148.555
148.58
148.605
148.631
148.656
148.681
148.707
148.732
148.757
148.783
148.808
148.833
148.859
148.884
148.909
148.935
148.96
148.985
149.011
149.036
149.061
149.087
149.112
149.137
149.163
149.188
149.213
149.239
149.264
149.289
149.315
149.34
149.365
149.391
149.416
149.441
149.467
149.492
149.517
149.543
149.568
149.593
149.619
149.644
149.669
149.695
149.72
149.745
149.771
149.796
149.821
149.847
149.872
149.897
149.923
149.948
149.973
149.999
150.024
150.05
150.075
150.1
150.126
150.151
150.176
150.202
150.227
150.252
150.278
150.303
150.328
150.354
150.379
150.404
150.43
150.455
150.48
150.506
150.531
150.556
150.582
150.607
150.632
150.658
150.683
150.708
150.734
150.759
150.784
150.81
150.835
150.86
150.886
150.911
150.936
150.962
150.987
151.012
151.038
151.063
151.088
151.114
151.139
151.164
151.19
151.215
151.24
151.266
151.291
151.316
151.342
151.367
151.393
151.418
151.443
151.469
151.494
151.519
151.545
151.57
151.595
151.621
151.646
151.671
151.697
151.722
151.747
151.773
151.798
151.823
151.849
151.874
151.899
151.925
151.95
151.975
152.001
152.026
152.051
152.077
152.102
152.127
152.153
152.178
152.203
152.229
152.254
152.279
152.305
152.33
152.355
152.381
152.406
152.431
152.457
152.482
152.507
152.533
152.558
152.583
152.609
152.634
152.66
152.685
152.71
152.736
152.761
152.786
152.812
152.837
152.862
152.888
152.913
152.938
152.964
152.989
153.014
153.04
153.065
153.09
153.116
153.141
153.166
153.192
153.217
153.242
153.268
153.293
153.318
153.344
153.369
153.394
153.42
153.445
153.47
153.496
153.521
153.547
153.572
153.597
153.623
153.648
153.673
153.699
153.724
153.749
153.775
153.8
153.825
153.851
153.876
153.901
153.927
153.952
153.977
154.003
154.028
154.053
154.079
154.104
154.129
154.155
154.18
154.205
154.231
154.256
154.282
154.307
154.332
154.358
154.383
154.408
154.434
154.459
154.484
154.51
154.535
154.56
154.586
154.611
154.636
154.662
154.687
154.712
154.738
154.763
154.788
154.814
154.839
154.864
154.89
154.915
154.94
154.966
154.991
155.016
155.042
155.067
155.092
155.118
155.143
155.168
155.194
155.219
155.244
155.27
155.295
155.32
155.346
155.371
155.396
155.422
155.447
155.473
155.498
155.523
155.549
155.574
155.599
155.625
155.65
155.675
155.701
155.726
155.751
155.777
155.802
155.827
155.853
155.878
155.903
155.929
155.954
155.979
156.005
156.03
156.055
156.081
156.106
156.131
156.157
156.182
156.208
156.233
156.258
156.284
156.309
156.334
156.36
156.385
156.41
156.436
156.461
156.486
156.512
156.537
156.562
156.588
156.613
156.638
156.664
156.689
156.714
156.74
156.765
156.79
156.816
156.841
156.866
156.892
156.917
156.943
156.968
156.993
157.019
157.044
157.069
157.095
157.12
157.145
157.171
157.196
157.221
157.247
157.272
157.297
157.323
157.348
157.373
157.399
157.424
157.449
157.475
157.5
157.525
157.551
157.576
157.601
157.627
157.652
157.677
157.703
157.728
157.753
157.778
157.804
157.829
157.854
157.88
157.905
157.93
157.956
157.981
158.006
158.032
158.057
158.083
158.108
158.133
158.159
158.184
158.209
158.235
158.26
158.285
158.311
158.336
158.361
158.387
158.412
158.437
158.463
158.488
158.513
158.539
158.564
158.589
158.615
158.64
158.665
158.691
158.716
158.741
158.767
158.792
158.817
158.843
158.868
158.893
158.919
158.944
158.969
158.995
159.02
159.045
159.071
159.096
159.121
159.147
159.172
159.197
159.223
159.248
159.273
159.299
159.324
159.349
159.375
159.4
159.425
159.451
159.476
159.501
159.527
159.552
159.577
159.603
159.628
159.654
159.679
159.704
159.73
159.755
159.78
159.806
159.831
159.856
159.882
159.907
159.932
159.958
159.983
160.008
160.034
160.059
160.084
160.11
160.135
160.16
160.186
160.211
160.236
160.262
160.287
160.312
160.338
160.363
160.388
160.414
160.439
160.464
160.49
160.515
160.54
160.566
160.591
160.616
160.642
160.667
160.692
160.718
160.743
160.768
160.794
160.819
160.844
160.87
160.895
160.92
160.946
160.971
160.997
161.022
161.047
161.073
161.098
161.123
161.149
161.174
161.199
161.225
161.25
161.275
161.301
161.326
161.351
161.377
161.402
161.427
161.453
161.478
161.503
161.529
161.554
161.579
161.605
161.63
161.655
161.681
161.706
161.731
161.757
161.782
161.807
161.833
161.858
161.884
161.909
161.934
161.96
161.985
162.01
162.036
162.061
162.086
162.112
162.137
162.162
162.188
162.213
162.238
162.264
162.289
162.314
162.34
162.365
162.39
162.415
162.441
162.466
162.491
162.517
162.542
162.568
162.593
162.618
162.644
162.669
162.694
162.72
162.745
162.77
162.796
162.821
162.846
162.872
162.897
162.922
162.947
162.973
162.998
163.023
163.049
163.074
163.099
163.125
163.15
163.175
163.201
163.226
163.252
163.277
163.302
163.328
163.353
163.378
163.404
163.429
163.454
163.48
163.505
163.53
163.556
163.581
163.606
163.632
163.657
163.682
163.708
163.733
163.758
163.784
163.809
163.834
163.86
163.885
163.91
163.936
163.961
163.986
164.012
164.037
164.062
164.088
164.113
164.138
164.164
164.189
164.215
164.24
164.265
164.291
164.316
164.341
164.367
164.392
164.417
164.443
164.468
164.493
164.519
164.544
164.569
164.595
164.62
164.645
164.671
164.696
164.721
164.747
164.772
164.797
164.823
164.848
164.873
164.899
164.924
164.949
164.975
165
165.025
165.051
165.076
165.101
165.127
165.152
165.177
165.203
165.228
165.253
165.279
165.304
165.329
165.355
165.38
165.405
165.431
165.456
165.481
165.507
165.532
165.557
165.583
165.608
165.633
165.659
165.684
165.709
165.735
165.76
165.785
165.811
165.836
165.861
165.887
165.912
165.937
165.963
165.988
166.013
166.039
166.064
166.089
166.115
166.14
166.165
166.191
166.216
166.241
166.267
166.292
166.317
166.343
166.368
166.393
166.419
166.444
166.469
166.495
166.52
166.545
166.571
166.596
166.621
166.647
166.672
166.698
166.723
166.748
166.774
166.799
166.824
166.85
166.875
166.9
166.926
166.951
166.976
167.002
167.027
167.052
167.078
167.103
167.128
167.154
167.179
167.204
167.23
167.255
167.28
167.306
167.331
167.356
167.382
167.407
167.432
167.458
167.483
167.508
167.534
167.559
167.584
167.61
167.635
167.66
167.686
167.711
167.736
167.762
167.787
167.812
167.838
167.863
167.888
167.914
167.939
167.964
167.99
168.015
168.04
168.066
168.091
168.116
168.142
168.167
168.192
168.218
168.243
168.268
168.294
168.319
168.344
168.37
168.395
168.42
168.446
168.471
168.496
168.522
168.547
168.573
168.598
168.623
168.649
168.674
168.699
168.725
168.75
168.775
168.801
168.826
168.851
168.877
168.902
168.927
168.953
168.978
169.003
169.029
169.054
169.079
169.105
169.13
169.155
169.18
169.206
169.231
169.256
169.282
169.307
169.332
169.358
169.383
169.408
169.434
169.459
169.484
169.51
169.535
169.56
169.586
169.611
169.636
169.662
169.687
169.712
169.738
169.763
169.788
169.814
169.839
169.864
169.89
169.915
169.94
169.966
169.991
170.016
170.042
170.067
170.092
170.118
170.143
170.168
170.194
170.219
170.245
170.27
170.295
170.321
170.346
170.371
170.397
170.422
170.447
170.473
170.498
170.523
170.549
170.574
170.599
170.625
170.65
170.675
170.701
170.726
170.751
170.777
170.802
170.827
170.853
170.878
170.903
170.929
170.954
170.979
171.005
171.03
171.055
171.081
171.106
171.131
171.157
171.182
171.207
171.233
171.258
171.283
171.309
171.334
171.359
171.385
171.41
171.436
171.461
171.486
171.511
171.537
171.562
171.588
171.613
171.638
171.664
171.689
171.714
171.74
171.765
171.79
171.816
171.841
171.866
171.892
171.917
171.942
171.968
171.993
172.018
172.044
172.069
172.094
172.12
172.145
172.17
172.196
172.221
172.246
172.272
172.297
172.322
172.348
172.373
172.398
172.424
172.449
172.474
172.5
172.525
172.55
172.576
172.601
172.626
172.652
172.677
172.702
172.728
172.753
172.778
172.804
172.829
172.854
172.88
172.905
172.93
172.956
172.981
173.006
173.032
173.057
173.082
173.108
173.133
173.158
173.184
173.209
173.234
173.26
173.285
173.31
173.336
173.361
173.387
173.412
173.437
173.463
173.488
173.513
173.539
173.564
173.589
173.615
173.64
173.665
173.691
173.716
173.741
173.767
173.792
173.817
173.843
173.868
173.893
173.919
173.944
173.969
173.995
174.02
174.045
174.071
174.096
174.121
174.147
174.172
174.197
174.223
174.248
174.274
174.299
174.324
174.349
174.375
174.4
174.425
174.451
174.476
174.501
174.527
174.552
174.578
174.603
174.628
174.654
174.679
174.704
174.73
174.755
174.78
174.806
174.831
174.856
174.882
174.907
174.932
174.958
174.983
175.008
175.034
175.059
175.084
175.11
175.135
175.16
175.186
175.211
175.236
175.262
175.287
175.312
175.338
175.363
175.388
175.414
175.439
175.464
175.49
175.515
175.54
175.566
175.591
175.616
175.642
175.667
175.692
175.718
175.743
175.768
175.794
175.819
175.844
175.87
175.895
175.921
175.946
175.971
175.997
176.022
176.047
176.073
176.098
176.123
176.149
176.174
176.199
176.225
176.25
176.275
176.301
176.326
176.351
176.377
176.402
176.427
176.453
176.478
176.503
176.529
176.554
176.579
176.605
176.63
176.655
176.681
176.706
176.731
176.757
176.782
176.807
176.833
176.858
176.883
176.909
176.934
176.959
176.985
177.01
177.035
177.061
177.086
177.111
177.137
177.162
177.187
177.213
177.238
177.263
177.289
177.314
177.339
177.365
177.39
177.415
177.441
177.466
177.491
177.517
177.542
177.567
177.593
177.618
177.643
177.669
177.694
177.719
177.744
177.77
177.795
177.82
177.846
177.871
177.896
177.922
177.947
177.972
177.998
178.023
178.048
178.074
178.099
178.124
178.15
178.175
178.2
178.226
178.251
178.276
178.302
178.327
178.352
178.378
178.403
178.428
178.454
178.479
178.505
178.53
178.555
178.581
178.606
178.631
178.657
178.682
178.707
178.732
178.758
178.783
178.809
178.834
178.859
178.885
178.91
178.935
178.961
178.986
179.011
179.037
179.062
179.087
179.113
179.138
179.163
179.189
179.214
179.239
179.265
179.29
179.315
179.341
179.366
179.391
179.417
179.442
179.467
179.493
179.518
179.543
179.569
179.594
179.619
179.645
179.67
179.695
179.721
179.746
179.771
179.797
179.822
179.847
179.873
179.898
179.923
179.949
179.974
179.999
180.025
180.05
180.075
180.101
180.126
180.151
180.177
180.202
180.227
180.253
180.278
180.303
180.329
180.354
180.379
180.405
180.43
180.455
180.481
180.506
180.531
180.557
180.582
180.607
180.633
180.658
180.683
180.709
180.734
180.759
180.785
180.81
180.835
180.861
180.886
180.911
180.937
180.962
180.987
181.013
181.038
181.064
181.089
181.114
181.14
181.165
181.19
181.216
181.241
181.266
181.292
181.317
181.342
181.368
181.393
181.418
181.443
181.469
181.494
181.519
181.545
181.57
181.595
181.621
181.646
181.671
181.697
181.722
181.747
181.773
181.798
181.823
181.849
181.874
181.899
181.925
181.95
181.975
182.001
182.026
182.051
182.077
182.102
182.127
182.153
182.178
182.204
182.229
182.254
182.28
182.305
182.33
182.356
182.381
182.406
182.432
182.457
182.482
182.508
182.533
182.558
182.584
182.609
182.635
182.66
182.685
182.711
182.736
182.761
182.787
182.812
182.837
182.863
182.888
182.913
182.939
182.964
182.989
183.015
183.04
183.065
183.091
183.116
183.141
183.167
183.192
183.217
183.243
183.268
183.293
183.319
183.344
183.369
183.395
183.42
183.445
183.471
183.496
183.521
183.547
183.572
183.597
183.623
183.648
183.673
183.699
183.724
183.749
183.775
183.8
183.825
183.851
183.876
183.901
183.927
183.952
183.977
184.003
184.028
184.053
184.079
184.104
184.129
184.155
184.18
184.205
184.231
184.256
184.281
184.307
184.332
184.357
184.383
184.408
184.433
184.459
184.484
184.509
184.535
184.56
184.585
184.611
184.636
184.661
184.687
184.712
184.737
184.763
184.788
184.813
184.839
184.864
184.889
184.915
184.94
184.965
184.991
185.016
185.041
185.067
185.092
185.117
185.143
185.168
185.193
185.218
185.244
185.269
185.295
185.32
185.345
185.371
185.396
185.421
185.446
185.472
185.497
185.522
185.548
185.573
185.598
185.624
185.649
185.674
185.7
185.725
185.751
185.776
185.801
185.827
185.852
185.877
185.903
185.928
185.953
185.979
186.004
186.029
186.055
186.08
186.105
186.131
186.156
186.181
186.207
186.232
186.257
186.283
186.308
186.333
186.359
186.384
186.409
186.435
186.46
186.485
186.511
186.536
186.561
186.587
186.612
186.637
186.663
186.688
186.713
186.739
186.764
186.789
186.815
186.84
186.865
186.891
186.916
186.941
186.967
186.992
187.017
187.043
187.068
187.094
187.119
187.144
187.17
187.195
187.22
187.246
187.271
187.296
187.322
187.347
187.372
187.398
187.423
187.448
187.474
187.499
187.524
187.55
187.575
187.6
187.626
187.651
187.676
187.702
187.727
187.752
187.778
187.803
187.828
187.854
187.879
187.904
187.93
187.955
187.98
188.006
188.031
188.056
188.082
188.107
188.132
188.158
188.183
188.208
188.234
188.259
188.284
188.31
188.335
188.36
188.386
188.411
188.436
188.462
188.487
188.512
188.538
188.563
188.588
188.614
188.639
188.664
188.69
188.715
188.74
188.766
188.791
188.816
188.842
188.867
188.892
188.918
188.943
188.968
188.994
189.019
189.044
189.07
189.095
189.12
189.146
189.171
189.196
189.222
189.247
189.272
189.298
189.323
189.348
189.374
189.399
189.425
189.45
189.475
189.5
189.526
189.551
189.577
189.602
189.627
189.653
189.678
189.703
189.729
189.754
189.779
189.805
189.83
189.855
189.881
189.906
189.931
189.957
189.982
190.008
190.033
190.058
190.084
190.109
190.134
190.16
190.185
190.21
190.236
190.261
190.286
190.312
190.337
190.362
190.388
190.413
190.438
190.464
190.489
190.514
190.54
190.565
190.59
190.616
190.641
190.666
190.692
190.717
190.742
190.768
190.793
190.818
190.844
190.869
190.894
190.92
190.945
190.97
190.996
191.021
191.046
191.072
191.097
191.122
191.148
191.173
191.198
191.224
191.249
191.274
191.3
191.325
191.35
191.376
191.401
191.426
191.452
191.477
191.503
191.528
191.553
191.579
191.604
191.629
191.655
191.68
191.705
191.731
191.756
191.781
191.807
191.832
191.857
191.883
191.908
191.933
191.959
191.984
192.009
192.035
192.06
192.085
192.111
192.136
192.161
192.187
192.212
192.237
192.263
192.288
192.313
192.339
192.364
192.389
192.415
192.44
192.465
192.491
192.516
192.541
192.567
192.592
192.617
192.643
192.668
192.693
192.719
192.744
192.769
192.795
192.82
192.845
192.871
192.896
192.921
192.947
192.972
192.997
193.023
193.048
193.073
193.099
193.124
193.149
193.175
193.2
193.225
193.251
193.276
193.301
193.327
193.352
193.377
193.403
193.428
193.453
193.479
193.504
193.529
193.555
193.58
193.605
193.631
193.656
193.681
193.707
193.732
193.757
193.783
193.808
193.833
193.859
193.884
193.91
193.935
193.96
193.986
194.011
194.036
194.062
194.087
194.112
194.138
194.163
194.188
194.214
194.239
194.264
194.29
194.315
194.34
194.366
194.391
194.416
194.442
194.467
194.492
194.518
194.543
194.568
194.594
194.619
194.644
194.67
194.695
194.72
194.746
194.771
194.796
194.822
194.847
194.872
194.898
194.923
194.948
194.974
194.999
195.024
195.05
195.075
195.1
195.126
195.151
195.176
195.202
195.227
195.252
195.278
195.303
195.329
195.354
195.379
195.405
195.43
195.455
195.481
195.506
195.531
195.557
195.582
195.607
195.633
195.658
195.683
195.709
195.734
195.759
195.785
195.81
195.835
195.861
195.886
195.911
195.937
195.962
195.987
196.013
196.038
196.063
196.089
196.114
196.139
196.165
196.19
196.215
196.241
196.266
196.291
196.317
196.342
196.367
196.393
196.418
196.443
196.469
196.494
196.519
196.545
196.57
196.595
196.621
196.646
196.671
196.697
196.722
196.748
196.773
196.798
196.824
196.849
196.874
196.9
196.925
196.95
196.976
197.001
197.026
197.052
197.077
197.102
197.128
197.153
197.178
197.204
197.229
197.254
197.28
197.305
197.33
197.356
197.381
197.406
197.432
197.457
197.482
197.508
197.533
197.559
197.584
197.609
197.635
197.66
197.685
197.711
197.736
197.761
197.787
197.812
197.837
197.863
197.888
197.913
197.939
197.964
197.989
198.015
198.04
198.065
198.091
198.116
198.141
198.167
198.192
198.217
198.243
198.268
198.293
198.319
198.344
198.369
198.395
198.42
198.446
198.471
198.496
198.522
198.547
198.572
198.598
198.623
198.648
198.674
198.699
198.725
198.75
198.775
198.801
198.826
198.851
198.877
198.902
198.927
198.953
198.978
199.003
199.029
199.054
199.08
199.105
199.13
199.156
199.181
199.206
199.232
199.257
199.282
199.308
199.333
199.358
199.384
199.409
199.434
199.46
199.485
199.51
199.536
199.561
199.586
199.612
199.637
199.662
199.688
199.713
199.738
199.764
199.789
199.814
199.84
199.865
199.89
199.916
199.941
199.967
199.992
200.017
200.043
200.068
200.093
200.119
200.144
200.169
200.195
200.22
200.245
200.271
200.296
200.321
200.347
200.372
200.397
200.423
200.448
200.473
200.499
200.524
200.549
200.575
200.6
200.625
200.651
200.676
200.701
200.727
200.752
200.777
200.803
200.828
200.853
200.879
200.904
200.929
200.955
200.98
201.006
201.031
201.056
201.082
201.107
201.132
201.158
201.183
201.208
201.234
201.259
201.284
201.31
201.335
201.36
201.386
201.411
201.436
201.462
201.487
201.512
201.538
201.563
201.588
201.614
201.639
201.664
201.69
201.715
201.741
201.766
201.791
201.817
201.842
201.867
201.893
201.918
201.943
201.969
201.994
202.019
202.045
202.07
202.095
202.121
202.146
202.171
202.197
202.222
202.247
202.273
202.298
202.323
202.349
202.374
202.399
202.425
202.45
202.475
202.501
202.526
202.551
202.577
202.602
202.627
202.653
202.678
202.703
202.729
202.754
202.78
202.805
202.83
202.856
202.881
202.906
202.932
202.957
202.982
203.008
203.033
203.058
203.084
203.109
203.134
203.16
203.185
203.21
203.236
203.261
203.286
203.312
203.337
203.362
203.388
203.413
203.438
203.464
203.489
203.514
203.54
203.565
203.59
203.616
203.641
203.666
203.692
203.717
203.742
203.768
203.793
203.818
203.844
203.869
203.894
203.919
203.945
203.97
203.995
204.021
204.046
204.071
204.097
204.122
204.147
204.173
204.198
204.223
204.248
204.274
204.299
204.324
204.35
204.375
204.4
204.426
204.451
204.476
204.502
204.527
204.552
204.577
204.603
204.628
204.653
204.679
204.704
204.729
204.755
204.78
204.805
204.831
204.856
204.881
204.906
204.932
204.957
204.982
205.008
205.033
205.058
205.084
205.109
205.134
205.16
205.185
205.21
205.236
205.261
205.286
205.312
205.337
205.362
205.388
205.413
205.438
205.464
205.489
205.514
205.539
205.565
205.59
205.615
205.641
205.666
205.691
205.717
205.742
205.767
205.793
205.818
205.843
205.869
205.894
205.919
205.944
205.97
205.995
206.02
206.046
206.071
206.096
206.122
206.147
206.172
206.198
206.223
206.248
206.274
206.299
206.324
206.35
206.375
206.4
206.425
206.451
206.476
206.501
206.527
206.552
206.577
206.603
206.628
206.653
206.679
206.704
206.729
206.755
206.78
206.805
206.831
206.856
206.881
206.907
206.932
206.957
206.982
207.008
207.033
207.058
207.084
207.109
207.134
207.16
207.185
207.21
207.236
207.261
207.286
207.312
207.337
207.362
207.388
207.413
207.438
207.463
207.489
207.514
207.539
207.565
207.59
207.615
207.641
207.666
207.691
207.717
207.742
207.767
207.792
207.818
207.843
207.868
207.894
207.919
207.944
207.97
207.995
208.02
208.046
208.071
208.096
208.121
208.147
208.172
208.197
208.223
208.248
208.273
208.299
208.324
208.349
208.375
208.4
208.425
208.45
208.476
208.501
208.526
208.552
208.577
208.602
208.628
208.653
208.678
208.704
208.729
208.754
208.78
208.805
208.83
208.855
208.881
208.906
208.931
208.957
208.982
209.007
209.033
209.058
209.083
209.109
209.134
209.159
209.184
209.21
209.235
209.26
209.286
209.311
209.336
209.362
209.387
209.412
209.438
209.463
209.488
209.514
209.539
209.564
209.589
209.615
209.64
209.665
209.691
209.716
209.741
209.767
209.792
209.817
209.843
209.868
209.893
209.919
209.944
209.969
209.994
210.02
210.045
210.07
210.096
210.121
210.146
210.172
210.197
210.222
210.248
210.273
210.298
210.324
210.349
210.374
210.4
210.425
210.45
210.475
210.501
210.526
210.551
210.577
210.602
210.627
210.653
210.678
210.703
210.729
210.754
210.779
210.805
210.83
210.855
210.88
210.906
210.931
210.956
210.982
211.007
211.032
211.058
211.083
211.108
211.134
211.159
211.184
211.21
211.235
211.26
211.286
211.311
211.336
211.361
211.387
211.412
211.437
211.463
211.488
211.513
211.539
211.564
211.589
211.615
211.64
211.665
211.691
211.716
211.741
211.767
211.792
211.817
211.842
211.868
211.893
211.918
211.944
211.969
211.994
212.02
212.045
212.07
212.096
212.121
212.146
212.172
212.197
212.222
212.247
212.273
212.298
212.323
212.349
212.374
212.399
212.425
212.45
212.475
212.501
212.526
212.551
212.577
212.602
212.627
212.653
212.678
212.703
212.729
212.754
212.779
212.804
212.83
212.855
212.88
212.906
212.931
212.956
212.981
213.007
213.032
213.057
213.083
213.108
213.133
213.158
213.184
213.209
213.235
213.26
213.286
213.311
213.337
213.362
213.387
213.413
213.438
