4.12245
11.8113
29.7558
28.6628
25.7139
26.0887
22.6167
20.4434
18.7642
17.0324
15.8974
15.5863
15.3468
15.1812
15.1078
15.1197
15.2116
15.3344
15.5728
15.8258
16.22
16.6375
17.1725
17.6956
18.2412
18.8258
19.1677
19.6905
20.1605
20.6806
21.1847
21.6478
21.9298
22.0368
22.0008
21.8283
21.6059
21.2273
20.8906
20.5841
20.3334
20.096
19.9048
19.7148
19.5917
19.5134
19.4989
19.517
19.5936
19.7641
19.945
20.1916
20.4595
20.744
21.0471
21.3183
21.5321
21.7282
21.8741
21.9931
22.0466
22.0105
21.9075
21.7308
21.5393
21.3191
21.1174
20.9272
20.7684
20.6475
20.5627
20.5068
20.4854
20.506
20.5093
20.543
20.6264
20.747
20.8923
21.0957
21.2839
21.4517
21.6188
21.7584
21.8732
21.9609
21.9881
21.9669
21.8902
21.7591
21.6277
21.473
21.3073
21.1504
20.9781
20.844
20.7348
20.6648
20.6246
20.6104
20.6063
20.6267
20.6735
20.7468
20.8055
20.9104
20.9816
21.0478
21.1535
21.2722
21.416
21.5235
21.5917
21.6428
21.6493
21.6117
21.5482
21.459
21.3654
21.2687
21.1794
21.088
21.0042
20.931
20.8808
20.8307
20.8081
20.802
20.831
20.8343
20.8974
20.9594
21.0356
21.1395
21.2405
21.3449
21.42
21.5031
21.5869
21.6456
21.6786
21.6859
21.6645
21.6143
21.5518
21.476
21.3993
21.3288
21.2601
21.199
21.1603
21.1294
21.0939
21.0808
21.0308
21.0225
21.0324
21.0831
21.1072
21.1865
21.2421
21.3106
21.3822
21.4487
21.4988
21.5316
21.5478
21.532
21.5083
21.4728
21.434
21.3816
21.3135
21.2464
21.1822
21.1299
21.0805
21.0399
21.0124
21.0026
20.9917
21.0039
21.0099
21.0509
21.102
21.1562
21.2156
21.2811
21.3508
21.4071
21.4539
21.4963
21.5203
21.531
21.5233
21.514
21.4889
21.4537
21.4068
21.3554
21.306
21.2529
21.2081
21.1649
21.1336
21.1045
21.0859
21.0623
21.0703
21.0793
21.1131
21.1526
21.2026
21.2581
21.3164
21.3746
21.4184
21.4526
21.4825
21.4809
21.4834
21.4705
21.4493
21.4164
21.3725
21.3317
21.2874
21.2416
21.2012
21.162
21.126
21.0958
21.0602
21.0393
21.0403
21.0553
21.07
21.0817
21.1099
21.1307
21.1523
21.1843
21.2297
21.2632
21.289
21.3051
21.2958
21.2977
21.2731
21.2551
21.2299
21.1954
21.1489
21.1013
21.0546
21.0084
20.9554
20.9035
20.8574
20.8204
20.7945
20.7815
20.7825
20.7862
20.809
20.8273
20.8607
20.8984
20.9304
20.9581
20.9701
20.9871
20.9979
21.0038
21.0034
20.9979
20.9918
20.9774
20.9569
20.9168
20.8807
20.8297
20.7828
20.7421
20.7042
20.6672
20.6348
20.6084
20.5784
20.5618
20.5607
20.5586
20.5626
20.5714
20.5829
20.6045
20.6307
20.6422
20.6533
20.6574
20.6693
20.6781
20.6812
20.6787
20.6763
20.6709
20.6588
20.6466
20.6257
20.6041
20.579
20.5452
20.5066
20.477
20.4423
20.411
20.3798
20.3575
20.3475
20.344
20.3403
20.3525
20.3645
20.3915
20.4172
20.4455
20.4661
20.4906
20.5219
20.5455
20.5647
20.5737
20.5765
20.5673
20.5334
20.5066
20.4745
20.4409
20.4075
20.3786
20.3441
20.3163
20.2865
20.2595
20.2209
20.1979
20.1891
20.1908
20.2001
20.213
20.2349
20.264
20.301
20.3341
20.3676
20.3965
20.4209
20.434
20.4445
20.4496
20.4465
20.4466
20.4377
20.4329
20.4264
20.4135
20.3859
20.3628
20.3412
20.3174
20.289
20.2682
20.242
20.2209
20.2084
20.1971
20.1812
20.1853
20.2067
20.2228
20.2345
20.2529
20.2773
20.3074
20.3371
20.3658
20.3792
20.3947
20.4051
20.4044
20.398
20.3882
20.3749
20.3665
20.3484
20.3289
20.3047
20.2816
20.256
20.2295
20.2098
20.2025
20.1922
20.1842
20.1621
20.1496
20.1479
20.1554
20.1636
20.1794
20.1944
20.2097
20.2256
20.2428
20.2501
20.2518
20.2519
20.2536
20.2512
20.2442
20.2371
20.2283
20.2143
20.1989
20.1942
20.1803
20.1626
20.1489
20.1367
20.1199
20.1104
20.1049
20.0996
20.095
20.0945
20.0984
20.1064
20.1161
20.1263
20.1437
20.1605
20.18
20.2025
20.2145
20.2238
20.2434
20.2582
20.2611
20.2673
20.2648
20.2594
20.2517
20.2384
20.223
20.2117
20.2
20.189
20.1741
20.1613
20.1543
20.1496
20.1485
20.1466
20.1498
20.1664
20.1907
20.22
20.241
20.2543
20.2712
20.289
20.3
20.3067
20.3039
20.3005
20.2962
20.2894
20.2788
20.2688
20.2534
20.2393
20.2276
20.2129
20.1996
20.186
20.1818
20.1755
20.1675
20.1707
20.1726
20.1753
20.1792
20.1841
20.1928
20.2036
20.2156
20.2183
20.2275
20.2324
20.2469
20.2613
20.2838
20.2944
20.299
20.2991
20.2932
20.281
20.2687
20.2606
20.2519
20.2357
20.2221
20.2002
20.1754
20.1588
20.143
20.1376
20.1389
20.1354
20.1347
20.1397
20.1468
20.1581
20.1645
20.179
20.1981
20.2103
20.2189
20.2263
20.2293
20.2374
20.2347
20.2271
20.2095
20.2038
20.1983
20.1938
20.1845
20.1717
20.1642
20.1593
20.1486
20.1496
20.1472
20.1498
20.1599
20.1684
20.1791
20.1698
20.1636
20.174
20.1888
20.205
20.222
20.2329
20.2376
20.2464
20.2509
20.2534
20.2568
20.2612
20.2587
20.2567
20.2491
20.2424
20.2274
20.214
20.2134
20.2148
20.2176
20.2168
20.2119
20.2108
20.2158
20.2184
20.2158
20.2193
20.2195
20.2255
20.2259
20.2304
20.2377
20.2482
20.2456
20.2462
20.2447
20.2468
20.2495
20.2524
20.2469
20.2482
20.2437
20.2328
20.228
20.2221
20.2278
20.2277
20.2189
20.2163
20.213
20.2141
20.2243
20.2315
20.2444
20.2514
20.2578
20.2642
20.2715
20.2719
20.2732
20.2773
20.2814
20.2853
20.2914
20.2957
20.2987
20.302
20.3024
20.2895
20.2751
20.2656
20.2524
20.25
20.2461
20.2412
20.2373
20.2283
20.2297
20.237
20.2462
20.2527
20.2599
20.2617
20.2691
20.2719
20.2777
20.272
20.2797
20.2807
20.2777
20.2807
20.2782
20.2785
20.274
20.2786
20.289
20.2996
20.3127
20.3237
20.3258
20.3275
20.3366
20.3398
20.3473
20.3483
20.3528
20.3612
20.3694
20.3766
20.3814
20.3814
20.3808
20.3848
20.3873
20.3865
20.3882
20.3961
20.3941
20.4018
20.4072
20.4086
20.4117
20.407
20.4063
20.408
20.3964
20.3905
20.3838
20.3861
20.3893
20.3876
20.3878
20.3911
20.3906
20.3954
20.4003
20.402
20.4022
20.397
20.3901
20.3741
20.3611
20.3592
20.3503
20.3437
20.3422
20.3407
20.3381
20.3397
20.3424
20.3554
20.3556
20.3579
20.3667
20.3695
20.3768
20.3828
20.3876
20.3921
20.4041
20.4203
20.4309
20.4378
20.44
20.425
20.4208
20.418
20.4119
20.4033
20.3935
20.3891
20.3837
20.3829
20.385
20.3893
20.3919
20.393
20.3939
20.3968
20.3941
20.4024
20.4062
20.4115
20.4204
20.4342
20.4446
20.4536
20.4522
20.4543
20.4591
20.4686
20.472
20.4666
20.4597
20.4503
20.4402
20.4268
20.4208
20.4189
20.4184
20.4071
20.4029
20.3992
20.3961
20.3941
20.3961
20.3998
20.4085
20.4151
20.426
20.4459
20.4672
20.4752
20.4921
20.5007
20.5016
20.508
20.5111
20.5089
20.5146
20.518
20.512
20.4988
20.4908
20.481
20.4709
20.4623
20.4549
20.4494
20.4464
20.4485
20.4481
20.4572
20.4694
20.4785
20.4904
20.5093
20.5263
20.5407
20.5587
20.5726
20.5821
20.5895
20.596
20.5988
20.599
20.5813
20.5736
20.5627
20.5572
20.5558
20.5507
20.5442
20.5348
20.5201
20.5143
20.5155
20.5114
20.5136
20.5175
20.5164
20.5151
20.5282
20.5396
20.5562
20.568
20.576
20.5833
20.5902
20.6005
20.6056
20.6112
20.6177
20.6248
20.6345
20.6324
20.6238
20.6123
20.6026
20.5996
20.593
20.5853
20.5875
20.5861
20.5867
20.5888
20.5924
20.5931
20.5968
20.6036
20.6056
20.608
20.6094
20.606
20.6131
20.6223
20.6307
20.6448
20.6558
20.6629
20.6637
20.6722
20.6765
20.6769
20.6668
20.6575
20.6439
20.6336
20.6258
20.627
20.6229
20.6198
20.6193
20.6199
20.6207
20.616
20.6087
20.6049
20.6086
20.615
20.6251
20.6269
20.6364
20.6484
20.6669
20.6797
20.6741
20.6792
20.688
20.6874
20.687
20.6828
20.6705
20.6559
20.637
20.6134
20.5958
20.579
20.564
20.559
20.5582
20.5543
20.5578
20.5661
20.5749
20.5842
20.5913
20.5949
20.6027
20.6079
20.6154
20.6242
20.6394
20.6561
20.6652
20.6776
20.6806
20.6803
20.6706
20.6595
20.6437
20.6303
20.6148
20.5949
20.5791
20.5687
20.5593
20.5482
20.5401
20.5428
20.5496
20.5662
20.5727
20.5786
20.5775
20.5724
20.5734
20.5795
20.5942
20.6059
20.6173
20.6282
20.6362
20.6494
20.6494
20.6444
20.6407
20.631
20.6135
20.5917
20.5735
20.5582
20.5481
20.5421
20.5441
20.5476
20.5524
20.5606
20.5661
20.5677
20.5705
20.569
20.5719
20.5661
20.5726
20.5838
20.5759
20.5877
20.5996
20.6136
20.6226
20.6323
20.6464
20.6501
20.6509
20.6428
20.6352
20.6236
20.61
20.5922
20.5734
20.563
20.5587
20.5559
20.5564
20.5575
20.5649
20.5669
20.5652
20.5718
20.578
20.5904
20.602
20.6276
20.6469
20.6651
20.6857
20.7081
20.7132
20.7213
20.7206
20.7164
20.7
20.6858
20.6701
20.6526
20.6318
20.6174
20.6057
20.591
20.5869
20.585
20.5972
20.6044
20.619
20.627
20.64
20.6427
20.6462
20.6591
20.6713
20.6845
20.6878
20.6968
20.7051
20.7083
20.7046
20.7087
20.7045
20.6932
20.6824
20.6708
20.6516
20.6323
20.6229
20.6153
20.6108
20.6074
20.6044
20.5991
20.5986
20.6008
20.601
20.6027
20.6077
20.5954
20.6005
20.6123
20.6165
20.6376
20.6591
20.6776
20.6834
20.6874
20.6871
20.6791
20.6756
20.6676
20.6592
20.65
20.6408
20.6314
20.6269
20.6227
20.6235
20.607
20.6041
20.6
20.5962
20.6048
20.6174
20.6306
20.6427
20.6526
20.6637
20.669
20.6841
20.6982
20.6912
20.6903
20.6903
20.6822
20.681
20.6743
20.6676
20.6546
20.6476
20.6383
20.6304
20.6229
20.6197
20.6123
20.6003
20.5972
20.6042
20.6118
20.6233
20.6296
20.6499
20.6736
20.6954
20.713
20.7404
20.7409
20.7332
20.7347
20.7329
20.7296
20.7285
20.7172
20.7023
20.6871
20.6699
20.6561
20.6449
20.63
20.6149
20.6038
20.5922
20.5888
20.5925
20.597
20.5972
20.6007
20.5929
20.6027
20.6164
20.6366
20.6533
20.678
20.6946
20.7016
20.7125
20.7151
20.7043
20.6927
20.6816
20.667
20.6547
20.6402
20.6252
20.6158
20.6126
20.6115
20.6095
20.6016
20.6019
20.6078
20.6188
20.6273
20.6459
20.6594
20.6724
20.695
20.7121
20.7282
20.7453
20.7525
20.7571
20.7583
20.7422
20.7269
20.7175
20.7049
20.6944
20.685
20.676
20.6658
20.6551
20.636
20.6203
20.6079
20.5974
20.5896
20.5868
20.5822
20.5801
20.5838
20.5933
20.5906
20.5925
20.6009
20.6104
20.6202
20.6337
20.6481
20.6602
20.6718
20.6735
20.6764
20.672
20.6697
20.6694
20.6671
20.6622
20.6585
20.6493
20.6277
20.6209
20.6092
20.6004
20.5939
20.5869
20.5895
20.5894
20.5935
20.603
20.61
20.6245
20.6388
20.6468
20.6558
20.6683
20.6647
20.6687
20.6727
20.6738
20.6771
20.6729
20.6667
20.6545
20.646
20.6349
20.6208
20.6107
20.6051
20.5956
20.5899
20.5805
20.5496
20.5447
20.5404
20.5385
20.5428
20.5495
20.5542
20.5675
20.5739
20.5861
20.5993
20.6092
20.6246
20.6296
20.6353
20.6389
20.6376
20.6358
20.5997
20.5863
20.5756
20.5716
20.5585
20.5453
20.5315
20.5224
20.503
20.4981
20.4957
20.4991
20.4977
20.4987
20.5027
20.5064
20.514
20.5164
20.5192
20.5179
20.5206
20.5286
20.5421
20.547
20.5577
20.5668
20.5743
20.575
20.5728
20.5666
20.5606
20.5516
20.5449
20.5377
20.5297
20.5236
20.5155
20.5074
20.5053
20.506
20.5132
20.5169
20.5188
20.517
20.5118
20.5036
20.4954
20.4878
20.4846
20.4936
20.5051
20.5152
20.5226
20.527
20.5306
20.5406
20.5436
20.54
20.5338
20.5254
20.5296
20.5323
20.528
20.5253
20.517
20.5207
20.5202
20.5197
20.5125
20.5098
20.5058
20.4909
20.4902
20.4867
20.4802
20.4758
20.4723
20.4765
20.4799
20.4792
20.4857
20.4915
20.4897
20.4967
20.5078
20.5041
20.5057
20.5046
20.5052
20.5085
20.5121
20.4991
20.4899
20.4788
20.4722
20.4651
20.4642
20.4587
20.4511
20.4389
20.4285
20.4203
20.415
20.4176
20.4198
20.4252
20.433
20.4486
20.4598
20.469
20.4668
20.4687
20.4706
20.4714
20.4832
20.4871
20.4923
20.4951
20.4871
20.4831
20.4767
20.4661
20.4691
20.4755
20.4704
20.4649
20.4673
20.4617
20.438
20.4294
20.4227
20.4196
20.4152
20.4116
20.4027
20.4116
20.412
20.4175
20.4212
20.4221
20.426
20.4356
20.4429
20.4556
20.4632
20.4657
20.4712
20.4726
20.4634
20.4534
20.4426
20.4309
20.414
20.3943
20.3784
20.3628
20.3369
20.3169
20.306
20.3063
20.3056
20.314
20.3243
20.3202
20.3349
20.3428
20.3469
20.3561
20.364
20.3743
20.3826
20.3772
20.3731
20.3778
20.3833
20.3829
20.365
20.3488
20.335
20.3215
20.3054
20.29
20.2774
20.2611
20.254
20.2526
20.2346
20.2449
20.26
20.2689
20.2805
20.2938
20.3041
20.3179
20.3222
20.3336
20.3377
20.3499
20.3576
20.3649
20.37
20.3764
20.3763
20.3711
20.3687
20.3723
20.371
20.3561
20.3408
20.3186
20.303
20.2911
20.2802
20.2713
20.2823
20.2832
20.294
20.3027
20.3064
20.3182
20.3338
20.3509
20.3629
20.3787
20.3963
20.412
20.4241
20.435
20.4421
20.4438
20.4481
20.4463
20.4419
20.433
20.4246
20.4092
20.3923
20.383
20.3702
20.3594
20.3507
20.3536
20.3566
20.3565
20.357
20.3643
20.3683
20.3775
20.3887
20.398
20.4005
20.406
20.4125
20.4221
20.4304
20.4345
20.4394
20.4398
20.4466
20.4522
20.4556
20.4686
20.4655
20.4644
20.4584
20.4554
20.4518
20.4476
20.4345
20.423
20.4184
20.4096
20.4003
20.3922
20.3856
20.37
20.3642
20.3628
20.3698
20.3775
20.386
20.3967
20.4184
20.4284
20.4353
20.445
20.4496
20.455
20.4638
20.4664
20.4691
20.468
20.4596
20.4522
20.4477
20.4432
20.4466
20.4498
20.4496
20.4445
20.4395
20.437
20.4409
20.4399
20.4469
20.4565
20.4646
20.4702
20.4811
20.4833
20.4904
20.4922
20.4934
20.4955
20.5013
20.5066
20.5049
20.5071
20.5087
20.5135
20.5152
20.5193
20.5089
20.4938
20.4893
20.4781
20.4725
20.4667
20.4635
20.4595
20.4635
20.464
20.475
20.4841
20.4967
20.4989
20.5065
20.5127
20.5195
20.5267
20.5302
20.5451
20.555
20.5554
20.5628
20.5683
20.5715
20.5702
20.5689
20.5627
20.5526
20.5386
20.5281
20.5166
20.5094
20.508
20.5101
20.5122
20.5137
20.52
20.523
20.526
20.532
20.5382
20.5464
20.5539
20.554
20.5518
20.5451
20.5489
20.5449
20.5408
20.5322
20.5306
20.5269
20.524
20.5206
20.5187
20.5166
20.5008
20.5049
20.5087
20.511
20.507
20.5041
20.5064
20.5066
20.5107
20.5136
20.5123
20.5154
20.5077
20.5049
20.4992
20.494
20.4913
20.4951
20.4961
20.4875
20.483
20.4824
20.4898
20.4992
20.4998
20.5036
20.5082
20.5022
20.5132
20.5285
20.5311
20.5303
20.5227
20.5155
20.5114
20.5038
20.4955
20.489
20.4791
20.4764
20.4725
20.4716
20.4787
20.4737
20.4752
20.4729
20.4683
20.4684
20.4724
20.4774
20.4743
20.4781
20.4812
20.4788
20.4746
20.4752
20.4739
20.4754
20.4803
20.4791
20.4706
20.4578
20.4498
20.4431
20.4356
20.4316
20.4307
20.4283
20.4308
20.4274
20.4345
20.4409
20.4398
20.4411
20.4448
20.4438
20.4463
20.4472
20.4463
20.4503
20.4505
20.4584
20.4548
20.458
20.4623
20.4592
20.458
20.4449
20.4471
20.4445
20.439
20.4387
20.4302
20.4208
20.4092
20.4055
20.4081
20.4088
20.4081
20.4106
20.4151
20.4128
20.4199
20.4237
20.4285
20.4349
20.445
20.4593
20.4646
20.4639
20.4621
20.4599
20.4616
20.4613
20.4598
20.4661
20.4664
20.461
20.4647
20.4614
20.4577
20.4558
20.4573
20.4594
20.4643
20.4691
20.4766
20.482
20.4818
20.487
20.4912
20.495
20.5013
20.5027
20.5061
20.4996
20.4989
20.4962
20.49
20.4851
20.4842
20.4806
20.4874
20.4904
20.4845
20.4752
20.4639
20.4547
20.4398
20.4331
20.4333
20.4304
20.4355
20.4374
20.4427
20.4466
20.4468
20.448
20.4501
20.4564
20.4587
20.4606
20.4582
20.4555
20.4516
20.4436
20.4274
20.4269
20.4282
20.4402
20.451
20.4543
20.4544
20.4547
20.4558
20.4535
20.4475
20.445
20.4454
20.4536
20.4622
20.4656
20.4769
20.4822
20.4904
20.4937
20.4873
20.4922
20.4965
20.5028
20.5037
20.5109
20.5186
20.5143
20.4995
20.4874
20.4753
20.4601
20.4548
20.4557
20.4533
20.4502
20.4481
20.4507
20.4546
20.451
20.4518
20.458
20.47
20.4803
20.4872
20.4984
20.5012
20.5026
20.4974
20.4983
20.4945
20.497
20.5004
20.507
20.5099
20.5026
20.5051
20.5023
20.4957
20.4852
20.4691
20.4647
20.4645
20.4536
20.4452
20.4388
20.4448
20.4507
20.459
20.4707
20.4842
20.4956
20.5085
20.5158
20.5286
20.54
20.5494
20.5543
20.5637
20.5748
20.5848
20.5915
20.5886
20.5804
20.5661
20.5526
20.5325
20.5159
20.493
20.4802
20.4703
20.4707
20.4707
20.4783
20.4885
20.4969
20.5044
20.5192
20.5273
20.537
20.5519
20.5636
20.5704
20.5763
20.5803
20.5846
20.5895
20.5949
20.5983
20.5974
20.5935
20.5809
20.5608
20.5421
20.5221
20.508
20.505
20.4977
20.5025
20.4963
20.5051
20.508
20.5142
20.5248
20.5371
20.5578
20.5783
20.5882
20.5949
20.6017
20.6096
20.615
20.6205
20.6275
20.6326
20.6355
20.6336
20.6265
20.613
20.5988
20.5673
20.5523
20.5349
20.5228
20.5171
20.5096
20.5116
20.5142
20.5279
20.547
20.5652
20.5769
20.5936
20.6124
20.6244
20.6355
20.6429
20.6503
20.6535
20.6555
20.6626
20.6619
20.6591
20.6564
20.6471
20.6324
20.6125
20.5889
20.5654
20.5484
20.5381
20.5333
20.534
20.5427
20.5506
20.5598
20.5768
20.5982
20.6071
20.6286
20.645
20.6595
20.6719
20.6852
20.6994
20.7017
20.708
20.7114
20.7099
20.7005
20.6936
20.6784
20.6621
20.645
20.6317
20.6157
20.5947
20.5818
20.5657
20.5575
20.5642
20.5701
20.5738
20.581
20.5938
20.6137
20.6323
20.6455
20.6594
20.6692
20.6893
20.6995
20.7052
20.7189
20.73
20.7355
20.7319
20.7241
20.7153
20.7024
20.6789
20.6689
20.6554
20.6353
20.6125
20.5929
20.5822
20.5804
20.5856
20.5861
20.594
20.6034
20.6162
20.6288
20.6376
20.6449
20.6664
20.6842
20.699
20.708
20.7008
20.6986
20.7026
20.6982
20.695
20.683
20.6669
20.645
20.6249
20.6087
20.5894
20.5728
20.5662
20.5572
20.5566
20.5652
20.5632
20.5683
20.5678
20.575
20.5894
20.6093
20.6255
20.6449
20.6612
20.6789
20.6918
20.7023
20.7027
20.7112
20.7116
20.7076
20.6942
20.6787
20.6614
20.641
20.6247
20.6044
20.5879
20.579
20.5771
20.5672
20.5614
20.5598
20.57
20.5772
20.594
20.6031
20.6104
20.6134
20.6386
20.6498
20.6528
20.6584
20.662
20.6624
20.6621
20.6544
20.6502
20.6455
20.6348
20.6169
20.5944
20.5745
20.5558
20.5388
20.5266
20.5206
20.5151
20.5193
20.5143
20.5177
20.5237
20.53
20.5362
20.5492
20.5537
20.5584
20.5561
20.5572
20.567
20.583
20.5973
20.603
20.6055
20.6037
20.5997
20.5971
20.5969
20.5899
20.5819
20.5689
20.5616
20.55
20.5412
20.5344
20.5269
20.5216
20.5215
20.5215
20.5227
20.5257
20.5326
20.5389
20.5456
20.553
20.5637
20.5731
20.5783
20.5947
20.6065
20.6134
20.6177
20.6233
20.6224
20.6184
20.6166
20.6115
20.6068
20.6066
20.6015
20.6029
20.5946
20.5909
20.5901
20.588
20.5915
20.5946
20.5928
20.5962
20.5877
20.5873
20.5895
20.5928
20.5949
20.5862
20.5869
20.5868
20.5831
20.58
20.5784
20.5718
20.5678
20.5681
20.5678
20.5668
20.5638
20.558
20.5525
20.5481
20.5384
20.5358
20.5299
20.5274
20.5233
20.5203
20.5231
20.5245
20.5208
20.5187
20.5155
20.5196
20.524
20.5274
20.5406
20.5448
20.5486
20.5519
20.5499
20.5482
20.5332
20.5205
20.5179
20.5092
20.4982
20.4865
20.4746
20.479
20.4768
20.4739
20.4763
20.4524
20.4408
20.4312
20.4317
20.4338
20.4312
20.4323
20.4434
20.4493
20.46
20.471
20.478
20.4851
20.4832
20.4677
20.4584
20.4592
20.4533
20.4456
20.4416
20.436
20.4313
20.4259
20.416
20.4041
20.3927
20.3802
20.3678
20.3535
20.3443
20.3412
20.3461
20.3442
20.3487
20.3456
20.3636
20.3802
20.3942
20.4115
20.4272
20.4395
20.4442
20.4505
20.4546
20.4589
20.4554
20.4547
20.4614
20.464
20.4654
20.4638
20.4565
20.4467
20.4377
20.4226
20.4126
20.4014
20.3985
20.3968
20.3976
20.4024
20.4076
20.4183
20.4119
20.4238
20.4387
20.4564
20.4648
20.4776
20.4892
20.4898
20.4962
20.5054
20.5157
20.5235
20.5198
20.5135
20.5113
20.5059
20.4965
20.4813
20.469
20.4614
20.4639
20.465
20.4552
20.4478
20.4458
20.4561
20.4589
20.4621
20.4685
20.4799
20.4938
20.5095
20.5229
20.5303
20.5388
20.549
20.5643
20.576
20.5751
20.5683
20.56
20.5492
20.5368
20.5227
20.5001
20.484
20.4649
20.451
20.4427
20.4372
20.433
20.4311
20.4264
20.4349
20.4399
20.4468
20.4601
20.4678
20.4715
20.4844
20.4982
20.5014
20.5108
20.5251
20.5227
20.5266
20.5248
20.5174
20.5094
20.499
20.4911
20.4824
20.4737
20.4652
20.4623
20.4618
20.4665
20.4653
20.4556
20.4489
20.4477
20.4443
20.4459
20.4638
20.4887
20.5074
20.5198
20.5371
20.5525
20.5632
20.5766
20.5785
20.5807
20.5869
20.5917
20.5934
20.5827
20.5786
20.5753
20.571
20.5613
20.5498
20.5394
20.5311
20.5276
20.5214
20.5194
20.5255
20.5381
20.5459
20.5542
20.5617
20.5704
20.5789
20.5849
20.5908
20.5993
20.6046
20.6013
20.5931
20.5903
20.5864
20.5788
20.57
20.5581
20.5533
20.5445
20.5318
20.521
20.5196
20.5241
20.5271
20.5282
20.532
20.5395
20.5551
20.5519
20.5739
20.5906
20.5997
20.6097
20.6068
20.6043
20.6032
20.5864
20.5739
20.5574
20.5458
20.5394
20.5374
20.5376
20.5289
20.5207
20.5162
20.515
20.5204
20.5224
20.5274
20.5257
20.5269
20.5256
20.5229
20.5164
20.5254
20.5346
20.5406
20.5447
20.5393
20.5405
20.5409
20.5366
20.5336
20.5358
20.54
20.5443
20.5455
20.5491
20.5493
20.5458
20.5452
20.543
20.536
20.5355
20.5289
20.5294
20.5298
20.5327
20.5383
20.5449
20.556
20.5653
20.5755
20.5835
20.5909
20.5957
20.6031
20.612
20.6071
20.6045
20.5945
20.5824
20.569
20.5566
20.5466
20.5398
20.5276
20.515
20.4997
20.4881
20.4867
20.4884
20.4781
20.4894
20.5034
20.5173
20.5362
20.5533
20.5671
20.5861
20.6052
20.6168
20.6216
20.623
20.6217
20.6104
20.602
20.585
20.5703
20.5559
20.5476
20.5498
20.5515
20.5423
20.54
20.5344
20.531
20.5322
20.5308
20.5313
20.5396
20.5501
20.5534
20.5556
20.563
20.562
20.5663
20.5669
20.5763
20.5839
20.5874
20.5968
20.5951
20.5851
20.5803
20.578
20.5612
20.5598
20.5622
20.5485
20.5327
20.5222
20.5098
20.4992
20.4943
20.4901
20.4875
20.4894
20.486
20.4872
20.4891
20.4895
20.4879
20.4934
20.4843
20.4782
20.4871
20.4867
20.4864
20.4932
20.4905
20.487
20.4802
20.4675
20.4639
20.4442
20.4283
20.4086
20.3963
20.3894
20.3793
20.3698
20.3659
20.3637
20.369
20.374
20.3913
20.4035
20.4154
20.4223
20.4235
20.4304
20.4161
20.4147
20.4247
20.4331
20.4379
20.4438
20.4443
20.4373
20.431
20.4317
20.4244
20.4202
20.4124
20.4054
20.4017
20.3915
20.3812
20.3743
20.3716
20.3647
20.3596
20.3594
20.3702
20.3778
20.3794
20.3847
20.3883
20.3951
20.4004
20.4075
20.4193
20.4282
20.4391
20.4491
20.4612
20.4706
20.4737
20.4613
20.4453
20.4296
20.4127
20.3949
20.3779
20.3649
20.3594
20.3609
20.3562
20.3519
20.3565
20.371
20.3721
20.3753
20.382
20.3896
20.3853
20.3868
20.392
20.3888
20.3932
20.3987
20.3873
20.3752
20.3549
20.3337
20.314
20.2942
20.2747
20.2584
20.2391
20.2211
20.2083
20.1993
20.1933
20.1848
20.1865
20.1921
20.1991
20.2086
20.2214
20.24
20.2584
20.2754
20.2896
20.2992
20.3043
20.307
20.303
20.3088
20.3167
20.3325
20.3378
20.3207
20.3148
20.3159
20.3119
20.2984
20.2836
20.27
20.2491
20.2192
20.2015
20.1908
20.1841
20.1854
20.1835
20.1873
20.2018
20.2122
20.2229
20.2202
20.2254
20.226
20.2243
20.2296
20.2344
20.2487
20.2658
20.2814
20.2878
20.2899
20.2883
20.2839
20.2687
20.2615
20.2415
20.2142
20.193
20.1752
20.1622
20.1542
20.1484
20.1437
20.1337
20.1297
20.1222
20.1185
20.1308
20.1457
20.1661
20.1765
20.1778
20.1805
20.1853
20.1918
20.201
20.2098
20.2197
20.2209
20.2314
20.2402
20.2397
20.2343
20.2258
20.22
20.2187
20.2072
20.1896
20.1833
20.1815
20.1767
20.169
20.1709
20.1684
20.1665
20.179
20.1852
20.1934
20.2028
20.2171
20.2414
20.2598
20.2682
20.2805
20.2943
20.3066
20.3148
20.3169
20.317
20.312
20.31
20.3043
20.2877
20.2795
20.2724
20.26
20.2468
20.2315
20.2277
20.2173
20.2172
20.2257
20.235
20.2412
20.2551
20.2686
20.2839
20.3036
20.3203
20.3432
20.3675
20.385
20.3926
20.4067
20.4049
20.3951
20.389
20.3739
20.358
20.3457
20.3367
20.3201
20.3075
20.2859
20.2704
20.2433
20.237
20.2332
20.2307
20.2338
20.2402
20.2506
20.258
20.2788
20.2956
20.3092
20.3262
20.3449
20.3546
20.371
20.3866
20.3992
20.4041
20.406
20.4008
20.3935
20.3876
20.3725
20.361
20.3457
20.3354
20.3276
20.3188
20.3111
20.2972
20.2805
20.2749
20.278
20.2801
20.2973
20.309
20.3194
20.3315
20.3362
20.34
20.3401
20.3379
20.3427
20.3427
20.3385
20.3347
20.3116
20.3098
20.2973
20.2886
20.2745
20.2565
20.2441
20.229
20.2206
20.2147
20.2094
20.2013
20.1993
20.2035
20.2067
20.2098
20.2186
20.23
20.2377
20.2442
20.2552
20.2635
20.2721
20.2772
20.2862
20.2916
20.2946
20.2955
20.296
20.29
20.2827
20.2694
20.262
20.2539
20.2412
20.2308
20.2238
20.2128
20.2013
20.1913
20.1905
20.1948
20.2092
20.2202
20.2307
20.2425
20.2581
20.2706
20.2833
20.2954
20.3088
20.3123
20.3141
20.3275
20.3395
20.3406
20.3404
20.3372
20.3253
20.3196
20.3141
20.3169
20.3247
20.3198
20.3115
20.2987
20.285
20.2767
20.2735
20.2521
20.2535
20.252
20.2579
20.2702
20.29
20.3123
20.3341
20.3605
20.3802
20.4002
20.4066
20.4087
20.4109
20.4127
20.4098
20.4104
20.4092
20.4059
20.4078
20.3972
20.3808
20.3647
20.3533
20.3219
20.3084
20.3007
20.3015
20.2984
20.3029
20.3034
20.3113
20.3221
20.3331
20.3405
20.3495
20.3642
20.3831
20.3964
20.4094
20.412
20.4138
20.4121
20.3959
20.3747
20.3565
20.3454
20.3372
20.3211
20.3094
20.2978
20.2838
20.2726
20.2497
20.2384
20.2383
20.2488
20.259
20.2682
20.2835
20.3005
20.3139
20.3207
20.3311
20.3352
20.348
20.3635
20.3774
20.3934
20.3999
20.4046
20.3861
20.386
20.3845
20.3845
20.3867
20.3855
20.3773
20.3651
20.3513
20.3475
20.3342
20.3297
20.328
20.3361
20.3456
20.3534
20.3584
20.3645
20.3705
20.3747
20.3784
20.3846
20.4015
20.4102
20.4259
20.4451
20.4531
20.4507
20.4564
20.4575
20.451
20.4477
20.4361
20.4204
20.4069
20.3912
20.3557
20.3434
20.3331
20.322
20.315
20.3121
20.3152
20.3018
20.3031
20.3069
20.3126
20.3211
20.3342
20.3483
20.3615
20.3717
20.383
20.38
20.3826
20.3837
20.3813
20.3679
20.3632
20.3378
20.3175
20.2983
20.2782
20.2424
20.2295
20.2197
20.2163
20.2159
20.2158
20.2188
20.234
20.2407
20.2508
20.2564
20.2672
20.2752
20.2831
20.2829
20.2878
20.2916
20.2904
20.2948
20.2946
20.2978
20.306
20.311
20.3092
20.3055
20.3001
20.29
20.2847
20.2755
20.2708
20.2684
20.2725
20.2739
20.2732
20.2779
20.2863
20.2995
20.3124
20.3258
20.3241
20.3302
20.3359
20.35
20.3607
20.365
20.3706
20.3634
20.3624
20.3424
20.3437
20.3455
20.3439
20.3482
20.3445
20.3397
20.3329
20.3288
20.3229
20.3113
20.3022
20.2906
20.2899
20.2915
20.2972
20.3026
20.3066
20.3165
20.326
20.3283
20.3353
20.343
20.3546
20.3622
20.3634
20.3578
20.3512
20.3428
20.3341
20.3268
20.3282
20.3335
20.3293
20.3294
20.3316
20.3301
20.3039
20.2996
20.2986
20.2981
20.2886
20.2887
20.2721
20.2794
20.2879
20.303
20.3173
20.3213
20.3323
20.3361
20.3424
20.3533
20.3561
20.3574
20.3545
20.3519
20.3478
20.3385
20.3274
20.3178
20.3086
20.3004
20.3008
20.3052
20.3124
20.3133
20.3041
20.2934
20.264
20.262
20.2647
20.2708
20.2875
20.3024
20.3177
20.3265
20.3332
20.3374
20.3321
20.3363
20.3392
20.3341
20.3318
20.3268
20.3012
20.2943
20.2852
20.2815
20.2825
20.285
20.2866
20.2824
20.279
20.2704
20.2596
20.2446
20.2314
20.2322
20.2302
20.2199
20.2385
20.2496
20.2588
20.271
20.2631
20.2652
20.2733
20.2818
20.282
20.2851
20.282
20.2845
20.2836
20.2812
20.2759
20.2742
20.2742
20.2735
20.2719
20.2654
20.2548
20.2467
20.2381
20.2344
20.2177
20.2238
20.2273
20.2407
20.25
20.2646
20.2808
20.2939
20.3048
20.3142
20.3194
20.3239
20.3266
20.3237
20.3221
20.3203
20.3109
20.3112
20.3128
20.3189
20.3246
20.3255
20.3285
20.3313
20.3303
20.3236
20.3235
20.3215
20.3226
20.3192
20.3261
20.3309
20.3381
20.3385
20.3392
20.3448
20.3311
20.3361
20.3393
20.3505
20.3475
20.3492
20.3498
20.3466
20.3476
20.3478
20.3475
20.3571
20.3628
20.3665
20.3733
20.3703
20.3729
20.3782
20.373
20.372
20.373
20.368
20.3713
20.3732
20.3669
20.3701
20.3723
20.3753
20.3826
20.3863
20.392
20.3747
20.373
20.3737
20.375
20.3876
20.3839
20.3835
20.3817
20.3866
20.3892
20.393
20.3918
20.378
20.3742
20.3698
20.3647
20.3517
20.3489
20.3513
20.3555
20.3595
20.3655
20.3765
20.3884
20.3966
20.3817
20.3841
20.3895
20.3915
20.3907
20.3867
20.3917
20.3984
20.3997
20.4059
20.4139
20.4143
20.4153
20.4105
20.4099
20.4045
20.3914
20.3843
20.3668
20.3431
20.3351
20.3297
20.3295
20.322
20.3129
20.319
20.3188
20.318
20.3302
20.3407
20.3525
20.3605
20.3698
20.3779
20.3843
20.3895
20.3995
20.4008
20.3999
20.3994
20.3916
20.3867
20.386
20.3723
20.3732
20.372
20.3695
20.3705
20.3723
20.371
20.3736
20.3821
20.3897
20.3971
20.4129
20.4234
20.435
20.4442
20.446
20.4521
20.4609
20.469
20.4708
20.4728
20.4702
20.4715
20.4705
20.4764
20.4696
20.4688
20.4686
20.4681
20.464
20.4565
20.4498
20.4475
20.4451
20.4485
20.4452
20.4477
20.4495
20.4529
20.4562
20.4645
20.4796
20.4874
20.4945
20.5004
20.4927
20.4914
20.4906
20.4902
20.495
20.5005
20.5038
20.4952
20.4924
20.4992
20.5048
20.4919
20.4767
20.4767
20.4767
20.4749
20.4754
20.4752
20.4744
20.4792
20.4809
20.4787
20.4756
20.4786
20.4898
20.4776
20.4764
20.4806
20.4892
20.4998
20.5082
20.5238
20.5305
20.5459
20.556
20.5773
20.597
20.6185
20.6393
20.6597
20.6852
20.7092
20.7399
20.7645
20.7909
20.821
20.8607
20.8958
20.9412
20.9933
21.0413
21.1012
21.1876
21.2945
21.4337
21.6226
21.8866
22.152
22.4151
22.717
23.0482
23.2997
23.5081
23.7221
23.9603
24.2365
24.5063
24.8241
25.1827
25.6077
25.3516
