0.201305
0.401753
0.602146
0.802541
1.00294
1.20333
1.40371
1.60408
1.80446
2.00483
2.2052
2.40556
2.60593
2.8063
3.00667
3.20704
3.40756
3.60795
3.80837
4.00897
4.2094
4.4098
4.61015
4.81053
5.01092
5.21134
5.41173
5.61211
5.81247
6.01286
6.21327
6.41376
6.61414
6.81455
7.01492
7.21528
7.41566
7.61603
7.81638
8.01675
8.21714
8.4175
8.61789
8.81827
9.01873
9.21914
9.4195
9.61987
9.82027
10.0206
10.221
10.4214
10.6218
10.8221
11.0225
11.2229
11.4232
11.6236
11.824
12.0244
12.2248
12.4251
12.6255
12.826
13.0263
13.2267
13.4271
13.6274
13.8278
14.0281
14.2285
14.4289
14.6292
14.8296
15.03
15.2304
15.4307
15.6311
15.8315
16.0319
16.2324
16.4328
16.6331
16.8335
17.0339
17.2342
17.4346
17.635
17.8353
18.0357
18.2361
18.4364
18.6368
18.8371
19.0375
19.2379
19.4382
19.6386
19.839
20.0394
20.2398
20.4402
20.6406
20.841
21.0414
21.2417
21.4421
21.6425
21.8429
22.0432
22.2436
22.444
22.6444
22.8447
23.0451
23.2455
23.4458
23.6461
23.8465
24.0468
24.2472
24.4476
24.648
24.8483
25.0488
25.2492
25.4496
25.65
25.8504
26.0508
26.2511
26.4515
26.6519
26.8522
27.0526
27.253
27.4533
27.6537
27.8541
28.0544
28.2548
28.4551
28.6555
28.8559
29.0563
29.2566
29.457
29.6574
29.8577
30.0581
30.2585
30.4588
30.6592
30.8596
31.06
31.2603
31.4607
31.6611
31.8614
32.0618
32.2622
32.4626
32.663
32.8634
33.0637
33.2641
33.4645
33.6648
33.8652
34.0656
34.266
34.4663
34.6667
34.8671
35.0674
35.2678
35.4681
35.6685
35.8689
36.0692
36.2696
36.47
36.6704
36.8707
37.0711
37.2715
37.4718
37.6722
37.8726
38.0729
38.2733
38.4737
38.6741
38.8744
39.0748
39.2751
39.4755
39.6759
39.8763
40.0767
40.277
40.4774
40.6778
40.8781
41.0785
41.2789
41.4792
41.6796
41.88
42.0803
42.2807
42.4811
42.6814
42.8818
43.0822
43.2826
43.483
43.6833
43.8836
44.0936
44.294
44.4944
44.6948
44.8951
45.0955
45.2959
45.4963
45.6966
45.897
46.0974
46.2977
46.4981
46.6985
46.8988
47.0992
47.2996
47.4999
47.7003
47.9007
48.101
48.3014
48.5018
48.7021
48.9025
49.1028
49.3032
49.5036
49.704
49.9043
50.1047
50.3051
50.5054
50.7058
50.9062
51.1066
51.3069
51.5073
51.7076
51.908
52.1084
52.3087
52.5091
52.7095
52.9098
53.1101
53.3105
53.5109
53.7112
53.9116
54.112
54.3124
54.5127
54.7131
54.9135
55.1138
55.3141
55.5145
55.715
55.9154
56.1157
56.3161
56.5165
56.7168
56.9172
57.1176
57.318
57.5183
57.7187
57.9191
58.1194
58.3198
58.5201
58.7205
58.9209
59.1212
59.3216
59.522
59.7224
59.9227
60.1231
60.3235
60.5238
60.7242
60.9246
61.125
61.3253
61.5257
61.7261
61.9264
62.1268
62.3271
62.5275
62.7279
62.9282
63.1286
63.3289
63.5293
63.7297
63.9301
64.1304
64.3308
64.5312
64.7316
64.932
65.1323
65.3327
65.5331
65.7335
65.9339
66.1342
66.3346
66.535
66.7353
66.9357
67.1361
67.3365
67.5368
67.7372
67.9376
68.1379
68.3383
68.5387
68.739
68.9394
69.1398
69.3401
69.5405
69.7409
69.9413
70.1416
70.342
70.5424
70.7428
70.9432
71.1435
71.3439
71.5443
71.7447
71.9451
72.1455
72.3459
72.5463
72.7467
72.947
73.1474
73.3478
73.5481
73.7485
73.9489
74.1492
74.3496
74.55
74.7504
74.9507
75.1511
75.3515
75.5518
75.7522
75.9526
76.153
76.3533
76.5537
76.7541
76.9545
77.1548
77.3552
77.5555
77.7559
77.9563
78.1566
78.357
78.5574
78.7578
78.9581
79.1585
79.3589
79.5592
79.7596
79.96
80.1603
80.3607
80.5611
80.7615
80.9618
81.1622
81.3626
81.5629
81.7633
81.9637
82.164
82.3644
82.5648
82.7651
82.9655
83.1659
83.3662
83.5666
83.767
83.9674
84.1677
84.3681
84.5684
84.7688
84.9691
85.1695
85.3699
85.5702
85.7706
85.971
86.1714
86.3717
86.5721
86.7725
86.9728
87.1732
87.3736
87.5739
87.7743
87.9747
88.1751
88.3755
88.5759
88.7763
88.9767
89.1771
89.3775
89.5778
89.7782
89.9786
90.1789
90.3793
90.5797
90.78
90.9804
91.1808
91.3811
91.5815
91.7819
91.9822
92.1826
92.383
92.5833
92.7837
92.9841
93.1844
93.3848
93.5852
93.7856
93.9859
94.1863
94.3867
94.5871
94.7875
94.9878
95.1882
95.3886
95.589
95.7893
95.9897
96.1901
96.3904
96.5908
96.7911
96.9915
97.1919
97.3922
97.5926
97.793
97.9933
98.1937
98.3941
98.5944
98.7948
98.9952
99.1956
99.396
99.5963
99.7967
99.9971
100.197
100.398
100.598
100.799
100.999
101.199
101.4
101.6
101.8
102.001
102.201
102.402
102.602
102.802
103.003
103.203
103.403
103.604
103.804
104.004
104.205
104.405
104.606
104.806
105.006
105.207
105.407
105.608
105.808
106.008
106.209
106.409
106.609
106.81
107.01
107.21
107.411
107.611
107.812
108.012
108.212
108.413
108.613
108.813
109.014
109.214
109.415
109.615
109.815
110.016
110.216
110.416
110.617
110.817
111.018
111.218
111.418
111.619
111.819
112.019
112.22
112.42
112.621
112.821
113.021
113.222
113.422
113.622
113.823
114.023
114.224
114.424
114.624
114.825
115.025
115.225
115.426
115.626
115.826
116.027
116.227
116.428
116.628
116.828
117.029
117.229
117.429
117.63
117.83
118.031
118.231
118.431
118.632
118.832
119.032
119.233
119.433
119.633
119.834
120.034
120.235
120.435
120.635
120.836
121.036
121.236
121.437
121.637
121.838
122.038
122.238
122.439
122.639
122.839
123.04
123.24
123.44
123.641
123.841
124.042
124.242
124.442
124.643
124.843
125.043
125.244
125.444
125.645
125.845
126.045
126.246
126.446
126.646
126.847
127.047
127.247
127.448
127.648
127.849
128.049
128.249
128.45
128.65
128.85
129.051
129.251
129.451
129.652
129.852
130.053
130.253
130.453
130.654
130.854
131.054
131.255
131.455
131.656
131.856
132.056
132.257
132.457
132.658
132.858
133.058
133.259
133.459
133.659
133.86
134.06
134.26
134.461
134.661
134.862
135.062
135.262
135.463
135.663
135.863
136.064
136.264
136.465
136.665
136.865
137.066
137.266
137.466
137.667
137.867
138.067
138.268
138.468
138.669
138.869
139.069
139.27
139.47
139.67
139.871
140.071
140.272
140.472
140.672
140.873
141.073
141.273
141.474
141.674
141.874
142.075
142.275
142.476
142.676
142.876
143.077
143.277
143.477
143.678
143.878
144.079
144.279
144.479
144.68
144.88
145.08
145.281
145.481
145.682
145.882
146.082
146.283
146.483
146.683
146.884
147.084
147.285
147.485
147.685
147.886
148.086
148.287
148.487
148.687
148.888
149.088
149.288
149.489
149.689
149.889
150.09
150.29
150.491
150.691
150.891
151.092
151.292
151.492
151.693
151.893
152.094
152.294
152.494
152.695
152.895
153.095
153.296
153.496
153.697
153.897
154.097
154.298
154.498
154.698
154.899
155.099
155.299
155.5
155.7
155.901
156.101
156.301
156.502
156.702
156.902
157.103
157.303
157.504
157.704
157.904
158.105
158.305
158.505
158.706
158.906
159.107
159.307
159.507
159.708
159.908
160.108
160.309
160.509
160.71
160.91
161.11
161.311
161.511
161.711
161.912
162.112
162.313
162.513
162.713
162.914
163.114
163.314
163.515
163.715
163.916
164.116
164.316
164.517
164.717
164.917
165.118
165.318
165.518
165.719
165.919
166.12
166.32
166.52
166.721
166.921
167.121
167.322
167.522
167.723
167.923
168.123
168.324
168.524
168.725
168.925
169.125
169.326
169.526
169.726
169.927
170.127
170.328
170.528
170.728
170.929
171.129
171.329
171.53
171.73
171.931
172.131
172.331
172.532
172.732
172.932
173.133
173.333
173.533
173.734
173.934
174.135
174.335
174.535
174.736
174.936
175.136
175.337
175.537
175.738
175.938
176.138
176.339
176.539
176.739
176.94
177.14
177.34
177.541
177.741
177.942
178.142
178.342
178.543
178.743
178.943
179.144
179.344
179.544
179.745
179.945
180.146
180.346
180.546
180.747
180.947
181.147
181.348
181.548
181.748
181.949
182.149
182.35
182.55
182.75
182.951
183.151
183.351
183.552
183.752
183.952
184.164
184.364
184.565
184.765
184.965
185.166
185.366
185.566
185.767
185.967
186.167
186.368
186.568
186.769
186.969
187.169
187.37
187.57
187.771
187.971
188.171
188.372
188.572
188.772
188.973
189.173
189.373
189.574
189.774
189.975
190.175
190.375
190.576
190.776
190.976
191.177
191.377
191.577
191.778
191.978
192.179
192.379
192.579
192.78
192.98
193.181
193.381
193.581
193.782
193.982
194.182
194.383
194.583
194.783
194.984
195.184
195.385
195.585
195.786
195.986
196.187
196.387
196.587
196.788
196.988
197.189
197.389
197.589
197.79
197.99
198.19
198.391
198.591
198.792
198.992
199.192
199.393
199.593
199.793
199.994
200.194
200.395
200.595
200.795
200.996
201.196
201.396
201.597
201.797
201.998
202.198
202.398
202.599
202.799
202.999
203.2
203.4
203.601
203.801
204.001
204.202
204.402
204.602
204.803
205.003
205.203
205.404
205.604
205.805
206.005
206.206
206.406
206.606
206.807
207.007
207.208
207.408
207.608
207.809
208.009
208.21
208.41
208.61
208.811
209.011
209.211
209.412
209.612
209.813
210.013
210.213
210.414
210.614
210.814
211.015
211.215
211.416
211.616
211.816
212.017
212.217
212.417
212.618
212.818
213.019
213.219
213.419
213.62
213.82
214.02
214.221
214.421
214.621
214.822
215.022
215.222
215.423
215.623
215.824
216.024
216.224
216.425
216.625
216.825
217.026
217.226
217.427
217.627
217.827
218.028
218.228
218.428
218.629
218.829
219.03
219.23
219.43
219.631
219.831
220.031
220.232
220.432
220.633
220.833
221.033
221.234
221.434
221.634
221.835
222.035
222.235
222.436
222.636
222.837
223.037
223.237
223.438
223.638
223.838
224.039
224.239
224.44
224.64
224.84
225.041
225.241
225.441
225.642
225.842
226.043
226.243
226.443
226.644
226.844
227.045
227.245
227.445
227.646
227.846
228.046
228.247
228.447
228.648
228.848
229.048
229.249
229.449
229.649
229.85
230.05
230.25
230.451
230.651
230.852
231.052
231.252
231.453
231.653
231.853
232.054
232.254
232.455
232.655
232.855
233.056
233.256
233.456
233.657
233.857
234.058
234.258
234.458
234.659
234.859
235.059
235.26
235.46
235.661
235.861
236.061
236.262
236.462
236.662
236.863
237.063
237.264
237.464
237.664
237.865
238.065
238.265
238.466
238.666
238.867
239.067
239.267
239.468
239.668
239.868
240.069
240.269
240.47
240.67
240.87
241.071
241.271
241.471
241.672
241.872
242.073
242.273
242.473
242.674
242.874
243.074
243.275
243.475
243.675
243.876
244.076
244.277
244.477
244.677
244.878
245.078
245.278
245.479
245.679
245.88
246.08
246.28
246.481
246.681
246.881
247.082
247.282
247.483
247.683
247.883
248.084
248.284
248.484
248.685
248.885
249.085
249.286
249.486
249.687
249.887
250.087
250.288
250.488
250.688
250.889
251.089
251.29
251.49
251.69
251.891
252.091
252.291
252.492
252.692
252.893
253.093
253.293
253.494
253.694
253.895
254.095
254.295
254.496
254.696
254.896
255.097
255.297
255.498
255.698
255.898
256.099
256.299
256.499
256.7
256.9
257.1
257.301
257.501
257.702
257.902
258.102
258.303
258.503
258.703
258.904
259.104
259.304
259.505
259.705
259.906
260.106
260.306
260.507
260.707
260.907
261.108
261.308
261.509
261.709
261.909
262.11
262.31
262.51
262.711
262.911
263.112
263.312
263.512
263.713
263.913
264.113
264.314
264.514
264.715
264.915
265.115
265.316
265.516
265.716
265.917
266.117
266.318
266.518
266.718
266.919
267.119
267.319
267.52
267.72
267.92
268.121
268.321
268.522
268.722
268.922
269.123
269.323
269.523
269.724
269.924
270.125
270.325
270.525
270.726
270.926
271.126
271.327
271.527
271.728
271.928
272.128
272.329
272.529
272.729
272.93
273.13
273.331
273.531
273.731
273.932
274.132
274.332
274.533
274.733
274.934
275.134
275.334
275.535
275.735
275.935
276.136
276.336
276.537
276.737
276.937
277.138
277.338
277.538
277.739
277.939
278.14
278.34
278.54
278.741
278.941
279.141
279.342
279.542
279.743
279.943
280.143
280.344
280.544
280.744
280.945
281.145
281.346
281.546
281.746
281.947
282.147
282.347
282.548
282.748
282.948
283.149
283.349
283.55
283.75
283.95
284.151
284.351
284.551
284.752
284.952
285.153
285.367
285.568
285.768
285.968
286.169
286.369
286.569
286.77
286.97
287.17
287.371
287.571
287.772
287.972
288.172
288.373
288.573
288.773
288.974
289.174
289.375
289.575
289.775
289.976
290.176
290.376
290.577
290.777
290.978
291.178
291.378
291.579
291.779
291.979
292.18
292.38
292.581
292.781
292.981
293.182
293.382
293.582
293.783
293.983
294.201
294.401
294.601
294.802
295.002
295.202
295.403
295.603
295.804
296.004
296.204
296.405
296.605
296.805
297.006
297.206
297.406
297.607
297.807
298.008
298.208
298.408
298.609
298.809
299.009
299.21
299.41
299.611
299.811
300.011
300.212
300.412
300.612
300.813
301.013
301.214
301.414
301.614
301.815
302.015
302.215
302.416
302.616
302.817
303.017
303.217
303.418
303.618
303.818
304.019
304.219
304.42
304.62
304.82
305.021
305.221
305.421
305.622
305.822
306.022
306.223
306.423
306.624
306.824
307.024
307.225
307.425
307.625
307.826
308.026
308.227
308.427
308.627
308.828
309.028
309.228
309.429
309.629
309.83
310.03
310.23
310.431
310.631
310.831
311.032
311.232
311.433
311.633
311.833
312.034
312.234
312.434
312.635
312.835
313.036
313.236
313.436
313.637
313.837
314.037
314.238
314.438
314.639
314.839
315.039
315.24
315.44
315.64
315.841
316.041
316.241
316.442
316.642
316.843
317.043
317.243
317.444
317.644
317.844
318.045
318.245
318.446
318.646
318.846
319.047
319.247
319.447
319.648
319.848
320.049
320.249
320.449
320.65
320.85
321.05
321.251
321.451
321.651
321.852
322.052
322.253
322.453
322.653
322.854
323.054
323.254
323.455
323.655
323.856
324.056
324.256
324.457
324.657
324.857
325.058
325.258
325.458
325.659
325.859
326.06
326.26
326.46
326.661
326.861
327.061
327.262
327.462
327.662
327.863
328.063
328.264
328.464
328.664
328.865
329.065
329.265
329.466
329.666
329.867
330.067
330.267
330.468
330.668
330.868
331.069
331.269
331.47
331.67
331.87
332.071
332.271
332.471
332.672
332.872
333.073
333.273
333.473
333.674
333.874
334.074
334.275
334.475
334.676
334.876
335.076
335.277
335.477
335.677
335.878
336.078
336.279
336.479
336.679
336.88
337.08
337.28
337.481
337.681
337.881
338.082
338.282
338.483
338.683
338.883
339.084
339.284
339.484
339.685
339.885
340.086
340.286
340.486
340.687
340.887
341.087
341.288
341.488
341.689
341.889
342.089
342.29
342.49
342.69
342.891
343.091
343.292
343.492
343.692
343.893
344.093
344.293
344.494
344.694
344.895
345.095
345.295
345.496
345.696
345.897
346.097
346.298
346.498
346.698
346.899
347.099
347.299
347.5
347.7
347.9
348.101
348.301
348.501
348.702
348.902
349.103
349.303
349.503
349.704
349.904
350.104
350.305
350.505
350.705
350.906
351.106
351.306
351.507
351.707
351.907
352.108
352.308
352.508
352.709
352.909
353.109
353.31
353.51
353.711
353.911
354.111
354.312
354.512
354.712
354.913
355.113
355.313
355.514
355.714
355.914
356.115
356.315
356.515
356.716
356.916
357.116
357.317
357.517
357.718
357.918
358.118
358.319
358.519
358.719
358.92
359.12
359.32
359.521
359.721
359.922
360.122
360.322
360.523
360.723
360.923
361.124
361.324
361.524
361.725
361.925
362.126
362.326
362.526
362.727
362.927
363.127
363.328
363.528
363.729
363.929
364.129
364.33
364.53
364.73
364.931
365.131
365.332
365.532
365.732
365.933
366.133
366.333
366.534
366.734
366.935
367.135
367.335
367.536
367.736
367.936
368.137
368.337
368.538
368.738
368.938
369.139
369.339
369.54
369.74
369.94
370.141
370.341
370.541
370.742
370.942
371.143
371.343
371.543
371.744
371.944
372.144
372.345
372.545
372.746
372.946
373.146
373.347
373.547
373.747
373.948
374.148
374.349
374.549
374.749
374.95
375.15
375.35
375.551
375.751
375.951
376.152
376.352
376.553
376.753
376.953
377.154
377.354
377.554
377.755
377.955
378.156
378.356
378.556
378.757
378.957
379.157
379.358
379.558
379.759
379.959
380.159
380.36
380.56
380.76
380.961
381.161
381.362
381.562
381.762
381.963
382.163
382.363
382.564
382.764
382.965
383.165
383.365
383.566
383.766
383.966
384.167
384.367
384.568
384.768
384.968
385.169
385.369
385.569
385.77
385.97
386.171
386.371
386.571
386.772
386.972
387.173
387.373
387.573
387.774
387.974
388.174
388.375
388.575
388.776
388.976
389.176
389.377
389.577
389.777
389.978
390.178
390.379
390.579
390.779
390.98
391.18
391.381
391.581
391.781
391.982
392.182
392.382
392.583
392.783
392.984
393.184
393.384
393.585
393.785
393.985
394.186
394.386
394.587
394.787
394.987
395.188
395.388
395.588
395.789
395.989
396.19
396.39
396.59
396.791
396.991
397.191
397.392
397.592
397.793
397.993
398.193
398.394
398.594
398.794
398.995
399.195
399.396
399.596
399.796
399.997
400.197
400.397
400.598
400.798
400.999
401.199
401.399
401.6
401.8
402
402.201
402.401
402.602
402.802
403.002
403.203
403.403
403.603
403.804
404.004
404.205
404.405
404.605
404.806
405.006
405.206
405.407
405.607
405.807
406.008
406.208
406.409
406.609
406.809
407.01
407.21
407.41
407.611
407.811
408.012
408.212
408.412
408.613
408.813
409.013
409.214
409.414
409.615
409.815
410.015
410.216
410.416
410.617
410.817
411.017
411.218
411.418
411.618
411.819
412.019
412.22
412.42
412.62
412.821
413.021
413.221
413.422
413.622
413.823
414.023
414.223
414.424
414.624
414.824
415.025
415.225
415.426
415.626
415.826
416.027
416.227
416.427
416.628
416.828
417.029
417.229
417.429
417.63
417.83
418.031
418.231
418.431
418.632
418.832
419.032
419.233
419.433
419.634
419.834
420.034
420.235
420.435
420.636
420.836
421.036
421.237
421.437
421.637
421.838
422.038
422.239
422.439
422.639
422.84
423.04
423.24
423.441
423.641
423.842
424.042
424.242
424.443
424.643
424.843
425.044
425.244
425.445
425.645
425.845
426.046
426.246
426.446
426.647
426.847
427.047
427.248
427.448
427.649
427.849
428.049
428.25
428.45
428.651
428.852
429.052
429.252
429.453
429.653
429.854
430.054
430.254
430.455
430.655
430.855
431.056
431.256
431.457
431.657
431.857
432.058
432.258
432.458
432.659
432.859
433.06
433.26
433.46
433.661
433.861
434.061
434.262
434.462
434.663
434.863
435.063
435.264
435.464
435.664
435.865
436.065
436.266
436.466
436.666
436.867
437.067
437.267
437.468
437.668
437.869
438.069
438.269
438.47
438.67
438.87
439.071
439.271
439.472
439.672
439.872
440.073
440.273
440.473
440.674
440.874
441.074
441.275
441.475
441.676
441.876
442.076
442.277
442.477
442.677
442.878
443.078
443.279
443.479
443.679
443.88
444.08
444.28
444.481
444.681
444.882
445.082
445.282
445.483
445.683
445.883
446.084
446.284
446.485
446.685
446.885
447.086
447.286
447.486
447.687
447.887
448.088
448.288
448.488
448.689
448.889
449.089
449.29
449.49
449.69
449.891
450.091
450.291
450.492
450.692
450.893
451.093
451.293
451.494
451.694
451.894
452.095
452.295
452.496
452.696
452.896
453.097
453.297
453.497
453.698
453.898
454.098
454.299
454.499
454.699
454.9
455.1
455.301
455.501
455.701
455.902
456.102
456.302
456.503
456.703
456.904
457.104
457.304
457.505
457.705
457.905
458.106
458.306
458.507
458.707
458.907
459.108
459.308
459.508
459.709
459.909
460.11
460.31
460.51
460.711
460.911
461.111
461.312
461.512
461.713
461.913
462.113
462.314
462.514
462.714
462.915
463.115
463.316
463.516
463.716
463.917
464.117
464.317
464.518
464.718
464.918
465.119
465.319
465.52
465.72
465.92
466.121
466.321
466.521
466.722
466.922
467.123
467.323
467.524
467.725
467.925
468.125
468.326
468.526
468.726
468.927
469.127
469.327
469.528
469.728
469.929
470.129
470.329
470.53
470.73
470.931
471.131
471.331
471.532
471.732
471.932
472.133
472.333
472.534
472.734
472.934
473.135
473.335
473.535
473.736
473.936
474.136
474.337
474.537
474.738
474.938
475.138
475.339
475.539
475.739
475.94
476.14
476.341
476.541
476.741
476.942
477.142
477.342
477.543
477.743
477.944
478.144
478.344
478.545
478.745
478.945
479.146
479.346
479.546
479.747
479.947
480.147
480.348
480.548
480.749
480.949
481.149
481.35
481.55
481.75
481.951
482.151
482.351
482.552
482.752
482.952
483.153
483.353
483.553
483.754
483.954
484.154
484.355
484.555
484.756
484.956
485.156
485.357
485.557
485.757
485.958
486.158
486.358
486.559
486.759
486.959
487.16
487.36
487.56
487.761
487.961
488.161
488.362
488.562
488.763
488.963
489.163
489.364
489.564
489.764
489.965
490.165
490.365
490.566
490.766
490.966
491.167
491.367
491.567
491.768
491.968
492.169
492.369
492.569
492.77
492.97
493.17
493.371
493.571
493.771
493.972
494.172
494.372
494.573
494.773
494.973
495.174
495.374
495.575
495.775
495.975
496.176
496.376
496.576
496.777
496.977
497.177
497.378
497.578
497.778
497.979
498.179
498.38
498.58
498.78
498.981
499.181
499.381
499.582
499.782
499.982
500.183
500.383
500.583
500.784
500.984
501.184
501.385
501.585
501.786
501.986
502.186
502.387
502.587
502.787
502.988
503.188
503.388
503.589
503.789
503.989
504.19
504.39
504.591
504.791
504.991
505.192
505.392
505.592
505.793
505.993
506.193
506.394
506.594
506.795
506.995
507.195
507.396
507.596
507.796
507.997
508.197
508.397
508.598
508.798
508.999
509.199
509.399
509.6
509.814
510.014
510.214
510.415
510.615
510.815
511.016
511.216
511.417
511.617
511.817
512.018
512.218
512.418
512.619
512.819
513.02
513.22
513.42
513.621
513.821
514.022
514.222
514.422
514.623
514.823
515.023
515.224
515.424
515.624
515.825
516.025
516.226
516.426
516.626
516.827
517.027
517.227
517.428
517.628
517.829
518.029
518.229
518.43
518.63
518.831
519.031
519.231
519.432
519.632
519.832
520.033
520.233
520.434
520.634
520.834
521.035
521.235
521.435
521.636
521.836
522.037
522.237
522.437
522.638
522.838
523.038
523.239
523.439
523.639
523.84
524.04
524.241
524.441
524.641
524.842
525.042
525.243
525.443
525.643
525.844
526.044
526.244
526.445
526.645
526.845
527.046
527.246
527.447
527.647
527.847
528.048
528.248
528.448
528.649
528.849
529.05
529.25
529.45
529.651
529.851
530.051
530.252
530.452
530.653
530.853
531.053
531.254
531.454
531.654
531.855
532.055
532.256
532.456
532.656
532.857
533.057
533.257
533.458
533.658
533.859
534.059
534.259
534.46
534.66
534.86
535.061
535.261
535.461
535.662
535.862
536.063
536.263
536.463
536.664
536.864
537.065
537.265
537.465
537.666
537.866
538.066
538.267
538.467
538.667
538.868
539.068
539.269
539.469
539.669
539.87
540.07
540.27
540.471
540.671
540.872
541.072
541.272
541.473
541.673
541.873
542.074
542.274
542.475
542.675
542.875
543.076
543.276
543.476
543.677
543.877
544.078
544.278
544.478
544.679
544.879
545.079
545.28
545.48
545.681
545.881
546.081
546.282
546.482
546.682
546.883
547.083
547.284
547.484
547.684
547.885
548.085
548.285
548.486
548.686
548.887
549.087
549.287
549.488
549.688
549.888
550.089
550.289
550.49
550.69
550.89
551.091
551.291
551.492
551.692
551.892
552.093
552.293
552.493
552.694
552.894
553.094
553.295
553.495
553.696
553.896
554.096
554.297
554.497
554.697
554.898
555.098
555.299
555.499
555.699
555.9
556.1
556.301
556.501
556.701
556.902
557.102
557.302
557.503
557.703
557.903
558.104
558.304
558.505
558.705
558.905
559.106
559.306
559.506
559.707
559.907
560.108
560.308
560.508
560.709
560.909
561.109
561.31
561.51
561.71
561.911
562.111
562.312
562.512
562.712
562.913
563.113
563.313
563.514
563.714
563.915
564.115
564.315
564.516
564.716
564.916
565.117
565.317
565.518
565.718
565.918
566.119
566.319
566.519
566.72
566.92
567.121
567.321
567.521
567.722
567.922
568.122
568.323
568.523
568.724
568.924
569.124
569.325
569.525
569.725
569.926
570.126
570.327
570.527
570.727
570.928
571.128
571.328
571.529
571.729
571.93
572.13
572.33
572.531
572.731
572.931
573.132
573.332
573.532
573.733
573.933
574.134
574.334
574.534
574.735
574.935
575.135
575.336
575.536
575.737
575.937
576.137
576.338
576.538
576.738
576.939
577.139
577.34
577.54
577.74
577.941
578.141
578.341
578.542
578.742
578.942
579.143
579.343
579.544
579.744
579.944
580.145
580.345
580.545
580.746
580.946
581.147
581.347
581.547
581.748
581.948
582.148
582.349
582.549
582.75
582.95
583.15
583.351
583.551
583.751
583.952
584.152
584.353
584.553
584.753
584.954
585.154
585.354
585.555
585.755
585.955
586.156
586.356
586.557
586.757
586.957
587.158
587.358
587.558
587.759
587.959
588.16
588.36
588.56
588.761
588.961
589.161
589.362
589.562
589.763
589.963
590.163
590.364
590.564
590.764
590.965
591.165
591.366
591.566
591.766
591.967
592.167
592.367
592.568
592.768
592.969
593.169
593.369
593.57
593.77
593.97
594.171
594.371
594.572
594.772
594.972
595.173
595.373
595.573
595.774
595.974
596.175
596.375
596.575
596.776
596.976
597.176
597.377
597.577
597.778
597.978
598.178
598.379
598.579
598.779
598.98
599.18
599.381
599.581
599.781
599.982
600.182
600.382
600.583
600.783
600.984
601.184
601.384
601.585
601.785
601.985
602.186
602.386
602.587
602.787
602.987
603.188
603.388
603.588
603.789
603.989
604.19
604.39
604.59
604.791
604.991
605.191
605.392
605.592
605.793
605.993
606.193
606.394
606.594
606.794
606.995
607.195
607.396
607.596
607.796
607.997
608.197
608.397
608.598
608.798
608.999
609.199
609.399
609.6
609.8
610
610.201
610.401
610.601
610.802
611.002
611.203
611.403
611.603
611.804
612.004
612.204
612.405
612.605
612.806
613.006
613.206
613.407
613.607
613.807
614.008
614.208
614.409
614.609
614.809
615.01
615.21
615.41
615.611
615.811
616.012
616.212
616.412
616.613
616.813
617.013
617.214
617.414
617.615
617.815
618.015
618.216
618.416
618.616
618.817
619.017
619.218
619.418
619.618
619.819
620.019
620.219
620.42
620.62
620.821
621.021
621.221
621.422
621.622
621.822
622.023
622.223
622.424
622.624
622.824
623.025
623.225
623.425
623.626
623.826
624.027
624.227
624.427
624.628
624.828
625.028
625.229
625.429
625.63
625.83
626.03
626.231
626.431
626.631
626.832
627.032
627.232
627.433
627.633
627.834
628.034
628.234
628.435
628.635
628.835
629.036
629.236
629.437
629.637
629.837
630.038
630.238
630.438
630.639
630.839
631.04
631.24
631.44
631.641
631.841
632.041
632.242
632.442
632.643
632.843
633.043
633.244
633.444
633.644
633.845
634.045
634.246
634.446
634.646
634.847
635.047
635.247
635.448
635.648
635.849
636.049
636.249
636.45
636.65
636.85
637.051
637.251
637.451
637.652
637.852
638.053
638.253
638.453
638.654
638.854
639.054
639.255
639.455
639.656
639.856
640.056
640.257
640.457
640.657
640.858
641.058
641.259
641.459
641.659
641.86
642.06
642.26
642.461
642.661
642.862
643.062
643.262
643.463
643.663
643.863
644.064
644.264
644.465
644.665
644.865
645.066
645.266
645.466
645.667
645.867
646.068
646.268
646.468
646.669
646.869
647.069
647.27
647.47
647.671
647.871
648.071
648.272
648.472
648.672
648.873
649.073
649.274
649.474
649.674
649.875
650.075
650.275
650.476
650.676
650.876
651.077
651.277
651.478
651.678
651.878
652.079
652.279
652.479
652.68
652.88
653.081
653.281
653.481
653.682
653.882
654.082
654.283
654.483
654.684
654.884
655.084
655.285
655.485
655.685
655.886
656.086
656.287
656.487
656.687
656.888
657.088
657.289
657.489
657.689
657.89
658.09
658.29
658.491
658.691
658.891
659.092
659.292
659.493
659.693
659.893
660.094
660.294
660.494
660.695
660.895
661.096
661.296
661.496
661.697
661.897
662.097
662.298
662.498
662.698
662.899
663.099
663.3
663.5
663.7
663.901
664.101
664.301
664.502
664.702
664.903
665.103
665.303
665.504
665.704
665.904
666.105
666.305
666.506
666.706
666.906
667.107
667.307
667.508
667.708
667.908
668.109
668.309
668.509
668.71
668.91
669.111
669.311
669.511
669.712
669.912
670.112
670.313
670.513
670.713
670.914
671.114
671.315
671.515
671.715
671.916
672.116
672.317
672.517
672.717
672.918
673.118
673.318
673.519
673.719
673.92
674.12
674.32
674.521
674.721
674.921
675.122
675.322
675.522
675.723
675.923
676.124
676.324
676.524
676.725
676.925
677.125
677.326
677.526
677.727
677.927
678.127
678.328
678.528
678.728
678.929
679.129
679.33
679.53
679.73
679.931
680.131
680.331
680.532
680.732
680.932
681.133
681.333
681.534
681.734
681.934
682.135
682.335
682.535
682.736
682.936
683.137
683.337
683.537
683.738
683.938
684.138
684.339
684.539
684.739
684.94
685.14
685.341
685.541
685.741
685.942
686.142
686.342
686.543
686.743
686.943
687.144
687.344
687.544
687.745
687.945
688.145
688.346
688.546
688.746
688.947
689.147
689.347
689.548
689.748
689.948
690.149
690.349
690.549
690.749
690.95
691.15
691.35
691.55
691.751
691.951
692.151
