45.3106
2.27052e+07
0
0
136.052
143.055
142.771
142.522
142.621
142.398
142.624
142.618
142.612
142.603
142.591
142.579
142.565
142.547
142.532
142.511
142.49
142.464
142.44
142.415
142.386
142.358
142.326
142.293
142.258
142.223
142.183
142.146
142.103
142.06
142.014
141.968
141.924
141.878
141.831
141.783
141.729
141.678
141.625
141.571
141.516
141.46
141.403
141.344
141.281
141.219
141.156
141.093
141.029
140.963
140.897
140.826
140.753
140.682
140.61
140.538
140.46
140.389
140.314
140.237
140.159
140.081
140.004
139.92
139.838
139.755
139.672
139.585
139.498
139.408
139.303
139.217
139.128
139.035
138.944
138.853
138.762
138.667
138.571
138.479
138.382
138.287
138.19
138.09
137.991
137.893
137.79
137.687
137.585
137.481
137.378
137.276
137.17
137.065
136.957
136.848
136.743
136.634
136.53
136.415
136.303
136.193
136.075
135.964
135.85
135.732
135.622
135.508
135.385
135.268
135.152
135.028
134.912
134.792
134.669
134.547
134.423
134.306
134.181
134.062
133.936
133.812
133.685
133.555
133.424
133.294
133.165
133.037
132.917
132.785
132.656
132.527
132.404
132.27
132.136
132.009
131.868
131.74
131.602
131.469
131.335
131.193
131.056
130.912
130.775
130.643
130.5
130.357
130.215
130.063
129.922
129.78
129.626
129.479
129.345
129.2
129.054
128.91
128.759
128.614
128.464
128.311
128.161
128.006
127.854
127.711
127.56
127.412
127.259
127.109
126.959
126.8
126.639
126.484
126.331
126.168
126.014
125.862
125.704
125.544
125.385
125.231
125.071
124.919
124.754
124.596
124.428
124.273
124.111
123.95
123.792
123.632
123.471
123.306
123.144
122.979
122.821
122.667
122.506
122.348
122.192
122.031
121.869
121.707
121.545
121.38
121.219
121.058
120.901
120.74
120.58
120.418
120.252
120.1
119.945
119.788
119.627
119.473
119.317
119.158
119.002
118.843
118.686
118.531
118.38
118.222
118.07
117.917
117.759
117.603
117.45
117.292
117.14
116.991
116.832
116.676
116.52
116.373
116.22
116.068
115.919
115.769
115.615
115.467
115.322
115.177
115.031
114.873
114.72
114.578
114.434
114.292
114.152
114.014
113.871
113.732
113.597
113.462
113.327
113.189
113.06
112.926
112.795
112.662
112.528
112.398
112.27
112.146
112.026
111.901
111.781
111.659
111.543
111.424
111.308
111.196
111.087
110.982
110.868
110.753
110.646
110.535
110.431
110.32
110.213
110.104
110.002
109.897
109.788
109.681
109.583
109.484
109.391
109.292
109.203
109.107
109.013
108.918
108.827
108.733
108.652
108.595
108.543
108.524
108.503
108.46
108.411
108.382
108.33
108.283
108.217
108.181
108.137
108.093
108.081
108.027
107.985
107.938
107.925
107.865
107.85
107.805
107.743
107.726
107.687
107.643
107.607
107.615
107.591
107.564
107.575
107.554
107.544
107.532
107.518
107.507
107.538
107.545
107.554
107.581
107.631
107.623
107.671
107.677
107.723
107.723
107.756
107.789
107.82
107.845
107.886
107.905
107.958
107.953
107.997
108.022
108.075
108.108
108.136
108.186
108.215
108.245
108.291
108.313
108.379
108.441
108.469
108.521
108.59
108.643
108.676
108.705
108.794
108.851
108.908
108.955
109.033
109.087
109.118
109.175
109.224
109.266
109.381
109.463
109.532
109.58
109.709
109.823
109.935
110.032
110.162
110.291
110.392
110.492
110.615
110.735
110.879
110.994
111.121
111.202
111.339
111.452
111.622
111.783
111.953
112.119
112.32
112.483
112.657
112.821
112.989
113.159
113.326
113.511
113.657
113.816
113.978
114.132
114.268
114.408
114.537
114.683
114.802
114.939
115.063
115.197
115.315
115.44
115.576
115.695
115.832
115.948
116.081
116.196
116.336
116.466
116.616
116.764
116.914
117.06
117.197
117.348
117.471
117.632
117.76
117.906
118.02
118.159
118.265
118.382
118.515
118.622
118.737
118.845
118.97
119.057
119.176
119.301
119.41
119.525
119.624
119.728
119.825
119.914
120.025
120.117
120.212
120.293
120.371
120.46
120.516
120.597
120.677
120.709
120.788
120.859
120.919
120.983
121.018
121.051
121.09
121.133
121.189
121.26
121.298
121.334
121.403
121.438
121.49
121.528
121.535
121.568
121.594
121.6
121.612
121.64
121.65
121.673
121.685
121.711
121.726
121.729
121.724
121.745
121.735
121.743
121.756
121.756
121.749
121.736
121.724
121.719
121.682
121.69
121.66
121.643
121.63
121.613
121.593
121.569
121.552
121.515
121.484
121.461
121.421
121.398
121.366
121.324
121.279
121.242
121.195
121.164
121.136
121.084
121.043
120.99
120.954
120.909
120.873
120.817
120.766
120.736
120.679
120.617
120.563
120.505
120.442
120.37
120.282
120.206
120.155
120.101
120.012
119.951
119.878
119.808
119.744
119.672
119.608
119.517
119.447
119.356
119.286
119.196
119.138
119.052
118.983
118.894
118.811
118.724
118.644
118.557
118.477
118.145
118.049
117.956
117.863
117.787
117.692
117.611
117.501
117.404
117.315
117.209
117.118
117.011
116.908
116.817
116.711
116.627
116.526
116.418
116.314
116.214
116.11
116.006
115.908
115.798
115.697
115.596
115.497
115.394
115.302
115.192
115.091
114.986
114.888
114.781
114.686
114.576
114.471
114.363
114.258
114.163
114.054
113.949
113.843
113.744
113.641
113.537
113.434
113.331
113.223
113.11
113.004
112.895
112.788
112.684
112.584
112.469
112.355
112.252
112.148
112.043
111.933
111.844
111.727
111.625
111.524
111.415
111.319
111.21
111.114
111.012
110.91
110.814
110.719
110.613
110.524
110.427
110.333
110.226
110.126
110.032
109.93
109.834
109.736
109.64
109.55
109.46
109.373
109.28
109.192
109.128
109.042
108.973
108.907
108.833
108.756
108.7
108.619
108.542
108.477
108.416
108.341
108.284
108.216
108.144
108.072
108.001
107.929
107.873
107.813
107.741
107.69
107.621
107.566
107.514
107.485
107.435
107.393
107.365
107.322
107.284
107.249
107.219
107.188
107.143
107.112
107.08
107.056
107.04
107.028
107.009
106.98
106.937
106.948
106.945
106.93
106.946
106.95
106.963
106.961
106.975
106.975
106.99
107.025
107.045
107.061
107.081
107.106
107.129
107.17
107.19
107.202
107.269
107.271
107.329
107.383
107.418
107.443
107.484
107.527
107.59
107.609
107.636
107.67
107.726
107.758
107.801
107.824
107.878
107.915
107.961
108.009
108.075
108.119
108.202
108.252
108.32
108.379
108.442
108.505
108.591
108.646
108.708
108.792
108.917
109.041
109.186
109.306
109.434
109.558
109.654
109.781
109.916
110.005
110.163
110.279
110.39
110.477
110.521
110.638
110.746
110.85
110.964
111.082
111.217
111.374
111.479
111.613
111.724
111.834
111.961
112.082
112.216
112.335
112.447
112.574
112.645
112.736
112.84
112.967
113.084
113.21
113.317
113.432
113.54
113.655
113.754
113.917
114.044
114.155
114.268
114.382
114.514
114.586
114.694
114.798
114.907
115.001
115.122
115.222
115.332
115.427
115.524
115.647
115.749
115.863
115.966
116.071
116.168
116.266
116.357
116.461
116.58
116.678
116.759
116.865
116.972
117.062
117.159
117.245
117.361
117.441
117.52
117.608
117.695
117.775
117.846
117.913
117.973
118.024
118.1
118.159
118.198
118.283
118.369
118.472
118.543
118.645
118.728
118.788
118.889
118.956
119.045
119.121
119.184
119.248
119.319
119.411
119.49
119.567
119.621
119.698
119.748
119.815
119.861
119.918
119.974
120.028
120.068
120.119
120.148
120.19
120.222
120.262
120.289
120.323
120.365
120.381
120.411
120.452
120.469
120.485
120.489
120.519
120.535
120.548
120.567
120.571
120.58
120.569
120.565
120.576
120.563
120.557
120.564
120.548
120.533
120.517
120.496
120.496
120.472
120.456
120.446
120.449
120.414
120.396
120.382
120.367
120.334
120.258
120.236
120.211
120.178
120.157
120.113
120.096
120.035
119.982
119.939
119.894
119.853
119.783
119.746
119.687
119.63
119.59
119.538
119.483
119.434
119.382
119.327
119.257
119.199
119.144
119.078
119.022
118.966
118.894
118.843
118.761
118.716
118.631
118.563
118.486
118.402
118.335
118.271
118.196
118.117
118.054
117.953
117.894
117.781
117.719
117.644
117.563
117.474
117.386
117.297
117.208
117.113
117.018
116.933
116.841
116.764
116.675
116.586
116.503
116.417
116.314
116.22
116.133
116.04
115.959
115.857
115.761
115.665
115.567
115.472
115.379
115.283
115.173
115.081
114.975
114.884
114.779
114.689
114.602
114.492
114.401
114.305
114.214
114.106
114.004
113.901
113.805
113.699
113.594
113.497
113.385
113.283
113.181
113.097
112.983
112.892
112.795
112.7
112.589
112.495
112.387
112.285
112.191
112.095
111.991
111.896
111.812
111.718
111.627
111.529
111.438
111.345
111.256
111.164
111.071
110.982
110.888
110.804
110.703
110.61
110.518
110.43
110.344
110.254
110.171
110.087
110.006
109.927
109.834
109.755
109.687
109.605
109.525
109.449
109.377
109.256
109.119
109.033
108.957
108.887
108.812
108.739
108.681
108.61
108.541
108.476
108.409
108.34
108.269
108.201
108.132
108.069
108.001
107.94
107.872
107.814
107.762
107.696
107.641
107.587
107.531
107.492
107.456
107.416
107.391
107.351
107.342
107.324
107.316
107.258
107.244
107.219
107.191
107.167
107.172
107.131
107.142
107.143
107.143
107.152
107.18
107.158
107.186
107.195
107.217
107.233
107.228
107.253
107.286
107.31
107.36
107.427
107.461
107.53
107.592
107.617
107.674
107.725
107.786
107.842
107.92
107.972
108.048
108.135
108.172
108.204
108.269
108.338
108.404
108.466
108.518
108.576
108.619
108.703
108.772
108.823
108.88
108.924
108.99
109.074
109.132
109.203
109.299
109.378
109.443
109.554
109.594
109.683
109.787
109.869
109.958
110.031
110.14
110.177
110.294
110.391
110.499
110.623
110.747
110.89
111.065
111.185
111.339
111.493
111.67
111.746
111.887
112.03
112.153
112.287
112.405
112.517
112.598
112.723
112.796
112.908
113.023
113.153
113.233
113.352
113.468
113.563
113.667
113.777
113.868
113.974
114.092
114.19
114.292
114.392
114.495
114.612
114.722
114.816
114.902
114.992
115.131
115.212
115.336
115.425
115.547
115.632
115.768
115.871
115.97
116.044
116.14
116.234
116.315
116.403
116.473
116.543
116.59
116.656
116.736
116.825
116.894
116.955
117.037
117.1
117.149
117.201
117.255
117.315
117.378
117.454
117.519
117.564
117.653
117.728
117.788
117.867
117.926
117.972
118.02
118.076
118.143
118.198
118.233
118.291
118.344
118.37
118.424
118.469
118.542
118.591
118.64
118.684
118.728
118.775
118.816
118.871
118.9
118.937
118.978
119.03
119.081
119.136
119.168
119.237
119.289
119.341
119.385
119.432
119.477
119.493
119.542
119.591
119.644
119.647
119.706
119.748
119.749
119.786
119.817
119.839
119.852
119.858
119.903
119.937
119.961
119.98
120.005
120.031
120.04
120.059
120.069
120.072
120.079
120.077
120.085
120.089
120.093
120.106
120.129
120.118
120.119
120.126
120.117
120.116
120.108
119.964
119.96
119.931
119.924
119.915
119.898
119.856
119.823
119.787
119.775
119.752
119.731
119.665
119.634
119.581
119.516
119.483
119.433
119.396
119.338
119.303
119.247
119.213
119.154
119.103
119.051
119.009
118.96
118.876
118.844
118.793
118.721
118.659
118.599
118.545
118.477
118.405
118.355
118.285
118.228
118.161
118.087
118.008
117.949
117.875
117.79
117.71
117.655
117.569
117.499
117.438
117.334
117.262
117.187
117.097
117.014
116.933
116.85
116.763
116.67
116.59
116.496
116.405
116.319
116.21
116.126
116.048
115.939
115.865
115.768
115.683
115.605
115.521
115.417
115.325
115.232
115.142
115.057
114.965
114.865
114.769
114.678
114.587
114.481
114.394
114.286
114.195
114.093
113.993
113.898
113.783
113.696
113.611
113.509
113.419
113.322
113.237
113.143
113.051
112.947
112.853
112.746
112.653
112.549
112.454
112.368
112.272
112.179
112.073
111.983
111.876
111.781
111.68
111.589
111.489
111.393
111.302
111.216
111.103
111.02
110.921
110.842
110.738
110.636
110.549
110.45
110.36
110.266
110.178
110.1
110
109.914
109.822
109.735
109.638
109.561
109.461
109.389
109.307
109.224
109.147
109.057
108.979
108.909
108.833
108.755
108.683
108.627
108.562
108.494
108.436
108.374
108.318
108.276
108.214
108.169
108.105
108.055
108.036
107.982
107.967
107.911
107.877
107.868
107.816
107.773
107.742
107.704
107.677
107.669
107.646
107.616
107.565
107.537
107.496
107.483
107.441
107.428
107.384
107.364
107.328
107.313
107.278
107.262
107.216
107.209
107.202
107.166
107.156
107.163
107.186
107.209
107.221
107.259
107.292
107.314
107.333
107.385
107.412
107.41
107.447
107.482
107.532
107.58
107.642
107.669
107.713
107.76
107.795
107.847
107.872
107.952
108.017
108.074
108.105
108.158
108.216
108.289
108.319
108.406
108.449
108.484
108.565
108.604
108.697
108.767
108.869
108.945
109.004
109.103
109.169
109.258
109.372
109.409
109.494
109.592
109.68
109.781
109.913
109.99
110.08
110.171
110.28
110.39
110.473
110.584
110.698
110.844
110.978
111.121
111.232
111.347
111.481
111.589
111.683
111.84
111.957
112.078
112.174
112.289
112.419
112.526
112.69
112.82
112.943
113.061
113.22
113.342
113.43
113.54
113.676
113.781
113.882
113.996
114.133
114.232
114.356
114.508
114.62
114.764
114.909
115.053
115.209
115.321
115.446
115.591
115.72
115.854
115.955
116.085
116.225
116.304
116.416
116.514
116.622
116.734
116.827
116.929
117.009
117.117
117.223
117.311
117.411
117.468
117.583
117.637
117.693
117.758
117.826
117.893
117.979
118.011
118.085
118.156
118.186
118.267
118.345
118.428
118.497
118.577
118.655
118.706
118.763
118.834
118.897
118.944
118.992
119.036
119.097
119.152
119.182
119.233
119.267
119.314
119.349
119.399
119.429
119.458
119.498
119.522
119.544
119.584
119.604
119.612
119.626
119.647
119.672
119.661
119.687
119.69
119.694
119.719
119.724
119.746
119.75
119.748
119.761
119.746
119.765
119.812
119.815
119.838
119.821
119.847
119.855
119.876
119.862
119.874
119.876
119.877
119.868
119.868
119.843
119.87
119.852
119.867
119.887
119.883
119.895
119.859
119.857
119.868
119.863
119.822
119.814
119.805
119.775
119.761
119.736
119.722
119.692
119.665
119.621
119.58
119.57
119.549
119.504
119.458
119.414
119.385
119.364
119.315
119.271
119.235
119.196
119.139
119.092
119.057
118.997
118.94
118.9
118.853
118.792
118.746
118.683
118.634
118.578
118.52
118.447
118.389
118.321
118.257
118.195
118.134
118.048
117.969
117.9
117.83
117.774
117.711
117.659
117.573
117.495
117.424
117.359
117.274
117.177
117.108
117.04
116.953
116.869
116.782
116.721
116.618
116.52
116.433
116.361
116.276
116.175
116.08
116.001
115.911
115.811
115.716
115.617
115.548
115.447
115.358
115.27
115.187
115.088
114.989
114.895
114.791
114.67
114.594
114.486
114.377
114.286
114.188
114.089
114
113.902
113.805
113.718
113.609
113.529
113.411
113.317
113.207
113.124
113.032
112.942
112.845
112.753
112.662
112.572
112.486
112.409
112.313
112.214
112.123
112.044
111.936
111.868
111.779
111.686
111.59
111.488
111.397
111.305
111.219
111.13
111.039
110.95
110.856
110.788
110.711
110.628
110.534
110.454
110.372
110.289
110.196
109.935
109.791
109.711
109.64
109.56
109.487
109.397
109.328
109.266
109.191
109.14
109.063
109.001
108.926
108.871
108.804
108.727
108.657
108.588
108.508
108.442
108.379
108.324
108.264
108.234
108.19
108.135
108.084
108.052
108.02
107.998
107.944
107.916
107.865
107.834
107.811
107.786
107.801
107.737
107.736
107.711
107.685
107.672
107.67
107.655
107.661
107.634
107.638
107.642
107.631
107.617
107.596
107.618
107.604
107.625
107.623
107.652
107.624
107.649
107.667
107.653
107.669
107.703
107.71
107.733
107.764
107.775
107.785
107.783
107.821
107.868
107.889
107.891
107.926
107.965
107.969
108.024
108.051
108.063
108.132
108.2
108.282
108.347
108.365
108.435
108.489
108.572
108.675
108.761
108.878
108.934
108.966
109.104
109.169
109.289
109.389
109.462
109.55
109.646
109.742
109.833
109.963
110.06
110.165
110.277
110.359
110.443
110.54
110.602
110.741
110.8
110.877
110.962
111.029
111.084
111.205
111.286
111.329
111.476
111.53
111.643
111.737
111.793
111.857
111.975
112.078
112.178
112.25
112.377
112.504
112.611
112.744
112.845
112.997
113.07
113.173
113.297
113.397
113.502
113.605
113.687
113.816
113.881
114.005
114.117
114.211
114.289
114.365
114.495
114.579
114.631
114.728
114.804
114.867
114.951
115.021
115.122
115.229
115.307
115.383
115.481
115.551
115.656
115.746
115.845
115.934
116.02
116.124
116.234
116.353
116.459
116.578
116.693
116.808
116.889
116.983
117.099
117.19
117.27
117.35
117.442
117.55
117.626
117.687
117.759
117.853
117.921
118
118.076
118.164
118.233
118.289
118.35
118.423
118.492
118.527
118.588
118.64
118.672
118.728
118.763
118.816
118.849
118.888
118.933
118.965
119.01
119.052
119.086
119.126
119.2
119.207
119.246
119.282
119.315
119.356
119.41
119.443
119.475
119.514
119.552
119.59
119.616
119.64
119.678
119.692
119.728
119.761
119.784
119.796
119.809
119.832
119.847
119.865
119.857
119.871
119.887
119.868
119.878
119.842
119.851
119.847
119.857
119.848
119.824
119.823
119.819
119.82
119.742
119.725
119.706
119.679
119.641
119.628
119.599
119.561
119.546
119.507
119.489
119.43
119.419
119.383
119.346
119.239
119.18
119.154
119.135
119.105
119.087
119.042
119.005
119.006
118.971
118.93
118.899
118.837
118.804
118.769
118.731
118.686
118.639
118.603
118.57
118.485
118.458
118.41
118.353
118.29
118.23
118.182
118.125
118.073
117.991
117.936
117.883
117.817
117.779
117.712
117.644
117.588
117.508
117.439
117.369
117.281
117.206
117.136
117.047
116.965
116.889
116.814
116.755
116.668
116.592
116.523
116.449
116.372
116.293
116.212
116.127
116.042
115.967
115.875
115.795
115.719
115.633
115.556
115.449
115.396
115.314
115.228
115.15
115.061
114.971
114.895
114.795
114.721
114.625
114.549
114.46
114.373
114.264
114.164
114.075
113.997
113.891
113.807
113.74
113.628
113.534
113.436
113.341
113.259
113.154
113.064
112.979
112.892
112.81
112.727
112.621
112.55
112.451
112.361
112.279
112.179
112.099
112.016
111.914
111.825
111.736
111.651
111.562
111.465
111.38
111.282
111.205
111.111
111.04
110.986
110.922
110.855
110.788
110.73
110.66
110.6
110.525
110.465
110.384
110.312
110.242
110.169
110.115
110.054
109.986
109.926
109.869
109.799
109.732
109.677
109.6
109.548
109.475
109.41
109.37
109.301
109.234
109.179
109.118
109.074
109.031
108.971
108.922
108.856
108.816
108.763
108.707
108.65
108.592
108.539
108.476
108.424
108.403
108.363
108.314
108.312
108.236
108.208
108.182
108.149
108.098
108.068
108.051
108.008
107.999
107.954
107.943
107.949
107.93
107.903
107.873
107.886
107.864
107.863
107.849
107.836
107.804
107.813
107.8
107.785
107.772
107.767
107.785
107.791
107.752
107.744
107.751
107.753
107.797
107.793
107.783
107.808
107.856
107.891
107.926
107.946
108.012
108.015
108.055
108.128
108.24
108.267
108.337
108.404
108.448
108.548
108.641
108.678
108.709
108.838
108.91
108.974
109.073
109.161
109.222
109.272
109.354
109.43
109.49
109.593
109.622
109.717
109.754
109.839
109.895
109.944
110.003
110.106
110.175
110.257
110.309
110.357
110.435
110.542
110.588
110.696
110.785
110.876
110.98
111.057
111.153
111.288
111.352
111.472
111.508
111.476
111.582
111.674
111.789
111.889
112
112.123
112.235
112.342
112.455
112.574
112.689
112.827
112.963
113.092
113.196
113.351
113.44
113.549
113.695
113.817
113.917
114.019
114.121
114.248
114.365
114.484
114.584
114.71
114.836
114.944
115.076
115.201
115.294
115.396
115.498
115.612
115.722
115.837
115.92
116.031
116.135
116.245
116.354
116.462
116.52
116.606
116.695
116.787
116.88
116.946
117.018
117.14
117.213
117.317
117.395
117.485
117.587
117.686
117.764
117.859
117.945
118.026
118.107
118.192
118.251
118.375
118.435
118.55
118.642
118.722
118.811
118.903
118.968
119.048
119.09
119.173
119.23
119.282
119.341
119.403
119.462
119.539
119.596
119.619
119.687
119.72
119.763
119.809
119.841
119.882
119.918
119.957
119.994
120.014
120.056
120.051
120.071
120.078
120.111
120.12
120.124
120.138
120.145
120.167
120.172
120.198
120.199
120.203
120.213
120.197
120.208
120.199
120.193
120.174
120.167
120.177
120.145
120.139
120.131
120.105
120.096
120.064
120.051
120.034
120.015
119.989
119.958
119.926
119.907
119.87
119.84
119.797
119.772
119.72
119.685
119.65
119.62
119.569
119.531
119.477
119.428
119.381
119.334
119.289
119.246
119.179
119.125
119.078
119.026
118.959
118.911
118.855
118.78
118.717
118.65
118.585
118.507
118.461
118.395
118.329
118.257
118.202
118.123
118.065
117.989
117.901
117.831
117.754
117.686
117.597
117.524
117.46
117.396
117.327
117.254
117.196
117.117
117.061
116.981
116.913
116.866
116.761
116.689
116.631
116.56
116.474
116.395
116.328
116.245
116.142
116.064
115.986
115.909
115.825
115.737
115.666
115.576
115.494
115.407
115.344
115.253
115.162
115.069
114.997
114.926
114.816
114.735
114.656
114.571
114.473
114.388
114.305
114.214
114.132
114.042
113.936
113.845
113.755
113.684
113.59
113.475
113.384
113.287
113.199
113.118
113.02
112.917
112.82
112.726
112.636
112.538
112.451
112.353
112.267
112.223
112.114
112.039
111.974
111.901
111.811
111.732
111.644
111.585
111.484
111.401
111.321
111.239
111.169
111.069
111.02
110.929
110.864
110.805
110.699
110.626
110.547
110.474
110.392
110.314
110.238
110.165
110.091
110.01
109.951
109.86
109.803
109.736
109.672
109.601
109.544
109.455
109.388
109.33
109.242
109.18
109.12
109.049
108.977
108.935
108.865
108.802
108.75
108.688
108.63
108.573
108.516
108.46
108.387
108.344
108.286
108.229
108.191
108.155
108.139
108.115
108.081
108.066
108.034
108.008
107.977
107.946
107.921
107.9
107.867
107.838
107.81
107.784
107.747
107.727
107.699
107.67
107.65
107.612
107.593
107.572
107.537
107.513
107.503
107.481
107.457
107.441
107.459
107.471
107.468
107.506
107.514
107.538
107.558
107.608
107.638
107.701
107.733
107.785
107.891
107.897
108.042
108.102
108.202
108.266
108.345
108.432
108.526
108.586
108.676
108.757
108.797
108.883
108.933
109.01
109.091
109.192
109.264
109.339
109.401
109.508
109.553
109.653
109.755
109.826
109.943
110.041
110.072
110.18
110.262
110.356
110.427
110.501
110.582
110.615
110.721
110.826
110.896
110.981
111.066
111.186
111.255
111.415
111.466
111.594
111.705
111.831
111.954
112.065
112.2
112.329
112.448
112.519
112.648
112.759
112.878
113
113.1
113.186
113.308
113.375
113.496
113.585
113.71
113.819
113.905
114.025
114.091
114.187
114.302
114.41
114.465
114.599
114.696
114.782
114.907
115.03
115.146
115.247
115.375
115.477
115.595
115.697
115.813
115.916
116.013
116.116
116.209
116.309
116.407
116.469
116.575
116.663
116.756
116.824
116.888
116.97
117.047
117.128
117.182
117.301
117.387
117.456
117.554
117.637
117.736
117.822
117.933
118.009
118.077
118.16
118.22
118.29
118.352
118.422
118.505
118.597
118.654
118.722
118.783
118.856
118.93
118.989
119.039
119.093
119.167
119.214
119.284
119.33
119.382
119.442
119.516
119.576
119.611
119.656
119.692
119.748
119.766
119.803
119.843
119.866
119.92
119.926
119.933
119.961
119.991
120.015
120.048
120.057
120.064
120.093
120.099
120.099
120.127
120.112
120.109
120.126
120.133
120.138
120.115
120.113
120.104
120.1
120.076
120.077
120.083
120.063
120.034
120.021
119.988
119.962
119.935
119.892
119.873
119.826
119.792
119.768
119.733
119.691
119.654
119.62
119.583
119.539
119.501
119.459
119.418
119.379
119.327
119.288
119.23
119.186
119.132
119.077
119.025
118.956
118.896
118.817
118.764
118.722
118.642
118.605
118.551
118.488
118.436
118.382
118.315
118.249
118.187
118.116
118.048
117.978
117.922
117.835
117.779
117.716
117.63
117.556
117.492
117.423
117.34
117.249
117.18
117.059
116.955
116.879
116.803
116.701
116.612
116.538
116.448
116.365
116.294
116.2
116.137
116.049
115.968
115.88
115.793
115.714
115.625
115.535
115.451
115.367
115.281
115.193
115.099
114.994
114.921
114.83
114.739
114.646
114.554
114.468
114.379
114.277
114.196
114.1
114.004
113.906
113.818
113.729
113.638
113.55
113.457
113.364
113.269
113.195
113.12
113.022
112.954
112.88
112.783
112.709
112.622
112.541
112.46
112.387
112.304
112.228
112.148
112.079
111.974
111.906
111.809
111.719
111.64
111.567
111.492
111.435
111.371
111.306
111.26
111.185
111.126
111.059
111.002
110.937
110.897
110.829
110.761
110.712
110.638
110.574
110.516
110.427
110.367
110.238
110.189
110.115
110.068
110.026
109.95
109.902
109.835
109.766
109.724
109.679
109.618
109.554
109.508
109.452
109.398
109.355
109.29
109.235
109.184
109.13
109.083
109.026
109.01
108.976
108.929
108.909
108.874
108.867
108.85
108.82
108.815
108.814
108.793
108.78
108.773
108.742
108.737
108.742
108.726
108.721
108.715
108.688
108.694
108.697
108.674
108.682
108.663
108.667
108.664
108.677
108.693
108.675
108.687
108.68
108.692
108.704
108.706
108.716
108.72
108.718
108.723
108.723
108.759
108.782
108.787
108.8
108.806
108.84
108.862
108.895
108.923
108.96
109.003
109.02
109.034
109.074
109.095
109.171
109.227
109.275
109.346
109.458
109.534
109.623
109.72
109.755
109.842
109.879
109.972
110.071
110.179
110.231
110.311
110.392
110.487
110.552
110.634
110.753
110.803
110.834
110.948
111.027
111.079
111.155
111.235
111.299
111.392
111.461
111.531
111.644
111.732
111.768
111.865
111.915
111.992
112.045
112.135
112.223
112.317
112.388
112.36
112.418
112.52
112.602
112.653
112.713
112.782
112.85
112.919
112.979
113.056
113.134
113.193
113.268
113.316
113.385
113.424
113.508
113.581
113.642
113.725
113.789
113.855
113.937
114.024
114.123
114.191
114.273
114.354
114.43
114.526
114.598
114.67
114.789
114.897
114.967
115.055
115.154
115.254
115.345
115.406
115.502
115.59
115.664
115.763
115.866
115.945
116.017
116.115
116.194
116.299
116.371
116.448
116.514
116.613
116.676
116.751
116.796
116.874
116.939
117.007
117.063
117.13
117.212
117.269
117.324
117.37
117.422
117.482
117.521
117.548
117.592
117.62
117.678
117.706
117.743
117.78
117.832
117.874
117.915
117.969
117.989
118.008
118.026
118.054
118.11
118.172
118.222
118.271
118.332
118.375
118.392
118.424
118.482
118.519
118.548
118.576
118.623
118.626
118.659
118.668
118.732
118.742
118.782
118.802
118.827
118.867
118.882
118.902
118.918
118.931
118.957
118.961
119.003
118.978
118.99
118.978
118.988
118.982
118.982
119.003
118.982
118.961
118.972
118.97
118.949
118.945
118.939
118.934
118.903
118.87
118.867
118.856
118.836
118.797
118.76
118.732
118.738
118.679
118.643
118.616
118.59
118.553
118.532
118.454
118.422
118.396
118.327
118.283
118.244
118.195
118.143
118.09
118.077
117.999
117.947
117.871
117.825
117.801
117.72
117.666
117.62
117.575
117.484
117.433
117.358
117.293
117.24
117.187
117.122
117.061
117.002
116.946
116.882
116.812
116.754
116.682
116.615
116.555
116.473
116.419
116.366
116.277
116.207
116.119
116.05
115.974
115.915
115.85
115.768
115.708
115.645
115.571
115.499
115.424
115.359
115.28
115.201
115.144
115.071
114.996
114.922
114.838
114.761
114.682
114.606
114.521
114.429
114.351
114.273
114.208
114.125
114.046
113.965
113.886
113.808
113.723
113.669
113.568
113.504
113.421
113.342
113.259
113.183
113.11
113.021
112.947
112.87
112.785
112.709
112.618
112.537
112.462
112.387
112.298
112.211
112.148
112.091
112.032
111.949
111.885
111.834
111.769
111.71
111.64
111.558
111.511
111.452
111.409
111.36
111.287
111.222
111.175
111.108
111.056
110.981
110.949
110.875
110.85
110.806
110.772
110.716
110.663
110.611
110.592
110.507
110.45
110.425
110.396
110.361
110.316
110.274
110.257
110.231
110.182
110.136
110.09
110.051
110.02
110
109.943
109.926
109.904
109.853
109.837
109.816
109.802
109.777
109.753
109.752
109.722
109.687
109.699
109.643
109.627
109.624
109.599
109.573
109.552
109.537
109.531
109.487
109.465
109.463
109.416
109.418
109.389
109.369
109.351
109.326
109.324
109.313
109.355
109.371
109.391
109.389
109.418
109.473
109.487
109.524
109.526
109.558
109.587
109.626
109.686
109.699
109.749
109.759
109.796
109.829
109.875
109.909
109.933
109.941
110.015
110.022
110.017
110.06
110.089
110.109
110.122
110.155
110.174
110.21
110.218
110.306
110.367
110.406
110.438
110.519
110.555
110.598
110.66
110.708
110.747
110.801
110.9
110.95
111.016
111.118
111.169
111.246
111.3
111.36
111.412
111.448
111.505
111.581
111.655
111.725
111.777
111.831
111.862
111.965
112.059
112.152
112.196
112.261
112.329
112.419
112.496
112.578
112.636
112.721
112.782
112.698
112.758
112.823
112.887
112.963
113.007
113.076
113.147
113.215
113.266
113.315
113.373
113.415
113.447
113.508
113.568
113.627
113.71
113.783
113.877
113.942
113.996
114.06
114.144
114.211
114.305
114.388
114.435
114.538
114.602
114.72
114.809
114.895
114.984
115.073
115.167
115.246
115.342
115.428
115.527
115.604
115.701
115.755
115.853
115.952
116.05
116.137
116.208
116.273
116.344
116.443
116.509
116.561
116.639
116.708
116.786
116.84
116.902
116.949
117.017
117.053
117.121
117.166
117.2
117.255
117.292
117.344
117.363
117.398
117.439
117.47
117.523
117.56
117.623
117.661
117.72
117.759
117.809
117.827
117.874
117.906
117.936
117.954
117.983
118.007
118.03
118.055
118.065
118.093
118.116
118.12
118.139
118.164
118.156
118.175
118.182
118.182
118.194
118.198
118.201
118.222
118.229
118.226
118.226
118.237
118.223
118.223
118.229
118.215
118.231
118.233
118.239
118.226
118.189
118.186
118.175
118.157
118.163
118.148
118.121
118.105
118.126
118.128
118.125
118.116
118.13
118.128
118.11
118.094
118.09
118.079
118.067
118.051
118.022
118.026
117.979
117.975
117.963
117.936
117.92
117.881
117.852
117.831
117.798
117.769
117.741
117.7
117.645
117.61
117.579
117.557
117.512
117.459
117.392
117.372
117.312
117.281
117.258
117.205
117.168
117.106
117.064
117.016
116.976
116.919
116.876
116.812
116.741
116.697
116.644
116.579
116.523
116.474
116.402
116.327
116.29
116.231
116.138
116.086
116.002
115.95
115.887
115.833
115.752
115.697
115.633
115.58
115.503
115.437
115.361
115.302
115.214
115.16
115.092
115.001
114.923
114.837
114.807
114.714
114.633
114.564
114.488
114.411
114.336
114.273
114.196
114.146
114.045
113.979
113.902
113.808
113.756
113.689
113.604
113.532
113.451
113.379
113.304
113.234
113.177
113.094
113.031
112.947
112.896
112.844
112.805
112.753
112.689
112.648
112.59
112.517
112.475
112.399
112.355
112.286
112.242
112.207
112.142
112.083
112.007
111.954
111.906
111.851
111.778
111.713
111.654
111.628
111.577
111.498
111.454
111.392
111.328
111.273
111.237
111.16
111.132
111.079
111.051
110.996
110.944
110.904
110.864
110.848
110.816
110.785
110.742
110.704
110.658
110.61
110.566
110.514
110.475
110.464
110.407
110.383
110.382
110.347
110.316
110.288
110.268
110.232
110.201
110.173
110.136
110.124
110.095
110.087
110.064
110.061
110.055
110.109
110.097
110.091
110.074
110.062
110.07
110.118
110.119
110.156
110.183
110.208
110.222
110.243
110.24
110.246
110.286
110.3
110.34
110.339
110.361
110.36
110.377
110.434
110.425
110.458
110.455
110.452
110.432
110.487
110.521
110.547
110.572
110.591
110.605
110.642
110.665
110.698
110.736
110.743
110.77
110.759
110.825
110.825
110.845
110.932
110.966
111.012
111.024
111.071
111.115
111.126
111.179
111.236
111.294
111.31
111.379
111.433
111.465
111.529
111.58
111.647
111.676
111.723
111.726
111.76
111.791
111.792
111.853
111.871
111.931
111.99
112.038
112.087
112.15
112.199
112.281
112.359
112.407
112.51
112.56
112.592
112.619
112.692
112.74
112.831
112.873
112.944
113.02
113.093
113.171
113.255
113.321
113.377
113.445
113.51
113.577
113.636
113.71
113.764
113.847
113.922
113.994
114.036
114.112
114.189
114.2
114.282
114.335
114.367
114.411
114.454
114.455
114.504
114.558
114.619
114.657
114.717
114.717
114.762
114.782
114.809
114.847
114.847
114.875
114.956
114.999
115.083
115.111
115.156
115.18
115.215
115.251
115.293
115.317
115.356
115.394
115.439
115.488
115.507
115.563
115.595
115.654
115.679
115.715
115.727
115.774
115.811
115.828
115.858
115.878
115.935
115.974
115.993
116.031
116.076
116.142
116.198
116.233
116.293
116.326
116.378
116.445
116.49
116.553
116.603
116.669
116.728
116.763
116.822
116.895
116.912
116.963
117.002
117.033
117.061
117.099
117.126
117.136
117.152
117.184
117.193
117.226
117.234
117.263
117.283
117.276
117.316
117.33
117.334
117.357
117.367
117.373
117.383
117.363
117.399
117.389
117.405
117.391
117.395
117.393
117.391
117.372
117.351
117.36
117.326
117.3
117.279
117.259
117.235
117.212
117.218
117.198
117.204
117.181
117.151
117.135
117.131
117.131
117.1
117.099
117.107
117.08
117.099
117.09
117.077
117.066
117.053
117.072
117.063
117.035
117.036
117.015
116.981
116.956
116.936
116.898
116.861
116.814
116.78
116.773
116.757
116.729
116.711
116.672
116.662
116.638
116.624
116.575
116.57
116.522
116.492
116.477
116.445
116.404
116.419
116.39
116.344
116.318
116.288
116.253
116.196
116.168
116.13
116.084
116.072
116.027
115.979
115.936
115.894
115.847
115.815
115.77
115.739
115.701
115.635
115.577
115.531
115.491
115.44
115.384
115.329
115.253
115.201
115.135
115.065
115.007
114.946
114.885
114.838
114.751
114.697
114.637
114.572
114.509
114.454
114.4
114.347
114.321
114.248
114.185
114.124
114.059
114.014
113.953
113.91
113.848
113.773
113.737
113.724
113.658
113.622
113.572
113.5
113.457
113.402
113.361
113.297
113.249
113.194
113.141
113.088
113.043
112.982
112.929
112.885
112.83
112.778
112.716
112.667
112.599
112.566
112.505
112.454
112.417
112.362
112.316
112.268
112.208
112.165
112.11
112.042
112.007
111.973
111.886
111.848
111.822
111.769
111.721
111.701
111.683
111.656
111.603
111.562
111.531
111.486
111.466
111.413
111.383
111.32
111.293
111.277
111.246
111.2
111.174
111.125
111.097
111.029
111.003
110.966
110.912
110.872
110.843
110.804
110.805
110.782
110.795
110.768
110.779
110.747
110.765
110.743
110.754
110.772
110.771
110.76
110.774
110.752
110.733
110.756
110.746
110.746
110.73
110.718
110.747
110.77
110.773
110.774
110.773
110.803
110.836
110.829
110.848
110.835
110.827
110.844
110.84
110.835
110.845
110.853
110.871
110.882
110.894
110.906
110.92
110.924
110.936
110.993
111.002
111.062
111.123
111.196
111.249
111.107
111.073
111.139
111.191
111.247
111.298
111.333
111.4
111.45
111.47
111.551
111.589
111.616
111.669
111.715
111.752
111.763
111.806
111.825
111.849
111.908
111.933
111.928
111.978
111.992
112.039
111.875
111.853
111.877
111.962
111.985
112.035
112.106
112.151
112.215
112.259
112.273
112.366
112.423
112.477
112.568
112.615
112.634
112.747
112.788
112.846
112.92
112.946
112.991
113.062
113.084
113.136
113.181
113.224
113.235
113.249
113.33
113.379
113.412
113.473
113.523
113.548
113.61
113.611
113.65
113.711
113.744
113.792
113.832
113.867
113.917
113.943
113.995
114.009
114.058
114.097
114.168
114.219
114.277
114.347
114.351
114.418
114.472
114.533
114.604
114.632
114.695
114.738
114.783
114.842
114.876
114.915
114.971
115.014
115.013
115.064
115.075
115.127
115.147
115.179
115.238
115.269
115.281
115.31
115.36
115.361
115.416
115.412
115.44
115.468
115.501
115.504
115.521
115.543
115.541
115.57
115.587
115.583
115.623
115.614
115.628
115.629
115.631
115.644
115.67
115.68
115.722
115.759
115.788
115.801
115.829
115.852
115.879
115.895
115.91
115.943
115.96
115.982
115.983
115.992
115.998
116.035
116.031
116.046
116.036
116.043
116.035
116.052
116.048
116.04
116.073
116.118
116.144
116.151
116.16
116.204
116.204
116.245
116.26
116.277
116.302
116.329
116.333
116.326
116.347
116.336
116.35
116.398
116.418
116.421
116.467
116.466
116.518
116.551
116.598
116.626
116.682
116.677
116.731
116.753
116.733
116.745
116.745
116.742
116.761
116.748
116.75
116.766
116.775
116.797
116.794
116.804
116.785
116.79
116.807
116.798
116.78
116.807
116.802
116.797
116.792
116.794
116.78
116.77
116.761
116.756
116.74
116.721
116.729
116.721
116.692
116.661
116.663
116.632
116.594
116.561
116.533
116.541
116.469
116.474
116.438
116.413
116.386
116.345
116.31
116.267
116.23
116.208
116.163
116.114
116.091
116.034
115.986
115.944
115.904
115.859
115.811
115.761
115.72
115.646
115.633
115.549
115.499
115.458
115.402
115.363
115.308
115.253
115.192
114.927
114.77
114.72
114.659
114.619
114.541
114.479
114.405
114.383
114.338
114.281
114.242
114.169
114.115
114.068
114.012
113.973
113.931
113.89
113.862
113.815
113.787
113.722
113.67
113.629
113.585
113.526
113.501
113.452
113.412
113.342
113.306
113.243
113.185
113.127
113.077
113.032
112.991
112.954
112.888
112.83
112.809
112.742
112.681
112.638
112.578
112.546
112.504
112.489
112.429
112.388
112.353
112.313
112.264
112.233
112.211
112.182
112.125
112.132
112.119
112.093
112.083
112.064
112.014
111.985
111.971
111.951
111.939
111.92
111.896
111.846
111.825
111.794
111.771
111.729
111.714
111.64
111.606
111.589
111.586
111.549
111.55
111.544
111.526
111.491
111.496
111.449
111.455
111.41
111.405
111.355
111.36
111.296
111.288
111.238
111.209
111.197
111.172
111.136
111.113
111.089
111.073
111.041
110.98
110.963
110.966
110.96
110.921
110.921
110.914
110.908
110.928
110.93
110.924
110.941
110.94
110.94
110.943
110.943
110.962
110.95
110.954
110.951
110.973
110.982
110.983
110.997
111.003
111.039
111.041
111.031
111.068
111.075
111.081
111.099
111.133
111.141
111.155
111.154
111.197
111.201
111.25
111.262
111.284
111.331
111.32
111.354
111.399
111.43
111.497
111.549
111.588
111.642
111.72
111.763
111.784
111.857
111.885
111.926
111.974
112.014
112.063
112.139
112.161
112.238
112.294
112.36
112.455
112.469
112.506
112.555
112.589
112.654
112.681
112.745
112.815
112.857
112.892
112.979
113.056
113.132
113.212
113.284
113.367
113.438
113.494
113.552
113.596
113.681
113.74
113.791
113.88
113.859
113.874
113.912
114.002
114.069
114.103
114.15
114.205
114.25
114.293
114.332
114.402
114.438
114.499
114.546
114.58
114.61
114.668
114.697
114.754
114.793
114.826
114.872
114.909
114.909
114.958
114.98
115.007
115.039
115.061
115.069
115.107
115.132
115.161
115.163
115.199
115.198
115.197
115.199
115.214
115.236
115.238
115.251
115.261
115.263
115.286
115.318
115.303
115.291
115.303
115.311
115.308
115.32
115.351
115.388
115.401
115.414
115.418
115.429
115.427
115.43
115.448
115.451
115.469
115.469
115.471
115.47
115.463
115.471
115.441
115.469
115.458
115.475
115.46
115.474
115.46
115.479
115.457
115.454
115.438
115.447
115.455
115.47
115.478
115.489
115.509
115.536
115.552
115.62
115.62
115.643
115.675
115.69
115.675
115.696
115.713
115.753
115.776
115.788
115.843
115.849
115.864
115.852
115.878
115.892
115.903
115.883
115.896
115.888
115.866
115.858
115.862
115.835
115.84
115.839
115.824
115.794
115.786
115.763
115.76
115.751
115.745
115.735
115.754
115.764
115.754
115.753
115.764
115.799
115.701
115.69
115.702
115.731
115.723
115.748
115.784
115.781
115.79
115.786
115.82
115.801
115.826
115.857
115.854
115.864
115.863
115.86
115.884
115.86
115.862
115.887
115.863
115.847
115.851
115.86
115.821
115.835
115.808
115.777
115.76
115.745
115.717
115.667
115.625
115.616
115.578
115.549
115.517
115.503
115.473
115.456
115.419
115.392
115.37
115.343
115.293
115.274
115.242
115.201
115.164
115.136
115.1
115.07
115.001
114.965
114.94
114.893
114.864
114.811
114.778
114.728
114.705
114.661
114.609
114.553
114.539
114.511
114.445
114.433
114.385
114.333
114.296
114.241
114.194
114.156
114.1
114.046
114.023
113.99
113.978
113.91
113.897
113.859
113.813
113.766
113.769
113.738
113.684
113.648
113.602
113.583
113.524
113.48
113.469
113.403
113.362
113.335
113.301
113.25
113.18
113.166
113.134
113.078
113.025
112.995
112.953
112.922
112.894
112.836
112.832
112.78
112.754
112.723
112.689
112.649
112.618
112.585
112.524
112.482
112.433
112.415
112.393
112.324
112.306
112.318
112.261
112.217
112.202
112.182
112.158
112.109
112.106
112.093
112.034
112.014
111.971
111.943
111.919
111.878
111.858
111.848
111.825
111.828
111.786
111.797
111.801
111.793
111.769
111.733
111.746
111.689
111.717
111.697
111.68
111.691
111.656
111.681
111.651
111.627
111.639
111.61
111.619
111.613
111.626
111.589
111.586
111.579
111.546
111.555
111.536
111.522
111.557
111.548
111.544
111.556
111.574
111.568
111.56
111.556
111.531
111.556
111.555
111.566
111.621
111.584
111.623
111.656
111.655
111.683
111.663
111.685
111.713
111.679
111.702
111.706
111.722
111.723
111.73
111.736
111.746
111.771
111.771
111.764
111.803
111.771
111.796
111.826
111.836
111.844
111.848
111.849
111.836
111.903
111.907
111.921
111.952
111.962
111.976
111.999
112.039
112.098
112.113
112.148
112.169
112.205
112.22
112.3
112.309
112.409
112.502
112.544
112.608
112.689
112.712
112.762
112.843
112.89
112.968
113.015
113.033
113.088
113.152
113.203
113.276
113.318
113.379
113.445
113.534
113.589
113.676
113.736
113.804
113.843
113.717
113.713
113.785
113.864
113.918
113.994
114.067
114.115
114.189
114.221
114.249
114.311
114.328
114.391
114.458
114.472
114.535
114.59
114.616
114.661
114.723
114.792
114.826
114.851
114.893
114.934
114.998
115.048
115.067
115.134
115.188
115.209
115.248
115.261
115.307
115.342
115.35
115.38
115.38
115.427
115.472
115.491
115.533
115.551
115.551
115.597
115.599
115.62
115.636
115.657
115.646
115.648
115.681
115.64
115.673
115.674
115.658
115.671
115.653
115.623
115.643
115.651
115.653
115.615
115.66
115.653
115.634
115.653
115.695
115.666
115.679
115.672
115.66
115.64
115.667
115.67
115.666
115.698
115.659
115.639
115.662
115.658
115.658
115.658
115.66
115.654
115.716
115.688
115.73
115.744
115.774
115.788
115.785
115.801
115.819
115.823
115.83
115.857
115.871
115.87
115.852
115.863
115.853
115.862
115.844
115.876
115.854
115.847
115.883
115.859
115.872
115.87
115.844
115.825
115.824
115.825
115.807
115.803
115.793
115.775
115.775
115.721
115.719
115.697
115.678
115.658
115.61
115.588
115.548
115.52
115.494
115.467
115.44
115.426
115.428
115.413
115.427
115.434
115.412
115.399
115.406
115.437
115.435
115.409
115.413
115.417
115.416
115.407
115.386
115.382
115.378
115.366
115.363
115.356
115.331
115.303
115.322
115.316
115.306
115.309
115.292
115.267
115.28
115.253
115.199
115.24
115.225
115.2
115.198
115.185
115.16
115.162
115.134
115.081
115.078
115.064
115.049
115.045
115.03
114.965
114.946
114.93
114.869
114.838
114.826
114.781
114.738
114.721
114.666
114.626
114.59
114.585
114.511
114.497
114.452
114.444
114.396
114.325
114.316
114.325
114.295
114.269
114.225
114.201
114.153
114.132
114.08
114.068
114.049
113.993
113.977
113.927
113.881
113.868
113.807
113.766
113.737
113.678
113.645
113.595
113.547
113.525
113.474
113.423
113.389
113.334
113.283
113.256
113.208
113.167
113.126
113.071
113.042
112.97
112.914
112.869
112.841
112.783
112.756
112.724
112.697
112.649
112.654
112.615
112.562
112.553
112.506
112.475
112.431
112.408
112.359
112.346
112.303
112.254
112.209
112.211
112.142
112.112
112.08
112.065
112.025
111.99
112.014
111.95
111.923
111.866
111.847
111.822
111.795
111.75
111.727
111.704
111.667
111.677
111.645
111.618
111.572
111.55
111.542
111.509
111.49
111.469
111.446
111.439
111.392
111.404
111.4
111.375
111.347
111.39
111.362
111.357
111.343
111.338
111.347
111.34
111.345
111.335
111.308
111.305
111.299
111.29
111.286
111.269
111.247
111.233
111.224
111.222
111.221
111.218
111.204
111.184
111.208
111.216
111.236
111.232
111.226
111.262
111.314
111.294
111.277
111.299
111.35
111.383
111.413
111.465
111.519
111.347
111.343
111.407
111.438
111.507
111.558
111.616
111.666
111.692
111.737
111.771
111.823
111.851
111.902
111.919
111.998
112.069
112.128
112.206
112.319
112.418
112.484
112.555
112.666
112.788
112.837
112.948
113.029
113.122
113.197
113.304
113.406
113.487
113.531
113.592
113.715
113.762
113.815
113.917
113.952
114.004
114.056
114.113
114.154
114.205
114.292
114.354
114.397
114.422
114.51
114.558
114.619
114.695
114.718
114.774
114.851
114.92
114.959
115.02
115.11
115.127
115.19
115.235
115.283
115.328
115.385
115.434
115.48
115.487
115.561
115.585
115.607
115.658
115.695
115.687
115.735
115.752
115.78
115.816
115.832
115.832
115.859
115.886
115.9
115.906
115.93
115.938
116.003
116.012
116.02
116.034
116.061
116.054
116.064
116.054
116.05
116.05
116.075
116.092
116.079
116.079
116.097
116.083
116.08
116.094
116.086
116.09
116.097
116.081
116.06
116.06
116.054
116.046
116.055
116.047
116.028
116.032
116.004
115.967
115.955
115.935
115.917
115.87
115.874
115.869
115.819
115.809
115.773
115.743
115.715
115.688
115.692
115.714
115.691
115.689
115.689
115.69
115.673
115.688
115.666
115.679
115.639
115.629
115.631
115.643
115.632
115.627
115.65
115.642
115.637
115.631
115.64
115.636
115.634
115.655
115.65
115.656
115.652
115.648
115.664
115.657
115.65
115.661
115.652
115.666
115.631
115.621
115.635
115.618
115.613
115.617
115.593
115.603
115.598
115.562
115.548
115.528
115.521
115.504
115.483
115.452
115.418
115.409
115.387
115.37
115.337
115.324
115.277
115.25
115.202
115.191
115.159
115.159
115.135
115.12
115.106
115.092
115.097
115.113
115.108
115.099
115.077
115.078
115.056
115.035
115.022
115.018
115.002
114.961
114.943
114.943
114.903
114.908
114.901
114.874
114.88
114.848
114.826
114.796
114.785
114.785
114.73
114.734
114.707
114.707
114.653
114.677
114.65
114.642
114.67
114.627
114.628
114.615
114.581
114.565
114.555
114.542
114.52
114.498
114.473
114.475
114.417
114.409
114.366
114.383
114.342
114.322
114.299
114.252
114.223
114.181
114.156
114.146
114.088
114.045
114.044
113.992
113.947
113.911
113.897
113.852
113.842
113.839
113.8
113.772
113.76
113.724
113.707
113.658
113.622
113.576
113.578
113.513
113.514
113.475
113.447
113.431
113.399
113.364
113.307
113.27
113.239
113.209
113.168
113.101
113.073
113.06
113.036
112.986
112.953
112.938
112.904
112.869
112.838
112.803
112.778
112.739
112.721
112.69
112.684
112.626
112.606
112.589
112.554
112.507
112.486
112.446
112.411
112.362
112.32
112.277
112.236
112.182
112.166
112.136
112.101
112.051
112.028
111.989
111.948
111.939
111.907
111.937
111.908
111.899
111.902
111.884
111.866
111.875
111.866
111.845
111.872
111.839
111.842
111.859
111.823
111.827
111.8
111.787
111.775
111.77
111.784
111.763
111.759
111.744
111.737
111.737
111.7
111.689
111.677
111.681
111.664
111.665
111.66
111.655
111.63
111.652
111.645
111.654
111.647
111.658
111.653
111.633
111.637
111.627
111.601
111.615
111.587
111.588
111.558
111.565
111.566
111.56
111.585
111.602
111.632
111.655
111.687
111.71
111.733
111.761
111.803
111.839
111.882
111.901
111.974
111.993
112.056
112.095
112.136
112.207
112.258
112.301
112.386
112.408
112.475
112.514
112.603
112.621
112.675
112.714
112.756
112.817
112.868
112.94
113.013
113.077
113.154
113.201
113.268
113.334
113.367
113.445
113.472
113.523
113.556
113.629
113.675
113.697
113.737
113.801
113.84
113.87
113.934
113.981
114.03
114.072
114.15
114.231
114.278
114.359
114.406
114.489
114.582
114.663
114.774
114.84
114.915
114.98
115.022
115.086
115.134
115.181
115.233
115.259
115.296
115.377
115.363
115.463
115.465
115.504
115.55
115.547
115.585
115.604
115.625
115.663
115.667
115.703
115.733
115.738
115.781
115.819
115.851
115.861
115.885
115.918
115.938
115.938
115.962
115.944
115.946
115.969
115.984
115.989
115.996
115.986
116.019
116.016
116.001
116.029
116.03
116.02
116.012
116.015
116.007
116.002
116.012
115.998
115.981
115.966
115.973
115.966
115.948
115.923
115.901
115.886
115.882
115.847
115.831
115.812
115.8
115.772
115.739
115.732
115.717
115.688
115.674
115.679
115.671
115.696
115.656
115.618
115.634
115.621
115.597
115.609
115.57
115.543
115.562
115.535
115.514
115.489
115.483
115.474
115.458
115.458
115.437
115.446
115.432
115.402
115.414
115.391
115.374
115.359
115.341
115.333
115.328
115.3
115.294
115.291
115.291
115.283
115.299
115.284
115.293
115.286
115.304
115.29
115.301
115.309
115.315
115.341
115.332
115.318
115.301
115.302
115.307
115.312
115.292
115.281
115.265
115.262
115.238
115.208
115.186
115.172
115.17
115.147
115.14
115.127
115.127
115.163
115.109
115.117
115.069
115.056
115.034
115.009
114.971
114.964
114.964
114.931
114.941
114.936
114.909
114.878
114.901
114.835
114.826
114.824
114.793
114.773
114.761
114.705
114.71
114.675
114.529
114.521
114.521
114.496
114.466
114.425
114.425
114.421
114.421
114.364
114.354
114.322
114.301
114.274
114.266
114.238
114.213
114.197
114.168
114.214
114.197
114.193
114.208
114.199
114.199
114.207
114.205
114.234
114.213
114.228
114.223
114.228
114.241
114.228
114.203
114.204
114.225
114.231
114.225
114.238
114.228
114.234
114.206
114.189
114.166
114.152
114.163
114.117
114.1
114.062
114.039
114.016
113.998
113.952
113.955
113.896
113.891
113.876
113.876
113.855
113.846
113.848
113.857
113.823
113.791
113.777
113.769
113.724
113.688
113.669
113.648
113.637
113.612
113.574
113.559
113.492
113.474
113.398
113.397
113.373
113.335
113.298
113.236
113.22
113.16
113.136
113.086
113.06
113.017
112.984
112.955
112.935
112.881
112.854
112.816
112.818
112.776
112.725
112.711
112.68
112.635
112.592
112.558
112.53
112.48
112.431
112.407
112.356
112.331
112.312
112.245
112.227
112.19
112.156
112.121
112.102
112.087
112.048
112.021
111.988
111.959
111.936
111.927
111.881
111.869
111.829
111.818
111.777
111.764
111.735
111.736
111.72
111.687
111.699
111.672
111.66
111.664
111.65
111.657
111.665
111.65
111.638
111.626
111.621
111.615
111.597
111.586
111.583
111.574
111.586
111.586
111.583
111.574
111.597
111.605
111.596
111.599
111.597
111.616
111.591
111.589
111.576
111.57
111.569
111.56
111.552
111.558
111.54
111.584
111.592
111.619
111.666
111.659
111.708
111.723
111.767
111.784
111.798
111.827
111.846
111.866
111.898
111.926
111.983
111.99
112.025
112.104
112.117
112.17
112.269
112.341
112.411
112.502
112.534
112.585
112.671
112.747
112.81
112.846
112.882
112.948
113.024
113.075
113.15
113.205
113.278
113.331
113.376
113.432
113.462
113.516
113.563
113.62
113.659
113.703
113.737
113.789
113.845
113.888
113.92
113.95
113.98
114.019
114.052
114.061
114.097
114.127
114.137
114.165
114.179
114.214
114.212
114.259
114.309
114.351
114.405
114.436
114.441
114.487
114.487
114.537
114.575
114.646
114.661
114.701
114.741
114.773
114.759
114.817
114.851
114.872
114.924
114.977
114.982
115.017
115.056
115.111
115.169
115.149
115.185
115.218
115.214
115.255
115.288
115.302
115.323
115.338
115.369
115.386
115.417
115.42
115.437
115.45
115.458
115.452
115.44
115.467
115.477
115.49
115.491
115.5
115.497
115.518
115.51
115.49
115.505
115.518
115.518
115.515
115.518
115.545
115.565
115.548
115.563
115.591
115.598
115.617
115.633
115.665
115.676
115.723
115.722
115.737
115.72
115.744
115.75
115.8
115.779
115.77
115.796
115.809
115.787
115.796
115.826
115.806
115.808
115.818
115.841
115.842
115.85
115.858
115.896
115.884
115.889
115.891
115.901
115.902
115.897
115.906
115.908
115.9
115.888
115.875
115.892
115.905
115.866
115.891
115.893
115.922
115.901
115.874
115.859
115.854
115.866
115.835
115.812
115.817
115.802
115.758
115.77
115.744
115.732
115.716
115.697
115.679
115.648
115.64
115.609
115.586
115.559
115.568
115.522
115.493
115.464
115.432
115.408
115.396
115.366
115.336
115.298
115.265
115.232
115.232
115.204
115.185
115.169
115.138
115.125
115.075
115.041
115.033
114.999
114.965
114.933
114.906
114.877
114.824
114.797
114.766
114.742
114.722
114.709
114.683
114.669
114.627
114.596
114.565
114.522
114.511
114.504
114.461
114.459
114.429
114.437
114.403
114.384
114.394
114.377
114.398
114.404
114.433
114.398
114.448
114.46
114.464
114.447
114.462
114.467
114.454
114.469
114.459
114.44
114.435
114.433
114.43
114.41
114.372
114.359
114.341
114.356
114.338
114.34
114.311
114.341
114.327
114.287
114.294
114.284
114.27
114.252
114.245
114.24
114.226
114.181
114.176
114.162
114.136
114.116
114.091
114.078
114.032
114.015
113.987
113.943
113.952
113.921
113.894
113.851
113.805
113.78
113.726
113.707
113.672
113.608
113.603
113.556
113.536
113.49
113.45
113.443
113.418
113.381
113.352
113.339
113.295
113.256
113.231
113.192
113.142
113.123
113.085
113.071
113.049
113
112.975
112.926
112.901
112.888
112.859
112.832
112.801
112.761
112.749
112.736
112.689
112.651
112.645
112.597
112.59
112.564
112.518
112.504
112.478
112.444
112.416
112.391
112.361
112.343
112.297
112.273
112.228
112.212
112.179
112.158
112.132
112.094
112.064
112.031
112.024
111.987
111.961
111.955
111.948
111.936
111.93
111.879
111.86
111.828
111.825
111.795
111.77
111.771
111.772
111.786
111.771
111.753
111.753
111.757
111.755
111.734
111.722
111.731
111.702
111.713
111.709
111.702
111.687
111.69
111.678
111.675
111.696
111.685
111.707
111.715
111.714
111.74
111.769
111.786
111.808
111.844
111.856
111.916
111.903
111.954
111.962
111.996
112.044
112.082
112.094
112.134
112.16
112.201
112.225
112.302
112.302
112.388
112.395
112.445
112.483
112.55
112.566
112.661
112.7
112.742
112.785
112.822
112.853
112.907
112.942
112.995
112.993
113.052
113.075
113.117
113.122
113.144
113.179
113.19
113.202
113.244
113.254
113.281
113.313
113.3
113.329
113.338
113.356
113.362
113.406
113.397
113.477
113.501
113.549
113.58
113.611
113.618
113.701
113.76
113.803
113.867
113.946
113.983
114.074
114.103
114.149
114.171
114.212
114.238
114.285
114.326
114.367
114.4
114.416
114.47
114.479
114.502
114.557
114.552
114.579
114.644
114.63
114.676
114.687
114.703
114.716
114.722
114.743
114.754
114.773
114.834
114.834
114.899
114.901
114.912
114.949
114.966
115.005
115.028
115.014
115.04
115.06
115.058
115.099
115.11
115.126
115.133
115.162
115.148
115.131
115.15
115.157
115.17
115.202
115.191
115.2
115.202
115.21
115.192
115.218
115.208
115.219
115.206
115.191
115.219
115.227
115.267
115.266
115.302
115.318
115.342
115.365
115.359
115.388
115.367
115.381
115.397
115.371
115.396
115.385
115.392
115.368
115.413
115.409
115.397
115.366
115.391
115.389
115.367
115.396
115.373
115.373
115.272
115.216
115.217
115.213
115.22
115.242
115.217
115.219
115.24
115.242
115.249
115.236
115.238
115.238
115.231
115.241
115.215
115.221
115.229
115.207
115.231
115.191
115.195
115.176
115.163
115.141
115.135
115.123
115.092
115.075
115.069
115.069
115.069
115.07
115.061
115.056
115.052
115.049
115.058
115.047
115.055
115.035
115.048
115.03
115.039
115.043
115.014
115.01
114.984
114.975
114.969
114.955
114.959
114.932
114.9
114.888
114.872
114.863
114.843
114.818
114.8
114.784
114.75
114.727
114.712
114.668
114.65
114.638
114.677
114.663
114.681
114.717
114.711
114.744
114.762
114.773
114.788
114.796
114.832
114.817
114.847
114.875
114.866
114.885
114.879
114.88
114.892
114.887
114.934
114.951
114.979
115.005
115.058
115.096
115.146
115.151
115.196
115.219
115.222
115.281
115.376
115.409
115.463
115.509
115.576
115.59
115.664
115.699
115.728
115.764
115.804
115.834
115.875
115.887
115.94
115.956
116.006
116.042
116.047
116.089
116.116
116.118
116.14
116.148
116.18
116.175
116.161
116.203
116.176
116.195
116.174
116.194
116.204
116.191
116.195
116.166
116.176
116.181
116.172
116.142
116.191
116.141
116.13
116.135
116.114
116.128
116.111
116.101
116.134
116.086
116.107
116.105
116.1
116.081
116.062
116.045
116.013
116.01
115.979
115.977
115.953
115.984
115.917
115.894
115.875
115.86
115.828
115.732
115.564
115.548
115.517
115.514
115.491
115.463
115.463
115.455
115.404
115.416
115.429
115.414
115.361
115.374
115.353
115.344
115.324
115.335
115.325
115.338
115.347
115.393
115.365
115.365
115.359
115.396
115.412
115.432
115.415
115.39
115.393
115.371
115.352
115.35
115.338
115.309
115.32
115.31
115.297
115.302
115.308
115.292
115.308
115.335
115.312
115.337
115.326
115.338
115.372
115.379
115.408
115.452
115.416
115.47
115.453
115.45
115.495
115.478
115.482
115.514
115.498
115.497
115.511
115.537
115.571
115.612
115.632
115.668
115.715
115.768
115.787
115.858
115.925
115.946
115.952
115.988
116.006
116.026
116.058
116.119
116.133
116.159
116.165
116.197
116.24
116.248
116.265
116.269
116.329
116.362
116.416
116.397
116.452
116.479
116.496
116.53
116.541
116.54
116.563
116.587
116.588
116.634
116.633
116.667
116.704
116.691
116.729
116.74
116.744
116.762
116.785
116.769
116.792
116.811
116.794
116.791
116.795
116.8
116.825
116.815
116.859
116.868
116.926
116.958
117.006
117.053
117.087
117.115
117.157
117.181
117.229
117.281
117.313
117.321
117.387
117.411
117.484
117.517
117.552
117.592
117.633
117.663
117.687
117.679
117.713
117.755
117.767
117.836
117.822
117.871
117.884
117.931
117.967
118.002
118.033
118.06
118.061
118.118
118.134
118.155
118.203
118.235
118.258
118.293
118.295
118.293
118.309
118.32
118.351
118.369
118.389
118.394
118.385
118.384
118.406
118.401
118.41
118.418
118.407
118.431
118.454
118.487
118.467
118.523
118.562
118.565
118.6
118.62
118.655
118.663
118.701
118.707
118.713
118.711
118.751
118.745
118.764
118.745
118.78
118.763
118.777
118.782
118.789
118.785
118.81
118.782
118.796
118.788
118.806
118.818
118.825
118.803
118.811
118.814
118.793
118.802
118.807
118.792
118.776
118.784
118.782
118.785
118.792
118.786
118.812
118.796
118.796
118.82
118.816
118.827
118.832
118.847
118.886
118.887
118.888
118.883
118.916
118.947
118.943
118.995
118.991
119.005
119.012
119.027
119.022
119.036
119.055
119.042
119.067
119.084
119.073
119.067
119.064
119.079
119.082
119.101
119.113
119.12
119.126
119.114
119.15
119.15
119.134
119.13
119.153
119.156
119.152
119.17
119.205
119.198
119.204
119.202
119.225
119.226
119.239
119.237
119.263
119.256
119.261
119.27
119.281
119.291
119.276
119.268
119.29
119.291
119.298
119.274
119.308
119.299
119.283
119.305
119.33
119.333
119.354
119.364
119.356
119.404
119.399
119.412
119.402
119.405
119.416
119.413
119.44
119.451
119.458
119.484
119.502
119.487
119.507
119.467
119.47
119.459
119.463
119.471
119.455
119.447
119.438
119.448
119.46
119.453
119.426
119.399
119.372
119.37
119.338
119.31
119.309
119.303
119.292
119.287
119.237
119.246
119.233
119.208
119.171
119.142
119.126
119.108
119.074
119.066
119.043
118.997
118.968
118.942
118.902
118.863
118.838
118.815
118.773
118.733
118.692
118.677
118.643
118.613
118.553
118.54
118.492
118.46
118.427
118.377
118.327
118.276
118.244
118.204
118.151
118.102
118.079
118.019
118.009
117.939
117.899
117.857
117.791
117.794
117.727
117.711
117.671
117.653
117.637
117.612
117.584
117.549
117.552
117.561
117.524
117.549
117.591
117.59
117.538
117.563
117.54
117.524
117.495
117.483
117.454
117.462
117.419
117.432
117.4
117.392
117.373
117.364
117.37
117.353
117.362
117.316
117.347
117.324
117.302
117.318
117.323
117.247
117.221
117.225
117.214
117.205
117.209
117.202
117.153
117.162
117.162
117.154
117.157
117.177
117.134
117.153
117.119
117.122
117.101
117.095
117.083
117.066
117.052
117.049
117.043
117.02
117.027
117.024
117.004
117.028
116.991
116.987
116.996
116.97
116.99
116.96
116.97
116.931
116.919
116.921
116.919
116.924
116.954
116.93
116.966
116.99
116.967
116.969
116.97
116.987
116.977
116.965
116.945
116.95
116.917
116.922
116.885
116.94
116.917
116.93
116.938
116.89
116.934
116.952
116.995
117.009
117.019
117.064
117.051
117.07
117.093
117.104
117.127
117.136
117.133
117.154
117.124
117.158
117.165
117.177
117.194
117.227
117.225
117.232
117.226
117.23
117.237
117.227
117.237
117.24
117.235
117.244
117.242
117.222
117.238
117.25
117.279
117.285
117.277
117.3
117.28
117.284
117.289
117.265
117.266
117.267
117.273
117.288
117.303
117.322
117.333
117.332
117.346
117.381
117.374
117.399
117.417
117.448
117.494
117.532
117.591
117.605
117.645
117.693
117.72
117.761
117.818
117.836
117.892
117.883
117.9
117.958
117.982
118.026
118.054
118.077
118.102
118.164
118.188
118.251
118.282
118.305
118.343
118.357
118.386
118.435
118.43
118.459
118.467
118.535
118.542
118.579
118.571
118.614
118.462
118.327
118.333
118.356
118.368
118.398
118.429
118.426
118.43
118.486
118.487
118.492
118.511
118.528
118.549
118.574
118.563
118.562
118.585
118.578
118.584
118.585
118.573
118.595
118.586
118.573
118.578
118.576
118.572
118.569
118.569
118.549
118.57
118.596
118.612
118.616
118.664
118.675
118.758
118.763
118.789
118.795
118.862
118.856
118.921
118.968
119.017
119.046
119.037
119.086
119.105
119.137
119.16
119.155
119.171
119.192
119.226
119.218
119.226
119.216
119.244
119.276
119.289
119.327
119.343
119.372
119.406
119.402
119.419
119.431
119.438
119.491
119.476
119.503
119.504
119.506
119.521
119.511
119.541
119.532
119.587
119.56
119.555
119.567
119.542
119.58
119.589
119.585
119.603
119.597
119.59
119.601
119.595
119.6
119.603
119.62
119.59
119.572
119.552
119.571
119.565
119.563
119.543
119.527
119.525
119.517
119.488
119.46
119.399
119.397
119.379
119.351
119.331
119.328
119.303
119.288
119.266
119.234
119.204
119.179
119.135
119.09
119.073
119.046
118.999
118.959
118.944
118.944
118.898
118.9
118.879
118.837
118.781
118.755
118.732
118.716
118.687
118.645
118.628
118.62
118.595
118.571
118.577
118.513
118.517
118.485
118.487
118.465
118.473
118.433
118.44
118.409
118.384
118.341
118.317
118.324
118.316
118.312
118.313
118.32
118.329
118.317
118.34
118.332
118.37
118.339
118.342
118.339
118.356
118.319
118.32
118.309
118.311
118.289
118.291
118.27
118.247
118.245
118.24
118.219
118.207
118.178
118.149
118.136
118.106
118.101
118.076
118.058
118.045
118.055
118.017
118.03
118.033
118.018
118.033
118.022
118.015
118.009
117.999
118.023
117.995
117.99
118
117.985
117.998
118
117.999
118.005
118.011
118.004
118.012
118.029
118.009
118.013
118.005
117.974
117.941
117.948
117.92
117.907
117.906
117.88
117.844
117.867
117.885
117.865
117.863
117.874
117.846
117.831
117.833
117.815
117.794
117.808
117.832
117.834
117.825
117.833
117.848
117.861
117.862
117.892
117.903
117.929
117.942
117.948
117.962
117.965
118.005
117.986
117.969
117.985
118.024
118.03
118.029
117.987
118.016
118.019
118.003
118.026
118.027
118.03
117.993
117.972
117.979
117.929
117.917
117.878
117.873
117.852
117.854
117.817
117.799
117.795
117.81
117.81
117.787
117.76
117.775
117.802
117.779
117.819
117.84
117.855
117.846
117.884
117.9
117.91
117.936
117.952
117.945
117.977
117.984
117.984
118.003
118.009
118.006
118.023
118
118.029
118.01
117.996
118.015
118.016
117.997
118.009
118.005
117.991
117.976
117.965
117.917
117.935
117.938
117.921
117.926
117.886
117.876
117.871
117.863
117.857
117.844
117.806
117.81
117.796
117.783
117.753
117.755
117.753
117.732
117.731
117.704
117.691
117.688
117.685
117.697
117.665
117.643
117.64
117.644
117.595
117.623
117.607
117.618
117.629
117.618
117.613
117.599
117.596
117.584
117.561
117.562
117.563
117.55
117.543
117.578
117.571
117.588
117.565
117.59
117.548
117.58
117.58
117.574
117.59
117.581
117.419
117.377
117.355
117.37
117.39
117.412
117.417
117.428
117.427
117.407
117.427
117.452
117.47
117.466
117.47
117.508
117.52
117.532
117.556
117.553
117.575
117.611
117.609
117.615
117.618
117.607
117.604
117.615
117.634
117.609
117.623
117.607
117.618
117.673
117.73
117.587
117.395
117.391
117.441
117.414
117.387
117.515
117.681
117.845
117.997
118.177
118.313
118.475
118.596
118.568
118.688
118.824
118.955
119.081
119.184
119.336
119.456
119.586
119.731
119.863
120.014
120.095
120.207
120.337
120.489
120.591
120.727
120.849
120.983
121.11
121.212
121.333
121.458
121.594
121.676
121.78
121.865
121.962
122.032
122.124
122.239
122.328
122.4
122.491
122.588
122.671
122.761
122.874
122.961
123.073
123.159
123.26
123.386
123.51
123.622
123.683
123.805
123.883
123.953
124.058
124.139
124.2
124.325
124.417
124.533
124.588
124.672
124.739
124.835
124.928
124.977
125.043
125.125
125.178
125.238
125.348
125.421
125.555
125.672
125.791
125.926
125.903
126.136
126.375
126.574
126.767
126.964
127.176
127.39
127.617
127.804
127.963
128.146
128.322
128.497
128.666
128.846
129.019
129.189
129.337
129.499
129.667
129.842
130.016
130.213
130.426
130.639
130.843
131.041
131.258
131.442
131.624
131.812
132.016
132.209
132.384
132.584
132.768
132.951
133.123
133.289
133.447
133.713
133.967
134.25
134.519
134.796
135.061
135.308
135.588
135.839
136.091
136.349
136.617
136.908
137.273
137.421
137.694
138.022
138.164
138.316
138.608
138.926
139.253
139.351
139.615
139.74
139.846
140.102
140.219
140.484
140.768
141.033
141.324
141.599
141.69
141.958
142.229
142.497
142.742
142.994
143.276
143.513
143.591
143.661
143.748
143.857
144.109
144.349
144.574
144.818
145.015
145.095
145.339
145.572
145.816
146.064
146.325
146.634
146.782
147.073
147.421
147.689
148.101
148.509
148.932
149.356
149.77
150.159
150.544
150.951
151.346
151.857
152.248
152.766
153.298
153.661
154.178
154.534
154.709
155.019
155.366
155.694
156.044
156.537
156.881
157.213
157.768
158.191
158.606
159.042
159.456
160.018
160.444
160.854
161.248
161.639
162.035
162.563
163.116
163.506
164.038
164.593
165.134
165.672
166.178
166.675
167.198
167.724
168.251
168.634
169.064
169.481
169.893
170.173
170.7
171.211
171.699
172.205
172.684
172.97
173.414
173.741
174.053
174.502
175.022
175.577
176.165
176.826
177.536
178.217
178.869
179.362
179.804
180.29
180.902
181.306
181.765
182.263
182.798
183.367
183.912
184.467
185.031
185.59
186.104
186.624
187.139
187.605
188.093
188.554
189.042
189.528
189.976
190.377
190.848
191.302
191.787
192.247
192.682
193.131
193.389
193.774
194.214
194.651
195.083
195.51
195.93
196.343
196.747
197.07
197.39
197.721
198.046
198.367
198.683
198.994
199.3
199.601
199.898
200.189
200.478
200.72
200.978
201.256
201.53
201.8
202.066
202.27
202.491
202.747
202.963
203.176
203.404
203.647
203.887
204.124
204.356
204.587
204.814
205.039
205.263
205.483
205.702
205.919
206.136
206.353
206.569
206.785
207.001
207.217
207.355
207.511
207.726
207.94
208.154
208.353
208.551
208.749
208.951
209.15
209.348
