0.21161
0.412779
0.613428
0.814052
1.01464
1.21522
1.41577
1.61628
1.81681
2.01731
2.21782
2.41834
2.61898
2.81955
3.02004
3.22053
3.42101
3.62146
3.82193
4.02245
4.22302
4.42353
4.62405
4.82455
5.025
5.22548
5.42593
5.62639
5.82686
6.02735
6.22782
6.42827
6.62893
6.82956
7.03008
7.23055
7.43101
7.63146
7.83191
8.03241
8.23289
8.43333
8.6338
8.8343
9.0348
9.2354
9.43591
9.6364
9.83688
10.0373
10.2378
10.4383
10.6387
10.8392
11.0397
11.2639
11.4643
11.6649
11.8654
12.0659
12.2663
12.4667
12.6672
12.8677
13.0682
13.2686
13.4714
13.6718
13.8723
14.0727
14.2732
14.4736
14.674
14.8985
15.099
15.2994
15.4999
15.7004
15.9008
16.1013
16.3017
16.5022
16.7027
16.9031
17.1036
17.304
17.5044
17.7049
17.9053
18.1057
18.3062
18.5067
18.7072
18.9077
19.1083
19.3088
19.5092
19.7097
19.9102
20.1107
20.3113
20.5118
20.7123
20.9128
21.1133
21.3138
21.5143
21.7147
21.9152
22.1157
22.3162
22.5167
22.7172
22.9177
23.1181
23.3186
23.5191
23.7195
23.92
24.1205
24.3327
24.5332
24.7337
24.9342
25.1347
25.3352
25.5357
25.7362
25.9366
26.137
26.3375
26.5381
26.7386
26.9391
27.1396
27.3468
27.5473
27.7478
27.9483
28.1488
28.3493
28.5498
28.7503
28.9508
29.1513
29.3518
29.5522
29.7527
29.9531
30.1536
30.3542
30.5547
30.7552
30.9557
31.1561
31.3565
31.5616
31.7621
31.9625
32.163
32.3635
32.564
32.7644
32.9649
33.1654
33.366
33.5665
33.767
33.9675
34.168
34.3685
34.569
34.7695
34.9699
35.1704
35.3709
35.5714
35.7718
35.9723
36.1728
36.3733
36.5738
36.7742
36.9747
37.1752
37.3757
37.5762
37.7768
37.9773
38.1778
38.3783
38.5789
38.7794
38.9799
39.1804
39.381
39.5815
39.7821
39.9825
40.183
40.3835
40.584
40.7845
40.985
41.1855
41.386
41.5865
41.7869
41.9874
42.1879
42.3884
42.5889
42.7894
42.9899
43.1904
43.3908
43.5913
43.7918
43.9923
44.1927
44.3932
44.5938
44.7942
44.9947
45.1953
45.3958
45.5963
45.7967
45.9972
46.1977
46.3982
46.5987
46.7991
46.9997
47.2002
47.4007
47.6012
47.8018
48.0023
48.2028
48.4032
48.6037
48.8042
49.0047
49.2052
49.4055
49.606
49.8065
50.0069
50.2074
50.4078
50.6082
50.8087
51.0092
51.2097
51.4101
51.6106
51.811
52.0115
52.212
52.4124
52.6129
52.8133
53.0138
53.2143
53.4148
53.6152
53.8157
54.0161
54.2166
54.417
54.6175
54.818
55.0184
55.2189
55.4194
55.6198
55.8203
56.0208
56.2212
56.4216
56.6221
56.8226
57.0231
57.2236
57.4241
57.6246
57.825
58.0255
58.226
58.4264
58.6269
58.8274
59.0279
59.2283
59.4288
59.6293
59.8298
60.0303
60.2308
60.4312
60.6317
60.8322
61.0326
61.2331
61.4335
61.6419
61.8424
62.0429
62.2433
62.4438
62.6442
62.8447
63.0451
63.2456
63.4461
63.6465
63.847
64.0474
64.2479
64.4483
64.6488
64.8493
65.0498
65.2503
65.4508
65.6514
65.852
66.0525
66.253
66.4535
66.6539
66.8544
67.0549
67.2554
67.4559
67.6564
67.8569
68.0573
68.2578
68.4583
68.6587
68.8592
69.0597
69.2827
69.4831
69.6836
69.884
70.0844
70.2849
70.4853
70.6858
70.8862
71.0867
71.2871
71.4875
71.688
71.8884
72.0889
72.2893
72.4897
72.6902
72.8906
73.091
73.2915
73.492
73.6924
73.8928
74.0933
74.2937
74.4941
74.6946
74.8951
75.0955
75.296
75.4964
75.6968
75.8972
76.0977
76.2981
76.4985
76.699
76.8994
77.0999
77.3004
77.5009
77.7013
77.9018
78.1022
78.3027
78.5031
78.7036
78.904
79.1102
79.3106
79.5111
79.7116
79.9122
80.1129
80.3134
80.5139
80.7143
80.9147
81.1152
81.3156
81.516
81.7165
81.9169
82.1173
82.3177
82.5181
82.7185
82.919
83.1194
83.3198
83.5202
83.7206
83.9211
84.1215
84.3219
84.5223
84.7309
84.9314
85.1319
85.3324
85.5328
85.7333
85.9337
86.1342
86.3346
86.5351
86.7355
86.9359
87.1505
87.3509
87.5513
87.7518
87.9523
88.1527
88.3531
88.5535
88.754
88.9544
89.1549
89.3553
89.5558
89.7563
89.9567
90.1571
90.3576
90.558
90.7586
90.959
91.1595
91.3599
91.5603
91.7608
91.9613
92.1617
92.3621
92.5626
92.763
92.9635
93.164
93.3644
93.5648
93.7653
93.9657
94.1662
94.3666
94.5671
94.7676
94.968
95.1685
95.3689
95.5693
95.7698
95.9702
96.1707
96.3711
96.5716
96.772
96.9724
97.1729
97.3733
97.5737
97.7742
97.9746
98.175
98.3754
98.5759
98.7763
98.9768
99.1773
99.3778
99.5783
99.7787
99.9792
100.18
100.38
100.581
100.781
100.982
101.182
101.382
101.583
101.783
101.984
102.184
102.385
102.585
102.786
102.986
103.187
103.387
103.588
103.788
103.989
104.189
104.39
104.59
104.79
104.991
105.191
105.392
105.592
105.793
105.993
106.193
106.409
106.609
106.81
107.01
107.211
107.411
107.611
107.812
108.012
108.213
108.413
108.614
108.814
109.015
109.215
109.415
109.616
109.816
110.017
110.217
110.418
110.618
110.819
111.019
111.22
111.42
111.62
111.821
112.021
112.222
112.422
112.623
112.823
113.023
113.224
113.424
113.625
113.825
114.026
114.226
114.426
114.627
114.827
115.028
115.228
115.429
115.629
115.829
116.03
116.23
116.431
116.631
116.832
117.032
117.232
117.433
117.633
117.834
118.034
118.235
118.435
118.635
118.836
119.036
119.237
119.437
119.638
119.838
120.038
120.239
120.439
120.64
120.84
121.041
121.241
121.442
121.642
121.842
122.043
122.243
122.444
122.644
122.845
123.045
123.246
123.446
123.646
123.847
124.047
124.248
124.448
124.649
124.849
125.049
125.25
125.45
125.651
125.851
126.052
126.252
126.452
126.653
126.853
127.054
127.254
127.455
127.655
127.856
128.056
128.256
128.457
128.657
128.858
129.058
129.259
129.478
129.679
129.879
130.08
130.28
130.48
130.681
130.881
131.082
131.282
131.483
131.683
131.883
132.084
132.284
132.485
132.685
132.886
133.086
133.286
133.487
133.687
133.888
134.088
134.289
134.489
134.69
134.89
135.09
135.291
135.491
135.713
135.913
136.114
136.314
136.515
136.715
136.915
137.116
137.316
137.517
137.717
137.918
138.118
138.319
138.519
138.72
138.92
139.121
139.321
139.546
139.746
139.947
140.147
140.348
140.548
140.748
140.949
141.149
141.35
141.55
141.751
141.951
142.152
142.352
142.553
142.753
142.954
143.154
143.354
143.555
143.755
143.956
144.156
144.357
144.557
144.758
144.958
145.158
145.359
145.559
145.76
145.96
146.161
146.361
146.562
146.762
146.962
147.163
147.363
147.564
147.764
147.964
148.165
148.365
148.566
148.766
148.967
149.167
149.367
149.587
149.788
149.988
150.189
150.389
150.589
150.802
151.003
151.203
151.404
151.604
151.804
152.005
152.205
152.406
152.606
152.807
153.007
153.208
153.423
153.623
153.824
154.024
154.225
154.425
154.626
154.826
155.027
155.227
155.428
155.628
155.829
156.029
156.229
156.43
156.63
156.831
157.031
157.232
157.432
157.633
157.833
158.033
158.259
158.459
158.66
158.86
159.06
159.261
159.461
159.662
159.862
160.063
160.263
160.464
160.664
160.865
161.065
161.266
161.466
161.667
161.867
162.067
162.268
162.468
162.669
162.869
163.07
163.27
163.471
163.671
163.884
164.084
164.285
164.485
164.685
164.886
165.086
165.287
165.487
165.688
165.888
166.088
166.289
166.489
166.69
166.89
167.091
167.291
167.492
167.692
167.892
168.093
168.293
168.494
168.694
168.895
169.095
169.295
169.496
169.696
169.897
170.097
170.298
170.498
170.698
170.899
171.099
171.3
171.5
171.701
171.901
172.102
172.302
172.502
172.703
172.903
173.104
173.304
173.505
173.705
173.906
174.106
174.306
174.507
174.707
174.908
175.108
175.309
175.509
175.71
175.91
176.11
176.311
176.511
176.712
176.912
177.113
177.313
177.514
177.714
177.915
178.115
178.316
178.516
178.716
178.917
179.117
179.318
179.518
179.719
179.919
180.12
180.32
180.529
180.729
180.93
181.13
181.33
181.531
181.731
181.932
182.132
182.333
182.533
182.734
182.934
183.134
183.335
183.535
183.736
183.936
184.137
184.337
184.537
184.738
184.938
185.139
185.339
185.54
185.74
185.941
186.141
186.341
186.542
186.742
186.943
187.143
187.344
187.544
187.745
187.945
188.145
188.346
188.554
188.754
188.955
189.155
189.356
189.556
189.757
189.957
190.158
190.358
190.558
190.759
190.959
191.16
191.36
191.561
191.761
191.962
192.162
192.362
192.563
192.763
192.975
193.175
193.376
193.576
193.777
193.997
194.197
194.398
194.598
194.799
194.999
195.2
195.4
195.601
195.801
196.001
196.202
196.402
196.603
196.803
197.004
197.216
197.417
197.617
197.818
198.018
198.218
198.419
198.619
198.82
199.02
199.221
199.421
199.622
199.822
200.022
200.223
200.423
200.624
200.824
201.025
201.225
201.426
201.626
201.827
202.027
202.227
202.428
202.628
202.829
203.029
203.23
203.43
203.631
203.831
204.032
204.232
204.432
204.633
204.833
205.034
205.234
205.435
205.635
205.835
206.036
206.236
206.437
206.637
206.838
207.038
207.238
207.439
207.639
207.84
208.04
208.241
208.441
208.641
208.842
209.042
209.243
209.443
209.644
209.844
210.044
210.245
210.445
210.646
210.846
211.047
211.247
211.447
211.669
211.87
212.07
212.271
212.471
212.672
212.872
213.072
213.273
213.473
213.674
213.874
214.075
214.275
214.476
214.676
214.877
215.077
215.278
215.478
215.678
215.879
216.079
216.28
216.48
216.681
216.881
217.082
217.282
217.482
217.683
217.883
218.084
218.284
218.485
218.685
218.886
219.086
219.287
219.487
219.688
219.888
220.089
220.289
220.489
220.69
220.89
221.091
221.291
221.492
221.692
221.893
222.093
222.294
222.494
222.694
222.895
223.095
223.296
223.496
223.697
223.897
224.098
224.298
224.499
224.699
224.9
225.1
225.301
225.501
225.702
225.902
226.103
226.303
226.504
226.704
226.905
227.105
227.306
227.506
227.707
227.907
228.108
228.308
228.508
228.709
228.909
229.11
229.31
229.511
229.711
229.911
230.112
230.312
230.513
230.713
230.913
231.114
231.314
231.515
231.715
231.915
232.116
232.316
232.517
232.717
232.918
233.118
233.318
233.519
233.719
233.92
234.12
234.321
234.521
234.721
234.922
235.122
235.323
235.523
235.724
235.924
236.125
236.325
236.526
236.726
236.927
237.127
237.328
237.528
237.728
237.929
238.129
238.33
238.53
238.731
238.931
239.132
239.332
239.532
239.733
239.933
240.134
240.334
240.535
240.735
240.935
241.136
241.336
241.537
241.737
241.938
242.138
242.339
242.539
242.739
242.94
243.14
243.341
243.541
243.741
243.942
244.142
244.343
244.543
244.744
244.944
245.144
245.345
245.545
245.746
245.946
246.147
246.347
246.548
246.748
246.949
247.158
247.359
247.559
247.759
247.96
248.16
248.361
248.561
248.762
248.962
249.162
249.363
249.563
249.764
249.964
250.165
250.365
250.566
250.766
250.966
251.167
251.367
251.568
251.768
251.969
252.169
252.37
252.57
252.771
252.971
253.172
253.372
253.572
253.773
253.973
254.174
254.374
254.575
254.775
254.976
255.176
255.377
255.577
255.778
255.978
256.179
256.379
256.58
256.78
256.981
257.181
257.381
257.59
257.791
257.991
258.192
258.392
258.593
258.793
258.993
259.194
259.394
259.595
259.795
259.996
260.196
260.397
260.597
260.798
260.998
261.198
261.399
261.599
261.8
262
262.201
262.401
262.602
262.802
263.002
263.203
263.403
263.604
263.804
264.005
264.205
264.406
264.606
264.807
265.007
265.207
265.408
265.608
265.809
266.009
266.21
266.41
266.611
266.811
267.012
267.212
267.413
267.613
267.814
268.014
268.215
268.415
268.616
268.816
269.017
269.217
269.418
269.618
269.819
270.037
270.237
270.438
270.638
270.839
271.039
271.239
271.44
271.64
271.841
272.041
272.242
272.442
272.643
272.843
273.044
273.244
273.444
273.645
273.845
274.046
274.246
274.447
274.647
274.848
275.048
275.249
275.449
275.65
275.85
276.05
276.251
276.451
276.652
276.852
277.053
277.253
277.454
277.654
277.855
278.055
278.256
278.456
278.657
278.857
279.057
279.258
279.458
279.659
279.859
280.06
280.26
280.46
280.661
280.861
281.062
281.262
281.463
281.663
281.864
282.064
282.265
282.465
282.666
282.866
283.067
283.267
283.467
283.668
283.868
284.069
284.269
284.47
284.67
284.871
285.071
285.272
285.472
285.673
285.873
286.073
286.29
286.49
286.691
286.891
287.092
287.292
287.493
287.693
287.893
288.094
288.294
288.495
288.695
288.896
289.096
289.297
289.497
289.697
289.898
290.098
290.299
290.499
290.7
290.9
291.101
291.301
291.502
291.702
291.902
292.103
292.303
292.504
292.704
292.905
293.105
293.306
293.506
293.707
293.907
294.108
294.308
294.508
294.709
294.909
295.11
295.31
295.511
295.711
295.912
296.112
296.313
296.513
296.714
296.914
297.114
297.315
297.515
297.716
297.916
298.117
298.317
298.518
298.718
298.919
299.119
299.32
299.52
299.72
299.921
300.121
300.322
300.522
300.723
300.923
301.124
301.324
301.525
301.725
301.941
302.141
302.342
302.542
302.743
302.943
303.144
303.344
303.558
303.758
303.959
304.159
304.36
304.56
304.761
304.961
305.162
305.362
305.563
305.763
305.964
306.164
306.365
306.565
306.766
306.966
307.166
307.367
307.567
307.768
307.968
308.169
308.369
308.57
308.77
308.971
309.171
309.371
309.572
309.772
309.973
310.173
310.374
310.574
310.775
310.975
311.176
311.376
311.577
311.777
311.977
312.178
312.378
312.579
312.779
312.98
313.18
313.381
313.581
313.782
313.982
314.183
314.383
314.584
314.784
314.985
315.185
315.386
315.586
315.787
315.987
316.187
316.388
316.588
316.789
316.989
317.19
317.39
317.591
317.791
317.992
318.192
318.393
318.593
318.794
319.002
319.203
319.403
319.604
319.804
320.005
320.205
320.405
320.606
320.806
321.007
321.207
321.408
321.608
321.809
322.009
322.21
322.41
322.61
322.811
323.011
323.212
323.412
323.613
323.813
324.014
324.214
324.415
324.615
324.816
325.016
325.216
325.417
325.617
325.818
326.018
326.219
326.419
326.62
326.82
327.02
327.221
327.421
327.622
327.822
328.023
328.223
328.424
328.624
328.824
329.025
329.225
329.426
329.626
329.827
330.027
330.228
330.428
330.628
330.829
331.029
331.23
331.43
331.631
331.831
332.032
332.232
332.432
332.633
332.833
333.034
333.234
333.435
333.635
333.836
334.036
334.236
334.437
334.637
334.838
335.038
335.239
335.439
335.64
335.84
336.041
336.241
336.442
336.642
336.843
337.043
337.243
337.444
337.644
337.845
338.045
338.246
338.446
338.646
338.847
339.047
339.248
339.448
339.649
339.849
340.05
340.25
340.451
340.651
340.852
341.052
341.252
341.453
341.653
341.854
342.054
342.255
342.455
342.656
342.856
343.056
343.257
343.457
343.658
343.858
344.059
344.259
344.46
344.66
344.861
345.061
345.262
345.463
345.663
345.864
346.064
346.265
346.466
346.666
346.867
347.067
347.267
347.468
347.668
347.869
348.069
348.27
348.47
348.67
348.871
349.071
349.272
349.472
349.673
349.873
350.074
350.274
350.475
350.675
350.875
351.076
351.276
351.477
351.677
351.878
352.078
352.279
352.479
352.68
352.88
353.08
353.281
353.481
353.682
353.882
354.083
354.283
354.484
354.684
354.884
355.085
355.285
355.486
355.686
355.887
356.087
356.288
356.488
356.689
356.889
357.09
357.306
357.507
357.707
357.908
358.108
358.309
358.509
358.71
358.91
359.11
359.311
359.511
359.712
359.912
360.113
360.313
360.514
360.714
360.915
361.115
361.316
361.516
361.716
361.917
362.117
362.318
362.518
362.719
362.919
363.12
363.32
363.521
363.721
363.922
364.122
364.323
364.523
364.723
364.924
365.124
365.325
365.525
365.726
365.926
366.128
366.329
366.529
366.73
366.93
367.131
367.331
367.531
367.732
367.932
368.133
368.333
368.534
368.737
368.937
369.137
369.338
369.538
369.739
369.939
370.14
370.34
370.541
370.741
370.941
371.142
371.342
371.543
371.743
371.944
372.144
372.345
372.545
372.746
372.946
373.147
373.347
373.548
373.748
373.948
374.149
374.349
374.55
374.75
374.951
375.151
375.352
375.552
375.753
375.953
376.154
376.354
376.555
376.755
376.955
377.156
377.356
377.557
377.757
377.958
378.158
378.359
378.559
378.759
378.96
379.16
379.361
379.561
379.762
379.962
380.162
380.363
380.563
380.764
380.964
381.165
381.365
381.566
381.766
381.967
382.167
382.367
382.568
382.768
382.969
383.169
383.37
383.57
383.77
383.971
384.171
384.372
384.572
384.773
384.973
385.173
385.374
385.574
385.775
385.975
386.176
386.376
386.577
386.777
386.993
387.194
387.394
387.595
387.795
387.996
388.196
388.397
388.597
388.798
388.998
389.199
389.413
389.614
389.814
390.015
390.215
390.416
390.616
390.817
391.017
391.217
391.418
391.618
391.819
392.019
392.22
392.42
392.621
392.821
393.022
393.222
393.423
393.623
393.824
394.024
394.225
394.425
394.625
394.826
395.026
395.227
395.427
395.628
395.828
396.028
396.229
396.429
396.63
396.83
397.031
397.231
397.432
397.632
397.833
398.033
398.234
398.434
398.635
398.835
399.035
399.236
399.436
399.637
399.837
400.038
400.238
400.439
400.639
400.839
401.04
401.24
401.441
401.641
401.842
402.042
402.243
402.443
402.644
402.844
403.045
403.245
403.446
403.646
403.846
404.047
404.247
404.448
404.648
404.849
405.049
405.25
405.45
405.651
405.851
406.052
406.252
406.452
406.653
406.853
407.054
407.254
407.455
407.655
407.856
408.056
408.256
408.457
408.657
408.858
409.058
409.259
409.459
409.66
409.86
410.061
410.261
410.461
410.662
410.862
411.063
411.263
411.464
411.664
411.865
412.065
412.266
412.466
412.667
412.867
413.067
413.268
413.468
413.669
413.869
414.069
414.27
414.47
414.671
414.871
415.072
415.272
415.473
415.673
415.874
416.074
416.274
416.475
416.675
416.876
417.076
417.277
417.477
417.678
417.878
418.079
418.279
418.479
418.68
418.88
419.081
419.281
419.482
419.682
419.883
420.083
420.283
420.484
420.684
420.885
421.085
421.286
421.486
421.687
421.887
422.087
422.288
422.488
422.689
422.889
423.09
423.29
423.491
423.691
423.892
424.092
424.293
424.493
424.693
424.894
425.094
425.295
425.495
425.696
425.896
426.097
426.297
426.497
426.698
426.898
427.099
427.299
427.5
427.7
427.901
428.101
428.302
428.502
428.703
428.903
429.103
429.304
429.504
429.705
429.905
430.106
430.306
430.523
430.723
430.924
431.124
431.325
431.525
431.726
431.926
432.127
432.327
432.527
432.728
432.929
433.129
433.329
433.53
433.73
433.931
434.131
434.332
434.532
434.733
434.933
435.134
435.334
435.535
435.735
435.936
436.136
436.337
436.537
436.738
436.938
437.138
437.339
437.539
437.74
437.94
438.141
438.341
438.542
438.742
438.942
439.143
439.343
439.544
439.744
439.945
440.145
440.346
440.546
440.747
440.947
441.148
441.348
441.549
441.749
441.949
442.15
442.35
442.551
442.751
442.952
443.152
443.353
443.553
443.753
443.954
444.154
444.355
444.555
444.756
444.956
445.157
445.357
445.557
445.758
445.958
446.159
446.359
446.56
446.76
446.961
447.161
447.362
447.562
447.762
447.963
448.163
448.364
448.564
448.765
448.965
449.165
449.366
449.566
449.767
449.967
450.168
450.368
450.569
450.769
450.969
451.17
451.37
451.571
451.771
451.972
452.172
452.372
452.573
452.773
452.974
453.174
453.375
453.575
453.776
453.976
454.177
454.377
454.578
454.778
454.978
455.179
455.379
455.58
455.78
455.981
456.181
456.382
456.582
456.782
456.983
457.183
457.384
457.584
457.785
457.985
458.185
458.386
458.586
458.787
458.987
459.188
459.388
459.589
459.789
459.989
460.19
460.39
460.591
460.791
460.992
461.192
461.392
461.593
461.793
461.994
462.194
462.395
462.595
462.796
462.996
463.197
463.397
463.597
463.798
463.998
464.199
464.399
464.6
464.801
465.001
465.202
465.402
465.602
465.803
466.003
466.204
466.404
466.605
466.805
467.006
467.206
467.407
467.607
467.808
468.008
468.209
468.409
468.61
468.81
469.01
469.211
469.411
469.612
469.812
470.013
470.213
470.414
470.614
470.814
471.015
471.215
471.416
471.616
471.817
472.017
472.218
472.418
472.619
472.819
473.02
473.22
473.42
473.621
473.821
474.022
474.222
474.423
474.623
474.824
475.024
475.224
475.425
475.625
475.826
476.026
476.227
476.427
476.627
476.828
477.028
477.229
477.429
477.63
477.83
478.031
478.231
478.432
478.632
478.832
479.033
479.233
479.434
479.634
479.835
480.035
480.236
480.436
480.637
480.837
481.037
481.238
481.438
481.639
481.839
482.04
482.24
482.441
482.641
482.842
483.042
483.243
483.443
483.643
483.844
484.044
484.245
484.445
484.646
484.846
485.047
485.247
485.448
485.648
485.849
486.049
486.25
486.458
486.658
486.859
487.059
487.26
487.46
487.661
487.861
488.062
488.262
488.463
488.663
488.863
489.064
489.264
489.465
489.665
489.866
490.066
490.266
490.467
490.667
490.868
491.068
491.268
491.469
491.669
491.87
492.07
492.271
492.471
492.671
492.872
493.072
493.273
493.473
493.674
493.874
494.074
494.275
494.475
494.676
494.876
495.076
495.277
495.477
495.678
495.878
496.079
496.279
496.48
496.68
496.88
497.081
497.281
497.482
497.682
497.883
498.083
498.284
498.484
498.685
498.885
499.086
499.286
499.486
499.687
499.887
500.088
500.288
500.489
500.689
500.889
501.09
501.29
501.491
501.691
501.892
502.092
502.293
502.493
502.693
502.894
503.094
503.295
503.495
503.696
503.896
504.097
504.297
504.498
504.698
504.918
505.118
505.318
505.519
505.719
505.92
506.12
506.321
506.521
506.722
506.922
507.123
507.323
507.523
507.724
507.924
508.125
508.325
508.526
508.726
508.927
509.127
509.328
509.528
509.729
509.929
510.13
510.33
510.53
510.731
510.931
511.132
511.332
511.533
511.733
511.934
512.134
512.335
512.535
512.736
512.936
513.137
513.337
513.538
513.738
513.939
514.139
514.339
514.54
514.74
514.941
515.141
515.342
515.542
515.743
515.943
516.144
516.344
516.545
516.745
516.946
517.146
517.347
517.547
517.748
517.948
518.149
518.349
518.55
518.75
518.95
519.151
519.351
519.552
519.752
519.953
520.153
520.354
520.554
520.754
520.955
521.155
521.356
521.556
521.757
521.957
522.158
522.358
522.558
522.759
522.959
523.16
523.36
523.561
523.761
523.962
524.162
524.362
524.563
524.763
524.964
525.164
525.365
525.565
525.766
525.966
526.166
526.367
526.567
526.768
526.968
527.169
527.369
527.57
527.77
527.97
528.171
528.371
528.572
528.772
528.973
529.173
529.373
529.574
529.774
529.995
530.195
530.396
530.596
530.797
530.997
531.198
531.398
531.599
531.799
531.999
532.2
532.4
532.601
532.801
533.002
533.202
533.403
533.603
533.804
534.004
534.205
534.405
534.606
534.806
535.007
535.207
535.408
535.608
535.808
536.009
536.209
536.41
536.61
536.811
537.011
537.212
537.412
537.613
537.813
538.014
538.214
538.414
538.615
538.815
539.016
539.216
539.417
539.617
539.818
540.018
540.219
540.419
540.619
540.82
541.02
541.221
541.421
541.622
541.822
542.023
542.223
542.423
542.624
542.824
543.025
543.225
543.426
543.626
543.826
544.027
544.227
544.428
544.628
544.829
545.029
545.23
545.43
545.631
545.831
546.031
546.232
546.432
546.633
546.833
547.034
547.234
547.435
547.635
547.835
548.036
548.236
548.437
548.637
548.844
549.044
549.245
549.445
549.645
549.846
550.046
550.247
550.447
550.648
550.848
551.049
551.249
551.45
551.65
551.85
552.051
552.251
552.452
552.652
552.853
553.053
553.254
553.454
553.654
553.855
554.055
554.256
554.456
554.657
554.857
555.058
555.258
555.459
555.659
555.859
556.06
556.26
556.461
556.661
556.862
557.062
557.263
557.463
557.664
557.864
558.064
558.265
558.465
558.666
558.866
559.067
559.267
559.467
559.668
559.868
560.069
560.269
560.47
560.67
560.871
561.071
561.271
561.472
561.672
561.873
562.073
562.274
562.474
562.674
562.875
563.075
563.276
563.476
563.676
563.877
564.077
564.278
564.478
564.679
564.879
565.08
565.28
565.48
565.681
565.881
566.082
566.282
566.483
566.683
566.884
567.084
567.284
567.485
567.685
567.893
568.093
568.294
568.494
568.695
568.895
569.096
569.296
569.496
569.697
569.911
570.112
570.312
570.513
570.713
570.914
571.114
571.315
571.515
571.715
571.916
572.116
572.317
572.517
572.718
572.918
573.119
573.319
573.519
573.72
573.92
574.121
574.321
574.522
574.722
574.923
575.123
575.324
575.524
575.724
575.925
576.125
576.326
576.526
576.727
576.927
577.128
577.328
577.529
577.729
577.929
578.13
578.33
578.531
578.731
578.932
579.132
579.332
579.533
579.733
579.934
580.134
580.335
580.535
580.736
580.936
581.137
581.337
581.537
581.738
581.938
582.139
582.339
582.54
582.74
582.941
583.141
583.342
583.542
583.742
583.943
584.143
584.344
584.544
584.745
584.945
585.146
585.346
585.547
585.747
585.948
586.148
586.348
586.549
586.749
586.95
587.15
587.351
587.551
587.752
587.952
588.153
588.353
588.554
588.754
588.955
589.155
589.356
589.556
589.756
589.972
590.173
590.373
590.574
590.774
590.975
591.175
591.375
591.576
591.776
591.977
592.177
592.378
592.578
592.779
592.979
593.179
593.38
593.58
593.781
593.981
594.182
594.382
594.583
594.783
594.983
595.184
595.384
595.585
595.785
595.986
596.186
596.387
596.587
596.788
596.988
597.189
597.389
597.589
597.79
597.99
598.191
598.391
598.592
598.792
598.993
599.193
599.393
599.594
599.794
599.995
600.195
600.396
600.596
600.797
600.997
601.198
601.398
601.599
601.799
602
602.2
602.401
602.601
602.802
603.002
603.203
603.403
603.603
603.804
604.004
604.205
604.405
604.606
604.806
605.007
605.207
605.408
605.608
605.808
606.009
606.209
606.41
606.61
606.811
607.011
607.212
607.412
607.613
607.813
608.013
608.214
608.414
608.615
608.815
609.016
609.216
609.417
609.617
609.818
610.029
610.229
610.43
610.643
610.844
611.044
611.245
611.445
611.646
611.846
612.047
612.247
612.447
612.648
612.848
613.049
613.249
613.45
613.65
613.851
614.051
614.251
614.452
614.652
614.853
615.053
615.254
615.454
615.655
615.855
616.055
616.256
616.456
616.657
616.857
617.058
617.258
617.458
617.659
617.859
618.06
618.26
618.461
618.661
618.862
619.062
619.262
619.463
619.663
619.864
620.064
620.265
620.465
620.666
620.866
621.067
621.267
621.467
621.668
621.868
622.069
622.269
622.47
622.67
622.871
623.071
623.271
623.472
623.672
623.873
624.073
624.274
624.474
624.675
624.875
625.076
625.276
625.476
625.677
625.877
626.078
626.278
626.479
626.679
626.88
627.08
627.281
627.481
627.682
627.882
628.083
628.283
628.483
628.684
628.884
629.085
629.285
629.486
629.686
629.887
630.087
630.288
630.488
630.689
630.889
631.09
631.29
631.49
631.705
631.906
632.106
632.307
632.507
632.708
632.908
633.109
633.309
633.51
633.71
633.911
634.111
634.312
634.512
634.713
634.913
635.113
635.314
635.514
635.715
635.915
636.116
636.316
636.516
636.717
636.917
637.133
637.333
637.534
637.734
637.935
638.135
638.335
638.536
638.736
638.937
639.137
639.338
639.538
639.738
639.939
640.139
640.34
640.54
640.741
640.941
641.141
641.342
641.542
641.743
641.943
642.144
642.344
642.545
642.745
642.946
643.146
643.347
643.547
643.748
643.948
644.149
644.349
644.55
644.75
644.951
645.151
645.351
645.552
645.752
645.953
646.153
646.354
646.554
646.764
646.965
647.165
647.366
647.566
647.766
647.967
648.167
648.368
648.568
648.769
648.969
649.17
649.37
649.571
649.771
649.972
650.172
650.372
650.573
650.773
650.974
651.174
651.375
651.575
651.776
651.976
652.177
652.377
652.577
652.778
652.978
653.179
653.379
653.58
653.78
653.981
654.181
654.382
654.582
654.783
654.983
655.184
655.384
655.585
655.785
655.985
656.186
656.386
656.587
656.787
656.988
657.203
657.403
657.603
657.804
658.004
658.205
658.405
658.606
658.806
659.007
659.207
659.407
659.608
659.808
660.009
660.209
660.41
660.61
660.81
661.011
661.211
661.412
661.612
661.813
662.013
662.214
662.414
662.615
662.815
663.015
663.216
663.416
663.617
663.817
664.018
664.218
664.419
664.619
664.819
665.02
665.22
665.421
665.621
665.822
666.022
666.222
666.423
666.623
666.824
667.024
667.225
667.425
667.625
667.826
668.026
668.227
668.427
668.628
668.828
669.028
669.229
669.429
669.63
669.83
670.031
670.231
670.432
670.632
670.832
671.033
671.233
671.434
671.634
671.835
672.035
672.235
672.436
672.636
672.837
673.037
673.238
673.438
673.638
673.839
674.039
674.24
674.44
674.641
674.841
675.042
675.242
675.442
675.643
675.843
676.044
676.244
676.444
676.645
676.845
677.046
677.246
677.447
677.647
677.848
678.048
678.249
678.449
678.649
678.85
679.05
679.251
679.451
679.652
679.852
680.053
680.253
680.454
680.654
680.855
681.055
681.256
681.456
681.657
681.857
682.058
682.258
682.458
682.659
682.859
683.06
683.26
683.461
683.661
683.862
684.062
684.263
684.463
684.664
684.864
685.065
685.265
685.466
685.666
685.866
686.067
686.267
686.468
686.668
686.869
687.069
687.269
687.47
687.67
687.871
688.071
688.272
688.472
688.673
688.873
689.074
689.274
689.495
689.695
689.896
690.096
690.297
690.497
690.698
690.898
691.099
691.299
691.5
691.7
691.9
692.101
692.301
692.502
692.702
692.903
693.103
693.304
693.504
693.705
693.905
694.106
694.306
694.507
694.707
694.908
695.108
695.309
695.509
695.71
695.91
696.11
696.311
696.511
696.712
696.912
697.113
697.313
697.514
697.714
697.915
698.115
698.316
698.516
698.717
698.917
699.118
699.318
699.519
699.719
699.92
700.12
700.321
700.521
700.722
700.922
701.123
701.323
701.524
701.724
701.924
702.125
702.325
702.526
702.726
702.927
703.127
703.328
703.528
703.729
703.929
704.13
704.33
704.531
704.731
704.931
705.132
705.332
705.533
705.733
705.934
706.134
706.335
706.535
706.736
706.936
707.136
707.337
707.537
707.738
707.938
708.139
708.339
708.571
708.771
708.972
709.172
709.373
709.573
709.774
709.974
710.175
710.375
710.575
710.776
710.976
711.177
711.377
711.578
711.778
711.979
712.179
712.38
712.58
712.781
712.981
713.181
713.382
713.582
713.783
713.983
714.184
714.402
714.602
714.803
715.003
715.204
715.404
715.605
715.805
716.006
716.206
716.406
716.607
716.807
717.008
717.208
717.409
717.609
717.809
718.01
718.21
718.411
718.611
718.812
719.012
719.213
719.413
719.614
719.814
720.015
720.215
720.415
720.616
720.816
721.017
721.217
721.418
721.618
721.819
722.019
722.22
722.42
722.62
722.821
723.021
723.222
723.422
723.623
723.823
724.024
724.224
724.425
724.625
724.825
725.041
725.242
725.442
725.642
725.843
726.043
726.244
726.444
726.645
726.845
727.045
727.246
727.446
727.647
727.847
728.048
728.248
728.449
728.649
728.85
729.05
729.251
729.451
729.652
729.852
730.052
730.253
730.453
730.654
730.854
731.055
731.255
731.456
731.656
731.856
732.057
732.257
732.458
732.658
732.858
733.059
733.259
733.46
733.66
733.861
734.061
734.261
734.462
734.662
734.863
735.063
735.264
735.464
735.665
735.865
736.065
736.266
736.466
736.667
736.867
737.068
737.275
737.475
737.676
737.876
738.077
738.277
738.477
738.678
738.878
739.079
739.279
739.48
739.68
739.881
740.081
740.282
740.482
740.697
740.897
741.098
741.298
741.499
741.699
741.9
742.1
742.301
742.501
742.701
742.902
743.102
743.303
743.503
743.704
743.904
744.105
744.305
744.506
744.706
744.907
745.107
745.308
745.508
745.709
745.909
746.11
746.31
746.511
746.711
746.912
747.112
747.312
747.513
747.713
747.914
748.114
748.315
748.515
748.716
748.916
749.116
749.317
749.517
749.718
749.918
750.119
750.319
750.519
750.72
750.92
751.121
751.321
751.522
751.722
751.923
752.123
752.323
752.524
752.724
752.925
753.125
753.326
753.526
753.727
753.927
754.128
754.328
754.528
754.729
754.929
755.13
755.33
755.531
755.731
755.932
756.132
756.333
756.533
756.733
756.934
757.134
757.335
757.535
757.736
757.936
758.158
758.359
758.559
758.76
758.96
759.161
759.361
759.562
759.762
759.963
760.163
760.364
760.564
760.765
760.965
761.166
761.366
761.567
761.767
761.968
762.168
762.368
762.569
762.788
762.989
763.189
763.39
763.59
763.791
763.991
764.191
764.392
764.592
764.793
764.993
765.202
765.402
765.603
765.803
766.004
766.204
766.405
766.605
766.806
767.006
767.207
767.407
767.607
767.808
768.008
768.209
768.409
768.61
768.81
769.011
769.211
769.412
769.612
769.813
770.013
770.214
770.414
770.615
770.815
771.016
771.216
771.416
771.617
771.817
772.018
772.218
772.419
772.619
772.82
773.02
773.221
773.421
773.622
773.822
774.023
774.223
774.424
774.624
774.824
775.025
775.225
775.426
775.626
775.827
776.027
776.227
776.428
776.628
776.829
777.029
777.23
777.43
777.631
777.831
778.031
778.232
778.432
778.633
778.833
779.034
779.234
779.435
779.635
779.835
780.036
780.236
780.437
780.637
780.838
781.038
781.239
781.439
781.639
781.84
782.04
782.241
782.441
782.642
782.842
783.043
783.243
783.443
783.644
783.844
784.045
784.245
784.446
784.646
784.846
785.047
785.247
785.448
785.648
785.849
786.049
786.25
786.45
786.651
786.851
787.051
787.252
787.452
787.653
787.854
788.054
788.255
788.455
788.656
788.856
789.057
789.257
789.458
789.658
789.859
790.059
790.26
790.46
790.661
790.861
791.061
791.262
791.462
791.663
791.863
792.064
792.264
792.464
792.665
792.865
793.066
793.266
793.466
793.667
793.867
794.068
794.268
794.469
794.669
794.869
795.07
795.27
795.471
795.671
795.871
796.072
796.272
796.473
796.673
796.874
797.074
797.274
797.475
797.675
797.876
798.076
798.277
798.477
798.677
798.878
799.078
799.279
799.479
799.68
799.88
800.08
800.281
800.481
800.682
800.882
801.083
801.283
801.483
801.684
801.884
802.085
802.285
802.486
802.686
802.886
803.087
803.287
803.488
803.688
803.889
804.089
804.29
804.49
804.691
804.891
805.092
805.3
805.5
805.701
805.901
806.102
806.302
806.503
806.703
806.904
807.104
807.305
807.505
807.706
807.906
808.107
808.307
808.508
808.708
808.909
809.109
809.31
809.51
809.711
809.911
810.111
810.312
810.512
810.713
810.913
811.114
811.314
811.515
811.715
811.916
812.116
812.316
812.517
812.717
812.918
813.118
813.319
813.519
813.72
813.92
814.121
814.321
814.521
814.722
814.922
815.123
815.323
815.524
815.724
815.925
816.125
816.326
816.526
816.726
816.927
817.127
817.328
817.528
817.729
817.929
818.13
818.33
818.53
818.731
818.931
819.132
819.332
819.533
819.733
819.934
820.134
820.334
820.535
820.735
820.936
821.136
821.337
821.537
821.738
821.938
822.138
822.339
822.539
822.74
822.94
823.141
823.341
823.541
823.742
823.942
824.143
824.343
824.544
824.744
824.944
825.145
825.345
825.546
825.746
825.947
826.147
826.348
826.548
826.748
826.949
827.149
827.35
827.55
827.751
827.951
828.152
828.352
828.552
828.753
828.953
829.154
829.354
829.555
829.755
829.956
830.156
830.356
830.557
830.757
830.958
831.158
831.359
831.559
831.76
831.96
832.161
832.361
832.561
832.762
832.962
833.163
833.363
833.564
833.764
833.965
834.165
834.365
834.566
834.766
834.967
835.167
835.368
835.568
835.769
835.969
836.169
836.37
836.57
836.771
836.971
837.172
837.372
837.572
837.773
837.973
838.174
838.374
838.575
838.775
838.976
839.176
839.377
839.577
839.777
839.978
840.178
840.379
840.579
840.78
840.98
841.181
841.381
841.581
841.782
841.982
842.183
842.383
842.584
842.784
842.985
843.185
843.385
843.586
843.786
843.987
844.187
844.388
844.615
844.816
845.016
845.216
845.417
845.617
845.818
846.018
846.219
846.419
846.62
846.82
847.02
847.221
847.421
847.622
847.822
848.022
848.223
848.423
848.624
848.824
849.025
849.225
849.426
849.626
849.826
850.027
850.227
850.428
850.628
850.829
851.029
851.23
851.43
851.63
851.831
852.031
852.232
852.432
852.633
852.833
853.034
853.234
853.435
853.635
853.836
854.036
854.236
854.437
854.638
854.838
855.039
855.239
855.439
855.64
855.84
856.041
856.241
856.442
856.642
856.843
857.043
857.244
857.444
857.645
857.845
858.046
858.246
858.446
858.647
858.847
859.048
859.248
859.449
859.649
859.85
860.05
860.251
860.451
860.652
860.852
861.053
861.253
861.454
861.654
861.854
862.055
862.256
862.456
862.657
862.857
863.057
863.258
863.458
863.659
863.859
864.06
864.26
864.461
864.661
864.862
865.062
865.262
865.463
865.663
865.864
866.064
866.265
866.465
866.665
866.866
867.066
867.267
867.467
867.668
867.868
868.068
868.269
868.469
868.67
868.87
869.071
869.271
869.471
869.672
869.872
870.073
870.273
870.474
870.674
870.874
871.075
871.275
871.476
871.676
871.877
872.077
872.277
872.478
872.678
872.879
873.079
873.28
873.48
873.68
873.881
874.081
874.282
874.482
874.683
874.894
875.094
875.295
875.495
875.696
875.896
876.097
876.297
876.497
876.698
876.898
877.099
877.299
877.5
877.7
877.901
878.101
878.302
878.502
878.703
878.903
879.104
879.304
879.505
879.705
879.906
880.106
880.307
880.507
880.708
880.908
881.109
881.309
881.509
881.71
881.91
882.111
882.311
882.512
882.712
882.913
883.113
883.313
883.514
883.714
883.915
884.115
884.316
884.516
884.717
884.917
885.118
885.318
885.518
885.719
885.919
886.12
886.32
886.521
886.721
886.921
887.122
887.322
887.523
887.723
887.924
888.124
888.325
888.525
888.726
888.926
889.126
889.327
889.527
889.728
889.928
890.129
890.329
890.53
890.73
890.93
891.131
891.331
891.532
891.732
891.933
892.133
892.334
892.534
892.735
892.935
893.136
893.336
893.537
893.737
893.938
894.138
894.338
894.539
894.739
894.94
895.14
895.341
895.541
895.742
895.942
896.143
896.343
896.543
896.744
896.944
897.145
897.345
897.546
897.746
897.947
898.147
898.348
898.548
898.748
898.949
899.149
899.35
899.55
899.751
899.951
900.152
900.352
900.552
900.753
900.953
901.154
901.354
901.555
901.755
901.956
902.156
902.357
902.583
902.783
902.984
903.184
903.384
903.585
903.785
903.986
904.186
904.387
904.587
904.788
904.988
905.189
905.389
905.589
905.79
905.99
906.191
906.391
906.592
906.792
906.993
907.193
907.393
907.594
907.794
907.995
908.195
908.396
908.596
908.796
908.997
909.197
909.398
909.598
909.799
909.999
910.2
910.4
910.6
910.801
911.001
911.202
911.402
911.603
911.803
912.004
912.204
912.405
912.605
912.806
913.006
913.206
913.407
913.607
913.808
914.008
914.209
914.409
914.61
914.81
915.01
915.211
915.411
915.612
915.812
916.013
916.213
916.414
916.614
916.814
917.015
917.215
917.416
917.616
917.817
918.017
918.217
918.418
918.618
918.819
919.019
919.22
919.42
919.62
919.821
920.021
920.222
920.422
920.623
920.823
921.023
921.224
921.424
921.625
921.825
922.026
922.226
922.427
922.627
922.827
923.028
923.228
923.429
923.629
923.83
924.03
924.23
924.431
924.631
924.832
925.032
925.233
925.433
925.633
925.834
926.034
926.235
926.435
926.636
926.836
927.036
927.237
927.437
927.638
927.838
928.038
928.239
928.439
928.64
928.84
929.041
929.241
929.442
929.642
929.842
930.043
930.243
930.444
930.644
930.845
931.045
931.245
931.446
931.646
931.847
932.047
932.248
932.448
932.648
932.849
933.049
933.25
933.45
933.651
933.851
934.051
934.252
934.452
934.653
934.853
935.054
935.254
935.455
935.656
935.856
936.057
936.257
936.457
936.658
936.858
937.059
937.259
937.459
937.66
937.86
938.061
938.261
938.461
938.662
938.862
939.063
939.263
939.463
939.664
939.864
940.065
940.265
940.465
940.666
940.866
941.067
941.267
941.467
941.668
941.868
942.069
942.269
942.469
942.67
942.87
943.071
943.271
943.471
943.672
943.872
944.073
944.273
944.473
944.674
944.874
945.075
945.275
945.475
945.676
945.876
946.077
946.277
946.478
946.678
946.878
947.079
947.279
947.48
947.68
947.881
948.081
948.281
948.482
948.682
948.883
949.083
949.283
949.484
949.684
949.885
950.085
950.285
950.486
950.686
950.887
951.087
951.287
951.488
951.688
951.889
952.089
952.29
952.49
952.691
952.891
953.092
953.292
953.492
953.693
953.893
954.094
954.294
954.494
954.695
954.895
955.096
955.296
955.497
955.697
955.897
956.098
956.298
956.499
956.699
956.899
957.1
957.3
957.501
957.701
957.901
958.102
958.302
958.503
958.703
958.903
959.104
959.304
959.505
959.705
959.906
960.106
960.307
960.507
960.707
960.908
961.108
961.308
961.509
961.709
961.91
962.11
962.31
962.511
962.711
962.911
963.112
963.312
963.513
963.713
963.913
964.114
964.314
964.515
964.715
964.915
965.116
965.316
965.516
965.717
965.917
966.117
966.318
966.518
966.719
966.919
967.119
967.32
967.52
967.72
967.921
968.121
968.321
968.522
968.722
968.922
969.123
969.323
969.523
969.724
969.924
970.125
970.325
970.525
970.726
970.926
971.127
971.327
971.527
971.728
971.928
972.128
972.329
972.529
972.729
972.93
973.13
973.33
973.531
973.731
973.931
974.132
974.332
974.532
974.733
974.933
975.133
975.334
975.534
975.734
975.935
976.135
976.335
976.536
976.736
976.936
977.137
977.337
977.537
977.738
977.938
978.138
978.339
978.539
978.739
978.94
979.14
979.34
979.541
979.741
979.941
980.141
980.342
980.542
980.742
980.943
981.143
981.343
981.544
981.744
981.944
982.145
982.345
982.545
982.746
982.946
983.146
983.346
983.547
983.747
983.947
984.148
984.348
984.548
984.749
984.949
985.149
985.349
985.55
985.75
985.95
986.151
986.351
986.551
986.751
986.952
987.152
987.352
987.553
987.753
987.953
988.154
988.354
988.554
988.754
988.955
989.155
989.355
989.556
989.756
989.956
990.156
990.357
990.557
990.757
990.958
991.158
991.358
991.559
991.759
991.959
992.159
992.36
992.56
992.76
992.961
993.161
993.361
993.561
993.762
993.962
994.162
994.363
994.563
994.763
994.963
995.164
995.364
995.564
995.765
995.965
996.165
996.365
996.566
996.766
996.966
997.166
997.367
997.567
997.767
997.967
998.168
998.368
998.568
998.768
998.969
999.169
999.369
999.569
999.77
999.97
1000.17
1000.37
1000.57
1000.77
1000.97
1001.17
1001.37
1001.57
1001.77
1001.97
1002.17
1002.37
1002.57
1002.77
1002.97
1003.17
1003.37
1003.57
1003.77
1003.97
1004.18
1004.38
1004.58
1004.78
1004.98
1005.18
1005.38
1005.58
1005.78
1005.98
1006.18
1006.38
1006.58
1006.78
1006.98
1007.18
1007.38
1007.58
1007.78
1007.98
1008.18
1008.38
1008.58
1008.78
1008.98
1009.18
1009.38
1009.58
1009.78
1009.98
1010.18
1010.38
1010.58
1010.78
1010.98
1011.18
1011.38
1011.58
1011.78
1011.98
1012.18
1012.38
1012.59
1012.79
1012.99
1013.19
1013.39
1013.59
1013.79
1013.99
1014.19
1014.39
1014.59
1014.79
1014.99
1015.19
1015.39
1015.59
1015.79
1015.99
1016.19
1016.39
1016.59
1016.79
1016.99
1017.19
1017.39
1017.59
1017.79
1017.99
1018.19
1018.39
1018.59
1018.79
1018.99
1019.19
1019.39
1019.59
1019.79
1019.99
1020.19
1020.39
1020.59
1020.79
1020.99
1021.2
1021.4
1021.6
1021.8
1022
1022.2
1022.4
1022.6
1022.8
1023
1023.2
1023.4
1023.6
1023.8
1024
1024.2
1024.4
1024.6
1024.8
1025
1025.2
1025.4
1025.6
1025.8
1026
1026.2
1026.4
1026.6
1026.8
1027
1027.2
1027.4
1027.6
1027.8
1028
1028.2
1028.4
1028.6
1028.8
1029
1029.2
1029.4
1029.6
1029.8
1030
1030.2
1030.4
1030.6
1030.81
1031.01
1031.21
1031.41
1031.61
