0.200925
0.401367
0.601804
0.802224
1.00264
1.20302
1.40341
1.60381
1.80421
2.0046
2.20499
2.40557
2.60606
2.80675
3.00727
3.20772
3.40813
3.60855
3.80897
4.00937
4.20979
4.41019
4.61058
4.81098
5.01138
5.21182
5.41224
5.61265
5.81312
6.01356
6.21399
6.4144
6.61479
6.81519
7.01559
7.216
7.41641
7.61683
7.81725
8.01774
8.21817
8.41859
8.61898
8.81937
9.01977
9.22015
9.42055
9.62093
9.82133
10.0217
10.2222
10.4226
10.6231
10.8235
11.0239
11.2243
11.4247
11.6251
11.8255
12.0259
12.2263
12.4267
12.6271
12.8275
13.0279
13.2283
13.4287
13.6292
13.8296
14.03
14.2304
14.4308
14.6312
14.8316
15.032
15.2324
15.4328
15.6332
15.8336
16.034
16.2344
16.4348
16.6352
16.8356
17.036
17.2364
17.4368
17.6372
17.8376
18.038
18.2384
18.4388
18.6392
18.8396
19.04
19.2404
19.4409
19.6413
19.8417
20.0421
20.2425
20.4429
20.6433
20.8437
21.0441
21.2446
21.445
21.6454
21.8457
22.0462
22.2465
22.4469
22.6517
22.8521
23.0526
23.2531
23.4535
23.6539
23.8543
24.0547
24.2551
24.4555
24.6559
24.8563
25.0567
25.2571
25.4575
25.6579
25.8583
26.0587
26.2591
26.4595
26.6599
26.8603
27.0607
27.2611
27.4615
27.6619
27.8623
28.0627
28.2631
28.4635
28.6639
28.8643
29.0647
29.265
29.4654
29.6658
29.8662
30.0666
30.267
30.4674
30.6678
30.8682
31.0686
31.269
31.4694
31.6698
31.8702
32.0706
32.271
32.4714
32.6718
32.8722
33.0726
33.273
33.4734
33.6738
33.8742
34.0746
34.275
34.4754
34.6758
34.8762
35.0766
35.277
35.4774
35.6779
35.8784
36.0788
36.2792
36.4796
36.68
36.8804
37.0808
37.2812
37.4816
37.682
37.8824
38.0828
38.2832
38.4835
38.6839
38.8843
39.0847
39.2851
39.4855
39.6859
39.8863
40.0867
40.2871
40.4875
40.6879
40.8883
41.0887
41.2891
41.4895
41.6899
41.8903
42.0908
42.2912
42.4916
42.692
42.8924
43.0928
43.2932
43.4936
43.694
43.8944
44.0948
44.2952
44.4956
44.696
44.8965
45.0969
45.2973
45.4977
45.6981
45.8985
46.0989
46.2993
46.4997
46.7001
46.9005
47.1009
47.3013
47.5017
47.7022
47.9026
48.103
48.3034
48.5038
48.7042
48.9046
49.105
49.3054
49.5058
49.7062
49.9067
50.107
50.3074
50.5078
50.7082
50.9087
51.109
51.3094
51.5098
51.7102
51.9106
52.111
52.3114
52.5119
52.7123
52.9127
53.1131
53.3135
53.514
53.7143
53.9147
54.1152
54.3156
54.516
54.7164
54.9168
55.1172
55.3176
55.518
55.7184
55.9188
56.1192
56.3196
56.52
56.7204
56.9208
57.1212
57.3217
57.5222
57.7226
57.923
58.1234
58.3238
58.5242
58.7246
58.925
59.1254
59.3258
59.5262
59.7266
59.927
60.1274
60.3278
60.5282
60.7286
60.929
61.1294
61.3298
61.5302
61.7306
61.931
62.1314
62.3318
62.5322
62.7326
62.9329
63.1333
63.3337
63.5341
63.7345
63.9349
64.1353
64.3357
64.5361
64.7365
64.9369
65.1374
65.3377
65.5382
65.7386
65.939
66.1394
66.3398
66.5402
66.7405
66.941
67.1414
67.3418
67.5421
67.7426
67.9429
68.1433
68.3437
68.5441
68.7445
68.9449
69.1453
69.3457
69.5461
69.7465
69.9469
70.1473
70.3477
70.5481
70.7485
70.9489
71.1493
71.3497
71.5501
71.7505
71.9509
72.1512
72.3516
72.552
72.7524
72.9528
73.1532
73.3536
73.554
73.7544
73.9548
74.1552
74.3556
74.556
74.7564
74.9568
75.1572
75.3576
75.558
75.7584
75.9588
76.1592
76.3596
76.56
76.7604
76.9608
77.1612
77.3615
77.562
77.7624
77.9627
78.1631
78.3635
78.564
78.7643
78.9647
79.1651
79.3655
79.5659
79.7663
79.9667
80.1671
80.3676
80.5681
80.7685
80.9689
81.1693
81.3697
81.57
81.7704
81.9708
82.1712
82.3716
82.572
82.7724
82.9727
83.1731
83.3735
83.5739
83.7743
83.9747
84.1751
84.3755
84.5759
84.7763
84.9767
85.1771
85.3775
85.5779
85.7783
85.9787
86.179
86.3794
86.5798
86.7802
86.9806
87.181
87.3814
87.5818
87.7822
87.9825
88.1829
88.3833
88.5837
88.7842
88.9846
89.185
89.3853
89.5857
89.7861
89.9865
90.1869
90.3873
90.5877
90.7881
90.9885
91.1889
91.3893
91.5897
91.79
91.9904
92.1908
92.3912
92.5916
92.792
92.9924
93.1928
93.3932
93.5936
93.794
93.9944
94.1948
94.3952
94.5956
94.796
94.9964
95.1967
95.3971
95.5975
95.7979
95.9983
96.1987
96.3991
96.5995
96.7999
97.0003
97.2007
97.4011
97.6015
97.8019
98.0023
98.2027
98.4031
98.6035
98.8039
99.0043
99.2047
99.4051
99.6055
99.8059
100.006
100.207
100.407
100.607
100.808
101.008
101.209
101.409
101.609
101.81
102.01
102.211
102.411
102.612
102.812
103.012
103.213
103.413
103.614
103.814
104.014
104.215
104.415
104.616
104.816
105.016
105.217
105.417
105.622
105.822
106.022
106.223
106.423
106.624
106.824
107.024
107.225
107.425
107.626
107.826
108.026
108.227
108.427
108.628
108.828
109.028
109.229
109.429
109.63
109.83
110.03
110.231
110.431
110.632
110.832
111.033
111.233
111.434
111.634
111.834
112.035
112.235
112.436
112.636
112.836
113.037
113.237
113.438
113.638
113.838
114.039
114.239
114.44
114.64
114.84
115.041
115.241
115.442
115.642
115.842
116.043
116.243
116.444
116.644
116.844
117.045
117.245
117.446
117.646
117.846
118.047
118.247
118.448
118.648
118.848
119.049
119.249
119.449
119.65
119.85
120.051
120.251
120.451
120.652
120.852
121.053
121.253
121.453
121.654
121.854
122.055
122.255
122.455
122.656
122.856
123.057
123.257
123.457
123.658
123.858
124.059
124.259
124.459
124.66
124.86
125.061
125.261
125.461
125.662
125.862
126.063
126.263
126.463
126.664
126.864
127.065
127.265
127.465
127.666
127.866
128.067
128.267
128.467
128.668
128.868
129.069
129.269
129.469
129.67
129.87
130.071
130.271
130.471
130.672
130.872
131.073
131.273
131.473
131.674
131.874
132.075
132.275
132.475
132.676
132.876
133.077
133.277
133.477
133.678
133.878
134.079
134.279
134.479
134.68
134.88
135.081
135.281
135.481
135.682
135.882
136.082
136.283
136.483
136.684
136.884
137.084
137.285
137.485
137.686
137.886
138.086
138.287
138.487
138.688
138.888
139.088
139.289
139.489
139.69
139.89
140.09
140.291
140.491
140.692
140.892
141.092
141.293
141.493
141.694
141.894
142.094
142.295
142.495
142.696
142.896
143.096
143.297
143.497
143.697
143.898
144.098
144.299
144.499
144.7
144.9
145.1
145.301
145.501
145.702
145.902
146.102
146.303
146.503
146.703
146.904
147.104
147.305
147.505
147.705
147.906
148.106
148.307
148.507
148.707
148.908
149.108
149.309
149.509
149.709
149.91
150.11
150.311
150.511
150.711
150.912
151.112
151.313
151.513
151.713
151.914
152.114
152.315
152.515
152.715
152.916
153.116
153.317
153.517
153.717
153.918
154.118
154.319
154.519
154.719
154.92
155.12
155.321
155.521
155.721
155.922
156.122
156.322
156.523
156.723
156.924
157.124
157.324
157.525
157.725
157.926
158.126
158.326
158.527
158.727
158.928
159.128
159.328
159.529
159.729
159.93
160.13
160.33
160.531
160.731
160.932
161.132
161.332
161.533
161.733
161.934
162.134
162.334
162.535
162.735
162.935
163.136
163.336
163.537
163.737
163.937
164.138
164.338
164.539
164.739
164.94
165.14
165.34
165.541
165.741
165.941
166.142
166.342
166.543
166.743
166.943
167.144
167.344
167.545
167.745
167.945
168.146
168.346
168.547
168.747
168.947
169.148
169.348
169.549
169.749
169.949
170.15
170.35
170.551
170.751
170.951
171.152
171.352
171.553
171.753
171.953
172.154
172.354
172.555
172.755
172.955
173.156
173.356
173.557
173.757
173.957
174.158
174.358
174.559
174.759
174.959
175.16
175.36
175.561
175.761
175.961
176.162
176.362
176.563
176.763
176.963
177.164
177.364
177.565
177.765
177.965
178.166
178.366
178.567
178.767
178.967
179.168
179.368
179.568
179.769
179.969
180.17
180.37
180.57
180.771
180.971
181.172
181.372
181.572
181.773
181.973
182.174
182.374
182.574
182.775
182.975
183.176
183.376
183.576
183.777
183.977
184.178
184.378
184.578
184.779
184.979
185.18
185.38
185.58
185.781
185.981
186.182
186.382
186.582
186.783
186.983
187.184
187.384
187.584
187.785
187.985
188.185
188.386
188.586
188.787
188.987
189.187
189.388
189.588
189.789
189.989
190.189
190.39
190.59
190.791
190.991
191.191
191.392
191.592
191.793
191.993
192.193
192.394
192.594
192.795
192.995
193.195
193.396
193.596
193.797
193.997
194.197
194.398
194.598
194.799
194.999
195.199
195.4
195.6
195.8
196.001
196.201
196.402
196.602
196.802
197.003
197.203
197.404
197.604
197.804
198.005
198.205
198.406
198.606
198.806
199.007
199.207
199.408
199.608
199.808
200.009
200.209
200.41
200.61
200.81
201.011
201.211
201.412
201.612
201.812
202.013
202.213
202.414
202.614
202.814
203.015
203.215
203.416
203.616
203.816
204.017
204.217
204.417
204.618
204.818
205.019
205.219
205.42
205.62
205.82
206.021
206.221
206.422
206.622
206.822
207.023
207.223
207.424
207.624
207.824
208.025
208.225
208.426
208.626
208.826
209.027
209.227
209.428
209.628
209.828
210.029
210.229
210.43
210.63
210.83
211.031
211.231
211.432
211.632
211.832
212.033
212.233
212.434
212.634
212.834
213.035
213.235
213.436
213.636
213.836
214.037
214.237
214.444
214.644
214.845
215.045
215.246
215.446
215.646
215.847
216.047
216.248
216.448
216.648
216.849
217.049
217.25
217.45
217.65
217.851
218.051
218.252
218.452
218.652
218.853
219.053
219.254
219.454
219.654
219.855
220.055
220.255
220.456
220.656
220.857
221.057
221.257
221.458
221.658
221.859
222.059
222.259
222.46
222.66
222.861
223.061
223.261
223.462
223.662
223.863
224.063
224.263
224.464
224.664
224.865
225.065
225.265
225.466
225.666
225.867
226.067
226.267
226.468
226.668
226.869
227.069
227.269
227.47
227.67
227.87
228.071
228.271
228.472
228.672
228.872
229.073
229.273
229.474
229.674
229.874
230.075
230.275
230.476
230.676
230.876
231.077
231.277
231.478
231.678
231.878
232.079
232.279
232.48
232.68
232.88
233.081
233.281
233.482
233.682
233.882
234.083
234.283
234.484
234.684
234.884
235.085
235.285
235.486
235.686
235.886
236.087
236.287
236.488
236.688
236.888
237.089
237.289
237.489
237.69
237.89
238.091
238.291
238.491
238.692
238.892
239.093
239.293
239.493
239.694
239.894
240.095
240.295
240.495
240.696
240.896
241.097
241.297
241.497
241.698
241.898
242.099
242.299
242.499
242.7
242.9
243.101
243.301
243.501
243.702
243.902
244.102
244.303
244.503
244.704
244.904
245.104
245.305
245.505
245.706
245.906
246.106
246.307
246.507
246.708
246.908
247.108
247.309
247.509
247.71
247.91
248.11
248.311
248.511
248.712
248.912
249.112
249.313
249.513
249.714
249.914
250.114
250.315
250.515
250.716
250.916
251.116
251.317
251.517
251.718
251.918
252.118
252.319
252.519
252.72
252.92
253.12
253.321
253.521
253.722
253.922
254.122
254.323
254.523
254.724
254.924
255.124
255.325
255.525
255.726
255.926
256.126
256.327
256.527
256.728
256.928
257.128
257.329
257.529
257.73
257.93
258.13
258.331
258.534
258.734
258.934
259.135
259.335
259.536
259.736
259.936
260.137
260.337
260.538
260.738
260.938
261.139
261.339
261.54
261.74
261.94
262.141
262.341
262.542
262.742
262.942
263.143
263.343
263.544
263.744
263.944
264.145
264.345
264.546
264.746
264.946
265.147
265.347
265.548
265.748
265.948
266.149
266.349
266.55
266.75
266.95
267.151
267.351
267.552
267.752
267.952
268.153
268.353
268.553
268.754
268.954
269.155
269.355
269.555
269.756
269.956
270.157
270.357
270.557
270.758
270.958
271.159
271.359
271.559
271.76
271.96
272.161
272.361
272.561
272.762
272.962
273.163
273.363
273.563
273.764
273.964
274.164
274.365
274.565
274.766
274.966
275.166
275.367
275.567
275.768
275.968
276.168
276.369
276.569
276.77
276.97
277.17
277.371
277.571
277.772
277.972
278.172
278.373
278.573
278.774
278.974
279.174
279.375
279.575
279.776
279.976
280.176
280.377
280.577
280.778
280.978
281.178
281.379
281.579
281.78
281.98
282.18
282.381
282.581
282.781
282.982
283.182
283.383
283.583
283.783
283.984
284.184
284.385
284.585
284.785
284.986
285.186
285.387
285.587
285.787
285.988
286.188
286.389
286.589
286.789
286.99
287.19
287.391
287.591
287.791
287.992
288.192
288.393
288.593
288.793
288.994
289.194
289.395
289.595
289.795
289.996
290.196
290.397
290.597
290.797
290.998
291.198
291.399
291.599
291.799
292
292.2
292.401
292.601
292.801
293.002
293.202
293.403
293.603
293.803
294.004
294.204
294.405
294.605
294.805
295.006
295.206
295.407
295.607
295.807
296.008
296.208
296.409
296.609
296.809
297.01
297.21
297.411
297.611
297.811
298.012
298.212
298.413
298.613
298.813
299.014
299.214
299.415
299.615
299.815
300.016
300.216
300.417
300.617
300.817
301.018
301.218
301.419
301.619
301.819
302.02
302.22
302.421
302.621
302.821
303.022
303.222
303.423
303.623
303.823
304.024
304.224
304.425
304.625
304.825
305.026
305.226
305.427
305.627
305.827
306.028
306.228
306.429
306.629
306.829
307.03
307.23
307.431
307.631
307.831
308.032
308.232
308.433
308.633
308.833
309.034
309.234
309.435
309.635
309.835
310.036
310.236
310.437
310.637
310.837
311.038
311.238
311.439
311.639
311.839
312.04
312.24
312.441
312.641
312.841
313.042
313.242
313.442
313.643
313.843
314.044
314.244
314.444
314.645
314.845
315.046
315.246
315.447
315.647
315.847
316.048
316.248
316.448
316.649
316.849
317.05
317.25
317.45
317.651
317.851
318.052
318.252
318.452
318.653
318.853
319.054
319.254
319.454
319.655
319.855
320.056
320.256
320.456
320.657
320.857
321.058
321.258
321.458
321.659
321.859
322.06
322.26
322.46
322.661
322.861
323.062
323.262
323.462
323.663
323.863
324.064
324.264
324.464
324.665
324.865
325.066
325.266
325.466
325.667
325.867
326.068
326.268
326.468
326.669
326.869
327.07
327.27
327.47
327.671
327.871
328.072
328.272
328.472
328.673
328.873
329.074
329.274
329.474
329.675
329.875
330.076
330.276
330.476
330.677
330.877
331.078
331.278
331.478
331.679
331.879
332.08
332.28
332.48
332.681
332.881
333.082
333.282
333.482
333.683
333.883
334.084
334.284
334.484
334.685
334.885
335.086
335.286
335.486
335.687
335.887
336.088
336.288
336.488
336.689
336.889
337.09
337.29
337.49
337.691
337.891
338.091
338.292
338.492
338.693
338.893
339.094
339.294
339.494
339.695
339.895
340.096
340.296
340.496
340.697
340.897
341.097
341.298
341.498
341.699
341.899
342.099
342.3
342.5
342.701
342.901
343.101
343.302
343.502
343.703
343.903
344.103
344.304
344.504
344.705
344.905
345.106
345.306
345.506
345.707
345.907
346.108
346.308
346.508
346.709
346.909
347.11
347.31
347.51
347.711
347.911
348.112
348.312
348.512
348.713
348.913
349.114
349.314
349.514
349.715
349.915
350.116
350.316
350.516
350.717
350.917
351.118
351.318
351.518
351.719
351.919
352.12
352.32
352.52
352.721
352.921
353.122
353.322
353.522
353.723
353.923
354.124
354.324
354.524
354.725
354.925
355.126
355.326
355.526
355.727
355.927
356.128
356.328
356.528
356.729
356.929
357.13
357.33
357.53
357.731
357.931
358.132
358.332
358.532
358.733
358.933
359.134
359.334
359.534
359.735
359.935
360.136
360.336
360.536
360.737
360.937
361.138
361.338
361.538
361.739
361.939
362.139
362.34
362.54
362.741
362.941
363.142
363.342
363.542
363.743
363.943
364.144
364.344
364.544
364.745
364.945
365.146
365.346
365.546
365.747
365.947
366.147
366.348
366.548
366.749
366.949
367.149
367.35
367.55
367.751
367.951
368.151
368.352
368.552
368.753
368.96
369.16
369.361
369.561
369.762
369.962
370.162
370.363
370.563
370.764
370.964
371.164
371.365
371.565
371.766
371.966
372.166
372.367
372.567
372.768
372.968
373.168
373.369
373.569
373.77
373.97
374.17
374.371
374.571
374.772
374.972
375.172
375.373
375.573
375.774
375.974
376.174
376.375
376.575
376.775
376.976
377.176
377.377
377.577
377.777
377.978
378.178
378.379
378.579
378.779
378.98
379.18
379.381
379.581
379.781
379.982
380.182
380.383
380.583
380.783
380.984
381.184
381.385
381.585
381.785
381.986
382.186
382.387
382.587
382.787
382.988
383.188
383.389
383.589
383.789
383.99
384.19
384.391
384.591
384.791
384.992
385.192
385.393
385.593
385.793
385.994
386.194
386.395
386.595
386.795
386.996
387.196
387.397
387.597
387.797
387.998
388.198
388.399
388.599
388.799
389
389.2
389.401
389.601
389.801
390.002
390.202
390.403
390.603
390.803
391.004
391.204
391.405
391.605
391.806
392.006
392.206
392.407
392.607
392.808
393.008
393.21
393.41
393.61
393.811
394.011
394.212
394.412
394.612
394.813
395.013
395.214
395.414
395.614
395.815
396.015
396.216
396.416
396.616
396.817
397.017
397.218
397.418
397.618
397.819
398.019
398.22
398.42
398.62
398.821
399.021
399.222
399.422
399.622
399.823
400.023
400.224
400.424
400.624
400.825
401.025
401.226
401.426
401.626
401.827
402.027
402.228
402.428
402.628
402.829
403.029
403.23
403.43
403.63
403.831
404.031
404.232
404.432
404.632
404.833
405.033
405.233
405.434
405.634
405.835
406.035
406.236
406.436
406.636
406.837
407.037
407.238
407.438
407.638
407.839
408.039
408.24
408.44
408.64
408.841
409.041
409.242
409.442
409.642
409.843
410.043
410.244
410.444
410.644
410.845
411.045
411.246
411.446
411.646
411.847
412.047
412.247
412.448
412.648
412.849
413.049
413.25
413.45
413.65
413.851
414.051
414.251
414.452
414.652
414.853
415.053
415.253
415.454
415.654
415.855
416.055
416.255
416.456
416.656
416.857
417.057
417.257
417.458
417.658
417.859
418.059
418.259
418.46
418.66
418.861
419.061
419.261
419.462
419.662
419.863
420.063
420.263
420.464
420.664
420.865
421.065
421.265
421.466
421.666
421.867
422.067
422.267
422.468
422.668
422.869
423.069
423.269
423.47
423.67
423.871
424.071
424.271
424.472
424.672
424.873
425.073
425.273
425.474
425.674
425.875
426.075
426.275
426.476
426.676
426.877
427.077
427.277
427.478
427.678
427.879
428.079
428.279
428.48
428.68
428.881
429.081
429.281
429.482
429.682
429.883
430.083
430.283
430.484
430.684
430.884
431.085
431.285
431.486
431.686
431.886
432.087
432.287
432.488
432.688
432.888
433.089
433.289
433.49
433.69
433.89
434.091
434.291
434.491
434.692
434.892
435.093
435.293
435.493
435.694
435.894
436.094
436.295
436.495
436.696
436.896
437.096
437.297
437.497
437.697
437.898
438.098
438.299
438.499
438.699
438.9
439.1
439.3
439.501
439.701
439.902
440.102
440.302
440.503
440.703
440.903
441.104
441.304
441.505
441.705
441.905
442.106
442.306
442.506
442.707
442.907
443.107
443.308
443.508
443.708
443.909
444.109
444.309
444.51
444.71
444.91
445.111
445.311
445.512
445.712
445.912
446.113
446.313
446.514
446.714
446.914
447.115
447.315
447.515
447.716
447.916
448.117
448.318
448.518
448.719
448.919
449.12
449.321
449.521
449.722
449.922
450.123
450.323
450.524
450.725
450.925
451.126
451.326
451.527
451.727
451.928
452.128
452.329
452.529
452.729
452.93
