46.5875
1.54548e+07
0
0
0
129.824
130.046
129.656
129.596
131.566
139.469
139.489
139.514
139.539
139.56
139.577
139.591
139.602
139.612
139.62
139.624
139.624
139.623
139.618
139.611
139.601
139.587
139.574
139.557
139.536
139.513
139.485
139.454
139.422
139.386
139.346
139.303
139.256
139.206
139.153
139.083
139.018
138.977
138.93
138.863
138.795
138.718
138.637
138.556
138.47
138.381
138.286
138.189
138.09
137.989
137.884
137.776
137.68
137.578
137.46
137.391
137.315
137.228
137.156
137.069
136.988
136.894
136.803
136.704
136.63
136.557
136.483
136.408
136.337
136.263
136.194
136.113
136.043
135.968
135.887
135.806
135.715
135.638
135.547
135.457
135.375
135.29
135.19
135.102
135.005
134.92
134.814
134.708
134.605
134.497
134.402
134.305
134.193
134.099
133.997
133.887
133.79
133.693
133.602
133.496
133.398
133.296
133.206
133.108
133.012
132.915
132.818
132.738
132.629
132.538
132.437
132.34
132.242
132.183
132.148
132.101
132.059
132.017
131.97
131.911
131.857
131.8
131.733
131.673
131.602
131.537
131.469
131.391
131.309
131.228
131.144
131.059
130.953
130.846
130.753
130.644
130.538
130.424
130.331
130.211
130.098
129.981
129.876
129.772
129.685
129.59
129.484
129.379
129.276
129.17
129.053
128.928
128.81
128.699
128.587
128.464
128.342
128.217
128.109
127.979
127.855
127.743
127.603
127.456
127.314
127.169
127.039
126.919
126.777
126.636
126.485
126.329
126.176
126.031
125.904
125.782
125.662
125.535
125.424
125.292
125.168
125.065
124.924
124.789
124.649
124.517
124.383
124.236
124.099
123.958
123.83
123.7
123.552
123.423
123.285
123.148
123.015
122.883
122.752
122.613
122.484
122.337
122.229
122.116
122.006
121.902
121.789
121.694
121.589
121.471
121.366
121.251
121.161
121.111
121.061
120.999
120.929
120.85
120.769
120.704
120.646
120.59
120.519
120.451
120.36
120.293
120.215
120.143
120.058
119.974
119.893
119.806
119.72
119.639
119.538
119.45
119.361
119.271
119.157
119.05
118.938
118.829
118.73
118.622
118.506
118.404
118.298
118.194
118.101
117.995
117.895
117.778
117.676
117.568
117.469
117.372
117.266
117.159
117.054
116.958
116.854
116.755
116.666
116.567
116.481
116.385
116.29
116.195
116.104
116.032
115.97
115.915
115.846
115.784
115.709
115.64
115.571
115.497
115.424
115.355
115.293
115.229
115.157
115.083
114.994
114.897
114.812
114.72
114.679
114.645
114.612
114.573
114.537
114.496
114.45
114.4
114.351
114.303
114.264
114.213
114.173
114.117
114.075
114.024
113.979
113.927
113.876
113.815
113.766
113.705
113.645
113.574
113.508
113.435
113.374
113.279
113.205
113.136
113.061
112.982
112.893
112.808
112.717
112.629
112.55
112.462
112.407
112.366
112.364
112.349
112.343
112.346
112.307
112.296
112.291
112.275
112.276
112.228
112.196
112.172
112.14
112.108
112.049
112.027
111.972
111.94
111.896
111.9
111.824
111.808
111.769
111.738
111.748
111.737
111.736
111.742
111.761
111.772
111.779
111.824
111.852
111.916
111.95
111.952
111.977
111.981
112.008
112.036
112.061
112.091
112.121
112.133
112.135
112.143
112.174
112.161
112.182
112.185
112.188
112.173
112.14
112.128
112.12
112.123
112.132
112.138
112.154
112.153
112.134
112.129
112.121
112.147
112.151
112.154
112.139
112.149
112.18
112.18
112.132
112.128
112.125
112.144
112.123
112.109
112.097
112.082
112.044
112.039
112.03
112.003
112.001
111.99
111.942
111.922
111.89
111.832
111.77
111.768
111.769
111.785
111.765
111.765
111.74
111.755
111.743
111.7
111.69
111.661
111.626
111.609
111.589
111.596
111.584
111.589
111.576
111.585
111.574
111.583
111.557
111.573
111.537
111.543
111.547
111.587
111.617
111.694
111.71
111.797
111.861
111.942
112.021
112.089
112.13
112.183
112.216
112.303
112.367
112.428
112.511
112.58
112.616
112.672
112.74
112.803
112.853
112.889
112.933
112.981
113.015
113.055
113.109
113.131
113.168
113.233
113.282
113.358
113.377
113.43
113.5
113.525
113.601
113.616
113.658
113.705
113.742
113.787
113.826
113.847
113.924
114.003
114.073
114.13
114.197
114.271
114.372
114.405
114.447
114.512
114.617
114.686
114.741
114.819
114.859
114.886
114.924
114.977
114.989
115.039
115.064
115.124
115.178
115.246
115.311
115.371
115.41
115.47
115.546
115.61
115.665
115.717
115.773
115.825
115.879
115.919
115.965
116.009
116.035
116.114
116.196
116.266
116.349
116.404
116.467
116.527
116.622
116.705
116.807
116.876
116.935
116.995
117.119
117.2
117.297
117.406
117.504
117.607
117.678
117.769
117.847
117.914
117.978
118.057
118.095
118.123
118.203
118.267
118.347
118.4
118.454
118.515
118.584
118.645
118.702
118.746
118.809
118.842
118.911
118.953
119.002
119.054
119.067
119.108
119.142
119.191
119.201
119.269
119.276
119.294
119.314
119.361
119.379
119.4
119.411
119.408
119.428
119.411
119.415
119.433
119.438
119.448
119.441
119.442
119.427
119.421
119.391
119.376
119.34
119.325
119.286
119.247
119.212
119.167
119.11
119.066
119.013
118.96
118.916
118.881
118.86
118.81
118.772
118.75
118.715
118.67
118.646
118.619
118.581
118.568
118.546
118.53
118.511
118.476
118.469
118.428
118.386
118.357
118.323
118.298
118.273
118.245
118.21
118.188
118.189
118.168
118.158
118.14
118.141
118.133
118.138
118.136
118.141
118.134
118.135
118.136
118.122
118.112
118.093
118.087
118.062
118.051
118.035
118.019
117.99
117.964
117.938
117.932
117.904
117.878
117.874
117.846
117.836
117.811
117.797
117.787
117.751
117.739
117.721
117.69
117.668
117.627
117.612
117.564
117.546
117.519
117.497
117.447
117.416
117.402
117.397
117.391
117.38
117.354
117.321
117.315
117.315
117.281
117.239
117.208
117.172
117.114
117.067
117.015
116.965
116.926
116.865
116.818
116.744
116.675
116.607
116.538
116.458
116.382
116.319
116.253
116.196
116.133
116.039
115.95
115.847
115.776
115.689
115.594
115.508
115.447
115.372
115.307
115.226
115.151
115.076
114.997
114.93
114.839
114.775
114.698
114.611
114.542
114.473
114.406
114.326
114.251
114.199
114.161
114.137
114.11
114.081
114.048
114.033
113.994
113.967
113.934
113.868
113.87
113.82
113.782
113.744
113.674
113.624
113.589
113.572
113.54
113.527
113.516
113.486
113.477
113.45
113.442
113.39
113.36
113.313
113.267
113.22
113.168
113.133
113.028
112.696
112.645
112.592
112.553
112.515
112.46
112.405
112.391
112.35
112.308
112.273
112.223
112.191
112.199
112.187
112.199
112.172
112.153
112.163
112.134
112.136
112.114
112.094
112.063
112.054
112.029
112.022
111.983
111.961
111.954
111.915
111.873
111.83
111.788
111.74
111.726
111.675
111.653
111.629
111.604
111.594
111.591
111.608
111.592
111.6
111.6
111.617
111.605
111.627
111.615
111.633
111.616
111.623
111.608
111.603
111.62
111.591
111.585
111.609
111.573
111.546
111.546
111.541
111.519
111.474
111.458
111.435
111.413
111.374
111.38
111.343
111.321
111.303
111.277
111.248
111.243
111.277
111.304
111.301
111.34
111.367
111.376
111.406
111.428
111.449
111.466
111.486
111.479
111.503
111.546
111.568
111.556
111.554
111.561
111.566
111.558
111.573
111.548
111.57
111.634
111.7
111.769
111.871
111.954
112.016
112.105
112.228
112.353
112.483
112.588
112.68
112.794
112.896
112.997
113.081
113.152
113.24
113.303
113.392
113.443
113.511
113.582
113.631
113.692
113.733
113.769
113.809
113.843
113.89
113.955
113.975
113.997
114.021
114.056
114.083
114.075
114.135
114.141
114.139
114.159
114.174
114.184
114.222
114.244
114.253
114.286
114.31
114.312
114.378
114.415
114.451
114.487
114.514
114.525
114.554
114.604
114.608
114.631
114.648
114.673
114.674
114.693
114.724
114.765
114.794
114.828
114.877
114.937
115.007
115.053
115.107
115.156
115.233
115.284
115.324
115.386
115.412
115.456
115.477
115.516
115.335
115.334
115.386
115.388
115.424
115.469
115.498
115.548
115.614
115.674
115.742
115.831
115.899
115.95
116.013
116.068
116.119
116.159
116.22
116.253
116.297
116.336
116.375
116.409
116.472
116.553
116.595
116.635
116.705
116.751
116.807
116.838
116.885
116.925
116.932
116.968
117.018
116.998
117.017
117.054
117.067
117.05
117.063
117.074
117.085
117.063
117.096
117.093
117.081
117.098
117.111
117.115
117.085
117.11
117.109
117.104
117.163
117.218
117.249
117.259
117.297
117.33
117.361
117.393
117.404
117.436
117.438
117.423
117.465
117.481
117.493
117.491
117.497
117.513
117.506
117.507
117.509
117.491
117.489
117.485
117.484
117.454
117.42
117.389
117.365
117.347
117.322
117.288
117.27
117.231
117.197
117.158
117.144
117.142
117.159
117.187
117.207
117.207
117.198
117.239
117.274
117.321
117.34
117.377
117.379
117.386
117.389
117.379
117.418
117.43
117.431
117.441
117.434
117.443
117.435
117.441
117.428
117.401
117.364
117.324
117.296
117.252
117.219
117.165
117.126
117.054
116.989
116.911
116.871
116.839
116.777
116.741
116.675
116.6
116.539
116.443
116.372
116.304
116.248
116.184
116.118
116.052
115.982
115.933
115.885
115.824
115.77
115.718
115.671
115.639
115.618
115.586
115.549
115.515
115.483
115.441
115.421
115.357
115.292
115.258
115.225
115.145
115.102
115.081
115.015
114.948
114.899
114.861
114.778
114.724
114.675
114.623
114.546
114.506
114.461
114.38
114.332
114.279
114.23
114.16
114.105
114.045
113.977
113.91
113.856
113.797
113.731
113.664
113.608
113.54
113.477
113.428
113.375
113.328
113.258
113.215
113.157
113.108
113.053
112.998
112.952
112.902
112.843
112.798
112.736
112.699
112.633
112.575
112.52
112.475
112.418
112.393
112.36
112.31
112.276
112.243
112.193
112.164
112.135
112.105
112.091
112.061
112.019
111.984
111.972
111.941
111.916
111.966
112.028
112.107
112.134
112.193
112.244
112.286
112.318
112.289
112.287
112.243
112.226
112.215
112.194
112.167
112.147
112.125
112.101
112.082
112.081
112.046
112.03
112.003
111.976
111.957
111.925
111.923
111.911
111.9
111.888
111.902
111.903
111.895
111.874
111.863
111.875
111.87
111.838
111.837
111.836
111.86
111.907
111.945
111.967
111.995
112.036
112.084
112.168
112.268
112.338
112.436
112.532
112.606
112.687
112.779
112.809
112.882
112.953
113.012
113.058
113.095
113.118
113.137
113.176
113.212
113.202
113.207
113.223
113.228
113.248
113.218
113.225
113.208
113.194
113.187
113.179
113.164
113.142
113.151
113.148
113.158
113.182
113.209
113.2
113.227
113.23
113.256
113.27
113.298
113.301
113.321
113.318
113.321
113.312
113.341
113.391
113.464
113.522
113.584
113.644
113.723
113.836
113.932
114.041
114.137
114.259
114.309
114.359
114.417
114.455
114.497
114.52
114.557
114.583
114.626
114.652
114.677
114.664
114.652
114.669
114.685
114.687
114.683
114.708
114.717
114.747
114.753
114.77
114.79
114.791
114.823
114.888
114.945
115.005
115.065
115.119
115.148
115.184
115.22
115.251
115.324
115.386
115.438
115.505
115.545
115.588
115.64
115.681
115.754
115.8
115.845
115.898
115.917
115.941
115.986
115.986
116.016
116.021
116.061
116.085
116.117
116.142
116.173
116.211
116.245
116.269
116.285
116.266
116.278
116.268
116.276
116.272
116.256
116.249
116.258
116.283
116.303
116.365
116.423
116.499
116.542
116.593
116.627
116.651
116.7
116.708
116.717
116.735
116.75
116.761
116.77
116.777
116.78
116.806
116.799
116.795
116.805
116.791
116.788
116.779
116.773
116.772
116.731
116.734
116.708
116.689
116.668
116.643
116.619
116.59
116.568
116.52
116.51
116.456
116.427
116.372
116.343
116.306
116.285
116.24
116.18
116.134
116.128
116.116
116.116
116.109
116.088
116.089
116.1
116.106
116.117
116.115
116.117
116.119
116.135
116.145
116.158
116.161
116.116
116.1
116.076
116.034
116
115.989
115.973
115.958
115.944
115.92
115.93
115.928
115.96
115.976
115.976
115.985
115.992
116.011
116.002
115.988
115.969
115.967
115.945
115.917
115.897
115.857
115.852
115.795
115.781
115.765
115.763
115.753
115.739
115.74
115.699
115.723
115.705
115.687
115.691
115.707
115.698
115.683
115.657
115.661
115.63
115.617
115.502
115.475
115.466
115.435
115.428
115.385
115.351
115.326
115.283
115.254
115.241
115.224
115.186
115.158
115.137
115.122
115.111
115.086
115.025
115.008
114.96
114.941
114.945
114.949
114.941
114.91
114.869
114.871
114.87
114.857
114.827
114.82
114.812
114.79
114.77
114.748
114.719
114.688
114.665
114.634
114.603
114.567
114.527
114.504
114.453
114.437
114.407
114.375
114.349
114.364
114.385
114.4
114.411
114.436
114.429
114.453
114.479
114.498
114.522
114.52
114.541
114.557
114.56
114.578
114.574
114.595
114.608
114.615
114.616
114.61
114.608
114.584
114.551
114.533
114.513
114.509
114.47
114.459
114.433
114.406
114.383
114.353
114.292
114.217
114.156
114.096
114.047
113.987
113.932
113.886
113.831
113.774
113.709
113.672
113.676
113.689
113.691
113.715
113.709
113.731
113.746
113.763
113.774
113.773
113.787
113.795
113.766
113.744
113.738
113.73
113.703
113.694
113.68
113.685
113.646
113.647
113.647
113.619
113.63
113.591
113.57
113.556
113.506
113.48
113.467
113.443
113.433
113.414
113.394
113.451
113.428
113.442
113.432
113.444
113.46
113.467
113.455
113.464
113.484
113.486
113.523
113.543
113.569
113.57
113.6
113.609
113.618
113.631
113.63
113.63
113.623
113.627
113.639
113.626
113.618
113.61
113.589
113.547
113.482
113.45
113.399
113.35
113.319
113.271
113.232
113.176
113.137
113.117
113.095
113.043
113.006
112.974
112.911
112.892
112.873
112.896
112.927
112.946
112.978
112.982
113.009
113.006
113.036
113.026
113.03
113.027
113.036
113.024
113.02
113.018
113.063
113.074
113.095
113.106
113.116
113.179
113.214
113.277
113.393
113.42
113.441
113.439
113.457
113.501
113.537
113.548
113.564
113.59
113.613
113.643
113.653
113.664
113.692
113.698
113.709
113.761
113.799
113.815
113.816
113.812
113.827
113.816
113.798
113.791
113.793
113.834
113.874
113.918
113.953
113.989
114.04
114.076
114.108
114.117
114.115
114.169
114.167
114.188
114.184
114.216
114.237
114.266
114.3
114.316
114.402
114.445
114.462
114.483
114.519
114.529
114.569
114.58
114.601
114.614
114.62
114.613
114.614
114.622
114.606
114.607
114.609
114.605
114.62
114.618
114.611
114.624
114.664
114.652
114.655
114.629
114.62
114.614
114.633
114.663
114.676
114.665
114.641
114.622
114.604
114.602
114.592
114.577
114.56
114.553
114.56
114.541
114.52
114.496
114.477
114.469
114.446
114.41
114.399
114.382
114.344
114.321
114.304
114.271
114.256
114.229
114.231
114.211
114.21
114.266
114.283
114.29
114.262
114.269
114.268
114.295
114.333
114.334
114.342
114.366
114.365
114.375
114.381
114.38
114.372
114.374
114.347
114.361
114.351
114.349
114.35
114.38
114.422
114.467
114.488
114.558
114.61
114.678
114.738
114.822
114.91
114.981
115.057
115.122
115.196
115.271
115.328
115.391
115.413
115.453
115.576
115.656
115.74
115.795
115.862
115.927
115.99
116.048
116.114
116.189
116.239
116.3
116.388
116.447
116.509
116.551
116.592
116.634
116.666
116.669
116.68
116.67
116.651
116.655
116.618
116.611
116.576
116.543
116.513
116.484
116.471
116.464
116.47
116.462
116.456
116.482
116.493
116.52
116.548
116.596
116.653
116.683
116.718
116.762
116.81
116.827
116.829
116.814
116.811
116.812
116.803
116.809
116.799
116.788
116.803
116.792
116.821
116.799
116.782
116.788
116.784
116.832
116.858
116.928
116.975
117.034
117.084
117.131
117.169
117.214
117.27
117.299
117.313
117.358
117.395
117.427
117.45
117.487
117.494
117.521
117.552
117.575
117.621
117.664
117.683
117.713
117.738
117.762
117.774
117.771
117.787
117.788
117.788
117.792
117.792
117.783
117.784
117.794
117.785
117.783
117.78
117.792
117.758
117.776
117.762
117.739
117.736
117.73
117.717
117.709
117.683
117.658
117.622
117.603
117.588
117.531
117.51
117.481
117.452
117.443
117.405
117.391
117.344
117.318
117.275
117.222
117.175
117.118
117.076
117.01
116.94
116.904
116.832
116.796
116.734
116.692
116.654
116.606
116.594
116.561
116.537
116.522
116.488
116.468
116.405
116.356
116.32
116.261
116.222
116.158
116.11
116.053
116.002
115.949
115.898
115.859
115.803
115.776
115.754
115.721
115.67
115.626
115.576
115.538
115.495
115.422
115.37
115.331
115.294
115.265
115.267
115.245
115.251
115.259
115.268
115.289
115.288
115.269
115.263
115.249
115.235
115.211
115.195
115.187
115.156
115.126
115.108
115.083
115.063
115.025
115.004
114.952
114.934
114.901
114.856
114.823
114.789
114.758
114.709
114.691
114.648
114.606
114.56
114.537
114.492
114.441
114.403
114.371
114.314
114.268
114.221
114.169
114.126
114.096
114.045
114.027
113.982
113.955
113.926
113.876
113.799
113.697
113.652
113.634
113.582
113.547
113.505
113.481
113.442
113.412
113.373
113.344
113.296
113.269
113.195
113.137
113.079
113.022
112.962
112.904
112.828
112.778
112.726
112.67
112.606
112.575
112.554
112.532
112.489
112.462
112.452
112.421
112.384
112.404
112.384
112.359
112.331
112.302
112.289
112.267
112.279
112.294
112.324
112.33
112.349
112.371
112.409
112.386
112.427
112.458
112.503
112.509
112.531
112.567
112.584
112.586
112.59
112.601
112.591
112.61
112.601
112.61
112.599
112.585
112.521
112.452
112.446
112.461
112.429
112.438
112.448
112.438
112.437
112.444
112.458
112.481
112.506
112.505
112.542
112.547
112.57
112.603
112.611
112.613
112.667
112.7
112.743
112.772
112.82
112.856
112.898
112.917
112.968
112.991
113.005
113.031
113.062
113.085
113.091
113.122
113.137
113.154
113.184
113.224
113.226
113.247
113.291
113.344
113.383
113.411
113.453
113.515
113.537
113.572
113.584
113.616
113.637
113.644
113.67
113.69
113.707
113.724
113.718
113.759
113.785
113.802
113.808
113.83
113.843
113.855
113.871
113.883
113.882
113.909
113.915
113.962
114.006
114.039
113.995
113.988
114.045
114.113
114.179
114.218
114.272
114.303
114.322
114.34
114.349
114.389
114.379
114.407
114.452
114.473
114.506
114.552
114.592
114.612
114.652
114.671
114.703
114.737
114.766
114.775
114.788
114.827
114.846
114.883
114.874
114.895
114.894
114.91
114.913
114.91
114.967
114.989
115.038
115.107
115.196
115.277
115.348
115.384
115.433
115.488
115.522
115.59
115.633
115.682
115.733
115.75
115.804
115.833
115.875
115.923
115.939
115.986
116.054
116.132
116.203
116.288
116.349
116.425
116.486
116.554
116.596
116.645
116.676
116.717
116.757
116.783
116.798
116.85
116.866
116.904
116.913
116.949
116.965
116.977
116.976
117.021
117.063
117.069
117.111
117.118
117.136
117.146
117.136
117.153
117.143
117.13
117.116
117.105
117.081
117.067
117.044
117.004
116.829
116.811
116.763
116.739
116.726
116.707
116.709
116.713
116.724
116.741
116.76
116.772
116.791
116.787
116.793
116.797
116.783
116.765
116.761
116.754
116.723
116.725
116.695
116.666
116.633
116.595
116.568
116.519
116.46
116.411
116.367
116.305
116.258
116.203
116.16
116.089
116.028
115.959
115.895
115.845
115.766
115.695
115.61
115.543
115.459
115.385
115.323
115.24
115.183
115.093
115.026
114.948
114.881
114.82
114.749
114.694
114.645
114.598
114.54
114.47
114.399
114.362
114.341
114.354
114.377
114.378
114.38
114.383
114.38
114.39
114.395
114.38
114.352
114.319
114.324
114.269
114.261
114.23
114.221
114.219
114.179
114.153
114.125
114.077
114.045
114.015
113.988
113.951
113.924
113.894
113.886
113.886
113.891
113.912
113.919
113.925
113.952
113.972
113.996
114.029
114.054
114.102
114.139
114.177
114.189
114.224
114.25
114.252
114.268
114.284
114.313
114.295
114.269
114.26
114.238
114.226
114.211
114.204
114.151
114.114
114.077
114.037
113.997
113.972
113.935
113.903
113.855
113.831
113.804
113.764
113.741
113.763
113.779
113.755
113.751
113.756
113.762
113.77
113.769
113.762
113.762
113.76
113.771
113.741
113.742
113.751
113.738
113.742
113.722
113.716
113.699
113.695
113.662
113.649
113.623
113.589
113.563
113.51
113.429
113.364
113.3
113.241
113.175
113.115
113.093
113.046
113.032
113.018
112.973
112.951
112.912
112.865
112.847
112.781
112.759
112.728
112.701
112.672
112.64
112.597
112.558
112.534
112.52
112.487
112.471
112.443
112.436
112.456
112.505
112.554
112.562
112.604
112.674
112.714
112.78
112.84
112.896
112.983
113.066
113.12
113.208
113.258
113.317
113.353
113.403
113.434
113.463
113.493
113.512
113.536
113.535
113.553
113.593
113.637
113.693
113.696
113.72
113.748
113.745
113.757
113.748
113.763
113.749
113.767
113.757
113.766
113.782
113.828
113.858
113.873
113.927
113.942
113.989
114.003
114.011
114.048
114.071
114.094
114.124
114.145
114.163
114.194
114.249
114.324
114.402
114.467
114.515
114.59
114.617
114.627
114.695
114.717
114.75
114.806
114.806
114.803
114.787
114.763
114.773
114.76
114.745
114.732
114.732
114.708
114.684
114.663
114.648
114.647
114.647
114.671
114.669
114.673
114.66
114.651
114.64
114.657
114.636
114.6
114.598
114.581
114.561
114.546
114.532
114.506
114.483
114.446
114.413
114.419
114.442
114.452
114.466
114.489
114.473
114.493
114.513
114.526
114.56
114.559
114.563
114.571
114.596
114.578
114.566
114.578
114.57
114.564
114.545
114.521
114.479
114.437
114.393
114.359
114.396
114.421
114.44
114.481
114.498
114.527
114.534
114.548
114.565
114.587
114.592
114.603
114.603
114.63
114.646
114.674
114.732
114.792
114.82
114.954
115.061
115.171
115.281
115.395
115.476
115.548
115.595
115.655
115.735
115.777
115.817
115.876
115.917
115.973
116.006
116.079
116.122
116.129
116.157
116.188
116.208
116.256
116.313
116.36
116.397
116.381
116.417
116.412
116.427
116.433
116.453
116.461
116.481
116.511
116.499
116.454
116.465
116.461
116.429
116.439
116.402
116.407
116.378
116.36
116.341
116.375
116.377
116.369
116.358
116.367
116.345
116.359
116.353
116.357
116.37
116.382
116.37
116.385
116.369
116.373
116.403
116.371
116.379
116.387
116.348
116.338
116.304
116.303
116.304
116.307
116.317
116.323
116.331
116.322
116.35
116.368
116.354
116.385
116.399
116.384
116.359
116.346
116.352
116.348
116.354
116.343
116.337
116.326
116.315
116.307
116.289
116.272
116.206
116.186
116.142
116.094
116.047
116.035
115.976
115.926
115.872
115.822
115.808
115.799
115.825
115.856
115.917
115.964
116.011
116.035
116.059
116.044
116.047
116.025
116.037
115.999
116.007
116.015
116.014
116.025
116.012
116
115.977
115.985
115.989
115.999
115.968
115.993
116.008
116.044
116.075
116.099
116.131
116.081
116.06
116.037
116.028
116.021
116
115.982
115.94
115.929
115.918
115.89
115.885
115.833
115.836
115.82
115.806
115.761
115.734
115.702
115.6
115.55
115.513
115.494
115.463
115.423
115.393
115.37
115.324
115.321
115.285
115.235
115.201
115.168
115.121
115.055
115.027
114.994
114.941
114.883
114.838
114.771
114.726
114.685
114.649
114.613
114.583
114.547
114.537
114.507
114.512
114.525
114.535
114.525
114.558
114.548
114.557
114.587
114.598
114.63
114.632
114.633
114.659
114.659
114.669
114.666
114.641
114.629
114.634
114.629
114.619
114.615
114.594
114.6
114.552
114.532
114.514
114.499
114.472
114.433
114.416
114.42
114.355
114.336
114.322
114.29
114.294
114.263
114.258
114.213
114.2
114.186
114.156
114.141
114.125
114.091
114.061
114.033
114.009
113.975
113.937
113.882
113.824
113.798
113.777
113.733
113.682
113.638
113.608
113.576
113.536
113.506
113.443
113.393
113.361
113.319
113.285
113.277
113.264
113.241
113.23
113.242
113.264
113.291
113.347
113.38
113.411
113.431
113.425
113.407
113.383
113.386
113.394
113.379
113.378
113.371
113.37
113.378
113.38
113.372
113.386
113.408
113.427
113.422
113.404
113.403
113.421
113.421
113.425
113.423
113.441
113.441
113.452
113.469
113.479
113.482
113.496
113.498
113.508
113.495
113.513
113.518
113.483
113.478
113.445
113.427
113.398
113.398
113.382
113.374
113.37
113.408
113.388
113.406
113.415
113.442
113.449
113.476
113.551
113.562
113.564
113.604
113.626
113.633
113.681
113.71
113.7
113.729
113.769
113.802
113.798
113.828
113.864
113.868
113.875
113.887
113.896
113.934
113.933
113.947
113.978
113.998
114.005
114.003
114.023
114.037
113.998
114.01
114.023
114.011
114.018
114.022
114.021
114.016
114.011
114.018
114.016
113.998
114.007
114.019
114.056
114.045
114.082
114.101
114.133
114.153
114.201
114.192
114.208
114.231
114.264
114.269
114.282
114.313
114.33
114.359
114.389
114.447
114.447
114.47
114.495
114.523
114.532
114.531
114.543
114.56
114.568
114.583
114.597
114.635
114.64
114.663
114.664
114.649
114.636
114.637
114.645
114.631
114.598
114.646
114.62
114.619
114.627
114.61
114.633
114.611
114.631
114.629
114.633
114.637
114.699
114.72
114.765
114.836
114.879
114.903
114.962
115.031
115.058
115.116
115.184
115.221
115.298
115.357
115.392
115.43
115.456
115.469
115.498
115.511
115.526
115.531
115.553
115.559
115.56
115.558
115.558
115.539
115.531
115.518
115.444
115.343
115.357
115.341
115.345
115.363
115.392
115.418
115.451
115.486
115.512
115.561
115.603
115.603
115.637
115.647
115.657
115.688
115.718
115.758
115.779
115.802
115.816
115.827
115.83
115.845
115.84
115.848
115.855
115.856
115.859
115.87
115.87
115.874
115.874
115.88
115.877
115.891
115.903
115.875
115.86
115.855
115.841
115.825
115.811
115.806
115.795
115.763
115.746
115.749
115.74
115.714
115.697
115.691
115.681
115.674
115.693
115.744
115.766
115.817
115.826
115.881
115.969
116.052
116.127
116.146
116.199
116.27
116.328
116.402
116.465
116.532
116.574
116.587
116.592
116.579
116.573
116.56
116.547
116.534
116.562
116.577
116.597
116.599
116.617
116.629
116.632
116.611
116.641
116.657
116.693
116.731
116.763
116.792
116.847
116.874
116.907
116.953
117.003
117.051
117.104
117.16
117.207
117.244
117.266
117.289
117.317
117.347
117.381
117.389
117.419
117.428
117.421
117.454
117.478
117.472
117.494
117.496
117.509
117.496
117.498
117.49
117.487
117.476
117.449
117.457
117.472
117.5
117.462
117.462
117.453
117.43
117.424
117.408
117.376
117.356
117.335
117.315
117.28
117.262
117.246
117.194
117.173
117.098
117.068
117.048
116.985
116.96
116.883
116.851
116.784
116.741
116.692
116.655
116.6
116.56
116.518
116.478
116.44
116.377
116.325
116.263
116.202
116.147
116.074
116.028
115.981
115.936
115.879
115.835
115.778
115.706
115.633
115.553
115.488
115.413
115.339
115.256
115.176
115.114
115.105
115.102
115.073
115.063
115.038
115.017
114.998
114.986
114.957
114.939
114.924
114.909
114.883
114.873
114.85
114.831
114.807
114.799
114.769
114.742
114.697
114.671
114.677
114.688
114.696
114.707
114.724
114.746
114.755
114.803
114.819
114.844
114.824
114.825
114.807
114.817
114.822
114.819
114.811
114.82
114.817
114.817
114.825
114.824
114.819
114.807
114.805
114.794
114.789
114.781
114.758
114.735
114.74
114.722
114.702
114.688
114.679
114.63
114.641
114.656
114.678
114.701
114.739
114.755
114.768
114.782
114.794
114.803
114.808
114.801
114.821
114.835
114.844
114.853
114.845
114.838
114.813
114.789
114.753
114.713
114.597
114.525
114.491
114.45
114.431
114.423
114.4
114.393
114.384
114.398
114.356
114.324
114.314
114.287
114.252
114.218
114.195
114.173
114.132
114.071
114.043
113.995
113.945
113.917
113.875
113.833
113.781
113.759
113.706
113.66
113.63
113.602
113.561
113.528
113.506
113.487
113.476
113.458
113.448
113.427
113.399
113.388
113.376
113.362
113.326
113.306
113.293
113.31
113.33
113.359
113.358
113.358
113.359
113.349
113.347
113.34
113.338
113.339
113.324
113.319
113.303
113.28
113.246
113.235
113.188
113.164
113.149
113.122
113.075
113.078
113.042
113.02
112.997
112.985
112.936
112.899
112.868
112.84
112.797
112.758
112.747
112.706
112.709
112.694
112.674
112.693
112.701
112.684
112.704
112.725
112.715
112.747
112.783
112.813
112.839
112.861
112.865
112.916
112.952
112.977
112.939
112.946
112.93
112.926
112.937
112.936
112.922
112.928
112.917
112.906
112.905
112.881
112.872
112.875
112.847
112.833
112.825
112.802
112.777
112.807
112.825
112.854
112.877
112.912
112.907
112.938
112.929
112.946
112.974
112.959
112.926
112.906
112.895
112.858
112.834
112.816
112.808
112.801
112.806
112.783
112.775
112.843
112.865
112.91
112.914
112.963
113.002
113.039
113.066
113.064
113.054
113.061
113.055
113.059
113.059
113.04
113.028
113.013
112.992
112.964
112.952
112.91
112.885
112.871
112.85
112.851
112.813
112.805
112.807
112.781
112.798
112.78
112.801
112.759
112.763
112.767
112.761
112.755
112.754
112.76
112.77
112.761
112.761
112.789
112.8
112.816
112.841
112.834
112.836
112.834
112.908
112.962
113.031
113.117
113.216
113.298
113.365
113.463
113.522
113.607
113.661
113.723
113.814
113.872
113.929
113.996
114.059
114.136
114.174
114.236
114.283
114.347
114.398
114.463
114.488
114.526
114.538
114.556
114.616
114.69
114.773
114.847
114.892
114.972
115.032
115.092
115.135
115.178
115.23
115.258
115.303
115.346
115.349
115.372
115.385
115.425
115.426
115.446
115.437
115.41
115.39
115.358
115.35
115.312
115.286
115.264
115.235
115.247
115.24
115.245
115.257
115.241
115.249
115.251
115.269
115.276
115.265
115.274
115.285
115.302
115.312
115.318
115.327
115.357
115.406
115.411
115.441
115.453
115.502
115.526
115.557
115.602
115.65
115.694
115.731
115.787
115.814
115.853
115.881
115.927
115.939
115.964
115.992
116.061
116.095
116.138
116.185
116.2
116.243
116.291
116.333
116.367
116.402
116.418
116.428
116.449
116.492
116.513
116.549
116.565
116.612
116.64
116.694
116.709
116.744
116.788
116.805
116.842
116.839
116.864
116.877
116.878
116.902
116.909
116.909
116.929
116.949
116.96
116.966
116.948
116.966
116.988
116.98
117.022
117.011
117.037
117.032
117.038
117.04
117.025
117.018
117.008
117.002
116.988
116.987
116.978
116.992
116.992
117.015
117.023
117.031
117.034
117.05
117.057
117.055
117.068
117.092
117.101
117.105
117.101
117.095
117.103
117.104
117.105
117.097
117.112
117.116
117.096
117.106
117.134
117.104
117.079
117.068
117.058
117.047
117.04
117.023
117.007
117.001
116.992
116.99
116.986
116.976
116.975
116.972
116.955
116.942
116.925
116.957
117.008
117.035
117.072
116.993
116.989
116.975
116.985
117.007
117.039
117.061
117.079
117.126
117.133
117.157
117.19
117.2
117.228
117.221
117.208
117.203
117.189
117.179
117.161
117.125
117.132
117.082
117.08
117.074
117.075
117.065
117.086
117.071
117.066
117.045
117.036
117.042
117.015
117.004
116.986
116.984
116.976
116.966
116.955
116.927
116.92
116.911
116.898
116.9
116.884
116.845
116.824
116.788
116.746
116.701
116.665
116.622
116.581
116.534
116.494
116.442
116.429
116.412
116.391
116.387
116.361
116.363
116.341
116.326
116.31
116.286
116.284
116.278
116.297
116.282
116.238
116.216
116.204
116.186
116.166
116.18
116.16
116.143
116.131
116.122
116.13
116.097
116.108
116.061
116.038
116.024
115.994
115.983
115.964
115.963
115.968
115.969
115.955
115.915
115.919
115.931
115.882
115.872
115.827
115.803
115.759
115.73
115.69
115.65
115.605
115.552
115.524
115.471
115.451
115.408
115.353
115.308
115.258
115.201
115.157
115.092
115.069
115.009
114.972
114.931
114.859
114.818
114.807
114.785
114.755
114.721
114.676
114.64
114.612
114.617
114.626
114.649
114.665
114.657
114.646
114.653
114.655
114.657
114.665
114.66
114.719
114.771
114.823
114.857
114.884
114.912
114.944
114.978
115.01
115.038
115.059
115.094
115.119
115.135
115.148
115.17
115.174
115.171
115.181
115.173
115.15
115.154
115.136
115.108
115.084
115.064
115.033
114.978
114.922
114.873
114.813
114.773
114.717
114.705
114.699
114.705
114.684
114.666
114.627
114.585
114.561
114.53
114.504
114.451
114.414
114.375
114.331
114.283
114.259
114.215
114.162
114.127
114.081
114.049
113.986
113.959
113.908
113.877
113.829
113.787
113.745
113.726
113.706
113.702
113.72
113.724
113.745
113.746
113.749
113.755
113.755
113.755
113.745
113.719
113.711
113.713
113.678
113.679
113.648
113.616
113.599
113.608
113.707
113.764
113.834
113.918
114.001
114.089
114.149
114.198
114.237
114.299
114.351
114.41
114.451
114.497
114.522
114.543
114.568
114.588
114.602
114.586
114.568
114.566
114.566
114.552
114.543
114.517
114.473
114.448
114.413
114.393
114.365
114.321
114.277
114.214
114.158
114.107
114.047
113.991
113.946
113.896
113.836
113.779
113.712
113.65
113.576
113.519
113.444
113.38
113.319
113.254
113.209
113.146
113.088
113.034
112.969
112.908
112.866
112.836
112.785
112.745
112.687
112.642
112.592
112.537
112.49
112.438
112.411
112.362
112.336
112.299
112.248
112.22
112.169
112.112
112.08
112.035
111.985
111.952
111.902
111.844
111.822
111.77
111.742
111.753
111.699
111.65
111.598
111.567
111.541
111.489
111.475
111.431
111.407
111.388
111.379
111.37
111.321
111.307
111.264
111.235
111.244
111.212
111.209
111.256
111.246
111.3
111.337
111.418
111.518
111.562
111.63
111.675
111.713
111.774
111.796
111.874
111.902
111.885
111.9
111.917
111.926
111.959
111.956
111.998
112.039
112.065
112.091
112.142
112.184
112.19
112.238
112.285
112.305
112.317
112.343
112.385
112.401
112.425
112.443
112.455
112.463
112.482
112.521
112.569
112.592
112.585
112.637
112.667
112.696
112.71
112.743
112.771
112.783
112.861
112.919
113.012
113.073
113.145
113.213
113.291
113.379
113.462
113.523
113.581
113.633
113.655
113.718
113.744
113.793
113.802
113.857
113.858
113.881
113.877
113.873
113.879
113.916
113.999
114.065
114.11
114.156
114.242
114.279
114.332
114.388
114.471
114.556
114.654
114.719
114.826
114.874
114.936
114.99
115.034
115.09
115.139
115.188
115.216
115.258
115.286
115.339
115.373
115.402
115.423
115.447
115.485
115.494
115.497
115.528
115.509
115.521
115.55
115.566
115.558
115.561
115.58
115.569
115.576
115.582
115.565
115.543
115.555
115.54
115.562
115.536
115.529
115.53
115.536
115.52
115.497
115.497
115.455
115.447
115.43
115.452
115.443
115.43
115.417
115.411
115.398
115.398
115.399
115.395
115.381
115.349
115.319
115.304
115.292
115.275
115.235
115.23
115.252
115.261
115.284
115.316
115.322
115.253
115.273
115.279
115.326
115.356
115.379
115.4
115.44
115.425
115.434
115.452
115.48
115.522
115.549
115.591
115.597
115.65
115.713
115.789
115.846
115.888
115.947
115.996
116.072
116.154
116.231
116.335
116.401
116.478
116.548
116.612
116.669
116.743
116.771
116.838
116.859
116.909
116.923
116.967
117.003
117.023
117.059
117.079
117.106
117.126
117.141
117.17
117.192
117.242
117.23
117.237
117.243
117.277
117.282
117.296
117.292
117.292
117.302
117.278
117.273
117.258
117.238
117.224
117.218
117.195
117.179
117.153
117.119
117.08
117.054
117.034
117.009
116.999
116.972
116.969
116.971
116.941
116.938
116.904
116.874
116.868
116.809
116.815
116.803
116.791
116.794
116.798
116.802
116.783
116.769
116.751
116.717
116.696
116.681
116.675
116.675
116.717
116.745
116.804
116.843
116.899
116.891
116.903
116.898
116.892
116.898
116.896
116.903
116.88
116.882
116.877
116.882
116.889
116.887
116.854
116.861
116.863
116.846
116.832
116.794
116.756
116.712
116.674
116.64
116.587
116.562
116.525
116.485
116.462
116.466
116.465
116.457
116.482
116.487
116.473
116.462
116.463
116.436
116.43
116.438
116.452
116.507
116.577
116.608
116.629
116.66
116.691
116.736
116.747
116.783
116.791
116.809
116.829
116.835
116.807
116.786
116.743
116.74
116.676
116.651
116.615
116.563
116.505
116.452
116.408
116.419
116.424
116.406
116.39
116.389
116.369
116.375
116.402
116.388
116.396
116.406
116.41
116.395
116.391
116.384
116.37
116.362
116.376
116.346
116.33
116.304
116.28
116.247
116.232
116.199
116.166
116.125
116.089
116.037
115.983
115.948
115.892
115.842
115.801
115.765
115.723
115.67
115.606
115.551
115.518
115.451
115.379
115.326
115.268
115.193
115.132
115.077
114.999
114.938
114.873
114.81
114.717
114.659
114.611
114.54
114.468
114.406
114.339
114.273
114.22
114.151
114.111
114.059
114.005
113.92
113.832
113.779
113.734
113.708
113.693
113.637
113.601
113.574
113.523
113.495
113.449
113.416
113.379
113.333
113.3
113.3
113.285
113.264
113.257
113.24
113.215
113.205
113.18
113.152
113.137
113.131
113.124
113.122
113.118
113.148
113.199
113.234
113.292
113.333
113.349
113.319
113.337
113.341
113.364
113.365
113.394
113.394
113.435
113.425
113.464
113.467
113.477
113.504
113.514
113.551
113.603
113.647
113.672
113.676
113.693
113.687
113.674
113.668
113.651
113.643
113.637
113.634
113.64
113.644
113.66
113.644
113.641
113.606
113.561
113.531
113.467
113.402
113.352
113.276
113.217
113.144
113.089
113.033
112.976
112.924
112.877
112.794
112.74
112.675
112.614
112.55
112.494
112.434
112.369
112.321
112.249
112.199
112.171
112.11
112.096
112.054
112.014
112.006
111.995
111.968
111.951
111.955
111.928
111.925
111.944
111.953
111.967
111.96
111.968
111.956
111.926
111.935
111.984
112.015
112.089
112.154
112.23
112.315
112.417
112.56
112.639
112.684
112.721
112.79
112.87
112.926
113.028
112.963
112.988
113.018
113.046
113.037
113.053
113.095
113.099
113.136
113.127
113.146
113.173
113.222
113.258
113.31
113.331
113.394
113.452
113.541
113.617
113.686
113.76
113.845
113.892
113.951
114.005
114.063
114.112
114.118
114.107
114.134
114.129
114.146
114.112
114.136
114.105
114.12
114.087
114.079
114.078
114.037
114.021
113.984
113.967
113.964
113.946
113.934
113.917
113.914
113.889
113.88
113.847
113.83
113.789
113.784
113.807
113.859
113.882
113.894
113.894
113.872
113.868
113.869
113.836
113.819
113.823
113.817
113.805
113.826
113.833
113.841
113.808
113.799
113.842
113.829
113.798
113.791
113.764
113.749
113.736
113.732
113.728
113.716
113.694
113.71
113.76
113.799
113.852
113.896
113.98
114.037
114.102
114.133
114.193
114.284
114.403
114.489
114.593
114.697
114.807
114.915
114.987
115.101
115.188
115.287
115.359
115.436
115.492
115.53
115.619
115.708
115.805
115.861
115.934
115.974
116.032
116.066
116.132
116.16
116.206
116.253
116.268
116.301
116.34
116.364
116.396
116.403
116.439
116.496
116.527
116.597
116.634
116.674
116.676
116.68
116.692
116.689
116.688
116.701
116.717
116.724
116.729
116.729
116.698
116.698
116.706
116.722
116.717
116.707
116.728
116.718
116.71
116.719
116.705
116.684
116.758
116.793
116.835
116.886
116.915
116.943
116.963
117.005
117.02
117.05
117.046
117.082
117.095
117.141
117.153
117.158
117.159
117.16
117.148
117.14
117.122
117.129
117.135
117.159
117.148
117.142
117.125
117.135
117.139
117.151
117.131
117.13
117.087
117.073
117.04
117.02
117.026
117.035
117.005
116.973
116.956
116.936
116.919
116.892
116.891
116.865
116.892
116.899
116.931
116.934
116.963
116.964
116.975
116.971
116.969
116.989
116.966
116.978
116.955
116.946
116.941
116.907
116.905
116.899
116.873
116.872
116.831
116.806
116.76
116.724
116.694
116.643
116.609
116.554
116.505
116.452
116.397
116.346
116.292
116.238
116.201
116.142
116.081
116.049
116.01
115.978
116
116.008
116.023
116.023
116.036
116.031
116.054
116.047
116.029
116.019
116.009
115.986
115.979
115.949
115.912
115.871
115.834
115.801
115.776
115.745
115.712
115.674
115.613
115.586
115.549
115.492
115.463
115.404
115.349
115.288
115.235
115.174
115.121
115.068
115.016
114.958
114.895
114.832
114.772
114.71
114.64
114.579
114.513
114.457
114.411
114.364
114.326
114.274
114.233
114.194
114.128
114.069
114.003
113.986
113.969
113.954
113.929
113.899
113.861
113.845
113.84
113.822
113.802
113.775
113.753
113.733
113.707
113.686
113.64
113.603
113.572
113.54
113.494
113.44
113.377
113.32
113.238
113.181
113.123
113.089
113.037
112.991
112.941
112.912
112.908
112.895
112.881
112.862
112.845
112.814
112.812
112.798
112.808
112.827
112.844
112.855
112.86
112.885
112.747
112.762
112.742
112.739
112.754
112.782
112.771
112.764
112.788
112.784
112.79
112.817
112.807
112.807
112.804
112.786
112.8
112.833
112.829
112.854
112.854
112.828
112.848
112.839
112.862
112.897
112.94
112.947
112.948
112.943
112.964
112.943
112.947
112.95
112.952
112.945
112.952
112.955
112.928
112.9
112.911
112.914
112.887
112.882
112.908
112.915
112.929
112.976
112.947
112.989
112.997
112.989
113.006
113.001
113.009
113.007
113.028
113.037
113.057
113.084
113.09
113.106
113.123
113.141
113.177
113.196
113.21
113.22
113.243
113.279
113.306
113.338
113.363
113.381
113.4
113.344
113.296
113.267
113.241
113.196
113.197
113.162
113.136
113.103
113.095
113.081
113.128
113.135
113.151
113.174
113.187
113.215
113.273
113.314
113.368
113.375
113.436
113.473
113.509
113.533
113.568
113.612
113.637
113.665
113.673
113.688
113.716
113.725
113.726
113.714
113.76
113.743
113.757
113.743
113.734
113.709
113.679
113.673
113.647
113.619
113.586
113.565
113.545
113.515
113.505
113.461
113.455
113.461
113.431
113.424
113.403
113.379
113.357
113.342
113.301
113.29
113.284
113.269
113.244
113.22
113.191
113.157
113.11
113.083
113.039
113.04
113.05
113.081
113.067
113.053
113.06
113.092
113.137
113.204
113.23
113.329
113.419
113.494
113.561
113.618
113.717
113.776
113.84
113.916
114.01
114.067
114.157
114.239
114.331
114.408
114.472
114.546
114.633
114.699
114.771
114.837
114.861
114.918
114.959
114.994
115.071
115.164
115.261
115.348
115.434
115.519
115.589
115.651
115.712
115.778
115.822
115.879
115.956
116.065
116.123
116.165
116.217
116.279
116.32
116.372
116.409
116.437
116.474
116.489
116.484
116.513
116.523
116.551
116.564
116.585
116.589
116.604
116.612
116.625
116.611
116.624
116.612
116.598
116.61
116.593
116.573
116.549
116.517
116.5
116.481
116.445
116.446
116.434
116.41
116.393
116.39
116.377
116.357
116.352
116.337
116.331
116.364
116.345
116.366
116.424
116.451
116.483
116.512
116.547
116.608
116.624
116.631
116.657
116.673
116.683
116.702
116.706
116.737
116.728
116.758
116.732
116.75
116.748
116.752
116.766
116.756
116.767
116.76
116.781
116.823
116.823
116.823
116.834
116.832
116.804
116.788
116.769
116.745
116.73
116.707
116.689
116.644
116.62
116.566
116.516
116.477
116.444
116.402
116.354
116.322
116.317
116.278
116.227
116.169
116.097
116.037
115.996
115.931
115.865
115.826
115.753
115.68
115.614
115.578
115.538
115.54
115.507
115.497
115.486
115.443
115.449
115.461
115.483
115.488
115.497
115.506
115.505
115.505
115.497
115.501
115.492
115.494
115.53
115.608
115.689
115.758
115.815
115.864
115.922
115.969
116.05
116.083
116.129
116.201
116.249
116.296
116.321
116.361
116.407
116.437
116.445
116.434
116.43
116.41
116.394
116.376
116.356
116.387
116.451
116.493
116.492
116.531
116.549
116.566
116.57
116.62
116.637
116.682
116.692
116.725
116.736
116.754
116.781
116.764
116.789
116.794
116.813
116.825
116.858
116.865
116.902
116.921
116.906
116.924
116.921
116.932
116.926
116.938
116.953
116.944
116.956
116.97
116.963
116.961
116.935
116.922
116.916
116.906
116.924
116.929
116.929
116.925
116.923
116.902
116.898
116.891
116.858
116.847
116.827
116.792
116.751
116.692
116.645
116.606
116.578
116.556
116.551
116.553
116.549
116.534
116.536
116.525
116.513
116.5
116.5
116.482
116.465
116.449
116.449
116.446
116.453
116.449
116.464
116.475
116.462
116.438
116.445
116.495
116.529
116.573
116.599
116.641
116.655
116.661
116.661
116.664
116.66
116.625
116.58
116.538
116.504
116.436
116.389
116.367
116.304
116.269
116.196
116.174
116.135
116.092
116.066
116.024
116.023
115.972
115.949
115.901
115.853
115.801
115.768
115.729
115.695
115.661
115.615
115.553
115.489
115.433
115.369
115.319
115.288
115.256
115.21
115.171
115.13
115.093
115.052
115.01
114.96
114.913
114.871
114.815
114.776
114.709
114.652
114.614
114.556
114.482
114.426
114.294
114.187
114.114
114.045
113.978
113.904
113.843
113.777
113.701
113.651
113.611
113.55
113.503
113.477
113.456
113.39
113.341
113.312
113.25
113.216
113.175
113.131
113.082
113.052
113.004
112.978
112.915
112.884
112.857
112.823
112.78
112.748
112.722
112.686
112.675
112.656
112.638
112.603
112.582
112.558
112.553
112.524
112.504
112.465
112.436
112.412
112.393
112.411
112.41
112.409
112.43
112.429
112.472
112.522
112.582
112.623
112.667
112.725
112.789
112.845
112.884
112.917
112.958
112.99
113.03
113.075
113.114
113.155
113.182
113.226
113.239
113.288
113.313
113.333
113.366
113.39
113.406
113.435
113.455
113.506
113.525
113.562
113.601
113.615
113.638
113.673
113.7
113.722
113.763
113.783
113.782
113.777
113.807
113.792
113.746
113.72
113.707
113.702
113.7
113.702
113.718
113.717
113.724
113.72
113.737
113.762
113.796
113.859
113.886
113.91
113.941
113.977
113.993
114.018
114.05
114.056
114.058
114.082
114.104
114.148
114.17
114.2
114.236
114.316
114.403
114.486
114.557
114.621
114.711
114.769
114.824
114.89
114.951
115.001
115.069
115.136
115.163
115.216
115.25
115.281
115.318
115.308
115.355
115.363
115.409
115.429
115.462
115.484
115.501
115.518
115.517
115.494
115.485
115.491
115.491
115.546
115.577
115.605
115.644
115.621
115.592
115.561
115.526
115.475
115.444
115.368
115.349
115.326
115.289
115.266
115.248
115.227
115.215
115.185
115.171
115.146
115.118
115.101
115.054
115.007
114.963
114.954
114.901
114.907
114.863
114.869
114.844
114.822
114.791
114.754
114.736
114.706
114.684
114.636
114.598
114.554
114.526
114.478
114.438
114.39
114.357
114.353
114.361
114.39
114.403
114.429
114.44
114.487
114.515
114.556
114.606
114.643
114.671
114.706
114.718
114.726
114.689
114.671
114.68
114.699
114.728
114.756
114.786
114.8
114.814
114.841
114.855
114.872
114.886
114.902
114.901
114.95
114.999
115.006
114.995
114.972
114.93
114.888
114.849
114.807
114.788
114.748
114.706
114.661
114.629
114.574
114.523
114.491
114.495
114.478
114.473
114.467
114.424
114.437
114.442
114.447
114.446
114.44
114.454
114.454
114.438
114.446
114.425
114.423
114.397
114.381
114.364
114.36
114.342
114.327
114.296
114.294
114.253
114.235
114.203
114.188
114.153
114.112
114.074
114.05
113.992
113.942
113.903
113.859
113.829
113.809
113.771
113.754
113.72
113.692
113.684
113.668
113.646
113.636
113.618
113.576
113.615
113.652
113.706
113.726
113.758
113.805
113.811
113.843
113.844
113.879
113.909
114.004
114.057
114.127
114.195
114.227
114.301
114.352
114.395
114.421
114.476
114.501
114.537
114.572
114.607
114.631
114.636
114.653
114.679
114.688
114.743
114.741
114.729
114.732
114.724
114.689
114.658
114.631
114.61
114.566
114.537
114.51
114.467
114.467
114.444
114.436
114.421
114.435
114.397
114.395
114.407
114.371
114.35
114.344
114.337
114.334
114.341
114.326
114.313
114.308
114.308
114.289
114.285
114.258
114.249
114.251
114.261
114.274
114.289
114.292
114.287
114.27
114.243
114.202
114.203
114.161
114.137
114.094
114.063
114.041
113.996
113.96
113.918
113.856
113.848
113.792
113.775
113.718
113.686
113.642
113.598
113.58
113.54
113.555
113.583
113.61
113.64
113.669
113.679
113.714
113.735
113.738
113.643
113.696
113.748
113.781
113.809
113.876
113.885
113.932
113.951
114.001
114.016
114.046
114.061
114.068
114.113
114.184
114.288
114.369
114.449
114.53
114.631
114.714
114.773
114.848
114.879
114.956
115.004
115.088
115.141
115.201
115.259
115.319
115.342
115.368
115.372
115.399
115.387
115.374
115.379
115.376
115.416
115.416
115.443
115.422
115.419
115.445
115.463
115.48
115.414
115.418
115.422
115.424
115.434
115.433
115.432
115.45
115.463
115.463
115.476
115.474
115.459
115.456
115.47
115.448
115.42
115.439
115.448
115.402
115.391
115.362
115.339
115.316
115.267
115.238
115.208
115.154
115.144
115.147
115.089
115.058
115.017
114.958
114.934
114.889
114.855
114.792
114.744
114.686
114.639
114.623
114.622
114.599
114.596
114.594
114.574
114.574
114.555
114.552
114.538
114.522
114.53
114.555
114.541
114.542
114.505
114.513
114.509
114.495
114.496
114.484
114.482
114.46
114.497
114.504
114.544
114.564
114.587
114.632
114.656
114.686
114.702
114.736
114.755
114.804
114.836
114.869
114.892
114.905
114.935
114.967
114.996
115.024
115.038
115.061
115.13
115.144
115.163
115.181
115.2
115.232
115.283
115.318
115.365
115.42
115.44
115.482
115.492
115.521
115.545
115.552
115.557
115.563
115.561
115.566
115.576
115.598
115.617
115.664
115.668
115.682
115.713
115.714
115.719
115.729
115.705
115.717
115.699
115.681
115.655
115.657
115.624
115.608
115.582
115.562
115.538
115.498
115.48
115.453
115.445
115.421
115.419
115.404
115.406
115.388
115.381
115.319
115.303
115.287
115.264
115.237
115.193
115.153
115.139
115.113
115.081
115.058
115.027
115
114.976
114.938
114.913
114.885
114.861
114.847
114.814
114.799
114.8
114.794
114.756
114.74
114.694
114.653
114.654
114.619
114.602
114.598
114.614
114.62
114.636
114.654
114.679
114.678
114.687
114.716
114.738
114.763
114.785
114.803
114.832
114.909
114.97
115.039
115.135
115.209
115.309
115.378
115.456
115.53
115.613
115.685
115.753
115.783
115.819
115.852
115.852
115.863
115.872
115.9
115.921
115.962
116.012
116.055
116.07
116.1
116.141
116.177
116.201
116.237
116.255
116.255
116.273
116.278
116.288
116.306
116.291
116.315
116.322
116.313
116.321
116.342
116.342
116.338
116.359
116.356
116.355
116.353
116.369
116.37
116.402
116.408
116.419
116.434
116.405
116.37
116.343
116.312
116.291
116.309
116.283
116.276
116.278
116.276
116.262
116.248
116.257
116.263
116.283
116.281
116.284
116.273
116.296
116.287
116.313
116.287
116.268
116.237
116.208
116.222
116.198
116.172
116.164
116.135
116.113
116.074
116.03
116.026
115.991
115.937
115.887
115.842
115.804
115.743
115.719
115.659
115.612
115.562
115.498
115.467
115.382
115.31
115.245
115.189
115.114
115.056
114.999
114.952
114.89
114.831
114.769
114.714
114.657
114.618
114.614
114.567
114.528
114.497
114.424
114.413
114.382
114.367
114.325
114.318
114.307
114.28
114.244
114.235
114.223
114.211
114.188
114.168
114.126
114.083
114.022
113.963
113.91
113.856
113.785
113.708
113.629
113.564
113.495
113.44
113.374
113.332
113.344
113.351
113.374
113.381
113.384
113.392
113.424
113.492
113.55
113.587
113.655
113.702
113.738
113.788
113.829
113.834
113.893
113.98
114.029
114.085
114.124
114.173
114.185
114.22
114.243
114.283
114.279
114.282
114.271
114.286
114.274
114.265
114.266
114.253
114.238
114.245
114.241
114.226
114.216
114.205
114.201
114.194
114.156
114.145
114.127
114.119
114.115
114.092
114.057
114.066
114.072
114.108
114.09
114.107
114.105
114.074
114.04
114.021
113.995
113.95
113.953
113.918
113.89
113.879
113.833
113.813
113.767
113.732
113.707
113.675
113.639
113.613
113.599
113.557
113.536
113.486
113.445
113.396
113.364
113.334
113.313
113.316
113.334
113.316
113.337
113.376
113.376
113.405
113.417
113.456
113.47
113.496
113.516
113.545
113.551
113.567
113.583
113.586
113.613
113.665
113.733
113.806
113.861
113.936
113.988
114.055
114.088
114.138
114.198
114.241
114.274
114.313
114.345
114.38
114.432
114.472
114.499
114.529
114.558
114.586
114.621
114.659
114.654
114.669
114.691
114.712
114.722
114.729
114.709
114.717
114.708
114.7
114.686
114.67
114.67
114.652
114.614
114.584
114.549
114.504
114.459
114.421
114.382
114.335
114.314
114.256
114.197
114.18
114.164
114.152
114.109
114.098
114.043
114.002
113.98
113.941
113.922
113.9
113.875
113.863
113.857
113.835
113.814
113.808
113.79
113.761
113.775
113.741
113.757
113.754
113.774
113.779
113.815
113.836
113.85
113.882
113.894
113.913
113.943
114.002
114.048
114.109
114.172
114.224
114.244
114.147
114.124
114.18
114.173
114.186
114.249
114.263
114.319
114.342
114.397
114.425
114.433
114.459
114.485
114.513
114.516
114.53
114.539
114.518
114.519
114.536
114.548
114.571
114.599
114.628
114.642
114.673
114.686
114.712
114.722
114.742
114.766
114.756
114.787
114.835
114.842
114.859
114.895
114.944
114.991
115.039
115.085
115.126
115.134
115.164
115.227
115.244
115.27
115.303
115.352
115.34
115.323
115.343
115.353
115.338
115.37
115.341
115.38
115.396
115.426
115.432
115.44
115.429
115.425
115.434
115.403
115.39
115.371
115.366
115.347
115.311
115.304
115.286
115.25
115.232
115.198
115.181
115.137
115.127
115.093
115.059
115.061
115.082
115.083
115.08
115.125
115.164
115.197
115.248
115.292
115.321
115.352
115.377
115.378
115.375
115.406
115.464
115.477
115.543
115.57
115.617
115.664
115.683
115.716
115.746
115.761
115.764
115.78
115.795
115.787
115.798
115.815
115.78
115.75
115.7
115.645
115.619
115.557
115.526
115.484
115.448
115.416
115.467
115.501
115.492
115.53
115.543
115.56
115.601
115.563
115.582
115.574
115.569
115.579
115.585
115.58
115.586
115.595
115.568
115.594
115.551
115.564
115.575
115.59
115.639
115.685
115.725
115.735
115.725
115.729
115.715
115.718
115.69
115.681
115.697
115.714
115.741
115.747
115.75
115.775
115.745
115.761
115.76
115.777
115.794
115.804
115.793
115.842
115.873
115.901
115.925
115.927
115.963
115.999
115.997
116.027
116.038
116.055
116.065
116.069
116.091
116.113
116.144
116.157
116.179
116.177
116.207
116.265
116.31
116.386
116.399
116.348
116.302
116.367
116.395
116.431
116.466
116.5
116.504
116.534
116.564
116.595
116.613
116.61
116.594
116.603
116.618
116.636
116.621
116.613
116.635
116.671
116.667
116.686
116.696
116.726
116.706
116.683
116.689
116.682
116.642
116.637
116.629
116.595
116.57
116.541
116.527
116.478
116.485
116.517
116.528
116.539
116.564
116.574
116.577
116.52
116.489
116.456
116.427
116.393
116.385
116.344
116.32
116.309
116.274
116.236
116.198
116.165
116.12
116.089
116.026
115.963
115.903
115.86
115.807
115.763
115.705
115.643
115.603
115.543
115.475
115.424
115.356
115.318
115.248
115.18
115.133
115.085
115.037
114.972
114.918
114.878
114.82
114.741
114.698
114.617
114.558
114.504
114.432
114.372
114.302
114.259
114.223
114.158
114.143
114.17
114.197
114.206
114.225
114.265
114.263
114.289
114.309
114.308
114.302
114.326
114.355
114.426
114.478
114.533
114.612
114.663
114.725
114.8
114.862
114.906
114.951
114.991
115.049
115.08
115.127
115.15
115.201
115.223
115.232
115.261
115.248
115.238
115.225
115.222
115.193
115.173
115.139
115.119
115.079
115.062
115.01
114.972
114.94
114.904
114.867
114.825
114.777
114.732
114.688
114.669
114.683
114.685
114.678
114.701
114.706
114.652
114.643
114.596
114.581
114.545
114.506
114.49
114.451
114.423
114.389
114.342
114.292
114.257
114.227
114.207
114.162
114.114
114.069
114.035
113.962
113.935
113.945
113.939
113.947
113.95
113.944
113.941
113.936
113.921
113.918
113.92
113.921
113.919
113.906
113.904
113.907
113.925
113.948
113.95
113.98
113.984
114.033
114.027
114.031
114.055
114.037
114.037
114.03
114.075
114.111
114.138
114.163
114.198
114.229
114.242
114.265
114.259
114.248
114.235
114.202
114.175
114.159
114.135
114.127
114.109
114.093
114.097
114.095
114.092
114.069
114.052
114.034
113.98
113.935
113.915
113.836
113.788
113.724
113.672
113.608
113.563
113.561
113.571
113.571
113.565
113.55
113.534
113.502
113.458
113.395
113.327
113.267
113.202
113.126
113.063
113.027
112.989
112.964
112.975
112.952
112.953
112.942
112.933
112.907
112.88
112.872
112.822
112.819
112.829
112.799
112.759
112.711
112.66
112.685
112.679
112.668
112.66
112.666
112.654
112.632
112.622
112.603
112.596
112.607
112.628
112.626
112.634
112.646
112.653
112.637
112.65
112.641
112.627
112.635
112.701
112.701
112.717
112.732
112.742
112.755
112.771
112.784
112.816
112.847
112.857
112.866
112.869
112.884
112.894
112.896
112.902
112.9
112.916
112.9
112.898
112.892
112.903
112.946
113.008
113.059
113.101
113.13
113.134
113.156
113.145
113.132
113.134
113.133
113.128
113.112
113.148
113.228
113.275
113.362
113.374
113.439
113.466
113.533
113.562
113.598
113.611
113.591
113.561
113.583
113.609
113.643
113.705
113.734
113.772
113.774
113.796
113.819
113.792
113.813
113.782
113.782
113.773
113.76
113.788
113.791
113.799
113.799
113.815
113.82
113.821
113.815
113.832
113.801
113.826
113.81
113.814
113.817
113.815
113.795
113.815
113.816
113.812
113.812
113.815
113.819
113.835
113.822
113.835
113.832
113.832
113.811
113.809
113.794
113.824
113.823
113.832
113.81
113.82
113.805
113.797
113.803
113.823
113.84
113.858
113.876
113.869
113.893
113.915
113.938
113.979
114.093
114.226
114.33
114.428
114.529
114.628
114.713
114.802
114.876
114.974
115.031
115.111
115.157
115.218
115.244
115.308
115.346
115.405
115.446
115.481
115.516
115.542
115.594
115.606
115.653
115.65
115.685
115.676
115.69
115.7
115.695
115.711
115.744
115.798
115.831
115.9
115.945
115.952
115.943
115.979
115.979
115.967
115.974
115.961
115.941
115.937
115.899
115.881
115.858
115.839
115.81
115.77
115.739
115.713
115.662
115.632
115.58
115.513
115.415
115.383
115.349
115.329
115.297
115.269
115.25
115.214
115.208
115.184
115.177
115.12
115.061
115.01
114.971
114.909
114.867
114.842
114.79
114.745
114.687
114.646
114.61
114.572
114.549
114.523
114.497
114.471
114.443
114.442
114.397
114.382
114.36
114.344
114.313
114.285
114.261
114.24
114.226
114.241
114.268
114.296
114.343
114.376
114.405
114.465
114.516
114.58
114.638
114.702
114.754
114.809
114.84
114.888
114.912
114.962
114.991
114.987
114.983
114.997
115.006
114.989
114.979
114.969
114.948
114.938
114.946
114.938
114.939
114.932
114.917
114.928
114.931
114.927
114.916
114.915
114.905
114.883
114.909
114.916
114.944
114.97
114.994
115.021
115.037
115.076
115.093
115.113
115.14
115.152
115.167
115.192
115.195
115.206
115.207
115.23
115.215
115.218
115.21
115.21
115.221
115.204
115.191
115.22
115.272
115.271
115.31
115.343
115.373
115.415
115.474
115.498
115.516
115.547
115.58
115.623
115.665
115.707
115.728
115.775
115.807
115.87
115.894
115.931
115.983
116.037
116.073
116.118
116.155
116.187
116.246
116.29
116.313
116.365
116.457
116.549
116.669
116.737
116.799
116.829
116.882
116.938
116.985
117.032
117.075
117.112
117.144
117.194
117.2
117.21
117.232
117.24
117.231
117.224
117.219
117.208
117.188
117.175
117.19
117.227
117.255
117.263
117.294
117.293
117.308
117.298
117.31
117.302
117.302
117.315
117.349
117.361
117.335
117.322
117.31
117.293
117.298
117.275
117.267
117.224
117.204
117.181
117.136
117.121
117.097
117.093
117.086
117.111
117.128
117.132
117.14
117.136
117.118
117.065
117.036
116.971
116.964
116.939
116.917
116.935
116.893
116.883
116.848
116.828
116.808
116.809
116.807
116.799
116.785
116.778
116.788
116.782
116.809
116.803
116.782
116.763
116.742
116.718
116.738
116.757
116.76
116.79
116.821
116.845
116.884
116.863
116.844
116.845
116.822
116.821
116.855
116.815
116.779
116.765
116.759
116.732
116.719
116.685
116.672
116.636
116.632
116.584
116.561
116.516
116.476
116.459
116.406
116.386
116.323
116.283
116.265
116.252
116.197
116.179
116.146
116.115
116.076
116.036
115.996
115.968
115.98
115.964
115.942
115.968
115.944
115.957
115.938
115.972
116.018
116.043
116.064
116.063
116.067
116.079
116.078
116.059
116.039
116.032
116.013
115.989
115.954
115.94
115.913
115.894
115.869
115.856
115.825
115.798
115.719
115.715
115.686
115.657
115.655
115.621
115.606
115.602
115.594
115.588
115.563
115.548
115.623
115.799
115.947
116.12
116.274
116.426
116.569
116.72
116.856
116.998
117.129
117.268
117.389
117.53
117.677
117.811
117.927
118.045
118.18
118.316
118.5
118.669
118.853
119.049
119.192
119.354
119.499
119.68
119.851
119.97
120.138
120.268
120.411
120.571
120.73
120.894
121.04
121.209
121.312
121.464
121.652
121.848
122.016
122.165
122.387
122.545
122.741
122.915
123.077
123.257
123.443
123.661
123.869
124.075
124.263
124.438
124.649
124.815
124.97
125.131
125.303
125.454
125.601
125.763
125.902
126.068
126.253
126.417
126.561
126.743
126.866
127.018
127.158
127.287
127.44
127.561
127.698
127.801
127.931
128.045
128.165
128.271
128.399
128.503
128.594
128.719
128.824
128.948
129.054
129.161
129.261
129.362
129.464
129.534
129.646
129.775
129.888
129.988
130.064
130.19
130.294
130.393
130.493
130.591
130.702
130.783
130.913
131.01
131.082
131.182
131.25
131.33
131.412
131.508
131.599
131.704
131.826
131.955
132.054
132.145
132.234
132.317
132.437
132.521
132.589
132.653
132.73
132.803
132.9
132.964
133.041
133.086
133.172
133.212
133.281
133.332
133.386
133.426
133.484
133.537
133.589
133.626
133.668
133.699
133.732
133.777
133.82
133.861
133.902
133.955
134.017
134.09
134.129
134.207
134.245
134.297
134.341
134.406
134.424
134.472
134.477
134.545
134.56
134.598
134.636
134.676
134.68
134.705
134.698
134.738
134.743
134.764
134.708
134.707
134.721
134.731
134.755
134.77
134.803
134.816
134.831
134.843
134.869
134.882
134.894
134.911
134.932
134.936
134.944
134.961
134.965
135.04
135.109
135.163
135.233
135.288
135.354
135.383
135.393
135.44
135.468
135.501
135.511
135.566
135.586
135.638
135.667
135.686
135.719
135.745
135.766
135.782
135.801
135.829
135.807
135.829
135.837
135.845
135.831
135.84
135.831
135.829
135.82
135.803
135.805
135.8
135.823
135.837
135.859
135.875
135.884
135.896
135.904
135.904
135.92
135.91
135.958
135.997
136.034
136.057
136.084
136.112
136.139
136.166
136.196
136.22
136.233
136.245
136.263
136.269
136.297
136.297
136.308
136.308
136.312
136.321
136.335
136.337
136.344
136.372
136.368
136.376
136.385
136.398
136.4
136.404
136.426
136.451
136.484
136.507
136.507
136.531
136.57
136.588
136.607
136.613
136.622
136.621
136.63
136.643
136.641
136.652
136.667
136.687
136.726
136.749
136.795
136.828
136.867
136.896
136.936
136.947
136.977
137.044
137.108
137.128
137.196
137.218
137.258
137.307
137.344
137.368
137.394
137.423
137.461
137.447
137.484
137.514
137.517
137.558
137.585
137.648
137.714
137.781
137.855
137.922
137.976
138.049
138.126
138.178
138.234
138.294
138.353
138.405
138.49
138.572
138.663
138.742
138.828
138.888
138.965
139.037
139.104
139.177
139.301
139.39
139.487
139.572
139.644
139.709
139.774
139.856
139.905
139.973
140.039
140.081
140.151
140.184
140.247
140.295
140.333
140.38
140.453
140.499
140.535
140.577
140.603
140.648
140.696
140.725
140.769
140.804
140.806
140.863
140.887
140.907
140.931
140.953
140.988
141.033
141.047
141.065
141.087
141.083
141.103
141.114
141.109
141.121
141.108
141.13
141.15
141.137
141.189
141.209
141.227
141.229
141.32
141.453
141.571
141.694
141.804
141.926
142.035
142.151
142.258
142.375
142.482
142.583
142.694
142.779
142.868
142.96
143.058
143.142
143.218
143.312
143.384
143.467
143.533
143.63
143.705
143.767
143.807
143.884
143.98
144.069
144.173
144.252
144.327
144.412
144.486
144.57
144.655
144.748
144.822
144.893
144.969
145.042
145.125
145.192
145.264
145.352
145.418
145.461
145.63
145.854
146.078
146.28
146.498
146.717
146.895
147.124
147.288
147.477
147.675
147.932
148.157
148.344
148.526
148.707
148.912
149.091
149.246
149.429
149.587
149.743
149.9
150.062
150.205
150.392
150.57
150.756
150.904
151.075
151.238
151.402
151.572
151.759
151.998
152.169
152.319
152.298
152.475
152.632
152.782
153.014
153.255
153.478
153.756
154.017
154.248
154.483
154.696
154.892
155.087
155.252
155.41
155.639
155.855
156.059
156.221
156.385
156.559
156.693
156.853
157.039
157.22
157.41
157.638
157.842
158.027
158.233
158.44
158.629
158.807
158.994
159.185
159.328
159.503
159.669
159.888
160.09
160.209
160.458
160.706
160.952
161.209
161.425
161.661
161.865
162.092
162.331
162.554
162.795
163.007
163.217
163.442
163.646
163.84
163.996
164.133
164.285
164.423
164.566
164.702
164.847
164.987
165.117
165.26
165.421
165.546
165.676
165.813
165.961
166.089
166.216
166.337
166.455
166.546
166.688
166.816
166.965
167.089
167.224
167.349
167.496
167.723
167.958
168.221
168.56
168.907
169.237
169.562
169.88
170.205
170.53
170.85
171.156
171.456
171.635
171.822
171.992
172.289
172.637
172.979
173.314
173.643
173.962
174.272
174.576
174.87
175.157
175.416
175.674
175.925
176.169
176.405
176.634
176.855
177.069
177.275
177.477
177.671
177.861
178.046
178.229
178.397
178.557
178.721
178.884
179.045
179.203
179.364
179.529
179.681
179.835
179.987
180.135
180.283
180.429
180.576
180.714
180.854
181.02
181.215
181.4
181.583
181.76
181.935
182.11
182.278
182.447
182.617
182.784
182.956
183.174
183.42
183.663
183.9
184.134
184.362
184.586
184.818
185.107
185.39
185.67
185.943
186.209
186.468
186.723
186.972
187.216
187.455
187.689
187.918
188.138
188.356
188.572
188.783
188.83
188.854
189
189.195
189.39
189.587
189.783
189.969
190.155
190.339
190.519
190.698
190.874
191.046
191.218
191.209
191.229
191.184
191.307
191.46
191.613
191.762
191.921
192.154
192.392
192.628
192.875
193.088
193.31
193.553
193.844
194.216
194.579
194.937
195.289
195.636
195.912
196.252
196.584
196.915
197.239
197.56
197.92
198.339
198.752
198.981
199.228
199.47
199.816
200.201
200.583
200.974
201.367
201.736
202.042
202.422
202.796
203.166
203.527
203.88
204.225
204.553
204.883
205.25
205.471
205.818
206.187
206.548
206.905
207.256
207.597
207.774
207.997
208.323
208.646
208.963
209.276
209.585
209.885
210.182
210.474
210.758
211.034
211.303
211.565
211.825
212.04
212.247
212.512
212.77
213.025
213.047
213.157
213.403
213.621
213.793
214.023
214.188
214.365
214.544
214.716
214.902
215.086
215.286
215.485
215.682
215.877
216.071
216.266
216.458
216.634
216.81
217.004
217.199
217.393
217.588
217.782
217.972
218.159
218.341
218.5
218.638
218.834
219.029
219.185
219.341
219.531
219.691
219.821
220.004
220.184
220.362
220.536
220.708
220.877
221.044
221.209
221.373
221.535
221.697
221.859
222.021
222.182
222.344
222.506
222.67
222.834
222.998
223.162
223.327
223.491
223.653
223.81
223.963
224.116
224.268
