0.0296631
0.067611
0.0974259
0.127227
0.152891
0.178597
0.204288
0.230016
0.255726
0.281428
0.307174
0.332928
0.358685
0.384431
0.410186
0.436001
0.46175
0.487482
0.513243
0.539007
0.564715
0.590439
0.616183
0.641949
0.667719
0.693426
0.719158
0.744906
0.770658
0.796394
0.822146
0.847918
0.873724
0.899487
0.925231
0.951011
0.9768
1.00276
1.02855
1.05438
1.08032
1.10617
1.13195
1.15771
1.1835
1.20925
1.23506
1.26087
1.28663
1.31238
1.33812
1.36392
1.38971
1.41545
1.44122
1.46701
1.49275
1.5185
1.54427
1.57006
1.59582
1.6216
1.64736
1.67312
1.69888
1.72465
1.75045
1.7762
1.80198
1.82776
1.85357
1.8795
1.90531
1.93111
1.95687
1.98267
2.00847
2.03425
2.06002
2.08579
2.11155
2.13732
2.16309
2.18886
2.21467
2.24046
2.26629
2.29208
2.31785
2.34362
2.36935
2.39513
2.42096
2.44683
2.47255
2.49833
2.52411
2.54993
2.57573
2.60155
2.62733
2.6531
2.67886
2.70457
2.73028
2.75602
2.78176
2.8075
2.83325
2.85905
2.88493
2.91071
2.9365
2.96228
2.98805
3.01384
3.03957
3.06533
3.09109
3.11683
3.14263
3.16837
3.19409
3.21987
3.24566
3.27146
3.2973
3.32312
3.34894
3.37473
3.40051
3.42629
3.45203
3.47775
3.50353
3.5293
3.55505
3.58088
3.60671
3.63251
3.65828
3.68403
3.70975
3.73554
3.76134
3.78713
3.8129
3.8387
3.86448
3.89031
3.91611
3.9419
3.9677
3.99345
4.01927
4.0451
4.07088
4.09663
4.12241
4.1482
4.174
4.1998
4.22557
4.25138
4.27724
4.30309
4.32883
4.35461
4.38039
4.40616
4.43194
4.45773
4.48348
4.50932
4.53514
4.56094
4.58671
4.61249
4.63839
4.66425
4.69005
4.71577
4.7415
4.76724
4.79294
4.81864
4.84439
4.87016
4.89594
4.92167
4.94742
4.97322
4.99897
5.02478
5.05059
5.07635
5.10209
5.12786
5.15364
5.17942
5.20519
5.23096
5.25668
5.28244
5.30822
5.334
5.35977
5.38556
5.41141
5.43719
5.46306
5.48881
5.5146
5.54038
5.56621
5.59198
5.61775
5.64356
5.66933
5.69511
5.7209
5.74668
5.77251
5.79829
5.82405
5.84982
5.8756
5.9015
5.9273
5.95314
5.97893
6.00472
6.03051
6.05628
6.08204
6.1078
6.13355
6.15933
6.18508
6.21083
6.23664
6.26241
6.28819
6.31398
6.33977
6.36557
6.39141
6.41722
6.44301
6.46878
6.49455
6.52037
6.54609
6.57184
6.59765
6.6234
6.64923
6.67501
6.70078
6.7265
6.75225
6.77802
6.80379
6.82957
6.85541
6.88118
6.90698
6.93276
6.95852
6.98425
7.00999
7.0357
7.06147
7.08723
7.11294
7.13868
7.16441
7.1902
7.216
7.24176
7.26751
7.29329
7.31909
7.34483
7.37058
7.39636
7.42209
7.44782
7.47363
7.49938
7.52515
7.55098
7.57673
7.60244
7.62821
7.65394
7.67966
7.70541
7.73117
7.75695
7.78273
7.80849
7.83435
7.86016
7.88595
7.91169
7.93749
7.96325
7.98899
8.01473
8.04048
8.06627
8.09207
8.11786
8.14364
8.16947
8.19526
8.22103
8.24681
8.27259
8.29835
8.32414
8.34996
8.37572
8.40147
8.42722
8.453
8.47878
8.50456
8.53035
8.55611
8.58189
8.60767
8.6335
8.65929
8.68509
8.71083
8.73651
8.76227
8.78809
8.8139
8.83967
8.86544
8.89123
8.91701
8.94278
8.96856
8.99433
9.02008
9.04584
9.0716
9.09738
9.12315
9.14974
9.18295
9.2087
9.23442
9.26016
9.28597
9.31176
9.33768
9.3635
9.38931
9.4151
9.4409
9.4667
9.49249
9.51832
9.54409
9.56985
9.59568
9.6215
9.64733
9.67319
9.69902
9.7248
9.75056
9.77635
9.80217
9.82791
9.8537
9.87944
9.90519
9.93101
9.95681
9.98261
10.0084
10.0342
10.06
10.0858
10.1116
10.1375
10.1633
10.1891
10.215
10.2407
10.2665
10.2923
10.318
10.3438
10.3696
10.3954
10.4212
10.447
10.4728
10.4986
10.5244
10.5502
10.5759
10.6017
10.6275
10.6533
10.6791
10.7049
10.7308
10.7565
10.7823
10.8081
10.8339
10.8597
10.8855
10.9114
10.9373
10.963
10.9889
11.0147
11.0404
11.0662
11.092
11.1177
11.1436
11.1693
11.1951
11.2209
11.2467
11.2724
11.2982
11.3239
11.3497
11.3755
11.4012
11.427
11.4528
11.4786
11.5043
11.5301
11.5559
11.5817
11.6075
11.6332
11.659
11.6848
11.7106
11.7364
11.7622
11.7879
11.8138
11.8395
11.8653
11.8911
11.9169
11.9426
11.9684
11.9941
12.0199
12.0457
12.0715
12.0973
12.1231
12.1489
12.1747
12.2005
12.2263
12.252
12.2779
12.3037
12.3294
12.3552
12.381
12.4068
12.4326
12.4585
12.4843
12.5101
12.5358
12.5616
12.5874
12.6132
12.639
12.6648
12.6906
12.7163
12.742
12.7677
12.7935
12.8194
12.8452
12.8709
12.8967
12.9225
12.9483
12.9741
12.9999
13.0257
13.0515
13.0773
13.1031
13.1289
13.1547
13.1805
13.2063
13.232
13.2578
13.2836
13.3094
13.3352
13.361
13.3868
13.4126
13.4383
13.4641
13.4898
13.5156
13.5414
13.5672
13.5929
13.6188
13.6446
13.6704
13.6961
13.7219
13.7477
13.7735
13.7994
13.8251
13.8509
13.8767
13.9025
13.9283
13.9541
13.9799
14.0057
14.0315
14.0573
14.0837
14.1095
14.1353
14.1611
14.1869
14.2127
14.2385
14.2643
14.2901
14.3159
14.3417
14.3675
14.3933
14.419
14.4448
14.4707
14.4964
14.5222
14.548
14.5738
14.5995
14.6253
14.6629
14.6886
14.7144
14.7401
14.7658
14.7916
14.8174
14.8433
14.8691
14.8948
14.9206
14.9464
14.9721
14.9979
15.0237
15.0494
15.0752
15.101
15.1267
15.1525
15.1783
15.2041
15.2298
15.2556
15.2814
15.3072
15.333
15.3588
15.3845
15.4103
15.4361
15.4619
15.4877
15.5135
15.5393
15.565
15.5908
15.6165
15.6423
15.668
15.6938
15.7197
15.7454
15.7712
15.797
15.8228
15.8486
15.8744
15.9002
15.926
15.9518
15.9775
16.0033
16.0291
16.0549
16.0806
16.1064
16.1322
16.158
16.1838
16.2096
16.2355
16.2613
16.2871
16.3128
16.3386
16.3644
16.3902
16.4161
16.4418
16.4676
16.4934
16.5192
16.5449
16.5707
16.5964
16.6222
16.648
16.6738
16.6996
16.7253
16.751
16.7767
16.8025
16.8282
16.854
16.8798
16.9056
16.9314
16.9572
16.983
17.0088
17.0346
17.0604
17.0862
17.1119
17.1377
17.1635
17.1893
17.2151
17.241
17.2667
17.2925
17.3182
17.344
17.3698
17.3955
17.4213
17.447
17.4728
17.4985
17.5243
17.5501
17.5759
17.6016
17.6273
17.6531
17.6788
17.7045
17.7302
17.756
17.7817
17.8075
17.8332
17.859
17.8847
17.9105
17.9362
17.962
17.9878
18.0135
18.0393
18.065
18.0908
18.1167
18.1424
18.1682
18.194
18.2197
18.2455
18.2713
18.297
18.3227
18.3485
18.3742
18.4
18.4258
18.4515
18.4773
18.5031
18.5288
18.5546
18.5803
18.6061
18.6319
18.6576
18.6834
18.7091
18.7349
18.7606
18.7864
18.8123
18.8382
18.8639
18.8896
18.9154
18.9412
18.9669
18.9927
19.0185
19.0442
19.0699
19.0957
19.1215
19.1472
19.173
19.1988
19.2245
19.2502
19.276
19.3018
19.3275
19.3533
19.3791
19.4048
19.4306
19.4563
19.4821
19.5079
19.5337
19.5594
19.5852
19.611
19.6367
19.6625
19.6883
19.7141
19.7399
19.7656
19.7913
19.8171
19.8429
19.8687
19.8945
19.9271
19.9529
19.9786
20.0044
20.0302
20.0559
20.0817
20.1075
20.1332
20.159
20.1847
20.2104
20.2362
20.262
20.2877
20.3135
20.3393
20.3651
20.3908
20.4166
20.4424
20.4681
20.4938
20.5196
20.5453
20.571
20.5969
20.6226
20.6484
20.6742
20.6999
20.7257
20.7514
20.7771
20.8029
20.8286
20.8544
20.8801
20.9059
20.9317
20.9574
20.9831
21.0089
21.0346
21.0604
21.0861
21.1118
21.1376
21.1633
21.1891
21.2149
21.2406
21.2663
21.2922
21.318
21.3437
21.3695
21.3954
21.4211
21.4469
21.4726
21.4984
21.5241
21.5499
21.5756
21.6014
21.6271
21.6528
21.6786
21.7044
21.7302
21.7559
21.7816
21.8074
21.8331
21.8589
21.8847
21.9105
21.9362
21.9619
21.9877
22.0134
22.0392
22.0649
22.0906
22.1163
22.1422
22.168
22.1938
22.2196
22.2454
22.2712
22.2969
22.3227
22.3484
22.3742
22.4
22.4257
22.4515
22.4773
22.5031
22.5288
22.5546
22.5804
22.6062
22.6319
22.6577
22.6834
22.7092
22.735
22.7608
22.7866
22.8124
22.8381
22.864
22.8897
22.9155
22.9412
22.9671
22.9928
23.0186
23.0443
23.0701
23.0959
23.1217
23.1475
23.1733
23.1991
23.2248
23.2506
23.2764
23.3022
23.328
23.3538
23.3796
23.4054
23.4311
23.4569
23.4828
23.5085
23.5343
23.56
23.5858
23.6116
23.6374
23.6632
23.689
23.7147
23.7405
23.7663
23.7921
23.8179
23.8437
23.8695
23.8952
23.921
23.9468
23.9726
23.9984
24.0241
24.0499
24.0757
24.1014
24.1272
24.153
24.1788
24.2046
24.2303
24.2561
24.2818
24.3076
24.3333
24.3591
24.3849
24.4106
24.4364
24.4622
24.488
24.5137
24.5395
24.5653
24.5911
24.6169
24.6426
24.6684
24.6942
24.7199
24.7457
24.7715
24.7973
24.8231
24.8489
24.8747
24.9004
24.9262
24.952
24.9777
25.0035
25.0294
25.0552
25.081
25.1067
25.1325
25.1583
25.184
25.2098
25.2356
25.2614
25.2871
25.3129
25.3387
25.3644
25.3902
25.4161
25.4419
25.4677
25.4935
25.5193
25.5451
25.5709
25.5967
25.6225
25.6482
25.6741
25.6999
25.7257
25.7514
25.7772
25.803
25.8287
25.8546
25.8804
25.9062
25.9319
25.9577
25.9835
26.0093
26.0351
26.0609
26.0866
26.1124
26.1382
26.164
26.1897
26.2155
26.2413
26.2672
26.293
26.3188
26.3446
26.3703
26.396
26.4218
26.4476
26.4734
26.4991
26.5249
26.5507
26.5765
26.6022
26.628
26.6538
26.6798
26.7055
26.7313
26.7571
26.7829
26.8087
26.8344
26.8602
26.886
26.9118
26.9377
26.9635
26.9893
27.0151
27.0409
27.0668
27.0926
27.1184
27.1442
27.17
27.1958
27.2215
27.2473
27.2731
27.299
27.3247
27.3505
27.3763
27.402
27.4278
27.4535
27.4793
27.5051
27.5308
27.5566
27.5823
27.608
27.6338
27.6596
27.6853
27.7111
27.7368
27.7627
27.7885
27.8144
27.8401
27.8659
27.8917
27.9175
27.9432
27.969
27.9948
28.0206
28.0464
28.0721
28.0979
28.1237
28.1495
28.1752
28.201
28.2267
28.2525
28.2783
28.304
28.3298
28.3556
28.3813
28.4071
28.4328
28.4586
28.4843
28.5101
28.5358
28.5616
28.5874
28.6131
28.6389
28.6646
28.6904
28.7161
28.7417
28.7675
28.7932
28.819
28.8448
28.8706
28.8964
28.9222
28.9479
28.9737
28.9995
29.0253
29.0511
29.0769
29.1026
29.1284
29.1542
29.18
29.2058
29.2316
29.2573
29.2834
29.3092
29.335
29.3608
29.3865
29.4123
29.4381
29.4639
29.4896
29.5154
29.5412
29.567
29.5928
29.6186
29.6444
29.6702
29.6959
29.7218
29.7476
29.7734
29.7991
29.8249
29.8507
29.8764
29.9022
29.928
29.9538
29.9796
30.0053
30.0311
30.0569
30.0827
30.1084
30.1342
30.16
30.1858
30.2116
30.2374
30.2632
30.2889
30.3147
30.3405
30.3663
30.392
30.4178
30.4435
30.4694
30.4952
30.521
30.5468
30.5725
30.5984
30.6241
30.6499
30.6756
30.7013
30.727
30.7527
30.7785
30.8042
30.8299
30.8557
30.8815
30.9073
30.933
30.9588
30.9845
31.0102
31.036
31.0618
31.0876
31.1134
31.1392
31.165
31.1908
31.2167
31.2425
31.2682
31.294
31.3198
31.3456
31.3713
31.3971
31.4229
31.4486
31.4744
31.5001
31.5259
31.5517
31.5775
31.6033
31.6291
31.6549
31.6806
31.7064
31.7321
31.7579
31.7836
31.8094
31.8352
31.861
31.8867
31.9125
31.9383
31.964
31.9898
32.0156
32.0413
32.0671
32.0928
32.1186
32.1444
32.1703
32.196
32.2218
32.2476
32.2734
32.2992
32.325
32.3508
32.3765
32.4022
32.428
32.4538
32.4795
32.5053
32.5311
32.5569
32.5826
32.6084
32.6342
32.66
32.6857
32.7114
32.7372
32.7629
32.7887
32.8144
32.8402
32.866
32.8917
32.9175
32.9432
32.969
32.9948
33.0205
33.0463
33.072
33.0978
33.1236
33.1494
33.1751
33.2009
33.2267
33.2524
33.2782
33.304
33.3298
33.3555
33.3813
33.4072
33.433
33.4588
33.4846
33.5104
33.5362
33.5621
33.5879
33.6137
33.6395
33.6653
33.6911
33.7169
33.7427
33.7685
33.7943
33.82
33.8458
33.8715
33.8974
33.9233
33.949
33.9748
34.0006
34.0263
34.0521
34.0779
34.1037
34.1295
34.1553
34.1811
34.207
34.2328
34.2585
34.2843
34.3101
34.3359
34.3617
34.3874
34.4132
34.4391
34.4648
34.4906
34.5163
34.5421
34.5679
34.5937
34.6195
34.6453
34.671
34.6968
34.7225
34.7482
34.774
34.7997
34.8353
34.861
34.8868
34.9126
34.9383
34.9641
34.9898
35.0155
35.0412
35.067
35.0927
35.1184
35.1442
35.1699
35.1956
35.2214
35.2472
35.2729
35.2987
35.3245
35.3502
35.376
35.4017
35.4275
35.4533
35.4791
35.5048
35.5306
35.5563
35.5821
35.6079
35.6337
35.6595
35.6852
35.711
35.7368
35.7625
35.7883
35.8141
35.8398
35.8656
35.8914
35.9172
35.943
35.9688
35.9945
36.0203
36.046
36.0718
36.0976
36.1234
36.1491
36.1749
36.2007
36.2265
36.2523
36.2781
36.3039
36.3297
36.3555
36.3812
36.407
36.4328
36.4586
36.4844
36.5101
36.5358
36.5616
36.5874
36.6132
36.6389
36.6647
36.6905
36.7162
36.742
36.7678
36.7935
36.8193
36.845
36.8708
36.8966
36.9223
36.9481
36.9739
36.9996
37.0254
37.0512
37.0769
37.1027
37.1284
37.1542
37.1799
37.2057
37.2314
37.2571
37.2829
37.3087
37.3344
37.3602
37.386
37.4118
37.4375
37.4633
37.489
37.5148
37.5406
37.5664
37.5922
37.618
37.6437
37.6694
37.6952
37.7513
37.7771
37.8029
37.8287
37.8545
37.8802
37.906
37.9318
37.9576
37.9833
38.0091
38.0349
38.0606
38.0864
38.1122
38.138
38.1637
38.1895
38.2153
38.2411
38.267
38.2928
38.3186
38.3444
38.3702
38.396
38.4219
38.4477
38.4734
38.4992
38.525
38.5508
38.5765
38.6023
38.6281
38.6538
38.6796
38.7053
38.7311
38.7569
38.7827
38.8085
38.8343
38.86
38.8857
38.9115
38.9374
38.9632
38.9889
39.0147
39.0405
39.0663
39.0921
39.1179
39.1437
39.1695
39.1953
39.221
39.2467
39.2725
39.2982
39.324
39.3498
39.3755
39.4013
39.4271
39.4528
39.4786
39.5044
39.5302
39.556
39.5817
39.6075
39.6333
39.6591
39.6848
39.7106
39.7364
39.7622
39.7879
39.8138
39.8395
39.8653
39.8911
39.9169
39.9427
39.9684
39.9942
40.0199
40.0457
40.0715
40.0973
40.1231
40.1489
40.1747
40.2005
40.2262
40.252
40.2777
40.3035
40.3293
40.355
40.3808
40.4065
40.4323
40.4581
40.4838
40.5097
40.5355
40.5613
40.5871
40.6129
40.6387
40.6645
40.6902
40.716
40.7417
40.7674
40.7931
40.8189
40.8447
40.8873
40.9131
40.9389
40.9647
40.9904
41.0161
41.0419
41.0677
41.0935
41.1193
41.1451
41.1709
41.1967
41.2225
41.2482
41.274
41.2998
41.3257
41.3515
41.3772
41.403
41.4287
41.4545
41.4803
41.5061
41.5319
41.5577
41.5835
41.6093
41.6351
41.6609
41.6867
41.7124
41.7382
41.7641
41.7899
41.8157
41.8415
41.8674
41.8931
41.9189
41.9447
41.9705
41.9963
42.0221
42.0479
42.0737
42.0995
42.1252
42.1511
42.1769
42.2027
42.2285
42.2543
42.2801
42.306
42.3317
42.3575
42.3833
42.4091
42.4349
42.4607
42.4865
42.5123
42.5381
42.5639
42.5897
42.6155
42.6413
42.6671
42.6929
42.7188
42.7445
42.7703
42.7961
42.8219
42.8477
42.8735
42.8993
42.9251
42.9509
42.9767
43.0025
43.0283
43.0541
43.0799
43.1056
43.1315
43.1572
43.1831
43.2089
43.2347
43.2605
43.2863
43.3121
43.3379
43.3637
43.3895
43.4154
43.4411
43.467
43.4928
43.5185
43.5443
43.5702
43.596
43.6217
43.6475
43.6733
43.6991
43.7249
43.7507
43.7765
43.8023
43.8281
43.8539
43.8797
43.9056
43.9315
43.9572
43.983
44.0087
44.0345
44.0603
44.0862
44.1119
44.1377
44.1635
44.1893
44.2151
44.2409
44.2667
44.2925
44.3183
44.3441
44.3698
44.3957
44.4215
44.4473
44.4731
44.4989
44.5247
44.5504
44.5762
44.602
44.6279
44.6537
44.6795
44.7052
44.731
44.7567
44.7825
44.8083
44.8341
44.8599
44.8857
44.9115
44.9373
44.9631
44.9888
45.0146
45.0404
45.0661
45.0919
45.1177
45.1435
45.1693
45.1951
45.2208
45.2467
45.2725
45.2983
45.3241
45.3499
45.3757
45.4014
45.4272
45.453
45.4788
45.5046
45.5304
45.5562
45.582
45.6078
45.6336
45.6594
45.6852
45.711
45.7367
45.7624
45.7882
45.814
45.8398
45.8656
45.8914
45.9171
45.9429
45.9687
45.9945
46.0205
46.0463
46.072
46.0978
46.1235
46.1493
46.1751
46.2008
46.2266
46.2524
46.2782
46.304
46.3298
46.3556
46.3813
46.4071
46.4329
46.4587
46.4845
46.5102
46.536
46.5617
46.5875
46.6132
46.639
46.6647
46.6905
46.7163
46.742
46.7678
46.7936
46.8194
46.8452
46.8709
46.8967
46.9225
46.9483
46.974
46.9998
47.0256
47.0514
47.0772
47.103
47.1288
47.1546
47.1804
47.2062
47.2319
47.2578
47.2835
47.3093
47.3351
47.3608
47.3866
47.4123
47.4381
47.4638
47.4896
47.5153
47.541
47.5668
47.5926
47.6183
47.644
47.6697
47.6955
47.7212
47.747
47.7727
47.7986
47.8244
47.8502
47.8759
47.9016
47.9274
47.9531
47.9789
48.0047
48.0304
48.0561
48.0819
48.1076
48.1334
48.1592
48.1849
48.2106
48.2364
48.2622
48.288
48.3137
48.3395
48.3653
48.3911
48.4168
48.4426
48.4684
48.4941
48.5199
48.5456
48.5714
48.5972
48.623
48.6487
48.6744
48.7001
48.7259
48.7516
48.7774
48.8032
48.829
48.8547
48.8805
48.9063
48.932
48.9578
48.9836
49.0094
49.0351
49.0609
49.0867
49.1124
49.1382
49.164
49.1897
49.2155
49.2412
49.267
49.2927
49.3185
49.3442
49.37
49.3958
49.4216
49.4473
49.4731
49.4988
49.5246
49.5504
49.5762
49.6019
49.6276
49.6534
49.6792
49.7049
49.7307
49.7564
49.7821
49.8079
49.8337
49.8595
49.8853
49.911
49.9368
49.9626
49.9883
50.0141
50.0398
50.0655
50.0912
50.117
50.1427
50.1684
50.1942
50.22
50.2458
50.2716
50.2973
50.3231
50.3489
50.3746
50.4004
50.4262
50.4519
50.4777
50.5035
50.5292
50.555
50.5807
50.6065
50.6323
50.658
50.6837
50.7095
50.7353
50.7611
50.7868
50.8126
50.8384
50.8642
50.89
50.9157
50.9415
50.9673
50.993
51.0188
51.0446
51.0705
51.0963
51.1221
51.1478
51.1736
51.1993
51.2251
51.2509
51.2766
51.3024
51.3282
51.3539
51.3797
51.4055
51.4312
51.457
51.4828
51.5085
51.5343
51.56
51.5858
51.6116
51.6374
51.6632
51.6889
51.7146
51.7404
51.7661
51.7919
51.8177
51.8435
51.8692
51.895
51.9208
51.9465
51.9723
51.998
52.0237
52.0495
52.0753
52.1011
52.1269
52.1526
52.1783
52.2041
52.2297
52.2555
52.2813
52.3071
52.3329
52.3586
52.3844
52.4102
52.436
52.4618
52.4876
52.5134
52.5392
52.5649
52.5907
52.6165
52.6422
52.668
52.6937
52.7194
52.7452
52.7709
52.7966
52.8224
52.8482
52.874
52.8997
52.9255
52.9512
52.9769
53.0027
53.0285
53.0542
53.08
53.1058
53.1315
53.1574
53.1832
53.2089
53.2347
53.2604
53.2862
53.312
53.3378
53.3635
53.3893
53.415
53.4408
53.4666
53.4923
53.5181
53.5439
53.5697
53.5955
53.6213
53.647
53.6728
53.6986
53.7243
53.7501
53.7759
53.8017
53.8274
53.8532
53.879
53.9048
53.9305
53.9564
53.9821
54.0079
54.0337
54.0595
54.0852
54.111
54.1368
54.1626
54.1883
54.2141
54.2399
54.2657
54.2915
54.3172
54.343
54.3688
54.3945
54.4203
54.446
54.4718
54.4976
54.5233
54.5491
54.5749
54.6007
54.6264
54.6522
54.678
54.7037
54.7295
54.7553
54.781
54.8068
54.8325
54.8583
54.8841
54.9099
54.9356
54.9614
54.9871
55.0129
55.0387
55.0645
55.0903
55.116
55.1418
55.1675
55.1933
55.219
55.2448
55.2706
55.2964
55.3221
55.3479
55.3736
55.3994
55.4251
55.451
55.4768
55.5026
55.5283
55.5541
55.5799
55.6057
55.6315
55.6572
55.683
55.7087
55.7345
55.7602
55.786
55.8118
55.8375
55.8634
55.8892
55.915
55.9408
55.9666
55.9923
56.0181
56.0438
56.0696
56.0954
56.1212
56.1469
56.1727
56.1985
56.2243
56.2501
56.2759
56.3016
56.3274
56.3532
56.379
56.4047
56.4305
56.4563
56.482
56.5078
56.5335
56.5593
56.5851
56.6109
56.6367
56.6624
56.6881
56.7138
56.7396
56.7653
56.7911
56.8168
56.8426
56.8683
56.8941
56.9198
56.9456
56.9714
56.9971
57.0229
57.0487
57.0745
57.1002
57.126
57.1518
57.1776
57.2033
57.2291
57.2549
57.2807
57.3065
57.3322
57.358
57.3838
57.4095
57.4353
57.461
57.4868
57.5125
57.5383
57.564
57.5898
57.6156
57.6413
57.6671
57.6928
57.7185
57.7443
57.77
57.7958
57.8215
57.8473
57.873
57.8988
57.9246
57.9504
57.9762
58.0019
58.0277
58.0535
58.0792
58.105
58.1308
58.1565
58.1823
58.2081
58.2339
58.2597
58.2855
58.3113
58.337
58.3628
58.3886
58.4144
58.4402
58.4659
58.4917
58.5175
58.5433
58.569
58.5948
58.6206
58.6464
58.6722
58.6979
58.7237
58.7494
58.7751
58.8009
58.8267
58.8525
58.8783
58.9041
58.9298
58.9556
58.9814
59.0071
59.0329
59.0587
59.0845
59.1103
59.1361
59.1619
59.1877
59.2135
59.2393
59.2651
59.2909
59.3166
59.3424
59.3681
59.3939
59.4196
59.4454
59.4712
59.497
59.5228
59.5485
59.5743
59.6001
59.6259
59.6517
59.6774
59.7032
59.7289
59.7547
59.7804
59.8062
59.8319
59.8577
59.8835
59.9093
59.9351
59.9608
59.9867
60.0125
60.0382
60.064
60.0897
60.1155
60.1413
60.1671
60.1928
60.2186
60.2445
60.2702
60.296
60.3218
60.3475
60.3733
60.3993
60.425
60.4508
60.4765
60.5023
60.5281
60.5539
60.5797
60.6054
60.6312
60.6571
60.6828
60.7086
60.7344
60.7601
60.7858
60.8115
60.8373
60.8631
60.8889
60.9146
60.9404
60.9662
60.992
61.0178
61.0435
61.0693
61.0951
61.1209
61.1466
61.1724
61.1982
61.224
61.2498
61.2755
61.3013
61.3271
61.353
61.3788
61.4046
61.4304
61.4561
61.4819
61.5076
61.5334
61.5592
61.585
61.6107
61.6365
61.6623
61.6881
61.7139
61.7397
61.7655
61.7912
61.817
61.8428
61.8686
61.8943
61.9201
61.9459
61.9717
61.9975
62.0232
62.049
62.0748
62.1006
62.1264
62.1521
62.1779
62.2037
62.2296
62.2554
62.2812
62.307
62.3328
62.3586
62.3843
62.4102
62.4492
62.475
62.5008
62.5266
62.5523
62.5781
62.6039
62.6296
62.6554
62.6812
62.7069
62.7326
62.7583
62.7841
62.8097
62.8355
62.8613
62.8871
62.9128
62.9385
62.9643
62.99
63.0158
63.0415
63.0673
63.093
63.1188
63.1446
63.1704
63.1962
63.222
63.2477
63.2735
63.2993
63.3252
63.3509
63.3767
63.4024
63.4282
63.454
63.4798
63.5056
63.5314
63.5572
63.583
63.6088
63.6346
63.6604
63.6861
63.712
63.7378
63.7635
63.7893
63.8151
63.8408
63.8666
63.8923
63.9181
63.9438
63.9697
63.9955
64.0212
64.047
64.0728
64.0986
64.1244
64.1502
64.176
64.2018
64.2275
64.2533
64.2791
64.3049
64.3308
64.3565
64.3823
64.4081
64.4339
64.4597
64.4855
64.5113
64.5371
64.5629
64.5887
64.6145
64.6403
64.6661
64.6919
64.7176
64.7434
64.7692
64.795
64.8208
64.8466
64.8724
64.8982
64.9239
64.9497
64.9755
65.0013
65.0271
65.0528
65.0785
65.1043
65.13
65.1557
65.1814
65.2072
65.233
65.2588
65.2846
65.3104
65.3362
65.362
65.3877
65.4136
65.4394
65.4652
65.491
65.5168
65.5426
65.5684
65.5941
65.6199
65.6457
65.6715
65.6973
65.723
65.7489
65.7747
65.8005
65.8263
65.8521
65.878
65.9038
65.9297
65.9555
65.9813
66.007
66.0328
66.0586
66.0843
66.1101
66.1358
66.1616
66.1874
66.2133
66.2392
66.265
66.2908
66.3166
66.3424
66.3682
66.3939
66.4197
66.4455
66.4713
66.4971
66.5228
66.5486
66.5744
66.6002
66.626
66.6518
66.6776
66.7034
66.7292
66.7551
66.7808
66.8066
66.8324
66.8582
66.884
66.9098
66.9356
66.9614
66.9872
67.0129
67.0387
67.0645
67.0903
67.1161
67.142
67.1678
67.1936
67.2193
67.2451
67.271
67.2967
67.3225
67.3482
67.374
67.3998
67.4256
67.4514
67.4771
67.5029
67.5287
67.5544
67.5802
67.6059
67.6317
67.6575
67.6833
67.7091
67.7349
67.7607
67.7865
67.8122
67.838
67.8638
67.8896
67.9154
67.9411
67.9669
67.9927
68.0185
68.0443
68.0701
68.0959
68.1216
68.1474
68.1732
68.199
68.2247
68.2505
68.2763
68.3021
68.3279
68.3537
68.3794
68.4052
68.431
68.4568
68.4825
68.5083
68.5341
68.5598
68.5857
68.6115
68.6373
68.6631
68.6888
68.7146
68.7403
68.766
68.7918
68.8176
68.8434
68.8692
68.895
68.9207
68.9465
68.9722
68.9981
69.0239
69.0497
69.0755
69.1012
69.127
69.1528
69.1785
69.2043
69.23
69.2558
69.2817
69.3074
69.3332
69.359
69.3847
69.4104
69.4361
69.4618
69.4876
69.5134
69.5391
69.5649
69.5906
69.6164
69.6421
69.6679
69.6936
69.7194
69.7452
69.7709
69.7968
69.8225
69.8483
69.8741
69.8999
69.9256
69.9514
69.9772
70.003
70.0287
70.0545
70.0803
70.106
70.1318
70.1576
70.1833
70.2091
70.2349
70.2607
70.2864
70.3122
70.338
70.3638
70.3895
70.4153
70.4411
70.4668
70.4926
70.5183
70.5441
70.5698
70.5956
70.6214
70.6472
70.673
70.6987
70.7245
70.7503
70.776
70.8018
70.8275
70.8534
70.8791
70.9049
70.9307
70.9565
70.9822
71.008
71.0338
71.0595
71.0853
71.1111
71.1369
71.1627
71.1884
71.2142
71.24
71.2658
71.2916
71.3173
71.3431
71.3689
71.3947
71.4204
71.4463
71.472
71.4977
71.5235
71.5492
71.575
71.6007
71.6265
71.6522
71.678
71.7038
71.7295
71.7553
71.781
71.8068
71.8326
71.8584
71.8842
71.9099
71.9357
71.9614
71.9872
72.0129
72.0387
72.0644
72.0901
72.1159
72.1417
72.1675
72.1932
72.219
72.2447
72.2705
72.2962
72.3219
72.3477
72.3735
72.3993
72.425
72.4508
72.4766
72.5024
72.5281
72.5539
72.5796
72.6054
72.6311
72.6569
72.6826
72.7083
72.7339
72.7596
72.7853
72.8111
72.8368
72.8626
72.8883
72.9141
72.9398
72.9656
72.9913
73.0171
73.0429
73.0686
73.0944
73.1201
73.1459
73.1716
73.1974
73.2232
73.2489
73.2747
73.3004
73.3261
73.3519
73.3777
73.4034
73.4291
73.4549
73.4806
73.5064
73.5322
73.558
73.5838
73.6095
73.6352
73.6609
73.6867
73.7124
73.7381
73.7639
73.7896
73.8153
73.8411
73.8669
73.8927
73.9184
73.9442
73.9699
73.9956
74.0214
74.0472
74.0729
74.0987
74.1245
74.1502
74.176
74.2017
74.2275
74.2533
74.279
74.3048
74.3306
74.3563
74.382
74.4078
74.4335
74.4593
74.485
74.5109
74.5366
74.5623
74.5881
74.6139
74.6397
74.6654
74.6912
74.717
74.7428
74.7685
74.7943
74.82
74.8458
74.8716
74.8973
74.9231
74.9488
74.9747
75.0004
75.0262
75.0519
75.0777
75.1035
75.1293
75.155
75.1808
75.2066
75.2323
75.258
75.2838
75.3096
75.3354
75.3612
75.387
75.4127
75.4385
75.4643
75.4901
75.5158
75.5416
75.5674
75.5932
75.6189
75.6447
75.6705
75.6963
75.7221
75.7478
75.7736
75.7994
75.8251
75.8509
75.8767
75.9024
75.9281
75.9539
75.9796
76.0054
76.0312
76.0569
76.0827
76.1084
76.1342
76.1599
76.1857
76.2115
76.2373
76.263
76.2888
76.3146
76.3403
76.3661
76.3919
76.4177
76.4434
76.4692
76.4949
76.5206
76.5464
76.5721
76.5979
76.6237
76.6494
76.6752
76.7009
76.7266
76.7524
76.7781
76.8039
76.8297
76.8555
76.8813
76.907
76.9328
76.9585
76.9842
77.0099
77.0357
77.0616
77.0873
77.1131
77.1389
77.1647
77.1905
77.2162
77.242
77.2678
77.2936
77.3193
77.3451
77.3708
77.3966
77.4224
77.4481
77.4738
77.4995
77.5253
77.5511
77.5768
77.6026
77.6283
77.654
77.6797
77.7056
77.7314
77.7572
77.783
77.8088
77.8345
77.8603
77.886
77.9118
77.9377
77.9634
77.9892
78.0149
78.0406
78.0664
78.092
78.1257
78.1551
78.1809
78.2067
78.2325
78.2583
78.2841
78.3099
78.3357
78.3614
78.3872
78.4129
78.4387
78.4645
78.4903
78.516
78.5417
78.5675
78.5933
78.6191
78.645
78.6707
78.6965
78.7223
78.7482
78.7739
78.7997
78.8255
78.8513
78.8771
78.9029
78.9287
78.9545
78.9802
79.006
79.0319
79.0577
79.0835
79.1093
79.1351
79.1608
79.1866
79.2124
79.2382
79.264
79.2898
79.3156
79.3414
79.3672
79.393
79.4187
79.4445
79.4703
79.4961
79.5219
79.5477
79.5735
79.5994
79.6251
79.6509
79.6767
79.7025
79.7283
79.7541
79.7799
79.8057
79.8315
79.8573
79.8831
79.9089
79.9347
79.9605
79.9863
80.0121
80.0379
80.0637
80.0896
80.1154
80.1412
80.1669
80.1926
80.2184
80.2442
80.27
80.2957
80.3215
80.3473
80.3732
80.3989
80.4247
80.4505
80.4762
80.502
80.5278
80.5536
80.5794
80.6052
80.631
80.6568
80.6826
80.7083
80.7341
80.7599
80.7857
80.8115
80.8372
80.863
80.8888
80.9146
80.9404
80.9661
80.9919
81.0177
81.0435
81.0693
81.0952
81.121
81.1468
81.1726
81.1983
81.2241
81.2499
81.2756
81.3014
81.3273
81.353
81.3788
81.4047
81.4305
81.4563
81.482
81.5078
81.5335
81.5593
81.5851
81.6108
81.6366
81.6623
81.6881
81.7139
81.7396
81.7654
81.7911
81.8169
81.8426
81.8684
81.8941
81.9199
81.9456
81.9714
81.9972
82.0229
82.0487
82.0745
82.1002
82.126
82.1518
82.1775
82.2033
82.229
82.2548
82.2805
82.3062
82.3319
82.3577
82.3834
82.4091
82.4349
82.4607
82.4864
82.5122
82.5379
82.5636
82.5894
82.6151
82.6409
82.6667
82.6924
82.7182
82.7439
82.7696
82.7954
82.8212
82.8469
82.8727
82.8984
82.9242
82.95
82.9757
83.0015
83.0273
83.053
83.0787
83.1045
83.1303
83.156
83.1817
83.2075
83.2332
83.259
83.2848
83.3105
83.3362
83.362
83.3878
83.4135
83.4393
83.4651
83.4908
83.5165
83.5423
83.568
83.5937
83.6194
83.6452
83.6709
83.6967
83.7224
83.7482
83.774
83.7997
83.8255
83.8512
83.877
83.9027
83.9285
83.9543
83.98
84.0057
84.0315
84.0573
84.0831
84.1089
84.1346
84.1604
84.1862
84.2119
84.2377
84.2635
84.2892
84.315
84.3408
84.3665
84.3922
84.418
84.4437
84.4695
84.4953
84.5211
84.5469
84.5726
84.5984
84.6241
84.6499
84.6757
84.7014
84.7271
84.7529
84.7787
84.8044
84.8309
84.8567
84.8824
84.9082
84.934
84.9597
84.9854
85.0112
85.037
85.0627
85.0885
85.1143
85.1401
85.1658
85.1916
85.2174
85.2431
85.2689
85.2947
85.3204
85.3461
85.3719
85.3977
85.4234
85.4492
85.475
85.5007
85.5264
85.5522
85.5779
85.6036
85.6294
85.6551
85.6809
85.7066
85.7324
85.7581
85.7839
85.8096
85.8353
85.8611
85.8868
85.9125
85.9383
85.964
85.9898
86.0155
86.0413
86.067
86.0928
86.1185
86.1443
86.17
86.1958
86.2215
86.2472
86.2729
86.2987
86.3244
86.3502
86.3759
86.4017
86.4275
86.4532
86.479
86.5048
86.5305
86.5563
86.582
86.6078
86.6335
86.6592
86.6849
86.7107
86.7364
86.7621
86.7878
86.8135
86.8393
86.865
86.8907
86.9165
86.9423
86.968
86.9938
87.0195
87.0453
87.071
87.0968
87.1225
87.1483
87.174
87.1997
87.2255
87.2513
87.277
87.3028
87.3286
87.3543
87.3801
87.4059
87.4316
87.4573
87.4831
87.5088
87.5346
87.5603
87.586
87.6117
87.6375
87.6633
87.689
87.7147
87.7405
87.7662
87.792
87.8177
87.8435
87.8692
87.895
87.9207
87.9465
87.9723
87.998
88.0238
88.0495
88.0753
88.1011
88.127
88.1528
88.1785
88.2042
88.23
88.2557
88.2815
88.3073
88.3331
88.3589
88.3847
88.4104
88.4362
88.462
88.4877
88.5135
88.5393
88.5651
88.5909
88.6166
88.6424
88.6681
88.6939
88.7196
88.7453
88.7711
88.7968
88.8225
88.8482
88.874
88.8998
88.9255
88.9512
88.977
89.0027
89.0285
89.0543
89.0801
89.1058
89.1316
89.1573
89.183
89.2088
89.2345
89.2603
89.2861
89.3119
89.3376
89.3634
89.3891
89.4149
89.4407
89.4665
89.4923
89.5181
89.5438
89.5696
89.5953
89.6211
89.6468
89.6726
89.6984
89.7241
89.7499
89.7757
89.8015
89.8273
89.8531
89.8788
89.9046
89.9303
89.9561
89.9819
90.0077
90.0334
90.0592
90.0849
90.1107
90.1364
90.1621
90.1879
90.2137
90.2395
90.2652
90.291
90.3168
90.3425
90.3683
90.3941
90.4199
90.4456
90.4714
90.4971
90.5228
90.5486
90.5744
90.6002
90.6259
90.6517
90.6775
90.7032
90.7289
90.7547
90.7804
90.8062
90.832
90.8577
90.8835
90.9092
90.935
90.9608
90.9865
91.0122
91.038
91.0637
91.0895
91.1153
91.1411
91.1668
91.1926
91.2184
91.2441
91.2699
91.2957
91.3214
91.3472
91.373
91.3987
91.4245
91.4504
91.4761
91.502
91.5277
91.5535
91.5793
91.6051
91.6309
91.6567
91.6825
91.7082
91.7339
91.7598
91.7856
91.8113
91.8371
91.8628
91.8886
91.9144
91.9401
91.9659
91.9917
92.0175
92.0432
92.069
92.0947
92.1205
92.1463
92.1721
92.1978
92.2236
92.2494
92.2752
92.3009
92.3267
92.3524
92.3781
92.4039
92.4296
92.4554
92.4812
92.507
92.5328
92.5586
92.5843
92.61
92.6358
92.6615
92.6873
92.713
92.7388
92.7645
92.7902
92.816
92.8418
92.8676
92.8933
92.9192
92.945
92.9707
92.9965
93.0223
93.048
93.0738
93.0995
93.1253
93.1511
93.1768
93.2026
93.2283
93.2541
93.2799
93.3056
93.3314
93.3572
93.383
93.4087
93.4345
93.4603
93.486
93.5117
93.5375
93.5633
93.589
93.6148
93.6406
93.6663
93.6921
93.7179
93.7437
93.7694
93.7952
93.8211
93.8468
93.8726
93.8984
93.9241
93.9498
93.9756
94.0013
94.0271
94.0529
94.0787
94.1045
94.1302
94.156
94.1817
94.2075
94.2333
94.259
94.2848
94.3105
94.3363
94.3621
94.3879
94.4137
94.4394
94.4652
94.491
94.5168
94.5426
94.5683
94.5941
94.6199
94.675
94.7007
94.7265
94.7523
94.778
94.8038
94.8296
94.8554
94.8813
94.907
94.9328
94.9586
94.9844
95.0101
95.0359
95.0617
95.0875
95.1132
95.139
95.1648
95.1905
95.2163
95.242
95.2678
95.2935
95.3193
95.3451
95.3708
95.3965
95.4223
95.4481
95.4738
95.4996
95.5254
95.5511
95.577
95.6028
95.6285
95.6543
95.6801
95.7058
95.7316
95.7574
95.7832
95.8089
95.8347
95.8605
95.8863
95.9121
95.9379
95.9636
95.9894
96.0152
96.0409
96.0667
96.0924
96.1182
96.1439
96.1697
96.1955
96.2212
96.247
96.2728
96.2986
96.3243
96.3501
96.3759
96.4016
96.4274
96.4532
96.479
96.5048
96.5305
96.5562
96.582
96.6077
96.6335
96.6592
96.685
96.7107
96.7365
96.7622
96.7879
96.8137
96.8395
96.8653
96.891
96.9168
96.9426
96.9684
96.9942
97.0199
97.0457
97.0715
97.0973
97.1231
97.1489
97.1748
97.2006
97.2263
97.2522
97.2781
97.3039
97.3297
97.3555
97.3813
97.407
97.4328
97.4585
97.4842
97.51
97.5358
97.5616
97.5873
97.6131
97.6388
97.6646
97.6903
97.7161
97.7418
97.7676
97.7935
97.8193
97.8451
97.8709
97.8967
97.9225
97.9482
97.974
97.9998
98.0256
98.0514
98.0772
98.103
98.1288
98.1546
98.1804
98.2062
98.2319
98.2577
98.2835
98.3093
98.3351
98.3608
98.3866
98.4124
98.4382
98.464
98.4898
98.5156
98.5414
98.5672
98.593
98.6189
98.6446
98.6704
98.6961
98.7219
98.7477
98.7735
98.7993
98.8251
98.8509
98.8767
98.9024
98.9282
98.954
98.9798
99.0055
99.0313
99.0571
99.0829
99.1087
99.1345
99.1603
99.1861
99.2118
99.2377
99.2635
99.2892
99.3151
99.3409
99.3667
99.3924
99.4182
99.444
99.4697
99.4956
99.5213
99.5471
99.5729
99.5986
99.6244
99.6501
99.6759
99.7017
99.7275
99.7533
99.7791
99.8048
99.8306
99.8563
99.8821
99.9079
99.9337
99.9595
99.9854
100.011
100.037
100.063
100.089
100.114
100.14
100.166
100.192
100.218
100.243
100.269
100.295
100.321
100.347
100.372
100.398
100.424
100.45
100.476
100.501
100.527
100.553
100.579
100.605
100.63
100.656
100.682
100.708
100.733
100.759
100.785
100.811
100.836
100.862
100.888
100.914
100.939
100.965
100.991
101.017
101.043
101.068
101.094
101.12
101.146
101.172
101.197
101.223
101.249
101.275
101.301
101.326
101.352
101.378
101.404
101.43
101.455
101.481
101.507
101.533
101.559
101.584
101.61
101.636
101.662
101.687
101.713
101.739
101.765
101.79
101.816
101.842
101.868
101.893
101.919
101.945
101.971
101.997
102.022
102.048
102.074
102.1
102.125
102.151
102.177
102.203
102.229
102.254
102.28
102.306
102.332
102.357
102.383
102.409
102.435
102.46
102.486
102.512
102.538
102.564
102.589
102.615
102.641
102.667
102.693
102.718
102.744
102.77
102.796
102.822
102.847
102.873
102.899
102.925
102.951
102.976
103.002
103.028
103.054
103.08
103.105
103.131
103.157
103.183
103.208
103.234
103.26
103.286
103.312
103.337
103.363
103.389
103.415
103.441
103.467
103.492
103.518
103.544
103.57
103.596
103.621
103.647
103.673
103.699
103.724
103.75
103.776
103.802
103.828
103.853
103.879
103.905
103.931
103.956
103.982
104.008
104.034
104.06
104.085
104.111
104.137
104.163
104.189
104.214
104.24
104.266
104.292
104.318
104.343
104.369
104.395
104.421
104.447
104.472
104.498
104.524
104.55
104.576
104.601
104.627
104.653
104.679
104.704
104.73
104.756
104.782
104.807
104.833
104.859
104.885
104.91
104.936
104.962
104.988
105.014
105.039
105.065
105.091
105.117
105.142
105.168
105.194
105.22
105.246
105.271
105.297
105.323
105.349
105.374
105.4
105.426
105.452
105.477
105.503
105.529
105.555
105.58
105.606
105.632
105.658
105.684
105.709
105.735
105.761
105.787
105.813
105.838
105.864
105.89
105.916
105.942
105.967
105.993
106.019
106.045
106.07
106.096
106.122
106.148
106.174
106.199
106.225
106.251
106.277
106.303
106.328
106.354
106.38
106.406
106.431
106.457
106.483
106.509
106.535
106.56
106.586
106.612
106.638
106.663
106.689
106.715
106.741
106.766
106.792
106.818
106.844
106.869
106.895
106.921
106.947
106.972
106.998
107.024
107.05
107.075
107.101
107.127
107.153
107.179
107.204
107.23
107.256
107.282
107.308
107.333
107.359
107.385
107.411
107.436
107.462
107.488
107.514
107.539
107.565
107.591
107.617
107.642
107.668
107.694
107.72
107.745
107.771
107.797
107.823
107.849
107.874
107.9
107.926
107.952
107.977
108.003
108.029
108.055
108.08
108.106
108.132
108.158
108.183
108.209
108.235
108.261
108.287
108.312
108.338
108.364
108.39
108.415
108.441
108.467
108.493
108.518
108.544
108.57
108.596
108.622
108.647
108.673
108.699
108.725
108.75
108.776
108.802
108.827
108.853
108.879
108.905
108.931
108.956
108.982
109.008
109.034
109.059
109.085
109.111
109.137
109.163
109.188
109.214
109.24
109.266
109.291
109.317
109.343
109.369
109.394
109.42
109.446
109.472
109.498
109.523
109.549
109.575
109.601
109.626
109.652
109.678
109.704
109.73
109.755
109.781
109.807
109.833
109.858
109.884
109.91
109.936
109.961
109.987
110.013
110.039
110.064
110.09
110.116
110.142
110.168
110.194
110.219
110.245
110.271
110.297
110.322
110.348
110.374
110.4
110.425
110.451
110.477
110.503
110.528
110.554
110.58
110.606
110.631
110.657
110.683
110.709
110.734
110.76
110.786
110.812
110.838
110.863
110.889
110.915
110.941
110.967
110.992
111.018
111.044
111.07
111.096
111.121
111.147
111.173
111.199
111.224
111.25
111.276
111.302
111.328
111.353
111.379
111.405
111.431
111.457
111.482
111.508
111.534
111.56
111.585
111.611
111.637
111.663
111.689
111.714
111.74
111.766
111.792
111.818
111.844
111.869
111.895
111.921
111.947
111.972
111.998
112.024
112.05
112.076
112.101
112.127
112.153
112.179
112.205
112.23
112.256
112.282
112.308
112.333
112.359
112.385
112.411
112.437
112.462
112.488
112.514
112.54
112.565
112.591
112.617
112.643
112.669
112.694
112.72
112.746
112.771
112.797
112.823
112.849
112.875
112.9
112.926
112.952
112.978
113.004
113.029
113.055
113.081
113.107
113.133
113.158
113.184
113.21
113.236
113.261
113.287
113.313
113.339
113.364
113.39
113.416
113.442
113.468
113.493
113.519
113.545
113.571
113.597
113.622
113.648
113.674
113.7
113.725
113.751
113.777
113.803
113.828
113.854
113.88
113.906
113.931
113.957
113.983
114.009
114.034
114.06
114.086
114.112
114.138
114.164
114.189
114.215
114.241
114.267
114.293
114.318
114.344
114.37
114.396
114.422
114.447
114.473
114.499
114.525
114.551
114.576
114.602
114.628
114.654
114.679
114.705
114.731
114.757
114.782
114.808
114.834
114.86
114.886
114.911
114.937
114.963
114.989
115.015
115.04
115.066
115.092
115.118
115.143
115.169
115.195
115.221
115.247
115.272
115.298
115.324
115.35
115.375
115.401
115.427
115.453
115.479
115.505
115.53
115.556
115.582
115.608
115.633
115.659
115.685
115.711
115.737
115.762
115.788
115.814
115.84
115.865
115.891
115.917
115.943
115.969
115.995
116.02
116.046
116.072
116.098
116.123
116.149
116.175
116.201
116.227
116.252
116.278
116.304
116.33
116.356
116.382
116.407
116.433
116.459
116.485
116.51
116.536
116.562
116.588
116.614
116.639
116.665
116.691
116.717
116.742
116.768
116.794
116.82
116.846
116.871
116.897
116.923
116.949
116.975
117
117.026
117.052
117.078
117.103
117.129
117.155
117.181
117.206
117.232
117.258
117.284
117.31
117.335
117.361
117.387
117.413
117.439
117.464
117.49
117.516
117.541
117.567
117.593
117.619
117.645
117.67
117.696
117.722
117.748
117.773
117.799
117.825
117.851
117.877
117.902
117.928
117.954
117.98
118.006
118.032
118.057
118.083
118.109
118.135
118.16
118.186
118.212
118.238
118.264
118.289
118.315
118.341
118.367
118.393
118.418
118.444
118.47
118.496
118.522
118.547
118.573
118.599
118.625
118.651
118.676
118.702
118.728
118.754
118.779
118.805
118.831
118.857
118.882
118.908
118.934
118.96
118.985
119.011
119.037
119.063
119.089
119.114
119.14
119.166
119.192
119.218
119.243
119.269
119.295
119.321
119.347
119.372
119.398
119.424
119.45
119.475
119.501
119.527
119.553
119.579
119.604
119.63
119.656
119.682
119.707
119.733
119.759
119.785
119.81
119.836
119.862
119.888
119.914
119.939
119.965
119.991
120.017
120.043
120.068
120.094
120.12
120.146
120.171
120.197
120.223
120.249
120.275
120.3
120.326
120.352
120.378
120.403
120.429
120.455
120.481
120.507
120.532
120.558
120.584
120.61
120.635
120.661
120.687
120.713
120.738
120.764
120.79
120.816
120.842
120.867
120.893
120.919
120.945
120.971
120.996
121.022
121.048
121.074
121.099
121.125
121.151
121.176
121.202
121.228
121.254
121.279
121.305
121.331
121.357
121.383
121.408
121.434
121.46
121.486
121.511
121.537
121.563
121.589
121.614
121.64
121.666
121.692
121.717
121.743
121.769
121.795
121.82
121.846
121.872
121.898
121.924
121.949
121.975
122.001
122.027
122.052
122.078
122.104
122.13
122.156
122.181
122.207
122.233
122.259
122.284
122.31
122.336
122.362
122.388
122.413
122.439
122.465
122.491
122.516
122.542
122.568
122.594
122.62
122.645
122.671
122.697
122.723
122.748
122.774
122.8
122.826
122.851
122.877
122.903
122.929
122.954
122.98
123.006
123.032
123.058
123.083
123.109
123.135
123.161
123.186
123.212
123.238
123.264
123.289
123.315
123.341
123.367
123.393
123.418
123.444
123.47
123.496
123.521
123.547
123.573
123.599
123.625
123.65
123.676
123.702
123.728
123.754
123.779
123.805
123.831
123.857
123.882
123.908
123.934
123.96
123.985
124.011
124.037
124.063
124.088
124.114
124.14
124.166
124.192
124.217
124.243
124.269
124.295
124.321
124.346
124.372
124.398
124.424
124.449
124.475
124.501
124.527
124.553
124.578
124.604
124.63
124.656
124.681
124.707
124.733
124.759
124.784
124.81
124.836
124.862
124.887
124.913
124.939
124.965
124.99
125.016
125.042
125.068
125.093
125.119
125.145
125.171
125.197
125.222
125.248
125.274
125.3
125.325
125.351
125.377
125.403
125.428
125.454
125.48
125.506
125.532
125.557
125.583
125.609
125.635
125.661
125.686
125.712
125.738
125.764
125.789
125.815
125.841
125.867
125.892
125.918
125.944
125.97
125.996
126.021
126.047
126.073
126.099
126.125
126.15
126.176
126.202
126.228
126.253
126.279
126.305
126.331
126.356
126.382
126.408
126.434
126.46
126.485
126.511
126.537
126.563
126.589
126.614
126.64
126.666
126.692
126.717
126.743
126.769
126.795
126.82
126.846
126.872
126.898
126.924
126.949
126.975
127.001
127.027
127.052
127.078
127.104
127.13
127.155
127.181
127.207
127.233
127.259
127.284
127.31
127.336
127.362
127.387
127.413
127.439
127.465
127.491
127.516
127.542
127.568
127.594
127.619
127.645
127.671
127.697
127.722
127.748
127.774
127.8
127.825
127.851
127.877
127.903
127.928
127.954
127.98
128.006
128.032
128.057
128.083
128.109
128.135
128.16
128.186
128.212
128.238
128.263
128.289
128.315
128.341
128.366
128.392
128.418
128.444
128.469
128.495
128.521
128.547
128.573
128.598
128.624
128.65
128.676
128.701
128.727
128.753
128.779
128.804
128.83
128.856
128.882
128.908
128.933
128.959
128.985
129.011
129.036
129.062
129.088
129.114
129.14
129.165
129.191
129.217
129.243
129.269
129.294
129.32
129.346
129.372
129.397
129.423
129.449
129.475
129.5
129.526
129.552
129.578
129.603
129.629
129.655
129.681
129.706
129.732
129.758
129.784
129.81
129.835
129.861
129.887
129.913
129.939
129.964
129.99
130.016
130.042
130.067
130.093
130.119
130.145
130.17
130.196
130.222
130.248
130.273
130.299
130.325
130.351
130.376
130.402
130.428
130.454
130.48
130.505
130.531
130.557
130.583
130.608
130.634
130.66
130.686
130.711
130.737
130.763
130.789
130.814
130.84
130.866
130.892
130.917
130.943
130.969
130.995
131.02
131.046
131.072
131.098
131.124
131.149
131.175
131.201
131.227
131.252
131.278
131.304
131.33
131.355
131.381
131.407
131.433
131.459
131.484
131.51
131.536
131.562
131.587
131.613
131.639
131.665
131.69
131.716
131.742
131.768
131.793
131.819
131.845
131.871
131.896
131.922
131.948
131.974
132
132.025
132.051
132.077
132.103
132.128
132.154
132.18
132.206
132.231
132.257
132.283
132.309
132.335
132.36
132.386
132.412
132.438
132.464
132.489
132.515
132.541
132.567
132.592
132.618
132.644
132.67
132.695
132.721
132.747
132.773
132.798
132.824
132.85
132.876
132.902
132.927
132.953
132.979
133.005
133.03
133.056
133.082
133.108
133.134
133.159
133.185
133.211
133.237
133.263
133.288
133.314
133.34
133.366
133.392
133.417
133.443
133.469
133.495
133.52
133.546
133.572
133.598
133.624
133.649
133.675
133.701
133.727
133.753
133.778
133.804
133.83
133.856
133.882
133.907
133.933
133.959
133.985
134.01
134.036
134.062
134.088
134.114
134.139
134.165
134.191
134.217
134.243
134.268
134.294
134.32
134.346
134.371
134.397
134.423
134.449
134.475
134.5
134.526
134.552
134.578
134.604
134.629
134.655
134.681
134.707
134.732
134.758
134.784
134.81
134.836
134.861
134.887
134.913
134.939
134.965
134.99
135.016
135.042
135.068
135.094
135.119
135.145
135.171
135.197
135.222
135.248
135.274
135.3
135.326
135.351
135.377
135.403
135.429
135.455
135.48
135.506
135.532
135.558
135.583
135.609
135.635
135.661
135.687
135.712
135.738
135.764
135.79
135.815
135.841
135.867
135.893
135.919
135.944
135.97
135.996
136.022
136.047
136.073
136.099
136.125
136.15
136.176
136.202
136.228
136.254
136.279
136.305
136.331
136.357
136.382
136.408
136.434
136.46
136.486
136.511
136.537
136.563
136.589
136.614
136.64
136.666
136.692
136.718
136.743
136.769
136.795
136.821
136.846
136.872
136.898
136.924
136.949
136.975
137.001
137.027
137.053
137.078
137.104
137.13
137.156
137.182
137.207
137.233
137.259
137.285
137.311
137.336
137.362
137.388
137.414
137.439
137.465
137.491
137.517
137.542
137.568
137.594
137.62
137.645
137.671
137.697
137.723
137.748
137.774
137.8
137.826
137.852
137.877
137.903
137.929
137.955
137.98
138.006
138.032
138.058
138.084
138.109
138.135
138.161
138.187
138.212
138.238
138.264
138.29
138.316
138.341
138.367
138.393
138.419
138.444
138.47
138.496
138.522
138.548
138.573
138.599
138.625
138.651
138.677
138.702
138.728
138.754
138.78
138.806
138.831
138.857
138.883
138.909
138.935
138.96
138.986
139.012
139.038
139.064
139.089
139.115
139.141
139.167
139.192
139.218
139.244
139.27
139.295
139.321
139.347
139.373
139.399
139.424
139.45
139.476
139.502
139.528
139.553
139.579
139.605
139.631
139.656
139.682
139.708
139.734
139.76
139.785
139.811
139.837
139.863
139.889
139.914
139.94
139.966
139.992
140.017
140.043
140.069
140.095
140.121
140.146
140.172
140.198
140.224
140.249
140.275
140.301
140.327
140.352
140.378
140.404
140.43
140.455
140.481
140.507
140.533
140.559
140.584
140.61
140.636
140.662
140.688
140.713
140.739
140.765
140.79
140.816
140.842
140.868
140.894
140.919
140.945
140.971
140.997
141.023
141.048
141.074
141.1
141.126
141.152
141.177
141.203
141.229
141.255
141.281
141.306
141.332
141.358
141.384
141.41
141.436
141.461
141.487
141.513
141.539
141.565
141.59
141.616
141.642
141.668
141.693
141.719
141.745
141.771
141.797
141.822
141.848
141.874
141.9
141.926
141.951
141.977
142.003
142.029
142.055
142.08
142.106
142.132
142.158
142.183
142.209
142.235
142.261
142.287
142.313
142.338
142.364
142.39
142.416
142.441
142.467
142.493
142.519
142.545
142.571
142.596
142.622
142.648
142.673
142.699
142.725
142.751
142.777
142.802
142.828
142.854
142.88
142.906
142.931
142.957
142.983
143.009
143.035
143.06
143.086
143.112
143.138
143.163
143.189
143.215
143.241
143.267
143.292
143.318
143.344
143.37
143.396
143.421
143.447
143.473
143.499
143.525
143.551
143.576
143.602
143.628
143.654
143.68
143.705
143.731
143.757
143.783
143.809
143.834
143.86
143.886
143.912
143.938
143.963
143.989
144.015
144.041
144.066
144.092
144.118
144.144
144.169
144.195
144.221
144.247
144.273
144.298
144.324
144.35
144.376
144.402
144.427
144.453
144.479
144.505
144.53
144.556
144.582
144.608
144.634
144.659
144.685
144.711
144.737
144.762
144.788
144.814
144.839
144.865
144.891
144.917
144.943
144.968
144.994
145.02
145.046
145.072
145.097
145.123
145.149
145.175
145.2
145.226
145.252
145.278
145.304
145.329
145.355
145.381
145.407
145.433
145.458
145.484
145.51
145.536
145.562
145.587
145.613
145.639
145.665
145.691
145.716
145.742
145.768
145.794
145.82
145.845
145.871
145.897
145.923
145.949
145.974
146
146.026
146.052
146.078
146.103
146.129
146.155
146.181
146.206
146.232
146.258
146.284
146.309
146.335
146.361
146.387
146.413
146.438
146.464
146.49
146.516
146.541
146.567
146.593
146.619
146.644
146.67
146.696
146.722
146.747
146.773
146.799
146.825
146.851
146.876
146.902
146.928
146.954
146.979
147.005
147.031
147.057
147.083
147.108
147.134
147.16
147.186
147.211
147.237
147.263
147.289
147.315
147.34
147.366
147.392
147.418
147.443
147.469
147.495
147.521
147.546
147.572
147.598
147.624
147.649
147.675
147.701
147.727
147.752
147.778
147.804
147.83
147.856
147.881
147.907
147.933
147.959
147.984
148.01
148.036
148.062
148.088
148.113
148.139
148.165
148.191
148.216
148.242
148.268
148.294
148.32
148.345
148.371
148.397
148.423
148.448
148.474
148.5
148.526
148.552
148.577
148.603
148.629
148.655
148.68
148.706
148.732
148.758
148.783
148.809
148.835
148.861
148.887
148.912
148.938
148.964
148.99
149.015
149.041
149.067
149.093
149.118
149.144
149.17
149.196
149.221
149.247
149.273
149.299
149.325
149.35
149.376
149.402
149.428
149.454
149.479
149.505
149.531
149.557
149.582
149.608
149.634
149.66
149.686
149.711
149.737
149.763
149.789
149.815
149.84
149.866
149.892
149.918
149.943
149.969
149.995
150.021
150.047
150.072
150.098
150.124
150.15
150.175
150.201
150.227
150.253
150.278
150.304
150.33
150.356
150.382
150.407
150.433
150.459
150.485
150.51
150.536
150.562
150.588
150.613
150.639
150.665
150.691
150.716
150.742
150.768
150.794
150.82
150.845
150.871
150.897
150.923
150.948
150.974
151
151.026
151.051
151.077
151.103
151.129
151.155
151.18
151.206
151.232
151.258
151.283
151.309
151.335
151.361
151.387
151.412
151.438
151.464
151.49
151.516
151.541
151.567
151.593
151.619
151.645
151.67
151.696
151.722
151.748
151.774
151.799
151.825
151.851
151.877
151.902
151.928
151.954
151.98
152.006
152.031
152.057
152.083
152.109
152.135
152.16
152.186
152.212
152.238
152.263
152.289
152.315
152.341
152.367
152.392
152.418
152.444
152.47
152.495
152.521
152.547
152.573
152.599
152.624
152.65
152.676
152.702
152.728
152.753
152.779
152.805
152.831
152.856
152.882
152.908
152.934
152.96
152.985
153.011
153.037
153.063
153.088
153.114
153.14
153.166
153.192
153.217
153.243
153.269
153.295
153.32
153.346
153.372
153.398
153.424
153.449
153.475
153.501
153.527
153.553
153.578
153.604
153.63
153.656
153.681
153.707
153.733
153.759
153.785
153.81
153.836
153.862
153.888
153.913
153.939
153.965
153.991
154.017
154.042
154.068
154.094
154.12
154.146
154.171
154.197
154.223
154.249
154.275
154.3
154.326
154.352
154.378
154.404
154.429
154.455
154.481
154.507
154.532
154.558
154.584
154.61
154.636
154.661
154.687
154.713
154.739
154.764
154.79
154.816
154.842
154.868
154.893
154.919
154.945
154.971
154.997
155.022
155.048
155.074
155.1
155.126
155.151
155.177
155.203
155.229
155.255
155.28
155.306
155.332
155.358
155.383
155.409
155.435
155.461
155.487
155.512
155.538
155.564
155.59
155.615
155.641
155.667
155.693
155.718
155.744
155.77
155.796
155.822
155.847
155.873
155.899
155.925
155.951
155.976
156.002
156.028
156.054
156.079
156.105
156.131
156.157
156.183
156.208
156.234
156.26
156.286
156.312
156.337
156.363
156.389
156.415
156.441
156.466
156.492
156.518
156.544
156.607
156.633
156.659
156.685
156.71
156.736
156.762
156.788
156.813
156.839
156.865
156.891
156.917
156.942
156.968
156.994
157.02
157.046
157.071
157.097
157.123
157.149
157.175
157.2
157.226
157.252
157.278
157.303
157.329
157.355
157.381
157.407
157.432
157.458
157.484
157.51
157.535
157.561
157.587
157.613
157.638
157.664
157.69
157.716
157.741
157.767
157.793
157.819
157.844
157.87
157.896
157.922
157.948
157.973
157.999
158.025
158.051
158.077
158.102
158.128
158.154
158.18
158.205
158.231
158.257
158.283
158.309
158.334
158.36
158.386
158.412
158.437
158.463
158.489
158.515
158.54
158.566
158.592
158.618
158.644
158.669
158.695
158.721
158.747
158.773
158.798
158.824
158.85
158.876
158.902
158.927
158.953
158.979
159.005
159.031
159.056
159.082
159.108
159.134
159.16
159.185
159.211
159.237
159.263
159.289
159.314
159.34
159.366
159.392
159.417
159.443
159.469
159.495
159.521
159.546
159.572
159.598
159.624
159.649
159.675
159.701
159.727
159.753
159.778
159.804
159.83
159.856
159.881
159.907
159.933
159.959
159.985
160.01
160.036
160.062
160.088
160.113
160.139
160.165
160.191
160.217
160.242
160.268
160.294
160.32
160.345
160.371
160.397
160.423
160.448
160.474
160.5
160.526
160.552
160.577
160.603
160.629
160.655
160.68
160.706
160.732
160.758
160.784
160.809
160.835
160.861
160.887
160.913
160.938
160.964
160.99
161.016
161.041
161.067
161.093
161.119
161.145
161.17
161.196
161.222
161.248
161.273
161.299
161.325
161.351
161.376
161.402
161.428
161.454
161.479
161.505
161.531
161.557
161.583
161.608
161.634
161.66
161.686
161.712
161.737
161.763
161.789
161.815
161.84
161.866
161.892
161.918
161.943
161.969
161.995
162.021
162.047
162.072
162.098
162.139
162.165
162.191
162.217
162.242
162.268
162.294
162.32
162.345
162.371
162.397
162.423
162.448
162.474
162.5
162.526
162.552
162.577
162.603
162.629
162.655
162.68
162.706
162.732
162.758
162.783
162.809
162.835
162.861
162.886
162.912
162.938
162.964
162.99
163.015
163.041
163.067
163.093
163.119
163.144
163.17
163.196
163.222
163.247
163.273
163.299
163.325
163.351
163.376
163.402
163.428
163.454
163.48
163.505
163.531
163.557
163.583
163.608
163.634
163.66
163.686
163.712
163.738
163.763
163.789
163.815
163.841
163.866
163.892
163.918
163.944
163.97
163.995
164.021
164.047
164.073
164.098
164.124
164.15
164.176
164.202
164.227
164.253
164.279
164.305
164.33
164.356
164.382
164.408
164.434
164.459
164.485
164.511
164.537
164.563
164.588
164.614
164.64
164.666
164.691
164.717
164.743
164.769
164.795
164.82
164.846
164.872
164.898
164.924
164.949
164.975
165.001
165.027
165.052
165.078
165.104
165.13
165.156
165.181
165.207
165.238
165.264
165.289
165.315
165.341
165.367
165.392
165.418
165.444
165.47
165.496
165.521
165.547
165.573
165.599
165.624
165.65
165.676
165.702
165.727
165.753
165.779
165.805
165.831
165.856
165.882
165.908
165.934
165.96
165.985
166.011
166.037
166.063
166.089
166.114
166.14
166.166
166.192
166.217
166.243
166.269
166.295
166.32
166.346
166.372
166.398
166.424
166.449
166.475
166.501
166.527
166.553
166.578
166.604
166.63
166.656
166.681
166.707
166.733
166.759
166.785
166.81
166.836
166.862
166.888
166.914
166.939
166.965
166.991
167.017
167.043
167.068
167.099
167.125
167.151
167.176
167.202
167.228
167.254
167.279
167.305
167.331
167.357
167.383
167.408
167.434
167.46
167.486
167.511
167.537
167.563
167.589
167.615
167.64
167.666
167.692
167.717
167.743
167.769
167.795
167.821
167.846
167.872
167.898
167.924
167.95
167.975
168.001
168.027
168.053
168.079
168.104
168.13
168.156
168.182
168.207
168.233
168.259
168.285
168.311
168.336
168.362
168.388
168.414
168.439
168.465
168.491
168.517
168.542
168.568
168.594
168.62
168.646
168.671
168.697
168.723
168.748
168.774
168.8
168.826
168.852
168.877
168.903
168.929
168.955
168.981
169.006
169.032
169.058
169.084
169.11
169.136
169.161
169.187
169.213
169.239
169.264
169.29
169.316
169.342
169.368
169.393
169.419
169.445
169.471
169.496
169.522
169.548
169.574
169.6
169.625
169.651
169.677
169.703
169.728
169.754
169.78
169.806
169.832
169.857
169.883
169.909
169.935
169.96
169.986
170.012
170.038
170.064
170.089
170.115
170.141
170.167
170.192
170.218
170.244
170.27
170.296
170.321
170.347
170.373
170.399
170.424
170.45
170.476
170.502
170.528
170.553
170.579
170.605
170.631
170.656
170.682
170.708
170.734
170.759
170.785
170.811
170.837
170.863
170.888
170.914
170.94
170.966
170.991
171.017
171.043
171.069
171.095
171.12
171.146
171.172
171.198
171.224
171.249
171.275
171.301
171.327
171.352
171.378
171.404
171.43
171.456
171.481
171.507
171.533
171.559
171.585
171.61
171.636
171.662
171.688
171.713
171.739
171.765
171.791
171.816
171.842
171.868
171.894
171.92
171.945
171.971
171.997
172.023
172.049
172.074
172.1
172.126
172.152
172.177
172.203
172.229
172.255
172.281
172.306
172.332
172.358
172.384
172.409
172.435
172.461
172.487
172.513
172.538
172.564
172.59
172.616
172.641
172.667
172.693
172.718
172.744
172.77
172.796
172.821
172.847
172.873
172.899
172.924
172.95
172.976
173.002
173.028
173.053
173.079
173.105
173.131
173.157
173.182
173.208
173.234
173.26
173.285
173.311
173.337
173.363
173.389
173.414
173.44
173.466
173.492
173.517
173.543
173.569
173.595
173.621
173.646
173.672
173.698
173.724
173.749
173.775
173.801
173.827
173.853
173.878
173.904
173.93
173.956
173.982
174.007
174.033
174.059
174.085
174.11
174.136
174.162
174.188
174.214
174.239
174.265
174.291
174.317
174.342
174.368
174.394
174.42
174.446
174.471
174.497
174.523
174.549
174.575
174.6
174.626
174.652
174.678
174.703
174.729
174.755
174.781
174.806
174.832
174.858
174.884
174.909
174.935
174.961
174.987
175.012
175.038
175.064
175.09
175.115
175.141
175.167
175.193
175.218
175.244
175.27
175.296
175.322
175.347
175.373
175.399
175.425
175.45
175.476
175.502
175.527
175.553
175.579
175.605
175.631
175.656
175.682
175.708
175.734
175.759
175.785
175.811
175.837
175.863
175.888
175.914
175.94
175.966
175.991
176.017
176.043
176.069
176.094
176.12
176.146
176.172
176.197
176.223
176.249
176.275
176.3
176.326
176.352
176.378
176.403
176.429
176.455
176.481
176.506
176.532
176.558
176.584
176.61
176.635
176.661
176.687
176.713
176.738
176.764
176.79
176.815
176.841
176.867
176.893
176.918
176.944
176.97
176.996
177.021
177.047
177.073
177.099
177.124
177.15
177.176
177.202
177.227
177.253
177.279
177.305
177.331
177.356
177.382
177.408
177.434
177.459
177.485
177.511
177.537
177.562
177.588
177.614
177.639
177.665
177.691
177.717
177.742
177.768
177.794
177.82
177.845
177.871
177.897
177.923
177.949
177.974
178
178.026
178.052
178.077
178.103
178.129
178.155
178.181
178.206
178.232
178.258
178.284
178.309
178.335
178.361
178.387
178.412
178.438
178.464
178.49
178.515
178.541
178.567
178.593
178.618
178.644
178.67
178.695
178.721
178.747
178.773
178.799
178.824
178.85
178.876
178.902
178.927
178.953
178.979
179.005
179.031
179.056
179.082
179.108
179.134
179.159
179.185
179.211
179.237
179.262
179.288
179.314
179.34
179.365
179.391
179.417
179.443
179.469
179.494
179.52
179.546
179.572
179.597
179.623
179.649
179.675
179.7
179.726
179.752
179.778
179.803
179.829
179.855
179.881
179.907
179.932
179.958
179.984
180.01
180.035
180.061
180.087
180.113
180.139
180.164
180.19
180.216
180.242
180.267
180.293
180.319
180.345
180.37
180.396
180.422
180.448
180.474
180.499
180.525
180.551
180.577
180.602
180.628
180.654
180.68
180.705
180.731
180.757
180.783
180.808
180.834
180.86
180.886
180.911
180.937
180.963
180.989
181.014
181.04
181.066
181.092
181.117
181.143
181.169
181.195
181.22
181.246
181.272
181.298
181.323
181.349
181.375
181.4
181.426
181.452
181.478
181.503
181.529
181.555
181.581
181.606
181.632
181.658
181.684
181.709
181.735
181.761
181.787
181.812
181.838
181.864
181.89
181.915
181.941
181.967
181.993
182.018
182.044
182.07
182.096
182.121
182.147
182.173
182.199
182.224
182.25
182.276
182.302
182.328
182.353
182.379
182.405
182.431
182.456
182.482
182.508
182.534
182.559
182.585
182.611
182.637
182.662
182.688
182.714
182.74
182.765
182.791
182.817
182.843
182.869
182.894
182.92
182.946
182.972
182.997
183.023
183.049
183.075
183.1
183.126
183.152
183.178
183.204
183.229
183.255
183.281
183.307
183.332
183.358
183.384
183.41
183.435
183.461
183.487
183.513
183.538
183.564
183.59
183.616
183.641
183.667
183.693
183.719
183.745
183.77
183.796
183.822
183.848
183.874
183.9
183.925
183.951
183.977
184.003
184.029
184.054
184.08
184.106
184.132
184.157
184.183
184.209
184.235
184.26
184.286
184.312
184.338
184.364
184.389
184.415
184.441
184.467
184.493
184.518
184.544
184.57
184.596
184.622
184.647
184.673
184.699
184.724
184.75
184.776
184.802
184.827
184.853
184.879
184.905
184.931
184.956
184.982
185.008
185.034
185.059
185.085
185.111
185.137
185.163
185.188
185.214
185.24
185.266
185.292
185.317
185.343
185.369
185.395
185.42
185.446
185.472
185.498
185.523
185.549
185.575
185.601
185.626
185.652
185.678
185.704
185.73
185.755
185.781
185.807
185.833
185.858
185.884
185.91
185.936
185.961
185.987
186.013
186.039
186.065
186.09
186.116
186.142
186.168
186.193
186.219
186.245
186.271
186.296
186.322
186.348
186.374
186.4
186.425
186.451
186.477
186.503
186.529
186.554
186.58
186.606
186.632
186.657
186.683
186.709
186.735
186.76
186.786
186.812
186.838
186.863
186.889
186.915
186.941
186.966
186.992
187.018
187.043
187.069
187.095
187.121
187.146
187.172
187.198
187.224
187.249
187.275
187.301
187.327
187.353
187.378
187.404
187.43
187.456
187.481
187.507
187.533
187.558
187.584
187.61
187.635
187.661
187.687
187.713
187.738
187.764
187.79
187.816
187.841
187.867
187.893
187.918
187.944
187.97
187.996
188.021
188.047
188.073
188.099
188.124
188.15
188.176
188.202
188.227
188.253
188.279
188.305
188.331
188.356
188.382
188.408
188.434
188.459
188.485
188.511
188.537
188.562
188.588
188.614
188.64
188.665
188.691
188.717
188.742
188.768
188.794
188.82
188.845
188.871
188.897
188.923
188.948
188.974
189
189.025
189.051
189.077
189.103
189.128
189.154
189.18
189.206
189.231
189.257
189.283
189.309
189.334
189.36
189.386
189.412
189.437
189.463
189.489
189.515
189.54
189.566
189.592
189.618
189.643
189.669
189.695
189.721
189.747
189.772
189.798
189.824
189.849
189.875
189.901
189.927
189.952
189.978
190.004
190.03
190.055
190.081
190.107
190.132
190.158
190.184
190.21
190.235
190.261
190.287
190.313
190.338
190.364
190.39
190.416
190.441
190.467
190.493
190.519
190.544
190.57
190.596
190.622
190.647
190.673
190.699
190.724
190.75
190.776
190.802
190.827
190.853
190.879
190.905
190.93
190.956
190.982
191.008
191.033
191.059
191.085
191.11
191.136
191.162
191.188
191.213
191.239
191.265
191.291
191.316
191.342
191.368
191.393
191.419
191.445
191.471
191.496
191.522
191.548
191.574
191.599
191.625
191.651
191.677
191.702
191.728
191.754
191.779
191.805
191.831
191.857
191.882
191.908
191.934
191.959
191.985
192.011
192.037
192.062
192.088
192.114
192.139
192.165
192.191
192.216
192.242
192.268
192.294
192.319
192.345
192.371
192.396
192.422
192.448
192.474
192.499
192.525
192.551
192.577
192.602
192.628
192.654
192.679
192.705
192.731
192.757
192.782
192.808
192.834
192.859
192.885
192.911
192.937
192.962
192.988
193.014
193.039
193.065
193.091
193.117
193.142
193.168
193.194
193.22
193.245
193.271
193.297
193.322
193.348
193.374
193.4
193.425
193.451
193.477
193.503
193.528
193.554
193.58
193.605
193.631
193.657
193.683
193.708
193.734
193.76
193.785
193.811
193.837
193.863
193.888
193.914
193.94
193.965
193.991
194.017
194.043
194.068
194.094
194.12
194.145
194.171
194.197
194.222
194.248
194.274
194.3
194.325
194.351
194.377
194.402
194.428
194.454
194.48
194.505
194.531
194.557
194.582
194.608
194.634
194.659
194.685
194.711
194.737
194.762
194.788
194.814
194.839
194.865
194.891
194.916
194.942
194.968
194.993
195.019
195.045
195.071
195.096
195.122
195.148
195.173
195.199
195.225
195.251
195.276
195.302
195.328
195.353
195.379
195.405
195.43
195.456
195.482
195.508
195.533
195.559
195.585
195.61
195.636
195.662
195.688
195.713
195.739
195.765
195.79
195.816
195.842
195.868
195.893
195.919
195.945
195.97
195.996
196.022
196.047
196.073
196.099
196.125
196.15
196.176
196.202
196.227
196.253
196.279
196.305
196.33
196.356
196.382
196.407
196.433
196.459
196.484
196.51
196.536
196.561
196.587
196.613
196.639
196.664
196.69
196.715
196.741
196.767
196.792
196.818
196.844
196.869
196.895
196.921
196.947
196.972
196.998
197.024
197.049
197.075
197.101
197.127
197.152
197.178
197.204
197.229
197.255
197.281
197.307
197.332
197.358
197.384
197.409
197.435
197.461
197.486
197.512
197.538
197.563
197.589
197.614
197.64
197.666
197.691
197.717
197.743
197.768
197.794
197.82
197.845
197.871
197.897
197.922
197.948
197.974
197.999
198.025
198.051
198.076
198.102
198.128
198.153
198.179
198.204
198.23
198.256
198.281
198.307
198.333
198.358
198.384
198.41
198.435
198.461
198.487
198.513
198.538
198.564
198.59
198.615
198.641
198.667
198.692
198.718
198.744
198.769
198.795
198.82
198.846
198.872
198.897
198.923
198.949
198.974
199
199.026
199.051
199.077
199.103
199.128
199.154
199.18
199.205
199.231
199.257
199.282
199.308
199.334
199.359
199.385
199.411
199.436
199.462
199.487
199.513
199.539
199.564
199.59
199.616
199.641
199.667
199.693
199.718
199.744
199.77
199.795
199.821
199.847
199.872
199.898
199.924
199.949
199.975
200
200.026
200.052
200.077
200.103
200.129
200.154
200.18
200.206
200.239
200.265
200.29
200.316
200.341
200.367
200.393
200.418
200.444
200.47
200.495
200.521
200.547
200.572
200.598
200.623
200.649
200.675
200.7
200.726
200.751
200.777
200.803
200.828
200.854
200.88
200.905
200.931
200.956
200.982
201.008
201.033
201.059
201.084
201.11
201.136
201.161
201.187
201.212
201.238
201.264
201.289
201.315
201.34
201.366
201.392
201.417
201.443
201.468
201.494
201.52
201.545
201.571
201.596
201.622
201.648
201.673
201.699
201.724
201.75
201.776
201.801
201.827
201.852
201.878
201.904
201.929
201.955
201.98
202.006
202.032
202.057
202.083
202.108
202.134
202.16
202.185
202.211
202.236
202.262
202.288
202.313
202.339
202.364
202.39
202.416
202.441
202.467
202.492
202.518
202.544
202.569
202.595
202.62
202.646
202.671
202.697
202.723
202.748
202.774
202.799
202.825
202.85
202.876
202.902
202.927
202.953
202.978
203.004
203.029
203.055
203.081
203.106
203.132
203.157
203.183
203.208
203.234
203.259
203.285
203.311
203.336
203.362
203.387
203.413
203.438
203.464
203.49
203.515
203.541
203.566
203.592
203.617
203.643
203.668
203.694
203.719
203.745
203.771
203.796
203.822
203.847
203.873
203.898
203.924
203.95
203.975
204.001
204.026
204.052
204.077
204.103
204.128
204.154
204.179
204.205
204.23
204.256
204.281
204.307
204.332
204.358
204.383
204.409
204.434
204.46
204.485
204.511
204.537
204.562
204.587
204.613
204.638
204.664
204.689
204.715
204.74
204.766
204.791
204.817
204.842
204.867
204.893
204.918
204.944
204.969
204.995
205.02
205.046
205.071
205.097
205.122
205.148
205.173
205.199
205.224
205.25
205.275
205.301
205.326
205.351
205.377
205.402
205.428
205.453
205.479
205.504
205.529
205.555
205.58
205.606
205.631
205.657
205.682
205.707
205.733
205.758
205.784
205.809
205.834
205.86
205.885
205.911
205.936
205.962
205.987
206.012
206.038
206.063
206.089
206.114
206.139
206.165
206.19
206.216
206.241
206.266
206.292
206.318
206.344
206.369
206.395
206.421
206.447
206.473
206.499
206.525
206.55
206.576
206.602
206.628
206.654
206.68
206.705
206.731
206.757
206.783
206.809
206.835
206.861
206.886
206.912
206.938
206.964
206.99
207.015
207.041
207.067
207.093
