43.4171
150.901
1.83233e+07
0
135.475
141.758
142.616
142.411
142.473
142.185
141.835
141.83
141.828
141.828
141.825
141.819
141.815
141.808
141.797
141.783
141.77
141.754
141.733
141.708
141.683
141.652
141.617
141.585
141.548
141.507
141.463
141.421
141.383
141.344
141.307
141.27
141.229
141.182
141.14
141.097
141.048
141.002
140.956
140.908
140.861
140.805
140.747
140.684
140.621
140.56
140.496
140.425
140.359
140.292
140.219
140.145
140.074
140
139.918
139.84
139.76
139.68
139.599
139.514
139.426
139.334
139.242
139.152
139.049
138.954
138.854
138.75
138.65
138.55
138.455
138.363
138.259
138.136
138.024
137.929
137.82
137.705
137.592
137.475
137.362
137.233
137.111
136.988
136.863
136.731
136.602
136.465
136.331
136.195
136.055
135.911
135.762
135.631
135.489
135.359
135.235
135.105
134.976
134.838
134.701
134.561
134.412
134.259
134.127
133.984
133.839
133.702
133.553
133.403
133.247
133.119
133.017
132.908
132.826
132.729
132.634
132.545
132.456
132.347
132.242
132.161
132.067
131.977
131.873
131.766
131.667
131.576
131.481
131.385
131.303
131.215
131.146
131.054
130.966
130.885
130.785
130.703
130.615
130.522
130.424
130.326
130.231
130.136
130.021
129.925
129.824
129.707
129.605
129.484
129.372
129.262
129.145
129.028
128.901
128.784
128.655
128.511
128.388
128.246
128.093
127.954
127.799
127.655
127.504
127.377
127.243
127.087
126.938
126.8
126.652
126.476
126.33
126.173
126.014
125.867
125.715
125.564
125.417
125.241
125.1
124.949
124.81
124.671
124.53
124.4
124.272
124.131
123.988
123.847
123.718
123.562
123.423
123.285
123.137
122.986
122.848
122.7
122.55
122.405
122.248
122.088
121.935
121.79
121.633
121.487
121.337
121.191
121.038
120.88
120.748
120.591
120.442
120.294
120.152
120.008
119.856
119.714
119.574
119.424
119.275
119.128
118.981
118.83
118.686
118.545
118.401
118.246
118.106
117.967
117.832
117.692
117.549
117.412
117.278
117.131
116.993
116.854
116.721
116.581
116.456
116.328
116.2
116.055
115.926
115.804
115.715
115.656
115.606
115.546
115.483
115.42
115.368
115.308
115.245
115.183
115.119
115.059
114.99
114.929
114.867
114.802
114.734
114.668
114.6
114.535
114.466
114.385
114.303
114.237
114.168
114.096
114.021
113.953
113.882
113.811
113.735
113.662
113.583
113.514
113.451
113.369
113.286
113.199
113.136
113.066
112.994
112.929
112.861
112.792
112.726
112.663
112.592
112.529
112.467
112.401
112.407
112.403
112.422
112.398
112.426
112.433
112.443
112.436
112.413
112.395
112.392
112.411
112.416
112.437
112.439
112.441
112.454
112.453
112.404
112.417
112.443
112.452
112.41
112.388
112.367
112.339
112.337
112.343
112.33
112.322
112.338
112.354
112.334
112.343
112.374
112.358
112.358
112.387
112.389
112.402
112.409
112.43
112.435
112.446
112.481
112.479
112.514
112.521
112.526
112.547
112.607
112.652
112.691
112.71
112.779
112.799
112.84
112.887
112.916
112.949
112.978
113.029
113.048
113.078
113.111
113.14
113.163
113.181
113.21
113.194
113.214
113.243
113.224
113.241
113.277
113.308
113.36
113.435
113.497
113.563
113.616
113.645
113.71
113.748
113.785
113.83
113.859
113.888
113.919
113.963
114.003
114.021
114.053
114.1
114.131
114.153
114.207
114.277
114.235
114.211
114.161
114.148
114.19
114.238
114.253
114.291
114.332
114.377
114.425
114.463
114.513
114.559
114.605
114.661
114.703
114.757
114.811
114.825
114.859
114.915
114.951
114.989
115.047
115.097
115.129
115.189
115.23
115.244
115.271
115.305
115.325
115.363
115.367
115.395
115.408
115.425
115.438
115.45
115.469
115.476
115.466
115.462
115.469
115.467
115.464
115.465
115.471
115.446
115.459
115.463
115.466
115.443
115.421
115.405
115.399
115.386
115.38
115.372
115.353
115.343
115.301
115.282
115.259
115.234
115.244
115.242
115.25
115.248
115.25
115.213
115.174
115.155
115.154
115.136
115.116
115.08
115.044
115.013
114.973
114.958
114.96
114.967
114.967
114.973
114.969
114.987
114.98
114.978
114.961
114.976
114.985
114.975
114.98
115.016
115.061
115.085
115.077
115.127
115.152
115.168
115.197
115.246
115.329
115.39
115.439
115.483
115.501
115.525
115.555
115.585
115.59
115.637
115.676
115.691
115.696
115.722
115.756
115.763
115.764
115.802
115.834
115.844
115.882
115.912
115.929
115.943
115.972
115.983
116.001
115.992
116.017
116.061
116.063
116.088
116.074
116.104
116.116
116.12
116.125
116.14
116.187
116.215
116.243
116.262
116.263
116.258
116.271
116.285
116.31
116.315
116.346
116.359
116.352
116.376
116.39
116.363
116.367
116.377
116.382
116.36
116.357
116.352
116.327
116.345
116.352
116.372
116.359
116.364
116.388
116.385
116.368
116.391
116.378
116.387
116.375
116.377
116.392
116.396
116.394
116.413
116.446
116.473
116.471
116.487
116.506
116.515
116.502
116.518
116.511
116.529
116.537
116.533
116.515
116.54
116.543
116.525
116.54
116.551
116.538
116.527
116.536
116.525
116.497
116.491
116.493
116.484
116.454
116.425
116.419
116.421
116.417
116.407
116.438
116.475
116.492
116.504
116.509
116.496
116.466
116.479
116.448
116.453
116.436
116.416
116.414
116.408
116.398
116.409
116.424
116.433
116.425
116.432
116.422
116.39
116.396
116.399
116.403
116.384
116.389
116.391
116.388
116.39
116.37
116.364
116.375
116.35
116.346
116.333
116.302
116.295
116.28
116.268
116.263
116.246
116.236
116.233
116.261
116.277
116.267
116.276
116.297
116.316
116.31
116.281
116.285
116.263
116.233
116.226
116.227
116.199
116.185
116.169
116.14
116.096
116.09
116.064
116.032
116.051
116.109
116.136
116.163
116.197
116.221
116.224
116.221
116.24
116.233
116.24
116.259
116.259
116.25
116.274
116.285
116.257
116.249
116.259
116.251
116.229
116.233
116.227
116.192
116.143
116.107
116.075
116.035
115.984
115.949
115.91
115.856
115.833
115.806
115.775
115.74
115.708
115.677
115.659
115.63
115.601
115.562
115.527
115.491
115.445
115.399
115.361
115.301
115.255
115.215
115.17
115.099
115.051
114.977
114.897
114.839
114.772
114.716
114.665
114.604
114.559
114.501
114.454
114.464
114.44
114.43
114.413
114.407
114.355
114.308
114.25
114.225
114.201
114.14
114.087
114.031
113.973
113.913
113.852
113.778
113.722
113.646
113.586
113.544
113.502
113.467
113.43
113.408
113.379
113.346
113.311
113.277
113.249
113.226
113.2
113.172
113.153
113.113
113.072
113.04
113
112.967
112.92
112.872
112.831
112.792
112.762
112.757
112.754
112.742
112.749
112.738
112.735
112.726
112.717
112.693
112.657
112.641
112.622
112.59
112.566
112.557
112.526
112.503
112.475
112.434
112.402
112.366
112.34
112.273
112.218
112.168
112.103
112.048
111.996
111.93
111.862
111.812
111.748
111.728
111.676
111.637
111.599
111.562
111.509
111.468
111.41
111.371
111.318
111.298
111.344
111.389
111.404
111.447
111.474
111.474
111.472
111.482
111.457
111.441
111.417
111.394
111.421
111.454
111.454
111.457
111.478
111.474
111.49
111.492
111.496
111.542
111.575
111.611
111.636
111.663
111.761
111.863
111.952
112.03
112.134
112.233
112.319
112.39
112.425
112.502
112.55
112.572
112.608
112.668
112.705
112.768
112.863
112.966
113.04
113.123
113.215
113.279
113.322
113.41
113.461
113.51
113.583
113.681
113.741
113.818
113.918
113.977
114.039
114.113
114.167
114.22
114.29
114.375
114.434
114.492
114.552
114.628
114.692
114.746
114.808
114.826
114.868
114.912
114.969
115.028
115.047
115.104
115.167
115.22
115.29
115.319
115.362
115.393
115.412
115.469
115.508
115.548
115.567
115.592
115.587
115.59
115.601
115.596
115.556
115.535
115.534
115.53
115.531
115.536
115.523
115.51
115.512
115.52
115.497
115.491
115.475
115.483
115.472
115.447
115.441
115.441
115.428
115.424
115.416
115.407
115.399
115.397
115.382
115.349
115.336
115.315
115.288
115.259
115.271
115.268
115.283
115.289
115.306
115.309
115.305
115.34
115.352
115.374
115.403
115.492
115.588
115.657
115.71
115.782
115.849
115.91
115.965
116.045
116.096
116.143
116.207
116.248
116.297
116.324
116.369
116.408
116.404
116.429
116.447
116.452
116.443
116.447
116.436
116.411
116.403
116.387
116.37
116.314
116.288
116.268
116.222
116.189
116.195
116.196
116.181
116.196
116.197
116.194
116.179
116.185
116.188
116.164
116.14
116.131
116.102
116.083
116.059
116.038
116.005
115.971
115.946
115.914
115.889
115.859
115.847
115.845
115.822
115.838
115.849
115.824
115.814
115.818
115.816
115.805
115.813
115.834
115.852
115.86
115.89
115.908
115.919
115.935
115.96
115.976
115.971
115.994
116.017
116.03
116.043
116.086
116.098
116.1
116.117
116.149
116.159
116.159
116.17
116.17
116.149
116.161
116.162
116.188
116.188
116.187
116.209
116.194
116.187
116.179
116.187
116.156
116.117
116.096
116.078
116.059
116.045
116.042
116.055
116.057
116.081
116.088
116.072
116.052
116.055
116.058
116.048
116.049
116.048
116.025
116.008
115.996
115.987
115.97
115.947
115.947
115.947
115.941
115.939
115.942
115.943
115.929
115.921
115.907
115.907
115.885
115.879
115.862
115.853
115.828
115.805
115.784
115.785
115.769
115.747
115.721
115.691
115.653
115.635
115.639
115.587
115.578
115.605
115.643
115.641
115.654
115.706
115.696
115.701
115.723
115.751
115.738
115.762
115.776
115.791
115.809
115.834
115.849
115.855
115.883
115.9
115.892
115.908
115.921
115.921
115.913
115.925
115.892
115.882
115.885
115.857
115.828
115.807
115.789
115.743
115.729
115.717
115.687
115.636
115.611
115.559
115.534
115.49
115.464
115.435
115.44
115.471
115.502
115.519
115.54
115.558
115.554
115.551
115.533
115.521
115.515
115.507
115.496
115.473
115.462
115.432
115.41
115.399
115.391
115.366
115.379
115.38
115.379
115.376
115.375
115.389
115.412
115.465
115.546
115.606
115.669
115.723
115.778
115.816
115.856
115.878
115.903
115.928
115.919
115.923
115.933
115.932
115.932
115.923
115.936
115.953
115.969
115.977
115.989
115.967
115.946
115.949
115.925
115.889
115.877
115.851
115.812
115.778
115.751
115.716
115.674
115.636
115.605
115.556
115.5
115.463
115.409
115.35
115.276
115.207
115.111
115.024
114.952
114.868
114.775
114.686
114.606
114.496
114.432
114.324
114.217
114.138
114.052
113.941
113.844
113.762
113.536
113.391
113.301
113.205
113.133
113.04
112.954
112.876
112.783
112.686
112.604
112.535
112.47
112.409
112.337
112.279
112.21
112.152
112.091
112.035
111.972
111.916
111.86
111.8
111.744
111.687
111.633
111.569
111.51
111.503
111.512
111.523
111.507
111.487
111.473
111.465
111.436
111.418
111.39
111.354
111.326
111.349
111.39
111.402
111.428
111.453
111.521
111.606
111.674
111.684
111.678
111.681
111.666
111.643
111.586
111.566
111.532
111.538
111.521
111.485
111.496
111.481
111.483
111.476
111.483
111.504
111.515
111.559
111.544
111.561
111.594
111.616
111.61
111.635
111.671
111.669
111.682
111.716
111.727
111.727
111.732
111.777
111.762
111.771
111.807
111.807
111.808
111.834
111.876
111.87
111.89
111.889
111.885
111.923
111.905
111.924
111.926
111.956
111.954
111.979
112.004
112.01
112.012
112.041
112.087
112.085
112.095
112.121
112.159
112.158
112.158
112.185
112.193
112.19
112.211
112.258
112.275
112.298
112.338
112.379
112.414
112.471
112.535
112.652
112.769
112.876
112.954
113.061
113.16
113.241
113.309
113.37
113.417
113.455
113.511
113.556
113.583
113.6
113.656
113.698
113.751
113.802
113.853
113.894
113.921
113.958
114.02
114.041
114.066
114.132
114.179
114.183
114.221
114.283
114.326
114.377
114.469
114.502
114.503
114.546
114.601
114.618
114.721
114.84
114.935
115.02
115.09
115.168
115.246
115.321
115.408
115.482
115.539
115.586
115.692
115.777
115.859
115.941
116.002
115.694
115.699
115.74
115.802
115.84
115.887
115.947
115.992
116.024
116.024
116.046
116.097
116.133
116.14
116.159
116.2
116.212
116.24
116.258
116.285
116.314
116.319
116.341
116.368
116.388
116.421
116.449
116.485
116.491
116.516
116.5
116.501
116.496
116.499
116.499
116.464
116.472
116.459
116.455
116.447
116.437
116.436
116.413
116.407
116.393
116.383
116.365
116.327
116.31
116.275
116.259
116.241
116.208
116.183
116.158
116.124
116.097
116.062
116.027
116.004
115.955
115.92
115.868
115.824
115.766
115.729
115.662
115.61
115.559
115.505
115.447
115.398
115.355
115.283
115.248
115.182
115.162
115.109
115.048
114.993
114.958
114.885
114.858
114.802
114.736
114.67
114.626
114.584
114.528
114.477
114.443
114.43
114.374
114.34
114.321
114.285
114.238
114.206
114.162
114.145
114.117
114.086
114.07
114.023
114.012
113.99
113.96
113.948
113.943
113.926
113.907
113.898
113.889
113.849
113.839
113.819
113.784
113.751
113.722
113.694
113.665
113.626
113.599
113.582
113.555
113.584
113.634
113.651
113.658
113.679
113.68
113.716
113.721
113.701
113.74
113.756
113.776
113.809
113.814
113.823
113.857
113.858
113.896
113.898
113.932
113.974
114.01
114.041
114.082
114.099
114.143
114.155
114.197
114.209
114.225
114.241
114.256
114.257
114.265
114.329
114.304
114.33
114.336
114.361
114.374
114.401
114.393
114.437
114.457
114.468
114.477
114.517
114.542
114.566
114.594
114.623
114.655
114.679
114.679
114.732
114.788
114.822
114.855
114.899
114.939
114.95
114.948
114.935
114.914
114.921
114.928
114.945
114.963
114.95
114.948
114.944
114.944
114.948
114.951
114.951
114.951
114.949
114.945
114.946
114.951
114.932
114.945
114.96
114.969
114.989
114.996
114.999
115.021
115.01
115.011
115.028
115.023
115.017
115.003
114.991
114.951
114.927
114.899
114.872
114.841
114.806
114.778
114.721
114.693
114.629
114.652
114.681
114.72
114.814
114.889
114.935
114.944
114.927
114.918
114.904
114.89
114.88
114.871
114.86
114.85
114.854
114.85
114.852
114.849
114.859
114.893
114.923
114.966
114.975
115.011
115.054
115.093
115.149
115.255
115.357
115.449
115.522
115.554
115.609
115.675
115.713
115.754
115.767
115.807
115.801
115.864
115.843
115.903
115.877
115.91
115.927
115.919
115.938
115.938
115.949
115.953
115.966
115.966
115.999
116.03
116.035
116.079
116.122
116.151
116.16
116.192
116.249
116.264
116.279
116.315
116.34
116.35
116.37
116.407
116.385
116.401
116.395
116.41
116.41
116.396
116.396
116.39
116.37
116.347
116.353
116.328
116.298
116.309
116.289
116.266
116.234
116.222
116.196
116.179
116.154
116.103
116.098
116.092
116.08
116.046
116.053
116.028
116.055
116.013
116.007
115.974
115.968
115.947
115.934
115.915
115.911
115.879
115.839
115.797
115.785
115.759
115.725
115.688
115.616
115.608
115.588
115.561
115.548
115.504
115.494
115.416
115.375
115.317
115.273
115.235
115.205
115.17
115.133
115.109
115.086
115.062
115.02
114.995
114.944
114.904
114.854
114.802
114.73
114.675
114.663
114.638
114.624
114.642
114.637
114.645
114.67
114.66
114.67
114.692
114.681
114.677
114.69
114.691
114.691
114.674
114.695
114.671
114.678
114.697
114.721
114.701
114.73
114.772
114.784
114.832
114.838
114.874
114.898
114.917
114.94
114.969
114.992
115.039
115.077
115.075
115.117
115.141
115.142
115.155
115.172
115.207
115.217
115.211
115.229
115.239
115.236
115.263
115.248
115.276
115.239
115.244
115.268
115.254
115.242
115.277
115.277
115.241
115.244
115.232
115.215
115.199
115.196
115.197
115.148
115.145
115.116
115.082
115.058
115.023
115.016
114.975
114.948
114.906
114.884
114.859
114.826
114.83
114.808
114.793
114.783
114.769
114.748
114.722
114.715
114.68
114.642
114.633
114.615
114.576
114.549
114.525
114.496
114.464
114.44
114.408
114.377
114.324
114.307
114.273
114.226
114.197
114.165
114.112
114.087
114.092
114.045
114.027
114.017
113.982
113.933
113.914
113.892
113.836
113.794
113.769
113.73
113.671
113.633
113.604
113.529
113.48
113.434
113.376
113.301
113.259
113.201
113.121
113.061
113
112.931
112.878
112.812
112.748
112.701
112.656
112.614
112.582
112.551
112.51
112.469
112.418
112.396
112.359
112.33
112.28
112.243
112.223
112.205
112.152
112.127
112.093
112.054
112.008
111.985
111.964
111.926
111.888
111.865
111.819
111.792
111.782
111.755
111.706
111.68
111.644
111.624
111.618
111.601
111.581
111.583
111.572
111.544
111.543
111.543
111.616
111.654
111.719
111.794
111.867
111.926
111.989
112.056
112.11
112.177
112.219
112.277
112.315
112.366
112.469
112.519
112.581
112.665
112.766
112.842
112.888
113.003
113.104
113.179
113.26
113.345
113.43
113.474
113.569
113.647
113.724
113.793
113.923
113.982
114.05
114.149
114.24
114.307
114.354
114.459
114.524
114.557
114.629
114.698
114.739
114.797
114.886
114.915
114.945
115.016
115.067
115.086
115.135
115.146
115.2
115.24
115.271
115.299
115.341
115.373
115.384
115.405
115.443
115.462
115.487
115.53
115.535
115.552
115.569
115.571
115.585
115.597
115.606
115.592
115.593
115.634
115.616
115.62
115.604
115.603
115.657
115.7
115.744
115.813
115.852
115.892
115.934
115.976
116.002
116.015
116.024
116.069
116.094
116.116
116.146
116.193
116.195
116.215
116.239
116.272
116.27
116.289
116.303
116.269
116.261
116.254
116.248
116.276
116.287
116.304
116.319
116.346
116.352
116.377
116.395
116.426
116.463
116.481
116.509
116.502
116.5
116.512
116.534
116.517
116.513
116.514
116.514
116.5
116.497
116.49
116.49
116.473
116.476
116.456
116.437
116.425
116.376
116.375
116.361
116.303
116.247
116.207
116.154
116.105
116.069
116.054
116.036
116.021
115.998
115.963
115.951
115.918
115.877
115.841
115.798
115.777
115.735
115.683
115.662
115.654
115.662
115.629
115.612
115.591
115.564
115.555
115.538
115.532
115.504
115.478
115.458
115.431
115.389
115.343
115.319
115.286
115.233
115.185
115.159
115.117
115.055
115.016
114.971
114.938
114.908
114.872
114.845
114.796
114.75
114.711
114.652
114.615
114.571
114.514
114.465
114.407
114.363
114.317
114.251
114.211
114.145
114.09
114.041
113.97
113.919
113.865
113.782
113.715
113.634
113.599
113.54
113.493
113.453
113.407
113.354
113.297
113.243
113.2
113.146
113.101
113.066
113.048
113.013
112.986
112.968
112.931
112.889
112.851
112.835
112.79
112.774
112.749
112.712
112.701
112.689
112.657
112.636
112.618
112.597
112.573
112.549
112.522
112.492
112.473
112.45
112.404
112.386
112.378
112.377
112.349
112.349
112.345
112.328
112.304
112.286
112.276
112.236
112.216
112.21
112.198
112.171
112.164
112.142
112.13
112.117
112.091
112.085
112.098
112.137
112.193
112.232
112.263
112.319
112.37
112.454
112.52
112.611
112.661
112.718
112.781
112.832
112.873
112.917
112.968
113.001
113.009
113.05
113.088
113.099
113.133
113.171
113.179
113.205
113.244
113.295
113.337
113.367
113.42
113.442
113.486
113.56
113.616
113.654
113.703
113.774
113.831
113.891
113.951
114.009
114.033
114.087
114.138
114.188
114.211
114.233
114.25
114.275
114.317
114.362
114.389
114.387
114.421
114.464
114.478
114.491
114.518
114.554
114.577
114.612
114.628
114.633
114.65
114.667
114.677
114.678
114.696
114.695
114.705
114.71
114.709
114.703
114.717
114.723
114.726
114.752
114.778
114.816
114.855
114.907
114.935
114.993
115.052
115.101
115.166
115.206
115.267
115.315
115.37
115.384
115.415
115.452
115.5
115.531
115.562
115.579
115.602
115.619
115.662
115.671
115.683
115.683
115.715
115.747
115.769
115.777
115.812
115.827
115.846
115.879
115.9
115.916
115.925
115.954
115.95
115.957
115.975
115.972
115.974
115.953
115.952
115.968
115.941
115.958
115.942
115.937
115.922
115.928
115.932
115.913
115.896
115.941
115.956
115.965
115.96
115.951
115.918
115.898
115.877
115.85
115.811
115.791
115.762
115.747
115.716
115.691
115.657
115.64
115.604
115.579
115.549
115.531
115.511
115.488
115.479
115.461
115.427
115.401
115.359
115.323
115.307
115.349
115.39
115.412
115.434
115.437
115.476
115.523
115.553
115.599
115.628
115.694
115.757
115.809
115.87
115.932
115.979
116.031
116.071
116.1
116.131
116.171
116.21
116.222
116.234
116.264
116.27
116.283
116.283
116.282
116.262
116.237
116.217
116.207
116.161
116.124
116.104
116.074
116.049
116.016
115.989
115.957
115.931
115.911
115.873
115.842
115.835
115.821
115.791
115.763
115.731
115.705
115.722
115.774
115.805
115.851
115.885
115.938
115.97
115.994
116.02
116.045
116.07
116.087
116.076
116.074
116.077
116.087
116.07
116.042
116.045
116.035
116.014
115.993
115.946
115.906
115.874
115.828
115.798
115.755
115.72
115.674
115.638
115.605
115.556
115.511
115.465
115.428
115.405
115.367
115.344
115.332
115.317
115.26
115.237
115.213
115.17
115.123
115.095
115.044
114.997
114.957
114.912
114.851
114.813
114.793
114.748
114.733
114.725
114.701
114.671
114.651
114.612
114.582
114.552
114.515
114.483
114.468
114.45
114.437
114.43
114.406
114.393
114.419
114.444
114.444
114.461
114.476
114.471
114.458
114.469
114.451
114.465
114.462
114.47
114.479
114.474
114.475
114.445
114.448
114.437
114.447
114.482
114.526
114.569
114.605
114.629
114.663
114.693
114.714
114.74
114.733
114.765
114.771
114.793
114.795
114.79
114.8
114.794
114.79
114.783
114.782
114.789
114.801
114.821
114.844
114.853
114.858
114.886
114.878
114.889
114.887
114.894
114.858
114.866
114.865
114.868
114.861
114.879
114.902
114.914
114.888
114.922
114.927
114.928
114.968
115.017
114.992
114.994
115.052
115.037
115.029
115.043
115.06
115.042
115.022
115.068
115.045
115.029
115.015
114.999
114.962
114.953
114.942
114.916
114.903
114.908
114.896
114.883
114.893
114.872
114.861
114.849
114.85
114.822
114.799
114.799
114.761
114.731
114.711
114.711
114.751
114.762
114.817
114.862
114.914
114.964
114.985
115.038
115.092
115.098
115.124
115.138
115.152
115.169
115.183
115.193
115.219
115.262
115.293
115.318
115.374
115.399
115.415
115.459
115.486
115.503
115.525
115.568
115.589
115.621
115.655
115.685
115.705
115.726
115.751
115.754
115.763
115.783
115.808
115.811
115.839
115.857
115.863
115.868
115.887
115.885
115.882
115.895
115.901
115.89
115.879
115.875
115.883
115.878
115.878
115.889
115.87
115.844
115.851
115.85
115.808
115.779
115.796
115.752
115.724
115.702
115.677
115.64
115.61
115.582
115.551
115.521
115.485
115.455
115.427
115.375
115.335
115.3
115.262
115.217
115.171
115.137
115.074
115.027
114.967
114.907
114.845
114.774
114.72
114.66
114.584
114.509
114.435
114.362
114.298
114.219
114.141
114.059
113.993
113.919
113.855
113.776
113.707
113.644
113.575
113.499
113.429
113.371
113.311
113.271
113.257
113.236
113.211
113.187
113.166
113.133
113.121
113.111
113.069
113.043
113.04
113.031
113.026
113.018
113
113.001
113.026
113.043
113.065
113.078
113.116
113.13
113.156
113.173
113.218
113.259
113.325
113.38
113.436
113.491
113.55
113.571
113.581
113.613
113.7
113.774
113.827
113.926
114.013
114.094
114.174
114.233
114.287
114.366
114.452
114.53
114.592
114.676
114.747
114.78
114.823
114.87
114.896
114.936
114.98
115.008
115.053
115.1
115.155
115.224
115.282
115.343
115.419
115.503
115.589
115.662
115.725
115.765
115.766
115.783
115.828
115.838
115.822
115.823
115.823
115.821
115.814
115.829
115.808
115.784
115.783
115.778
115.745
115.725
115.719
115.682
115.663
115.65
115.626
115.607
115.58
115.575
115.568
115.545
115.517
115.48
115.464
115.442
115.418
115.409
115.368
115.354
115.32
115.308
115.285
115.282
115.267
115.272
115.249
115.222
115.222
115.203
115.171
115.147
115.127
115.106
115.084
115.132
115.177
115.178
115.176
115.181
115.167
115.153
115.154
115.139
115.123
115.086
115.047
115.022
115.011
114.997
114.978
114.989
115.011
115.044
115.058
115.075
115.069
115.076
115.047
115.037
115.023
115.005
115.013
115.006
114.993
114.986
114.946
114.926
114.89
114.846
114.787
114.733
114.674
114.637
114.63
114.67
114.707
114.722
114.737
114.764
114.81
114.848
114.875
114.898
114.911
114.941
114.967
114.983
114.962
114.968
114.951
114.949
114.958
114.958
114.956
114.939
114.942
114.951
114.955
114.952
114.954
114.949
114.946
114.922
114.916
114.908
114.89
114.861
114.855
114.818
114.815
114.827
114.793
114.763
114.761
114.727
114.687
114.644
114.591
114.567
114.541
114.498
114.466
114.436
114.431
114.384
114.358
114.313
114.266
114.232
114.204
114.169
114.153
114.103
114.067
114.039
114.02
113.988
113.965
113.962
113.856
113.811
113.778
113.746
113.689
113.676
113.648
113.621
113.598
113.568
113.554
113.523
113.517
113.538
113.509
113.519
113.509
113.517
113.512
113.513
113.524
113.526
113.524
113.517
113.552
113.528
113.551
113.541
113.529
113.532
113.55
113.526
113.556
113.571
113.565
113.578
113.578
113.603
113.567
113.566
113.574
113.549
113.531
113.53
113.507
113.475
113.484
113.466
113.43
113.416
113.373
113.334
113.287
113.25
113.209
113.164
113.129
113.089
113.037
112.986
112.937
112.902
112.846
112.793
112.748
112.722
112.691
112.651
112.622
112.606
112.559
112.534
112.516
112.49
112.514
112.574
112.629
112.703
112.757
112.815
112.871
112.926
112.96
113.024
113.071
113.096
113.116
113.158
113.178
113.215
113.242
113.265
113.289
113.305
113.293
113.337
113.405
113.463
113.514
113.577
113.621
113.652
113.703
113.771
113.866
113.905
113.938
113.969
113.999
114.041
114.111
114.146
114.166
114.179
114.216
114.235
114.215
114.221
114.217
114.258
114.295
114.336
114.376
114.41
114.476
114.535
114.584
114.625
114.661
114.7
114.728
114.725
114.665
114.621
114.645
114.636
114.635
114.645
114.646
114.654
114.679
114.684
114.681
114.668
114.663
114.66
114.645
114.65
114.641
114.617
114.612
114.599
114.602
114.571
114.559
114.547
114.525
114.507
114.516
114.511
114.49
114.475
114.464
114.454
114.415
114.408
114.391
114.395
114.37
114.374
114.382
114.384
114.357
114.386
114.388
114.35
114.332
114.304
114.272
114.251
114.205
114.172
114.176
114.195
114.244
114.306
114.359
114.407
114.431
114.426
114.442
114.457
114.479
114.498
114.511
114.544
114.567
114.582
114.61
114.631
114.69
114.699
114.736
114.771
114.77
114.787
114.792
114.793
114.792
114.835
114.861
114.882
114.908
114.931
114.951
114.978
115.001
115.054
115.061
115.088
115.117
115.158
115.172
115.208
115.247
115.251
115.275
115.305
115.309
115.33
115.359
115.376
115.368
115.376
115.383
115.387
115.387
115.398
115.412
115.409
115.405
115.408
115.42
115.41
115.392
115.357
115.361
115.377
115.388
115.377
115.39
115.396
115.409
115.41
115.426
115.433
115.439
115.453
115.445
115.456
115.45
115.462
115.448
115.48
115.483
115.5
115.518
115.561
115.616
115.664
115.709
115.742
115.809
115.802
115.842
115.869
115.916
115.931
115.996
116.028
116.06
116.086
116.101
116.149
116.157
116.211
116.226
116.261
116.285
116.293
116.271
116.278
116.3
116.332
116.357
116.378
116.41
116.412
116.418
116.392
116.401
116.392
116.408
116.376
116.368
116.366
116.347
116.297
116.286
116.264
116.229
116.193
116.173
116.134
116.109
116.081
116.046
116.008
115.967
115.95
115.932
115.914
115.908
115.91
115.904
115.878
115.897
115.887
115.88
115.873
115.875
115.875
115.86
115.885
115.877
115.868
115.857
115.858
115.846
115.86
115.821
115.791
115.788
115.773
115.729
115.723
115.703
115.679
115.671
115.679
115.687
115.711
115.74
115.744
115.758
115.784
115.773
115.778
115.801
115.783
115.771
115.769
115.803
115.787
115.777
115.777
115.792
115.774
115.78
115.789
115.767
115.779
115.802
115.806
115.801
115.816
115.805
115.804
115.811
115.809
115.813
115.796
115.782
115.798
115.802
115.79
115.655
115.512
115.501
115.462
115.417
115.39
115.37
115.328
115.295
115.285
115.235
115.196
115.154
115.118
115.072
115.032
115.014
114.967
114.934
114.896
114.876
114.814
114.782
114.745
114.694
114.657
114.625
114.593
114.554
114.499
114.46
114.428
114.392
114.363
114.338
114.324
114.288
114.258
114.23
114.193
114.163
114.095
114.053
113.984
113.976
113.971
113.988
114.01
114.001
113.99
114.002
113.997
114.01
114.014
114.02
114.015
114.012
114.013
114.006
114.008
113.996
113.988
113.994
113.972
113.954
113.955
113.946
113.912
113.904
113.905
113.876
113.851
113.852
113.832
113.813
113.802
113.776
113.751
113.75
113.719
113.689
113.669
113.652
113.602
113.581
113.595
113.582
113.608
113.623
113.632
113.658
113.665
113.667
113.672
113.688
113.697
113.7
113.673
113.678
113.661
113.615
113.613
113.601
113.579
113.555
113.56
113.537
113.51
113.514
113.503
113.482
113.459
113.456
113.394
113.397
113.376
113.341
113.309
113.285
113.252
113.21
113.19
113.162
113.146
113.126
113.14
113.108
113.047
113.025
112.995
112.963
112.922
112.905
112.868
112.809
112.781
112.749
112.716
112.654
112.624
112.594
112.555
112.544
112.52
112.481
112.435
112.434
112.401
112.379
112.374
112.378
112.383
112.379
112.385
112.367
112.369
112.337
112.319
112.273
112.286
112.346
112.377
112.426
112.467
112.495
112.518
112.573
112.626
112.644
112.675
112.715
112.746
112.75
112.779
112.803
112.863
112.964
113.014
113.071
113.127
113.212
113.283
113.327
113.374
113.429
113.503
113.604
113.672
113.754
113.822
113.88
113.929
113.953
114.041
114.111
114.172
114.229
114.329
114.453
114.565
114.687
114.802
114.888
114.96
115.067
115.162
115.24
115.342
115.432
115.505
115.579
115.66
115.723
115.784
115.849
115.914
115.967
116.022
116.094
116.159
116.193
116.242
116.302
116.353
116.418
116.471
116.505
116.552
116.62
116.673
116.719
116.768
116.809
116.84
116.868
116.873
116.905
116.922
116.923
116.939
116.954
116.95
116.95
116.967
116.952
116.934
116.918
116.885
116.826
116.763
116.715
116.656
116.607
116.552
116.494
116.44
116.395
116.366
116.349
116.364
116.34
116.311
116.326
116.303
116.264
116.221
116.156
116.154
116.161
116.158
116.187
116.216
116.269
116.325
116.373
116.384
116.387
116.451
116.465
116.511
116.547
116.573
116.61
116.63
116.657
116.657
116.65
116.672
116.691
116.688
116.717
116.744
116.713
116.693
116.681
116.682
116.677
116.672
116.666
116.661
116.644
116.636
116.636
116.599
116.575
116.576
116.544
116.521
116.52
116.515
116.505
116.502
116.511
116.525
116.527
116.527
116.515
116.5
116.488
116.496
116.492
116.486
116.498
116.53
116.502
116.477
116.469
116.434
116.359
116.322
116.318
116.291
116.271
116.275
116.243
116.216
116.214
116.183
116.151
116.126
116.108
116.085
116.042
116.015
115.988
115.949
115.901
115.869
115.832
115.811
115.784
115.761
115.726
115.681
115.656
115.622
115.547
115.494
115.444
115.405
115.359
115.309
115.267
115.246
115.237
115.218
115.196
115.178
115.163
115.151
115.118
115.074
115.05
115.027
114.986
114.957
114.933
114.895
114.877
114.836
114.809
114.786
114.738
114.692
114.644
114.596
114.54
114.507
114.466
114.421
114.4
114.385
114.356
114.339
114.336
114.305
114.258
114.188
114.142
114.07
114.022
113.951
113.913
113.878
113.866
113.859
113.833
113.798
113.791
113.733
113.683
113.637
113.589
113.547
113.51
113.463
113.415
113.375
113.356
113.339
113.322
113.293
113.247
113.191
113.176
113.146
113.111
113.075
113.088
113.099
113.094
113.068
113.06
113.023
112.997
112.963
112.959
112.927
112.901
112.891
112.841
112.799
112.767
112.725
112.677
112.634
112.589
112.555
112.537
112.516
112.504
112.468
112.453
112.432
112.413
112.372
112.359
112.359
112.33
112.305
112.283
112.272
112.242
112.232
112.22
112.193
112.208
112.17
112.151
112.143
112.107
112.104
112.066
112.069
112.073
112.068
112.049
112.045
112.078
112.069
112.103
112.125
112.131
112.156
112.226
112.269
112.297
112.344
112.381
112.418
112.465
112.504
112.529
112.561
112.59
112.607
112.607
112.625
112.631
112.653
112.65
112.649
112.664
112.666
112.703
112.724
112.752
112.798
112.864
112.896
112.923
112.951
113.035
113.106
113.094
113.104
113.123
113.146
113.159
113.144
113.155
113.16
113.154
113.156
113.154
113.147
113.144
113.128
113.124
113.12
113.106
113.098
113.088
113.089
113.074
113.071
113.059
113.042
113.043
113.065
113.079
113.106
113.092
113.099
113.111
113.107
113.13
113.138
113.131
113.149
113.149
113.165
113.237
113.333
113.442
113.522
113.622
113.705
113.783
113.868
113.947
114.036
114.096
114.182
114.254
114.316
114.392
114.452
114.466
114.536
114.575
114.608
114.653
114.695
114.73
114.772
114.813
114.855
114.87
114.871
114.911
114.963
115.013
115.023
115.05
115.094
115.108
115.134
115.173
115.197
115.212
115.241
115.255
115.267
115.285
115.297
115.308
115.311
115.308
115.302
115.294
115.286
115.263
115.27
115.254
115.242
115.216
115.218
115.182
115.153
115.152
115.183
115.188
115.204
115.205
115.194
115.205
115.192
115.168
115.172
115.177
115.158
115.119
115.128
115.207
115.271
115.314
115.332
115.376
115.416
115.461
115.461
115.478
115.5
115.512
115.527
115.571
115.602
115.657
115.693
115.722
115.742
115.815
115.839
115.852
115.889
115.913
115.92
115.949
115.987
115.995
116.038
116.074
116.114
116.144
116.195
116.193
116.228
116.277
116.293
116.333
116.366
116.411
116.447
116.45
116.484
116.503
116.535
116.561
116.602
116.607
116.584
116.573
116.536
116.506
116.481
116.452
116.418
116.375
116.363
116.328
116.315
116.309
116.281
116.285
116.278
116.243
116.207
116.18
116.195
116.242
116.335
116.428
116.527
116.586
116.661
116.705
116.755
116.812
116.835
116.882
116.938
116.957
116.987
117.028
117.051
117.076
117.114
117.158
117.187
117.212
117.264
117.28
117.317
117.385
117.456
117.506
117.548
117.601
117.646
117.69
117.709
117.738
117.761
117.794
117.808
117.835
117.841
117.848
117.863
117.881
117.887
117.898
117.885
117.877
117.864
117.862
117.86
117.846
117.839
117.817
117.796
117.76
117.734
117.704
117.669
117.631
117.601
117.547
117.51
117.468
117.434
117.391
117.348
117.305
117.272
117.236
117.195
117.145
117.09
117.029
116.991
116.936
116.869
116.818
116.758
116.696
116.645
116.575
116.509
116.435
116.376
116.31
116.23
116.145
116.078
116.009
115.937
115.864
115.798
115.729
115.658
115.583
115.504
115.43
115.348
115.277
115.193
115.114
115.036
114.956
114.884
114.804
114.729
114.651
114.542
114.46
114.371
114.298
114.206
114.117
114.022
113.929
113.845
113.748
113.66
113.562
113.473
113.366
113.276
113.209
113.116
113.023
112.938
112.854
112.763
112.683
112.606
112.521
112.446
112.386
112.35
112.311
112.245
112.194
112.149
112.095
112.042
111.996
111.941
111.865
111.82
111.818
111.822
111.893
111.958
112.019
112.074
112.105
112.149
112.181
112.222
112.264
112.311
112.342
112.377
112.446
112.487
112.496
112.514
112.521
112.522
112.53
112.552
112.555
112.554
112.542
112.537
112.557
112.548
112.544
112.534
112.545
112.55
112.553
112.55
112.557
112.555
112.559
112.558
112.552
112.545
112.54
112.533
112.512
112.492
112.495
112.463
112.438
112.443
112.46
112.462
112.464
112.505
112.528
112.549
112.579
112.6
112.635
112.664
112.683
112.697
112.718
112.74
112.749
112.772
112.777
112.804
112.814
112.818
112.834
112.828
112.828
112.817
112.847
112.872
112.894
112.927
112.923
112.951
112.928
112.911
112.937
112.936
112.941
112.94
112.919
112.887
112.866
112.846
112.826
112.838
112.832
112.826
112.868
112.869
112.864
112.848
112.87
112.86
112.879
112.879
112.886
112.926
112.945
112.976
113.002
113.02
113.027
113.045
113.043
113.048
113.052
113.069
113.121
113.137
113.177
113.218
113.239
113.265
113.319
113.36
113.379
113.423
113.463
113.497
113.524
113.567
113.631
113.684
113.736
113.785
113.839
113.913
113.994
114.048
114.103
114.152
114.205
114.244
114.283
114.319
114.367
114.418
114.474
114.514
114.584
114.652
114.673
114.715
114.744
114.778
114.765
114.761
114.769
114.798
114.84
114.85
114.881
114.882
114.892
114.898
114.902
114.912
114.891
114.883
114.875
114.856
114.841
114.814
114.804
114.761
114.696
114.67
114.646
114.605
114.552
114.522
114.501
114.463
114.484
114.478
114.479
114.474
114.479
114.491
114.468
114.464
114.461
114.465
114.454
114.422
114.385
114.353
114.349
114.364
114.375
114.371
114.402
114.392
114.442
114.493
114.59
114.694
114.775
114.87
114.966
115.06
115.141
115.245
115.343
115.402
115.5
115.573
115.672
115.774
115.889
115.983
116.08
116.186
116.267
116.349
116.434
116.527
116.617
116.674
116.766
116.828
116.917
116.965
117.037
117.086
117.143
117.201
117.273
117.31
117.362
117.424
117.463
117.491
117.529
117.569
117.597
117.604
117.655
117.667
117.71
117.737
117.754
117.786
117.788
117.817
117.836
117.846
117.862
117.873
117.881
117.891
117.863
117.858
117.866
117.85
117.839
117.816
117.815
117.786
117.766
117.743
117.736
117.707
117.691
117.674
117.631
117.62
117.605
117.585
117.54
117.528
117.498
117.463
117.449
117.387
117.357
117.321
117.298
117.264
117.242
117.216
117.174
117.152
117.131
117.095
117.053
117.026
117.001
116.963
116.922
116.906
116.843
116.789
116.765
116.724
116.696
116.642
116.6
116.562
116.506
116.483
116.459
116.436
116.4
116.372
116.352
116.325
116.288
116.26
116.229
116.219
116.194
116.169
116.132
116.094
116.053
116.015
115.981
115.93
115.898
115.869
115.836
115.805
115.753
115.714
115.678
115.646
115.594
115.55
115.511
115.472
115.432
115.381
115.352
115.299
115.234
115.18
115.115
115.05
114.989
114.928
114.867
114.804
114.742
114.697
114.658
114.627
114.598
114.554
114.516
114.463
114.43
114.38
114.327
114.291
114.232
114.193
114.135
114.1
114.061
114.026
113.995
113.945
113.907
113.869
113.82
113.768
113.734
113.699
113.642
113.621
113.576
113.53
113.494
113.442
113.417
113.376
113.351
113.316
113.266
113.236
113.198
113.169
113.132
113.089
113.052
113.017
112.954
112.935
112.883
112.833
112.791
112.754
112.73
112.704
112.732
112.727
112.717
112.708
112.712
112.706
112.689
112.674
112.662
112.647
112.637
112.621
112.629
112.649
112.66
112.676
112.693
112.699
112.704
112.713
112.642
112.493
112.505
112.447
112.449
112.434
112.437
112.407
112.42
112.419
112.417
112.447
112.447
112.505
112.552
112.558
112.618
112.632
112.674
112.67
112.73
112.736
112.768
112.805
112.825
112.853
112.877
112.9
112.955
112.994
113.019
113.055
113.088
113.136
113.201
113.255
113.276
113.316
113.369
113.404
113.397
113.46
113.507
113.531
113.564
113.613
113.643
113.681
113.701
113.745
113.757
113.794
113.837
113.865
113.874
113.885
113.927
113.984
114.024
114.061
114.093
114.139
114.171
114.237
114.254
114.273
114.296
114.324
114.34
114.327
114.339
114.327
114.398
114.461
114.55
114.599
114.623
114.684
114.708
114.712
114.73
114.751
114.743
114.741
114.724
114.715
114.71
114.701
114.683
114.676
114.649
114.627
114.624
114.651
114.67
114.689
114.701
114.739
114.733
114.746
114.765
114.773
114.781
114.801
114.787
114.778
114.788
114.757
114.753
114.76
114.752
114.726
114.726
114.724
114.72
114.711
114.709
114.694
114.695
114.683
114.702
114.695
114.693
114.685
114.705
114.712
114.708
114.709
114.71
114.704
114.679
114.684
114.68
114.663
114.662
114.658
114.641
114.66
114.711
114.734
114.751
114.753
114.777
114.809
114.848
114.845
114.866
114.913
114.936
114.961
114.987
115.033
115.05
115.064
115.128
115.146
115.177
115.225
115.208
115.194
115.216
115.202
115.184
115.194
115.178
115.197
115.192
115.197
115.217
115.26
115.284
115.299
115.319
115.313
115.322
115.332
115.365
115.418
115.415
115.452
115.468
115.464
115.475
115.502
115.511
115.524
115.539
115.54
115.536
115.554
115.528
115.537
115.532
115.507
115.507
115.488
115.477
115.469
115.458
115.443
115.436
115.408
115.395
115.375
115.367
115.336
115.323
115.312
115.297
115.28
115.253
115.239
115.213
115.201
115.176
115.164
115.15
115.123
115.073
115.036
115.021
115.06
115.084
115.114
115.122
115.143
115.151
115.158
115.161
115.176
115.16
115.157
115.158
115.148
115.142
115.129
115.135
115.129
115.121
115.137
115.154
115.17
115.185
115.187
115.185
115.199
115.187
115.173
115.175
115.152
115.134
115.15
115.132
115.117
115.133
115.124
115.12
115.112
115.145
115.143
115.12
115.15
115.173
115.187
115.182
115.215
115.232
115.212
115.224
115.25
115.241
115.214
115.229
115.224
115.194
115.186
115.19
115.175
115.146
115.158
115.151
115.103
115.098
115.082
115.058
115.029
115.016
115.004
114.952
114.941
114.921
114.903
114.859
114.851
114.834
114.813
114.825
114.842
114.836
114.833
114.861
114.844
114.853
114.854
114.855
114.824
114.84
114.86
114.841
114.836
114.862
114.861
114.84
114.823
114.838
114.835
114.825
114.829
114.828
114.779
114.801
114.808
114.775
114.774
114.777
114.784
114.772
114.804
114.791
114.789
114.804
114.81
114.779
114.778
114.767
114.755
114.73
114.706
114.689
114.664
114.655
114.643
114.63
114.611
114.596
114.567
114.532
114.499
114.46
114.418
114.383
114.314
114.244
114.183
114.126
114.091
114.077
114.058
114.029
114.015
114.033
114.008
114.01
114.011
114.007
113.988
113.998
113.994
113.989
113.984
113.974
114.011
114.038
114.044
114.063
114.127
114.188
114.235
114.297
114.355
114.407
114.447
114.509
114.552
114.515
114.52
114.488
114.496
114.501
114.473
114.438
114.412
114.398
114.374
114.347
114.326
114.29
114.239
114.213
114.189
114.183
114.166
114.156
114.128
114.123
114.088
114.055
114.021
113.999
113.997
113.977
113.966
113.942
113.923
113.92
113.893
113.892
113.877
113.85
113.836
113.827
113.804
113.759
113.758
113.739
113.709
113.693
113.691
113.695
113.712
113.74
113.737
113.768
113.784
113.788
113.802
113.827
113.847
113.828
113.855
113.871
113.872
113.856
113.87
113.868
113.835
113.871
113.887
113.922
113.944
113.971
114.012
114.074
114.092
114.127
114.192
114.241
114.266
114.367
114.417
114.477
114.543
114.597
114.646
114.703
114.764
114.797
114.838
114.891
114.918
114.947
114.982
115.011
115.081
115.151
115.203
115.258
115.323
115.403
115.488
115.598
115.671
115.742
115.83
115.91
115.993
116.056
116.131
116.203
116.265
116.324
116.37
116.411
116.465
116.521
116.561
116.607
116.65
116.698
116.733
116.767
116.787
116.825
116.855
116.878
116.902
116.923
116.962
116.986
117.009
117.035
117.071
117.082
117.106
117.119
117.134
117.147
117.153
117.153
117.157
117.172
117.171
117.175
117.162
117.17
117.15
117.146
117.13
117.106
117.073
117.041
117.009
116.975
116.926
116.91
116.865
116.832
116.784
116.751
116.708
116.677
116.627
116.577
116.521
116.463
116.408
116.341
116.289
116.224
116.161
116.091
116.028
115.981
115.943
115.901
115.858
115.828
115.785
115.758
115.694
115.653
115.596
115.536
115.455
115.391
115.336
115.272
115.228
115.164
115.104
115.055
114.99
114.938
114.867
114.815
114.755
114.64
114.557
114.481
114.423
114.357
114.278
114.23
114.162
114.095
114.038
113.97
113.899
113.833
113.784
113.709
113.641
113.578
113.513
113.452
113.385
113.319
113.247
113.174
113.101
113.028
112.946
112.88
112.813
112.722
112.64
112.555
112.472
112.405
112.353
112.322
112.286
112.264
112.23
112.232
112.205
112.165
112.153
112.134
112.116
112.108
112.1
112.081
112.065
112.051
112.033
112.005
111.997
111.98
111.971
111.951
111.931
111.919
111.886
111.876
111.858
111.812
111.799
111.781
111.763
111.757
111.768
111.799
111.839
111.889
111.938
111.995
112.022
112.08
112.178
112.237
112.319
112.393
112.461
112.538
112.56
112.646
112.674
112.701
112.77
112.823
112.84
112.9
112.931
112.973
112.996
113.041
113.058
113.087
113.114
113.131
113.15
113.166
113.186
113.199
113.222
113.231
113.289
113.307
113.336
113.403
113.454
113.503
113.545
113.617
113.627
113.676
113.729
113.785
113.822
113.884
113.949
113.973
114.014
114.062
114.097
114.111
114.144
114.195
114.2
114.24
114.28
114.306
114.327
114.362
114.405
114.423
114.453
114.478
114.499
114.509
114.525
114.544
114.543
114.547
114.556
114.562
114.547
114.547
114.549
114.515
114.505
114.502
114.489
114.483
114.513
114.547
114.558
114.582
114.605
114.633
114.633
114.652
114.671
114.672
114.673
114.685
114.693
114.685
114.691
114.657
114.646
114.649
114.657
114.688
114.69
114.703
114.709
114.691
114.683
114.688
114.675
114.665
114.666
114.653
114.64
114.609
114.589
114.583
114.57
114.551
114.546
114.542
114.528
114.477
114.494
114.534
114.595
114.624
114.691
114.734
114.832
114.904
114.963
115.041
115.125
115.191
115.251
115.338
115.386
115.463
115.511
115.588
115.654
115.731
115.799
115.865
115.931
116.016
116.083
116.121
116.188
116.233
116.315
116.353
116.405
116.442
116.496
116.527
116.569
116.628
116.645
116.692
116.763
116.792
116.822
116.862
116.881
116.892
116.933
116.942
116.968
116.992
117.006
117.019
117.038
117.05
117.056
117.072
117.083
117.122
117.086
117.063
117.072
117.061
117.058
117.069
117.069
117.064
117.067
117.081
117.04
117.028
117.02
116.982
116.96
116.931
116.9
116.868
116.843
116.805
116.788
116.765
116.735
116.672
116.633
116.603
116.588
116.568
116.536
116.527
116.51
116.527
116.518
116.5
116.473
116.462
116.43
116.435
116.401
116.389
116.385
116.354
116.353
116.323
116.286
116.27
116.254
116.235
116.209
116.19
116.163
116.158
116.176
116.202
116.241
116.207
116.216
116.199
116.176
116.141
116.139
116.122
116.08
116.062
116.059
116.023
115.993
115.969
115.941
115.925
115.875
115.861
115.808
115.769
115.741
115.702
115.673
115.623
115.601
115.521
115.497
115.459
115.41
115.355
115.312
115.267
115.191
115.147
115.113
115.055
114.988
114.952
114.9
114.836
114.799
114.772
114.713
114.675
114.651
114.633
114.658
114.717
114.747
114.749
114.751
114.733
114.725
114.713
114.721
114.688
114.675
114.659
114.65
114.605
114.594
114.556
114.535
114.501
114.484
114.462
114.476
114.445
114.46
114.455
114.454
114.425
114.44
114.438
114.381
114.38
114.377
114.354
114.328
114.336
114.338
114.359
114.375
114.363
114.368
114.364
114.389
114.357
114.353
114.361
114.359
114.373
114.408
114.368
114.34
114.353
114.347
114.343
114.31
114.318
114.294
114.29
114.266
114.283
114.269
114.254
114.282
114.259
114.276
114.339
114.349
114.365
114.407
114.444
114.474
114.495
114.574
114.638
114.694
114.746
114.792
114.848
114.863
114.942
114.989
115.021
115.044
115.076
115.097
115.149
115.185
115.209
115.255
115.286
115.324
115.347
115.393
115.428
115.466
115.513
115.542
115.573
115.602
115.629
115.642
115.659
115.669
115.645
115.638
115.638
115.632
115.608
115.582
115.579
115.556
115.548
115.53
115.501
115.486
115.488
115.492
115.507
115.525
115.521
115.514
115.519
115.505
115.471
115.453
115.465
115.428
115.413
115.393
115.361
115.336
115.296
115.264
115.23
115.191
115.15
115.106
115.064
115.018
114.978
114.921
114.878
114.833
114.788
114.739
114.696
114.654
114.603
114.554
114.5
114.433
114.385
114.321
114.262
114.195
114.131
114.066
113.987
113.928
113.852
113.789
113.719
113.654
113.578
113.518
113.452
113.387
113.312
113.231
113.148
113.08
113.011
112.919
112.846
112.777
112.695
112.622
112.551
112.491
112.433
112.374
112.315
112.252
112.209
112.151
112.097
112.029
111.964
111.907
111.84
111.776
111.735
111.668
111.624
111.568
111.522
111.494
111.467
111.473
111.481
111.507
111.502
111.512
111.53
111.524
111.522
111.564
111.59
111.578
111.608
111.652
111.633
111.633
111.62
111.62
111.62
111.645
111.675
111.668
111.707
111.741
111.777
111.821
111.848
111.881
111.893
111.922
111.913
111.909
111.93
111.955
111.986
112.028
112.098
112.158
112.261
112.376
112.492
112.657
112.817
112.941
113.079
113.207
113.348
113.48
113.573
113.686
113.824
113.921
114.037
114.161
114.262
114.369
114.504
114.601
114.711
114.813
114.912
115.053
115.153
115.219
115.294
115.389
115.444
115.475
115.514
115.578
115.602
115.642
115.664
115.713
115.735
115.773
115.809
115.877
115.911
115.928
115.981
116.021
116.058
116.104
116.158
116.222
116.245
116.311
116.357
116.383
116.43
116.462
116.496
116.482
116.514
116.523
116.574
116.653
116.721
116.759
116.767
116.819
116.838
116.852
116.861
116.894
116.913
116.913
116.921
116.944
116.968
116.981
117.014
117.019
117.043
117.035
117.035
117.049
117.042
117.013
117.018
117.032
117.036
117.055
117.063
117.076
117.082
117.1
117.117
117.117
117.116
117.118
117.144
117.151
117.128
117.156
117.164
117.173
117.202
117.204
117.265
117.284
117.321
117.38
117.422
117.434
117.482
117.536
117.53
117.56
117.595
117.615
117.632
117.661
117.663
117.649
117.641
117.66
117.692
117.711
117.719
117.736
117.767
117.77
117.808
117.825
117.849
117.833
117.849
117.851
117.827
117.845
117.839
117.838
117.812
117.816
117.808
117.794
117.774
117.761
117.743
117.705
117.676
117.638
117.602
117.557
117.522
117.47
117.42
117.358
117.311
117.252
117.207
117.152
117.095
117.02
116.952
116.875
116.799
116.746
116.68
116.627
116.577
116.529
116.482
116.434
116.368
116.311
116.26
116.202
116.119
116.066
115.997
115.945
115.88
115.821
115.75
115.687
115.629
115.564
115.489
115.413
115.352
115.288
115.22
115.162
115.097
115.043
114.986
114.914
114.856
114.798
114.732
114.668
114.595
114.538
114.446
114.382
114.327
114.323
114.307
114.294
114.278
114.268
114.264
114.234
114.22
114.193
114.158
114.124
114.077
114.042
114.008
113.968
113.938
113.906
113.858
113.812
113.768
113.734
113.69
113.645
113.595
113.548
113.491
113.441
113.394
113.334
113.277
113.214
113.144
113.1
113.059
113.064
113.052
113.059
113.045
113.052
113.049
113.036
113.021
113.013
112.997
112.968
112.944
112.914
112.878
112.847
112.812
112.775
112.751
112.712
112.695
112.676
112.693
112.701
112.714
112.721
112.735
112.746
112.76
112.776
112.769
112.783
112.793
112.808
112.795
112.803
112.802
112.798
112.787
112.782
112.783
112.768
112.76
112.755
112.735
112.726
112.713
112.723
112.737
112.747
112.767
112.772
112.788
112.806
112.825
112.832
112.84
112.835
112.856
112.887
112.931
112.969
113.001
113.021
113.052
113.083
113.119
113.133
113.149
113.13
113.142
113.138
113.139
113.126
113.103
113.117
113.106
113.118
113.134
113.154
113.126
113.145
113.183
113.156
113.16
113.18
113.187
113.169
113.185
113.219
113.202
113.207
113.231
113.266
113.26
113.289
113.323
113.32
113.337
113.388
113.393
113.368
113.382
113.392
113.383
113.411
113.452
113.427
113.403
113.415
113.404
113.379
113.405
113.387
113.373
113.348
113.323
113.302
113.291
113.271
113.273
113.279
113.294
113.288
113.308
113.324
113.355
113.38
113.429
113.43
113.432
113.445
113.478
113.518
113.575
113.577
113.614
113.658
113.677
113.703
113.734
113.763
113.814
113.841
113.897
113.932
114.005
114.071
114.117
114.181
114.221
114.221
114.284
114.309
114.353
114.404
114.457
114.513
114.572
114.663
114.716
114.792
114.859
114.909
114.982
115.06
115.117
115.207
115.276
115.352
115.436
115.51
115.591
115.677
115.741
115.797
115.871
115.934
115.963
116.029
116.108
116.18
116.25
116.31
116.38
116.439
116.477
116.543
116.576
116.631
116.683
116.721
116.761
116.811
116.843
116.88
116.92
116.957
116.968
117.001
117.035
117.059
117.091
117.118
117.145
117.144
117.128
117.147
117.126
117.118
117.12
117.129
117.118
117.107
117.119
117.115
117.1
117.096
117.09
117.074
117.041
117.037
117.021
117.004
116.993
116.945
116.949
116.939
116.919
116.901
116.883
116.858
116.841
116.816
116.783
116.757
116.732
116.699
116.661
116.627
116.573
116.558
116.507
116.457
116.402
116.363
116.317
116.252
116.204
116.153
116.082
116.018
115.963
115.905
115.822
115.768
115.722
115.661
115.586
115.564
115.492
115.429
115.377
115.315
115.259
115.217
115.167
115.111
115.053
115.008
114.96
114.901
114.846
114.792
114.743
114.673
114.628
114.574
114.516
114.472
114.438
114.379
114.318
114.289
114.241
114.191
114.145
114.113
114.048
114.009
113.976
113.938
113.883
113.843
113.797
113.767
113.725
113.709
113.676
113.651
113.608
113.599
113.556
113.504
113.467
113.44
113.409
113.386
113.349
113.312
113.271
113.22
113.158
113.104
113.045
112.992
112.929
112.882
112.847
112.861
112.914
112.959
113.025
113.036
113.062
113.078
113.09
113.122
113.127
113.169
113.231
113.291
113.338
113.338
113.383
113.422
113.453
113.466
113.478
113.501
113.518
113.52
113.501
113.481
113.479
113.484
113.479
113.459
113.468
113.475
113.475
113.53
113.593
113.643
113.681
113.726
113.769
113.778
113.803
113.819
113.834
113.843
113.871
113.872
113.866
113.867
113.849
113.82
113.785
113.768
113.736
113.681
113.643
113.598
113.555
113.525
113.516
113.523
113.525
113.503
113.496
113.497
113.474
113.464
113.471
113.447
113.423
113.44
113.443
113.434
113.434
113.433
113.404
113.407
113.413
113.377
113.344
113.38
113.389
113.377
113.397
113.423
113.408
113.379
113.373
113.341
113.319
113.29
113.253
113.213
113.193
113.194
113.17
113.173
113.178
113.141
113.122
113.102
113.113
113.108
113.107
113.098
113.112
113.114
113.131
113.139
113.132
113.159
113.155
113.163
113.137
113.156
113.158
113.162
113.187
113.211
113.235
113.256
113.245
113.264
113.275
113.279
113.297
113.319
113.33
113.314
113.306
113.329
113.325
113.315
113.301
113.312
113.283
113.29
113.354
113.431
113.471
113.522
113.56
113.602
113.67
113.74
113.828
113.906
114
114.075
114.151
114.236
114.303
114.383
114.449
114.538
114.605
114.641
114.707
114.759
114.81
114.839
114.875
114.904
114.932
114.99
115.004
115.04
115.079
115.079
115.113
115.115
115.162
115.15
115.167
115.175
115.146
115.183
115.191
115.142
115.175
115.207
115.246
115.269
115.326
115.368
115.399
115.443
115.477
115.519
115.564
115.593
115.645
115.654
115.665
115.693
115.72
115.739
115.776
115.758
115.775
115.773
115.757
115.767
115.763
115.754
115.76
115.792
115.83
115.866
115.901
115.958
115.987
116.038
116.06
116.099
116.111
116.144
116.16
116.18
116.188
116.224
116.231
116.23
116.252
116.265
116.261
116.263
116.278
116.268
116.28
116.298
116.29
116.274
116.259
116.23
116.191
116.154
116.109
116.066
116.042
116.016
116
115.979
115.949
115.909
115.887
115.851
115.822
115.794
115.75
115.714
115.677
115.649
115.607
115.564
115.528
115.488
115.462
115.427
115.406
115.369
115.347
115.322
115.283
115.261
115.241
115.222
115.208
115.192
115.158
115.185
115.207
115.215
115.217
115.219
115.248
115.267
115.291
115.298
115.271
115.259
115.238
115.23
115.214
115.182
115.159
115.143
115.137
115.126
115.097
115.1
115.132
115.105
115.072
115.051
115.042
115.031
115.002
115.008
114.989
114.966
114.96
114.953
114.96
114.937
114.93
114.917
114.909
114.892
114.878
114.871
114.858
114.832
114.852
114.84
114.843
114.848
114.846
114.849
114.874
114.905
114.902
114.931
114.952
114.959
114.961
114.994
115.016
115.002
115.004
115.001
115.003
115.009
114.998
114.98
115.008
115.015
115.045
115.043
115.049
115.027
115.024
115.013
114.995
114.985
114.988
114.997
115.027
115.056
115.05
115.038
115.079
115.082
115.094
115.098
115.097
115.097
115.08
115.115
115.101
115.108
115.112
115.097
115.082
115.071
115.055
115.045
115.029
115.012
114.982
114.977
114.971
114.936
114.942
114.913
114.88
114.853
114.833
114.814
114.801
114.829
114.819
114.804
114.805
114.843
114.819
114.833
114.86
114.868
114.859
114.857
114.833
114.815
114.842
114.82
114.825
114.835
114.832
114.813
114.81
114.814
114.806
114.794
114.8
114.827
114.844
114.858
114.897
114.891
114.907
114.896
114.91
114.925
114.938
114.95
114.965
114.954
114.977
114.977
114.982
114.993
115.014
115.021
115.047
115.047
115.088
115.075
115.082
115.095
115.098
115.111
115.089
115.119
115.116
115.116
115.17
115.221
115.235
115.241
115.289
115.308
115.308
115.321
115.356
115.361
115.365
115.385
115.432
115.408
115.435
115.5
115.536
115.574
115.63
115.693
115.709
115.755
115.786
115.796
115.829
115.842
115.856
115.87
115.892
115.926
115.941
115.962
115.961
115.967
115.966
115.963
115.955
115.954
115.949
115.958
115.955
115.947
115.954
115.984
116.046
116.09
116.127
116.133
116.15
116.142
116.105
116.059
116.041
116.006
115.965
115.913
115.863
115.819
115.781
115.728
115.683
115.627
115.59
115.528
115.471
115.415
115.368
115.325
115.271
115.213
115.166
115.093
115.051
114.991
114.942
114.892
114.838
114.776
114.725
114.652
114.611
114.556
114.484
114.422
114.367
114.307
114.25
114.172
114.111
114.045
113.995
113.949
113.921
113.884
113.856
113.808
113.772
113.735
113.708
113.682
113.684
113.702
113.688
113.68
113.684
113.691
113.675
113.676
113.668
113.647
113.626
113.605
113.608
113.653
113.706
113.759
113.809
113.849
113.894
113.921
113.97
114.018
114.049
114.089
114.127
114.16
114.188
114.219
114.238
114.262
114.292
114.298
114.318
114.341
114.346
114.35
114.359
114.348
114.347
114.365
114.39
114.399
114.408
114.413
114.428
114.429
114.426
114.43
114.441
114.431
114.422
114.431
114.417
114.404
114.39
114.375
114.35
114.312
114.316
114.283
114.276
114.256
114.257
114.243
114.227
114.201
114.168
114.146
114.121
114.108
114.108
114.078
114.057
114.038
114.022
113.987
113.953
113.942
113.942
113.897
113.864
113.838
113.804
113.774
113.736
113.712
113.664
113.631
113.579
113.532
113.534
113.577
113.625
113.675
113.689
113.696
113.721
113.726
113.739
113.744
113.737
113.754
113.755
113.737
113.723
113.715
113.695
113.679
113.684
113.673
113.703
113.703
113.7
113.678
113.673
113.671
113.662
113.66
113.66
113.693
113.722
113.759
113.792
113.826
113.821
113.809
113.818
113.801
113.815
113.805
113.814
113.784
113.768
113.797
113.764
113.751
113.735
113.728
113.75
113.726
113.748
113.747
113.758
113.778
113.803
113.842
113.873
113.867
113.912
113.919
113.962
113.992
114.006
114.044
114.052
114.076
114.102
114.146
114.13
114.186
114.273
114.382
114.463
114.578
114.669
114.791
114.854
115.002
115.117
115.222
115.372
115.503
115.603
115.723
115.839
115.926
116.037
116.129
116.219
116.282
116.365
116.473
116.563
116.668
116.77
116.882
116.996
117.08
117.186
117.277
117.373
117.46
117.538
117.621
117.713
117.793
117.857
117.925
118.002
118.081
118.114
118.195
118.27
118.32
118.368
118.441
118.486
118.545
118.624
118.698
118.743
118.785
118.818
118.852
118.908
118.918
118.955
118.98
118.984
119
119.026
119.02
119.032
119.078
119.122
119.168
119.206
119.256
119.291
119.348
119.377
119.433
119.459
119.484
119.495
119.512
119.502
119.53
119.531
119.551
119.572
119.586
119.606
119.64
119.666
119.707
119.748
119.782
119.809
119.834
119.874
119.895
119.917
119.954
119.971
119.992
120.008
120.001
119.998
119.998
119.984
119.989
119.978
119.966
119.96
119.921
119.905
119.896
119.874
119.866
119.869
119.857
119.861
119.882
119.884
119.892
119.98
120.078
120.197
120.326
120.409
120.524
120.624
120.72
120.834
120.974
121.113
121.252
121.372
121.503
121.628
121.745
121.865
121.988
122.105
122.235
122.326
122.395
122.48
122.546
122.608
122.662
122.728
122.791
122.843
122.948
122.969
123.048
123.118
123.178
123.245
123.321
123.388
123.451
123.506
123.596
123.688
123.763
123.852
123.921
124.021
124.061
124.142
124.208
124.28
124.346
124.427
124.518
124.608
124.683
124.782
124.873
124.976
125.07
125.173
125.23
125.317
125.377
125.42
125.486
125.532
125.575
125.604
125.629
125.683
125.704
125.739
125.79
125.82
125.857
125.88
125.908
125.928
125.944
125.974
126.011
126.032
126.047
126.08
126.105
126.13
126.148
126.194
126.209
126.212
126.237
126.263
126.265
126.299
126.332
126.336
126.348
126.397
126.439
126.475
126.525
126.524
126.552
126.593
126.617
126.683
126.723
126.771
126.81
126.855
126.912
126.957
127.009
127.04
127.101
127.137
127.182
127.207
127.25
127.277
127.311
127.339
127.366
127.389
127.43
127.468
127.496
127.54
127.593
127.669
127.699
127.743
127.76
127.805
127.826
127.883
127.933
127.982
128.014
128.033
128.057
128.063
128.09
128.154
128.287
128.425
128.542
128.666
128.814
128.924
129.043
129.185
129.298
129.433
129.548
129.685
129.796
129.918
130.031
130.145
130.249
130.339
130.433
130.539
130.631
130.69
130.747
130.822
130.908
130.998
131.086
131.154
131.219
131.287
131.353
131.391
131.434
131.481
131.573
131.658
131.749
131.818
131.883
131.958
132.026
132.092
132.162
132.234
132.279
132.347
132.384
132.457
132.535
132.589
132.641
132.668
132.715
132.727
132.778
132.8
132.821
132.847
132.872
133.044
133.253
133.458
133.681
133.862
134.079
134.247
134.441
134.626
134.799
134.956
135.13
135.301
135.439
135.613
135.755
135.908
136.059
136.348
136.684
137.016
137.342
137.628
137.938
138.23
138.531
138.803
139.088
139.375
139.652
139.926
140.192
140.463
140.728
141.018
141.258
141.515
141.765
142.006
142.253
142.493
142.748
142.979
143.224
143.459
143.7
143.905
144.135
144.37
144.571
144.805
145.012
145.221
145.434
145.616
145.834
146.059
146.324
146.573
146.829
147.068
147.312
147.551
147.779
148.026
148.293
148.546
148.794
149.044
149.289
149.531
149.752
150.003
150.221
150.419
150.593
150.822
151.024
151.216
151.413
151.603
151.798
151.986
152.143
152.325
152.505
152.684
152.882
153.064
153.252
153.455
153.669
153.889
154.091
154.302
154.517
154.734
154.969
155.199
155.421
155.637
155.868
156.1
156.305
156.52
156.724
156.904
157.123
157.311
157.501
157.697
157.872
158.06
158.223
158.39
158.562
158.733
158.924
159.068
159.25
159.422
159.583
159.76
159.944
160.109
160.271
160.45
160.611
160.77
160.948
161.118
161.266
161.425
161.575
161.718
161.877
162.017
162.17
162.306
162.444
162.581
162.702
162.842
162.948
163.068
163.192
163.286
163.391
163.476
163.564
163.73
163.867
164.027
164.179
164.321
164.453
164.577
164.717
164.845
164.957
165.084
165.15
165.262
165.388
165.532
165.692
165.92
166.092
166.244
166.398
166.57
166.763
166.965
167.158
167.376
167.603
167.826
168.065
168.28
168.506
168.73
168.899
169.079
169.24
169.429
169.602
169.789
170.002
170.251
170.493
170.737
170.957
171.192
171.416
171.623
171.8
171.977
172.161
172.323
172.504
172.654
172.804
172.976
173.139
173.294
173.45
173.581
173.744
173.883
173.996
174.13
174.258
174.366
174.467
174.563
174.663
174.748
174.851
174.943
175.019
175.122
175.226
175.293
175.366
175.45
175.547
175.672
175.796
175.9
176.002
176.107
176.19
176.294
176.392
176.476
176.557
176.627
176.683
176.763
176.827
176.887
176.949
176.997
177.034
177.053
177.086
177.124
177.141
177.152
177.181
177.192
177.235
177.238
177.258
177.274
177.283
177.295
177.302
177.289
177.282
177.276
177.301
177.333
177.376
177.388
177.419
177.392
177.37
177.359
177.335
177.305
177.282
177.246
177.232
177.269
177.37
177.465
177.561
177.667
177.769
177.876
177.98
178.075
178.181
178.294
178.429
178.564
178.695
178.818
178.947
179.077
179.2
179.322
179.422
179.547
179.661
179.776
179.88
179.973
180.058
180.14
180.222
180.294
180.374
180.449
180.557
180.716
180.887
181.063
181.232
181.38
181.551
181.715
181.853
182.001
182.159
182.3
182.452
182.592
182.743
182.943
183.174
183.382
183.596
183.797
184.017
184.212
184.4
184.601
184.784
184.968
185.148
185.353
185.535
185.701
185.869
186.04
186.226
186.396
186.543
186.699
186.842
186.969
187.101
187.219
187.426
187.618
187.828
188.03
188.244
188.423
188.634
188.874
189.211
189.557
189.931
190.335
190.714
191.115
191.487
191.86
192.238
192.57
192.921
193.261
193.577
193.916
194.248
194.561
194.85
195.167
195.47
195.77
196.09
196.388
196.679
196.987
197.28
197.591
197.972
198.348
198.717
199.08
199.434
199.779
200.112
200.44
200.763
201.072
201.401
201.764
202.125
202.629
203.129
203.62
204.099
204.567
205.025
205.476
205.912
206.339
206.756
207.163
207.56
207.911
208.265
208.613
208.951
209.279
209.599
209.91
210.214
210.509
210.796
211.075
211.347
211.612
211.87
212.104
212.352
212.595
212.829
213.055
213.272
213.48
213.683
213.881
214.071
214.255
214.431
214.605
214.77
214.914
215.072
215.225
215.374
215.535
215.698
215.858
216.015
216.172
216.328
216.454
216.586
216.717
216.848
216.978
217.11
217.238
217.363
217.481
217.599
217.723
217.892
218.073
218.254
218.426
218.601
218.765
218.947
219.174
219.395
219.61
219.761
219.955
220.15
220.38
220.597
220.819
221.036
221.25
221.455
221.658
221.857
222.059
222.308
222.582
222.847
223.113
223.372
223.63
223.877
224.118
224.35
224.582
224.849
225.14
225.386
225.657
225.913
225.991
226.184
226.42
226.657
226.941
227.229
227.507
227.781
228.047
228.308
228.56
228.809
229.05
229.285
229.517
229.517
229.683
229.9
230.111
230.318
230.513
230.702
230.878
231.047
231.214
231.231
231.414
231.614
231.836
232.024
232.224
232.402
232.581
232.748
232.913
233.066
233.32
233.565
233.583
233.621
233.792
234.013
234.225
234.433
234.638
234.838
235.032
235.221
235.408
235.592
235.773
235.949
236.121
236.29
236.454
236.428
236.534
236.682
236.822
236.957
237.085
237.208
237.15
237.16
237.268
237.413
237.586
237.754
237.916
238.076
238.232
238.384
238.53
238.672
238.811
238.944
239.073
239.195
239.308
239.414
239.513
239.612
239.75
239.91
240.066
240.217
240.362
240.504
240.643
240.778
240.91
241.038
241.164
241.288
241.409
241.527
241.642
241.754
241.861
241.963
242.058
242.15
242.247
242.359
242.475
242.591
242.702
242.816
242.926
243.032
243.135
243.231
243.322
243.413
243.507
243.595
243.696
243.755
243.843
243.925
243.997
244.073
244.208
244.35
244.489
244.621
244.642
244.695
244.814
244.917
245.019
245.126
245.228
245.324
245.419
245.509
245.596
245.677
245.757
245.834
245.909
245.981
246.052
246.123
246.129
246.197
246.225
246.294
246.357
246.357
246.399
246.464
246.525
246.582
246.637
246.682
246.725
246.768
246.864
246.98
247.093
247.203
247.313
247.395
247.443
247.546
247.612
247.672
247.766
247.849
247.93
248.014
248.029
248.049
248.12
248.244
248.38
248.514
248.643
248.767
248.884
248.999
249.109
249.215
249.315
249.411
249.39
249.424
249.474
249.487
249.564
249.599
249.664
249.726
249.784
249.837
249.888
249.938
249.979
250.023
250.064
250.104
250.141
250.18
250.215
250.247
250.28
250.312
250.341
250.364
250.373
250.394
250.407
250.416
250.422
250.432
250.464
250.496
250.524
250.548
250.571
250.587
250.605
250.621
250.631
250.642
250.65
250.657
250.663
250.67
250.674
250.681
250.688
250.695
250.703
250.712
250.723
250.734
250.747
250.758
250.771
250.783
250.791
250.794
250.792
250.791
250.825
250.907
250.988
250.994
250.934
250.953
250.974
250.998
251.022
251.102
251.186
251.27
251.354
251.429
251.503
251.568
251.628
251.685
251.743
251.8
251.855
251.907
251.957
252.005
252.051
252.096
252.137
252.176
252.213
252.249
252.282
252.314
252.343
252.37
252.393
252.416
252.437
252.455
252.471
252.486
252.499
252.509
252.518
252.525
252.527
252.53
252.532
252.534
252.533
252.53
252.527
252.523
252.518
252.51
252.503
252.495
252.487
252.477
252.466
252.455
252.443
252.428
252.413
252.398
252.381
252.364
252.348
252.331
252.316
252.302
252.29
252.279
252.27
252.263
252.258
252.257
252.256
252.258
252.26
252.264
252.268
252.269
252.265
252.258
252.253
252.249
