4.23373
32.7609
27.298
26.3364
25.7351
21.5257
19.9198
18.7311
16.4612
13.5021
15.3338
15.3491
15.443
15.4457
15.5958
15.8554
16.1623
16.5154
16.8689
17.2744
17.542
17.8546
18.001
18.3356
18.615
18.9717
19.3296
19.4524
19.6252
19.7491
19.8633
19.92
19.8878
19.8614
19.8275
19.7356
19.7398
19.6493
19.5982
19.6894
19.7819
19.8727
19.9915
20.0586
20.1901
20.3149
20.4371
20.5342
20.6489
20.7542
20.854
20.8862
20.8971
20.863
20.7782
20.6816
20.5567
20.4488
20.3474
20.3009
20.3084
20.3451
20.4242
20.5377
20.5852
20.6769
20.744
20.7953
20.8397
20.9233
20.9811
21.0349
21.0936
21.1282
21.157
21.2042
21.2295
21.2339
21.1939
21.1643
21.1466
21.1427
21.1908
21.2713
21.3621
21.4495
21.5493
21.6604
21.7373
21.8175
21.8773
21.8962
21.9306
21.9703
21.9976
22.0272
22.0488
22.0556
22.037
21.984
21.9047
21.8181
21.7449
21.6834
21.6468
21.6453
21.6616
21.7203
21.7781
21.8371
21.8848
21.9161
21.9429
21.9688
21.9919
21.9803
21.9873
21.9509
21.9502
21.937
21.9013
21.8871
21.8547
21.8191
21.7845
21.755
21.7376
21.7303
21.7659
21.8289
21.8978
21.9874
22.0721
22.1312
22.1648
22.1862
22.1978
22.1966
22.1945
22.1836
22.1248
22.105
22.095
22.0858
22.0613
22.0231
21.9831
21.9511
21.9332
21.9289
21.941
21.945
21.97
22.0211
22.0696
22.1132
22.1119
22.1161
22.1182
22.1105
22.1023
22.0948
22.0913
22.0906
22.099
22.1
22.0964
22.0741
22.0278
21.9807
21.9607
21.9465
21.9264
21.9364
21.9376
21.9785
22.0337
22.0962
22.119
22.1517
22.162
22.1701
22.1723
22.1563
22.1377
22.116
22.084
22.0575
22.0244
21.9957
21.9778
21.9662
21.9624
21.9566
21.9552
21.948
21.9603
21.9728
21.9947
22.0212
22.049
22.0712
22.0864
22.1005
22.1057
22.0968
22.0406
22.0018
21.9844
21.954
21.9163
21.9084
21.9179
21.9292
21.9149
21.9204
21.9521
21.9863
22.0247
22.046
22.0911
22.1291
22.166
22.1972
22.2304
22.2468
22.2618
22.2729
22.2725
22.2735
22.2731
22.265
22.2447
22.2264
22.2148
22.2192
22.208
22.2167
22.2283
22.2476
22.2437
22.2636
22.2814
22.2962
22.3111
22.3379
22.3709
22.4049
22.4213
22.4528
22.4716
22.484
22.4872
22.474
22.4663
22.4706
22.4785
22.496
22.5201
22.5329
22.5542
22.5839
22.6143
22.6339
22.6443
22.6331
22.6071
22.6008
22.6174
22.6437
22.6716
22.6991
22.7202
22.7157
22.7163
22.7111
22.698
22.6859
22.6825
22.662
22.6691
22.6818
22.7023
22.7226
22.7389
22.7446
22.7485
22.7551
22.7625
22.7772
22.7994
22.8228
22.8511
22.8786
22.9007
22.9058
22.8999
22.8869
22.8705
22.859
22.8546
22.8577
22.8685
22.884
22.9051
22.9247
22.9376
22.9521
22.9348
22.9362
22.9378
22.9406
22.9498
22.9635
22.9889
23.0156
23.0381
23.0476
23.0294
23.0151
22.9982
22.987
22.9802
22.9741
22.9758
22.9877
23.0042
23.0225
23.0117
23.0137
23.0074
22.9967
22.9946
22.9945
22.9818
22.9634
22.9488
22.9526
22.9596
22.9667
22.9615
22.9594
22.9449
22.9434
22.9495
22.9543
22.9628
22.9734
22.9909
23.0118
23.0316
23.0344
23.024
23.0158
23.0056
23.0106
23.0067
22.9986
22.9917
22.9946
23.0062
23.0143
22.9926
22.973
22.9737
22.9661
22.976
22.9888
23.0082
23.0177
23.0377
23.058
23.0491
23.0492
23.0432
23.0241
23.0089
22.9995
22.983
22.9528
22.9434
22.9395
22.9413
22.9445
22.9426
22.9455
22.9528
22.9696
22.9886
23.0037
23.0213
23.0148
23.0278
23.0424
23.0401
23.0393
23.0137
22.9961
22.9832
22.9555
22.9441
22.9175
22.9072
22.9026
22.8987
22.8978
22.8985
22.8916
22.891
22.8912
22.9064
22.9206
22.9442
22.9697
22.9948
23.0092
23.0083
23.0119
23.0073
22.997
22.9871
22.9766
22.9704
22.9603
22.9569
22.9645
22.9662
22.97
22.9717
22.9654
22.958
22.9571
22.9605
22.9749
22.9936
23.0049
23.0124
23.0201
23.0278
23.0311
23.0278
23.0155
22.998
22.9757
22.9516
22.9286
22.9113
22.8986
22.8938
22.8926
22.892
22.9037
22.925
22.9474
22.9684
22.9903
23.0079
23.0148
23.0173
23.0174
23.0145
23.0128
23.0116
23.0101
23.0103
23.0091
22.9997
22.9859
22.9676
22.9512
22.9354
22.9245
22.9158
22.9205
22.9317
22.939
22.9499
22.9598
22.9753
22.9814
22.9568
22.9389
22.9104
22.8853
22.8761
22.8731
22.878
22.888
22.9011
22.9133
22.9233
22.9313
22.932
22.9306
22.9292
22.9235
22.9278
22.9169
22.9218
22.9212
22.9155
22.9085
22.897
22.8737
22.8559
22.8191
22.8019
22.796
22.7921
22.7992
22.8139
22.8262
22.8369
22.8549
22.8771
22.8988
22.9208
22.9445
22.9432
22.9437
22.9486
22.9496
22.9274
22.9244
22.9162
22.9098
22.9015
22.897
22.8867
22.8565
22.8339
22.8153
22.7954
22.7802
22.7702
22.7752
22.7739
22.7784
22.785
22.79
22.7946
22.7824
22.7798
22.7787
22.7767
22.7789
22.784
22.7858
22.7887
22.8002
22.8044
22.8006
22.7713
22.7454
22.7352
22.7268
22.7166
22.7124
22.7162
22.721
22.7317
22.7367
22.7299
22.7223
22.7107
22.6953
22.6806
22.6723
22.6668
22.6633
22.6551
22.6473
22.649
22.6607
22.6697
22.6812
22.688
22.6932
22.6984
22.6931
22.7013
22.7065
22.7162
22.7216
22.7317
22.7419
22.7468
22.7456
22.7397
22.7422
22.7435
22.7395
22.7172
22.7134
22.7096
22.7115
22.7079
22.7036
22.6978
22.6898
22.6833
22.6588
22.6543
22.6515
22.645
22.639
22.6295
22.6199
22.6166
22.6182
22.5951
22.593
22.5982
22.6066
22.6191
22.637
22.6506
22.6642
22.66
22.6729
22.679
22.6813
22.6811
22.6807
22.685
22.6896
22.6597
22.648
22.6318
22.6107
22.5859
22.5619
22.5473
22.526
22.5155
22.4851
22.4808
22.4785
22.4898
22.5031
22.5118
22.5253
22.5467
22.5645
22.5845
22.6097
22.6225
22.6318
22.6357
22.6266
22.6143
22.5939
22.5804
22.5656
22.5573
22.5585
22.5584
22.5635
22.5732
22.5872
22.5986
22.6133
22.6243
22.6335
22.6217
22.6237
22.6238
22.6218
22.6117
22.6056
22.5982
22.5838
22.5801
22.5697
22.5534
22.5404
22.5286
22.4792
22.4655
22.4523
22.449
22.4534
22.4552
22.4698
22.4835
22.504
22.5178
22.5319
22.5549
22.5774
22.5917
22.6077
22.6193
22.6225
22.6229
22.6102
22.592
22.5744
22.5646
22.5472
22.5367
22.53
22.5179
22.5115
22.5083
22.5123
22.5169
22.5253
22.5381
22.5273
22.5391
22.5522
22.5639
22.5504
22.5523
22.5515
22.5467
22.5149
22.5051
22.4793
22.4696
22.4674
22.4491
22.4559
22.4639
22.4745
22.4871
22.4761
22.4931
22.505
22.5181
22.5243
22.5313
22.5339
22.5319
22.5283
22.52
22.5099
22.4937
22.4788
22.4577
22.4433
22.4363
22.4321
22.4402
22.4449
22.4335
22.4501
22.4364
22.4562
22.4628
22.4926
22.5221
22.5559
22.5901
22.6193
22.6413
22.6465
22.6379
22.6163
22.5891
22.5591
22.5269
22.4959
22.47
22.4575
22.4505
22.4471
22.4401
22.447
22.4605
22.4803
22.5037
22.533
22.5693
22.6038
22.6347
22.6603
22.6762
22.6831
22.6783
22.6615
22.6392
22.6198
22.598
22.5761
22.5646
22.5515
22.5416
22.5345
22.5318
22.5356
22.5446
22.5576
22.5785
22.5936
22.6097
22.6312
22.6554
22.6762
22.6997
22.7067
22.7074
22.6978
22.6878
22.6739
22.6558
22.6397
22.6207
22.6058
22.5984
22.591
22.5966
22.6098
22.6058
22.6188
22.6369
22.6547
22.6741
22.6904
22.701
22.7077
22.7095
22.6891
22.6811
22.6654
22.6476
22.6042
22.5799
22.5311
22.5076
22.498
22.4893
22.4901
22.4973
22.5135
22.5345
22.5567
22.5698
22.5885
22.6024
22.6133
22.617
22.6186
22.6134
22.6098
22.6047
22.6021
22.5979
22.5918
22.5761
22.556
22.5489
22.5399
22.5334
22.5296
22.5299
22.5344
22.5473
22.5652
22.5804
22.592
22.5846
22.5961
22.5982
22.6005
22.5988
22.5766
22.5744
22.5747
22.5727
22.5712
22.5724
22.5569
22.5567
22.5521
22.539
22.5346
22.5368
22.5438
22.5521
22.5523
22.5746
22.5932
22.6086
22.6201
22.6243
22.635
22.6382
22.6397
22.6347
22.6353
22.6261
22.6155
22.6006
22.5853
22.5668
22.5587
22.5585
22.5562
22.5599
22.5703
22.587
22.5987
22.607
22.6192
22.6338
22.6455
22.6502
22.6534
22.6561
22.6619
22.6419
22.6411
22.629
22.6155
22.5876
22.5732
22.5675
22.5603
22.561
22.5621
22.5608
22.5657
22.573
22.5806
22.5883
22.5966
22.6051
22.5997
22.5936
22.5906
22.5718
22.5568
22.5351
22.5144
22.4888
22.4662
22.4493
22.4361
22.4249
22.4159
22.4079
22.4087
22.4213
22.4305
22.4486
22.455
22.4753
22.497
22.5099
22.5183
22.5238
22.5224
22.5265
22.525
22.5142
22.4997
22.4847
22.4675
22.4486
22.4262
22.409
22.3878
22.367
22.3488
22.3322
22.3243
22.3168
22.3156
22.3198
22.3316
22.3427
22.3401
22.3492
22.3327
22.3397
22.3519
22.3557
22.3555
22.3501
22.353
22.3532
22.3568
22.3523
22.3526
22.3522
22.3522
22.3589
22.3647
22.3712
22.3794
22.3966
22.4051
22.4121
22.4159
22.4212
22.4245
22.4261
22.4181
22.4158
22.4116
22.4053
22.4109
22.4121
22.4097
22.4085
22.4116
22.4202
22.4281
22.4404
22.4558
22.4786
22.5051
22.5218
22.5339
22.5481
22.5542
22.5552
22.5248
22.5084
22.4892
22.473
22.4531
22.4388
22.4021
22.3902
22.3744
22.3591
22.3579
22.364
22.3698
22.3839
22.4126
22.4399
22.473
22.5017
22.5268
22.5458
22.5657
22.5574
22.5614
22.5472
22.5282
22.5221
22.5132
22.4954
22.4844
22.4786
22.4806
22.4808
22.4748
22.4744
22.4753
22.4691
22.4678
22.4629
22.4614
22.458
22.4537
22.4526
22.4474
22.4233
22.4241
22.4263
22.418
22.4117
22.4091
22.4109
22.4214
22.4225
22.4241
22.4354
22.4434
22.4533
22.4628
22.4714
22.4814
22.4926
22.5023
22.5108
22.5161
22.524
22.526
22.5223
22.5164
22.5022
22.4902
22.4768
22.4645
22.4524
22.4388
22.4334
22.4294
22.4346
22.4472
22.4573
22.4735
22.4979
22.5195
22.5412
22.5559
22.572
22.5897
22.6048
22.6091
22.6097
22.6058
22.5979
22.5872
22.5725
22.561
22.5436
22.5288
22.5095
22.4878
22.4736
22.4618
22.4573
22.4589
22.4614
22.4786
22.4895
22.5025
22.5162
22.5339
22.5477
22.507
22.509
22.5048
22.4973
22.4855
22.4755
22.4635
22.4505
22.4411
22.4326
22.4085
22.3962
22.3863
22.3823
22.3763
22.3738
22.3748
22.3773
22.3847
22.391
22.4029
22.4165
22.4344
22.4398
22.446
22.4549
22.4509
22.4486
22.4435
22.4434
22.4427
22.432
22.4188
22.4096
22.398
22.3909
22.3876
22.3929
22.4009
22.4154
22.4326
22.4559
22.4891
22.5074
22.5185
22.5283
22.5387
22.5405
22.5285
22.5181
22.51
22.5023
22.4761
22.4707
22.4561
22.4551
22.4463
22.4451
22.4453
22.4458
22.4581
22.4785
22.5015
22.5218
22.5438
22.5674
22.58
22.5844
22.58
22.5722
22.5584
22.5385
22.5236
22.5109
22.5095
22.5111
22.51
22.5076
22.5031
22.4826
22.4896
22.5019
22.5215
22.5438
22.5725
22.6087
22.639
22.6527
22.6607
22.6691
22.6686
22.6673
22.6541
22.6201
22.6074
22.5891
22.5726
22.5538
22.541
22.5334
22.5273
22.5271
22.536
22.5507
22.5726
22.5973
22.6222
22.6166
22.6243
22.6305
22.6367
22.637
22.6389
22.6412
22.6338
22.6314
22.6253
22.6157
22.5749
22.5712
22.5668
22.5487
22.5406
22.537
22.5391
22.5483
22.5613
22.5657
22.5688
22.5737
22.5729
22.5723
22.5799
22.5905
22.5979
22.6105
22.62
22.6184
22.6179
22.6268
22.6278
22.6263
22.6308
22.6277
22.6266
22.6312
22.6177
22.6156
22.6129
22.6076
22.6025
22.5978
22.5936
22.585
22.5807
22.583
22.5862
22.5902
22.5891
22.5867
22.5616
22.5569
22.5507
22.5479
22.5471
22.552
22.5538
22.546
22.5389
22.5458
22.5525
22.5568
22.5589
22.5582
22.565
22.5584
22.5573
22.5574
22.5573
22.555
22.5552
22.5583
22.5533
22.5483
22.5475
22.5473
22.5429
22.5351
22.5132
22.512
22.514
22.5145
22.5169
22.5277
22.5424
22.5572
22.5683
22.577
22.5903
22.6018
22.6136
22.6208
22.588
22.5898
22.5831
22.5805
22.5735
22.5602
22.5478
22.5406
22.5283
22.5205
22.5109
22.5118
22.5129
22.5198
22.5358
22.5527
22.5715
22.5832
22.5953
22.6078
22.6135
22.6188
22.618
22.6158
22.6113
22.6042
22.5988
22.6018
22.5908
22.5829
22.5823
22.5741
22.5713
22.5783
22.5806
22.5912
22.6007
22.613
22.6261
22.6356
22.6449
22.6488
22.6658
22.6653
22.6644
22.6597
22.6335
22.6239
22.6149
22.6024
22.5979
22.5875
22.5758
22.5655
22.5558
22.5478
22.5397
22.5318
22.5348
22.5421
22.5514
22.5635
22.575
22.589
22.606
22.6183
22.6065
22.5984
22.585
22.5727
22.5527
22.5388
22.5259
22.5089
22.4945
22.4786
22.4413
22.426
22.4107
22.4009
22.3954
22.3929
22.4005
22.4141
22.4292
22.4469
22.4709
22.4862
22.5037
22.513
22.5194
22.5197
22.5171
22.5086
22.4941
22.4714
22.4579
22.448
22.4398
22.4373
22.4344
22.4332
22.4378
22.445
22.4456
22.444
22.4487
22.4619
22.4723
22.4772
22.4612
22.4611
22.4565
22.4474
22.4375
22.4219
22.404
22.3885
22.3743
22.3619
22.3565
22.349
22.3491
22.3519
22.3537
22.3644
22.3749
22.3675
22.3836
22.3999
22.425
22.4409
22.4586
22.468
22.4531
22.4452
22.4345
22.4207
22.4054
22.387
22.3669
22.3498
22.3394
22.3259
22.3156
22.3145
22.3092
22.3053
22.3068
22.3145
22.307
22.3199
22.3357
22.3511
22.366
22.3795
22.3958
22.4091
22.4126
22.4131
22.4171
22.4002
22.3969
22.3926
22.3815
22.3694
22.3576
22.345
22.3333
22.3202
22.3179
22.32
22.3351
22.3567
22.3751
22.3898
22.4046
22.3963
22.4049
22.4099
22.4115
22.4097
22.4094
22.4032
22.3945
22.3799
22.3638
22.3575
22.3499
22.3463
22.3465
22.3583
22.3731
22.3906
22.3897
22.4075
22.4295
22.4558
22.4716
22.4723
22.4743
22.4734
22.4713
22.4597
22.4422
22.4253
22.4106
22.3976
22.3797
22.3653
22.3483
22.3414
22.3415
22.3419
22.3517
22.3639
22.361
22.3823
22.4149
22.4504
22.4784
22.5024
22.5206
22.531
22.5302
22.5288
22.5272
22.522
22.5164
22.5104
22.4778
22.4607
22.4434
22.4266
22.4097
22.4071
22.4079
22.4206
22.4379
22.4677
22.4997
22.5178
22.5496
22.576
22.603
22.6227
22.6333
22.6334
22.6271
22.6156
22.602
22.5819
22.5632
22.5495
22.5441
22.5409
22.5427
22.5545
22.5632
22.5765
22.5951
22.6116
22.6283
22.6402
22.652
22.6629
22.6641
22.6684
22.6689
22.6705
22.6669
22.6634
22.6609
22.6578
22.6536
22.6533
22.6461
22.6438
22.6457
22.6466
22.6464
22.6503
22.6526
22.6598
22.6645
22.676
22.6768
22.6736
22.6782
22.6794
22.6841
22.6867
22.6854
22.6832
22.6785
22.6688
22.6618
22.6543
22.6473
22.6472
22.6533
22.6646
22.6856
22.7056
22.7269
22.7465
22.7595
22.7711
22.7773
22.7801
22.7817
22.7806
22.7791
22.7748
22.7731
22.7681
22.7596
22.7588
22.7539
22.7495
22.7465
22.7478
22.7542
22.7629
22.7736
22.7851
22.8009
22.808
22.8163
22.8006
22.8011
22.8034
22.8072
22.8121
22.8168
22.8225
22.8247
22.8243
22.8125
22.8119
22.805
22.7983
22.7924
22.7918
22.79
22.8019
22.8092
22.8193
22.8211
22.8217
22.821
22.8209
22.8225
22.8245
22.8305
22.8422
22.8507
22.861
22.8612
22.8639
22.8664
22.8633
22.8653
22.8656
22.8633
22.8671
22.8736
22.8828
22.8888
22.8898
22.8915
22.8917
22.8936
22.8963
22.8967
22.8927
22.8909
22.8894
22.8851
22.8823
22.882
22.8777
22.8654
22.8621
22.8563
22.8545
22.859
22.8655
22.8814
22.9009
22.9226
22.9412
22.9516
22.9602
22.9622
22.9677
22.9669
22.9684
22.976
22.9777
22.9777
22.9759
22.9757
22.9813
22.978
22.972
22.9614
22.9502
22.943
22.9385
22.9443
22.9434
22.9382
22.9368
22.9337
22.9331
22.9368
22.9426
22.9537
22.9543
22.9692
22.9805
22.9927
22.9832
22.9886
22.9977
23.0074
23.0168
23.0247
23.0329
23.0357
23.0407
23.0416
23.0326
23.0227
23.0009
22.9876
22.9743
22.9664
22.9619
22.9371
22.9341
22.9365
22.9361
22.9384
22.9123
22.9114
22.9166
22.932
22.9473
22.9634
22.986
23.0061
23.0241
23.0364
23.0434
23.0483
23.047
23.0431
23.0393
23.0404
23.0436
23.0502
23.051
23.0502
23.0424
23.0449
23.0465
23.0466
23.0495
23.0519
23.0496
23.0576
23.0699
23.0787
23.0858
23.0795
23.0843
23.0803
23.0822
23.0842
23.0864
23.0938
23.0994
23.1037
23.1081
23.1135
23.1171
23.1274
23.1382
23.1411
23.1435
23.1481
23.1495
23.1593
23.174
23.189
23.206
23.219
23.2304
23.2345
23.2184
23.1826
23.1622
23.1352
23.1178
23.1044
23.0949
23.0868
23.0838
23.0918
23.0953
23.0996
23.1081
23.1157
23.1103
23.1304
23.156
23.1841
23.2094
23.2035
23.2255
23.2374
23.2301
23.2021
23.185
23.1496
23.1292
23.1154
23.0924
23.085
23.0803
23.0679
23.0567
23.0468
23.043
23.033
23.0401
23.0406
23.0461
23.0512
23.0567
23.0573
23.0563
23.0581
23.0553
23.0503
23.0229
23.0145
23.0105
23.0038
22.9976
22.9971
22.9983
23.0037
23.0061
23.0094
23.0058
23.0042
23.009
23.0192
23.0274
23.0244
23.0249
23.0251
23.0209
23.0147
23.0099
23.0027
22.9995
22.9967
22.9884
22.9809
22.9818
22.985
22.9657
22.9665
22.9741
22.9816
22.9852
22.9858
22.9955
23.0088
23.0106
23.0153
23.0222
23.0301
23.0259
23.0194
22.9819
22.9646
22.9489
22.9295
22.8981
22.8813
22.8693
22.8621
22.8603
22.8523
22.85
22.8421
22.8385
22.8322
22.8345
22.8326
22.829
22.829
22.8236
22.8264
22.8213
22.8223
22.8207
22.8229
22.8151
22.808
22.8044
22.8
22.7978
22.7975
22.7935
22.7901
22.7864
22.7824
22.7788
22.7756
22.7763
22.7768
22.7703
22.768
22.7643
22.7599
22.7542
22.7493
22.747
22.7349
22.7287
22.7243
22.7208
22.7164
22.7177
22.7185
22.7248
22.6976
22.6957
22.6911
22.6931
22.6982
22.7062
22.7163
22.7336
22.7403
22.7467
22.7483
22.7487
22.7468
22.7462
22.741
22.7162
22.7015
22.6857
22.6665
22.6518
22.6415
22.6346
22.6293
22.6126
22.6066
22.6003
22.5976
22.6126
22.6285
22.6403
22.6416
22.6448
22.6523
22.662
22.6735
22.6847
22.6729
22.6788
22.6769
22.6762
22.6706
22.6678
22.6601
22.6544
22.6386
22.6079
22.5905
22.5792
22.5711
22.567
22.5635
22.5584
22.5521
22.5478
22.5405
22.5348
22.5321
22.531
22.5265
22.5258
22.5252
22.5238
22.53
22.5356
22.538
22.5409
22.5428
22.5423
22.5438
22.5435
22.5505
22.5626
22.5725
22.578
22.5807
22.5866
22.583
22.58
22.584
22.5812
22.582
22.5773
22.5713
22.5692
22.5682
22.565
22.5661
22.5659
22.5611
22.562
22.5614
22.5685
22.5852
22.6051
22.6214
22.6383
22.6412
22.6363
22.6457
22.6559
22.6682
22.6708
22.6698
22.6703
22.6706
22.6638
22.6626
22.6692
22.6749
22.679
22.6907
22.7021
22.7049
22.7082
22.711
22.7266
22.7322
22.7379
22.7486
22.7505
22.7585
22.7601
22.7692
22.7683
22.7658
22.768
22.7738
22.7772
22.7825
22.7919
22.7994
22.8051
22.7873
22.7836
22.7779
22.7709
22.7684
22.7636
22.7656
22.7708
22.7731
22.7818
22.7921
22.8057
22.8188
22.8341
22.8445
22.8555
22.8323
22.8299
22.8264
22.8217
22.8156
22.8117
22.7805
22.7738
22.7684
22.7616
22.7588
22.756
22.7597
22.7643
22.7712
22.7854
22.8036
22.8202
22.838
22.8623
22.8808
22.8923
22.8985
22.9075
22.8994
22.8995
22.8937
22.8839
22.8689
22.857
22.8228
22.8089
22.8015
22.8057
22.8032
22.8027
22.7928
22.8031
22.8249
22.8524
22.8745
22.8927
22.9163
22.9339
22.9581
22.9713
22.9697
22.9574
22.9479
22.9187
22.9027
22.8866
22.8743
22.8686
22.8714
22.8818
22.8934
22.9182
22.9434
22.9771
23.0132
23.05
23.0845
23.1073
23.122
23.134
23.1307
23.112
23.0995
23.0774
23.0578
23.0349
22.9975
22.9745
22.9581
22.9484
22.9568
22.9716
22.9866
22.987
23.0152
23.0395
23.073
23.1042
23.1248
23.1453
23.1545
23.16
23.1621
23.158
23.1529
23.1369
23.1047
23.0769
23.0552
23.0382
23.03
23.0194
23.0185
23.028
23.0363
23.0317
23.045
23.0534
23.0714
23.0951
23.1018
23.1247
23.1433
23.1625
23.1792
23.1825
23.1844
23.1804
23.1738
23.1724
23.1666
23.1642
23.1612
23.1573
23.1554
23.1572
23.1625
23.1698
23.1797
23.1699
23.1847
23.1972
23.204
23.2087
23.2158
23.2172
23.2107
23.2
23.1878
23.1726
23.1642
23.1441
23.1346
23.132
23.1351
23.1465
23.1695
23.1949
23.2209
23.245
23.2728
23.2997
23.3288
23.3463
23.3546
23.3567
23.3569
23.3532
23.3394
23.3209
23.3005
23.2776
23.2494
23.2241
23.2014
23.1852
23.1712
23.1675
23.1654
23.1722
23.1842
23.2044
23.2217
23.2449
23.2699
23.2953
23.3148
23.3296
23.345
23.3578
23.3653
23.368
23.3632
23.3548
23.34
23.3256
23.317
23.3079
23.3042
23.3034
23.3071
23.3154
23.3292
23.3448
23.3635
23.3784
23.3888
23.3711
23.3746
23.3581
23.3539
23.3484
23.3407
23.3285
23.3106
23.2923
23.2758
23.2621
23.2333
23.2352
23.2432
23.2532
23.2704
23.2898
23.3122
23.3371
23.3514
23.3673
23.3783
23.3902
23.3994
23.4009
23.403
23.3966
23.3852
23.3694
23.3459
23.3213
23.2973
23.2802
23.2562
23.2503
23.2462
23.252
23.2632
23.2756
23.2897
23.3079
23.3249
23.3399
23.3581
23.3441
23.3574
23.3648
23.3679
23.373
23.3601
23.3437
23.3205
23.2974
23.2728
23.2471
23.2139
23.1938
23.1812
23.1709
23.1652
23.1575
23.1566
23.1545
23.1541
23.1632
23.1709
23.186
23.2028
23.2202
23.2278
23.2372
23.2371
23.2281
23.2138
23.1959
23.1669
23.1552
23.1551
23.1428
23.1314
23.1153
23.1036
23.0968
23.0849
23.0787
23.072
23.0706
23.0768
23.0834
23.0869
23.0948
23.1029
23.1013
23.0952
23.0807
23.0682
23.0525
23.0413
23.0292
23.0198
23.0137
23.0108
23.0053
22.985
22.97
22.9575
22.9519
22.9446
22.947
22.9471
22.955
22.965
22.9763
22.9804
22.9829
22.9833
22.9794
22.975
22.9645
22.952
22.9369
22.9307
22.907
22.8959
22.8816
22.8705
22.8524
22.8385
22.8265
22.8142
22.8146
22.8123
22.8244
22.8311
22.8384
22.8369
22.8179
22.8148
22.8039
22.7982
22.7982
22.8092
22.8192
22.8341
22.847
22.8493
22.85
22.8437
22.8334
22.815
22.7987
22.7789
22.7647
22.761
22.7545
22.7538
22.7512
22.7496
22.7448
22.7349
22.7331
22.7236
22.7198
22.7132
22.7071
22.702
22.7001
22.6969
22.6966
22.6979
22.6953
22.6919
22.687
22.6905
22.6871
22.6872
22.671
22.6464
22.6402
22.6295
22.6187
22.6134
22.6122
22.6149
22.6118
22.6125
22.6077
22.5989
22.5909
22.5566
22.5462
22.5411
22.5362
22.5317
22.53
22.5259
22.5249
22.5246
22.521
22.5147
22.498
22.4977
22.5008
22.5008
22.5077
22.5281
22.539
22.5387
22.5376
22.5267
22.5226
22.5152
22.5108
22.5038
22.5033
22.5028
22.5032
22.508
22.4946
22.4879
22.4662
22.4608
22.456
22.456
22.461
22.4662
22.4754
22.4901
22.5051
22.5202
22.5195
22.5182
22.5129
22.5127
22.5138
22.5097
22.5078
22.5053
22.5015
22.4806
22.4782
22.4698
22.4624
22.4636
22.4586
22.4568
22.4641
22.4796
22.4958
22.5137
22.5327
22.5531
22.5716
22.5763
22.5736
22.5601
22.549
22.5347
22.5121
22.4896
22.4713
22.4562
22.4483
22.447
22.4483
22.4557
22.4654
22.4765
22.4899
22.5063
22.5311
22.5505
22.5721
22.5863
22.5957
22.6006
22.6041
22.5986
22.5849
22.5662
22.5509
22.5275
22.514
22.5059
22.4997
22.4954
22.4924
22.4939
22.5006
22.5106
22.5301
22.553
22.5623
22.5829
22.5964
22.6045
22.6066
22.5959
22.5829
22.5635
22.5447
22.5285
22.5103
22.4892
22.477
22.4698
22.468
22.4674
22.4757
22.4846
22.5026
22.5285
22.5542
22.587
22.6217
22.6466
22.6701
22.6754
22.676
22.6748
22.6607
22.65
22.6335
22.6139
22.5934
22.5667
22.55
22.5362
22.5309
22.5283
22.5236
22.5279
22.5191
22.5266
22.5364
22.5523
22.5725
22.5872
22.5909
22.6031
22.6114
22.6206
22.6201
22.6355
22.6476
22.661
22.6734
22.6855
22.6983
22.6992
22.6934
22.6811
22.6679
22.6554
22.651
22.6548
22.6495
22.6554
22.6613
22.6652
22.6656
22.6614
22.6565
22.6457
22.6339
22.6198
22.6068
22.5991
22.5873
22.5934
22.5898
22.5837
22.5874
22.5877
22.5949
22.6058
22.6266
22.6504
22.6753
22.7058
22.7271
22.7568
22.778
22.7935
22.7941
22.7906
22.7771
22.7623
22.7487
22.7303
22.7101
22.6944
22.6854
22.6783
22.6677
22.6487
22.6271
22.6343
22.6501
22.6679
22.6736
22.6999
22.7341
22.7544
22.7694
22.7803
22.7841
22.7824
22.777
22.7694
22.7617
22.7549
22.7474
22.7426
22.7287
22.7112
22.6857
22.6784
22.6639
22.6634
22.675
22.6889
22.7052
22.7239
22.7401
22.7551
22.7655
22.7684
22.7653
22.7539
22.7437
22.7357
22.7285
22.7271
22.7285
22.7323
22.7171
22.7145
22.7081
22.7055
22.7116
22.7269
22.7427
22.7633
22.7892
22.8042
22.8196
22.8394
22.849
22.851
22.8441
22.8365
22.8175
22.8057
22.7855
22.771
22.7575
22.7424
22.708
22.69
22.6797
22.6742
22.6792
22.6981
22.7125
22.7335
22.7566
22.7733
22.7879
22.7999
22.8027
22.8109
22.8107
22.8116
22.8142
22.8205
22.8313
22.8394
22.848
22.8498
22.8401
22.8325
22.7931
22.7891
22.79
22.8007
22.8126
22.835
22.8639
22.9038
22.9425
22.9711
22.9942
23.0129
23.0271
23.049
23.0726
23.0988
23.1221
23.133
23.1421
23.141
23.1373
23.1461
23.1435
23.1479
23.1514
23.1544
23.1615
23.1699
23.1769
23.1824
23.1856
23.1872
23.1798
23.1751
23.1683
23.1631
23.1572
23.1754
23.1709
23.1965
23.2268
23.2538
23.2709
23.2967
23.3134
23.3355
23.3549
23.3868
23.4052
23.4355
23.4544
23.4907
23.5095
23.5425
23.5716
23.5886
23.6194
23.6201
23.6139
23.6066
23.5947
23.6037
23.6032
23.6162
23.6499
23.6959
23.7307
23.7964
23.83
23.8745
23.9065
23.9435
23.9756
24.0025
24.0266
24.0637
24.0896
24.1251
24.1438
24.1799
24.2063
24.2395
24.2554
24.2711
24.2797
24.2966
24.3176
24.347
24.3799
24.4261
24.4677
24.5061
24.5349
24.5741
24.6004
24.6245
24.6565
24.6977
24.7244
24.7538
24.7861
24.8142
24.8118
24.8367
24.8648
24.8971
24.9268
24.9589
24.9806
25.004
25.0255
25.0523
25.0783
25.1069
25.1318
25.1556
25.1825
25.2055
25.2206
25.2327
25.2387
25.2455
25.2442
25.249
25.2514
25.2619
25.2676
25.2856
25.298
25.313
25.3199
25.3252
25.336
25.3561
25.3731
25.4038
25.4327
25.4682
25.5024
25.5261
25.5478
25.5654
25.568
25.5766
25.5877
25.603
25.6362
25.6632
25.7127
25.7721
25.835
25.8602
25.9218
25.9794
26.0186
26.0411
26.057
26.0775
26.106
26.1495
26.2005
26.2666
26.3401
26.4117
26.4601
26.4967
26.5226
26.5526
26.5883
26.6131
26.6544
26.7059
26.7259
26.7865
26.8183
26.8781
26.8932
26.9252
26.9545
26.9819
27.0172
27.0488
27.0971
27.1511
27.2156
27.2901
27.3546
27.394
27.4105
27.4266
27.4517
27.4738
27.4892
27.5375
27.5891
27.6766
27.7377
27.7874
27.8092
27.8399
27.8561
27.8911
27.9584
28.0135
28.0746
28.1545
28.2291
28.2971
28.3322
28.3481
28.3538
28.3769
28.3988
28.4258
28.4247
28.4619
28.5208
28.616
28.6806
28.734
28.7786
28.8167
28.8669
28.9412
29.0013
29.0685
29.1234
29.1795
29.2275
29.2615
29.2767
29.3021
29.3291
29.3264
29.351
29.3797
29.3572
29.3917
29.4309
29.4344
29.4635
29.4648
29.4846
29.5171
29.5554
29.5983
29.6365
29.676
29.6792
29.7162
29.7521
29.7782
29.7946
29.8298
29.8739
29.9286
29.9857
30.0416
30.0949
30.1507
30.1555
30.1908
30.2367
30.2646
30.293
30.345
30.3864
30.4645
30.5185
30.5834
30.6502
30.7118
30.7779
30.8324
30.8503
30.8602
30.8663
30.8649
30.8668
30.8772
30.8907
30.9164
30.9619
31.0147
31.0539
31.0788
31.1091
31.139
31.1679
31.2032
31.2532
31.262
31.3002
31.3334
31.3696
31.3877
31.3904
31.3978
31.3974
31.3904
31.3888
31.4191
31.46
31.5177
31.5378
31.6162
31.6718
31.7272
31.809
31.8821
31.9433
32.0018
32.0635
32.1311
32.2125
32.3161
32.3715
32.4595
32.5115
32.582
32.6244
32.6191
32.6065
32.6078
32.6377
32.697
32.7887
32.9244
33.0155
33.0997
33.1398
33.1518
33.167
33.1993
33.2533
33.3193
33.3926
33.4853
33.5731
33.6397
33.6869
33.6992
33.6434
33.6144
33.5935
33.5918
33.618
33.6859
33.8186
33.9001
33.9517
33.97
34.0103
34.1151
34.2364
34.3623
34.5098
34.6892
34.8547
34.948
34.988
35.0159
35.0609
35.1321
35.2344
35.3459
35.4676
35.6163
35.7855
35.9079
35.9478
35.9684
35.9926
36.0441
36.1311
36.2354
36.3452
36.4764
36.6326
36.7777
36.8467
36.865
36.8747
36.9021
36.9563
37.0441
37.1417
37.3312
37.5585
37.8148
38.0197
38.125
38.1908
38.2696
38.3854
38.4937
38.6466
38.7984
38.9727
39.1806
39.3913
39.5476
39.6339
39.6904
39.7623
39.8784
40.0228
40.167
40.3166
40.4992
40.6664
40.8248
40.9429
41.0052
41.0747
41.1747
41.2211
41.362
41.5179
41.6684
41.83
41.9338
42.0227
42.0854
42.1352
42.2191
42.3516
42.5118
42.67
42.8292
42.9758
43.0965
43.1828
43.2401
43.2626
43.3114
43.4018
43.5455
43.6971
43.8674
43.9816
44.0528
44.1378
44.219
44.2592
44.3055
44.3975
44.5416
44.7057
44.8436
44.9771
45.0662
45.1383
45.205
45.2352
45.2523
45.3122
45.4205
45.5761
45.7231
45.8603
45.9721
45.927
45.8563
45.8125
45.8254
45.9045
46.0726
46.3006
46.53
46.6769
46.7775
46.7638
46.5619
46.4676
46.4079
46.414
46.4891
46.6495
46.875
47.1176
47.2934
47.353
47.2861
47.1773
47.0795
47.0287
47.0485
47.1477
47.1598
47.3939
47.6755
47.9511
48.0168
47.9432
47.8208
47.71
47.6428
47.6525
47.7418
47.9168
48.1745
48.4691
48.6424
48.6135
48.4974
48.37
48.273
48.2334
48.2815
48.3747
48.5662
48.8234
49.0937
49.1602
49.0831
48.9514
48.8296
48.7495
48.7449
48.8216
48.9828
48.493
