0.201281
0.402426
0.60314
0.803822
1.00448
1.20506
1.40563
1.60621
1.80688
2.00741
2.20805
2.40866
2.60922
2.80992
3.01059
3.21114
3.41167
3.61226
3.81278
4.01327
4.21382
4.41437
4.61495
4.81545
5.01622
5.21693
5.41746
5.618
5.81848
6.01893
6.21943
6.41995
6.62047
6.82097
7.02145
7.22195
7.42242
7.62293
7.8495
8.05002
8.25048
8.45096
8.65145
8.85191
9.05242
9.2529
9.45335
9.65378
9.85427
10.0547
10.2553
10.4558
10.6563
10.8568
11.0573
11.2578
11.4583
11.6589
11.8594
12.0598
12.2604
12.4609
12.6614
12.8619
13.0624
13.263
13.4634
13.6639
13.8644
14.0649
14.2654
14.4659
14.6665
14.867
15.0675
15.268
15.4685
15.669
15.8695
16.07
16.2705
16.471
16.6715
16.8721
17.0726
17.2731
17.4736
17.6741
17.8747
18.0752
18.2757
18.4761
18.6766
18.8771
19.0777
19.2781
19.4786
19.6791
19.8796
20.08
20.2805
20.481
20.6815
20.882
21.0824
21.2829
21.4834
21.6839
21.8844
22.085
22.2855
22.486
22.6865
22.887
23.0874
23.2879
23.4885
23.689
23.8895
24.0899
24.3074
24.5079
24.7084
24.9088
25.1093
25.3098
25.5103
25.7108
25.9114
26.1119
26.3124
26.5129
26.7134
26.9138
27.1143
27.3148
27.5152
27.7157
27.9162
28.1166
28.3171
28.5175
28.7181
28.9186
29.119
29.3195
29.5199
29.7204
29.9208
30.1213
30.3218
30.5222
30.7228
30.9233
31.1238
31.3243
31.5248
31.7253
31.9258
32.1263
32.3267
32.5272
32.7278
32.9283
33.1288
33.3293
33.5298
33.7304
33.9309
34.1315
34.3321
34.5326
34.7331
34.9336
35.1341
35.3347
35.5351
35.7357
35.9361
36.1367
36.3373
36.5379
36.7385
36.9389
37.1394
37.34
37.5405
37.741
37.9414
38.1419
38.3424
38.5428
38.7433
38.9438
39.1442
39.3448
39.5452
39.7457
39.9461
40.1466
40.3471
40.5477
40.7481
40.9486
41.1491
41.3495
41.55
41.7505
41.951
42.1514
42.352
42.5526
42.7531
42.9536
43.1541
43.3547
43.5552
43.7557
43.9561
44.1567
44.3571
44.5576
44.7582
44.9587
45.1593
45.3599
45.5603
45.7609
45.9614
46.1619
46.3624
46.5629
46.7635
46.964
47.1646
47.3651
47.5718
47.7723
47.9729
48.1734
48.3739
48.5744
48.7748
48.9753
49.1759
49.3764
49.5768
49.7773
49.9778
50.1783
50.3788
50.5793
50.7798
50.9804
51.1809
51.3814
51.5819
51.7824
51.9829
52.1835
52.3841
52.5846
52.7851
52.9855
53.186
53.3864
53.6089
53.818
54.0185
54.2189
54.4194
54.6199
54.8204
55.0209
55.2214
55.4219
55.6224
55.8229
56.0234
56.2239
56.4244
56.6249
56.8254
57.0258
57.2263
57.4268
57.6272
57.8277
58.0282
58.2287
58.4292
58.6297
58.8302
59.0306
59.2311
59.4316
59.632
59.8325
60.033
60.2334
60.4339
60.6344
60.8349
61.0354
61.2359
61.4364
61.6368
61.8373
62.0379
62.2384
62.4388
62.6394
62.8399
63.0404
63.2408
63.4413
63.6418
63.8423
64.0427
64.2432
64.4437
64.6441
64.8447
65.0451
65.2457
65.4461
65.6466
65.8471
66.0476
66.2481
66.4486
66.6491
66.8496
67.0501
67.2506
67.4511
67.6516
67.8521
68.0526
68.2531
68.4535
68.6541
68.8546
69.0551
69.2556
69.4561
69.6566
69.857
70.0575
70.2581
70.4586
70.6591
70.8596
71.0601
71.2606
71.4611
71.6615
71.862
72.0625
72.2629
72.4634
72.6639
72.8644
73.0649
73.2654
73.466
73.6665
73.867
74.0674
74.2678
74.4743
74.6748
74.8752
75.0757
75.2762
75.4766
75.6771
75.8776
76.0781
76.2786
76.4791
76.6796
76.88
77.0805
77.281
77.4815
77.6819
77.8824
78.0829
78.2834
78.4838
78.6843
78.8848
79.0852
79.2857
79.4863
79.6868
79.8873
80.0878
80.2882
80.4888
80.6893
80.8898
81.0903
81.2908
81.4912
81.6918
81.8923
82.0928
82.2933
82.4938
82.6943
82.8948
83.0952
83.2957
83.4961
83.6967
83.8972
84.0977
84.2981
84.4986
84.6991
84.8996
85.1001
85.3006
85.5011
85.7016
85.9021
86.1025
86.303
86.5035
86.704
86.9044
87.1049
87.3055
87.506
87.7065
87.907
88.1075
88.308
88.5085
88.709
88.9095
89.11
89.3104
89.5109
89.7114
89.9119
90.1123
90.3128
90.5133
90.7138
90.9143
91.1147
91.3152
91.5157
91.7162
91.9167
92.1172
92.3177
92.5181
92.7186
92.9191
93.1196
93.3201
93.5205
93.721
93.9214
94.1219
94.3224
94.5229
94.7234
94.9239
95.1243
95.3248
95.5253
95.7258
95.9263
96.1268
96.3274
96.5279
96.7285
96.929
97.1296
97.3301
97.5307
97.7311
97.9316
98.1321
98.3326
98.533
98.7335
98.934
99.1344
99.3349
99.5355
99.7359
99.9364
100.137
100.337
100.538
100.738
100.939
101.139
101.34
101.541
101.741
101.942
102.142
102.343
102.543
102.744
102.944
103.145
103.345
103.546
103.746
103.947
104.147
104.348
104.548
104.749
104.95
105.15
105.351
105.551
105.752
105.952
106.153
106.353
106.554
106.754
106.955
107.155
107.356
107.556
107.757
107.957
108.158
108.358
108.559
108.759
108.96
109.16
109.361
109.561
109.762
109.962
110.163
110.363
110.564
110.765
110.965
111.166
111.366
111.566
111.767
111.967
112.168
112.368
112.569
112.77
112.97
113.171
113.371
113.572
113.772
113.973
114.173
114.374
114.574
114.775
114.975
115.176
115.376
115.577
115.777
115.978
116.178
116.379
116.579
116.78
116.98
117.181
117.381
117.582
117.782
117.983
118.184
118.384
118.585
118.785
118.986
119.186
119.387
119.587
119.788
119.988
120.189
120.389
120.59
120.79
120.991
121.191
121.392
121.592
121.793
121.993
122.194
122.394
122.595
122.795
122.996
123.196
123.397
123.597
123.798
123.998
124.199
124.399
124.6
124.8
125.001
125.201
125.402
125.602
125.803
126.003
126.204
126.404
126.605
126.805
127.006
127.206
127.407
127.607
127.808
128.008
128.209
128.409
128.61
128.81
129.011
129.211
129.412
129.612
129.813
130.014
130.214
130.415
130.615
130.816
131.016
131.217
131.417
131.618
131.818
132.019
132.219
132.42
132.62
132.821
133.021
133.222
133.423
133.623
133.824
134.024
134.225
134.425
134.626
134.826
135.027
135.227
135.428
135.629
135.829
136.03
136.23
136.431
136.631
136.832
137.032
137.233
137.433
137.634
137.834
138.035
138.235
138.436
138.636
138.837
139.037
139.238
139.438
139.639
139.839
140.04
140.24
140.441
140.642
140.842
141.043
141.243
141.443
141.644
141.844
142.045
142.245
142.446
142.646
142.847
143.047
143.248
143.448
143.649
143.849
144.05
144.25
144.451
144.651
144.852
145.052
145.253
145.453
145.654
145.854
146.055
146.255
146.455
146.656
146.856
147.057
147.258
147.458
147.659
147.859
148.06
148.26
148.46
148.661
148.862
149.062
149.263
149.463
149.664
149.864
150.065
150.265
150.475
150.675
150.876
151.076
151.277
151.477
151.678
151.878
152.079
152.279
152.48
152.68
152.881
153.081
153.282
153.482
153.683
153.883
154.084
154.284
154.485
154.685
154.886
155.086
155.287
155.487
155.688
155.888
156.089
156.289
156.49
156.69
156.891
157.091
157.292
157.492
157.693
157.893
158.094
158.294
158.495
158.695
158.896
159.096
159.297
159.497
159.698
159.898
160.099
160.299
160.5
160.7
160.901
161.101
161.302
161.502
161.703
161.903
162.104
162.304
162.505
162.705
162.906
163.106
163.307
163.507
163.71
163.911
164.111
164.311
164.512
164.712
164.913
165.113
165.314
165.515
165.715
165.915
166.116
166.316
166.517
166.717
166.918
167.118
167.319
167.519
167.72
167.92
168.121
168.321
168.522
168.723
168.923
169.123
169.324
169.524
169.725
169.925
170.126
170.326
170.527
170.74
170.941
171.141
171.342
171.542
171.743
171.943
172.144
172.344
172.544
172.745
172.945
173.146
173.347
173.547
173.747
173.948
174.148
174.349
174.549
174.75
174.95
175.151
175.351
175.552
175.752
175.953
176.153
176.354
176.555
176.755
176.956
177.156
177.357
177.557
177.758
177.958
178.159
178.359
178.56
178.76
178.961
179.161
179.362
179.562
179.763
179.963
180.163
180.364
180.564
180.765
180.965
181.166
181.366
181.567
181.767
181.968
182.168
182.369
182.569
182.77
182.97
183.171
183.371
183.572
183.772
183.973
184.173
184.374
184.574
184.775
184.975
185.176
185.377
185.577
185.778
185.978
186.179
186.379
186.58
186.792
186.993
187.193
187.403
187.603
187.804
188.004
188.205
188.405
188.606
188.806
189.007
189.207
189.408
189.608
189.809
190.009
190.21
190.411
190.611
190.812
191.012
191.213
191.413
191.614
191.814
192.015
192.215
192.415
192.616
192.816
193.017
193.217
193.418
193.618
193.819
194.019
194.22
194.42
194.621
194.821
195.022
195.222
195.423
195.623
195.824
196.024
196.225
196.425
196.626
196.826
197.027
197.227
197.428
197.628
197.829
198.029
198.23
198.43
198.631
198.831
199.032
199.232
199.433
199.633
199.833
200.034
200.235
200.435
200.636
200.836
201.037
201.237
201.438
201.638
201.839
202.039
202.24
202.44
202.641
202.841
203.042
203.242
203.443
203.643
203.844
204.044
204.245
204.445
204.645
204.846
205.046
205.247
205.447
205.648
205.848
206.049
206.249
206.45
206.65
206.851
207.051
207.252
207.453
207.653
207.854
208.054
208.255
208.455
208.656
208.856
209.056
209.257
209.457
209.658
209.859
210.059
210.26
210.46
210.661
210.861
211.062
211.262
211.463
211.663
211.864
212.064
212.265
212.465
212.666
212.866
213.067
213.267
213.468
213.668
213.869
214.069
214.27
214.47
214.671
214.871
215.072
215.272
215.473
215.673
215.873
216.074
216.274
216.475
216.675
216.876
217.076
217.277
217.477
217.678
217.878
218.079
218.279
218.48
218.68
218.881
219.081
219.282
219.482
219.683
219.883
220.084
220.284
220.485
220.685
220.886
221.086
221.287
221.487
221.688
221.888
222.089
222.289
222.49
222.69
222.891
223.091
223.292
223.492
223.693
223.893
224.094
224.294
224.495
224.695
224.896
225.096
225.297
225.497
225.698
225.898
226.099
226.299
226.5
226.7
226.901
227.101
227.302
227.502
227.702
227.903
228.103
228.304
228.504
228.705
228.905
229.106
229.306
229.507
229.707
229.908
230.108
230.309
230.509
230.71
230.911
231.111
231.312
231.512
231.713
231.913
232.114
232.314
232.514
232.715
232.915
233.116
233.316
233.517
233.717
233.918
234.118
234.319
234.519
234.72
234.92
235.121
235.321
235.522
235.722
235.923
236.123
236.324
236.524
236.725
236.925
237.126
237.326
237.527
237.727
237.928
238.128
238.329
238.529
238.73
238.93
239.131
239.331
239.532
239.732
239.933
240.133
240.334
240.534
240.735
240.935
241.136
241.336
241.537
241.737
241.938
242.138
242.339
242.539
242.74
242.94
243.141
243.341
243.542
243.742
243.943
244.143
244.344
244.544
244.745
244.945
245.146
245.346
245.547
245.747
245.948
246.148
246.349
246.549
246.75
246.95
247.151
247.351
247.552
247.752
247.953
248.153
248.354
248.554
248.755
248.955
249.156
249.356
249.557
249.757
249.958
250.158
250.359
250.559
250.76
250.96
251.161
251.361
251.562
251.762
251.963
252.163
252.364
252.564
252.765
252.965
253.166
253.366
253.567
253.767
253.968
254.168
254.369
254.569
254.77
254.97
255.171
255.371
255.572
255.772
255.973
256.173
256.373
256.574
256.774
256.975
257.175
257.376
257.576
257.777
257.977
258.178
258.378
258.579
258.779
258.98
259.18
259.381
259.581
259.782
259.982
260.183
260.383
260.584
260.784
260.985
261.185
261.386
261.586
261.787
261.987
262.188
262.388
262.589
262.789
262.99
263.19
263.391
263.591
263.792
263.992
264.193
264.393
264.594
264.794
264.995
265.195
265.396
265.596
265.797
265.997
266.198
266.398
266.599
266.799
267.002
267.203
267.403
267.603
267.804
268.004
268.205
268.405
268.606
268.806
269.007
269.207
269.408
269.608
269.809
270.009
270.21
270.41
270.611
270.811
271.012
271.212
271.413
271.613
271.813
272.014
272.214
272.415
272.615
272.816
273.017
273.217
273.417
273.618
273.818
274.019
274.219
274.42
274.62
274.821
275.021
275.222
275.423
275.623
275.824
276.024
276.225
276.425
276.626
276.826
277.027
277.227
277.428
277.628
277.829
278.029
278.23
278.43
278.631
278.831
279.032
279.232
279.433
279.633
279.833
280.034
280.234
280.435
280.635
280.836
281.036
281.237
281.437
281.638
281.838
282.039
282.239
282.44
282.64
282.841
283.041
283.242
283.442
283.643
283.843
284.044
284.244
284.445
284.645
284.846
285.046
285.247
285.447
285.648
285.848
286.049
286.249
286.45
286.65
286.851
287.051
287.252
287.452
287.653
287.853
288.054
288.254
288.455
288.655
288.856
289.056
289.257
289.457
289.658
289.858
290.059
290.259
290.46
290.66
290.861
291.061
291.262
291.462
291.663
291.863
292.064
292.264
292.464
292.665
292.865
293.066
293.266
293.467
293.667
293.868
294.068
294.269
294.469
294.67
294.87
295.071
295.271
295.472
295.672
295.873
296.073
296.274
296.474
296.675
296.875
297.076
297.276
297.477
297.677
297.878
298.078
298.279
298.479
298.679
298.88
299.08
299.281
299.481
299.682
299.882
300.083
300.283
300.484
300.684
300.885
301.085
301.286
301.486
301.687
301.887
302.088
302.288
302.489
302.689
302.89
303.09
303.291
303.491
303.692
303.892
304.093
304.293
304.494
304.694
304.895
305.095
305.296
305.496
305.697
305.897
306.098
306.298
306.499
306.699
306.9
307.1
307.301
307.501
307.702
307.902
308.103
308.303
308.504
308.704
308.905
309.105
309.306
309.506
309.707
309.907
310.108
310.308
310.509
310.709
310.91
311.11
311.311
311.511
311.712
311.912
312.113
312.313
312.514
312.714
312.915
313.115
313.316
313.516
313.717
313.917
314.118
314.318
314.519
314.719
314.92
315.121
315.321
315.522
315.722
315.923
316.123
316.324
316.524
316.725
316.925
317.126
317.326
317.527
317.727
317.928
318.128
318.329
318.529
318.73
318.93
319.131
319.331
319.532
319.732
319.933
320.133
320.334
320.534
320.735
320.935
321.136
321.336
321.536
321.737
321.937
322.138
322.338
322.539
322.739
322.94
323.14
323.341
323.541
323.742
323.942
324.143
324.343
324.544
324.744
324.945
325.145
325.346
325.546
325.747
325.947
326.148
326.348
326.549
326.749
326.95
327.15
327.351
327.551
327.752
327.952
328.153
328.353
328.554
328.754
328.955
329.155
329.356
329.556
329.757
329.957
330.158
330.358
330.559
330.759
330.959
331.16
331.36
331.561
331.761
331.962
332.162
332.363
332.563
332.764
332.964
333.165
333.365
333.566
333.766
333.967
334.167
334.367
334.568
334.768
334.969
335.169
335.37
335.57
335.771
335.971
336.172
336.372
336.573
336.773
336.974
337.174
337.375
337.575
337.776
337.976
338.177
338.377
338.578
338.778
338.978
339.179
339.379
339.58
339.78
339.981
340.181
340.382
340.582
340.783
340.983
341.184
341.384
341.585
341.785
341.986
342.186
342.387
342.587
342.788
342.988
343.189
343.389
343.59
343.79
343.991
344.191
344.392
344.592
344.793
344.993
345.194
345.394
345.595
345.795
345.996
346.196
346.397
346.597
346.798
346.998
347.199
347.399
347.6
347.8
348.001
348.201
348.402
348.602
348.803
349.003
349.204
349.404
349.605
349.805
350.006
350.206
350.407
350.607
350.808
351.008
351.209
351.409
351.61
351.81
352.011
352.211
352.412
352.612
352.813
353.013
353.213
353.414
353.614
353.815
354.028
354.229
354.429
354.63
354.83
355.031
355.231
355.432
355.632
355.832
356.033
356.233
356.434
356.634
356.835
357.035
357.236
357.436
357.637
357.837
358.038
358.238
358.439
358.639
358.84
359.04
359.241
359.441
359.642
359.842
360.042
360.243
360.443
360.644
360.844
361.045
361.245
361.446
361.646
361.847
362.047
362.248
362.448
362.649
362.849
363.05
363.25
363.451
363.651
363.852
364.052
364.253
364.453
364.654
364.854
365.055
365.255
365.455
365.656
365.856
366.057
366.257
366.458
366.659
366.859
367.059
367.26
367.46
367.661
367.861
368.062
368.262
368.463
368.663
368.864
369.064
369.265
369.465
369.666
369.866
370.067
370.267
370.468
370.668
370.869
371.069
371.27
371.47
371.67
371.895
372.096
372.296
372.497
372.697
372.898
373.098
373.299
373.499
373.7
373.9
374.101
374.301
374.502
374.702
374.903
375.103
375.304
375.504
375.705
375.905
376.106
376.306
376.507
376.707
376.908
377.108
377.309
377.509
377.71
377.91
378.111
378.311
378.512
378.712
378.913
379.114
379.314
379.515
379.715
379.915
380.116
380.317
380.517
380.718
380.918
381.119
381.319
381.52
381.72
381.921
382.121
382.322
382.522
382.723
382.923
383.124
383.324
383.525
383.725
383.926
384.126
384.327
384.528
384.728
384.928
385.129
385.329
385.53
385.746
385.946
386.147
386.347
386.548
386.748
386.949
387.149
387.35
387.55
387.751
387.951
388.152
388.352
388.553
388.753
388.954
389.154
389.355
389.555
389.756
389.956
390.157
390.357
390.558
390.758
390.959
391.159
391.36
391.56
391.761
391.961
392.162
392.362
392.563
392.763
392.964
393.164
393.365
393.565
393.766
393.966
394.167
394.367
394.568
394.768
394.969
395.169
395.37
395.57
395.771
395.971
396.172
396.372
396.573
396.773
396.974
397.174
397.375
397.575
397.776
397.976
398.177
398.377
398.578
398.778
398.979
399.179
399.38
399.58
399.781
399.981
400.182
400.382
400.583
400.783
400.984
401.184
401.385
401.585
401.786
401.986
402.187
402.387
402.588
402.788
402.992
403.192
403.393
403.593
403.794
403.994
404.195
404.395
404.596
404.796
404.997
405.197
405.398
405.598
405.799
405.999
406.2
406.4
406.601
406.801
407.002
407.202
407.403
407.603
407.804
408.004
408.205
408.405
408.606
408.806
409.007
409.207
409.408
409.608
409.809
410.009
410.21
410.41
410.61
410.811
411.011
411.212
411.412
411.613
411.813
412.014
412.214
412.415
412.615
412.816
413.016
413.217
413.417
413.618
413.818
414.019
414.219
414.42
414.62
414.821
415.021
415.222
415.422
415.623
415.823
416.024
416.224
416.425
416.625
416.826
417.026
417.227
417.427
417.628
417.828
418.029
418.229
418.43
418.63
418.831
419.031
419.232
419.432
419.633
419.833
420.034
420.235
420.435
420.636
420.836
421.037
421.237
421.437
421.638
421.838
422.039
422.239
422.44
422.64
422.841
423.041
423.242
423.442
423.643
423.843
424.044
424.244
424.445
424.645
424.846
425.046
425.247
425.447
425.648
425.848
426.049
426.249
426.45
426.65
426.851
427.051
427.252
427.452
427.653
427.853
428.054
428.254
428.455
428.655
428.856
429.056
429.257
429.457
429.658
429.858
430.059
430.259
430.46
430.66
430.861
431.061
431.262
431.462
431.663
431.864
432.064
432.265
432.465
432.666
432.866
433.067
433.267
433.468
433.668
433.869
434.069
434.27
434.471
434.671
434.872
435.072
435.273
435.473
435.674
435.874
436.075
436.275
436.476
436.676
436.877
437.077
437.278
437.478
437.679
437.879
438.08
438.28
438.481
438.682
438.882
439.083
439.283
439.484
439.684
439.885
440.085
440.286
440.486
440.687
440.887
441.088
441.288
441.489
441.689
441.89
442.09
442.291
442.491
442.692
442.892
443.093
443.293
443.494
443.695
443.895
444.095
444.296
444.496
444.697
444.897
445.098
445.298
445.499
445.7
445.9
446.101
446.301
446.502
446.702
446.902
447.103
447.303
447.504
447.704
447.905
448.105
448.306
448.506
448.707
448.907
449.108
449.308
449.509
449.709
449.91
450.11
450.311
450.511
450.712
450.912
451.113
451.313
451.514
451.714
451.915
452.115
452.315
452.516
452.716
452.917
453.117
453.318
453.518
453.719
453.919
454.119
454.32
454.52
454.721
454.921
455.122
455.322
455.523
455.723
455.924
456.124
456.325
456.525
456.726
456.926
457.126
457.327
457.527
457.728
457.928
458.129
458.329
458.53
458.73
458.931
459.131
459.332
459.532
459.733
459.933
460.134
460.334
460.535
460.735
460.936
461.136
461.337
461.537
461.738
461.938
462.138
462.339
462.539
462.74
462.94
463.141
463.341
463.542
463.742
463.943
464.143
464.344
464.544
464.745
464.945
465.146
465.346
465.547
465.747
465.947
466.148
466.348
466.549
466.749
466.95
467.15
467.351
467.551
467.752
467.952
468.153
468.353
468.554
468.754
468.954
469.155
469.355
469.556
469.756
469.957
470.157
470.358
470.558
470.759
470.959
471.16
471.36
471.561
471.761
471.962
472.162
472.363
472.563
472.764
472.964
473.165
473.365
473.565
473.766
473.966
474.167
474.367
474.568
474.768
474.969
475.169
475.37
475.57
475.771
475.971
476.172
476.372
476.573
476.773
476.974
477.174
477.375
477.575
477.776
477.976
478.177
478.377
478.578
478.778
478.991
479.191
479.392
479.592
479.793
479.993
480.194
480.394
480.595
480.795
480.996
481.196
481.397
481.597
481.798
481.998
482.199
482.399
482.6
482.8
483.001
483.201
483.402
483.602
483.803
484.003
484.204
484.404
484.605
484.805
485.006
485.206
485.407
485.607
485.808
486.008
486.209
486.409
486.61
486.81
487.011
487.211
487.412
487.612
487.813
488.013
488.214
488.414
488.615
488.815
489.016
489.216
489.417
489.617
489.818
490.018
490.219
490.419
490.62
490.82
491.021
491.221
491.422
491.622
491.823
492.023
492.224
492.424
492.625
492.825
493.026
493.226
493.427
493.627
493.828
494.028
494.229
494.429
494.63
494.83
495.031
495.232
495.432
495.633
495.833
496.034
496.234
496.435
496.635
496.836
497.036
497.237
497.437
497.638
497.838
498.039
498.239
498.44
498.64
498.841
499.041
499.242
499.442
499.643
499.843
500.044
500.244
500.445
500.645
500.846
501.046
501.247
501.447
501.648
501.848
502.049
502.249
502.45
502.65
502.851
503.051
503.252
503.452
503.653
503.853
504.054
504.254
504.455
504.655
504.856
505.056
505.257
505.457
505.658
505.858
506.059
506.259
506.46
506.66
506.861
507.061
507.262
507.462
507.663
507.863
508.064
508.264
508.465
508.665
508.866
509.066
509.267
509.467
509.668
509.868
510.069
510.269
510.47
510.671
510.871
511.072
511.272
511.473
511.673
511.874
512.074
512.275
512.475
512.676
512.876
513.077
513.277
513.478
513.678
513.879
514.079
514.28
514.48
514.681
514.881
515.082
515.282
515.483
515.683
515.884
516.084
516.285
516.485
516.686
516.886
517.087
517.287
517.488
517.688
517.889
518.089
518.29
518.49
518.691
518.891
519.092
519.292
519.493
519.693
519.894
520.094
520.295
520.495
520.696
520.896
521.097
521.297
521.498
521.698
521.899
522.099
522.3
522.5
522.7
522.901
523.101
523.302
523.502
523.703
523.903
524.104
524.304
524.505
524.705
524.906
525.106
525.307
525.507
525.708
525.908
526.109
526.309
526.51
526.71
526.911
527.111
527.312
527.512
527.713
527.913
528.114
528.315
528.515
528.716
528.916
529.117
529.317
529.518
529.718
529.919
530.119
530.32
530.521
530.721
530.922
531.122
531.323
531.523
531.724
531.925
532.125
532.326
532.526
532.727
532.927
533.128
533.328
533.529
533.73
533.93
534.131
534.331
534.532
534.732
534.933
535.133
535.334
535.534
535.735
535.935
536.136
536.336
536.537
536.737
536.938
537.138
537.339
537.539
537.74
537.94
538.141
538.341
538.542
538.742
538.943
539.143
539.344
539.544
539.745
539.945
540.146
540.346
540.547
540.748
540.948
541.149
541.349
541.55
541.75
541.951
542.151
542.352
542.552
542.753
542.953
543.154
543.354
543.555
543.755
543.956
544.174
544.375
544.575
544.776
544.976
545.177
545.377
545.578
545.778
545.979
546.179
546.38
546.58
546.781
546.981
547.182
547.396
547.597
547.797
547.998
548.198
548.399
548.599
548.8
549
549.201
549.401
549.602
549.802
550.003
550.203
550.404
550.604
550.805
551.005
551.206
551.406
551.607
551.807
552.008
552.208
552.409
552.609
552.81
553.01
553.211
553.411
553.612
553.812
554.012
554.213
554.413
554.614
554.815
555.015
555.215
555.416
555.616
555.829
556.029
556.229
556.43
556.63
556.831
557.031
557.232
557.432
557.633
557.833
558.034
558.234
558.435
558.635
558.835
559.036
559.236
559.437
559.637
559.838
560.038
560.239
560.439
560.64
560.84
561.04
561.241
561.441
561.642
561.842
562.043
562.243
562.444
562.644
562.845
563.045
563.246
563.446
563.647
563.847
564.048
564.248
564.449
564.649
564.849
565.05
565.25
565.451
565.651
565.852
566.052
566.253
566.453
566.654
566.854
567.055
567.255
567.455
567.656
567.856
568.057
568.257
568.458
568.658
568.859
569.059
569.26
569.46
569.661
569.861
570.062
570.262
570.463
570.663
570.863
571.064
571.264
571.465
571.665
571.866
572.066
572.267
572.467
572.668
572.868
573.069
573.269
573.47
573.67
573.871
574.071
574.272
574.472
574.673
574.873
575.073
575.274
575.474
575.675
575.875
576.076
576.277
576.477
576.678
576.878
577.079
577.279
577.48
577.68
577.881
578.081
578.282
578.482
578.682
578.883
579.083
579.284
579.484
579.685
579.885
580.086
580.286
580.486
580.687
580.887
581.088
581.288
581.489
581.689
581.89
582.09
582.291
582.491
582.691
582.892
583.092
583.293
583.493
583.694
583.894
584.095
584.295
584.496
584.696
584.897
585.097
585.297
585.498
585.698
585.899
586.099
586.3
586.5
586.7
586.901
587.101
587.302
587.502
587.703
587.903
588.103
588.304
588.504
588.705
588.905
589.105
589.306
589.506
589.707
589.907
590.108
590.308
590.508
590.709
590.909
591.11
591.31
591.51
591.711
591.911
592.112
592.312
592.513
592.713
592.914
593.114
593.314
593.515
593.715
593.916
594.116
594.316
594.517
594.717
594.918
595.118
595.318
595.519
595.719
595.92
596.12
596.321
596.521
596.721
596.922
597.122
597.323
597.523
597.724
597.924
598.124
598.325
598.525
598.725
598.926
599.126
599.327
599.527
599.728
599.928
600.128
600.329
600.529
600.73
600.93
601.13
601.331
601.531
601.732
601.932
602.132
602.333
602.533
602.734
602.934
603.134
603.335
603.535
603.736
603.936
604.136
604.337
604.537
604.738
604.938
605.138
605.339
605.539
605.74
605.94
606.14
606.341
606.541
606.741
606.942
607.142
607.343
607.543
607.743
607.944
608.144
608.345
608.545
608.745
608.946
609.146
609.347
609.547
609.747
609.948
610.148
610.348
610.549
610.749
610.949
611.15
611.35
611.551
611.751
611.951
612.152
612.352
612.552
612.753
612.953
613.154
613.354
613.554
613.755
613.955
614.155
614.356
614.556
614.757
614.957
615.157
615.358
615.558
615.758
615.959
616.159
616.359
616.56
616.76
616.96
617.161
617.361
617.561
617.762
617.962
618.162
618.363
618.563
618.763
618.964
619.164
619.364
619.565
619.765
619.965
620.166
620.366
620.566
620.767
620.967
621.167
621.368
621.568
621.768
621.969
622.169
622.369
622.57
622.77
622.97
623.171
623.371
623.571
623.772
623.972
624.172
624.373
624.573
624.773
624.974
625.174
625.374
625.575
625.775
625.975
626.176
626.376
626.576
626.776
626.977
627.177
627.377
627.578
627.778
627.978
628.179
628.379
628.579
628.78
628.98
629.18
629.38
629.581
629.781
629.981
630.182
630.382
630.582
630.783
630.983
631.183
631.383
631.584
631.784
631.984
632.184
632.385
632.585
632.785
632.986
633.186
633.386
633.586
633.787
633.987
634.187
634.387
634.588
634.788
634.988
635.189
635.389
635.589
635.789
635.99
636.19
636.39
636.591
636.791
636.991
637.191
637.392
637.592
637.792
637.992
638.193
638.393
638.593
638.794
638.994
639.194
639.394
639.595
639.795
639.995
640.196
640.396
640.596
640.796
640.997
641.197
641.397
641.598
641.798
641.998
642.198
642.399
642.599
642.799
643
643.2
643.4
643.6
643.801
644.001
644.201
644.402
644.602
644.802
645.002
645.203
645.403
645.603
645.803
646.004
646.204
646.404
646.604
646.805
647.005
647.205
647.405
647.606
647.806
648.006
648.206
648.407
648.607
648.807
649.007
649.208
649.408
649.608
649.809
650.009
650.209
650.409
650.61
650.81
651.01
651.21
651.411
651.611
651.811
652.011
652.212
652.412
652.612
652.812
653.013
653.213
653.413
653.613
653.814
654.014
654.214
654.414
654.615
654.815
655.015
655.215
655.416
655.616
655.816
656.016
656.217
656.417
656.617
656.817
657.018
657.218
657.418
657.618
657.819
658.019
658.219
658.419
658.62
658.82
659.02
659.22
659.421
659.621
659.821
660.021
660.222
660.422
660.622
660.822
661.022
661.223
661.423
661.623
661.823
662.024
662.224
662.424
662.624
662.825
663.025
663.225
663.425
663.626
663.826
664.026
664.226
664.426
664.627
664.827
665.027
665.227
