0.200726
0.401569
0.602297
0.802963
1.00363
1.2043
1.40496
1.60563
1.80619
2.00675
2.20735
2.40795
2.60852
2.80908
3.00962
3.21029
3.41089
3.61141
3.81189
4.01237
4.21343
4.41392
4.61452
4.81502
5.0155
5.216
5.41656
5.61701
5.81744
6.0179
6.22285
6.42331
6.62378
6.82426
7.0247
7.22513
7.42567
7.62616
7.82665
8.02713
8.22767
8.42816
8.62865
8.82907
9.02949
9.22992
9.43034
9.63083
9.8313
10.0317
10.2321
10.4326
10.6331
10.8336
11.0341
11.2346
11.4351
11.6356
11.8361
12.0366
12.2371
12.4375
12.638
12.8385
13.039
13.2394
13.4398
13.6403
13.8407
14.0413
14.2417
14.4422
14.6426
14.8431
15.0436
15.244
15.4445
15.6449
15.8454
16.0458
16.2463
16.4469
16.6474
16.8478
17.0483
17.2488
17.4493
17.6497
17.8501
18.0507
18.2511
18.4516
18.6521
18.8525
19.0529
19.2533
19.4538
19.6543
19.8547
20.0552
20.2556
20.4561
20.6565
20.857
21.0575
21.2579
21.4584
21.6588
21.8592
22.0597
22.2602
22.4606
22.6611
22.8615
23.062
23.2624
23.4629
23.6634
23.8639
24.0644
24.2649
24.4653
24.6657
24.8661
25.0666
25.267
25.4674
25.6679
25.8684
26.0688
26.2693
26.4697
26.6702
26.8707
27.0712
27.2716
27.4721
27.6726
27.8731
28.0735
28.274
28.4745
28.675
28.8755
29.076
29.2765
29.4769
29.6773
29.878
30.0785
30.2789
30.4794
30.6798
30.8803
31.0807
31.2812
31.4817
31.6822
31.8828
32.0833
32.2838
32.4842
32.6847
32.8852
33.0856
33.2861
33.4866
33.6871
33.8877
34.0882
34.2887
34.4892
34.6897
34.8901
35.0906
35.2911
35.4916
35.6921
35.8925
36.0931
36.2936
36.494
36.6945
36.895
37.0954
37.2958
37.4962
37.6967
37.8972
38.0977
38.2982
38.4987
38.6992
38.8997
39.1001
39.3006
39.5011
39.7016
39.9021
40.1027
40.3032
40.5036
40.704
40.9045
41.105
41.3055
41.506
41.7064
41.9069
42.1073
42.3078
42.5083
42.7087
42.9092
43.1096
43.3101
43.5105
43.7109
43.9114
44.1118
44.3122
44.5127
44.7131
44.9136
45.1141
45.3146
45.515
45.7155
45.9161
46.1166
46.317
46.5175
46.7179
46.9184
47.1188
47.3192
47.5197
47.7203
47.9207
48.1211
48.3216
48.522
48.7225
48.923
49.1234
49.3238
49.5242
49.7247
49.9251
50.1255
50.3259
50.5264
50.7268
50.9273
51.1278
51.3283
51.5287
51.7292
51.9296
52.13
52.3306
52.5311
52.7316
52.932
53.1324
53.3329
53.5334
53.7339
53.9343
54.1347
54.3351
54.5356
54.7361
54.9365
55.137
55.3374
55.5379
55.7384
55.9388
56.1393
56.3397
56.5401
56.7406
56.941
57.1415
57.342
57.5425
57.7431
57.9435
58.1441
58.3445
58.545
58.7455
58.946
59.1465
59.347
59.5474
59.748
59.9485
60.149
60.3495
60.55
60.7505
60.9509
61.1514
61.3519
61.5523
61.7528
61.9533
62.1537
62.3541
62.5546
62.7551
62.9555
63.156
63.3565
63.5569
63.7573
63.9578
64.1582
64.3587
64.5591
64.7596
64.9601
65.1605
65.361
65.5615
65.762
65.9625
66.1629
66.3633
66.5638
66.7643
66.9648
67.1652
67.3657
67.5661
67.7666
67.967
68.1675
68.3679
68.5684
68.7688
68.9693
69.1697
69.3702
69.5706
69.7712
69.9717
70.1722
70.3726
70.5731
70.7735
70.974
71.1745
71.3749
71.5754
71.7758
71.9763
72.1767
72.3772
72.5777
72.7781
72.9785
73.1789
73.3794
73.5798
73.7802
73.9806
74.1811
74.3816
74.582
74.7825
74.983
75.1835
75.3839
75.5844
75.7848
75.9853
76.1857
76.3861
76.5866
76.787
76.9875
77.1879
77.3883
77.5888
77.7892
77.9896
78.19
78.3905
78.5909
78.7913
78.9918
79.1923
79.3927
79.5932
79.7936
79.994
80.1945
80.3949
80.5954
80.7959
80.9963
81.1968
81.3972
81.5977
81.7981
81.9986
82.1991
82.3995
82.6
82.8004
83.0009
83.2014
83.4019
83.6024
83.8028
84.0033
84.2038
84.4042
84.6046
84.8051
85.0055
85.2059
85.4064
85.6068
85.8072
86.0077
86.2082
86.4086
86.609
86.8095
87.0099
87.2104
87.4108
87.6112
87.8116
88.0121
88.2125
88.4129
88.6134
88.8139
89.0144
89.2149
89.4153
89.6158
89.8162
90.0167
90.2172
90.4177
90.6182
90.8186
91.019
91.2195
91.42
91.6205
91.821
92.0215
92.222
92.4225
92.6229
92.8234
93.0238
93.2243
93.4247
93.6251
93.8256
94.0261
94.2266
94.427
94.6275
94.8279
95.0284
95.2288
95.4292
95.6297
95.8302
96.0306
96.2311
96.4316
96.6321
96.8325
97.033
97.2335
97.4339
97.6371
97.8375
98.038
98.2384
98.4389
98.6395
98.8399
99.0403
99.2408
99.4412
99.6417
99.8422
100.043
100.243
100.443
100.644
100.844
101.045
101.245
101.446
101.646
101.847
102.047
102.247
102.448
102.648
102.849
103.049
103.25
103.45
103.651
103.851
104.051
104.252
104.452
104.653
104.853
105.054
105.254
105.455
105.655
105.856
106.056
106.257
106.457
106.658
106.858
107.059
107.259
107.46
107.66
107.861
108.061
108.261
108.462
108.662
108.863
109.063
109.264
109.464
109.665
109.865
110.066
110.266
110.467
110.667
110.868
111.068
111.268
111.469
111.669
111.87
112.07
112.271
112.471
112.672
112.872
113.073
113.273
113.474
113.674
113.875
114.075
114.276
114.476
114.677
114.877
115.078
115.278
115.478
115.679
115.879
116.08
116.28
116.481
116.681
116.882
117.082
117.282
117.483
117.683
117.884
118.084
118.285
118.485
118.686
118.886
119.087
119.287
119.487
119.688
119.888
120.089
120.289
120.49
120.69
120.891
121.091
121.292
121.492
121.693
121.893
122.093
122.294
122.494
122.695
122.895
123.096
123.296
123.497
123.697
123.898
124.098
124.298
124.499
124.699
124.9
125.1
125.301
125.501
125.702
125.902
126.102
126.303
126.503
126.704
126.904
127.105
127.305
127.506
127.706
127.906
128.107
128.307
128.508
128.708
128.909
129.109
129.309
129.51
129.71
129.911
130.111
130.312
130.512
130.713
130.913
131.113
131.314
131.514
131.715
131.915
132.116
132.316
132.516
132.717
132.917
133.118
133.318
133.519
133.719
133.92
134.12
134.321
134.521
134.722
134.922
135.122
135.323
135.523
135.724
135.924
136.139
136.34
136.54
136.741
136.941
137.142
137.342
137.543
137.743
137.944
138.144
138.344
138.545
138.745
138.946
139.146
139.347
139.547
139.748
139.948
140.149
140.349
140.55
140.75
140.951
141.151
141.352
141.552
141.753
141.953
142.153
142.354
142.554
142.755
142.955
143.156
143.356
143.557
143.757
143.958
144.158
144.359
144.559
144.76
144.96
145.16
145.361
145.561
145.762
145.962
146.163
146.363
146.564
146.764
146.965
147.165
147.365
147.566
147.766
147.967
148.167
148.368
148.568
148.769
148.969
149.17
149.37
149.57
149.771
149.971
150.172
150.372
150.573
150.773
150.974
151.174
151.375
151.575
151.776
151.976
152.177
152.377
152.578
152.778
152.979
153.179
153.379
153.58
153.78
153.981
154.181
154.382
154.582
154.783
154.983
155.183
155.384
155.584
155.785
155.985
156.186
156.386
156.587
156.787
156.987
157.188
157.388
157.589
157.789
157.99
158.19
158.391
158.591
158.792
158.992
159.192
159.393
159.593
159.794
159.994
160.195
160.395
160.596
160.796
160.997
161.197
161.398
161.598
161.799
161.999
162.2
162.4
162.601
162.801
163.002
163.202
163.402
163.603
163.803
164.004
164.204
164.405
164.605
164.806
165.006
165.207
165.407
165.608
165.808
166.008
166.209
166.409
166.61
166.81
167.011
167.211
167.412
167.612
167.813
168.013
168.213
168.414
168.614
168.815
169.015
169.216
169.416
169.616
169.817
170.017
170.218
170.418
170.619
170.819
171.02
171.22
171.42
171.621
171.821
172.022
172.222
172.423
172.623
172.824
173.024
173.224
173.425
173.625
173.826
174.026
174.227
174.427
174.628
174.828
175.028
175.229
175.429
175.63
175.83
176.031
176.231
176.432
176.632
176.833
177.033
177.233
177.434
177.634
177.835
178.035
178.236
178.436
178.637
178.837
179.037
179.238
179.438
179.639
179.839
180.04
180.24
180.441
180.641
180.842
181.042
181.242
181.443
181.643
181.844
182.044
182.245
182.445
182.645
182.846
183.046
183.247
183.447
183.648
183.848
184.049
184.249
184.449
184.65
184.85
185.051
185.251
185.452
185.652
185.853
186.053
186.253
186.454
186.654
186.855
187.055
187.256
187.456
187.657
187.857
188.058
188.258
188.458
188.659
188.859
189.06
189.26
189.461
189.661
189.862
190.062
190.262
190.463
190.663
190.864
191.064
191.265
191.465
191.666
191.866
192.067
192.267
192.468
192.668
192.869
193.069
193.27
193.47
193.67
193.871
194.071
194.272
194.472
194.673
194.873
195.074
195.274
195.474
195.675
195.875
196.076
196.276
196.477
196.677
196.878
197.078
197.279
197.479
197.679
197.88
198.08
198.281
198.481
198.682
198.882
199.083
199.283
199.484
199.684
199.885
200.085
200.285
200.486
200.686
200.887
201.087
201.288
201.488
201.689
201.889
202.09
202.29
202.491
202.691
202.892
203.092
203.293
203.493
203.693
203.894
204.094
204.295
204.495
204.696
204.896
205.097
205.297
205.497
205.698
205.898
206.099
206.299
206.5
206.7
206.901
207.101
207.302
207.502
207.702
207.903
208.103
208.304
208.504
208.705
208.905
209.106
209.306
209.506
209.707
209.907
210.108
210.308
210.509
210.709
210.909
211.11
211.31
211.511
211.711
211.912
212.112
212.313
212.513
212.714
212.914
213.115
213.315
213.516
213.716
213.917
214.117
214.317
214.518
214.718
214.919
215.119
215.32
215.52
215.721
215.921
216.121
216.322
216.522
216.723
216.923
217.124
217.324
217.525
217.725
217.925
218.126
218.326
218.527
218.727
218.928
219.128
219.329
219.529
219.729
219.93
220.13
220.331
220.531
220.732
220.932
221.133
221.333
221.533
221.734
221.934
222.135
222.335
222.536
222.736
222.937
223.137
223.337
223.538
223.738
223.939
224.139
224.34
224.54
224.741
224.941
225.142
225.342
225.543
225.743
225.944
226.144
226.344
226.545
226.745
226.946
227.146
227.347
227.547
227.748
227.948
228.148
228.349
228.549
228.75
228.95
229.151
229.351
229.552
229.752
229.952
230.153
230.353
230.554
230.754
230.955
231.155
231.355
231.556
231.756
231.957
232.157
232.358
232.558
232.758
232.959
233.159
233.36
233.56
233.761
233.961
234.162
234.362
234.563
234.763
234.963
235.164
235.364
235.565
235.765
235.966
236.166
236.367
236.567
236.767
236.968
237.168
237.369
237.569
237.77
237.97
238.171
238.371
238.571
238.772
238.972
239.173
239.373
239.574
239.774
239.975
240.175
240.375
240.576
240.776
240.977
241.177
241.378
241.578
241.779
241.979
242.18
242.38
242.58
242.781
242.981
243.182
243.382
243.583
243.783
243.984
244.184
244.384
244.585
244.785
244.986
245.186
245.387
245.587
245.788
245.988
246.189
246.389
246.589
246.79
246.99
247.191
247.391
247.592
247.792
247.993
248.193
248.394
248.594
248.795
248.995
249.196
249.396
249.596
249.797
249.997
250.198
250.398
250.599
250.799
251
251.2
251.4
251.601
251.801
252.002
252.202
252.403
252.603
252.804
253.004
253.205
253.405
253.605
253.806
254.006
254.207
254.407
254.608
254.808
255.009
255.209
255.409
255.61
255.81
256.011
256.211
256.412
256.612
256.813
257.013
257.214
257.414
257.615
257.815
258.016
258.216
258.416
258.617
258.817
259.018
259.218
259.419
259.619
259.82
260.02
260.221
260.421
260.622
260.822
261.023
261.223
261.424
261.624
261.825
262.025
262.226
262.426
262.626
262.827
263.027
263.228
263.428
263.629
263.829
264.03
264.23
264.431
264.631
264.832
265.032
265.233
265.433
265.634
265.834
266.034
266.235
266.435
266.636
266.836
267.037
267.237
267.438
267.638
267.839
268.039
268.24
268.44
268.64
268.841
269.041
269.242
269.442
269.643
269.843
270.044
270.244
270.445
270.645
270.846
271.046
271.247
271.447
271.648
271.848
272.048
272.249
272.449
272.65
272.85
273.053
273.254
273.454
273.654
273.855
274.055
274.256
274.456
274.657
274.857
275.057
275.258
275.458
275.659
275.859
276.06
276.26
276.461
276.661
276.862
277.062
277.263
277.463
277.663
277.864
278.064
278.265
278.465
278.666
278.866
279.067
279.267
279.468
279.668
279.869
280.069
280.27
280.47
280.67
280.871
281.071
281.272
281.472
281.673
281.873
282.074
282.274
282.475
282.675
282.875
283.076
283.276
283.477
283.678
283.878
284.078
284.279
284.479
284.68
284.88
285.081
285.281
285.482
285.682
285.883
286.083
286.283
286.484
286.684
286.885
287.085
287.286
287.486
287.687
287.887
288.087
288.288
288.488
288.689
288.889
289.09
289.29
289.491
289.691
289.892
290.092
290.293
290.493
290.693
290.894
291.094
291.295
291.495
291.696
291.896
292.097
292.297
292.498
292.698
292.898
293.099
293.299
293.5
293.7
293.901
294.101
294.302
294.502
294.703
294.903
295.103
295.304
295.504
295.705
295.905
296.106
296.306
296.506
296.707
296.907
297.108
297.308
297.509
297.709
297.91
298.11
298.311
298.511
298.712
298.912
299.112
299.313
299.513
299.714
299.914
300.115
300.315
300.516
300.716
300.917
301.117
301.318
301.518
301.718
301.919
302.119
302.32
302.52
302.721
302.921
303.122
303.322
303.522
303.723
303.923
304.124
304.324
304.525
304.725
304.926
305.126
305.327
305.527
305.728
305.928
306.128
306.329
306.529
306.73
306.93
307.131
307.331
307.531
307.732
307.932
308.133
308.333
308.534
308.734
308.935
309.135
309.335
309.536
309.736
309.937
310.137
310.338
310.538
310.738
310.939
311.139
311.34
311.54
311.741
311.941
312.142
312.342
312.542
312.743
312.943
313.144
313.344
313.545
313.745
313.946
314.146
314.347
314.547
314.747
314.948
315.148
315.349
315.549
315.75
315.95
316.151
316.351
316.551
316.752
316.952
317.153
317.353
317.554
317.754
317.955
318.155
318.356
318.556
318.756
318.957
319.157
319.358
319.558
319.759
319.959
320.159
320.36
320.56
320.761
320.961
321.162
321.362
321.563
321.763
321.964
322.164
322.364
322.565
322.765
322.966
323.166
323.367
323.567
323.768
323.968
324.169
324.369
324.57
324.77
324.971
325.171
325.371
325.575
325.775
325.976
326.176
326.377
326.577
326.777
326.978
327.178
327.379
327.579
327.78
327.98
328.181
328.381
328.581
328.782
328.982
329.183
329.383
329.584
329.784
329.985
330.185
330.386
330.586
330.787
330.987
331.188
331.388
331.589
331.789
331.989
332.19
332.39
332.591
332.791
332.992
333.192
333.393
333.593
333.794
333.994
334.195
334.395
334.596
334.796
334.996
335.197
335.397
335.598
335.798
335.999
336.199
336.4
336.6
336.8
337.001
337.201
337.402
337.602
337.803
338.003
338.204
338.404
338.604
338.805
339.005
339.206
339.406
339.607
339.807
340.008
340.208
340.409
340.609
340.809
341.01
341.21
341.411
341.611
341.812
342.012
342.213
342.413
342.614
342.814
343.014
343.215
343.415
343.616
343.816
344.017
344.217
344.418
344.618
344.819
345.019
345.22
345.42
345.62
345.821
346.021
346.222
346.422
346.623
346.823
347.024
347.224
347.425
347.625
347.825
348.026
348.226
348.427
348.627
348.828
349.028
349.229
349.429
349.63
349.83
350.03
350.231
350.432
350.632
350.832
351.033
351.233
351.434
351.634
351.835
352.035
352.236
352.436
352.637
352.837
353.038
353.238
353.439
353.639
353.84
354.04
354.241
354.441
354.641
354.842
355.042
355.243
355.443
355.644
355.844
356.045
356.245
356.446
356.646
356.846
357.047
357.247
357.448
357.648
357.849
358.05
358.25
358.451
358.651
358.851
359.052
359.252
359.453
359.653
359.854
360.054
360.255
360.455
360.656
360.856
361.056
361.257
361.457
361.658
361.858
362.059
362.259
362.46
362.66
362.861
363.061
363.262
363.462
363.663
363.863
364.064
364.264
364.464
364.665
364.865
365.066
365.266
365.467
365.667
365.868
366.068
366.269
366.469
366.67
366.87
367.071
367.271
367.472
367.672
367.872
368.073
368.273
368.474
368.674
368.875
369.075
369.276
369.476
369.677
369.877
370.078
370.278
370.479
370.679
370.88
371.081
371.281
371.481
371.682
371.882
372.083
372.283
372.484
372.684
372.885
373.085
373.286
373.486
373.686
373.887
374.087
374.288
374.488
374.689
374.889
375.09
375.29
375.491
375.691
375.892
376.092
376.293
376.493
376.694
376.894
377.094
377.295
377.495
377.696
377.896
378.097
378.297
378.498
378.698
378.899
379.099
379.299
379.5
379.7
379.901
380.101
380.302
380.502
380.703
380.903
381.104
381.304
381.505
381.705
381.906
382.106
382.307
382.507
382.708
382.908
383.109
383.309
383.51
383.71
383.911
384.111
384.311
384.512
384.712
384.913
385.113
385.314
385.514
385.715
385.915
386.116
386.316
386.516
386.717
386.917
387.118
387.318
387.519
387.719
387.92
388.12
388.32
388.521
388.721
388.922
389.122
389.323
389.523
389.724
389.924
390.125
390.325
390.526
390.726
390.927
391.128
391.328
391.529
391.729
391.93
392.13
392.331
392.531
392.732
392.932
393.132
393.333
393.533
393.734
393.934
394.135
394.335
394.536
394.736
394.937
395.137
395.338
395.538
395.739
395.939
396.14
396.34
396.541
396.741
396.941
397.142
397.342
397.543
397.743
397.944
398.144
398.345
398.545
398.746
398.946
399.147
399.347
399.548
399.748
399.949
400.149
400.35
400.55
400.751
400.951
401.152
401.352
401.553
401.753
401.954
402.154
402.355
402.555
402.756
402.956
403.156
403.357
403.557
403.758
403.958
404.159
404.359
404.56
404.76
404.961
405.161
405.362
405.562
405.763
405.963
406.164
406.364
406.564
406.765
406.965
407.166
407.366
407.567
407.767
407.968
408.168
408.369
408.569
408.77
408.97
409.171
409.371
409.572
409.772
409.973
410.178
410.378
410.579
410.779
410.98
411.18
411.38
411.581
411.781
411.982
412.182
412.383
412.583
412.784
412.984
413.185
413.385
413.586
413.786
413.987
414.187
414.388
414.588
414.789
414.989
415.19
415.39
415.591
415.791
415.992
416.192
416.393
416.593
416.794
416.994
417.195
417.395
417.595
417.796
417.996
418.197
418.397
418.598
418.798
418.999
419.199
419.4
419.6
419.801
420.001
420.202
420.402
420.603
420.803
421.004
421.204
421.405
421.605
421.806
422.006
422.207
422.407
422.608
422.808
423.009
423.209
423.41
423.61
423.81
424.011
424.211
424.412
424.612
424.813
425.013
425.214
425.414
425.614
425.815
426.015
426.216
426.416
426.617
426.817
427.018
427.218
427.419
427.619
427.819
428.02
428.22
428.421
428.621
428.822
429.022
429.223
429.423
429.624
429.824
430.025
430.225
430.425
430.626
430.826
431.027
431.227
431.428
431.628
431.829
432.029
432.229
432.43
432.63
432.831
433.031
433.232
433.432
433.633
433.833
434.034
434.234
434.434
434.635
434.835
435.036
435.236
435.437
435.637
435.838
436.038
436.239
436.439
436.639
436.84
437.04
437.241
437.441
437.642
437.842
438.043
438.243
438.443
438.644
438.844
439.045
439.245
439.446
439.646
439.846
440.047
440.247
440.448
440.648
440.849
441.049
441.25
441.45
441.651
441.851
442.051
442.252
442.452
442.653
442.853
443.054
443.254
443.455
443.655
443.856
444.056
444.257
444.457
444.658
444.858
445.058
445.259
445.459
445.66
445.86
446.061
446.261
446.462
446.662
446.863
447.063
447.264
447.464
447.664
447.865
448.065
448.266
448.466
448.667
448.867
449.068
449.268
449.468
449.669
449.869
450.07
450.27
450.471
450.671
450.872
451.072
451.272
451.473
451.673
451.874
452.074
452.275
452.475
452.675
452.876
453.076
453.277
453.477
453.678
453.878
454.079
454.279
454.479
454.68
454.88
455.081
455.281
455.482
455.682
455.883
456.083
456.284
456.484
456.684
456.885
457.085
457.286
457.486
457.687
457.887
458.088
458.288
458.489
458.689
458.889
459.09
459.29
459.491
459.691
459.892
460.092
460.293
460.493
460.694
460.894
461.094
461.295
461.495
461.696
461.896
462.097
462.297
462.498
462.698
462.899
463.099
463.3
463.5
463.7
463.901
464.101
464.302
464.502
464.703
464.903
465.104
465.304
465.505
465.705
465.906
466.106
466.307
466.507
466.708
466.908
467.108
467.309
467.509
467.71
467.91
468.111
468.311
468.512
468.712
468.913
469.113
469.313
469.514
469.714
469.915
470.115
470.316
470.516
470.716
470.917
471.117
471.318
471.518
471.719
471.919
472.12
472.32
472.521
472.721
472.921
473.122
473.322
473.523
473.723
473.924
474.124
474.325
474.525
474.725
474.926
475.126
475.327
475.527
475.728
475.928
476.129
476.329
476.53
476.73
476.931
477.131
477.331
477.532
477.732
477.933
478.133
478.334
478.534
478.735
478.935
479.135
479.336
479.536
479.737
479.937
480.138
480.338
480.538
480.739
480.939
481.14
481.34
481.541
481.741
481.942
482.142
482.343
482.543
482.743
482.944
483.144
483.345
483.545
483.746
483.946
484.147
484.347
484.548
484.748
484.948
485.149
485.349
485.55
485.75
485.951
486.151
486.352
486.552
486.752
486.953
487.153
487.354
487.554
487.755
487.955
488.156
488.356
488.556
488.757
488.957
489.158
489.358
489.559
489.759
489.96
490.16
490.36
490.561
490.761
490.962
491.162
491.363
491.563
491.764
491.964
492.165
492.365
492.565
492.766
492.966
493.167
493.367
493.568
493.768
493.968
494.169
494.369
494.57
494.77
494.971
495.171
495.372
495.572
495.773
495.973
496.173
496.374
496.574
496.775
496.975
497.176
497.376
497.576
497.777
497.977
498.178
498.378
498.579
498.779
498.98
499.18
499.384
499.585
499.785
499.986
500.186
500.387
500.587
500.788
500.988
501.188
501.389
501.589
501.79
501.99
502.191
502.391
502.592
502.792
502.993
503.193
503.393
503.594
503.794
503.995
504.195
504.396
504.596
504.797
504.997
505.198
505.398
505.599
505.799
505.999
506.2
506.4
506.601
506.801
507.002
507.202
507.403
507.603
507.803
508.004
508.204
508.405
508.605
508.806
509.006
509.207
509.407
509.608
509.808
510.008
510.209
510.409
510.61
510.81
511.011
511.211
511.412
511.612
511.813
512.013
512.213
512.414
512.614
512.815
513.015
513.216
513.416
513.617
513.817
514.017
514.218
514.418
514.619
514.819
515.02
515.22
515.42
515.621
515.821
516.022
516.222
516.423
516.623
516.824
517.024
517.224
517.425
517.625
517.826
518.026
518.227
518.427
518.627
518.828
519.028
519.229
519.429
519.63
519.83
520.031
520.231
520.432
520.632
520.832
521.033
521.233
521.434
521.634
521.835
522.035
522.236
522.436
522.637
522.837
523.037
523.238
523.438
523.639
523.839
524.04
524.24
524.441
524.641
524.842
525.042
525.242
525.443
525.644
525.844
526.044
526.245
526.445
526.646
526.846
527.047
527.247
527.448
527.648
527.849
528.049
528.25
528.45
528.651
528.851
529.052
529.252
529.453
529.653
529.854
530.054
530.255
530.455
530.656
530.856
531.056
531.257
531.457
531.658
531.858
532.059
532.259
532.46
532.66
532.861
533.061
533.262
533.462
533.663
533.863
534.064
534.264
534.465
534.665
534.865
535.066
535.266
535.467
535.667
535.868
536.068
536.268
536.469
536.669
536.87
537.07
537.271
537.471
537.672
537.872
538.073
538.273
538.473
538.674
538.874
539.075
539.275
539.476
539.676
539.877
540.077
540.278
540.478
540.679
540.879
541.08
541.28
541.481
541.681
541.882
542.082
542.283
542.483
542.684
542.884
543.085
543.285
543.486
543.686
543.887
544.087
544.288
544.488
544.689
544.889
545.09
545.29
545.491
545.691
545.892
546.092
546.293
546.493
546.694
546.894
547.095
547.295
547.496
547.696
547.897
548.097
548.298
548.498
548.699
548.899
549.1
549.3
549.5
549.701
549.901
550.102
550.302
550.503
550.703
550.904
551.104
551.305
551.506
551.706
551.906
552.107
552.308
552.508
552.709
552.909
553.11
553.31
553.511
553.711
553.911
554.112
554.312
554.513
554.713
554.914
555.114
555.315
555.515
555.716
555.916
556.116
556.317
556.521
556.721
556.921
557.122
557.322
557.523
557.723
557.924
558.124
558.325
558.525
558.726
558.926
559.127
559.327
559.527
559.728
559.928
560.129
560.329
560.53
560.73
560.93
561.131
561.331
561.532
561.732
561.933
562.133
562.334
562.534
562.749
562.95
563.15
563.351
563.551
563.752
563.952
564.153
564.353
564.554
564.754
564.954
565.155
565.355
565.556
565.756
565.957
566.157
566.358
566.558
566.758
566.959
567.159
567.36
567.56
567.761
567.961
568.161
568.362
568.562
568.763
568.963
569.164
569.364
569.565
569.765
569.965
570.166
570.366
570.567
570.767
570.968
571.168
571.368
571.569
571.769
571.97
572.17
572.371
572.571
572.771
572.972
573.172
573.373
573.573
573.774
573.974
574.175
574.375
574.575
574.776
574.976
575.177
575.377
575.578
575.778
575.979
576.179
576.38
576.58
576.781
576.981
577.181
577.382
577.582
577.783
577.983
578.184
578.384
578.585
578.785
578.986
579.186
579.386
579.587
579.787
579.988
580.188
580.389
580.589
580.79
580.99
581.191
581.391
581.592
581.792
581.992
582.193
582.393
582.594
582.794
582.995
583.195
583.396
583.596
583.796
583.997
584.197
584.398
584.598
584.799
584.999
585.2
585.4
585.6
585.801
586.001
586.202
586.402
586.603
586.803
587.003
587.204
587.404
587.605
587.805
588.006
588.206
588.406
588.607
588.807
589.008
589.208
589.409
589.609
589.81
590.01
590.211
590.411
590.612
590.812
591.013
591.213
591.414
591.614
591.814
592.015
592.215
592.416
592.616
592.817
593.017
593.218
593.418
593.619
593.819
594.02
594.22
594.421
594.621
594.821
595.022
595.222
595.423
595.623
595.824
596.024
596.224
596.425
596.625
596.826
597.026
597.227
597.427
597.628
597.828
598.029
598.229
598.43
598.63
598.831
599.031
599.231
599.432
599.632
599.833
600.033
600.234
600.434
600.635
600.835
601.035
601.236
601.436
601.637
601.837
602.038
602.238
602.439
602.639
602.839
603.04
603.24
603.441
603.641
603.842
604.042
604.242
604.443
604.643
604.844
605.044
605.245
605.445
605.645
605.846
606.046
606.247
606.447
606.648
606.848
607.048
607.249
607.449
607.65
607.85
608.051
608.251
608.452
608.652
608.852
609.053
609.253
609.454
609.654
609.855
610.055
610.255
610.456
610.656
610.857
611.057
611.258
611.458
611.659
611.859
612.06
612.26
612.46
612.661
612.861
613.062
613.262
613.463
613.663
613.864
614.064
614.264
614.465
614.665
614.866
615.066
615.266
615.467
615.667
615.868
616.068
616.268
616.469
616.669
616.87
617.07
617.271
617.471
617.672
617.872
618.072
618.273
618.473
618.674
618.874
619.075
619.275
619.475
619.676
619.876
620.077
620.277
620.478
620.678
620.878
621.079
621.279
621.48
621.68
621.881
622.081
622.281
622.482
622.682
622.883
623.083
623.284
623.484
623.684
623.885
624.085
624.286
624.486
624.687
624.887
625.088
625.288
625.489
625.689
625.889
626.09
626.29
626.491
626.691
626.891
627.092
627.292
627.493
627.693
627.894
628.094
628.294
628.495
628.695
628.896
629.096
629.297
629.497
629.697
629.898
630.098
630.299
630.499
630.7
630.9
631.1
631.301
631.501
631.702
631.902
632.102
632.303
632.503
632.704
632.904
633.104
633.305
633.505
633.706
633.906
634.106
634.307
634.507
634.708
634.908
635.108
635.309
635.509
635.71
635.91
636.11
636.311
636.511
636.712
636.912
637.113
637.313
637.513
637.714
637.914
638.115
638.315
638.516
638.716
638.916
639.117
639.317
639.518
639.718
639.919
640.119
640.32
640.52
640.72
640.921
641.121
641.322
641.522
641.722
641.923
642.123
642.324
642.524
642.725
642.925
643.125
643.326
643.526
643.727
643.927
644.127
644.328
644.528
644.728
644.929
645.129
645.33
645.53
645.73
645.931
646.131
646.331
646.532
646.732
646.932
647.133
647.333
647.534
647.734
647.934
648.135
648.335
648.535
648.736
648.936
649.136
649.337
649.537
649.738
649.938
650.138
650.339
650.539
650.74
650.94
651.14
651.341
651.541
651.742
651.942
652.142
652.343
652.543
652.744
652.944
653.145
653.345
653.546
653.746
653.946
654.147
654.347
654.547
654.748
654.948
655.148
655.349
655.549
655.749
655.95
656.15
656.35
656.551
656.753
656.953
657.153
657.354
657.554
657.754
657.955
658.155
658.355
658.556
658.756
658.956
659.157
659.357
659.557
659.758
659.958
660.158
660.359
660.559
660.759
660.959
661.16
661.36
661.56
661.761
661.961
662.161
662.362
662.562
662.762
662.963
663.163
663.363
663.564
663.764
663.964
664.164
664.365
664.565
664.765
664.966
665.166
665.366
665.567
665.767
665.967
666.168
666.368
666.568
666.768
666.969
667.169
667.369
667.57
667.77
667.97
668.171
668.371
668.571
668.771
668.972
669.172
669.372
669.572
669.773
669.973
670.173
670.374
670.574
670.774
670.975
671.175
671.375
671.576
671.776
671.976
672.176
672.377
672.577
672.777
672.978
673.178
673.378
673.578
673.779
673.979
674.179
674.38
674.58
674.78
674.98
675.181
675.381
675.581
675.782
675.982
676.182
676.382
676.583
676.783
676.983
677.183
677.384
677.584
677.784
677.984
678.185
678.385
678.585
678.786
678.986
679.186
679.386
679.587
679.787
679.987
680.187
680.388
680.588
680.788
680.988
681.189
681.389
681.589
681.789
681.99
682.19
682.39
682.59
682.79
682.991
683.191
683.391
683.591
683.792
683.992
684.192
684.392
684.592
684.793
684.993
685.193
685.393
685.593
685.794
685.994
686.194
686.394
686.595
686.795
686.995
687.195
687.395
687.596
687.796
687.996
688.196
688.396
688.597
688.797
688.997
689.197
