167.301
367.016
436.989
506.767
518.002
516.111
535.55
554.177
550.938
455.875
455.746
455.584
456.318
457.258
458.16
459.022
458.945
459.66
460.43
461.165
461.863
462.524
463.15
463.742
463.44
462.795
463.241
463.727
464.177
463.753
463.932
464.302
463.811
463.174
463.323
463.593
463.014
463.147
463.332
462.687
462.576
462.67
462.729
461.971
461.911
461.885
461.819
460.972
460.649
459.761
459.453
459.259
458.31
458.007
457.749
457.463
457.154
456.832
455.786
455.241
454.877
454.497
453.409
452.947
452.534
451.43
450.811
450.368
449.914
448.781
447.515
446.241
445.046
444.513
444.044
443.569
443.089
442.602
441.467
440.332
439.734
439.293
438.868
438.465
437.413
436.892
436.564
436.259
435.986
435.756
435.559
435.377
435.236
435.121
434.314
434.053
434.011
433.977
433.95
433.936
434.114
434.596
435.326
436.244
437.131
438.009
438.126
439.015
440.044
441.04
442.107
443.288
444.428
445.531
446.584
447.608
448.592
448.63
449.476
450.36
451.207
452.023
452.802
452.651
453.212
453.895
454.546
455.153
455.729
455.405
455.689
456.18
456.633
457.054
456.625
456.833
457.166
457.466
457.731
457.963
458.159
457.506
457.506
457.621
457.699
457.739
457.747
456.921
456.799
455.974
455.667
454.785
454.517
454.361
454.175
453.966
453.728
452.756
452.294
452.001
451.688
451.361
450.305
449.826
448.757
446.951
445.791
444.547
444.044
442.983
442.484
442.094
441.693
441.28
440.855
440.429
439.343
438.754
438.338
437.269
436.754
436.373
435.337
434.938
434.608
433.634
433.17
432.249
431.899
431.702
431.52
431.358
431.216
431.096
430.33
430.06
429.975
429.203
428.318
428.355
428.08
427.774
428.137
428.899
429.842
430.768
431.673
432.557
433.418
434.241
435.038
435.817
436.735
437.695
437.804
438.573
439.446
440.432
441.486
442.503
442.584
443.305
444.21
445.087
445.927
445.846
446.475
446.343
446.99
447.661
448.308
448.929
449.514
450.062
450.578
451.058
451.505
451.91
452.283
452.62
452.922
453.185
453.414
453.608
453.769
453.898
453.991
453.27
453.119
452.348
452.136
451.373
451.193
451.116
451.016
450.889
450
449.65
449.46
449.247
449.012
448.76
448.488
448.202
447.899
447.573
446.525
445.999
445.636
445.251
444.861
444.463
444.05
443.63
443.2
442.767
442.334
441.901
441.468
441.038
440.622
440.216
439.825
439.458
439.104
438.774
438.466
438.184
437.917
437.683
437.463
437.261
437.074
436.902
436.74
436.589
436.484
435.736
435.711
435.135
434.531
434.04
433.814
434.612
435.483
436.336
436.216
435.925
435.607
436.244
437.215
438.218
438.272
438.984
439.91
440.792
440.746
441.415
442.288
443.309
443.384
444.26
445.178
446.06
446.904
447.703
448.468
449.193
449.89
449.72
450.287
450.053
450.41
450.964
450.619
450.954
451.404
451.8
451.399
451.7
452.032
452.336
451.827
451.858
452.069
452.253
452.402
452.516
452.598
452.65
452.67
452.657
452.614
452.538
452.434
452.304
452.141
451.209
450.941
449.986
449.575
449.335
449.071
448.797
448.502
448.186
447.859
447.512
447.149
446.099
445.495
445.104
444.688
444.259
443.838
443.404
442.973
442.536
442.088
441.647
441.217
440.788
440.377
439.983
439.603
439.241
438.904
438.574
438.279
438.017
437.778
437.57
437.377
437.201
437.038
436.894
436.964
437.089
437.216
436.656
436.659
436.115
435.774
436.089
436.931
437.759
438.568
439.454
440.462
441.445
442.403
443.333
444.233
445.105
445.949
446.759
447.535
448.274
448.975
449.66
450.502
451.354
452.17
452.953
453.702
454.416
455.091
455.732
456.336
456.904
457.437
457.939
458.408
458.842
459.235
459.595
459.921
460.212
460.47
459.857
459.757
459.92
460.049
460.147
460.207
460.248
460.253
460.227
460.176
460.089
459.975
459.83
459.658
459.46
459.239
458.991
458.727
458.444
457.418
457.036
456.7
456.347
455.975
455.588
455.183
454.769
454.325
453.877
453.413
452.935
452.443
451.946
451.446
450.258
449.646
449.158
448.665
447.507
446.965
445.84
445.228
444.797
443.719
443.136
442.759
441.751
441.303
440.336
440.003
439.751
439.509
439.289
438.415
438.263
438.359
438.463
438.558
438.656
438.753
438.875
439.345
439.917
440.467
440.992
441.58
442.324
443.124
444.077
445.004
445.908
446.78
446.818
447.476
448.278
449.051
448.97
448.862
449.319
449.991
449.818
450.269
450.868
450.738
451.447
452.196
452.909
452.707
453.116
453.739
453.479
453.881
454.415
454.912
455.374
455.799
456.192
455.679
455.789
456.091
456.354
455.775
455.853
456.031
456.177
455.477
454.532
454.397
454.442
453.681
453.559
453.521
453.466
452.614
452.257
452.148
451.296
450.946
450.774
450.585
450.373
450.143
449.887
449.614
449.328
448.281
447.784
447.455
447.113
446.762
445.732
445.298
444.919
444.525
444.127
443.722
443.313
442.91
442.504
442.1
441.712
441.337
440.978
440.632
440.302
439.984
439.7
439.439
437.834
437.472
437.263
437.065
436.883
436.719
436.68
436.78
436.867
436.941
437.025
437.267
437.795
438.343
438.885
437.938
438.383
439.148
439.89
440.609
441.301
441.964
442.599
443.237
444.095
444.926
445.731
446.511
446.48
447.128
447.838
448.522
449.175
449.799
450.387
450.148
449.689
450.033
449.759
450.301
450.984
451.639
452.255
452.838
453.382
453.894
454.368
454.808
454.407
454.689
455.031
455.339
454.79
453.944
454.035
454.234
453.595
453.678
453.797
453.878
453.929
453.95
453.946
453.913
453.857
453.775
453.664
453.53
453.377
453.201
452.995
451.994
451.63
451.382
451.117
450.835
450.537
450.222
449.887
449.541
449.174
448.793
448.405
448.001
447.594
447.176
446.754
446.325
445.904
445.48
445.063
444.659
444.264
443.884
442.847
442.453
441.473
441.017
440.761
439.856
438.855
438.552
438.382
438.212
438.042
437.878
437.22
437.126
437.307
437.632
438.033
438.579
439.119
439.819
440.572
441.296
441.967
442.648
443.307
443.942
444.551
445.131
444.904
445.205
445.862
446.619
446.564
446.245
446.774
447.449
448.098
448.719
448.468
448.826
449.393
449.935
449.6
449.948
450.423
450.869
451.283
451.65
451.233
451.342
451.789
452.307
451.076
450.36
449.288
449.565
449.983
450.361
450.702
451.01
451.282
450.778
450.855
450.303
450.384
450.503
449.778
449.62
449.674
448.897
448.781
448.774
448.74
448.682
448.6
447.797
447.496
446.599
446.332
445.477
445.193
445.013
444.82
444.597
444.369
444.12
443.851
443.573
442.554
442.148
441.125
440.723
440.415
440.108
439.134
438.659
437.702
437.295
437.018
436.745
436.484
436.216
435.306
433.716
433.145
432.298
431.463
431.193
431.046
429.551
428.884
428.34
428.324
428.503
428.681
428.866
428.336
428.371
427.829
427.368
427.705
427.61
428.075
428.8
429.655
429.633
430.316
431.111
431.873
431.782
432.305
432.988
433.638
434.26
434.919
435.756
436.563
436.409
437.079
437.813
438.523
438.443
438.884
438.764
439.234
439.838
440.421
440.976
441.506
441.242
441.536
441.991
442.417
442.813
442.378
441.632
441.877
442.165
442.445
442.918
443.366
443.782
444.167
444.512
443.973
444.194
444.458
444.691
444.894
445.064
445.204
445.318
445.401
445.46
445.49
445.49
445.467
445.421
445.353
445.271
444.396
444.123
443.987
443.837
443.669
443.488
443.297
443.083
442.865
441.971
440.961
440.674
440.442
439.551
439.136
438.897
438.651
438.407
437.509
437.15
436.916
436.686
436.457
436.228
436.007
435.786
435.565
434.85
434.785
434.155
434.184
432.948
432.292
432.222
431.626
431.565
431.715
431.865
432.016
432.156
432.282
432.424
432.722
433.45
434.281
435.084
435.863
436.614
437.337
438.022
438.674
439.303
439.923
440.751
441.546
442.31
443.039
442.841
443.444
444.102
443.999
444.391
444.193
443.73
443.273
443.668
444.198
444.706
445.19
444.923
445.174
444.812
444.993
445.379
445.738
446.066
446.367
446.636
446.868
446.251
446.191
446.499
446.007
446.231
446.565
446.868
447.137
447.373
447.577
446.943
446.858
446.148
445.392
445.352
445.417
445.452
444.655
444.414
444.399
444.359
443.498
443.293
443.196
442.296
442.114
441.214
440.909
440.777
440.633
439.712
439.436
439.279
439.111
438.185
437.266
436.919
435.999
435.169
434.14
433.867
432.26
431.333
430.385
430.161
429.993
429.953
429.33
429.261
429.371
428.754
428.754
428.165
427.515
426.876
426.87
427.057
426.533
425.877
425.951
426.149
425.635
425.924
425.676
425.964
426.43
426.154
425.733
426.042
425.747
425.628
426.179
426.027
426.597
427.539
428.554
428.721
428.648
429.412
430.295
431.165
431.209
431.14
431.117
431.632
432.362
433.061
433.726
432.757
432.425
431.384
430.736
431.152
431.698
432.214
432.699
432.392
432.748
433.162
432.765
432.953
431.727
430.931
429.841
429.851
430.163
430.459
430.738
430.223
428.93
428.683
428.91
428.423
428.491
428.663
428.809
428.93
428.341
428.375
427.742
426.826
425.936
425.823
425.827
425.886
426.111
425.59
425.722
425.901
425.222
425.127
424.437
424.444
424.574
424.695
424.801
424.896
424.989
425.073
425.144
425.206
425.259
424.629
423.885
423.846
423.21
423.07
423.316
423.587
423.855
424.111
424.357
424.599
424.832
424.405
424.467
424.005
424.057
423.477
423.538
423.769
424.024
424.509
424.263
424.57
425.043
424.657
424.872
425.321
425.748
425.318
425.652
425.428
425.086
425.488
426.355
427.19
428.001
428.78
429.528
430.239
430.91
431.55
432.165
432.88
433.683
433.727
433.475
434.047
433.83
434.418
434.246
434.671
435.266
435.822
436.347
436.836
437.299
437.722
438.121
438.489
438.825
438.363
438.434
437.224
437.201
437.45
436.92
437.053
436.521
436.486
436.636
436.774
436.894
436.276
436.232
436.312
435.659
435.641
435.683
435.704
434.985
434.074
433.929
433.881
433.802
433.709
432.893
432.737
432.025
431.211
431.138
431.244
430.518
430.478
430.552
430.611
430.643
430.69
430.723
430.751
430.773
430.788
430.8
430.806
430.815
430.807
430.789
430.761
430.728
430.815
430.131
430.181
430.399
429.916
430.059
430.26
429.67
429.108
429.187
429.39
428.925
429.31
428.932
429.305
429.748
429.339
429.547
429.976
430.391
430.791
430.386
430.956
431.6
431.397
431.81
432.4
432.954
433.485
433.215
433.651
434.354
435.03
435.792
436.663
437.494
438.282
439.043
439.766
440.457
441.11
441.73
441.472
441.829
442.364
442.864
443.336
443.773
444.176
444.551
444.894
444.403
444.401
443.939
443.397
443.485
443.019
442.409
442.47
442.618
442.746
442.848
442.925
442.98
443.017
443.043
443.03
443.019
442.991
442.946
442.88
442.798
442.698
442.584
442.456
442.316
442.155
441.977
441.775
441.552
441.312
441.126
441.12
441.098
441.06
441.011
440.949
440.886
440.817
440.738
440.655
440.569
440.483
440.394
440.299
440.202
439.402
439.24
439.143
439.032
438.914
438.793
438.766
438.904
439.038
439.167
439.297
439.409
438.757
438.664
438.79
438.327
438.591
438.969
439.351
439.721
440.091
440.448
440.797
440.278
440.558
441.14
441.693
442.231
442.749
443.237
442.14
442.118
442.68
443.327
443.937
444.542
445.359
446.133
446.869
445.858
444.619
445.01
444.887
445.398
445.177
445.685
446.234
446.742
447.225
447.653
448.067
448.45
448.799
449.12
449.408
448.865
448.916
449.128
448.577
447.167
447.042
447.179
447.292
447.379
447.434
446.732
446.545
446.542
446.523
446.488
446.435
446.361
446.269
446.155
446.025
444.455
442.719
442.329
442.182
441.31
440.394
439.546
439.303
439.12
438.928
438.72
438.502
437.604
437.247
437.013
436.806
436.814
436.813
436.806
436.111
435.98
435.958
435.93
435.903
435.877
435.082
434.97
434.934
434.067
433.903
433.071
432.921
433.071
433.282
433.489
432.91
432.945
432.241
432.202
432.403
432.609
432.27
431.79
431.331
431.741
432.222
432.701
433.175
432.786
433.095
433.549
433.983
434.406
434.81
435.43
436.05
436.627
437.174
436.83
437.528
438.521
439.471
440.381
441.257
441.224
441.816
442.592
443.328
444.026
444.692
445.324
445.087
445.451
445.997
446.506
446.98
447.422
447.833
448.209
446.996
447.18
447.491
447.067
447.147
446.585
446.653
446.087
446.161
445.602
444.134
443.843
443.939
443.984
444.022
444.039
444.029
443.208
443.09
442.257
442.119
442.034
441.933
441.808
440.993
440.686
439.805
439.573
439.396
439.202
438.998
438.784
438.557
438.335
438.107
437.865
437.626
437.377
436.426
435.982
435.048
434.769
434.782
434.785
434.786
434.789
434.79
434.786
434.778
434.767
434.747
434.732
434.023
433.851
433.814
433.779
433.896
434.107
434.316
434.508
434.031
433.189
433.36
433.049
433.457
433.932
434.404
434.878
435.349
435.813
436.273
436.714
436.358
436.72
436.417
436.754
437.142
435.877
435.9
436.51
437.168
438.171
439.17
440.126
440.145
440.796
441.662
442.485
442.349
442.941
442.747
443.368
444.041
443.813
444.195
444.779
445.324
445.839
446.32
446.765
447.18
447.566
447.913
448.231
448.519
448.776
448.997
449.195
448.583
447.914
447.978
447.348
447.217
446.551
446.384
446.411
445.659
445.511
445.484
444.712
444.572
444.483
444.378
444.253
444.108
443.952
443.786
443.6
443.404
442.476
441.474
441.069
440.824
440.591
440.355
440.114
439.866
438.929
438.615
438.371
438.126
437.177
436.741
436.493
435.569
435.266
435.29
433.875
433.764
433.791
433.808
433.812
433.804
432.993
432.967
433.21
433.447
433.023
433.072
433.289
433.491
432.922
432.967
433.21
433.664
433.34
433.733
433.413
433.649
434.114
434.585
435.06
434.768
434.438
434.176
434.561
434.995
435.405
435.02
435.341
435.948
436.519
437.157
437.928
438.764
439.72
440.644
441.531
442.375
443.183
443.029
443.611
444.323
444.122
443.786
443.508
443.059
443.454
444.003
444.52
444.999
445.443
445.854
446.233
446.579
446.891
447.169
447.421
447.645
447.839
448.006
447.34
446.569
446.455
446.538
446.596
445.9
445.123
445.001
444.985
444.943
444.872
444.049
443.744
442.902
442.627
442.476
442.307
442.117
441.909
441.686
440.724
440.307
440.078
439.845
439.616
439.386
439.155
438.924
438.697
438.477
437.552
437.149
436.948
436.748
436.552
436.356
436.152
435.944
435.725
435.597
435.625
435.782
436.045
436.295
436.535
436.757
435.511
435.465
434.977
434.989
435.18
435.505
435.933
436.353
435.984
436.338
435.973
435.385
435.56
435.203
435.491
435.899
436.306
436.709
437.107
437.487
437.851
438.195
437.724
438.031
438.605
438.536
439.232
439.973
439.791
440.241
440.03
439.63
439.374
440.056
440.879
441.663
442.411
443.118
443.002
443.447
444.06
443.829
444.233
443.944
444.363
444.024
443.657
443.847
444.24
444.603
444.93
444.498
444.631
444.106
443.46
443.607
443.796
443.955
444.085
443.433
443.251
442.598
442.51
442.534
442.541
442.524
442.483
442.42
442.332
442.222
442.087
441.266
441.039
440.855
440.652
439.736
438.645
438.228
438.002
437.768
437.526
436.602
436.301
436.07
435.157
434.059
433.676
432.798
432.492
432.322
432.154
431.987
431.123
430.087
429.758
429.619
429.639
429.733
428.376
427.686
427.084
427.091
427.225
427.558
427.87
428.157
428.446
428.219
428.677
429.191
429.696
430.189
430.663
431.146
431.608
432.08
432.547
433.012
432.661
433.056
433.504
433.939
434.353
434.775
435.4
436.041
436.66
437.256
437.82
438.349
438.862
438.673
439.289
439.379
440.115
440.973
441.794
441.729
441.629
441.141
440.809
441.287
441.941
441.761
442.195
442.755
443.28
443.773
444.228
444.653
445.046
445.403
445.729
446.025
446.282
446.508
446.711
446.89
447.036
447.153
447.241
446.553
446.48
446.504
446.505
446.483
446.435
446.368
446.279
446.164
446.02
445.858
445.679
445.487
445.269
443.634
442.489
442.031
441.796
441.55
440.583
440.2
438.554
436.87
436.498
435.559
434.621
434.204
433.993
433.788
432.916
432.654
432.485
432.324
431.482
431.143
430.29
429.438
429.172
429.194
428.606
428.651
427.935
427.358
426.775
426.748
426.411
426.726
427.3
426.918
427.388
427.929
428.464
428.983
429.499
430.001
430.501
430.992
429.813
429.513
429.136
429.551
430.021
430.481
430.135
429.583
430.152
430.819
431.463
431.207
430.261
430.67
431.524
432.346
433.144
433.046
433.628
434.338
435.01
435.651
436.324
437.149
437.939
438.693
439.408
439.264
439.835
439.64
439.413
439.743
439.451
439.717
440.191
440.631
441.04
441.408
440.962
441.197
441.491
441.754
441.234
441.264
441.459
441.625
441.026
440.324
440.364
440.446
440.501
439.774
438.878
438.767
438.084
437.928
437.878
437.802
437.698
437.576
437.431
437.267
437.087
436.89
436.002
435.725
435.501
435.278
435.05
434.822
434.593
434.371
434.154
433.941
433.734
432.85
432.603
431.732
430.688
430.342
430.193
430.055
429.916
429.771
429.609
429.435
429.283
429.413
429.756
430.079
430.387
430.678
430.166
430.471
431.01
431.549
432.077
432.6
432.306
432.687
432.402
432.009
432.426
432.922
432.512
432.76
432.436
432.664
432.309
432.631
433.213
433.876
434.615
434.703
435.358
436.187
436.981
437.753
438.494
439.193
439.857
440.484
441.093
441.879
442.664
443.41
442.572
442.283
442.776
443.409
444.019
443.749
444.058
444.571
445.048
445.488
445.893
446.266
446.604
446.908
447.18
447.417
447.629
447.808
447.17
445.751
444.965
444.943
445.037
445.103
444.457
443.571
443.372
442.614
442.47
442.425
442.358
442.268
442.151
442.013
441.849
441.006
440.637
440.428
440.199
439.947
439.688
439.41
439.129
438.843
438.553
438.26
437.968
437.69
437.415
436.455
435.938
435.696
435.469
435.254
435.043
434.845
434.654
433.774
433.535
432.698
432.461
432.292
432.134
432.174
431.433
430.705
430.898
431.389
431.939
432.469
432.992
433.508
434.021
434.519
434.191
434.545
433.49
432.841
432.986
433.479
433.059
433.294
433.757
434.235
434.904
435.571
436.215
436.846
437.604
437.539
438.111
438.901
439.666
439.553
439.372
439.904
440.565
441.371
442.215
443.019
443.784
444.514
444.364
444.888
444.686
444.398
444.087
444.427
444.955
444.637
444.949
445.384
445.781
446.14
445.733
445.973
445.464
445.535
444.984
444.434
444.509
444.677
444.815
444.926
445.01
445.068
445.104
445.111
445.088
445.04
444.971
444.876
444.759
443.91
443.678
443.492
443.285
443.058
442.818
442.559
442.283
441.997
441.041
440.079
439.605
439.301
438.978
438.659
438.345
438.032
437.728
437.439
436.467
436.011
435.747
435.486
435.245
435.018
434.117
433.846
432.936
432.483
432.291
432.074
431.163
430.344
430.289
430.36
429.788
430.057
430.376
429.992
429.437
429.581
430.066
429.822
429.337
428.984
427.868
428.318
428.923
429.505
430.077
430.633
431.189
431.106
431.737
432.474
433.19
433.896
434.76
435.656
436.513
435.613
436.109
436.885
437.648
438.614
439.547
439.611
440.27
440.278
440.952
441.731
442.47
443.169
443.834
444.463
445.056
445.616
446.135
446.62
447.065
447.476
447.855
448.197
448.507
448.777
449.016
449.226
449.399
449.546
449.661
449.749
449.804
449.835
449.837
449.128
448.907
448.841
448.759
448.648
448.509
448.348
448.167
447.961
447.062
446.648
445.738
444.688
444.298
444.009
443.694
443.381
443.052
442.037
441.523
441.181
440.842
440.498
440.156
439.815
439.471
439.127
438.797
437.801
437.302
436.318
435.91
434.979
433.951
433.633
433.383
433.139
432.911
432.814
432.857
432.898
432.94
432.273
432.258
432.399
432.729
433.057
433.397
433.731
433.343
433.532
432.994
433.349
433.928
434.489
435.04
435.593
435.391
435.972
436.712
437.425
437.221
437.222
437.2
437.84
438.692
439.523
440.514
441.527
441.666
442.531
443.438
444.31
443.347
443.684
444.476
445.233
445.954
446.639
447.287
447.895
448.467
449.006
449.509
449.979
450.412
450.81
451.176
451.507
451.808
452.075
452.31
452.508
452.673
452.789
452.898
452.976
453.02
452.279
452.21
452.185
451.412
451.16
451.06
450.24
449.858
449.693
449.503
448.6
448.304
448.059
447.786
447.502
447.203
446.892
446.564
446.225
445.872
445.513
445.151
444.78
443.118
441.945
440.731
440.148
439.81
439.479
439.143
438.82
438.5
438.185
437.185
436.745
436.449
436.152
435.853
435.561
435.276
434.297
434.012
434.009
434.007
434.008
434.033
434.248
434.543
434.849
435.163
435.487
435.102
435.202
435.544
435.883
436.214
435.738
435.24
435.302
435.665
436.236
436.214
437.071
438.053
437.143
437.901
437.969
438.596
439.504
439.625
440.496
440.587
441.403
442.354
443.267
443.222
443.836
444.647
445.421
446.159
446.861
447.527
448.159
448.754
448.45
448.758
449.259
449.723
449.359
449.627
450.001
449.569
449.816
450.105
450.36
450.59
450.787
450.206
450.228
450.351
448.894
447.45
447.402
447.455
447.478
447.472
446.685
446.5
446.431
446.331
446.206
446.048
445.12
443.994
443.607
443.383
442.459
442.088
441.828
441.549
441.256
440.951
440.643
439.64
439.145
438.836
438.52
437.524
437.159
436.867
435.901
434.731
434.262
433.991
433.72
433.455
433.187
432.918
432.657
431.067
430.7
430.455
430.208
429.962
429.818
429.854
429.406
428.747
428.976
429.305
429.649
430.004
430.364
430.734
430.288
430.433
430.113
430.428
430.831
431.225
430.786
430.199
430.451
430.991
430.975
430.995
431.054
431.093
431.12
431.833
430.337
430.087
431.091
432.23
433.333
434.394
435.418
436.393
437.339
437.323
437.275
437.908
438.731
439.517
440.265
440.979
440.821
441.267
441.883
442.463
443.009
443.517
443.989
444.428
444.829
445.199
444.749
444.874
444.392
443.05
443.03
443.263
443.468
443.643
443.786
443.903
443.993
444.051
444.087
444.093
444.065
444.015
443.925
443.817
442.967
442.635
442.477
441.591
440.725
440.398
440.176
438.602
437.4
437.092
436.844
436.587
436.329
436.068
435.113
434.727
434.471
434.219
433.964
433.045
432.628
431.728
430.692
430.354
430.144
429.938
429.723
428.84
428.442
426.323
425.694
425.777
425.184
425.127
425.183
425.26
424.86
425.079
424.753
424.913
424.468
424.004
423.65
423.94
423.62
423.916
423.573
423.756
424.139
423.856
424.325
424.241
424.801
425.422
426.028
425.892
426.273
426.808
426.608
426.406
427.006
427.715
427.789
428.714
428.979
429.835
430.902
431.924
432.911
433.848
434.753
435.622
436.452
437.242
437.996
437.9
438.365
439.021
439.645
440.232
439.902
440.344
440.84
441.307
441.738
442.134
442.5
442.833
443.137
443.409
443.656
443.87
444.055
444.21
444.335
444.432
444.499
444.532
444.527
444.515
444.473
444.406
444.316
444.207
444.074
443.918
442.999
442.683
441.787
441.509
441.285
441.058
440.817
440.571
440.318
440.064
439.807
438.872
437.937
437.022
436.113
435.696
435.458
434.546
433.493
432.438
432.146
431.955
431.984
432.003
432.022
432.03
432.037
432.035
432.023
431.999
431.972
431.142
431.079
431.325
431.559
431.808
432.061
432.312
432.562
432.825
433.08
433.331
433.59
433.924
434.447
434.965
435.48
435.979
436.472
436.948
437.396
437.101
437.313
437.782
438.433
439.266
439.231
439.955
440.913
440.96
441.66
442.569
443.436
444.267
445.061
445.819
445.622
446.232
446.891
447.515
448.095
448.62
449.14
449.627
449.28
448.768
449.095
449.473
449.818
450.13
450.413
450.669
450.893
451.087
451.251
450.56
450.607
450.7
449.946
449.779
449.81
449.817
449.059
448.956
448.892
448.032
447.737
447.624
447.487
447.327
447.148
446.257
445.924
445.001
444.063
443.76
443.512
442.539
442.103
441.859
441.608
441.352
440.387
440.075
439.137
438.721
438.491
438.258
438.022
437.768
437.504
437.256
436.506
436.451
434.862
434.45
433.773
433.664
433.667
433.797
434.043
434.279
434.5
434.066
434.108
434.317
434.521
434.717
434.24
434.356
434.542
434.894
435.327
435.083
434.563
434.879
435.309
435.733
436.155
436.569
436.967
436.635
436.783
437.147
437.556
438.155
438.731
439.274
439.076
439.497
439.98
440.65
441.295
441.924
442.707
443.518
444.286
445.019
445.717
446.376
447.004
447.592
448.14
448.657
448.277
447.723
448.091
448.499
448.014
448.147
448.482
448.786
449.064
448.586
448.688
448.889
449.062
449.211
449.332
449.426
449.49
448.802
448.704
448.705
447.942
447.17
447.051
446.983
446.895
446.781
446.644
446.5
446.335
446.148
445.953
445.013
444.741
444.535
444.316
444.095
443.867
443.637
442.691
442.404
442.177
441.95
441.718
441.483
441.232
440.299
439.947
439.249
439.193
439.194
439.186
439.157
439.118
439.09
438.585
438.677
438.845
439.031
439.206
439.369
439.529
439.683
439.129
439.137
439.263
439.372
439.472
438.811
439.091
438.639
438.759
439.11
438.67
438.916
439.265
438.847
438.362
438.638
438.963
438.533
437.502
437.762
438.327
438.04
437.721
437.386
437.019
437.456
438.145
438.837
439.493
439.377
439.825
440.386
440.183
439.949
439.731
440.247
440.932
441.582
441.358
441.821
441.543
442.018
441.714
441.295
441.572
442.015
441.575
441.012
440.568
440.793
441.126
441.427
441.697
441.939
442.149
442.331
441.732
441.002
440.999
440.355
440.372
440.433
440.471
440.492
440.486
439.713
439.559
439.507
439.439
439.359
439.266
439.163
439.051
438.903
438.757
437.869
436.902
436.613
436.455
436.295
436.125
435.248
434.902
434.71
433.819
432.835
432.81
432.886
432.954
432.194
431.316
431.19
431.259
431.322
431.371
431.411
431.438
431.479
431.03
431.155
431.449
431.061
431.229
431.504
431.77
431.217
431.328
431.552
431.782
432.237
432.695
433.141
433.565
433.111
433.444
433.836
434.391
435.005
435.605
436.181
435.963
436.351
436.892
437.411
437.912
438.39
438.844
439.28
439.731
440.369
440.979
440.78
441.263
441.807
442.324
442.803
443.246
443.656
444.045
444.557
444.204
443.699
444.157
444.666
445.137
445.577
445.987
446.359
446.7
447.012
447.296
447.549
447.752
447.948
448.104
448.236
448.342
447.716
447.662
447.704
447.725
446.936
446.862
446.005
445.781
444.274
443.969
443.911
443.836
443.755
443.662
443.561
443.452
443.332
442.46
442.211
442.079
441.169
440.954
440.806
440.636
440.45
440.258
440.169
439.544
439.462
439.498
439.529
438.861
438.805
438.795
438.782
438.759
438.725
438.678
438.631
437.912
437.993
438.207
438.414
438.611
438.804
438.995
439.179
439.356
439.528
439.691
439.838
439.969
440.089
440.248
440.596
440.263
440.449
440.765
441.271
441.797
441.55
441.819
441.55
441.787
442.241
442.682
443.104
442.796
443.108
443.461
443.802
444.14
444.668
445.204
444.978
445.338
444.983
445.365
445.803
446.218
446.606
446.966
447.299
447.596
447.86
447.374
447.547
448.003
448.427
448.816
449.176
448.595
448.743
449.025
449.275
449.503
449.7
449.864
450.002
449.237
449.115
447.632
447.439
447.492
446.701
446.664
446.678
445.896
444.91
444.705
444.681
443.957
443.154
443.047
442.209
442.082
442.005
441.922
441.827
441.723
441.605
441.472
441.321
441.155
440.213
439.851
439.792
439.863
439.087
439.014
438.244
438.219
438.267
438.308
437.617
436.768
435.898
435.763
435.817
434.379
433.554
433.563
433.636
433.699
433.841
434.161
434.463
433.938
434.058
434.33
434.582
434.124
434.303
434.728
435.177
434.808
433.702
433.939
434.615
435.267
435.899
436.5
436.309
436.635
437.179
436.978
437.371
437.849
437.515
437.589
437.997
438.419
439.032
439.616
439.413
439.776
440.281
440.761
440.464
440.821
441.238
440.067
440.017
440.397
440.754
441.09
441.405
441.7
441.974
442.223
442.452
441.819
441.862
442.025
442.152
442.243
442.316
442.432
441.811
441.856
442.099
441.497
441.573
440.906
440.939
441.084
441.207
441.303
441.378
441.449
440.809
440.722
440.753
440.766
440.769
440.757
440.737
439.924
439.707
439.657
438.826
438.603
438.521
438.424
438.308
438.191
438.179
438.294
438.393
437.722
436.934
436.896
436.964
437.041
436.376
435.362
434.42
434.342
434.434
433.792
433.769
433.857
432.592
432.537
431.881
431.864
432.208
432.541
432.875
433.204
432.792
433.035
433.334
433.613
433.871
433.41
433.628
434.112
433.867
433.286
432.148
432.658
433.344
434.005
434.642
434.314
434.029
434.469
434.112
433.75
434.182
434.907
435.608
436.268
436.893
437.485
438.045
437.7
437.298
437.716
436.591
435.986
436.209
436.643
437.053
436.625
436.85
436.451
436.027
436.274
436.578
436.864
435.72
435.151
435.284
434.834
434.979
435.173
434.666
434.651
434.799
434.928
435.034
434.388
434.336
434.388
434.417
434.428
433.708
433.608
433.829
434.006
434.191
433.536
433.63
432.95
433.012
433.12
432.396
432.299
431.699
431.646
431.035
430.967
430.347
430.314
429.522
429.356
428.672
428.585
428.829
429.054
428.359
427.717
427.872
428.082
428.274
428.454
427.843
427.894
428.061
428.223
428.381
428.533
428.679
428.813
428.944
429.069
429.221
429.617
430.008
430.387
430.763
431.135
431.499
431.867
432.237
432.59
432.927
433.238
433.541
434.004
434.518
434.361
434.84
435.518
436.162
436.796
437.627
438.435
439.205
439.943
440.646
441.311
441.943
442.54
443.1
443.624
444.121
444.586
445.017
445.422
445.799
446.15
446.466
446.748
447.008
447.241
447.446
446.86
446.91
447.062
446.362
446.264
446.372
446.464
446.538
446.597
446.632
446.653
446.657
446.643
446.62
446.575
445.749
445.536
445.44
444.637
444.443
443.607
443.282
442.395
442.242
442.313
442.37
441.583
441.549
441.563
441.558
440.751
440.505
440.493
440.47
440.438
440.386
440.328
440.251
440.162
440.06
440.033
440.162
440.28
440.389
440.492
440.584
440.665
440.737
440.802
440.857
440.912
440.959
441.004
440.258
439.442
439.415
439.47
439.526
438.796
438.861
439.194
439.522
439.846
439.295
439.555
439.156
439.406
439.709
439.986
440.243
440.512
440.123
440.462
441.028
441.685
442.305
442.911
443.681
444.464
445.214
444.172
444.549
445.227
445.87
446.48
446.262
446.571
447.1
447.597
448.06
447.634
447.296
446.837
447.139
447.486
446.973
447.014
447.296
447.549
447.779
447.982
448.161
448.317
448.451
448.56
448.65
448.707
448.028
447.775
447.788
447.786
446.973
446.1
445.863
445.826
445.77
445.699
445.612
444.8
444.613
444.475
444.315
444.136
443.951
443.936
443.974
443.998
444.002
443.313
443.02
443.008
442.984
442.154
441.935
441.883
441.003
439.886
439.696
438.941
438.782
438.684
438.748
438.87
438.982
438.173
438.104
437.531
437.558
437.641
437.717
437.788
437.858
437.922
437.99
438.059
438.133
438.212
437.604
437.633
437.704
437.793
437.876
437.281
437.405
437.763
438.118
438.457
438.785
439.096
439.404
439.883
440.396
440.875
441.319
440.99
441.553
442.19
442.055
441.957
442.522
443.301
444.047
443.832
444.357
444.104
443.845
444.218
444.806
444.455
444.048
444.394
444.878
445.332
445.071
445.409
445.781
446.125
446.44
446.728
446.319
446.445
446.667
446.862
446.287
444.866
444.574
444.711
444.821
444.913
444.982
444.294
443.579
443.518
442.818
442.616
442.59
441.799
441.618
441.565
441.497
441.419
441.332
440.491
439.669
438.824
438.513
438.389
438.236
438.073
437.983
437.359
437.364
437.433
437.488
437.522
437.552
437.561
437.555
437.508
437.455
437.392
436.633
436.467
436.637
436.79
436.93
437.064
437.183
437.292
437.39
437.489
436.799
435.84
435.803
435.929
436.058
436.181
436.305
436.428
436.546
435.907
435.854
435.999
436.363
436.737
437.092
437.427
437.067
437.321
436.948
437.241
437.787
438.308
438.047
438.386
438.992
439.691
440.358
440.994
441.6
441.332
441.055
441.428
441.983
442.707
443.402
444.061
444.685
445.276
445.834
445.648
446.016
446.483
446.926
446.448
446.731
447.089
446.64
446.72
447.009
446.404
446.475
446.69
446.883
447.051
446.445
446.356
446.462
445.837
445.771
445.821
445.848
445.855
445.838
445.065
444.827
444.783
444.706
443.253
442.908
442.072
441.915
441.819
441.704
440.878
440.565
440.416
440.25
439.374
439.076
439.028
438.266
437.507
437.389
436.757
436.623
436.657
435.988
435.876
435.197
434.505
433.635
433.436
433.404
432.571
432.493
431.859
431.94
432.134
431.543
431.67
431.855
431.227
431.23
431.405
430.743
430.797
430.984
431.165
431.357
430.854
430.922
431.115
431.306
431.494
431.67
431.13
431.231
431.615
432.043
432.694
432.429
432.807
433.425
434.02
434.586
435.127
435.643
436.211
436.932
437.617
438.26
438.871
439.469
440.233
440.268
440.712
441.431
442.113
441.875
442.257
442.852
443.42
443.957
444.457
444.924
445.348
444.986
444.604
444.779
445.121
444.6
444.156
444.347
444.598
444.824
444.3
444.268
444.424
444.553
444.659
444.739
444.798
444.841
444.861
444.089
443.867
443.846
443.797
443.737
442.922
442.687
441.852
441.688
441.57
441.441
441.293
440.425
440.148
439.284
438.991
438.817
437.919
437.69
437.726
437.775
437.802
437.143
437.035
436.21
436.149
436.148
436.129
436.099
435.238
434.998
434.935
434.186
434.001
434.124
434.303
433.659
433.013
432.921
432.185
431.357
431.305
431.494
430.799
430.946
430.378
430.432
430.656
430.884
429.535
429.482
429.716
428.571
428.048
427.54
426.926
427.277
427.192
426.865
426.623
427.193
427.006
427.63
427.501
427.071
427.521
428.139
427.974
427.825
428.59
429.611
428.922
429.721
430.65
430.67
430.473
431.075
431.888
431.075
430.839
429.922
429.702
429.627
429.261
429.124
428.177
427.384
427.741
428.346
428.138
428.62
429.135
428.917
428.491
428.738
428.35
427.777
427.847
427.452
427.697
427.226
426.769
426.345
426.401
426.615
426.06
426.107
426.247
425.634
424.957
424.867
424.945
424.993
424.341
424.238
424.242
423.556
423.476
423.448
423.407
422.682
422.43
421.691
420.816
419.364
419.043
418.972
418.899
418.823
418.045
417.774
417.009
416.779
415.393
415.062
415.015
414.516
413.765
413.1
412.399
412.403
411.893
411.24
411.299
410.813
410.345
410.481
410.71
410.947
410.497
409.827
409.923
409.384
408.969
408.436
408.931
407.854
407.975
407.623
407.95
407.757
407.664
408.449
409.505
410.537
411.548
412.522
413.467
414.381
414.436
415.427
416.53
417.593
418.589
419.578
420.605
420.879
421.794
422.903
423.969
424.996
425.991
426.941
427.031
427.72
428.566
428.589
429.25
430.003
430.71
431.393
432.038
432.64
433.206
432.943
432.505
432.87
433.332
433.753
433.384
433.68
433.297
433.434
433.724
433.241
433.354
433.558
433.002
433.095
433.214
432.583
431.763
431.643
431.677
431.68
431.657
431.612
431.547
431.438
430.657
429.873
429.574
428.759
428.498
427.029
426.612
426.432
426.246
425.393
425.025
424.819
423.934
423.609
422.717
422.392
422.195
421.997
421.132
420.094
419.749
418.908
417.97
417.725
417.61
417.508
417.42
416.669
416.429
416.385
416.392
416.634
416.888
417.151
417.415
417.684
417.951
418.202
418.44
418.69
419.198
419.939
419.907
420.811
420.846
421.729
422.683
423.609
424.511
424.548
425.256
426.086
427.056
428.068
429.042
429.183
429.924
430.95
432.055
433.122
434.149
435.138
436.089
437.001
437.877
438.714
439.513
440.271
440.997
440.821
441.335
441.973
442.569
442.347
442.658
443.16
443.624
444.048
444.422
444.778
445.102
445.394
445.653
445.879
446.072
446.228
446.353
446.448
445.801
445.559
445.574
445.566
445.526
445.462
445.37
445.257
445.124
444.961
444.774
444.564
444.335
444.09
443.823
443.533
443.232
442.919
442.591
442.249
441.229
440.073
439.491
438.475
437.922
437.567
437.21
436.853
436.498
436.144
435.795
435.455
435.127
434.809
434.498
434.204
433.931
433.674
433.432
432.506
431.554
431.186
430.511
430.405
430.515
429.797
429.103
429.201
429.368
429.541
428.991
428.983
428.446
427.66
427.637
428.305
428.303
428.205
429.032
429.924
430.777
431.603
430.683
430.693
430.704
430.805
430.067
430.891
431.832
431.945
431.938
431.968
432.042
432.066
432.185
433.116
432.356
432.839
433.789
433.863
434.52
435.372
435.294
435.097
435.798
435.7
435.451
435.069
434.697
435.11
435.724
436.294
435.99
436.427
436.912
437.359
437.763
438.132
438.459
438.758
439.02
438.438
437.864
437.719
437.877
437.995
438.08
438.136
438.166
438.171
437.444
437.352
437.3
436.469
436.171
436.063
435.936
435.099
434.822
434.646
434.455
433.581
433.299
433.062
432.148
431.708
431.441
431.162
430.877
430.581
430.284
429.315
428.946
427.986
427.511
427.223
426.283
425.237
424.185
423.898
423.695
422.838
422.503
421.662
421.36
420.566
420.381
419.642
419.542
418.826
418.77
418.795
418.843
418.216
418.398
417.999
417.472
417.815
418.379
418.944
419.735
420.586
420.658
421.474
422.46
423.649
424.825
425.959
427.065
428.132
428.244
428.999
429.975
431.11
432.264
433.377
433.585
434.549
435.564
436.535
437.471
438.368
439.229
440.054
440.843
441.596
442.31
442.118
442.545
443.17
443.756
443.45
443.131
443.473
443.941
444.377
444.775
445.142
445.472
444.992
445.126
445.365
445.56
445.726
445.862
445.966
446.038
446.081
446.087
446.07
446.017
445.938
445.83
444.969
444.753
444.583
444.394
444.187
443.267
442.194
441.819
441.561
439.922
439.52
439.233
438.93
438.612
437.582
437.118
436.101
435.625
435.268
434.909
434.549
434.181
433.811
433.444
433.081
432.715
432.356
432.041
431.745
430.788
429.687
429.305
428.425
427.478
426.527
425.627
425.502
424.745
423.967
423.799
423.814
423.11
423.011
421.621
420.806
421.028
421.36
421.053
421.685
421.728
421.892
422.717
422.192
423.061
422.584
422.728
423.8
424.931
426.033
426.183
426.981
427.086
427.163
427.97
428.907
428.922
428.152
428.81
429.909
430.046
429.961
430.758
431.734
431.802
431.737
432.538
433.395
433.387
433.121
433.006
433.603
433.5
433.248
433.828
433.627
433.187
433.552
433.306
433.697
433.352
433.649
434.079
434.472
434.813
434.38
434.483
433.163
433.136
433.367
433.563
433.728
433.868
433.975
434.048
434.099
433.413
433.228
433.213
433.171
433.11
432.304
432.152
432.036
431.897
431.066
430.004
429.715
429.538
429.343
429.132
428.234
427.335
426.234
425.311
424.885
423.97
423.604
423.369
423.135
422.899
422.004
421.106
420.735
419.889
419.608
418.812
418.585
417.814
417.68
417.639
416.944
416.769
416.082
415.318
415.234
414.591
413.257
413.207
413.528
413.256
412.923
413.316
413.896
413.873
414.485
414.426
413.444
412.692
413.232
414.243
414.287
415.084
416.033
416.972
417.183
418.237
419.352
420.426
421.479
422.502
423.491
424.452
424.452
425.197
426.059
426.897
427.827
428.844
429.825
430.761
431.662
432.525
433.351
434.143
434.897
435.611
435.503
435.077
435.457
436.051
436.612
437.133
437.615
438.066
438.48
438.858
439.2
439.499
439.765
440.002
440.202
440.374
440.517
440.618
440.698
440.744
440.767
440.77
440.742
439.978
439.848
439.762
439.653
439.525
438.676
438.336
438.154
437.956
437.741
437.51
437.259
436.992
436.712
436.42
436.115
435.798
435.479
435.16
434.837
434.518
434.2
433.884
433.58
433.285
433
432.731
432.483
432.25
431.344
431.087
430.918
430.767
429.92
429.598
429.473
429.354
429.293
429.442
429.596
429.775
430.169
430.542
430.919
431.299
431.871
432.497
433.345
434.174
434.975
435.754
436.513
437.243
437.959
438.835
438.141
438.66
439.547
440.404
441.233
442.035
442.803
443.524
442.536
442.931
443.594
443.565
444.348
445.174
445.963
446.717
447.43
448.108
448.748
449.348
449.918
450.453
450.95
451.412
451.834
452.222
452.577
452.893
453.173
453.422
453.64
453.822
453.973
454.087
454.17
454.22
454.241
454.235
454.198
454.134
453.251
452.365
452.053
451.91
451.061
450.759
450.561
450.338
450.096
449.837
449.558
449.258
448.945
448.611
448.261
447.901
447.52
446.471
446.007
445.597
444.524
443.933
442.859
441.639
441.103
440.704
440.292
439.227
438.791
438.44
438.106
437.789
437.493
437.215
436.949
436.711
436.498
436.303
436.12
435.944
435.774
435.605
435.455
435.48
434.974
435.269
435.617
435.951
436.31
436.876
437.443
438.23
439.008
439.768
440.507
441.217
441.901
442.562
443.213
442.398
442.984
442.945
443.697
444.505
444.401
444.245
444.749
445.458
446.131
446.767
446.54
447.231
448.045
448.823
449.567
450.27
450.089
450.492
451.104
450.82
451.282
451.802
452.283
452.732
453.146
453.524
453.866
454.178
453.655
453.775
453.993
454.171
453.528
453.454
453.553
453.623
453.664
453.674
453.651
452.879
452.006
451.857
451.753
451.627
451.483
451.304
451.111
450.201
449.911
448.956
447.99
447.543
447.259
446.955
446.639
446.311
445.966
445.61
445.239
444.854
444.47
444.073
442.997
442.486
441.435
440.826
440.454
440.088
439.74
439.405
439.078
438.765
438.459
438.18
437.915
437.67
436.781
435.916
434.977
434.599
434.415
434.228
434.212
434.499
434.04
434.294
434.639
434.163
434.226
434.544
434.956
435.759
436.545
437.304
438.05
438.787
439.496
440.197
440.886
441.557
442.21
442.028
442.47
441.508
441.907
442.455
442.987
443.734
444.463
445.369
446.27
447.137
447.968
448.759
448.585
449.234
449.931
450.591
451.211
450.886
451.289
451.82
451.475
451.861
452.278
452.681
453.048
453.38
453.68
453.941
453.351
453.487
453.663
453.801
453.909
453.989
454.041
454.057
452.525
451.621
451.52
451.467
451.392
451.294
451.175
451.033
450.873
450.685
449.702
449.353
449.115
448.858
447.87
447.412
447.122
446.811
445.821
445.37
445.016
444.646
444.269
443.888
443.509
443.129
442.75
442.376
442.012
441.666
441.33
441.009
440.7
440.404
440.13
439.871
438.959
438.632
437.715
437.455
437.262
436.355
435.973
435.795
435.814
436.015
435.385
435.533
434.899
435.118
434.741
434.988
435.746
435.57
435.402
436.002
435.942
435.708
436.355
437.082
437.796
438.497
439.169
439.836
440.487
441.095
441.698
440.597
440.303
440.634
441.173
441.897
442.864
443.793
444.685
445.541
446.36
446.296
446.966
447.69
448.376
449.021
448.836
449.279
449.833
450.351
450.835
451.279
451.694
452.068
452.404
452.706
452.967
453.202
453.401
453.565
453.692
453.789
453.14
452.23
451.494
451.373
450.662
450.572
450.524
450.452
450.358
450.241
450.102
449.936
449.745
448.862
447.798
446.799
446.498
446.248
445.983
445.695
445.387
445.062
444.721
444.362
443.993
443.611
443.221
442.823
442.425
442.021
441.608
440.544
440.05
439.694
438.676
438.102
437.8
437.522
436.585
436.237
436.026
435.833
435.652
435.49
435.344
435.207
435.045
434.888
434.724
434.567
434.631
434.915
435.407
436.218
437.009
437.774
437.724
438.295
439.028
439.751
440.461
441.154
441.835
442.499
443.148
443.773
444.377
444.962
445.513
446.033
446.526
447.092
447.004
447.491
448.179
449.041
449.867
450.653
451.405
451.234
451.845
452.499
453.122
453.709
454.253
454.767
455.244
455.687
456.095
456.466
456.8
457.104
457.375
457.607
457.81
457.977
458.109
458.209
458.275
458.306
458.307
457.515
457.285
457.222
457.136
457.025
456.89
456.732
456.553
456.348
456.123
455.877
455.61
455.326
455.022
454.696
453.635
453.223
452.856
452.475
451.343
450.047
448.768
448.13
447.715
447.281
446.86
446.429
446.002
445.581
445.17
444.773
444.396
444.034
443.693
443.371
442.367
441.899
441.64
441.397
441.169
440.965
440.782
440.603
440.426
439.544
439.153
438.952
438.915
438.481
438.777
439.378
440.134
440.87
440.795
441.411
442.101
441.853
442.268
442.92
443.547
443.355
443.888
444.496
444.289
443.739
443.496
443.243
443.619
444.134
444.747
445.48
446.179
446.85
447.491
448.089
447.036
446.564
445.984
446.492
447.237
447.131
446.799
446.582
446.362
446.905
447.49
446.31
445.591
445.896
445.553
445.102
445.401
445.807
446.178
446.509
446.809
447.07
447.293
447.486
447.646
447.776
447.882
447.96
447.99
448.011
448.013
447.222
447.056
447.001
446.922
446.817
445.957
445.756
445.602
445.427
444.514
443.419
442.343
441.278
440.25
439.953
439.709
439.449
439.167
438.875
438.575
438.265
437.952
437.643
436.66
436.302
435.349
434.898
434.65
433.095
432.056
431.735
431.555
430.716
430.512
429.683
428.693
428.419
427.627
427.437
427.381
427.311
427.214
426.437
426.455
426.112
425.564
425.945
426.585
427.201
427.004
427.434
428.246
429.056
429.842
430.612
431.36
432.089
432.802
433.503
434.181
434.848
434.725
434.517
434.852
435.466
435.181
435.597
436.161
436.841
437.612
438.356
439.061
439.735
440.374
440.974
441.55
441.317
441.183
441.776
442.492
443.174
443.815
444.421
444.134
444.428
444.94
445.416
445.857
445.424
445.721
446.068
446.378
446.653
446.89
447.096
447.267
447.411
447.526
447.616
446.889
446.146
445.95
445.959
445.95
445.918
445.859
445.775
445.664
445.54
444.638
444.304
443.462
443.161
442.964
442.014
441.717
441.476
441.218
440.949
440.662
440.364
440.064
439.05
438.63
438.337
438.04
437.758
437.482
436.506
436.075
435.847
435.631
435.431
435.254
435.101
434.968
434.848
434.739
434.634
434.536
434.423
434.313
434.218
434.208
434.734
435.334
434.953
435.249
435.798
436.474
436.447
437.026
437.761
438.476
439.169
439.814
439.69
440.155
440.773
441.367
441.167
441.637
442.158
442.656
443.15
443.832
443.609
443.253
443.777
443.66
444.202
444.811
445.394
445.956
446.496
447.002
447.485
447.938
448.353
448.74
449.09
449.407
449.784
450.29
449.896
449.487
448.961
449.219
449.593
449.931
450.238
449.67
449.716
449.932
450.112
450.26
450.377
449.658
449.667
449.717
449.741
449.742
449.714
449.665
448.09
447.753
447.666
447.555
447.426
447.283
447.12
446.933
446.723
446.496
446.253
445.995
445.715
445.419
445.119
444.805
443.756
443.257
442.937
441.895
441.473
441.169
440.876
440.595
440.328
440.072
439.835
439.612
439.412
439.225
439.033
438.872
438.72
438.571
438.421
438.282
438.129
437.972
437.248
436.504
435.95
436.245
436.814
436.551
436.97
437.744
438.508
439.253
439.971
439.847
439.755
439.57
439.981
440.62
441.233
441.825
442.392
442.93
442.555
442.971
443.438
443.09
443.485
444.15
444.794
445.417
446.013
446.588
447.137
447.665
448.164
448.649
449.102
448.752
448.238
446.922
445.658
445.886
446.247
446.567
446.062
445.508
445.507
445.752
445.352
445.611
445.998
446.35
445.765
445.833
446.097
446.328
446.532
446.703
446.848
446.965
446.247
446.059
445.412
445.258
444.488
444.377
444.363
443.495
443.386
443.324
443.238
443.133
443.006
442.842
442.678
442.498
442.298
442.089
441.117
440.829
440.599
440.355
440.108
439.859
439.61
438.626
437.586
436.639
436.381
436.209
435.361
435.038
434.911
434.804
434.705
434.612
434.533
434.464
434.395
434.323
434.23
433.42
433.282
433.462
433.106
433.674
434.292
434.883
434.745
434.293
434.592
435.124
435.83
436.575
437.301
438.003
438.675
439.326
439.956
439.761
439.599
439.975
440.537
440.311
440.74
441.226
441.679
442.111
442.625
443.259
443.866
444.443
444.995
445.519
446.021
446.493
446.201
446.403
446.806
447.193
447.556
447.892
446.702
446.846
445.656
445.535
445.794
446.026
445.492
445.543
445.704
445.105
445.123
445.188
445.23
445.34
444.753
444.86
445.063
445.237
445.381
445.499
445.591
445.659
445.023
444.878
444.895
444.089
443.904
443.868
443.816
443.74
442.851
441.962
441.656
441.516
441.368
441.203
441.021
440.827
440.623
440.411
440.194
439.976
439.757
439.541
439.32
438.443
438.201
438.031
437.868
437.723
437.594
437.476
437.365
437.276
437.201
437.134
437.078
437.017
436.206
435.94
435.159
435.161
435.512
435.903
435.54
435.778
436.375
436.967
436.776
437.325
438.103
437.933
437.743
437.467
437.195
437.042
437.515
438.204
438.862
439.495
440.095
440.653
440.298
440.743
440.522
440.993
441.697
442.37
443.006
443.593
443.266
443.747
444.283
444.786
445.264
445.717
445.321
445.518
445.917
445.482
445.699
446.039
446.355
446.647
446.916
446.396
446.414
446.618
446.801
446.212
446.278
445.637
445.634
445.688
445.843
446.085
446.289
446.472
446.621
446.747
446.851
446.926
446.973
447
446.999
446.288
446.132
446.083
445.333
445.181
445.074
444.284
443.971
443.153
442.811
441.971
441.664
440.807
439.937
439.665
439.449
438.467
438.061
437.83
437.599
437.365
437.136
436.907
436.678
436.463
436.262
436.068
435.891
435.738
435.605
434.15
433.278
432.463
432.326
432.264
432.204
432.139
432.095
432.262
432.442
432.609
432.781
433.172
433.691
434.318
434.121
433.865
434.543
434.558
434.483
435.223
436
436.75
437.466
438.15
437.995
438.513
437.529
438.14
438.968
439.757
439.754
440.254
440.949
441.62
442.26
442.003
441.817
442.305
442.85
442.51
442.017
440.654
440.733
441.194
441.625
441.298
441.62
441.987
441.52
441.634
441.955
441.445
440.922
441.046
440.511
440.674
440.881
441.058
441.206
440.553
440.438
440.503
439.806
439.899
440.158
440.385
439.82
439.789
439.947
440.077
440.18
440.263
440.317
440.35
438.962
438.831
438.099
437.888
437.843
437.772
437.688
437.584
436.112
435.256
434.285
433.418
433.12
432.226
431.915
431.777
430.891
430.617
430.483
430.352
430.231
430.112
430.002
429.223
428.313
427.533
427.327
426.565
426.438
426.385
426.35
426.325
426.301
426.275
426.236
425.499
424.737
424.965
425.47
425.969
426.451
426.914
427.382
427.143
427.616
428.314
428.991
429.633
430.24
430.016
430.357
431.135
431.913
432.82
433.785
434.714
435.609
436.462
436.497
437.126
437.897
438.636
438.579
439.102
439.749
440.366
440.954
441.514
442.043
440.896
441.07
441.542
441.984
442.405
442.797
443.169
443.516
443.839
444.139
444.419
444.674
444.898
445.097
445.276
445.425
445.546
445.642
445.698
445.019
444.318
444.186
444.26
444.462
444.631
444.775
444.181
444.058
444.136
444.187
443.503
443.443
443.43
442.602
442.38
442.319
442.237
442.129
442.01
441.876
441.071
440.174
439.945
439.763
439.571
438.703
438.321
437.358
436.283
435.335
435.088
434.906
434.723
434.544
434.381
434.222
434.074
433.169
432.914
432.057
431.681
431.602
431.537
431.48
431.429
431.378
430.615
430.453
430.433
430.684
431.171
431.638
431.247
431.522
431.996
432.68
433.352
433.183
433.738
434.338
434.905
435.525
436.299
437.217
438.18
439.109
439.995
440.851
441.671
441.571
442.105
442.837
443.529
443.327
443.817
444.433
445.015
445.567
446.089
446.583
447.049
447.485
447.885
447.443
447.663
448.012
447.523
447.583
447.875
447.339
447.372
446.849
446.925
446.376
446.488
446.642
446.773
446.885
446.225
446.088
446.135
446.149
446.134
446.091
446.022
446.057
446.194
445.592
444.84
444.783
444.831
444.854
444.858
444.838
444.102
443.126
442.873
442.796
442.686
442.569
442.431
442.278
442.111
441.932
441.736
441.53
441.31
440.424
440.075
439.179
438.828
438.601
438.371
438.145
437.266
436.893
435.964
434.846
434.561
434.416
434.286
434.171
434.07
433.254
433
432.93
432.866
432.809
432.816
432.302
431.761
431.297
431.61
432.102
432.582
433.049
433.488
433.038
433.371
433.002
433.553
434.168
435.049
436.092
437.098
438.044
438.978
439.878
440.744
441.57
442.365
443.126
443.853
444.541
445.199
445.824
446.419
446.124
446.59
447.101
446.843
446.548
446.81
447.222
446.77
447.059
446.555
446.805
446.329
445.642
445.697
445.949
445.377
444.798
444.863
444.259
443.572
443.666
443.818
443.945
443.284
442.486
441.685
441.614
441.656
441.664
441.645
440.887
440.696
440.879
441.031
441.155
441.254
440.61
439.943
439.246
439.102
439.114
439.101
439.072
439.023
438.273
437.934
437.842
437.724
437.6
437.466
437.318
437.16
436.987
436.808
436.626
436.441
436.254
436.069
435.887
435.701
435.52
435.347
435.188
435.033
434.891
434.76
433.886
433.579
432.785
432.504
432.446
432.562
432.778
432.991
433.203
433.415
433.624
433.85
434.291
434.734
435.148
435.537
435.922
436.518
437.206
438.014
438.784
439.523
440.342
440.362
441.116
441.996
442.842
443.654
444.43
445.174
445.882
446.558
446.321
446.777
447.369
447.05
446.757
447.054
446.792
447.038
447.484
447.9
448.291
448.652
448.983
449.291
449.576
449.839
450.078
449.527
449.586
449.773
449.929
450.059
449.399
449.427
449.507
448.811
448.645
448.674
447.928
447.774
447.724
447.646
447.548
447.542
447.644
446.882
446.809
446.845
446.85
446.835
446.8
446.742
446.668
446.568
446.453
445.639
445.375
445.218
445.031
444.845
444.648
444.443
444.225
443.226
442.881
442.65
442.399
442.157
441.917
441.672
441.434
441.194
440.95
440.713
440.485
440.257
440.061
439.877
439.705
439.54
439.384
438.549
438.398
438.555
438.719
438.893
439.067
439.236
439.394
439.565
439.903
439.572
439.817
440.168
439.791
439.456
440.048
440.82
441.592
441.704
442.391
443.306
444.182
445.025
445.839
446.616
447.35
448.054
448.73
449.372
449.986
450.565
451.11
451.626
452.11
452.559
452.976
453.36
452.993
453.195
453.51
453.795
454.056
454.29
454.5
454.686
454.846
454.977
455.091
455.181
455.252
455.298
455.322
455.32
455.299
455.255
455.191
455.077
454.962
454.828
454.665
453.752
453.475
453.247
453.06
453.043
453.002
452.109
451.913
451.822
451.711
451.582
451.429
451.261
450.272
449.286
448.974
448.768
448.548
447.652
447.156
446.918
446.669
446.412
445.38
445.013
444.761
444.507
444.255
444.009
443.761
442.772
442.379
442.164
441.969
441.791
441.622
441.455
441.296
440.402
440.216
440.357
440.51
440.675
440.846
441.012
441.176
441.348
441.668
442.078
441.723
441.9
441.514
441.8
442.353
442.88
443.524
444.447
445.399
445.492
446.193
447.05
447.87
448.653
449.398
450.112
450.791
450.642
451.012
450.823
451.154
451.702
452.218
452.696
453.147
453.563
453.939
454.282
454.606
454.892
455.153
455.386
455.589
455.764
455.098
455.154
454.52
454.387
454.455
454.498
454.52
454.521
454.499
453.699
452.839
452.567
452.492
452.395
451.542
451.276
451.137
450.982
450.103
449.845
449.636
448.713
448.284
448.032
447.758
446.784
446.351
446.091
445.331
445.193
445.103
444.996
444.072
443.828
443.694
442.874
441.869
441.664
440.727
439.676
439.359
439.215
439.067
438.917
438.759
437.92
437.718
437.58
436.681
436.392
436.28
435.514
435.3
435.211
435.203
435.405
435.602
435.817
436.038
436.261
435.014
434.993
435.223
435.447
435.74
436.213
435.95
435.451
435.699
436.139
435.944
436.457
436.105
436.604
437.284
438.084
439.054
440.033
440.97
441.872
442.737
443.565
444.359
445.119
445.839
446.524
446.274
446.67
447.267
447.832
448.364
448.859
449.324
449.757
450.163
450.539
449.282
449.303
448.855
448.986
449.246
449.473
449.669
449.09
449.008
449.128
449.227
449.302
449.349
449.365
449.359
448.603
448.353
448.301
447.491
446.548
446.338
446.239
446.125
445.995
445.844
445.676
445.496
445.3
445.092
444.866
444.626
444.355
444.072
443.781
443.52
443.463
443.39
443.307
443.216
443.112
442.995
442.872
442.745
442.61
442.475
442.334
441.414
441.119
440.979
440.136
439.935
439.791
438.863
437.945
437.63
437.484
437.431
437.577
437.042
436.382
436.467
436.647
436.835
437.034
436.536
436.617
436.818
437.029
436.478
436.638
436.987
437.433
437.149
437.385
437.908
438.552
439.154
439.719
440.278
440.163
440.914
440.944
441.638
442.553
443.429
444.269
445.07
445.834
446.559
447.25
447.91
448.532
448.317
448.719
449.255
449.755
450.228
450.664
451.068
451.44
451.783
452.089
452.363
452.61
452.13
452.26
451.742
451.824
451.947
452.042
452.11
451.476
451.372
451.367
451.338
451.291
451.22
451.127
451.007
450.117
449.839
449.683
449.507
449.321
449.117
448.9
448.666
448.422
448.167
447.899
447.619
446.667
446.252
445.944
445.604
445.269
444.939
444.784
444.682
444.578
444.458
444.329
444.199
444.057
443.905
443.743
442.898
442.533
442.361
441.504
440.531
440.319
440.184
440.048
439.91
439.77
439.638
438.899
438.924
439.087
437.74
437.788
437.324
437.365
437.585
437.806
437.268
436.507
435.768
435.065
435.338
435.824
435.747
436.259
436.947
437.613
438.242
438.836
439.415
440.185
440.945
441.792
442.74
443.652
444.526
445.364
445.353
445.152
445.82
446.534
447.207
447.851
448.459
448.171
448.577
449.102
449.595
450.053
450.483
450.019
449.449
449.606
449.934
450.238
449.056
449.053
449.28
449.479
448.955
448.901
448.283
447.63
447.58
447.618
447.657
447.666
447.646
447.603
447.535
446.757
446.462
446.342
446.199
446.041
445.865
445.68
445.477
445.266
445.038
444.794
444.54
443.58
443.189
442.923
441.946
441.601
441.316
441.02
440.704
440.374
439.358
438.932
438.858
438.779
437.884
437.568
437.489
437.399
436.658
435.541
435.309
435.242
434.379
434.233
434.178
433.465
433.21
432.484
432.356
431.795
431.368
431.568
431.837
432.107
432.392
431.908
431.275
430.66
430.788
431.087
431.401
431.899
432.436
432.961
432.714
432.506
433.114
433.821
434.492
435.14
434.312
435.015
435.853
436.845
437.855
438.828
439.767
440.666
441.528
442.35
443.136
442.993
443.449
444.139
444.792
445.413
445.995
446.545
447.055
447.534
447.978
447.634
447.803
448.169
448.51
448.812
449.082
449.322
448.776
448.757
448.925
448.321
448.289
448.382
448.443
447.774
446.997
446.923
446.901
445.563
444.602
444.333
443.55
443.31
443.177
443.025
442.858
441.995
440.387
439.307
438.919
438.707
438.48
437.564
437.266
437.033
436.794
436.553
436.309
436.056
435.11
434.748
434.509
433.6
433.196
432.957
432.716
432.464
432.211
431.99
431.994
431.982
431.974
431.962
431.95
431.928
431.896
430.491
428.888
428.122
428.28
428.564
428.066
428.302
428.608
428.927
428.46
428.614
428.956
428.5
428.725
427.502
427.696
427.252
427.413
426.328
426.501
427.247
428.073
428.867
429.635
430.516
431.461
432.39
433.5
434.597
435.649
435.787
436.643
437.603
437.658
435.903
436.075
436.943
437.777
437.672
438.272
438.173
438.71
439.385
439.267
439.809
439.61
439.896
439.556
439.895
440.356
440.78
440.397
440.435
440.779
441.1
440.62
440.664
440.903
441.116
440.539
440.627
440.764
440.876
440.954
440.267
440.082
440.092
440.081
439.283
438.441
438.3
437.465
437.284
437.151
436.349
436.013
435.835
435.642
435.437
434.565
434.276
433.387
432.976
432.738
432.498
432.255
432.018
431.776
431.541
431.308
431.077
430.848
429.345
428.222
427.904
427.714
427.531
427.356
427.185
427.006
426.174
425.823
425.013
424.98
425.333
425.679
425.366
424.974
425.265
425.63
425.993
426.361
425.911
426.109
425.767
425.257
425.657
426.304
426.226
426.668
426.572
427.055
426.847
427.299
427.857
428.409
429.168
429.127
429.856
430.794
431.697
432.615
432.835
433.752
433.859
434.781
435.742
436.675
437.566
438.418
439.239
440.015
440.755
441.461
442.127
442.756
443.351
443.907
444.429
444.109
443.607
443.915
444.324
444.698
443.581
442.903
442.233
442.305
441.796
441.889
442.106
442.298
442.462
441.875
441.81
441.899
441.951
441.983
441.986
441.964
441.914
441.839
441.719
441.598
440.159
439.627
439.458
439.269
439.058
438.831
437.281
436.917
436.671
436.418
436.16
435.896
435.629
435.356
435.081
434.808
434.543
434.281
433.358
432.907
431.99
431.595
431.364
431.13
430.895
430.649
430.406
429.587
428.787
428.649
428.69
427.921
427.61
427.669
427.867
426.709
426.69
426.346
425.823
426.051
426.412
425.965
426.263
426.627
426.992
426.551
426.227
426.616
427.223
426.978
427.42
428.251
429.061
429.027
429.614
430.359
431.059
431.725
432.406
433.349
434.446
434.579
434.682
435.371
436.346
437.279
438.169
439.025
439.841
440.616
440.543
441.178
441.859
442.505
443.112
443.676
444.213
444.694
445.161
444.789
445.123
445.507
445.857
446.174
445.655
445.116
445.208
445.427
445.616
445.775
445.905
446.004
445.326
444.411
444.311
444.327
444.312
443.52
443.4
442.59
442.304
442.193
442.058
441.905
441.727
440.863
440.549
440.331
440.107
439.873
439.629
439.385
439.135
438.882
438.619
438.354
438.086
436.51
436.115
435.864
434.911
433.795
433.428
433.18
432.922
432.664
431.723
431.528
431.539
431.542
431.543
431.539
431.542
430.849
430.779
430.775
430.092
429.325
429.437
429.724
430.019
430.315
430.622
430.942
431.266
431.594
431.916
432.229
432.522
432.821
433.29
434.026
434.803
435.561
436.293
436.993
437.639
438.277
438.025
438.846
439.907
440.926
441.912
442.859
443.767
444.64
445.472
446.267
447.024
447.748
448.431
449.08
448.843
449.351
449.906
450.425
450.897
451.346
451.76
452.14
451.684
451.931
452.228
452.491
452.723
451.372
451.296
451.467
451.602
451.703
451.78
451.071
450.891
450.9
450.876
450.829
450.04
449.818
449.031
448.836
448.681
447.805
446.917
446.528
445.621
445.269
445.032
444.777
444.512
444.24
443.956
443.661
443.362
442.368
441.947
441.642
441.331
440.339
439.368
438.329
437.184
436.224
435.733
434.138
433.586
433.297
432.47
431.779
430.281
429.911
428.568
428.226
428.241
428.264
428.28
428.294
428.332
428.374
427.764
427.643
427.701
427.765
427.83
427.946
428.279
428.609
428.94
428.605
429.021
428.78
428.283
428.611
429.214
429.804
428.788
429.219
428.927
429.286
430.06
431.006
431.965
432.88
433.756
433.69
433.7
434.674
435.688
435.757
436.455
437.373
438.256
439.097
439.027
439.72
440.461
440.302
440.749
441.397
441.142
441.582
442.148
442.683
442.342
442.737
443.184
443.597
443.984
444.332
443.85
443.349
443.497
443.028
443.198
443.399
443.567
443.703
443.806
443.884
443.167
443.08
443.09
443.072
442.292
441.503
440.482
439.473
438.558
438.345
437.526
436.696
436.525
436.408
436.278
436.131
435.249
434.39
434.08
433.919
433.06
432.822
432.635
432.437
432.222
431.991
431.757
431.644
430.984
430.342
430.282
430.276
430.269
430.256
429.56
428.735
428.592
427.91
427.241
427.167
427.164
426.503
426.338
426.337
425.654
425.56
425.588
424.839
423.873
424.117
424.474
424.842
425.212
425.592
423.767
423.07
422.574
422.887
422.506
422.712
423.341
423.962
424.719
425.537
426.33
427.209
428.191
429.128
430.03
430.941
432.036
433.089
434.105
435.085
436.022
436.919
436.876
437.62
438.418
438.376
438.92
438.828
439.388
439.16
439.707
438.651
439.088
439.644
440.163
440.645
440.257
440.55
440.957
441.33
441.675
441.968
442.248
442.496
442.709
442.892
443.049
442.375
441.685
441.705
441.772
441.062
440.884
440.885
440.103
439.939
439.139
439.02
438.242
437.383
437.107
437.01
436.188
435.951
435.826
435.687
435.54
434.667
433.73
433.394
433.225
433.046
432.146
431.127
430.235
429.981
429.834
429.887
429.257
427.943
427.611
426.986
426.915
426.967
426.22
426.19
426.243
424.814
424.444
424.497
424.536
423.889
423.688
422.474
422.21
422.391
422.057
422.199
422.521
422.834
423.147
423.461
423.77
422.582
422.124
422.649
421.795
421.952
421.84
422.294
422.035
422.439
422.179
422.659
422.478
422.805
423.314
423.973
424.677
424.616
425.354
426.224
427.07
427.108
427.895
428.895
429.853
430.777
431.664
432.517
432.41
432.277
432.077
431.961
432.495
433.184
432.938
433.418
434.029
433.002
433.368
433.016
432.438
432.712
433.173
433.602
434.003
434.376
434.716
434.256
434.472
434.736
434.974
435.185
434.637
434.664
434.814
434.126
434.172
433.559
433.592
433.664
433.712
433.741
433.758
432.277
431.316
431.244
431.229
431.188
431.138
430.37
430.117
430.04
429.95
429.129
428.959
428.846
428.72
427.932
427.872
427.991
428.102
428.201
428.293
428.374
428.449
428.524
428.594
427.99
427.871
427.917
427.955
428.002
428.253
428.517
428.771
429.019
429.257
429.463
429.677
429.876
430.063
430.242
429.755
430.075
430.506
430.934
430.664
430.888
430.607
430.318
430.609
431.017
430.631
430.967
431.363
431.741
432.097
432.45
432.954
433.512
434.046
433.734
433.369
433.797
434.494
435.149
435.777
436.422
437.244
438.029
438.777
439.489
440.172
440.819
441.431
441.143
441.535
442.06
442.553
443.014
443.445
443.001
443.177
443.528
443.85
444.142
444.402
444.636
443.979
443.418
443.37
443.529
443.668
443.779
443.865
443.937
443.985
444.014
444.029
444.03
443.222
443.001
442.969
442.921
442.858
442.782
442.694
442.593
442.478
442.347
442.201
442.035
441.856
441.663
440.751
440.731
440.768
440.806
440.835
439.466
438.28
438.179
438.203
438.222
438.229
437.541
437.466
437.44
437.404
437.445
436.98
437.067
436.59
436.717
436.894
437.058
437.206
437.343
436.669
436.609
436.707
435.523
435.678
436.026
436.363
436.023
436.158
436.462
436.759
436.307
435.69
435.818
435.255
434.558
434.782
435.072
435.353
435.616
435.862
436.102
436.513
436.965
437.392
436.973
437.354
437.993
437.718
438.173
438.748
439.294
439.801
440.27
440.714
441.198
440.067
439.53
439.983
439.645
440.043
440.58
441.084
441.558
442
442.41
442.792
443.145
443.472
442.246
442.343
442.612
442.062
441.328
441.352
441.55
440.944
440.964
441.112
441.239
441.346
441.439
441.513
440.76
440.616
440.657
440.694
440.714
440.715
440.7
439.9
439.796
439.736
438.881
438.576
438.479
438.484
438.615
438.734
438.843
438.113
437.286
437.2
437.287
437.361
437.426
437.479
437.512
437.528
437.527
437.519
437.553
437.781
437.994
438.197
437.605
437.72
437.892
438.05
438.197
437.621
437.55
437.653
436.38
436.22
436.307
436.456
436.792
437.117
437.436
437.001
437.17
437.464
437.753
438.025
438.292
437.875
438.073
438.32
438.555
438.771
438.965
438.372
438.394
438.537
438.903
439.502
440.087
439.842
439.566
439.946
440.476
440.981
440.663
441.045
440.755
440.962
440.533
440.667
441.016
440.57
440.723
441.162
441.674
442.151
442.601
443.016
443.402
443.76
444.091
444.398
444.679
444.168
444.333
444.548
444.738
444.905
445.059
445.189
445.295
445.385
445.455
444.769
444.606
444.643
444.672
444.68
444.676
444.66
444.63
444.591
444.534
443.687
441.96
441.529
441.448
441.37
441.449
441.597
441.731
441.166
441.203
439.952
439.677
439.758
439.821
439.878
439.915
439.215
439.151
438.449
438.474
438.722
438.951
438.482
438.559
438.058
437.363
436.725
436.145
435.332
435.252
435.406
435.541
435.653
435.751
435.187
435.432
435.765
436.087
436.395
436.688
436.981
437.26
437.523
437.044
437.232
437.48
437.725
437.957
438.177
438.382
438.568
438.732
438.88
439.108
438.777
439.047
439.383
439.919
440.462
440.98
441.467
441.932
442.372
442.788
443.192
442.7
442.829
442.363
442.536
442.856
443.144
443.4
443.621
443.822
444.124
444.535
444.088
444.286
444.624
444.932
445.221
445.479
445.711
445.923
446.111
446.284
446.442
445.794
445.762
445.884
445.985
446.073
446.141
446.191
445.482
444.588
444.491
444.506
444.496
444.48
444.44
444.38
444.305
444.225
444.316
444.457
444.588
443.954
443.971
444.078
444.168
444.242
444.305
444.352
444.382
444.392
444.381
444.367
444.453
444.673
444.165
444.185
444.349
444.517
444.663
444.789
444.906
445.003
445.074
445.126
445.16
445.188
445.39
445.64
445.867
446.094
446.311
446.514
446.706
446.895
447.074
447.241
447.398
447.549
447.691
447.824
447.94
448.039
448.119
447.499
447.361
446.641
446.551
446.761
446.998
447.241
446.743
446.936
446.509
446.682
447.087
446.635
446.192
446.49
446.14
446.391
446.694
445.479
445.359
445.622
445.85
445.25
445.39
445.574
445.043
444.218
444.168
444.279
443.591
442.903
443.094
442.549
441.983
442.178
442.431
441.859
441.284
441.373
441.57
440.946
441.022
441.175
441.31
440.686
440.611
440.711
440.81
440.894
440.13
440.124
439.472
439.444
439.485
438.779
438.606
437.837
437.721
437.981
438.23
437.773
437.098
437.238
437.429
436.789
436.765
436.061
436.262
436.655
437.04
437.407
437.069
437.213
437.526
437.812
438.094
438.358
437.784
437.949
437.404
437.531
437.691
437.838
438.075
438.441
438.004
437.583
437.837
438.145
438.433
438.708
438.216
437.434
437.528
437.113
437.243
437.493
437.731
437.264
436.616
436.659
436.132
435.512
435.597
435.77
435.92
436.068
436.193
436.294
436.364
436.413
436.451
436.643
436.895
437.133
437.348
437.544
437.723
437.891
438.042
438.18
438.305
438.412
438.512
437.895
437.902
437.974
438.025
438.067
438.098
437.422
437.19
437.194
436.462
436.375
436.34
436.289
436.232
436.279
436.454
436.617
436.769
436.029
436.092
435.415
435.494
435.632
435.767
435.202
435.128
435.273
434.642
434.719
434.101
434.169
433.487
432.655
432.094
432.106
431.409
430.659
430.962
431.305
431.62
431.945
432.458
433
433.516
434.012
434.496
434.965
435.417
435.856
436.278
436.681
436.3
436.481
436.846
437.194
437.521
437.147
437.374
437.637
437.876
438.1
437.581
437.855
438.28
437.835
438.06
438.432
438.78
439.111
439.416
439.703
439.971
440.228
440.469
440.48
439.934
440.081
440.271
439.836
439.817
439.224
439.227
439.352
439.455
439.539
439.597
439.606
439.62
439.707
439.942
440.153
440.341
440.51
439.841
439.215
439.279
439.393
439.491
439.572
439.336
439.228
439.11
439.023
439.041
439.048
439.042
439.025
438.999
438.282
438.119
438.071
438.023
437.959
437.9
437.838
437.154
436.917
436.845
436.487
436.175
436.096
436.043
436.067
436.18
436.358
436.539
436.712
436.881
437.046
437.206
436.345
436.364
436.362
436.414
436.518
436.605
436.772
437.073
437.374
437.855
438.186
438.609
439.09
439.549
439.995
440.42
440.022
440.309
440.702
441.083
441.449
441.8
442.131
442.446
442.742
443.018
443.27
442.748
442.79
442.997
443.378
443.787
444.167
444.525
444.857
445.146
445.433
445.7
445.11
445.281
445.498
444.987
444.416
444.399
444.576
444.737
444.882
445.012
445.129
445.22
445.302
445.362
445.414
445.45
445.462
445.443
445.399
445.342
445.359
444.836
444.298
443.615
443.06
442.995
443.101
443.183
443.244
443.289
443.316
443.324
443.32
443.298
443.263
443.213
443.149
443.073
442.983
442.886
442.113
441.937
441.83
441.719
441.602
441.485
441.363
441.02
440.131
439.941
439.834
439.73
439.628
439.515
439.404
439.305
439.333
439.494
439.649
438.965
438.927
438.271
438.231
438.38
438.511
437.825
437.814
437.922
438.236
438.544
438.877
439.409
439.917
440.405
440.887
441.348
441.767
442.192
441.813
442.031
442.416
442.79
443.145
443.477
443.799
444.1
443.509
443.442
443.709
443.947
444.162
444.363
444.708
444.244
444.464
444.844
445.201
445.53
445.842
446.128
446.396
446.647
446.877
447.092
447.289
447.467
447.625
447.025
446.97
447.095
447.204
447.116
445.739
445.52
445.587
445.624
444.906
444.723
444.715
444.869
445.067
445.246
445.405
445.543
445.662
445.759
445.83
445.882
445.695
445.537
445.543
445.533
445.335
445.29
445.234
444.387
443.28
442.966
442.878
441.805
441.439
441.343
441.24
440.514
440.331
440.215
440.101
439.987
439.869
439.758
439.651
439.547
439.448
439.355
439.267
439.178
439.064
438.311
438.105
438.164
438.343
438.515
438.682
438.836
438.975
439.094
438.48
438.437
438.506
438.57
438.665
438.804
438.994
439.165
439.345
439.517
439.674
439.8
439.956
440.112
440.265
440.397
440.538
440.672
440.8
440.915
441.015
441.105
441.095
441.142
441.229
441.378
441.515
441.641
441.403
441.269
441.386
441.492
441.608
441.722
441.827
441.919
442.024
442.127
442.23
442.328
442.428
442.532
442.632
442.719
442.804
442.858
442.908
442.927
442.664
442.639
442.681
442.714
442.749
442.781
442.807
442.828
442.847
442.864
442.876
442.885
442.894
442.893
442.899
442.904
442.907
442.915
442.927
442.942
442.964
442.991
443.032
443.072
443.127
443.191
443.259
443.333
443.413
443.495
443.573
443.646
443.704
443.755
443.88
444.234
444.573
444.907
445.228
445.543
445.85
446.145
446.431
446.705
446.973
447.23
447.477
447.721
447.956
448.175
448.39
448.597
448.795
448.986
449.17
449.347
449.517
449.675
449.825
449.97
450.108
450.235
450.354
450.461
450.564
450.627
450.65
450.721
450.788
450.851
450.907
450.957
450.743
450.698
450.726
450.748
450.763
450.771
450.768
450.765
450.756
450.743
450.72
450.695
450.668
450.634
450.6
450.564
450.521
450.476
450.429
450.382
450.071
449.941
449.886
449.832
449.774
449.715
449.652
449.291
449.086
449.029
448.974
448.919
448.874
448.835
448.801
448.774
448.753
448.741
448.729
448.713
448.721
448.73
448.752
448.388
448.18
448.209
448.231
448.24
448.242
448.276
448.581
448.88
449.172
449.452
449.723
449.986
450.242
450.489
450.723
450.943
451.16
451.358
451.554
451.749
451.938
452.118
452.288
452.452
452.606
452.753
452.89
453.023
453.147
453.264
453.373
453.476
453.57
453.655
453.734
453.803
453.865
453.909
453.937
453.962
453.98
453.992
454.013
454.025
454.029
453.686
453.514
453.503
453.487
453.465
453.436
453.404
453.366
453.322
453.276
453.227
453.173
453.116
453.056
452.991
452.923
452.85
452.413
452.124
452.049
451.971
451.892
451.815
451.736
451.657
451.575
451.494
451.413
451.333
451.258
451.188
450.81
450.595
450.541
450.493
450.462
450.433
450.414
450.401
450.396
450.4
450.406
450.417
450.428
450.431
450.418
450.403
450.463
450.748
451.025
451.292
451.551
451.802
452.047
451.875
451.891
452.118
452.339
452.548
452.748
452.939
453.122
453.302
453.472
453.634
453.788
453.934
454.067
454.197
454.32
454.437
454.546
454.647
454.74
454.826
454.903
454.972
454.71
454.367
454.417
454.448
454.47
454.502
454.532
454.553
454.567
454.574
454.571
454.564
454.544
454.519
454.488
454.449
454.406
454.361
454.311
454.257
454.198
454.135
454.07
454.003
453.929
453.852
453.765
453.364
452.971
452.895
452.814
452.729
452.645
452.56
452.473
452.383
452.293
452.201
452.114
452.026
451.948
451.872
451.802
451.74
451.678
451.629
451.585
451.551
451.528
451.512
451.504
451.499
451.496
451.496
451.488
451.459
451.437
451.415
