4.48796
8.10125
20.7253
19.3847
18.3965
17.3487
15.5823
13.9966
12.6528
13.4122
13.2245
13.1237
12.9095
12.6519
12.3834
12.1328
11.9174
11.7522
11.637
11.5603
11.5563
11.5918
11.669
11.7272
11.7742
11.8191
11.8821
11.9659
12.0454
12.1238
12.2278
12.345
12.4905
12.6298
12.7609
12.8882
12.9961
13.0843
13.1437
13.1828
13.2175
13.2175
13.1998
13.1684
13.1491
13.1302
13.1233
13.122
13.1113
13.0946
13.0762
13.0523
13.0183
12.9813
12.9417
12.9097
12.8795
12.8732
12.8757
12.8969
12.9284
12.9724
13.0348
13.1136
13.1975
13.2795
13.3505
13.4105
13.4462
13.4734
13.4844
13.4951
13.4957
13.5136
13.5237
13.5256
13.5175
13.4964
13.4793
13.46
13.4398
13.4186
13.3808
13.3338
13.2914
13.251
13.2174
13.192
13.1811
13.1701
13.1679
13.1694
13.1711
13.1742
13.1805
13.1804
13.1992
13.2279
13.2337
13.2584
13.2861
13.3108
13.3318
13.3399
13.3501
13.3555
13.3512
13.3463
13.3287
13.3108
13.2902
13.2669
13.2493
13.2371
13.2248
13.2096
13.1907
13.1798
13.1773
13.1772
13.1753
13.1965
13.2179
13.2356
13.2477
13.2548
13.2579
13.2558
13.2492
13.247
13.2418
13.2349
13.2345
13.2335
13.2383
13.2431
13.2532
13.2733
13.2904
13.3102
13.3204
13.3288
13.3383
13.35
13.3575
13.3548
13.3462
13.3362
13.329
13.3183
13.305
13.2866
13.2684
13.2539
13.2453
13.2413
13.2424
13.2367
13.2379
13.2516
13.2743
13.3029
13.3333
13.3656
13.3945
13.4203
13.4368
13.4462
13.4491
13.451
13.4426
13.428
13.4091
13.3992
13.3917
13.3857
13.3789
13.381
13.3846
13.3796
13.3716
13.3661
13.365
13.3676
13.3723
13.3762
13.3776
13.3808
13.3909
13.3973
13.401
13.4015
13.4027
13.4017
13.4029
13.4056
13.4083
13.416
13.4197
13.4227
13.4238
13.4229
13.4214
13.4173
13.4162
13.4214
13.4279
13.4372
13.4412
13.4431
13.4452
13.4468
13.4435
13.4386
13.4273
13.4202
13.4128
13.41
13.4076
13.4102
13.4145
13.4196
13.43
13.4451
13.4584
13.4643
13.4662
13.4573
13.4446
13.4252
13.415
13.409
13.3965
13.3865
13.3809
13.3768
13.3666
13.358
13.3548
13.3547
13.3575
13.3641
13.3748
13.386
13.3984
13.4128
13.425
13.4389
13.4519
13.462
13.467
13.4712
13.4737
13.4732
13.4734
13.4756
13.4774
13.4773
13.4744
13.4686
13.4615
13.4507
13.4385
13.4273
13.4149
13.4047
13.3942
13.3854
13.3786
13.3723
13.3662
13.3624
13.363
13.3632
13.3661
13.37
13.3746
13.3811
13.3897
13.3975
13.4117
13.4206
13.4279
13.4336
13.4371
13.4403
13.4415
13.4269
13.3833
13.3298
13.2724
13.2084
13.1402
13.084
13.0295
12.9779
12.9291
12.878
12.8276
12.7869
12.7374
12.6925
12.6462
12.6012
12.5537
12.5015
12.4527
12.4038
12.356
12.3121
12.253
12.206
12.1635
12.1193
12.0761
12.0329
11.9893
11.9455
11.9037
11.8629
11.8282
11.7947
11.7448
11.707
11.6679
11.6286
11.5938
11.5579
11.5201
11.4831
11.4476
11.42
11.3909
11.3517
11.3177
11.2832
11.2474
11.2177
11.1855
11.1495
11.1173
11.0811
11.0499
11.0214
10.9969
10.9689
10.9395
10.908
10.8778
10.8512
10.8278
10.8022
10.7769
10.753
10.7294
10.7065
10.6819
10.6603
10.6367
10.6132
10.5889
10.5637
10.5439
10.5257
10.5089
10.4934
10.481
10.4678
10.4549
10.4448
10.435
10.4246
10.4132
10.4047
10.3979
10.3891
10.3819
10.3749
10.3659
10.3465
10.3288
10.3105
10.2911
10.2703
10.2508
10.2325
10.2148
10.1928
10.172
10.1499
10.1321
10.118
10.1035
10.0887
10.0715
10.0537
10.0346
10.0147
9.99677
9.97742
9.95925
9.94472
9.92875
9.91289
9.89646
9.88185
9.86824
9.85395
9.8406
9.82555
9.80923
9.79597
9.78017
9.76208
9.74383
9.72539
9.70757
9.68998
9.67281
9.65904
9.64411
9.62804
9.6159
9.5938
9.5725
9.55582
9.53938
9.52675
9.51211
9.49941
9.48825
9.47917
9.46859
9.45483
9.44659
9.43619
9.43082
9.43434
9.43897
9.44152
9.44214
9.43892
9.432
9.42926
9.42618
9.42079
9.41616
9.41096
9.40434
9.39683
9.38953
9.38048
9.37151
9.36194
9.35231
9.34152
9.33279
9.32431
9.3145
9.30497
9.29963
9.29951
9.29161
9.2837
9.27972
9.27679
9.2752
9.27179
9.26814
9.25769
9.25008
9.24417
9.23973
9.23462
9.22859
9.22176
9.21723
9.20922
9.20006
9.19323
9.17826
9.16119
9.14051
9.12248
9.10266
9.08544
9.06816
9.05281
9.03738
9.02341
9.00879
8.99454
8.98356
8.97119
8.95472
8.94047
8.92529
8.91576
8.90724
8.90086
8.8909
8.88267
8.87468
8.87103
8.86946
8.86867
8.86985
8.8721
8.87361
8.87093
8.8582
8.84992
8.84183
8.83432
8.82537
8.81966
8.81187
8.80186
8.78994
8.77744
8.76882
8.75942
8.74525
8.7274
8.71275
8.7003
8.68881
8.68064
8.67236
8.66263
8.64885
8.63636
8.62489
8.61401
8.59821
8.58668
8.57713
8.56748
8.55727
8.5478
8.54003
8.53172
8.5245
8.51859
8.51057
8.5037
8.49674
8.49019
8.4833
8.47666
8.46467
8.45956
8.45462
8.45473
8.45455
8.45223
8.44756
8.44061
8.43423
8.42816
8.41596
8.40483
8.3998
8.39328
8.38344
8.37583
8.36518
8.35469
8.35057
8.34769
8.34616
8.34654
8.34654
8.34751
8.34926
8.35187
8.35363
8.35629
8.35934
8.35939
8.35571
8.35334
8.35299
8.34568
8.33967
8.33434
8.33134
8.32572
8.31778
8.30907
8.30166
8.2908
8.28055
8.27048
8.26117
8.25473
8.24838
8.24129
8.23437
8.2257
8.21703
8.20826
8.19653
8.18843
8.17994
8.17199
8.1639
8.15984
8.15963
8.16064
8.16033
8.15657
8.15037
8.14218
8.13176
8.12716
8.12434
8.11878
8.11234
8.10914
8.10639
8.10304
8.10131
8.09694
8.09205
8.08976
8.08787
8.08682
8.08647
8.0867
8.08779
8.08762
8.08572
8.08635
8.08875
8.09088
8.08838
8.08709
8.08662
8.08545
8.07873
8.07577
8.07256
8.06351
8.05823
8.05219
8.04805
8.04472
8.038
8.03328
8.0287
8.02622
8.02695
8.02749
8.03259
8.03717
8.04165
8.04564
8.05072
8.05332
8.05587
8.05666
8.0551
8.05432
8.05086
8.04696
8.04316
8.04181
8.04323
8.04578
8.05081
8.05636
8.05571
8.04954
8.04325
8.03502
8.02653
8.01594
8.00963
8.00625
8.00504
7.99972
7.99387
7.99001
7.98461
7.98151
7.97334
7.96265
7.95185
7.93954
7.92703
7.91773
7.90978
7.89567
7.88412
7.87585
7.86933
7.86331
7.85816
7.85286
7.84675
7.84045
7.83589
7.83299
7.8319
7.82962
7.82767
7.82631
7.82891
7.83594
7.83816
7.83498
7.83178
7.83121
7.82935
7.83132
7.83451
7.83666
7.84237
7.84839
7.85455
7.86365
7.87257
7.88004
7.88975
7.90088
7.91085
7.92084
7.93021
7.93828
7.94549
7.94657
7.94272
7.94389
7.94508
7.94279
7.94007
7.93737
7.93533
7.93127
7.92654
7.91887
7.91015
7.90318
7.8974
7.89127
7.88766
7.88673
7.88786
7.89036
7.88987
7.88573
7.88154
7.87333
7.86919
7.86137
7.85881
7.85295
7.84644
7.83947
7.83286
7.82624
7.81942
7.80888
7.802
7.79514
7.79075
7.78703
7.78599
7.78713
7.78772
7.78999
7.7928
7.79221
7.78794
7.78466
7.78378
7.78468
7.7859
7.78763
7.79088
7.79576
7.80118
7.80585
7.81178
7.81772
7.82283
7.82543
7.82779
7.82945
7.82903
7.82799
7.83076
7.83226
7.83149
7.82829
7.83037
7.83422
7.8352
7.83839
7.84049
7.84781
7.85381
7.85647
7.85621
7.85251
7.85023
7.84762
7.84387
7.84058
7.83592
7.83152
7.82603
7.82278
7.81909
7.81483
7.80927
7.80408
7.80294
7.80516
7.80666
7.79874
7.78734
7.78125
7.77145
7.76048
7.74661
7.73507
7.72759
7.71947
7.71175
7.70097
7.69179
7.68224
7.67082
7.65841
7.64406
7.63329
7.62018
7.60447
7.58814
7.57337
7.55956
7.54665
7.53462
7.52392
7.51464
7.51286
7.50297
7.49797
7.4934
7.49103
7.48504
7.48247
7.47781
7.47846
7.48765
7.49814
7.5084
7.51818
7.52893
7.53841
7.54857
7.55519
7.5616
7.57084
7.58159
7.59088
7.603
7.61421
7.61977
7.62651
7.63182
7.64066
7.64613
7.65285
7.66109
7.66128
7.66402
7.66524
7.66597
7.66703
7.66573
7.67101
7.67351
7.67149
7.67163
7.67045
7.66937
7.66712
7.66239
7.65595
7.64962
7.64298
7.63527
7.6273
7.62144
7.60829
7.59784
7.58649
7.57404
7.56144
7.54958
7.53385
7.52599
7.51383
7.50637
7.49866
7.4898
7.47372
7.46604
7.4605
7.45762
7.45524
7.45317
7.45054
7.44901
7.44894
7.44844
7.44206
7.43526
7.43914
7.4399
7.43589
7.43489
7.43697
7.44337
7.45297
7.46155
7.47226
7.48009
7.47876
7.48173
7.48872
7.498
7.51357
7.52607
7.53721
7.55123
7.56499
7.57683
7.58691
7.59635
7.60894
7.61173
7.61833
7.6264
7.63596
7.64556
7.65333
7.66217
7.66861
7.67449
7.68294
7.68722
7.69624
7.703
7.70744
7.70953
7.70867
7.70854
7.71064
7.70828
7.70651
7.70525
7.70335
7.70049
7.6923
7.68563
7.68098
7.68081
7.68264
7.68058
7.6786
7.67527
7.67229
7.67021
7.66837
7.66229
7.65866
7.65556
7.65365
7.65101
7.65051
7.64841
7.64521
7.64644
7.64839
7.65013
7.65291
7.65721
7.65972
7.65935
7.65638
7.65637
7.65728
7.65631
7.65926
7.66293
7.66906
7.67488
7.6822
7.6891
7.69216
7.69768
7.70111
7.70495
7.70889
7.71571
7.72258
7.72879
7.73201
7.73548
7.73975
7.74438
7.74884
7.75146
7.75325
7.75372
7.75419
7.75378
7.7529
7.75309
7.75342
7.75519
7.75617
7.75752
7.75927
7.75971
7.7604
7.75836
7.76016
7.75475
7.7587
7.76304
7.76566
7.76892
7.77187
7.77232
7.77369
7.77422
7.77375
7.77289
7.77161
7.76633
7.76013
7.754
7.74887
7.74445
7.73781
7.73101
7.71779
7.71107
7.70705
7.70462
7.70093
7.69573
7.69091
7.6856
7.68251
7.67955
7.67798
7.6752
7.67484
7.67655
7.67838
7.67954
7.68035
7.67946
7.68006
7.68104
7.68094
7.68035
7.67861
7.67643
7.67311
7.67012
7.66457
7.66004
7.65489
7.65127
7.64708
7.64326
7.64207
7.64286
7.63954
7.63453
7.62335
7.62152
7.61974
7.61374
7.61027
7.60671
7.6033
7.59902
7.59301
7.58178
7.57354
7.56387
7.55365
7.54448
7.53374
7.5261
7.51974
7.51826
7.51312
7.50704
7.49869
7.49184
7.48433
7.47787
7.47269
7.46727
7.46335
7.46177
7.46245
7.46375
7.46502
7.46553
7.46669
7.4691
7.45988
7.46236
7.46573
7.46882
7.4713
7.476
7.48293
7.48825
7.48453
7.48448
7.4889
7.49197
7.49543
7.49634
7.50091
7.50104
7.4988
7.49711
7.50213
7.50744
7.51254
7.51838
7.52394
7.5285
7.53203
7.53447
7.53689
7.52842
7.52702
7.52571
7.52222
7.51976
7.51738
7.51465
7.51232
7.5045
7.50016
7.49707
7.49741
7.49743
7.48352
7.47434
7.46472
7.45619
7.44824
7.44018
7.4312
7.42415
7.41895
7.41383
7.41098
7.40827
7.40597
7.40425
7.40697
7.41111
7.41768
7.41807
7.41511
7.41139
7.40981
7.40877
7.40695
7.4069
7.39905
7.39777
7.3943
7.39231
7.39529
7.3988
7.40184
7.40513
7.41054
7.41509
7.41954
7.41601
7.41201
7.4096
7.41214
7.42093
7.42814
7.43488
7.44331
7.44305
7.44868
7.45224
7.45064
7.45193
7.45415
7.45427
7.45519
7.45556
7.45839
7.45445
7.4524
7.44972
7.44877
7.45012
7.45447
7.457
7.45899
7.46037
7.45851
7.45764
7.45795
7.46002
7.46085
7.46136
7.46072
7.46219
7.46496
7.46331
7.46347
7.46673
7.46332
7.45992
7.45663
7.45601
7.45653
7.45741
7.45823
7.4587
7.46093
7.46379
7.46518
7.46737
7.4719
7.47533
7.47387
7.47196
7.47154
7.47026
7.46423
7.46305
7.46462
7.46652
7.46798
7.46933
7.47072
7.47107
7.47309
7.47256
7.47287
7.47493
7.47151
7.46658
7.4695
7.47368
7.47915
7.48293
7.48273
7.48104
7.48151
7.47337
7.4677
7.46519
7.45993
7.45737
7.45519
7.45381
7.45582
7.45836
7.45992
7.46246
7.46527
7.46876
7.47206
7.47552
7.47819
7.48003
7.48037
7.48131
7.48137
7.48117
7.47892
7.47821
7.47904
7.47948
7.48106
7.48265
7.48412
7.48693
7.4891
7.4815
7.48449
7.48735
7.49138
7.49565
7.50137
7.50827
7.50772
7.50827
7.51218
7.51711
7.52365
7.53014
7.53923
7.54458
7.55074
7.55968
7.56786
7.57387
7.57841
7.58413
7.58733
7.59227
7.59707
7.60223
7.60685
7.61182
7.61738
7.62365
7.62959
7.63638
7.64235
7.64799
7.65429
7.66142
7.66191
7.66504
7.66856
7.67365
7.67874
7.6841
7.68842
7.69007
7.69146
7.69104
7.69415
7.6979
7.70107
7.70267
7.70488
7.7076
7.71196
7.71245
7.71675
7.71854
7.72237
7.72615
7.71879
7.71683
7.72253
7.72822
7.73633
7.74612
7.7553
7.75666
7.75994
7.76338
7.76725
7.76977
7.7721
7.77223
7.77698
7.78258
7.79001
7.80049
7.81117
7.82033
7.82906
7.83757
7.82976
7.83012
7.8324
7.83532
7.83698
7.83794
7.83919
7.83814
7.83646
7.83436
7.83266
7.83155
7.83205
7.83254
7.82662
7.82272
7.8229
7.826
7.83106
7.8329
7.83411
7.83804
7.84801
7.85058
7.85599
7.86104
7.86656
7.87105
7.87224
7.87779
7.88459
7.88755
7.89905
7.91271
7.92546
7.93774
7.94573
7.95481
7.96358
7.97441
7.9861
7.99089
8.00175
8.00664
8.01473
8.02175
8.0271
8.03225
8.03674
8.03864
8.0374
8.03681
8.0344
8.03461
8.03368
8.03198
8.02543
8.02704
8.0266
8.02352
8.01802
8.01002
8.00043
7.99154
7.98173
7.97173
7.96077
7.94851
7.93847
7.93096
7.92499
7.9186
7.91113
7.90457
7.89847
7.89227
7.88554
7.87958
7.87697
7.87839
7.88165
7.88612
7.8928
7.90187
7.91007
7.91873
7.93085
7.94188
7.95362
7.96505
7.97586
7.97577
7.98068
7.98694
7.99925
8.01006
8.02672
8.04204
8.05472
8.06772
8.08123
8.09674
8.11258
8.12726
8.12771
8.1323
8.14617
8.15545
8.16081
8.16681
8.17587
8.17885
8.18308
8.18784
8.19022
8.1958
8.19311
8.1977
8.2038
8.20983
8.2149
8.22149
8.22945
8.23472
8.2381
8.24195
8.24532
8.24847
8.25165
8.25829
8.26511
8.27214
8.27856
8.28548
8.29516
8.29496
8.30075
8.30689
8.31162
8.31651
8.31996
8.3208
8.32134
8.32175
8.32233
8.32223
8.32489
8.32605
8.328
8.33387
8.34004
8.34611
8.34739
8.34486
8.34083
8.33559
8.33443
8.33667
8.33616
8.33562
8.33431
8.33205
8.32543
8.33256
8.33859
8.34102
8.34215
8.33862
8.3346
8.33253
8.33266
8.33416
8.33537
8.33628
8.33937
8.34338
8.34713
8.35324
8.35983
8.36706
8.37437
8.38472
8.38966
8.39007
8.39337
8.40048
8.40453
8.41001
8.4151
8.41986
8.42127
8.42711
8.43294
8.42682
8.42487
8.42096
8.41944
8.41262
8.41382
8.41632
8.41934
8.42106
8.4284
8.43426
8.44445
8.45862
8.47169
8.48833
8.50819
8.52651
8.5429
8.55046
8.54952
8.54513
8.54044
8.53523
8.53125
8.52643
8.51975
8.51392
8.51015
8.50354
8.49788
8.49072
8.4843
8.47763
8.47334
8.46768
8.46087
8.4634
8.46678
8.46787
8.47025
8.46991
8.47721
8.48019
8.48233
8.48626
8.4965
8.49975
8.50755
8.5146
8.52137
8.52926
8.53441
8.54134
8.54904
8.55487
8.56008
8.56137
8.56733
8.57556
8.58619
8.59796
8.60934
8.62233
8.63896
8.65583
8.67175
8.68251
8.69202
8.70165
8.70982
8.71609
8.72325
8.7259
8.72822
8.73516
8.74554
8.75414
8.75954
8.76669
8.77158
8.7783
8.78492
8.7902
8.78288
8.78471
8.7835
8.78223
8.76881
8.75761
8.75102
8.74741
8.7458
8.74601
8.74757
8.74951
8.75565
8.76351
8.77337
8.78559
8.7901
8.80427
8.81952
8.8334
8.84507
8.85732
8.85115
8.85287
8.85449
8.85602
8.85905
8.85777
8.84644
8.84796
8.84942
8.84921
8.85768
8.86526
8.87275
8.87715
8.88058
8.88464
8.88627
8.88642
8.88462
8.8837
8.87977
8.87767
8.87123
8.8691
8.85669
8.85247
8.84821
8.8469
8.84422
8.84181
8.84007
8.83532
8.83418
8.83365
8.83443
8.83459
8.83539
8.83864
8.84103
8.84692
8.85394
8.86067
8.87149
8.88455
8.89586
8.89896
8.90483
8.91267
8.91759
8.9255
8.93295
8.94091
8.95026
8.947
8.94924
8.94736
8.94544
8.94762
8.94374
8.93924
8.93281
8.92639
8.91973
8.9136
8.90559
8.89831
8.89196
8.88651
8.87979
8.87308
8.86876
8.86572
8.86448
8.86479
8.86269
8.86038
8.85678
8.85154
8.85096
8.84947
8.84847
8.84112
8.83502
8.83079
8.82896
8.82977
8.8262
8.82465
8.82407
8.82414
8.82508
8.82826
8.82895
8.82929
8.82991
8.82994
8.82832
8.82722
8.82819
8.82789
8.82837
8.82579
8.82133
8.82253
8.82471
8.827
8.82696
8.82063
8.81983
8.82212
8.82294
8.82516
8.82499
8.82883
8.8349
8.84129
8.84784
8.85316
8.85466
8.86248
8.8693
8.87443
8.87489
8.87338
8.86981
8.86601
8.86079
8.85557
8.85497
8.85187
8.84836
8.84624
8.84435
8.84571
8.84214
8.8356
8.83218
8.82903
8.82451
8.81959
8.81367
8.81292
8.81194
8.80827
8.80089
8.79063
8.78014
8.76738
8.75004
8.73931
8.73249
8.72691
8.71394
8.71295
8.71139
8.71208
8.7135
8.71752
8.72196
8.72877
8.73353
8.73441
8.73861
8.74504
8.74613
8.74824
8.74986
8.75115
8.7529
8.75262
8.75219
8.75095
8.75065
8.7508
8.7508
8.75093
8.75202
8.75302
8.75376
8.75392
8.753
8.75054
8.74722
8.74405
8.74366
8.74275
8.74427
8.74653
8.74882
8.75173
8.75696
8.76133
8.76525
8.7714
8.77798
8.78364
8.78919
8.79519
8.80273
8.80982
8.8156
8.81343
8.81951
8.82479
8.81838
8.81731
8.82167
8.82357
8.82546
8.82651
8.82655
8.82584
8.82465
8.8213
8.81593
8.8115
8.80542
8.79821
8.79106
8.78186
8.7771
8.77317
8.76846
8.76446
8.76447
8.76306
8.76534
8.75773
8.75683
8.75751
8.75753
8.75934
8.76329
8.76256
8.75728
8.75668
8.75336
8.7519
8.75043
8.74398
8.73859
8.73424
8.73154
8.72993
8.72791
8.7267
8.72818
8.73017
8.73429
8.73491
8.72793
8.72702
8.72886
8.73254
8.73626
8.74016
8.74491
8.75174
8.75889
8.76413
8.76819
8.7693
8.77068
8.77057
8.7701
8.76985
8.76863
8.76728
8.76763
8.76691
8.76664
8.76754
8.76896
8.76775
8.76702
8.76858
8.77258
8.77672
8.78127
8.78312
8.78639
8.79076
8.79406
8.79317
8.78542
8.7806
8.77525
8.77191
8.77315
8.77954
8.78734
8.79663
8.80745
8.81893
8.8304
8.84391
8.84832
8.85325
8.85806
8.86149
8.86711
8.87584
8.87936
8.88524
8.89297
8.89727
8.89492
8.90243
8.90406
8.90549
8.90585
8.90771
8.91128
8.9112
8.90058
8.89264
8.88268
8.8736
8.86763
8.86196
8.85669
8.8498
8.8389
8.83109
8.8234
8.81608
8.81494
8.81302
8.8123
8.81167
8.8108
8.80569
8.7994
8.7937
8.78601
8.77919
8.77474
8.76291
8.75199
8.74351
8.73587
8.72837
8.72101
8.7078
8.69815
8.68933
8.68013
8.67139
8.66375
8.65891
8.65234
8.64975
8.65022
8.65101
8.64562
8.64598
8.64913
8.6522
8.65801
8.66859
8.67918
8.67952
8.68631
8.69365
8.70272
8.71337
8.72566
8.73497
8.7459
8.75882
8.7717
8.77777
8.77796
8.79112
8.80492
8.8169
8.82974
8.83273
8.84257
8.84755
8.85237
8.85566
8.86094
8.86575
8.86685
8.86867
8.86992
8.87041
8.86886
8.8587
8.8612
8.86298
8.86353
8.86386
8.85509
8.84763
8.83939
8.83145
8.81935
8.81137
8.80384
8.79497
8.78487
8.77377
8.76105
8.75184
8.74458
8.7371
8.73282
8.71795
8.71751
8.71019
8.70828
8.70739
8.70878
8.71327
8.71973
8.72528
8.72698
8.73277
8.73506
8.73591
8.73655
8.73885
8.73461
8.73679
8.72855
8.73094
8.71993
8.71606
8.72778
8.74056
8.75603
8.77223
8.78788
8.80431
8.82061
8.83774
8.85478
8.86512
8.87834
8.89398
8.9084
8.92218
8.93431
8.94585
8.95616
8.96129
8.96224
8.96252
8.96009
8.95601
8.95387
8.95147
8.94896
8.94712
8.94555
8.94299
8.94137
8.93512
8.91931
8.91512
8.90686
8.89846
8.88262
8.87056
8.86231
8.85482
8.85009
8.84588
8.84324
8.83992
8.83561
8.83094
8.8259
8.81717
8.81091
8.79935
8.79777
8.78795
8.78265
8.77431
8.77171
8.77249
8.7695
8.76895
8.76819
8.76828
8.76355
8.763
8.76281
8.76898
8.76869
8.76714
8.7642
8.76212
8.76402
8.76919
8.77285
8.77856
8.78454
8.79036
8.79643
8.80495
8.80732
8.81253
8.81933
8.82573
8.82816
8.8353
8.84304
8.84749
8.84925
8.85159
8.85492
8.85541
8.84932
8.84875
8.84805
8.84596
8.84399
8.8388
8.8389
8.839
8.83951
8.83954
8.83634
8.82992
8.81761
8.8069
8.79945
8.79249
8.78707
8.78239
8.77874
8.77626
8.77591
8.78056
8.78466
8.78831
8.79253
8.79995
8.80604
8.81147
8.81666
8.82334
8.83124
8.83259
8.82832
8.82392
8.81875
8.81079
8.80461
8.79827
8.7915
8.78355
8.77637
8.76923
8.76313
8.75764
8.75208
8.74651
8.7433
8.74102
8.73961
8.73897
8.73389
8.72393
8.71695
8.70933
8.70105
8.69076
8.68196
8.67358
8.66934
8.66463
8.66198
8.6591
8.65873
8.661
8.66385
8.65863
8.65667
8.65544
8.6553
8.65808
8.65959
8.66223
8.65797
8.65879
8.66377
8.66877
8.67464
8.6795
8.68426
8.68885
8.69399
8.69272
8.68988
8.69008
8.68775
8.68768
8.68624
8.68315
8.68418
8.68524
8.68451
8.68384
8.68223
8.68037
8.67494
8.67177
8.66866
8.66366
8.65919
8.65372
8.65213
8.65049
8.65142
8.65046
8.6476
8.6449
8.64177
8.63869
8.63613
8.63401
8.6323
8.63291
8.62869
8.62718
8.63182
8.64081
8.65008
8.65982
8.66994
8.67655
8.68328
8.68982
8.69845
8.7049
8.71418
8.72497
8.73409
8.73962
8.74332
8.7443
8.74677
8.75079
8.7514
8.75177
8.75525
8.75791
8.76384
8.76491
8.77109
8.78127
8.78995
8.80023
8.81045
8.82175
8.83293
8.84167
8.85021
8.85779
8.86302
8.86712
8.86737
8.8664
8.86713
8.86546
8.86022
8.8569
8.85643
8.85595
8.85518
8.85417
8.85282
8.85002
8.84591
8.84041
8.8313
8.82703
8.82245
8.8177
8.81053
8.80242
8.79571
8.78977
8.78513
8.78083
8.77701
8.77865
8.78379
8.79136
8.79496
8.79616
8.79805
8.80078
8.80468
8.80795
8.81138
8.81406
8.81769
8.82165
8.82877
8.83436
8.83931
8.84023
8.84149
8.845
8.85086
8.85454
8.85965
8.8637
8.86674
8.87083
8.87872
8.88806
8.89553
8.89666
8.90115
8.89911
8.90147
8.90415
8.90755
8.91147
8.91523
8.91533
8.91403
8.9134
8.91356
8.91342
8.9135
8.91305
8.91265
8.9119
8.90859
8.90393
8.8998
8.8966
8.89371
8.88976
8.88741
8.88611
8.88622
8.88083
8.87963
8.88112
8.88237
8.88327
8.88709
8.89302
8.89779
8.90318
8.91009
8.91629
8.9213
8.92761
8.93463
8.94041
8.94624
8.94321
8.94887
8.95669
8.96605
8.97737
8.98826
9.00037
9.00964
9.01734
9.02198
9.0205
9.01984
9.01957
9.0192
9.02442
9.0319
9.03991
9.04768
9.05472
9.05844
9.06154
9.06869
9.07727
9.08228
9.08675
9.09233
9.09873
9.0998
9.10026
9.10272
9.10562
9.10579
9.10512
9.10609
9.10921
9.11038
9.10958
9.10971
9.11415
9.11812
9.12182
9.12627
9.12805
9.13044
9.13327
9.13613
9.13303
9.13366
9.137
9.13935
9.14049
9.14329
9.1458
9.14369
9.13989
9.13737
9.13796
9.13697
9.13461
9.13683
9.13928
9.13882
9.1402
9.14094
9.14596
9.14879
9.15087
9.15227
9.15553
9.15709
9.15953
9.16228
9.16435
9.16821
9.17207
9.17217
9.16686
9.16969
9.17256
9.17793
9.18256
9.18761
9.1928
9.19651
9.20016
9.20185
9.20883
9.2138
9.21566
9.21922
9.22462
9.22976
9.23306
9.23683
9.24133
9.24392
9.24952
9.25188
9.2572
9.26241
9.26738
9.27441
9.28323
9.29366
9.3058
9.31658
9.32774
9.3399
9.35
9.35856
9.36785
9.37646
9.38367
9.38781
9.39068
9.39067
9.39212
9.39164
9.39277
9.39262
9.39162
9.39024
9.38968
9.39109
9.39199
9.39337
9.39293
9.39419
9.395
9.39596
9.39695
9.40048
9.40466
9.40561
9.40526
9.40333
9.40125
9.39787
9.39534
9.39118
9.38433
9.37539
9.36675
9.35687
9.34907
9.34106
9.3344
9.3308
9.32827
9.3266
9.32442
9.32411
9.32307
9.32329
9.32467
9.32477
9.32421
9.3229
9.32087
9.32442
9.33127
9.33613
9.33803
9.33312
9.32958
9.33066
9.3292
9.32956
9.32964
9.33005
9.3314
9.33289
9.335
9.33905
9.34826
9.35561
9.36203
9.36763
9.37359
9.37635
9.38014
9.38421
9.38473
9.38684
9.38791
9.38884
9.39122
9.39454
9.39484
9.39525
9.39944
9.40564
9.41061
9.41626
9.42162
9.41973
9.41424
9.41224
9.41017
9.40809
9.40484
9.40088
9.39376
9.38695
9.3808
9.3769
9.37309
9.36896
9.36586
9.36259
9.35748
9.35287
9.34955
9.33834
9.33164
9.32658
9.32266
9.32258
9.32445
9.32651
9.32867
9.33099
9.33445
9.33934
9.34131
9.34416
9.34412
9.34739
9.35135
9.35401
9.35599
9.357
9.35592
9.35391
9.35354
9.35377
9.35622
9.35812
9.36025
9.36172
9.36045
9.36421
9.37046
9.37718
9.38337
9.38361
9.38684
9.38669
9.39129
9.39721
9.40275
9.40805
9.41567
9.41986
9.42084
9.42196
9.42133
9.42018
9.41902
9.41479
9.40969
9.40452
9.39919
9.3941
9.38686
9.38148
9.37662
9.37739
9.37577
9.37391
9.37313
9.37328
9.3732
9.37509
9.38172
9.38471
9.38593
9.38539
9.38632
9.38884
9.39181
9.40132
9.41095
9.41945
9.42608
9.42877
9.43281
9.43092
9.43371
9.43506
9.43912
9.44474
9.44845
9.4485
9.44722
9.44706
9.44643
9.44633
9.44812
9.44677
9.44461
9.44269
9.44094
9.4401
9.43539
9.43194
9.42613
9.42677
9.43003
9.43268
9.43522
9.43812
9.44063
9.44491
9.45088
9.45567
9.45822
9.46015
9.45828
9.4542
9.45191
9.4493
9.44421
9.44072
9.43933
9.43513
9.43029
9.42496
9.42018
9.41386
9.40601
9.39923
9.39273
9.38753
9.38342
9.37798
9.37326
9.36932
9.36599
9.36401
9.36327
9.36441
9.36549
9.36562
9.36271
9.3614
9.35799
9.35507
9.3498
9.34964
9.34977
9.35103
9.3554
9.35438
9.35611
9.35764
9.35945
9.36317
9.36642
9.37049
9.37649
9.38305
9.38919
9.39776
9.40629
9.41389
9.42149
9.42766
9.43309
9.43541
9.43897
9.44247
9.44672
9.45191
9.45491
9.45197
9.45238
9.453
9.45207
9.44982
9.44703
9.44415
9.43854
9.43379
9.42694
9.41961
9.41382
9.40729
9.40217
9.40026
9.39962
9.39694
9.39534
9.39349
9.39093
9.38794
9.38512
9.38162
9.37823
9.3734
9.3693
9.36596
9.36299
9.3585
9.3552
9.35175
9.35008
9.35105
9.35539
9.35539
9.35614
9.35538
9.35647
9.35819
9.36282
9.36671
9.37093
9.37408
9.37934
9.38376
9.3873
9.38747
9.39088
9.39164
9.39271
9.39547
9.40177
9.4098
9.41591
9.42169
9.43094
9.44087
9.45287
9.45943
9.46463
9.46755
9.46945
9.47143
9.47159
9.4719
9.4727
9.47308
9.47232
9.47017
9.46796
9.46462
9.46436
9.46444
9.46158
9.45805
9.45471
9.44914
9.44363
9.43939
9.43241
9.42495
9.41632
9.40849
9.40025
9.39146
9.38701
9.38384
9.38199
9.38172
9.381
9.37766
9.37437
9.37079
9.36987
9.36868
9.36844
9.36575
9.3635
9.3617
9.35936
9.35867
9.35141
9.34944
9.34651
9.34303
9.34107
9.3387
9.33084
9.33113
9.33406
9.33712
9.34043
9.34786
9.35621
9.36454
9.36729
9.36878
9.37519
9.38531
9.39038
9.39421
9.3972
9.39931
9.40019
9.39949
9.40282
9.40563
9.40446
9.40321
9.39779
9.3894
9.38794
9.38381
9.37869
9.37061
9.36959
9.36927
9.35564
9.34841
9.33846
9.33507
9.33128
9.32597
9.3202
9.31528
9.31015
9.3059
9.30201
9.29729
9.29767
9.29886
9.29974
9.3028
9.3063
9.30862
9.31393
9.30944
9.31034
9.31072
9.30756
9.30373
9.29952
9.29909
9.30103
9.3063
9.31322
9.31905
9.32518
9.33348
9.34111
9.3483
9.35306
9.35579
9.35425
9.35168
9.35198
9.35535
9.3587
9.35956
9.36322
9.37066
9.37567
9.3833
9.38765
9.39169
9.39392
9.39211
9.39668
9.40256
9.40634
9.4122
9.40888
9.41349
9.41678
9.41676
9.41555
9.41681
9.41812
9.41951
9.41872
9.41715
9.41391
9.413
9.40993
9.40675
9.4032
9.39838
9.3931
9.38343
9.37861
9.37238
9.36407
9.35312
9.34252
9.33531
9.33121
9.32432
9.31733
9.31419
9.31186
9.31118
9.31038
9.30738
9.30541
9.30369
9.30226
9.30172
9.30102
9.30238
9.30365
9.30453
9.30586
9.30438
9.30609
9.31206
9.31783
9.32308
9.32147
9.31983
9.31989
9.31548
9.31246
9.3141
9.31846
9.32553
9.33261
9.33731
9.33261
9.33424
9.33297
9.33082
9.33324
9.33561
9.33531
9.33441
9.33039
9.33346
9.337
9.34197
9.34381
9.34479
9.34708
9.34836
9.34821
9.34999
9.34951
9.35102
9.35528
9.35978
9.36091
9.35932
9.35531
9.35164
9.34866
9.34417
9.34128
9.33867
9.33783
9.34087
9.33704
9.34041
9.34244
9.34851
9.35561
9.36225
9.36759
9.37124
9.37659
9.38136
9.38588
9.38733
9.38614
9.38523
9.38503
9.38056
9.37943
9.37568
9.37187
9.3631
9.35509
9.34751
9.34002
9.33476
9.33193
9.32929
9.32675
9.32357
9.32162
9.32066
9.32023
9.31344
9.30735
9.30224
9.29442
9.28552
9.27644
9.26727
9.26087
9.25319
9.24748
9.24536
9.22886
9.22408
9.22202
9.21481
9.21262
9.2147
9.21807
9.22119
9.20602
9.20174
9.2016
9.20565
9.20996
9.21573
9.21998
9.22298
9.22709
9.2327
9.24141
9.24886
9.2543
9.25874
9.26663
9.2791
9.28802
9.29393
9.30199
9.30935
9.31533
9.3203
9.32812
9.33437
9.34158
9.34838
9.3498
9.35527
9.36125
9.36244
9.36196
9.3565
9.35549
9.34972
9.34545
9.33239
9.30678
9.29458
9.28231
9.27318
9.2662
9.26314
9.25709
9.25557
9.25775
9.25296
9.25251
9.24961
9.24368
9.2408
9.2347
9.22654
9.22139
9.21935
9.21441
9.21186
9.21366
9.21493
9.21485
9.21157
9.20749
9.20638
9.20513
9.20728
9.20388
9.20061
9.20112
9.20047
9.19797
9.19476
9.19272
9.19055
9.18825
9.18478
9.1863
9.18097
9.17862
9.17527
9.17417
9.17286
9.1728
9.17452
9.17497
9.17547
9.1766
9.17386
9.16973
9.16676
9.16644
9.16325
9.16176
9.16185
9.16212
9.1615
9.16016
9.15452
9.15437
9.15428
9.15659
9.15971
9.15946
9.15686
9.15672
9.1562
9.15414
9.15196
9.1465
9.13921
9.13439
9.13205
9.13172
9.12524
9.11794
9.11196
9.10518
9.10043
9.09837
9.09777
9.09581
9.09319
9.08952
9.08943
9.09002
9.09217
9.09525
9.09921
9.09659
9.09031
9.08487
9.07704
9.07177
9.06711
9.06323
9.06057
9.05675
9.05213
9.04764
9.04359
9.04101
9.0399
9.03171
9.02352
9.01466
9.00805
9.00111
8.99625
8.99293
8.99244
8.99172
8.99399
8.99251
8.99322
8.99438
8.9959
8.99773
8.99936
9.00474
9.01029
9.01505
9.01733
9.01317
9.01181
9.01172
9.00953
9.00646
9.00038
8.99485
8.98957
8.98317
8.97736
8.97658
8.97674
8.97557
8.9756
8.97415
8.97098
8.968
8.96735
8.96666
8.96651
8.96521
8.96525
8.97046
8.97557
8.98099
8.9853
8.98888
8.98801
8.9839
8.9808
8.97711
8.97348
8.9719
8.96929
8.96582
8.96281
8.95988
8.95878
8.95815
8.95245
8.95624
8.96145
8.96673
8.96506
8.96683
8.96896
8.97103
8.97132
8.97166
8.97166
8.97463
8.97836
8.98276
8.98639
8.98952
8.99214
8.99564
8.99843
9.00263
9.00651
9.01053
9.01262
9.01639
9.01966
9.0224
9.02686
9.03025
9.03355
9.03939
9.04473
9.05117
9.05661
9.06004
9.06093
9.06049
9.05919
9.05674
9.05186
9.04628
9.03865
9.03299
9.02707
9.02161
9.01484
9.00921
9.00499
9.0002
8.99581
8.9925
8.98884
8.98713
8.98724
8.98751
8.98715
8.98506
8.98146
8.976
8.97124
8.96879
8.96373
8.96462
8.96549
8.96537
8.96698
8.96672
8.96979
8.96887
8.96971
8.97081
8.97099
8.97093
8.96167
8.95744
8.95257
8.95187
8.9526
8.9512
8.94962
8.95002
8.9468
8.9453
8.94344
8.94039
8.93964
8.93421
8.93275
8.92945
8.92697
8.92367
8.92023
8.91612
8.91559
8.9172
8.91862
8.92233
8.92502
8.92918
8.93276
8.93686
8.93502
8.93193
8.92899
8.92975
8.92774
8.92702
8.92902
8.93163
8.9252
8.92651
8.92689
8.92616
8.92394
8.92202
8.92114
8.91301
8.90723
8.89929
8.89676
8.89524
8.89689
8.90075
8.90422
8.90557
8.9103
8.91239
8.91747
8.92238
8.92662
8.93036
8.92665
8.92833
8.92155
8.9205
8.91509
8.91511
8.91384
8.91644
8.91992
8.92609
8.93024
8.92879
8.92925
8.92817
8.92376
8.91929
8.91868
8.91443
8.91209
8.91183
8.90907
8.90687
8.90269
8.89465
8.88714
8.8789
8.8702
8.86108
8.85177
8.84102
8.82473
8.81067
8.79476
8.77592
8.75936
8.74377
8.73789
8.73262
8.72752
8.72417
8.72322
8.72192
8.71801
8.72044
8.72657
8.73216
8.73307
8.73122
8.7305
8.7342
8.73336
8.73399
8.73767
8.7409
8.74103
8.74131
8.74535
8.75336
8.76036
8.76503
8.76818
8.76926
8.77078
8.77129
8.77332
8.77524
8.77305
8.76665
8.76664
8.76301
8.75803
8.75098
8.73919
8.73086
8.71728
8.70389
8.68951
8.67805
8.66504
8.65237
8.6387
8.62435
8.60774
8.5944
8.581
8.56848
8.55593
8.54602
8.5365
8.52746
8.52405
8.5252
8.52463
8.52421
8.52565
8.53053
8.53712
8.54217
8.54226
8.53657
8.52615
8.518
8.51198
8.50568
8.49907
8.49178
8.48487
8.48389
8.47913
8.47504
8.47201
8.47083
8.47006
8.46546
8.46118
8.45885
8.45994
8.46367
8.4687
8.47057
8.47259
8.4729
8.47526
8.47636
8.47735
8.47842
8.47927
8.4789
8.47736
8.47673
8.4728
8.47129
8.47116
8.46832
8.46468
8.45679
8.44693
8.44228
8.42901
8.42408
8.41763
8.41972
8.42471
8.42938
8.43241
8.43411
8.43852
8.4408
8.44034
8.4433
8.44596
8.44926
8.43927
8.44155
8.43612
8.43056
8.43015
8.42882
8.42598
8.42384
8.42088
8.41735
8.41533
8.41426
8.40909
8.40489
8.40067
8.39602
8.39136
8.38881
8.38717
8.38663
8.38873
8.39085
8.39599
8.40322
8.41222
8.42056
8.42842
8.43906
8.44696
8.45045
8.45478
8.45871
8.46134
8.46456
8.46722
8.46862
8.46738
8.46702
8.46935
8.47154
8.47567
8.47898
8.48201
8.48422
8.48524
8.48278
8.48088
8.47796
8.47176
8.46727
8.46131
8.45453
8.44856
8.44148
8.43365
8.42224
8.41464
8.40697
8.40024
8.39301
8.38417
8.37658
8.3685
8.36191
8.35673
8.35275
8.35018
8.34832
8.34694
8.34721
8.3524
8.35869
8.36392
8.37139
8.38556
8.39135
8.39924
8.41046
8.42502
8.43814
8.4488
8.46136
8.47703
8.49084
8.49389
8.49919
8.49743
8.50831
8.51715
8.52208
8.52807
8.53367
8.53895
8.54376
8.54889
8.55317
8.55571
8.56019
8.56305
8.56381
8.56272
8.56027
8.55755
8.55329
8.54787
8.54416
8.53788
8.52721
8.5169
8.50556
8.49542
8.48493
8.47654
8.46823
8.46012
8.45341
8.44849
8.44709
8.44966
8.45785
8.45856
8.46
8.46884
8.48124
8.49451
8.50676
8.51996
8.53142
8.5321
8.53384
8.53606
8.54627
8.55558
8.56289
8.56668
8.56426
8.56156
8.55438
8.54949
8.54846
8.54783
8.54252
8.5334
8.53102
8.53049
8.52893
8.52748
8.5257
8.52325
8.52481
8.5245
8.52506
8.52674
8.52768
8.52951
8.53379
8.53926
8.54652
8.54961
8.55163
8.55653
8.56314
8.57126
8.57951
8.58915
8.60013
8.61188
8.62372
8.63669
8.6481
8.65841
8.6673
8.67417
8.67487
8.67604
8.67823
8.68632
8.69122
8.69693
8.70428
8.70985
8.71699
8.72067
8.71423
8.71528
8.71606
8.7148
8.71338
8.71028
8.70536
8.69875
8.69246
8.68565
8.67862
8.6726
8.66735
8.65645
8.64738
8.64157
8.63735
8.63307
8.62705
8.62068
8.61868
8.61714
8.61674
8.61982
8.62334
8.62647
8.62379
8.62186
8.61933
8.61754
8.6174
8.6188
8.62286
8.62799
8.62434
8.6283
8.63132
8.63282
8.63613
8.64031
8.64367
8.64736
8.65388
8.65977
8.66607
8.67221
8.67925
8.68559
8.68931
8.69277
8.69653
8.69749
8.70093
8.70449
8.7081
8.71014
8.71128
8.71321
8.71435
8.71379
8.7141
8.71174
8.70955
8.7066
8.706
8.70491
8.70387
8.70292
8.70251
8.70182
8.70098
8.70218
8.70433
8.70158
8.69436
8.69031
8.69059
8.69186
8.6934
8.693
8.69765
8.69722
8.70038
8.70202
8.70132
8.69443
8.69881
8.70282
8.70754
8.70899
8.71288
8.715
8.71625
8.70938
8.70708
8.70546
8.70318
8.70143
8.698
8.69782
8.69864
8.69705
8.68948
8.68772
8.68522
8.67617
8.67464
8.67016
8.66903
8.66753
8.66592
8.66365
8.66455
8.66546
8.66602
8.65979
8.6574
8.65838
8.65913
8.65771
8.65591
8.65519
8.65506
8.65418
8.65328
8.6541
8.65687
8.65871
8.66017
8.66357
8.66788
8.6675
8.66958
8.67085
8.67179
8.6687
8.66603
8.66265
8.65825
8.65308
8.64834
8.64335
8.63948
8.63591
8.63332
8.63116
8.62576
8.62054
8.61495
8.61408
8.60451
8.5998
8.59665
8.59381
8.59457
8.59142
8.58913
8.58748
8.58775
8.58657
8.5871
8.58834
8.58884
8.5884
8.58886
8.591
8.59727
8.61077
8.62213
8.6206
8.62294
8.6265
8.63343
8.64263
8.64981
8.6562
8.66415
8.67278
8.67754
8.6814
8.68235
8.68323
8.6817
8.67839
8.6784
8.66894
8.66581
8.66497
8.66372
8.66259
8.66281
8.66047
8.66114
8.66278
8.66463
8.66617
8.66488
8.66547
8.6669
8.66747
8.67107
8.6776
8.68437
8.69194
8.69906
8.70561
8.71449
8.71922
8.73133
8.74472
8.7568
8.76554
8.77897
8.79229
8.80482
8.81727
8.83026
8.84095
8.85282
8.86462
8.8682
8.87858
8.8884
8.89743
8.8987
8.90048
8.90117
8.90124
8.89993
8.89781
8.89501
8.89034
8.88554
8.88077
8.87453
8.87049
8.86573
8.86177
8.85932
8.85757
8.85747
8.85796
8.85802
8.84837
8.8456
8.8463
8.84767
8.84976
8.84864
8.8465
8.84143
8.836
8.83208
8.82972
8.82512
8.82412
8.82274
8.82333
8.8246
8.82503
8.82495
8.82447
8.82492
8.82989
8.83525
8.8408
8.84901
8.85836
8.86569
8.87706
8.8883
8.89948
8.90974
8.92002
8.929
8.93524
8.93856
8.94052
8.94194
8.94282
8.93815
8.93134
8.92838
8.92607
8.92385
8.92158
8.92108
8.91963
8.91555
8.91159
8.9078
8.90677
8.9019
8.89268
8.88461
8.87558
8.86752
8.86015
8.85454
8.84833
8.84417
8.831
8.82453
8.81926
8.81657
8.81397
8.8102
8.80738
8.805
8.80183
8.80163
8.79977
8.7979
8.79279
8.78798
8.78742
8.78726
8.78497
8.78615
8.78985
8.79207
8.79325
8.79631
8.8005
8.80061
8.80726
8.81068
8.81609
8.81886
8.82138
8.82414
8.82521
8.82491
8.8243
8.82391
8.82569
8.82764
8.8254
8.82266
8.82092
8.81857
8.81693
8.8145
8.81172
8.81261
8.81308
8.81131
8.80843
8.80259
8.79289
8.78461
8.77876
8.77453
8.77296
8.77093
8.76653
8.76353
8.76151
8.75999
8.75594
8.75323
8.7531
8.75298
8.7574
8.76357
8.77185
8.78236
8.78941
8.79973
8.80765
8.81604
8.81948
8.82615
8.82976
8.83825
8.85003
8.86741
8.87624
8.88866
8.90613
8.92362
8.94183
8.95932
8.97223
8.98325
8.99257
9.00409
9.01508
9.0261
9.03449
9.04488
9.05261
9.05885
9.05723
9.05273
9.05166
9.05078
9.04861
9.04432
9.03921
9.0343
9.03397
9.03484
9.02821
9.02105
9.01392
9.00964
9.00781
9.00657
9.00421
9.00345
9.00025
9.00236
9.00325
9.00619
9.00736
8.99965
9.00022
9.00333
9.00848
9.01583
9.02587
9.03739
9.04843
9.06119
9.07651
9.09278
9.10909
9.12661
9.14494
9.16317
9.18018
9.1962
9.21363
9.22712
9.24048
9.25695
9.27219
9.2848
9.29442
9.30093
9.30571
9.30985
9.31391
9.31529
9.31489
9.3156
9.31777
9.31958
9.32302
9.32533
9.32939
9.33157
9.33621
9.34104
9.34338
9.34888
9.35424
9.35934
9.36297
9.36157
9.36567
9.36827
9.37233
9.37722
9.37883
9.38436
9.39066
9.39499
9.39786
9.39934
9.40297
9.40369
9.40046
9.39703
9.40369
9.41109
9.41615
9.42421
9.4347
9.44292
9.4531
9.46089
9.46222
9.47314
9.48276
9.49238
9.50589
9.51901
9.53158
9.54534
9.55822
9.56786
9.57392
9.57916
9.58654
9.59022
9.58745
9.58869
9.59314
9.59814
9.6019
9.60726
9.6129
9.61594
9.6171
9.62063
9.62327
9.62433
9.62496
9.62224
9.61922
9.61513
9.61131
9.6067
9.604
9.6023
9.60361
9.60143
9.5977
9.59461
9.58592
9.58346
9.58236
9.58073
9.58117
9.58834
9.59013
9.59351
9.59681
9.59978
9.60337
9.60527
9.60961
9.61423
9.61776
9.62313
9.62851
9.63255
9.64028
9.65033
9.66046
9.66806
9.67409
9.67984
9.68563
9.69306
9.70293
9.70857
9.71086
9.71453
9.71768
9.72212
9.7262
9.73041
9.73337
9.7391
9.74218
9.74448
9.7469
9.74797
9.74499
9.73984
9.7344
9.72766
9.71959
9.70634
9.69728
9.68756
9.67859
9.6708
9.66343
9.65556
9.64768
9.64085
9.63354
9.6314
9.63087
9.63045
9.63121
9.63467
9.63901
9.64515
9.64456
9.64386
9.64377
9.6479
9.65439
9.66123
9.66819
9.67433
9.68042
9.68542
9.68981
9.69604
9.70401
9.70818
9.7094
9.71183
9.71693
9.72476
9.73602
9.74172
9.74362
9.74655
9.7498
9.7521
9.75299
9.75314
9.75645
9.76028
9.76159
9.76256
9.76188
9.75903
9.75686
9.75575
9.75372
9.75369
9.75188
9.75007
9.74709
9.74483
9.74328
9.74127
9.7373
9.73297
9.73123
9.72688
9.7211
9.71506
9.71034
9.70374
9.69893
9.69355
9.68846
9.6835
9.67844
9.6707
9.66774
9.66792
9.67006
9.67115
9.67247
9.67751
9.68285
9.68749
9.69298
9.69879
9.70614
9.71303
9.71713
9.72022
9.72264
9.72461
9.72675
9.72542
9.72628
9.72959
9.73144
9.73342
9.73235
9.73192
9.7347
9.73733
9.74326
9.75212
9.75845
9.76777
9.77514
9.78228
9.78753
9.79175
9.79582
9.79968
9.80366
9.80704
9.81223
9.81593
9.8184
9.81964
9.82181
9.82339
9.82412
9.82447
9.82214
9.81949
9.81802
9.81245
9.80694
9.80188
9.79682
9.79124
9.7877
9.78551
9.78599
9.78647
9.78637
9.78786
9.7889
9.79036
9.79276
9.79335
9.79155
9.79007
9.78831
9.7864
9.78417
9.78655
9.78898
9.7895
9.78797
9.78653
9.78442
9.78343
9.78447
9.7852
9.785
9.78486
9.78435
9.78276
9.78228
9.78326
9.78375
9.78909
9.79617
9.80188
9.80861
9.81723
9.82369
9.82944
9.83302
9.83512
9.83904
9.83939
9.84256
9.84636
9.85246
9.85729
9.85925
9.86301
9.86668
9.87008
9.87236
9.87501
9.88116
9.88255
9.88134
9.88123
9.88052
9.87683
9.87308
9.87001
9.86675
9.86251
9.85965
9.85731
9.85566
9.8529
9.8487
9.84284
9.83545
9.82852
9.82291
9.81462
9.80755
9.79855
9.79164
9.78707
9.78414
9.78365
9.78434
9.78605
9.78242
9.77897
9.776
9.77703
9.77934
9.77711
9.77706
9.78458
9.7939
9.8036
9.81595
9.83015
9.84445
9.85743
9.86426
9.86937
9.87791
9.88506
9.89165
9.89644
9.8983
9.89988
9.9002
9.90127
9.90181
9.90419
9.90701
9.9043
9.90247
9.90357
9.90498
9.90481
9.90494
9.90466
9.90342
9.89696
9.89302
9.89079
9.88865
9.88567
9.88188
9.87948
9.87715
9.87341
9.87067
9.86749
9.8639
9.85688
9.85403
9.85271
9.85394
9.85545
9.85625
9.85165
9.84582
9.84251
9.84
9.83721
9.83688
9.83947
9.84262
9.84876
9.85746
9.86486
9.87428
9.88189
9.88981
9.8988
9.90835
9.91643
9.92406
9.92999
9.93679
9.94281
9.94974
9.957
9.96458
9.96418
9.963
9.96269
9.96386
9.96383
9.96061
9.9559
9.94939
9.94162
9.93926
9.93979
9.94083
9.93969
9.93667
9.93312
9.92913
9.92476
9.92048
9.9151
9.91081
9.9082
9.90441
9.90155
9.90102
9.90082
9.90283
9.90265
9.90362
9.90309
9.90161
9.89843
9.89615
9.8954
9.89673
9.89827
9.90136
9.90374
9.9078
9.9053
9.91015
9.91779
9.9245
9.93001
9.93548
9.93594
9.93548
9.93513
9.93543
9.93344
9.93258
9.93414
9.93611
9.93807
9.94047
9.94215
9.9418
9.9419
9.94157
9.93676
9.93139
9.92655
9.92146
9.9153
9.91193
9.90763
9.90117
9.89553
9.89148
9.88798
9.88809
9.88961
9.88906
9.88976
9.89073
9.89084
9.89295
9.8974
9.90034
9.90035
9.89599
9.89268
9.88718
9.88041
9.87138
9.8638
9.85468
9.8461
9.83859
9.8301
9.82038
9.81088
9.80412
9.79006
9.77946
9.77189
9.76348
9.75594
9.7512
9.74208
9.73438
9.72953
9.72396
9.72103
9.71967
9.72307
9.72559
9.72374
9.71841
9.71453
9.71267
9.71243
9.71227
9.71767
9.72408
9.72563
9.72016
9.71941
9.71538
9.7155
9.71481
9.71402
9.70703
9.7087
9.71186
9.7111
9.70839
9.70873
9.70847
9.70227
9.69944
9.69507
9.69757
9.70079
9.70489
9.71241
9.71562
9.7187
9.72176
9.7245
9.72287
9.71833
9.71441
9.70658
9.70498
9.70027
9.69808
9.69283
9.68715
9.68412
9.68216
9.67765
9.67143
9.66472
9.6516
9.64502
9.6398
9.63871
9.63662
9.63351
9.62948
9.62612
9.62258
9.61892
9.61366
9.6092
9.60635
9.60339
9.60113
9.5993
9.59816
9.59738
9.5975
9.59632
9.59431
9.59237
9.58945
9.58811
9.58666
9.58188
9.57719
9.57364
9.57279
9.57196
9.57122
9.57073
9.57192
9.57418
9.57271
9.56964
9.56759
9.56651
9.5656
9.56242
9.55634
9.55446
9.5522
9.55042
9.54561
9.54121
9.53769
9.53268
9.52992
9.52728
9.52521
9.52108
9.51546
9.51199
9.50878
9.50546
9.502
9.48943
9.48253
9.47511
9.46867
9.4656
9.4584
9.45373
9.44816
9.44187
9.43864
9.43594
9.4303
9.42365
9.41713
9.41073
9.41211
9.41292
9.41166
9.4098
9.4069
9.40377
9.3995
9.39181
9.38351
9.37531
9.36705
9.35987
9.35405
9.35117
9.34575
9.34158
9.34193
9.34104
9.34038
9.33954
9.34432
9.35056
9.35788
9.36219
9.36445
9.36317
9.36182
9.35874
9.35896
9.36018
9.36053
9.3606
9.36329
9.3664
9.36902
9.37067
9.37362
9.37591
9.37879
9.38431
9.38839
9.39005
9.38837
9.38382
9.38058
9.37634
9.37286
9.35933
9.34882
9.33691
9.32968
9.32464
9.3196
9.3166
9.31241
9.30558
9.29899
9.29074
9.28729
9.28678
9.28376
9.27869
9.27345
9.27453
9.27983
9.2868
9.29105
9.29607
9.30517
9.31458
9.32361
9.33104
9.33594
9.34435
9.35352
9.36183
9.3707
9.38229
9.39529
9.4076
9.42103
9.43614
9.44495
9.45298
9.46268
9.47337
9.48751
9.50466
9.52074
9.53708
9.55222
9.56684
9.57744
9.58812
9.5946
9.60019
9.60663
9.61244
9.61696
9.62133
9.61964
9.614
9.60851
9.60478
9.60519
9.60587
9.60584
9.60157
9.59614
9.59335
9.59245
9.59131
9.58783
9.58684
9.58683
9.58738
9.59028
9.59796
9.60489
9.60967
9.60757
9.60413
9.6023
9.5989
9.5952
9.58966
9.58424
9.58065
9.5824
9.58397
9.58635
9.5895
9.59252
9.60369
9.61591
9.62826
9.64065
9.65227
9.66194
9.66941
9.67663
9.68561
9.69559
9.70509
9.71578
9.72651
9.73711
9.74504
9.754
9.76289
9.76982
9.77547
9.77845
9.77879
9.77639
9.77187
9.76737
9.75902
9.74881
9.73842
9.73009
9.72007
9.71223
9.70556
9.7032
9.70527
9.70692
9.70748
9.70547
9.70434
9.70044
9.69518
9.69319
9.69318
9.69367
9.69497
9.69884
9.70245
9.70301
9.7057
9.70952
9.71316
9.71853
9.7245
9.73105
9.73642
9.74133
9.74664
9.7511
9.75556
9.76282
9.77133
9.77755
9.7813
9.78571
9.78889
9.78823
9.79314
9.79987
9.80683
9.81274
9.81708
9.81905
9.82024
9.81873
9.81548
9.81062
9.8014
9.79713
9.79685
9.79652
9.79553
9.79519
9.79409
9.79799
9.80208
9.80477
9.80849
9.81338
9.82033
9.8268
9.83731
9.84029
9.84767
9.85775
9.86929
9.87851
9.89414
9.90734
9.9173
9.92774
9.93769
9.94509
9.95005
9.95429
9.95883
9.96435
9.97072
9.97618
9.98242
9.98595
9.98973
9.99308
9.99631
9.9999
10.0029
10.001
9.99378
9.99543
9.99543
9.99218
9.99267
9.99074
9.98862
9.9876
9.98307
9.98236
9.98068
9.98199
9.98539
9.98786
9.99013
9.99163
9.99138
9.99614
10.0025
10.0109
10.0184
10.0284
10.0398
10.0507
10.061
10.0704
10.0747
10.0797
10.0817
10.0846
10.0867
10.0877
10.0865
10.088
10.0874
10.0913
10.0946
10.104
10.1155
10.128
10.1372
10.1477
10.1597
10.1725
10.1877
10.2092
10.2292
10.2473
10.2593
10.2672
10.283
10.297
10.3104
10.3206
10.3298
10.3389
10.3463
10.3524
10.3556
10.3568
10.3579
10.361
10.3672
10.3735
10.3808
10.3883
10.3933
10.3984
10.4018
10.4014
10.412
10.4245
10.4324
10.4362
10.4422
10.4487
10.4549
10.4628
10.4703
10.4762
10.4812
10.4878
10.4926
10.4937
10.4943
10.4924
10.4937
10.4974
10.5002
10.5029
10.5058
10.5183
10.5298
10.54
10.5477
10.5467
10.5462
10.5437
10.5434
10.5392
10.5383
10.538
10.5402
10.5399
10.5459
10.55
10.5528
10.5561
10.5602
10.5655
10.5747
10.585
10.6008
10.6118
10.6263
10.6376
10.6504
10.6626
10.6686
10.673
10.6792
10.6846
10.6898
10.6954
10.7023
10.7099
10.7157
10.7231
10.7262
10.7283
10.7283
10.7245
10.7233
10.723
10.7232
10.7197
10.7152
10.7126
10.7108
10.7157
10.7216
10.7297
10.736
10.7448
10.7534
10.7609
10.7657
10.7673
10.7684
10.7708
10.7729
10.7777
10.7784
10.7783
10.7841
10.7931
10.7993
10.8014
10.8035
10.8134
10.8231
10.8318
10.8374
10.8418
10.8445
10.846
10.8485
10.8549
10.8546
10.8545
10.8579
10.8599
10.8636
10.869
10.8728
10.8791
10.887
10.8939
10.9002
10.9051
10.9077
10.9085
10.9116
10.9099
10.9082
10.909
10.9108
10.9229
10.9335
10.9375
10.9389
10.9455
10.9505
10.9514
10.949
10.9436
10.9396
10.9342
10.9295
10.9256
10.9147
10.9048
10.8963
10.8977
10.9033
10.9072
10.9121
10.9154
10.9312
10.9424
10.9539
10.9613
10.9731
10.9832
10.9921
11.0022
11.0108
11.0095
11.0235
11.0334
11.039
11.0463
11.0548
11.0621
11.0769
11.0864
11.0909
11.0922
11.094
11.094
11.0879
11.08
11.0698
11.0636
11.0547
11.0462
11.0358
11.026
11.0196
11.0209
11.0197
11.0207
11.0217
11.0267
11.025
11.0278
11.0306
11.0352
11.0384
11.0364
11.0326
11.0295
11.0257
11.0229
11.0171
11.007
10.9958
10.9862
10.9799
10.9731
10.9669
10.9632
10.9596
10.9604
10.958
10.95
10.9438
10.9387
10.9338
10.9283
10.9223
10.9167
10.9166
10.9158
10.915
10.9183
10.9183
10.9206
10.9354
10.9478
10.9664
10.9805
10.9988
11.0131
11.023
11.0341
11.0438
11.0636
11.0781
11.0907
11.1049
11.1194
11.1323
11.1549
11.1732
11.1896
11.2021
11.2111
11.2058
11.2058
11.1974
11.1882
11.1925
11.194
11.1985
11.2029
11.2067
11.2102
11.217
11.2219
11.2261
11.2288
11.2316
11.2315
11.2315
11.2363
11.2413
11.2485
11.2515
11.2571
11.2639
11.2731
11.2873
11.3041
11.3231
11.3448
11.3678
11.4
11.4326
11.462
11.4931
11.5199
11.5498
11.5693
11.593
11.6141
11.6287
11.6413
11.649
11.6567
11.6622
11.6661
11.6641
11.67
11.6774
11.6846
11.6904
11.698
11.7063
11.7124
11.7202
11.7286
11.7396
11.7528
11.7703
11.7923
11.8159
11.841
11.8647
11.885
11.9035
11.9288
11.9581
11.9888
12.018
12.0504
12.0741
12.0934
12.109
12.1217
12.1297
12.133
12.139
12.1461
12.1547
12.1634
12.1718
12.179
12.1885
12.1988
12.2131
12.2301
12.2445
12.2589
12.2756
12.2897
12.309
12.3256
12.3395
12.353
12.3681
12.3835
12.4006
12.4165
12.4309
12.4438
12.4514
12.459
12.4673
12.4713
12.4701
12.4655
12.4648
12.4655
12.4675
12.4729
12.4812
12.4858
12.4948
12.5058
12.5191
12.5381
12.5598
12.5831
12.6079
12.6286
12.6487
12.6654
12.6748
12.6825
12.6907
12.7005
12.7092
12.7152
12.716
12.7172
12.7192
12.7227
12.7237
12.7268
12.7304
12.7319
12.7315
12.7274
12.7214
12.7179
12.7162
12.7177
12.7258
12.7313
12.7365
12.7426
12.7504
12.7621
12.776
12.7903
12.8093
12.8281
12.8492
12.8709
12.8933
12.9138
12.9289
12.9419
12.9487
12.9534
12.9569
12.9656
12.9714
12.9724
12.9748
12.9782
12.9815
12.9866
12.9894
12.9948
13
13.0045
13.007
13.0105
13.0098
13.0102
13.0079
13.0054
13.0019
12.9976
12.9945
12.9926
12.9937
12.9935
12.99
12.9859
12.9876
12.9883
12.9894
12.9896
12.9903
12.9905
12.9918
12.994
12.9938
12.9939
12.9931
12.9907
12.9924
12.9964
13.0021
13.013
13.0249
13.0381
13.0563
13.0748
13.092
13.112
13.1236
13.136
13.144
13.1461
13.148
13.1475
13.1446
13.1411
13.1372
13.1356
13.1347
13.1338
13.132
13.1316
13.1305
13.1324
13.1351
13.1383
13.1427
13.1491
13.1529
13.1591
13.1627
13.1691
13.1774
13.1852
13.1925
13.1958
13.1949
13.1933
13.1924
13.1938
13.1933
13.1924
13.193
13.1899
13.1847
13.1809
13.1764
13.1684
13.1617
13.1562
13.1549
13.1565
13.1662
13.1751
13.1817
13.1897
13.1933
13.2
13.204
13.209
13.2136
13.2188
13.2213
13.2231
13.2259
13.2263
13.222
13.2193
13.2183
13.2189
13.2222
13.2251
13.2275
13.2317
13.232
13.2337
13.2352
13.237
13.2424
13.2528
13.2687
13.2866
13.3057
13.3206
13.3321
13.3425
13.3495
13.3546
13.3578
13.3567
13.3555
13.3538
13.3513
13.3433
13.3345
13.3193
13.3026
13.2866
13.2714
13.2571
13.2468
13.2376
13.2316
13.2245
13.2169
13.2145
13.2171
13.2249
13.2388
13.2576
13.2715
13.2872
13.3069
13.3181
13.3296
13.3428
13.3499
13.3543
13.3585
13.3606
13.3618
13.3594
13.3593
13.3585
13.3594
13.3599
13.3597
13.3606
13.3618
13.3669
13.3698
13.3716
13.3736
13.3783
13.3813
13.3816
13.3855
13.3918
13.3959
13.401
13.4065
13.4162
13.4253
13.4283
13.4325
13.4298
13.425
13.4158
13.4032
13.3898
13.3771
13.3667
13.3574
13.3509
13.3454
13.3396
13.3369
13.337
13.3372
13.3397
13.3422
13.3441
13.3478
13.3529
13.3618
13.3709
13.3835
13.3969
13.4078
13.4183
13.4281
13.4341
13.4375
13.4406
13.4372
13.4364
13.4334
13.4283
13.4215
13.4137
13.4035
13.3937
13.3847
13.3779
13.3715
13.3654
13.3579
13.3537
13.3595
13.3702
13.3794
13.3904
13.4059
13.4191
13.4265
13.4268
13.4269
13.4283
13.427
13.426
13.4234
13.4199
13.4157
13.4101
13.4023
13.3945
13.3851
13.3789
13.3727
13.367
13.3626
13.3623
13.3681
13.3775
13.393
13.4058
13.4194
13.4275
13.4357
13.4439
13.4547
13.4643
13.47
13.4686
13.4621
13.4562
13.4446
13.4313
13.4219
13.4147
13.4118
13.4108
13.4128
13.4161
13.422
13.4272
13.4274
13.433
13.4387
13.4444
13.4491
13.4537
13.4633
13.4745
13.4831
13.4908
13.4956
13.5027
13.5099
13.5165
13.517
13.5125
13.5075
13.5012
13.4919
13.4799
13.4692
13.4592
13.4516
13.448
13.4475
13.4448
13.4422
13.4358
13.4276
13.4206
13.4145
13.4108
13.4081
13.4069
13.4046
13.4046
13.404
13.4037
13.4049
13.4125
13.4251
13.4361
13.4423
13.4472
13.4476
13.4417
13.4399
13.4399
13.4345
13.4303
13.4276
13.426
13.4227
13.425
13.4273
13.4292
13.4334
13.4377
13.445
13.4506
13.4551
13.4603
13.4644
13.4624
13.4567
13.4504
13.4433
13.437
13.4303
13.4231
13.4223
13.4242
13.4316
13.4358
13.4397
13.4436
13.4452
13.4457
13.4458
13.4486
13.4506
13.4531
13.4521
13.451
13.4506
13.4492
13.4479
13.4495
13.452
13.4495
13.4492
13.4486
13.4489
13.4497
13.4488
13.4423
13.436
13.4308
13.4266
13.4214
13.4192
13.4181
13.4189
13.4234
13.4305
13.4371
13.443
13.448
13.4565
13.4647
13.473
13.4795
13.4841
13.4873
13.4932
13.4987
13.4999
13.501
13.4972
13.4907
13.4828
13.4703
13.4581
13.4478
13.4313
13.4196
13.4098
13.3988
13.3889
13.3833
13.3815
13.3835
13.3919
13.4049
13.419
13.4356
13.4503
13.4656
13.4793
13.4887
13.4967
13.5017
13.5015
13.5043
13.5071
13.5108
13.5131
13.5138
13.5076
13.5014
13.4948
13.4859
13.4767
13.4688
13.4613
13.4565
13.453
13.4494
13.448
13.4495
13.4537
13.4626
13.4772
13.4925
13.5073
13.5197
13.5281
13.5288
13.5266
13.5201
13.5092
13.4966
13.4831
13.4733
13.4685
13.4666
13.465
13.4629
13.4589
13.4552
13.4492
13.4469
13.4418
13.4409
13.4426
13.4443
13.4493
13.4551
13.4622
13.4708
13.4809
13.4902
13.4961
13.4994
13.4974
13.4926
13.4849
13.4769
13.4678
13.4573
13.4481
13.439
13.4312
13.4256
13.4225
13.4176
13.4179
13.4188
13.4194
13.4229
13.4289
13.435
13.4416
13.4482
13.4547
13.4652
13.4759
13.4838
13.4852
13.4816
13.4792
13.4745
13.469
13.4611
13.4488
13.437
13.4253
13.4129
13.404
13.3985
13.3983
13.3975
13.4018
13.4128
13.4305
13.4468
13.4615
13.478
13.495
13.5068
13.5159
13.5295
13.5412
13.552
13.5599
13.5677
13.5697
13.5637
13.554
13.5398
13.5253
13.5107
13.4981
13.4921
13.4899
13.4809
13.4693
13.4589
13.4466
13.4344
13.4235
13.4154
13.4121
13.4143
13.4198
13.4255
13.4305
13.4392
13.4523
13.4614
13.476
13.4879
13.4956
13.5019
13.506
13.5095
13.5116
13.5116
13.5102
13.5047
13.4984
13.4905
13.4841
13.4853
13.4895
13.4912
13.4885
13.4834
13.4768
13.4651
13.4523
13.441
13.4335
13.4278
13.425
13.4253
13.4341
13.4459
13.4558
13.465
13.4761
13.4934
13.5091
13.5184
13.5179
13.5195
13.5195
13.5198
13.5213
13.5223
13.5236
13.5245
13.5222
13.5193
13.5144
13.507
13.4988
13.4938
13.4859
13.4761
13.4675
13.4642
13.4641
13.4657
13.4632
13.4614
13.4578
13.4544
13.4507
13.4512
13.4591
13.4657
13.4661
13.4644
13.4664
13.4659
13.4641
13.4647
13.4676
13.4732
13.4797
13.4864
13.494
13.5013
13.5028
13.5044
13.5046
13.5039
13.4992
13.4911
13.4881
13.4868
13.4828
13.484
13.4791
13.4718
13.4623
13.4521
13.444
13.4387
13.435
13.432
13.4296
13.4269
13.4256
13.4226
13.4262
13.4286
13.4314
13.4377
13.4486
13.4559
13.463
13.4673
13.468
13.4683
13.4703
13.4704
13.4727
13.475
13.4767
13.4821
13.4798
13.4821
13.4851
13.4901
13.4974
13.5063
13.5111
13.5112
13.5085
13.5118
13.515
13.517
13.5198
13.5207
13.5194
13.5145
13.506
13.5017
13.4977
13.4949
13.4925
13.4898
13.4861
13.4838
13.4812
13.4764
13.4691
13.4618
13.4555
13.451
13.4463
13.4451
13.4482
13.4483
13.443
13.4374
13.4337
13.4319
13.429
13.4265
13.4268
13.4269
13.4262
13.4279
13.4302
13.434
13.4381
13.4427
13.4456
13.4512
13.4576
13.4678
13.4817
13.4999
13.5149
13.5248
13.5306
13.5316
13.5301
13.5271
13.5286
13.5362
13.5374
13.5397
13.5394
13.5404
13.5398
13.5364
13.5298
13.5234
13.5165
13.511
13.5047
13.4973
13.4927
13.4875
13.4829
13.4807
13.4815
13.4813
13.4759
13.4715
13.466
13.4579
13.4481
13.4394
13.4319
13.4255
13.423
13.4241
13.4269
13.4319
13.4388
13.4457
13.4551
13.4616
13.467
13.4737
13.4843
13.492
13.5012
13.5091
13.5166
13.5214
13.5243
13.5263
13.528
13.5295
13.5318
13.5341
13.5347
13.5339
13.5318
13.5283
13.5241
13.5198
13.5181
13.5146
13.5098
13.5069
13.5084
13.513
13.5177
13.5166
13.5134
13.5166
13.5157
13.5129
13.5092
13.5067
13.5032
13.4994
13.4966
13.4936
13.4947
13.4965
13.4986
13.5
13.4966
13.491
13.4865
13.4873
13.4827
13.4754
13.469
13.461
13.4557
13.4497
13.4476
13.4465
13.4481
13.4465
13.444
13.4414
13.4361
13.4346
13.4348
13.4417
13.4485
13.4548
13.4604
13.4719
13.4831
13.4923
13.4964
13.498
13.495
13.493
13.4904
13.488
13.4863
13.4892
13.4906
13.4894
13.4881
13.4843
13.4809
13.4803
13.4793
13.4803
13.4762
13.4696
13.4647
13.4616
13.461
13.4628
13.4657
13.4632
13.4662
13.474
13.4854
13.4934
13.5027
13.514
13.5214
13.5282
13.5343
13.5367
13.5363
13.5374
13.5354
13.5288
13.5196
13.5116
13.5036
13.4926
13.4804
13.4674
13.4559
13.4496
13.4442
13.4426
13.4417
13.4402
13.4381
13.4341
13.4336
13.4357
13.4433
13.4523
13.4573
13.46
13.4612
13.4635
13.4644
13.4661
13.4702
13.4759
13.4817
13.4877
13.4946
13.4984
13.4982
13.4962
13.4974
13.4981
13.5009
13.5029
13.5021
13.498
13.491
13.4821
13.4733
13.464
13.4555
13.4528
13.4519
13.453
13.4528
13.4549
13.4602
13.472
13.485
13.499
13.5094
13.5186
13.5226
13.5224
13.5201
13.5126
13.5052
13.5025
13.4968
13.4931
13.4839
13.4742
13.469
13.4617
13.4522
13.4421
13.4309
13.427
13.423
13.4224
13.424
13.4286
13.4353
13.445
13.4596
13.4718
13.4843
13.4974
13.5063
13.512
13.5191
13.5224
13.5272
13.5304
13.5335
13.5335
13.5339
13.5318
13.527
13.5242
13.5167
13.5075
13.4964
13.486
13.4759
13.4618
13.451
13.4408
13.4328
13.4279
13.4239
13.4222
13.4181
13.4181
13.4185
13.4202
13.4275
13.4347
13.4458
13.4574
13.4637
13.4748
13.4862
13.4954
13.5031
13.509
13.5121
13.5114
13.5111
13.5114
13.5103
13.5053
13.4945
13.4844
13.4749
13.469
13.4649
13.4648
13.4639
13.4667
13.4701
13.4739
13.478
13.4784
13.4788
13.4783
13.4766
13.4743
13.47
13.4733
13.477
13.481
13.4828
13.4893
13.4963
13.4991
13.5024
13.5053
13.5071
13.5078
13.5045
13.4963
13.4869
13.4815
13.4764
13.4672
13.4612
13.46
13.4627
13.4667
13.47
13.4763
13.4831
13.491
13.4978
13.5
13.4988
13.4992
13.4983
13.4986
13.4956
13.4919
13.4882
13.4832
13.4774
13.4693
13.4598
13.4493
13.4383
13.4292
13.4214
13.4173
13.4169
13.4198
13.4264
13.4317
13.4405
13.4492
13.457
13.4633
13.4725
13.4802
13.4848
13.4865
13.4896
13.4907
13.4934
13.4978
13.504
13.5101
13.5155
13.5162
13.518
13.5221
13.5258
13.5278
13.528
13.5279
13.5248
13.5228
13.519
13.5133
13.5071
13.4968
13.489
13.4896
13.4893
13.4883
13.4891
13.4937
13.5078
13.5162
13.5231
13.5285
13.5301
13.531
13.5366
13.541
13.5456
13.5524
13.5563
13.5624
13.567
13.5709
13.5729
13.5751
13.5785
13.5795
13.5768
13.5728
13.5667
13.5592
13.5548
13.5545
13.5563
13.5551
13.5595
13.5643
13.5664
13.57
13.5751
13.5852
13.5996
13.6144
13.6262
13.6419
13.6571
13.6723
13.6864
13.7007
13.7124
13.7231
13.7323
13.7391
13.7485
13.7574
13.7665
13.7766
13.7834
13.7902
13.7963
13.8035
13.8096
13.8134
13.816
13.82
13.8271
13.8342
13.8445
13.8561
13.8708
13.8895
13.9136
13.9375
13.9666
13.9952
14.0254
14.0563
14.0875
14.1142
14.1332
14.1506
14.1694
14.185
14.1964
14.2072
14.2196
14.2277
14.2319
14.2385
14.2436
14.2484
14.2506
14.2548
14.2614
14.2708
14.2809
14.2893
14.3035
14.322
14.3487
14.3799
14.4189
14.4558
14.4928
14.5301
14.5618
14.5908
14.6248
14.6556
14.6832
14.7125
14.7362
14.7582
14.7836
14.8162
14.8457
14.8664
14.8884
14.9079
14.9265
14.9389
14.944
14.9454
14.9504
14.9647
14.984
15.0095
15.0404
15.0767
15.1129
15.1459
15.1851
15.2188
15.2513
15.2751
15.2896
15.3069
15.3286
15.3583
15.3905
15.4311
15.4745
15.5171
15.5586
15.6084
15.6502
15.6871
15.7214
15.759
15.7977
15.8386
15.8769
15.9147
15.9483
15.9763
16.0018
16.0294
16.0516
16.0683
16.0785
16.0976
16.1239
16.1522
16.1817
16.2262
16.2699
16.3146
16.3626
16.3978
16.4334
16.4709
16.5159
16.5699
16.6265
16.6765
16.743
16.8184
16.8867
16.9523
17.0089
17.0636
17.1097
17.1663
17.234
17.3173
17.3813
17.4726
17.5477
17.6099
17.654
17.6919
17.7385
17.7904
17.8569
17.9375
18.0341
18.1472
18.2667
18.3749
18.4842
18.596
18.6958
18.7991
18.8851
18.9472
19.005
19.0654
19.1235
19.1761
19.2194
19.2629
19.3149
19.3669
19.4412
19.531
19.6564
19.7912
19.926
20.0403
20.1346
20.2207
20.3102
20.4236
20.5472
20.6927
20.8604
21.0448
21.2432
21.4692
21.6942
21.8775
22.0231
22.1221
22.212
22.3357
22.4643
22.6304
22.8372
23.025
23.2666
23.5458
23.7938
23.988
24.1695
24.3287
24.4858
24.6374
24.7966
24.9855
25.2095
25.4529
25.6999
25.9045
26.0684
26.2079
26.3285
26.4526
26.5758
26.7258
26.9094
27.1281
27.3544
27.632
27.8492
28.0176
28.1481
28.2749
28.4139
28.5764
28.7818
29.0591
29.3681
29.684
29.9496
30.1272
30.2604
30.3632
30.4554
30.5467
30.6728
30.8459
31.0698
31.2951
31.5846
31.8856
32.1706
32.365
32.5495
32.6646
32.7321
32.8005
32.8949
32.9644
33.1116
33.3173
33.4886
33.815
34.1624
34.4784
34.5923
34.7455
34.8505
34.9595
35.081
35.2311
35.4304
35.7032
35.9856
36.25
36.4288
36.5444
36.6557
36.8064
36.9855
37.1644
37.3755
37.6323
37.8651
38.0946
38.2745
38.3778
38.4699
38.5242
38.643
38.8281
39.1047
39.449
39.7166
39.9366
40.0481
40.0765
40.1066
40.1994
40.3657
40.6237
40.9566
41.2807
41.3459
41.3257
41.3018
41.3134
41.3934
41.4882
41.6097
41.9468
42.1739
42.5008
42.573
42.5416
42.4959
42.4312
42.4248
42.4812
42.7004
43.0168
43.381
43.779
43.9437
43.9418
43.8909
43.8565
43.8792
44.0159
44.2626
44.5857
45.0233
45.3224
45.3682
45.3169
45.2544
45.225
45.2783
45.4508
45.7394
46.1041
46.4877
46.6472
46.626
46.5479
46.4843
46.4736
46.5731
46.7844
47.0849
47.4848
47.7799
47.8163
47.7479
47.6605
47.6051
47.6287
47.7751
48.0327
47.5524
