0.0301509
0.0635319
0.0891271
0.114748
0.14033
0.165909
0.191498
0.217076
0.242653
0.268254
0.293862
0.319422
0.345056
0.370687
0.396315
0.421977
0.447626
0.473254
0.498875
0.524514
0.550135
0.575748
0.601371
0.626993
0.652597
0.678219
0.703872
0.729537
0.755188
0.780857
0.806505
0.832144
0.857818
0.883486
0.909153
0.934831
0.960458
0.986135
1.01179
1.03747
1.06313
1.0888
1.11445
1.14011
1.16576
1.19148
1.21719
1.24288
1.26856
1.29422
1.31987
1.34553
1.37121
1.3969
1.42256
1.44822
1.47391
1.49961
1.5253
1.55099
1.57662
1.6023
1.62798
1.65365
1.67943
1.70512
1.7308
1.75649
1.78221
1.8079
1.83356
1.85924
1.8849
1.91056
1.93626
1.96194
1.98767
2.01334
2.03899
2.06467
2.09029
2.11598
2.14164
2.1678
2.19354
2.21922
2.24493
2.27061
2.29631
2.32198
2.34766
2.37336
2.39905
2.42472
2.45037
2.47602
2.50173
2.52741
2.55307
2.57873
2.60444
2.63013
2.65578
2.68143
2.70708
2.73273
2.7584
2.78403
2.80973
2.8354
2.86107
2.88679
2.9125
2.93822
2.96392
2.98961
3.01536
3.04101
3.06669
3.09236
3.11803
3.14369
3.16937
3.19508
3.22075
3.24643
3.27211
3.29784
3.32355
3.3492
3.37489
3.40056
3.42623
3.4519
3.47755
3.50324
3.52893
3.55462
3.5803
3.60599
3.6317
3.65738
3.68306
3.70875
3.73444
3.76009
3.78574
3.81143
3.83711
3.86279
3.88849
3.91421
3.93988
3.96557
3.99129
4.01698
4.04267
4.06838
4.09407
4.11977
4.14546
4.17112
4.1968
4.22246
4.24815
4.27385
4.29958
4.32525
4.35094
4.3766
4.40223
4.42793
4.45363
4.4793
4.50497
4.53066
4.55634
4.58204
4.60776
4.63344
4.65913
4.68481
4.71047
4.73615
4.7618
4.78756
4.81326
4.83892
4.8646
4.89027
4.91595
4.94162
4.96728
4.99297
5.01866
5.04443
5.07017
5.09582
5.12152
5.14718
5.17283
5.19849
5.22414
5.2498
5.27548
5.30112
5.32677
5.35244
5.37815
5.4038
5.42945
5.45513
5.48083
5.50651
5.53217
5.55787
5.58358
5.60924
5.63492
5.66058
5.68623
5.7119
5.73757
5.76326
5.78897
5.81463
5.84032
5.866
5.89166
5.91735
5.94303
5.96871
5.9944
6.02009
6.04575
6.07153
6.09721
6.12288
6.14857
6.17423
6.19991
6.22558
6.25125
6.27695
6.30263
6.32833
6.35402
6.37972
6.40542
6.4311
6.45678
6.48247
6.50815
6.53381
6.5595
6.58519
6.61089
6.63658
6.66228
6.68797
6.71366
6.73934
6.76514
6.79087
6.81658
6.84223
6.86788
6.89358
6.91926
6.94496
6.97064
6.9963
7.02202
7.04771
7.07337
7.09906
7.12475
7.15042
7.17608
7.20179
7.22752
7.25319
7.2789
7.30458
7.33024
7.35589
7.38157
7.40725
7.43291
7.45858
7.48428
7.50997
7.53567
7.56134
7.587
7.61269
7.63841
7.66409
7.68976
7.71547
7.74116
7.76684
7.79251
7.81819
7.84384
7.86951
7.89516
7.92087
7.94656
7.97222
7.99791
8.02358
8.04929
8.07496
8.10064
8.12633
8.152
8.17769
8.20357
8.22927
8.25493
8.28062
8.3063
8.33199
8.35768
8.38341
8.40907
8.4348
8.46051
8.48623
8.5119
8.53758
8.56325
8.58892
8.61461
8.64033
8.66603
8.69173
8.71741
8.74308
8.76876
8.79444
8.82014
8.84581
8.8715
8.89717
8.92284
8.94851
8.97421
8.99986
9.02555
9.05124
9.0769
9.1026
9.1283
9.15399
9.17968
9.20538
9.23107
9.25676
9.28242
9.30807
9.33374
9.35943
9.38511
9.41084
9.43658
9.4623
9.48796
9.51359
9.53925
9.56491
9.59059
9.61624
9.64188
9.66755
9.69321
9.71886
9.74451
9.77022
9.79593
9.82162
9.8473
9.87297
9.89862
9.92428
9.94994
9.9756
10.0013
10.0269
10.0526
10.0782
10.1039
10.1296
10.1553
10.181
10.2066
10.2323
10.2579
10.2836
10.3093
10.335
10.3606
10.3862
10.4119
10.4376
10.4632
10.4889
10.5146
10.5403
10.566
10.5917
10.6174
10.643
10.6686
10.6943
10.72
10.7456
10.7713
10.797
10.8227
10.8483
10.874
10.8997
10.9254
10.9511
10.9767
11.0024
11.0281
11.0538
11.0795
11.1051
11.1308
11.1565
11.1822
11.2079
11.2335
11.2592
11.2849
11.3106
11.3363
11.362
11.3877
11.4134
11.4391
11.4648
11.4905
11.5161
11.5418
11.5675
11.5932
11.6189
11.6445
11.6702
11.6959
11.7216
11.7472
11.7729
11.7986
11.8243
11.85
11.8757
11.9013
11.9271
11.9527
11.9784
12.0042
12.0299
12.0636
12.0893
12.115
12.1408
12.1665
12.1922
12.2179
12.2436
12.2693
12.2949
12.3206
12.3463
12.372
12.3977
12.4234
12.4491
12.4748
12.5005
12.5262
12.5518
12.5775
12.6032
12.6288
12.6545
12.6801
12.7058
12.7314
12.7571
12.7828
12.8085
12.8342
12.8599
12.8856
12.9113
12.937
12.9626
12.9883
13.014
13.0397
13.0654
13.0911
13.1168
13.1425
13.1682
13.1939
13.2196
13.2453
13.271
13.2967
13.3223
13.348
13.3736
13.3993
13.425
13.4507
13.4763
13.502
13.5277
13.5534
13.5792
13.6048
13.6305
13.6562
13.6818
13.7074
13.733
13.7586
13.7842
13.8099
13.8356
13.8612
13.8869
13.9125
13.9382
13.9638
13.9895
14.0152
14.0409
14.0666
14.0923
14.118
14.1437
14.1694
14.1951
14.2208
14.2465
14.2722
14.2979
14.3236
14.3494
14.3751
14.4008
14.4265
14.4522
14.4779
14.5036
14.5293
14.555
14.5807
14.6064
14.6321
14.6578
14.6835
14.7092
14.7349
14.7606
14.7862
14.8119
14.8376
14.8633
14.889
14.9146
14.9404
14.966
14.9917
15.0174
15.0431
15.0688
15.0945
15.1202
15.1459
15.1716
15.1973
15.223
15.2487
15.2744
15.3001
15.3258
15.3515
15.3772
15.4031
15.4287
15.4544
15.4801
15.5058
15.5315
15.5571
15.5828
15.6085
15.6342
15.6599
15.6855
15.7112
15.7369
15.7626
15.7883
15.8139
15.8397
15.8654
15.891
15.9167
15.9424
15.9681
15.9937
16.0194
16.045
16.0708
16.0964
16.1221
16.1478
16.1735
16.1992
16.2249
16.2506
16.2763
16.3019
16.3276
16.3533
16.379
16.4048
16.4304
16.4561
16.4818
16.5075
16.5332
16.5589
16.5846
16.6103
16.636
16.6617
16.6874
16.7131
16.7388
16.7644
16.7901
16.8158
16.8415
16.8672
16.8929
16.9186
16.9444
16.97
16.9957
17.0214
17.0471
17.0727
17.0984
17.124
17.1497
17.1754
17.2011
17.2269
17.2525
17.2782
17.3039
17.3296
17.3552
17.3809
17.4066
17.4323
17.458
17.4837
17.5094
17.5351
17.5607
17.5864
17.6121
17.6378
17.6635
17.6892
17.7148
17.7405
17.7662
17.7919
17.8176
17.8433
17.869
17.8947
17.9205
17.9462
17.9719
17.9976
18.0233
18.049
18.0747
18.1004
18.1261
18.1518
18.1775
18.2031
18.2288
18.2545
18.2802
18.3058
18.3315
18.3572
18.3829
18.4086
18.4342
18.4599
18.4856
18.5112
18.5369
18.5626
18.5883
18.614
18.6397
18.6653
18.691
18.7167
18.7424
18.7681
18.7938
18.8195
18.8452
18.8708
18.8965
18.9222
18.9479
18.9736
18.9993
19.025
19.0507
19.0764
19.102
19.1278
19.1535
19.1791
19.2048
19.2305
19.2562
19.2818
19.3075
19.3332
19.3589
19.3846
19.4102
19.4359
19.4616
19.4873
19.5129
19.5386
19.5643
19.59
19.6156
19.6413
19.667
19.6927
19.7184
19.7441
19.7698
19.7955
19.8211
19.8468
19.8725
19.8981
19.9238
19.9495
19.9752
20.0009
20.0266
20.0523
20.0779
20.1036
20.1294
20.1551
20.1808
20.2064
20.2321
20.2578
20.2835
20.3091
20.3348
20.3605
20.3862
20.4118
20.4375
20.4632
20.4889
20.5146
20.5402
20.5659
20.5916
20.6173
20.643
20.6686
20.6943
20.7199
20.7456
20.7712
20.7969
20.8226
20.8483
20.874
20.8996
20.9253
20.951
20.9767
21.0024
21.0281
21.0538
21.0794
21.1051
21.1308
21.1565
21.1822
21.2078
21.2335
21.2592
21.2849
21.3105
21.3362
21.3619
21.3876
21.4133
21.4389
21.4646
21.4902
21.5159
21.5416
21.5672
21.5929
21.6185
21.6442
21.6699
21.6957
21.7214
21.7471
21.7728
21.7985
21.8242
21.8498
21.8755
21.9011
21.9268
21.9525
21.9782
22.0038
22.0295
22.0552
22.0808
22.1065
22.1322
22.1579
22.1836
22.2093
22.235
22.2606
22.2863
22.312
22.3376
22.3633
22.389
22.4147
22.4404
22.466
22.4917
22.5173
22.5429
22.5686
22.5942
22.6199
22.6455
22.6712
22.6968
22.7225
22.7481
22.7738
22.7994
22.8251
22.8508
22.8764
22.9021
22.9278
22.9535
22.9792
23.0048
23.0305
23.0562
23.0819
23.1076
23.1332
23.1589
23.1846
23.2102
23.2359
23.2616
23.2873
23.3129
23.3386
23.3642
23.3899
23.4156
23.4413
23.467
23.4926
23.5182
23.5439
23.5695
23.5952
23.6208
23.6465
23.6722
23.6978
23.7235
23.7492
23.7749
23.8005
23.8262
23.8518
23.8775
23.9032
23.9289
23.9546
23.9803
24.0059
24.0316
24.0573
24.083
24.1087
24.1343
24.16
24.1857
24.2114
24.237
24.2627
24.2884
24.314
24.3397
24.3654
24.3911
24.4168
24.4425
24.4681
24.4938
24.5195
24.5452
24.5708
24.5965
24.6222
24.6478
24.6735
24.6992
24.7249
24.7505
24.7762
24.8019
24.8276
24.8533
24.879
24.9047
24.9303
24.956
24.9817
25.0074
25.0331
25.0587
25.0844
25.1101
25.1358
25.1614
25.1871
25.2128
25.2385
25.2642
25.2899
25.3156
25.3412
25.3669
25.3926
25.4182
25.4439
25.4696
25.4952
25.5209
25.5466
25.5723
25.598
25.6237
25.6493
25.675
25.7007
25.7264
25.752
25.7777
25.8034
25.8291
25.8548
25.8805
25.9062
25.9319
25.9576
25.9833
26.009
26.0347
26.0604
26.0861
26.1118
26.1375
26.1632
26.1889
26.2146
26.2403
26.266
26.2917
26.3174
26.3431
26.3688
26.3945
26.4202
26.4459
26.4716
26.4972
26.5229
26.5485
26.5742
26.5999
26.6256
26.6513
26.6769
26.7026
26.7282
26.7539
26.7796
26.8053
26.8309
26.8566
26.8822
26.9079
26.9336
26.9593
26.985
27.0107
27.0364
27.0621
27.0878
27.1135
27.1392
27.1649
27.1906
27.2163
27.242
27.2677
27.2934
27.3191
27.3448
27.3705
27.3962
27.4219
27.4476
27.4732
27.4989
27.5246
27.5503
27.576
27.6017
27.6274
27.6531
27.6788
27.7045
27.7302
27.7559
27.7816
27.8072
27.8329
27.8586
27.8843
27.91
27.9356
27.9614
27.987
28.0127
28.0384
28.0641
28.0898
28.1155
28.1412
28.1669
28.1926
28.2183
28.244
28.2696
28.2953
28.321
28.3467
28.3724
28.3981
28.4238
28.4495
28.4751
28.5008
28.5265
28.5522
28.5779
28.6036
28.6293
28.655
28.6807
28.7064
28.7321
28.7578
28.7835
28.8092
28.8349
28.8605
28.8862
28.9119
28.9376
28.9632
28.9889
29.0146
29.0403
29.066
29.0917
29.1174
29.1431
29.1687
29.1944
29.2202
29.2459
29.2716
29.2973
29.323
29.3486
29.3743
29.4
29.4257
29.4514
29.4771
29.5029
29.5286
29.5542
29.5799
29.6056
29.6313
29.657
29.6827
29.7084
29.7341
29.7598
29.7854
29.8111
29.8368
29.8625
29.8882
29.9139
29.9396
29.9653
29.991
30.0166
30.0423
30.068
30.0937
30.1194
30.1451
30.1708
30.1965
30.2222
30.2479
30.2736
30.2993
30.325
30.3507
30.3764
30.4021
30.4277
30.4534
30.4792
30.5049
30.5305
30.5562
30.5819
30.6076
30.6333
30.659
30.6847
30.7104
30.7361
30.7618
30.7874
30.8131
30.8388
30.8646
30.8902
30.9159
30.9416
30.9673
30.993
31.0187
31.0444
31.0701
31.0957
31.1214
31.1471
31.1727
31.1984
31.2241
31.2498
31.2755
31.3012
31.3269
31.3525
31.3782
31.4039
31.4296
31.4553
31.481
31.5066
31.5323
31.558
31.5837
31.6095
31.6352
31.6609
31.6866
31.7123
31.738
31.7637
31.7894
31.8152
31.8409
31.8666
31.8923
31.918
31.9437
31.9694
31.9951
32.0208
32.0465
32.0722
32.0979
32.1236
32.1493
32.175
32.2007
32.2264
32.2521
32.2778
32.3035
32.3291
32.3548
32.3805
32.4062
32.4319
32.4576
32.4833
32.509
32.5346
32.5603
32.586
32.6116
32.6373
32.663
32.6886
32.7143
32.74
32.7656
32.7913
32.8169
32.8426
32.8683
32.894
32.9197
32.9454
32.9711
32.9967
33.0224
33.0481
33.0738
33.0995
33.1252
33.1509
33.1766
33.2022
33.2279
33.2536
33.2793
33.305
33.3306
33.3563
33.382
33.4077
33.4334
33.4591
33.4848
33.5105
33.5362
33.5618
33.5875
33.6132
33.6389
33.6645
33.6902
33.7159
33.7417
33.7674
33.7931
33.8188
33.8445
33.8702
33.8958
33.9215
33.9472
33.9728
33.9985
34.0242
34.0498
34.0756
34.1013
34.127
34.1526
34.1783
34.204
34.2297
34.2554
34.2811
34.3068
34.3325
34.3582
34.3839
34.4096
34.4353
34.461
34.4867
34.5124
34.5381
34.5638
34.5895
34.6152
34.6409
34.6666
34.6923
34.7179
34.7436
34.7693
34.795
34.8207
34.8464
34.8721
34.8978
34.9235
34.9492
34.9749
35.0006
35.0262
35.0519
35.0776
35.1033
35.129
35.1546
35.1803
35.206
35.2317
35.2574
35.2831
35.3088
35.3345
35.3602
35.3859
35.4115
35.4372
35.4629
35.4886
35.5143
35.54
35.5657
35.5914
35.6171
35.6428
35.6686
35.6942
35.7199
35.7456
35.7713
35.797
35.8227
35.8484
35.8741
35.8998
35.9255
35.9512
35.9769
36.0025
36.0282
36.0539
36.0797
36.1054
36.1311
36.1567
36.1824
36.2081
36.2338
36.2595
36.2852
36.311
36.3367
36.3624
36.3881
36.4137
36.4394
36.4651
36.4908
36.5165
36.5422
36.5679
36.5936
36.6193
36.645
36.6707
36.6964
36.7221
36.7478
36.7735
36.7992
36.8249
36.8506
36.8763
36.9019
36.9276
36.9533
36.9791
37.0048
37.0306
37.0563
37.0819
37.1076
37.1333
37.159
37.1847
37.2104
37.236
37.2618
37.2875
37.3131
37.3388
37.3645
37.3902
37.4159
37.4416
37.4672
37.4929
37.5186
37.5442
37.5699
37.5955
37.6212
37.6469
37.6726
37.6982
37.7239
37.7496
37.7753
37.801
37.8266
37.8523
37.878
37.9037
37.9293
37.955
37.9807
38.0064
38.032
38.0577
38.0834
38.1091
38.1348
38.1605
38.1862
38.2118
38.2375
38.2632
38.289
38.3146
38.3403
38.366
38.3917
38.4173
38.443
38.4686
38.4943
38.5199
38.5456
38.5713
38.5969
38.6226
38.6483
38.6739
38.6997
38.7254
38.7511
38.7768
38.8025
38.8282
38.8539
38.8796
38.9052
38.9309
38.9566
38.9823
39.008
39.0336
39.0593
39.085
39.1107
39.1363
39.162
39.1877
39.2134
39.239
39.2647
39.2903
39.316
39.3417
39.3674
39.3931
39.4187
39.4444
39.4702
39.4959
39.5215
39.5472
39.5729
39.5985
39.6242
39.6498
39.6755
39.7011
39.7268
39.7524
39.7781
39.8038
39.8294
39.8551
39.8808
39.9065
39.9322
39.9578
39.9835
40.0092
40.0348
40.0605
40.0862
40.1119
40.1375
40.1633
40.189
40.2147
40.2403
40.266
40.2917
40.3174
40.3431
40.3687
40.3944
40.4201
40.4458
40.4715
40.4972
40.5229
40.5485
40.5741
40.5998
40.6255
40.6511
40.6767
40.7024
40.7281
40.7537
40.7794
40.8051
40.8308
40.8565
40.8822
40.9079
40.9335
40.9592
40.9849
41.0106
41.0362
41.0619
41.0876
41.1133
41.139
41.1647
41.1904
41.2161
41.2418
41.2675
41.2931
41.3188
41.3445
41.3702
41.3959
41.4216
41.4473
41.473
41.4987
41.5243
41.5501
41.5758
41.6014
41.6271
41.6528
41.6785
41.7041
41.7299
41.7556
41.7812
41.8069
41.8326
41.8582
41.8839
41.9095
41.9352
41.9609
41.9865
42.0122
42.0379
42.0636
42.0893
42.1149
42.1406
42.1662
42.1919
42.2177
42.2433
42.269
42.2947
42.3204
42.3461
42.3718
42.3975
42.4231
42.4488
42.4744
42.5001
42.5258
42.5514
42.5771
42.6028
42.6285
42.6541
42.6798
42.7054
42.7311
42.7567
42.7824
42.808
42.8337
42.8595
42.8851
42.9108
42.9365
42.9621
42.9878
43.0135
43.0392
43.0648
43.0905
43.1162
43.1419
43.1676
43.1933
43.219
43.2447
43.2703
43.296
43.3217
43.3474
43.3731
43.3987
43.4244
43.4501
43.4758
43.5015
43.5272
43.5528
43.5786
43.6042
43.6299
43.6556
43.6813
43.7069
43.7326
43.7583
43.784
43.8097
43.8354
43.8611
43.8868
43.9124
43.9381
43.9638
43.9894
44.0151
44.0407
44.0664
44.0921
44.1178
44.1435
44.1692
44.1948
44.2206
44.2462
44.2719
44.2976
44.3232
44.3489
44.3746
44.4003
44.426
44.4517
44.4774
44.5031
44.5287
44.5544
44.5801
44.6058
44.6315
44.6572
44.6829
44.7086
44.7342
44.7599
44.7856
44.8113
44.837
44.8627
44.8884
44.914
44.9397
44.9654
44.9911
45.0167
45.0424
45.0681
45.0938
45.1194
45.1451
45.1708
45.1964
45.2221
45.2478
45.2735
45.2992
45.3248
45.3505
45.3762
45.4019
45.4276
45.4533
45.479
45.5047
45.5304
45.556
45.5817
45.6074
45.6331
45.6587
45.6844
45.7101
45.7358
45.7615
45.7871
45.8128
45.8385
45.8642
45.8898
45.9155
45.9412
45.9669
45.9925
46.0182
46.0439
46.0696
46.0953
46.1209
46.1466
46.1723
46.198
46.2237
46.2494
46.2751
46.3008
46.3264
46.3521
46.3778
46.4035
46.4292
46.4549
46.4806
46.5062
46.5319
46.5576
46.5833
46.609
46.6347
46.6604
46.6861
46.7117
46.7374
46.7631
46.7888
46.8145
46.8402
46.8659
46.8916
46.9173
46.943
46.9687
46.9944
47.0201
47.0458
47.0715
47.0972
47.1229
47.1486
47.1742
47.1999
47.2256
47.2513
47.277
47.3027
47.3284
47.354
47.3797
47.4054
47.4311
47.4568
47.4825
47.5083
47.5339
47.5596
47.5853
47.611
47.6367
47.6623
47.688
47.7137
47.7394
47.7651
47.7908
47.8165
47.8422
47.8678
47.8935
47.9192
47.945
47.9706
47.9963
48.022
48.0476
48.0733
48.099
48.1247
48.1504
48.1761
48.2017
48.2274
48.2531
48.2787
48.3044
48.3301
48.3558
48.3814
48.4071
48.4328
48.4585
48.4842
48.5099
48.5356
48.5613
48.5869
48.6126
48.6383
48.664
48.6897
48.7154
48.7411
48.7668
48.7925
48.8182
48.8439
48.8695
48.8953
48.9209
48.9466
48.9723
48.998
49.0237
49.0494
49.0751
49.1008
49.1264
49.1521
49.1778
49.2035
49.2292
49.2548
49.2805
49.3062
49.3319
49.3576
49.3833
49.409
49.4346
49.4603
49.486
49.5117
49.5374
49.5631
49.5887
49.6144
49.6401
49.6658
49.6915
49.7172
49.7429
49.7686
49.7942
49.8199
49.8456
49.8713
49.8969
49.9226
49.9483
49.974
49.9997
50.0254
50.051
50.0767
50.1024
50.1281
50.1538
50.1795
50.2052
50.2308
50.2565
50.2822
50.3079
50.3335
50.3592
50.3848
50.4105
50.4362
50.4618
50.4875
50.5131
50.5388
50.5645
50.5901
50.6158
50.6415
50.6672
50.6929
50.7185
50.7442
50.7699
50.7956
50.8213
50.847
50.8727
50.8983
50.924
50.9497
50.9754
51.0011
51.0268
51.0524
51.0781
51.1038
51.1295
51.1551
51.1808
51.2065
51.2321
51.2578
51.2835
51.3092
51.3349
51.3606
51.3862
51.4119
51.4376
51.4632
51.4889
51.5398
51.5655
51.5912
51.6169
51.6426
51.6683
51.6939
51.7196
51.7453
51.771
51.7967
51.8223
51.848
51.8737
51.8994
51.9251
51.9508
51.9764
52.0021
52.0278
52.0534
52.0791
52.1048
52.1305
52.1562
52.1819
52.2075
52.2332
52.2589
52.2846
52.3102
52.3359
52.3616
52.3872
52.4129
52.4386
52.4643
52.49
52.5157
52.5414
52.567
52.5926
52.6183
52.6439
52.6696
52.6953
52.7209
52.7466
52.7722
52.7978
52.8234
52.8491
52.8748
52.9004
52.9261
52.9518
52.9774
53.0031
53.0288
53.0544
53.0801
53.1058
53.1315
53.1572
53.1829
53.2086
53.2343
53.26
53.2857
53.3114
53.337
53.3627
53.3884
53.4141
53.4398
53.4655
53.4911
53.5169
53.5425
53.5682
53.5939
53.6196
53.6453
53.671
53.6966
53.7223
53.748
53.7737
53.7994
53.8251
53.8508
53.8764
53.9022
53.9279
53.9536
53.9792
54.005
54.0306
54.0563
54.082
54.1077
54.1333
54.159
54.1847
54.2103
54.236
54.2675
54.2932
54.3189
54.3446
54.3703
54.396
54.4217
54.4474
54.4731
54.4988
54.5245
54.5502
54.5759
54.6062
54.6355
54.6612
54.6868
54.7125
54.7382
54.7638
54.7895
54.8152
54.8409
54.8665
54.8922
54.9179
54.9436
54.9693
54.995
55.0207
55.0464
55.072
55.0977
55.1234
55.1491
55.1747
55.2004
55.2261
55.2518
55.2775
55.3032
55.3289
55.3546
55.3803
55.406
55.4317
55.4574
55.483
55.5087
55.5344
55.5601
55.5858
55.6114
55.6372
55.6629
55.6886
55.7143
55.7399
55.7656
55.7913
55.817
55.8427
55.8684
55.894
55.9197
55.9455
55.9711
55.9968
56.0225
56.0481
56.0738
56.0995
56.1252
56.1508
56.1765
56.2022
56.2279
56.2535
56.2792
56.3049
56.3306
56.3562
56.3819
56.4076
56.4332
56.4589
56.4846
56.5103
56.536
56.5617
56.5875
56.6131
56.6388
56.6645
56.6902
56.7159
56.7416
56.7673
56.793
56.8186
56.8443
56.87
56.8957
56.9214
56.9471
56.9728
56.9984
57.0241
57.0498
57.0755
57.1012
57.1268
57.1526
57.1782
57.2039
57.2296
57.2553
57.281
57.3067
57.3323
57.358
57.3837
57.4093
57.435
57.4607
57.4863
57.512
57.5377
57.5634
57.589
57.6147
57.6404
57.6661
57.6917
57.7175
57.7431
57.7688
57.7945
57.8202
57.8458
57.8715
57.8972
57.9228
57.9485
57.9741
57.9998
58.0255
58.0511
58.0768
58.1025
58.1282
58.1539
58.1796
58.2053
58.2309
58.2566
58.2822
58.3079
58.3336
58.3593
58.385
58.4107
58.4363
58.462
58.4876
58.5133
58.5389
58.5646
58.5902
58.6159
58.6416
58.6672
58.6929
58.7186
58.7443
58.7699
58.7956
58.8213
58.847
58.8726
58.8982
58.9239
58.9496
58.9753
59.001
59.0266
59.0523
59.0779
59.1036
59.1293
59.1549
59.1806
59.2062
59.2319
59.2576
59.2833
59.3089
59.3346
59.3603
59.386
59.4117
59.4374
59.4631
59.4888
59.5144
59.5401
59.5658
59.5915
59.6171
59.6428
59.6685
59.6942
59.7199
59.7455
59.7712
59.7969
59.8226
59.8483
59.8739
59.8996
59.9253
59.951
59.9767
60.0024
60.0281
60.0538
60.0795
60.1051
60.1308
60.1565
60.1821
60.2078
60.2335
60.2592
60.2849
60.3106
60.3363
60.362
60.3877
60.4133
60.439
60.4647
60.4904
60.5161
60.5418
60.5675
60.5932
60.6188
60.6445
60.6701
60.6958
60.7215
60.7471
60.7728
60.7985
60.8242
60.8499
60.8755
60.9012
60.9268
60.9525
60.9782
61.0038
61.0295
61.0552
61.0809
61.1065
61.1322
61.1579
61.1836
61.2092
61.2349
61.2605
61.2862
61.3119
61.3376
61.3632
61.3889
61.4146
61.4402
61.466
61.4917
61.5174
61.543
61.5687
61.5944
61.6201
61.6458
61.6714
61.6971
61.7228
61.7485
61.7742
61.7999
61.8255
61.8512
61.8769
61.9026
61.9283
61.9539
61.9796
62.0053
62.031
62.0567
62.0824
62.1081
62.1338
62.1594
62.1851
62.2108
62.2365
62.2622
62.2879
62.3136
62.3393
62.365
62.3906
62.4163
62.442
62.4677
62.4933
62.519
62.5447
62.5703
62.596
62.6217
62.6474
62.673
62.6987
62.7243
62.75
62.7757
62.8014
62.827
62.8527
62.8784
62.9041
62.9298
62.9555
62.9812
63.0068
63.0325
63.0582
63.0838
63.1096
63.1352
63.1609
63.1866
63.2123
63.238
63.2637
63.2893
63.3151
63.3407
63.3664
63.3921
63.4178
63.4435
63.4692
63.4949
63.5206
63.5462
63.5719
63.5976
63.6233
63.649
63.6747
63.7004
63.726
63.7517
63.7774
63.8031
63.8288
63.8545
63.8801
63.9058
63.9315
63.9572
63.983
64.0087
64.0343
64.06
64.0858
64.1182
64.1439
64.1696
64.1954
64.2211
64.2468
64.2724
64.2982
64.3238
64.3495
64.3752
64.4009
64.4266
64.4523
64.478
64.5037
64.5294
64.5551
64.5808
64.6065
64.6321
64.6578
64.6835
64.7091
64.7348
64.7605
64.7862
64.8119
64.8376
64.8633
64.889
64.9147
64.9403
64.966
64.9917
65.0174
65.0431
65.0688
65.0945
65.1201
65.1458
65.1715
65.1972
65.2229
65.2486
65.2743
65.3
65.3256
65.3513
65.377
65.4027
65.4283
65.454
65.4797
65.5053
65.531
65.5566
65.5823
65.608
65.6337
65.6594
65.6851
65.7108
65.7364
65.7621
65.7878
65.8134
65.8391
65.8648
65.8905
65.9162
65.9418
65.9675
65.9932
66.0189
66.0446
66.0702
66.0959
66.1216
66.1473
66.173
66.1986
66.2243
66.25
66.2756
66.3013
66.327
66.3527
66.3784
66.4041
66.4298
66.4556
66.4812
66.5069
66.5326
66.5583
66.584
66.6097
66.6353
66.661
66.6867
66.7124
66.7381
66.7637
66.7894
66.8151
66.8407
66.8664
66.8921
66.9177
66.9434
66.9691
66.9948
67.0205
67.0461
67.0718
67.0975
67.1232
67.1489
67.1745
67.2002
67.2259
67.2516
67.2773
67.3029
67.3286
67.3544
67.3801
67.4057
67.4314
67.4571
67.4828
67.5085
67.5342
67.5599
67.5856
67.6113
67.637
67.6626
67.6883
67.714
67.7396
67.7653
67.7909
67.8166
67.8422
67.8679
67.8936
67.9193
67.9449
67.9705
67.9962
68.0219
68.0476
68.0733
68.099
68.1247
68.1503
68.176
68.2017
68.2274
68.253
68.2787
68.3044
68.3302
68.3559
68.3816
68.4073
68.433
68.4587
68.4844
68.5101
68.5358
68.5615
68.5871
68.6128
68.6385
68.6642
68.6899
68.7155
68.7412
68.7668
68.7925
68.8182
68.8439
68.8696
68.8953
68.921
68.9466
68.9723
68.998
69.0237
69.0494
69.075
69.1007
69.1264
69.1521
69.1777
69.2034
69.2291
69.2547
69.2804
69.3061
69.3318
69.3574
69.3831
69.4088
69.4345
69.4602
69.4859
69.5116
69.5373
69.563
69.5887
69.6144
69.6401
69.6658
69.6915
69.7172
69.7428
69.7685
69.7942
69.8198
69.8455
69.8711
69.8968
69.9225
69.9481
69.9738
69.9995
70.0252
70.0509
70.0765
70.1022
70.1279
70.1535
70.1793
70.2049
70.2306
70.2563
70.282
70.3077
70.3334
70.3591
70.3848
70.4105
70.4362
70.4618
70.4875
70.5132
70.5389
70.5646
70.5903
70.616
70.6417
70.6674
70.6931
70.7188
70.7445
70.7702
70.7959
70.8216
70.8473
70.873
70.8987
70.9244
70.9501
70.9758
71.0015
71.0272
71.0529
71.0786
71.1043
71.13
71.1557
71.1816
71.2073
71.2329
71.2586
71.2843
71.31
71.336
71.3617
71.3874
71.4131
71.4387
71.4645
71.4902
71.5159
71.5416
71.5673
71.593
71.6187
71.6444
71.6701
71.6958
71.7215
71.7472
71.7729
71.7986
71.8242
71.8499
71.8757
71.9013
71.927
71.9527
71.9783
72.004
72.0297
72.0553
72.081
72.1069
72.1326
72.1582
72.1839
72.2096
72.2353
72.261
72.2867
72.3124
72.3381
72.3638
72.3895
72.4151
72.4408
72.4665
72.4922
72.5179
72.5436
72.5693
72.595
72.6207
72.6463
72.672
72.6977
72.7234
72.749
72.7746
72.8003
72.826
72.8517
72.8774
72.9031
72.9288
72.9545
72.9801
73.0058
73.0315
73.0572
73.0829
73.1086
73.1342
73.1599
73.1855
73.2112
73.2369
73.2626
73.2883
73.314
73.3397
73.3654
73.391
73.4167
73.4424
73.4681
73.4938
73.5194
73.5451
73.5708
73.5964
73.6221
73.6478
73.6735
73.6992
73.7249
73.7506
73.7762
73.8019
73.8276
73.8533
73.8789
73.9047
73.9303
73.956
73.9817
74.0073
74.033
74.0587
74.0844
74.11
74.1357
74.1613
74.187
74.2126
74.2383
74.264
74.2896
74.3153
74.3411
74.3667
74.3924
74.4181
74.4438
74.4694
74.4951
74.5207
74.5464
74.5721
74.5978
74.6234
74.6491
74.6748
74.7005
74.7262
74.7518
74.7775
74.8031
74.8288
74.8545
74.8802
74.9058
74.9315
74.9572
74.9829
75.0086
75.0343
75.06
75.0857
75.1114
75.137
75.1627
75.1884
75.2141
75.2398
75.2654
75.2911
75.3168
75.3425
75.3682
75.3938
75.4195
75.4452
75.4709
75.4966
75.5222
75.5479
75.5736
75.5993
75.6249
75.6506
75.6763
75.702
75.7277
75.7534
75.7791
75.8047
75.8304
75.8561
75.8817
75.9074
75.9331
75.9587
75.9844
76.0101
76.0357
76.0614
76.0871
76.1127
76.1384
76.1641
76.1898
76.2155
76.2411
76.2668
76.2924
76.3181
76.3438
76.3694
76.3951
76.4208
76.4464
76.4721
76.4978
76.5235
76.5492
76.5749
76.6006
76.6262
76.6519
76.6776
76.7032
76.7289
76.7546
76.7803
76.806
76.8317
76.8573
76.883
76.9087
76.9343
76.96
76.9857
77.0114
77.037
77.0627
77.0884
77.1141
77.1398
77.1655
77.1911
77.2168
77.2425
77.2681
77.2938
77.3195
77.3452
77.3708
77.4062
77.4319
77.4576
77.4833
77.509
77.5347
77.5604
77.5861
77.6118
77.6375
77.6631
77.6888
77.7144
77.7401
77.7658
77.7915
77.8172
77.8429
77.8686
77.8942
77.9199
77.9456
77.9712
77.9969
78.0226
78.0482
78.0739
78.0996
78.1253
78.1509
78.1766
78.2022
78.2279
78.2536
78.2793
78.305
78.3307
78.3563
78.3822
78.4078
78.4335
78.4591
78.4848
78.5105
78.5362
78.5618
78.5875
78.6132
78.6388
78.6645
78.6902
78.7159
78.7416
78.7672
78.7929
78.8186
78.8443
78.8699
78.8956
78.9213
78.947
78.9726
78.9983
79.024
79.0496
79.0753
79.101
79.1267
79.1523
79.178
79.2037
79.2294
79.255
79.2807
79.3064
79.3321
79.3577
79.3834
79.4091
79.4348
79.4605
79.4861
79.5118
79.5375
79.5631
79.5888
79.6145
79.6401
79.6658
79.6915
79.7172
79.7429
79.7686
79.7942
79.8199
79.8456
79.8713
79.897
79.9227
79.9484
79.974
79.9997
80.0254
80.0511
80.0767
80.1024
80.1281
80.1537
80.1794
80.2051
80.2308
80.2565
80.2822
80.3079
80.3336
80.3592
80.3849
80.4105
80.4362
80.4619
80.4875
80.5132
80.5389
80.5645
80.5902
80.6158
80.6415
80.6672
80.6929
80.7185
80.7442
80.7699
80.7956
80.8213
80.8469
80.8726
80.8983
80.924
80.9497
80.9754
81.0011
81.0268
81.0525
81.0782
81.1038
81.1295
81.1552
81.1809
81.2066
81.2323
81.258
81.2837
81.3094
81.335
81.3607
81.3864
81.4121
81.4377
81.4635
81.4892
81.5148
81.5405
81.5662
81.5919
81.6176
81.6433
81.669
81.6947
81.7203
81.746
81.7717
81.7974
81.823
81.8487
81.8744
81.9001
81.9258
81.9515
81.9771
82.0028
82.0285
82.0541
82.0798
82.1055
82.1312
82.1568
82.1825
82.2082
82.2338
82.2595
82.2853
82.3109
82.3366
82.3623
82.388
82.4136
82.4393
82.465
82.4907
82.5164
82.5421
82.5678
82.5934
82.6191
82.6448
82.6704
82.6961
82.7217
82.7474
82.7731
82.7987
82.8244
82.8501
82.8758
82.9015
82.9272
82.9528
82.9785
83.0042
83.0299
83.0556
83.0812
83.1069
83.1326
83.1583
83.184
83.2097
83.2354
83.261
83.2867
83.3124
83.3381
83.3638
83.3894
83.4152
83.4409
83.4665
83.4922
83.5179
83.5436
83.5693
83.595
83.6207
83.6463
83.672
83.6977
83.7234
83.7491
83.7747
83.8004
83.8261
83.8518
83.8774
83.9031
83.9288
83.9544
83.9801
84.0058
84.0315
84.0571
84.0828
84.1085
84.1342
84.1598
84.1855
84.2112
84.2369
84.2626
84.2883
84.3139
84.3396
84.3653
84.3909
84.4166
84.4422
84.4679
84.4936
84.5193
84.545
84.5707
84.5964
84.622
84.6477
84.6734
84.6991
84.7248
84.7505
84.7761
84.8018
84.8275
84.8532
84.8788
84.9045
84.9302
84.9558
84.9815
85.0072
85.0328
85.0585
85.0842
85.1098
85.1356
85.1612
85.1869
85.2126
85.2382
85.2639
85.2896
85.3152
85.3409
85.3666
85.3923
85.4179
85.4436
85.4693
85.4949
85.5206
85.5462
85.5719
85.5976
85.6233
85.649
85.6746
85.7003
85.726
85.7517
85.7773
85.803
85.8287
85.8544
85.88
85.9057
85.9313
85.957
85.9827
86.0083
86.034
86.0597
86.0854
86.111
86.1367
86.1624
86.1881
86.2138
86.2395
86.2651
86.2908
86.3165
86.3422
86.3679
86.3936
86.4193
86.445
86.4706
86.4964
86.5221
86.5478
86.5735
86.5992
86.6249
86.6505
86.6762
86.7019
86.7276
86.7533
86.779
86.8046
86.8303
86.856
86.8817
86.9074
86.933
86.9587
86.9844
87.01
87.0356
87.0613
87.0869
87.1126
87.1383
87.164
87.1897
87.2153
87.241
87.2667
87.2923
87.318
87.3436
87.3693
87.395
87.4207
87.4464
87.4721
87.4978
87.5234
87.5491
87.5748
87.6005
87.6262
87.6518
87.6775
87.7032
87.7288
87.7545
87.7802
87.8059
87.8316
87.8572
87.8829
87.9086
87.9343
87.96
87.9856
88.0112
88.0369
88.0626
88.0883
88.1139
88.1397
88.1653
88.191
88.2167
88.2424
88.268
88.2937
88.3194
88.3451
88.3708
88.3964
88.4221
88.4478
88.4735
88.4992
88.5248
88.5505
88.5762
88.6019
88.6276
88.6533
88.679
88.7046
88.7303
88.756
88.7817
88.8074
88.8331
88.8588
88.8844
88.9101
88.9358
88.9615
88.9871
89.0128
89.0384
89.0641
89.0898
89.1154
89.1411
89.1667
89.1924
89.2181
89.2437
89.2694
89.2951
89.3207
89.3464
89.372
89.3977
89.4234
89.4491
89.4748
89.5004
89.5261
89.5518
89.5775
89.6031
89.6288
89.6545
89.6801
89.7058
89.7315
89.7572
89.7829
89.8085
89.8342
89.8599
89.8856
89.9112
89.9369
89.9626
89.9883
90.014
90.0396
90.0653
90.091
90.1167
90.1423
90.168
90.1937
90.2194
90.2451
90.2708
90.2965
90.3221
90.3478
90.3735
90.3991
90.4248
90.4505
90.4762
90.5019
90.5275
90.5532
90.5789
90.6046
90.6303
90.656
90.6817
90.7074
90.7331
90.7587
90.7844
90.8101
90.8358
90.8615
90.8872
90.9129
90.9385
90.9642
90.9899
91.0156
91.0413
91.067
91.0927
91.1183
91.144
91.1697
91.1954
91.2211
91.2468
91.2724
91.2981
91.3238
91.3495
91.3751
91.4008
91.4264
91.4521
91.4778
91.5035
91.5292
91.5549
91.5806
91.6062
91.6319
91.6576
91.6833
91.7089
91.7346
91.7603
91.7859
91.8116
91.8373
91.863
91.8887
91.9144
91.9401
91.9657
91.9914
92.0171
92.0427
92.0684
92.0941
92.1198
92.1455
92.1711
92.1968
92.2228
92.2485
92.2742
92.2999
92.3255
92.3512
92.3769
92.4025
92.4283
92.4539
92.4797
92.5054
92.5311
92.5568
92.5824
92.6081
92.6338
92.6594
92.6851
92.7107
92.7364
92.7621
92.7877
92.8134
92.8391
92.8648
92.8905
92.9161
92.9418
92.9675
92.9932
93.0189
93.0446
93.0702
93.0959
93.1216
93.1473
93.173
93.1987
93.2243
93.25
93.2757
93.3014
93.3271
93.3528
93.3784
93.4041
93.4298
93.4555
93.4811
93.5068
93.5325
93.5581
93.5838
93.6095
93.6351
93.6608
93.6865
93.7122
93.7379
93.7636
93.7893
93.815
93.8407
93.8663
93.892
93.9177
93.9434
93.9691
93.9948
94.0205
94.0462
94.0719
94.0976
94.1233
94.149
94.1746
94.2003
94.226
94.2517
94.2774
94.3031
94.3288
94.3544
94.3801
94.4058
94.4315
94.4572
94.4829
94.5086
94.5342
94.5599
94.5856
94.6115
94.6372
94.6629
94.6886
94.7142
94.7399
94.7656
94.7913
94.817
94.8427
94.8684
94.8941
94.9197
94.9454
94.9711
94.9968
95.0224
95.0481
95.0738
95.0995
95.1252
95.1509
95.1765
95.2022
95.2279
95.2536
95.2793
95.305
95.3307
95.3564
95.3821
95.4078
95.4335
95.4591
95.4848
95.5105
95.5362
95.5619
95.5876
95.6132
95.6389
95.6645
95.6902
95.7159
95.7415
95.7672
95.7929
95.8186
95.8443
95.8699
95.8956
95.9213
95.947
95.9726
95.9983
96.0241
96.0497
96.0754
96.1011
96.1268
96.1525
96.1782
96.2038
96.2295
96.2552
96.2808
96.3065
96.3322
96.3579
96.3835
96.4092
96.4349
96.4606
96.4862
96.5119
96.5376
96.5632
96.5889
96.6146
96.6403
96.666
96.6917
96.7174
96.7431
96.7687
96.7944
96.8201
96.8458
96.8714
96.8971
96.9228
96.9485
96.9741
96.9998
97.0255
97.0511
97.0768
97.1025
97.1282
97.1538
97.1795
97.2051
97.2308
97.2565
97.2821
97.3078
97.3335
97.3592
97.3849
97.4105
97.4362
97.4619
97.4875
97.5132
97.5389
97.5645
97.5902
97.6159
97.6415
97.6672
97.6929
97.7186
97.7443
97.77
97.7956
97.8213
97.847
97.8726
97.8983
97.9239
97.9496
97.9753
98.001
98.0267
98.0523
98.078
98.1037
98.1293
98.155
98.1807
98.2064
98.2321
98.2577
98.2835
98.3091
98.3348
98.3605
98.3862
98.4118
98.4375
98.4632
98.4888
98.5145
98.5402
98.5659
98.5916
98.6173
98.643
98.6687
98.6944
98.7201
98.7458
98.7714
98.7971
98.8228
98.8485
98.8742
98.8998
98.9255
98.9512
98.9769
99.0026
99.0282
99.0539
99.0796
99.1052
99.1309
99.1566
99.1823
99.208
99.2337
99.2594
99.2851
99.3107
99.3364
99.362
99.3877
99.4134
99.4391
99.4647
99.4904
99.5161
99.5417
99.5674
99.5931
99.6188
99.6444
99.6701
99.6957
99.7214
99.7471
99.7728
99.7984
99.8241
99.8497
99.8754
99.901
99.9267
99.9523
99.978
100.004
100.029
100.055
100.081
100.106
100.132
100.158
100.183
100.209
100.235
100.26
100.286
100.312
100.338
100.363
100.389
100.415
100.44
100.466
100.492
100.517
100.543
100.569
100.594
100.62
100.646
100.671
100.697
100.723
100.748
100.774
100.8
100.825
100.851
100.877
100.902
100.928
100.954
100.979
101.005
101.031
101.056
101.082
101.108
101.133
101.159
101.185
101.21
101.236
101.262
101.288
101.313
101.339
101.365
101.39
101.416
101.442
101.467
101.493
101.519
101.544
101.57
101.596
101.621
101.647
101.673
101.698
101.724
101.75
101.775
101.801
101.827
101.852
101.878
101.904
101.929
101.955
101.981
102.007
102.032
102.058
102.084
102.109
102.135
102.16
102.186
102.212
102.237
102.263
102.289
102.314
102.34
102.366
102.392
102.417
102.443
102.469
102.494
102.52
102.546
102.571
102.597
102.623
102.648
102.674
102.699
102.725
102.751
102.776
102.802
102.828
102.853
102.879
102.905
102.93
102.956
102.982
103.007
103.033
103.059
103.084
103.11
103.136
103.161
103.187
103.213
103.238
103.264
103.29
103.315
103.341
103.367
103.392
103.418
103.444
103.469
103.495
103.521
103.546
103.572
103.598
103.623
103.649
103.675
103.7
103.726
103.752
103.777
103.803
103.829
103.854
103.88
103.906
103.931
103.957
103.983
104.008
104.034
104.06
104.085
104.111
104.137
104.162
104.188
104.214
104.239
104.265
104.291
104.316
104.342
104.368
104.393
104.419
104.445
104.47
104.496
104.522
104.547
104.573
104.599
104.624
104.65
104.676
104.701
104.727
104.753
104.778
104.804
104.83
104.855
104.881
104.907
104.932
104.958
104.984
105.009
105.035
105.061
105.086
105.112
105.138
105.164
105.189
105.215
105.241
105.266
105.292
105.318
105.343
105.369
105.395
105.42
105.446
105.472
105.497
105.523
105.549
105.575
105.6
105.626
105.652
105.677
105.703
105.729
105.754
105.78
105.806
105.831
105.857
105.883
105.908
105.934
105.96
105.985
106.011
106.037
106.062
106.088
106.114
106.139
106.165
106.191
106.216
106.242
106.268
106.293
106.319
106.345
106.371
106.396
106.422
106.448
106.473
106.499
106.525
106.55
106.576
106.602
106.627
106.653
106.679
106.704
106.73
106.756
106.781
106.807
106.833
106.858
106.884
106.91
106.935
106.961
106.987
107.013
107.038
107.064
107.09
107.115
107.141
107.167
107.192
107.218
107.244
107.269
107.295
107.321
107.346
107.372
107.398
107.423
107.449
107.475
107.5
107.526
107.552
107.577
107.603
107.629
107.654
107.68
107.706
107.731
107.757
107.783
107.808
107.834
107.86
107.885
107.911
107.937
107.962
107.988
108.014
108.039
108.065
108.091
108.117
108.142
108.168
108.193
108.219
108.245
108.27
108.296
108.322
108.348
108.373
108.399
108.425
108.45
108.476
108.502
108.527
108.553
108.579
108.604
108.63
108.655
108.681
108.707
108.732
108.758
108.784
108.809
108.835
108.861
108.888
108.913
108.939
108.965
108.99
109.016
109.042
109.068
109.093
109.119
109.145
109.17
109.196
109.222
109.247
109.273
109.299
109.324
109.35
109.376
109.402
109.427
109.453
109.479
109.504
109.53
109.556
109.581
109.607
109.633
109.658
109.684
109.71
109.735
109.761
109.787
109.812
109.838
109.864
109.89
109.915
109.941
109.967
109.992
110.018
110.044
110.069
110.095
110.121
110.146
110.172
110.198
110.224
110.249
110.275
110.301
110.326
110.352
110.378
110.403
110.429
110.455
110.481
110.506
110.532
110.558
110.583
110.609
110.635
110.66
110.686
110.712
110.737
110.763
110.789
110.814
110.84
110.866
110.891
110.917
110.943
110.968
110.994
111.02
111.046
111.071
111.097
111.123
111.148
111.174
111.2
111.225
111.251
111.277
111.302
111.328
111.354
111.379
111.405
111.431
111.456
111.482
111.508
111.533
111.559
111.585
111.61
111.636
111.662
111.687
111.713
111.739
111.765
111.79
111.816
111.842
111.867
111.893
111.918
111.944
111.97
111.995
112.021
112.047
112.072
112.098
112.124
112.149
112.175
112.201
112.227
112.252
112.278
112.304
112.329
112.355
112.381
112.406
112.432
112.458
112.483
112.509
112.535
112.56
112.586
112.612
112.637
112.663
112.689
112.714
112.74
112.765
112.791
112.817
112.842
112.868
112.894
112.919
112.945
112.971
112.996
113.022
113.048
113.073
113.099
113.125
113.151
113.176
113.202
113.228
113.253
113.279
113.305
113.33
113.356
113.382
113.407
113.433
113.459
113.485
113.51
113.536
113.562
113.587
113.613
113.639
113.664
113.69
113.716
113.742
113.767
113.793
113.819
113.844
113.87
113.896
113.921
113.947
113.973
113.998
114.024
114.05
114.075
114.101
114.127
114.152
114.178
114.204
114.229
114.255
114.281
114.306
114.332
114.358
114.383
114.409
114.435
114.461
114.486
114.512
114.538
114.563
114.589
114.615
114.64
114.666
114.692
114.717
114.743
114.769
114.794
114.82
114.846
114.871
114.897
114.923
114.949
114.974
115
115.026
115.051
115.077
115.103
115.128
115.154
115.18
115.205
115.231
115.257
115.282
115.308
115.334
115.36
115.385
115.411
115.437
115.462
115.488
115.514
115.539
115.565
115.591
115.616
115.642
115.668
115.693
115.719
115.745
115.77
115.796
115.822
115.847
115.873
115.899
115.924
115.95
115.976
116.001
116.027
116.053
116.079
116.104
116.13
116.156
116.181
116.207
116.233
116.258
116.284
116.31
116.335
116.361
116.387
116.413
116.438
116.464
116.49
116.515
116.541
116.567
116.592
116.618
116.644
116.669
116.695
116.721
116.747
116.772
116.798
116.824
116.849
116.875
116.901
116.926
116.952
116.978
117.003
117.029
117.055
117.08
117.106
117.132
117.157
117.183
117.209
117.234
117.26
117.286
117.311
117.337
117.363
117.388
117.414
117.44
117.465
117.491
117.517
117.542
117.568
117.594
117.62
117.645
117.671
117.697
117.722
117.748
117.774
117.799
117.825
117.851
117.876
117.902
117.928
117.954
117.979
118.005
118.031
118.056
118.082
118.108
118.133
118.159
118.185
118.21
118.236
118.262
118.288
118.313
118.339
118.365
118.39
118.416
118.442
118.467
118.493
118.519
118.544
118.57
118.596
118.621
118.647
118.673
118.698
118.724
118.75
118.776
118.801
118.827
118.853
118.878
118.904
118.93
118.955
118.981
119.007
119.032
119.058
119.084
119.11
119.135
119.161
119.187
119.212
119.238
119.264
119.289
119.315
119.341
119.366
119.392
119.418
119.443
119.469
119.495
119.52
119.546
119.572
119.597
119.623
119.649
119.675
119.7
119.726
119.752
119.777
119.803
119.829
119.854
119.88
119.906
119.931
119.957
119.983
120.008
120.034
120.06
120.085
120.111
120.137
120.162
120.188
120.214
120.24
120.265
120.291
120.317
120.342
120.368
120.394
120.419
120.445
120.471
120.496
120.522
120.548
120.573
120.599
120.625
120.65
120.676
120.702
120.727
120.753
120.779
120.804
120.83
120.856
120.881
120.907
120.933
120.958
120.984
121.01
121.036
121.061
121.087
121.113
121.138
121.164
121.19
121.215
121.241
121.267
121.292
121.318
121.344
121.369
121.395
121.421
121.446
121.472
121.498
121.523
121.549
121.575
121.6
121.626
121.652
121.677
121.703
121.729
121.754
121.78
121.806
121.831
121.857
121.883
121.908
121.934
121.96
121.985
122.011
122.037
122.063
122.088
122.114
122.14
122.165
122.191
122.217
122.242
122.268
122.294
122.319
122.345
122.371
122.396
122.422
122.448
122.473
122.499
122.525
122.55
122.576
122.602
122.627
122.653
122.679
122.704
122.73
122.756
122.781
122.807
122.833
122.858
122.884
122.909
122.935
122.961
122.986
123.012
123.038
123.063
123.089
123.114
123.14
123.166
123.191
123.217
123.243
123.268
123.294
123.32
123.345
123.371
123.397
123.422
123.448
123.474
123.499
123.525
123.551
123.576
123.602
123.628
123.653
123.679
123.705
123.73
123.756
123.782
123.807
123.833
123.859
123.884
123.91
123.936
123.961
123.987
124.013
124.038
124.064
124.09
124.115
124.141
124.167
124.192
124.218
124.244
124.27
124.295
124.321
124.347
124.372
124.398
124.424
124.449
124.475
124.501
124.526
124.552
124.578
124.603
124.629
124.655
124.68
124.706
124.732
124.758
124.783
124.809
124.835
124.86
124.886
124.912
124.937
124.963
124.989
125.014
125.04
125.066
125.091
125.117
125.143
125.168
125.194
125.22
125.246
125.271
125.297
125.323
125.348
125.374
125.4
125.425
125.451
125.477
125.502
125.528
125.554
125.579
125.605
125.631
125.657
125.682
125.708
125.733
125.759
125.785
125.81
125.836
125.862
125.888
125.913
125.939
125.965
125.99
126.016
126.042
126.067
126.093
126.119
126.144
126.17
126.196
126.221
126.247
126.273
126.298
126.324
126.35
126.375
126.401
126.427
126.452
126.478
126.504
126.529
126.555
126.581
126.606
126.632
126.658
126.684
126.709
126.735
126.761
126.786
126.812
126.838
126.863
126.889
126.915
126.94
126.966
126.992
127.018
127.043
127.069
127.095
127.12
127.146
127.172
127.197
127.223
127.249
127.275
127.3
127.326
127.352
127.377
127.403
127.429
127.454
127.48
127.506
127.531
127.557
127.583
127.608
127.634
127.66
127.685
127.711
127.737
127.762
127.788
127.814
127.839
127.865
127.891
127.916
127.942
127.968
127.994
128.019
128.045
128.071
128.096
128.122
128.148
128.173
128.199
128.225
128.25
128.276
128.302
128.328
128.353
128.379
128.405
128.43
128.456
128.482
128.507
128.533
128.559
128.585
128.61
128.636
128.662
128.687
128.713
128.739
128.764
128.79
128.816
128.841
128.867
128.893
128.919
128.944
128.97
128.996
129.021
129.047
129.073
129.098
129.124
129.15
129.175
129.201
129.227
129.252
129.278
129.304
129.329
129.355
129.381
129.407
129.432
129.458
129.484
129.509
129.535
129.561
129.586
129.612
129.638
129.663
129.689
129.715
129.741
129.766
129.792
129.818
129.843
129.869
129.895
129.92
129.946
129.972
129.997
130.023
130.049
130.074
130.1
130.126
130.151
130.177
130.203
130.228
130.254
130.28
130.306
130.331
130.357
130.383
130.408
130.434
130.46
130.485
130.511
130.537
130.562
130.588
130.614
130.639
130.665
130.691
130.717
130.742
130.768
130.794
130.819
130.845
130.871
130.896
130.922
130.948
130.973
130.999
131.025
131.05
131.076
131.102
131.128
131.153
131.179
131.205
131.23
131.256
131.282
131.307
131.333
131.359
131.385
131.41
131.436
131.462
131.487
131.513
131.539
131.564
131.59
131.616
131.642
131.667
131.693
131.719
131.744
131.77
131.796
131.821
131.847
131.873
131.898
131.924
131.95
131.975
132.001
132.027
132.052
132.078
132.104
132.129
132.155
132.181
132.206
132.232
132.258
132.283
132.309
132.334
132.36
132.386
132.411
132.437
132.463
132.489
132.514
132.54
132.566
132.591
132.617
132.643
132.668
132.694
132.72
132.745
132.771
132.797
132.822
132.848
132.874
132.899
132.925
132.951
132.976
133.002
133.028
133.053
133.079
133.105
133.131
133.156
133.182
133.208
133.233
133.259
133.285
133.31
133.336
133.362
133.387
133.413
133.439
133.464
133.49
133.516
133.542
133.567
133.593
133.619
133.644
133.67
133.696
133.721
133.747
133.773
133.798
133.824
133.85
133.875
133.901
133.927
133.952
133.978
134.004
134.029
134.055
134.08
134.106
134.132
134.157
134.183
134.209
134.234
134.26
134.286
134.311
134.337
134.363
134.388
134.414
134.439
134.465
134.491
134.517
134.542
134.568
134.594
134.619
134.645
134.671
134.696
134.722
134.748
134.773
134.799
134.825
134.85
134.876
134.902
134.927
134.953
134.979
135.005
135.03
135.056
135.082
135.107
135.133
135.159
135.184
135.21
135.236
135.261
135.287
135.313
135.338
135.364
135.39
135.415
135.441
135.467
135.492
135.518
135.544
135.569
135.595
135.621
135.646
135.672
135.698
135.723
135.749
135.775
135.8
135.826
135.852
135.877
135.903
135.929
135.954
135.98
136.006
136.031
136.057
136.083
136.109
136.134
136.16
136.186
136.211
136.237
136.263
136.288
136.314
136.34
136.365
136.391
136.417
136.442
136.468
136.494
136.52
136.545
136.571
136.596
136.622
136.648
136.674
136.699
136.725
136.751
136.776
136.802
136.828
136.853
136.879
136.905
136.93
136.956
136.982
137.007
137.033
137.059
137.085
137.11
137.136
137.162
137.187
137.213
137.239
137.264
137.29
137.316
137.341
137.367
137.393
137.418
137.444
137.47
137.495
137.521
137.547
137.573
137.598
137.624
137.65
137.675
137.701
137.727
137.752
137.778
137.804
137.829
137.855
137.881
137.906
137.932
137.958
137.983
138.009
138.035
138.061
138.086
138.112
138.138
138.163
138.189
138.215
138.24
138.266
138.292
138.317
138.343
138.369
138.394
138.42
138.446
138.471
138.497
138.523
138.548
138.574
138.6
138.625
138.651
138.677
138.703
138.728
138.754
138.78
138.805
138.831
138.857
138.882
138.908
138.934
138.959
138.985
139.011
139.037
139.062
139.088
139.114
139.139
139.165
139.191
139.216
139.242
139.268
139.293
139.319
139.345
139.37
139.396
139.422
139.447
139.473
139.499
139.524
139.55
139.576
139.601
139.627
139.653
139.679
139.704
139.73
139.756
139.781
139.807
139.833
139.858
139.884
139.91
139.935
139.961
139.987
140.012
140.038
140.064
140.089
140.115
140.141
140.167
140.192
140.218
140.244
140.269
140.295
140.321
140.346
140.372
140.398
140.423
140.449
140.475
140.501
140.526
140.552
140.578
140.603
140.629
140.655
140.68
140.706
140.732
140.757
140.783
140.809
140.834
140.86
140.886
140.912
140.937
140.963
140.989
141.014
141.04
141.066
141.091
141.117
141.143
141.168
141.194
141.22
141.245
141.271
141.297
141.322
141.348
141.374
141.399
141.425
141.451
141.476
141.502
141.528
141.554
141.579
141.605
141.631
141.656
141.682
141.708
141.733
141.759
141.785
141.81
141.836
141.862
141.887
141.913
141.939
141.964
141.99
142.016
142.041
142.067
142.093
142.118
142.144
142.17
142.196
142.221
142.247
142.273
142.298
142.324
142.35
142.375
142.401
142.427
142.452
142.478
142.504
142.529
142.555
142.581
142.606
142.632
142.658
142.683
142.709
142.735
142.76
142.786
142.812
142.837
142.863
142.889
142.914
142.94
142.966
142.991
143.017
143.043
143.068
143.094
143.12
143.145
143.171
143.197
143.222
143.248
143.274
143.299
143.325
143.351
143.376
143.402
143.428
143.453
143.479
143.505
143.53
143.556
143.582
143.607
143.633
143.659
143.685
143.71
143.736
143.762
143.787
143.813
143.838
143.864
143.89
143.915
143.941
143.967
143.993
144.018
144.044
144.07
144.095
144.121
144.147
144.173
144.198
144.224
144.25
144.275
144.301
144.327
144.352
144.378
144.404
144.43
144.455
144.481
144.507
144.532
144.558
144.584
144.609
144.635
144.661
144.686
144.712
144.738
144.764
144.789
144.815
144.841
144.866
144.892
144.918
144.943
144.969
144.995
145.02
145.046
145.072
145.097
145.123
145.149
145.175
145.2
145.226
145.252
145.277
145.303
145.329
145.354
145.38
145.406
145.431
145.457
145.483
145.508
145.534
145.56
145.586
145.611
145.637
145.663
145.688
145.714
145.74
145.765
145.791
145.817
145.842
145.868
145.894
145.919
145.945
145.971
145.996
146.022
146.048
146.074
146.099
146.125
146.151
146.176
146.202
146.228
146.253
146.279
146.305
146.33
146.356
146.382
146.407
146.433
146.459
146.484
146.51
146.536
146.561
146.587
146.613
146.639
146.664
146.69
146.716
146.741
146.767
146.793
146.818
146.844
146.87
146.895
146.921
146.947
146.973
146.998
147.024
147.05
147.075
147.101
147.127
147.152
147.178
147.204
147.229
147.255
147.281
147.306
147.332
147.358
147.383
147.409
147.435
147.46
147.486
147.512
147.537
147.563
147.589
147.614
147.64
147.666
147.692
147.717
147.743
147.769
147.794
147.82
147.846
147.871
147.897
147.923
147.948
147.974
148
148.025
148.051
148.077
148.102
148.128
148.154
148.179
148.205
148.231
148.256
148.282
148.308
148.333
148.359
148.385
148.411
148.436
148.462
148.488
148.513
148.539
148.565
148.59
148.616
148.642
148.667
148.693
148.719
148.744
148.77
148.796
148.821
148.847
148.873
148.898
148.924
148.95
148.976
149.001
149.043
149.069
149.095
149.12
149.146
149.172
149.197
149.223
149.249
149.274
149.3
149.326
149.351
149.377
149.403
149.428
149.454
149.48
149.505
149.531
149.557
149.583
149.636
149.661
149.687
149.713
149.738
149.764
149.79
149.815
149.841
149.867
149.892
149.918
149.944
149.969
149.995
150.021
150.047
150.072
150.098
150.124
150.149
150.175
150.201
150.226
150.252
150.278
150.303
150.329
150.355
150.381
150.406
150.432
150.458
150.483
150.509
150.535
150.56
150.586
150.612
150.637
150.663
150.689
150.714
150.74
150.766
150.791
150.817
150.843
150.869
150.894
150.92
150.946
150.971
150.997
151.023
151.048
151.074
151.1
151.125
151.151
151.177
151.203
151.228
151.254
151.28
151.305
151.331
151.357
151.382
151.408
151.434
151.459
151.485
151.511
151.537
151.562
151.588
151.614
151.639
151.665
151.691
151.716
151.742
151.768
151.793
151.819
151.845
151.87
151.896
151.922
151.947
151.973
151.999
152.024
152.05
152.076
152.101
152.127
152.153
152.179
152.204
152.23
152.256
152.281
152.307
152.333
152.358
152.384
152.41
152.435
152.461
152.487
152.512
152.538
152.564
152.589
152.615
152.641
152.666
152.692
152.718
152.743
152.769
152.795
152.82
152.846
152.872
152.897
152.923
152.949
152.974
153
153.026
153.051
153.077
153.103
153.128
153.154
153.18
153.205
153.231
153.257
153.282
153.308
153.334
153.359
153.385
153.411
153.437
153.462
153.488
153.514
153.539
153.565
153.591
153.616
153.642
153.668
153.693
153.719
153.745
153.77
153.796
153.822
153.847
153.873
153.899
153.924
153.95
153.976
154.001
154.027
154.053
154.078
154.104
154.13
154.155
154.181
154.207
154.233
154.258
154.284
154.31
154.335
154.361
154.387
154.412
154.438
154.464
154.49
154.515
154.541
154.567
154.592
154.618
154.644
154.669
154.695
154.721
154.746
154.772
154.798
154.823
154.849
154.875
154.903
154.929
154.955
154.98
155.006
155.032
155.057
155.083
155.109
155.134
155.16
155.186
155.211
155.237
155.263
155.288
155.314
155.34
155.366
155.391
155.417
155.443
155.468
155.494
155.52
155.545
155.571
155.597
155.622
155.648
155.674
155.699
155.725
155.751
155.776
155.802
155.828
155.853
155.879
155.905
155.93
155.956
155.982
156.008
156.033
156.059
156.085
156.11
156.136
156.162
156.187
156.213
156.239
156.264
156.29
156.316
156.341
156.367
156.393
156.418
156.444
156.47
156.496
156.521
156.547
156.573
156.598
156.624
156.65
156.675
156.701
156.727
156.752
156.778
156.804
156.829
156.855
156.881
156.906
156.932
156.958
156.984
157.009
157.035
157.061
157.086
157.112
157.138
157.163
157.189
157.215
157.24
157.266
157.292
157.317
157.343
157.369
157.394
157.42
157.446
157.471
157.497
157.523
157.549
157.574
157.6
157.626
157.651
157.677
157.703
157.728
157.754
157.78
157.805
157.831
157.857
157.882
157.908
157.934
157.959
157.985
158.011
158.036
158.062
158.088
158.113
158.139
158.165
158.191
158.216
158.242
158.268
158.293
158.319
158.345
158.37
158.396
158.422
158.447
158.473
158.499
158.524
158.55
158.576
158.601
158.627
158.653
158.678
158.704
158.73
158.755
158.781
158.807
158.832
158.858
158.884
158.91
158.936
158.961
158.987
159.026
159.056
159.081
159.107
159.133
159.158
159.184
159.21
159.235
159.261
159.287
159.312
159.338
159.364
159.389
159.415
159.441
159.466
159.492
159.518
159.543
159.569
159.595
159.62
159.646
159.672
159.697
159.723
159.749
159.774
159.8
159.826
159.851
159.877
159.903
159.928
159.954
159.98
160.005
160.031
160.057
160.083
160.108
160.134
160.16
160.185
160.211
160.236
160.262
160.288
160.314
160.339
160.365
160.391
160.416
160.442
160.468
160.493
160.519
160.545
160.57
160.596
160.622
160.647
160.673
160.699
160.724
160.75
160.776
160.801
160.827
160.853
160.878
160.904
160.93
160.956
160.981
161.007
161.033
161.058
161.084
161.11
161.135
161.161
161.187
161.212
161.238
161.264
161.289
161.315
161.341
161.366
161.392
161.418
161.443
161.469
161.495
161.52
161.546
161.572
161.598
161.623
161.649
161.675
161.7
161.726
161.752
161.777
161.803
161.829
161.854
161.88
161.906
161.931
161.957
161.983
162.008
162.034
162.06
162.086
162.111
162.137
162.163
162.188
162.214
162.24
162.265
162.291
162.317
162.342
162.368
162.394
162.419
162.445
162.471
162.496
162.522
162.548
162.573
162.599
162.625
162.65
162.676
162.702
162.727
162.753
162.779
162.804
162.83
162.856
162.881
162.907
162.933
162.958
162.984
163.01
163.035
163.061
163.087
163.112
163.138
163.164
163.189
163.215
163.241
163.266
163.292
163.318
163.343
163.369
163.395
163.42
163.446
163.472
163.498
163.523
163.549
163.575
163.6
163.626
163.652
163.677
163.703
163.729
163.754
163.78
163.806
163.831
163.857
163.883
163.908
163.934
163.96
163.985
164.011
164.037
164.063
164.088
164.114
164.14
164.165
164.191
164.217
164.242
164.268
164.294
164.319
164.345
164.371
164.396
164.422
164.448
164.473
164.499
164.525
164.55
164.576
164.602
164.628
164.653
164.679
164.705
164.73
164.756
164.782
164.807
164.833
164.859
164.884
164.91
164.936
164.961
164.987
165.013
165.038
165.064
165.09
165.115
165.141
165.167
165.192
165.218
165.244
165.269
165.295
165.321
165.346
165.372
165.398
165.423
165.449
165.475
165.5
165.526
165.552
165.577
165.603
165.629
165.654
165.68
165.706
165.732
165.757
165.783
165.809
165.834
165.86
165.886
165.911
165.937
165.963
165.988
166.014
166.04
166.065
166.091
166.117
166.142
166.168
166.194
166.219
166.245
166.271
166.296
166.322
166.348
166.373
166.399
166.425
166.45
166.476
166.502
166.527
166.553
166.579
166.604
166.63
166.656
166.681
166.707
166.733
166.758
166.784
166.81
166.835
166.861
166.887
166.912
166.938
166.964
166.989
167.015
167.041
167.066
167.092
167.118
167.143
167.169
167.195
167.22
167.246
167.272
167.297
167.323
167.349
167.374
167.4
167.426
167.451
167.477
167.503
167.529
167.554
167.58
167.606
167.631
167.657
167.683
167.708
167.734
167.76
167.785
167.811
167.837
167.862
167.888
167.914
167.939
167.965
167.991
168.016
168.042
168.068
168.093
168.119
168.145
168.17
168.196
168.222
168.247
168.273
168.299
168.324
168.35
168.376
168.401
168.427
168.453
168.478
168.504
168.53
168.555
168.581
168.607
168.632
168.658
168.684
168.709
168.735
168.761
168.786
168.812
168.838
168.863
168.889
168.915
168.942
168.968
168.993
169.019
169.045
169.07
169.096
169.122
169.147
169.173
169.199
169.224
169.25
169.276
169.301
169.327
169.353
169.378
169.404
169.43
169.456
169.481
169.507
169.533
169.558
169.584
169.61
169.635
169.661
169.687
169.712
169.738
169.764
169.789
169.815
169.841
169.866
169.892
169.918
169.944
169.969
169.995
170.021
170.046
170.072
170.098
170.123
170.149
170.175
170.2
170.226
170.252
170.277
170.303
170.329
170.354
170.38
170.406
170.431
170.457
170.483
170.509
170.534
170.56
170.586
170.611
170.637
170.663
170.688
170.714
170.74
170.765
170.791
170.817
170.842
170.868
170.894
170.919
170.945
170.971
170.996
171.022
171.048
171.073
171.099
171.125
171.15
171.176
171.202
171.227
171.253
171.279
171.304
171.33
171.356
171.382
171.407
171.433
171.459
171.484
171.51
171.536
171.561
171.587
171.613
171.638
171.664
171.69
171.715
171.741
171.767
171.792
171.818
171.844
171.869
171.895
171.921
171.946
171.972
171.998
172.024
172.049
172.075
172.101
172.126
172.152
172.178
172.203
172.229
172.255
172.28
172.306
172.332
172.357
172.383
172.409
172.434
172.46
172.486
172.512
172.537
172.563
172.589
172.614
172.64
172.666
172.691
172.717
172.743
172.768
172.794
172.82
172.845
172.871
172.897
172.922
172.948
172.974
172.999
173.025
173.051
173.076
173.102
173.128
173.153
173.179
173.205
173.231
173.256
173.282
173.308
173.333
173.359
173.385
173.41
173.436
173.462
173.487
173.513
173.539
173.564
173.59
173.616
173.642
173.667
173.693
173.719
173.744
173.77
173.796
173.821
173.847
173.873
173.898
173.924
173.95
173.975
174.001
174.027
174.052
174.078
174.104
174.129
174.155
174.181
174.206
174.232
174.258
174.284
174.309
174.335
174.361
174.386
174.412
174.438
174.463
174.489
174.515
174.54
174.566
174.592
174.617
174.643
174.669
174.695
174.72
174.746
174.772
174.797
174.823
174.849
174.874
174.9
174.926
174.951
174.977
175.003
175.028
175.054
175.08
175.105
175.131
175.157
175.182
175.208
175.234
175.259
175.285
175.311
175.336
175.362
175.388
175.414
175.439
175.465
175.491
175.516
175.542
175.568
175.593
175.619
175.645
175.67
175.696
175.722
175.747
175.773
175.799
175.825
175.85
175.876
175.902
175.927
175.953
175.979
176.004
176.03
176.056
176.081
176.107
176.133
176.158
176.184
176.21
176.235
176.261
176.287
176.313
176.338
176.364
176.39
176.415
176.441
176.467
176.492
176.518
176.544
176.569
176.595
176.621
176.647
176.672
176.698
176.724
176.749
176.775
176.801
176.827
176.852
176.878
176.904
176.929
176.955
176.981
177.006
177.032
177.058
177.084
177.109
177.135
177.161
177.186
177.212
177.238
177.263
177.289
177.315
177.34
177.366
177.392
177.418
177.443
177.469
177.495
177.52
177.546
177.572
177.597
177.623
177.649
177.675
177.7
177.726
177.752
177.777
177.803
177.829
177.854
177.88
177.906
177.931
177.957
177.983
178.008
178.034
178.06
178.085
178.111
178.137
178.162
178.188
178.214
178.239
178.265
178.291
178.316
178.342
178.368
178.394
178.419
178.445
178.471
178.496
178.522
178.548
178.574
178.599
178.625
178.651
178.676
178.702
178.728
178.753
178.779
178.805
178.831
178.856
178.882
178.908
178.933
178.959
178.985
179.01
179.036
179.062
179.088
179.113
179.139
179.165
179.19
179.216
179.242
179.267
179.293
179.319
179.344
179.37
179.396
179.422
179.447
179.473
179.499
179.524
179.55
179.576
179.601
179.627
179.653
179.678
179.704
179.73
179.755
179.781
179.807
179.832
179.858
179.884
179.909
179.935
179.961
179.986
180.012
180.038
180.063
180.089
180.115
180.14
180.166
180.192
180.217
180.243
180.269
180.294
180.32
180.346
180.372
180.397
180.423
180.449
180.474
180.5
180.526
180.551
180.577
180.603
180.628
180.654
180.68
180.705
180.731
180.757
180.782
180.808
180.834
180.859
180.885
180.911
180.937
180.962
180.988
181.014
181.039
181.065
181.091
181.116
181.142
181.168
181.193
181.219
181.245
181.27
181.296
181.322
181.347
181.373
181.399
181.424
181.45
181.476
181.501
181.527
181.553
181.578
181.604
181.629
181.655
181.681
181.706
181.732
181.758
181.783
181.809
181.835
181.86
181.886
181.912
181.937
181.963
181.989
182.014
182.04
182.066
182.091
182.117
182.143
182.168
182.194
182.22
182.245
182.271
182.297
182.322
182.348
182.374
182.399
182.425
182.451
182.476
182.502
182.528
182.553
182.579
182.604
182.63
182.656
182.681
182.707
182.733
182.758
182.784
182.81
182.835
182.861
182.886
182.912
182.938
182.963
182.989
183.015
183.04
183.066
183.092
183.117
183.143
183.169
183.194
183.22
183.246
183.271
183.297
183.323
183.348
183.374
183.4
183.425
183.451
183.476
183.502
183.528
183.553
183.579
183.605
183.63
183.656
183.682
183.707
183.733
183.758
183.784
183.81
183.835
183.861
183.886
183.912
183.938
183.963
183.989
184.014
184.04
184.066
184.091
184.117
184.143
184.168
184.194
184.22
184.245
184.271
184.297
184.322
184.348
184.373
184.399
184.425
184.45
184.476
184.502
184.527
184.553
184.579
184.604
184.63
184.655
184.681
184.707
184.732
184.758
184.784
184.809
184.835
184.861
184.886
184.912
184.938
184.963
184.989
185.015
185.04
185.066
185.091
185.117
185.143
185.168
185.194
185.22
185.245
185.271
185.297
185.322
185.348
185.374
185.399
185.425
185.45
185.476
185.502
185.527
185.553
185.579
185.604
185.63
185.656
185.681
185.707
185.732
185.758
185.784
185.809
185.835
185.86
185.886
185.912
185.937
185.963
185.988
186.014
186.04
186.065
186.091
186.116
186.142
186.168
186.193
186.219
186.244
186.27
186.296
186.321
186.347
186.373
186.398
186.424
186.449
186.475
186.501
186.526
186.552
186.578
186.603
186.629
186.654
186.68
186.706
186.731
186.757
186.782
186.808
186.834
186.859
186.885
186.911
186.936
186.962
186.987
187.013
187.039
187.064
187.09
187.116
187.141
187.167
187.193
187.218
187.244
187.269
187.295
187.321
187.346
187.372
187.397
187.423
187.449
187.474
187.5
187.526
187.551
187.577
187.602
187.628
187.654
187.679
187.705
187.731
187.756
187.782
187.808
187.833
187.859
187.884
187.91
187.936
187.961
187.987
188.013
188.038
188.064
188.089
188.115
188.141
188.166
188.192
188.218
188.243
188.269
188.294
188.32
188.346
188.371
188.397
188.423
188.448
188.474
188.5
188.525
188.551
188.577
188.602
188.628
188.653
188.679
188.705
188.73
188.756
188.782
188.807
188.833
188.859
188.884
188.91
188.936
188.961
188.987
189.012
189.038
189.064
189.089
189.115
189.141
189.166
189.192
189.217
189.243
189.269
189.294
189.32
189.346
189.371
189.397
189.423
189.448
189.474
189.5
189.525
189.551
189.576
189.602
189.628
189.653
189.679
189.705
189.73
189.756
189.781
189.807
189.833
189.858
189.884
189.91
189.935
189.961
189.987
190.012
190.038
190.064
190.089
190.115
190.14
190.166
190.192
190.217
190.243
190.269
190.294
190.32
190.345
190.371
190.397
190.422
190.448
190.474
190.499
190.525
190.551
190.576
190.602
190.627
190.653
190.679
190.704
190.73
190.756
190.781
190.807
190.833
190.858
190.884
190.909
190.935
190.961
190.986
191.012
191.038
191.063
191.089
191.115
191.14
191.166
191.192
191.217
191.243
191.268
191.294
191.32
191.345
191.371
191.397
191.422
191.448
191.473
191.499
191.525
191.55
191.576
191.602
191.627
191.653
191.678
191.704
191.73
191.755
191.781
191.807
191.832
191.858
191.884
191.909
191.935
191.96
191.986
192.012
192.037
192.063
192.089
192.114
192.14
192.165
192.191
192.217
192.242
192.268
192.294
192.319
192.345
192.37
192.396
192.422
192.447
192.473
192.499
192.524
192.55
192.575
192.601
192.627
192.652
192.678
192.703
192.729
192.755
192.78
192.806
192.831
192.857
192.883
192.908
192.934
192.96
192.985
193.011
193.036
193.062
193.088
193.113
193.139
193.165
193.19
193.216
193.241
193.267
193.292
193.318
193.344
193.369
193.395
193.42
193.446
193.472
193.497
193.523
193.549
193.574
193.6
193.625
193.651
193.677
193.702
193.728
193.753
193.779
193.804
193.83
193.856
193.881
193.907
193.932
193.958
193.984
194.009
194.035
194.06
194.086
194.111
194.137
194.163
194.188
194.214
194.239
194.265
194.291
194.316
194.342
194.368
194.393
194.419
194.444
194.47
194.496
194.521
194.547
194.572
194.598
194.623
194.649
194.675
194.7
194.726
194.751
194.777
194.803
194.828
194.854
194.879
194.905
194.931
194.956
194.982
195.007
195.033
195.059
195.084
195.11
195.135
195.161
195.187
195.212
195.238
195.263
195.289
195.315
195.34
195.366
195.391
195.417
195.442
195.468
195.494
195.519
195.545
195.57
195.596
195.621
195.647
195.673
195.698
195.724
195.749
195.775
195.8
195.826
195.852
195.877
195.903
195.928
195.954
195.979
196.005
196.031
196.056
196.082
196.107
196.133
196.159
196.184
196.21
196.235
196.261
196.286
196.312
196.338
196.363
196.389
196.414
196.44
196.465
196.491
196.517
196.542
196.568
196.593
196.619
196.644
196.67
196.696
196.721
196.747
196.772
196.798
196.823
196.849
196.874
196.9
196.926
196.951
196.977
197.002
197.028
197.053
197.079
197.104
197.13
197.156
197.181
197.207
197.232
197.258
197.283
197.309
197.335
197.36
197.386
197.411
197.437
197.463
197.488
197.515
197.541
197.566
197.592
197.618
197.643
197.669
197.694
197.72
197.745
197.771
197.797
197.822
197.848
197.873
197.899
197.925
197.95
197.976
198.002
198.027
198.053
198.078
198.104
198.129
198.155
198.18
198.206
198.232
198.257
198.283
198.308
198.334
198.359
198.385
198.411
198.436
198.462
198.487
198.513
198.538
198.564
198.589
198.615
198.641
198.666
198.692
198.717
198.743
198.768
198.794
198.82
198.845
198.871
198.896
198.922
198.947
198.973
198.998
199.024
199.05
199.075
199.101
199.126
199.152
199.177
199.203
199.229
199.254
199.28
199.305
199.331
199.356
199.382
199.407
199.433
199.459
199.484
199.51
199.535
199.561
199.586
199.612
199.638
199.663
199.689
199.714
199.74
199.765
199.791
199.817
199.842
199.868
199.893
199.919
199.944
199.97
199.996
200.021
200.047
200.072
200.098
200.123
200.149
200.174
200.2
200.226
200.251
200.277
200.302
200.328
200.353
200.379
200.404
200.43
200.456
200.481
200.507
200.532
200.558
200.583
200.609
200.634
200.66
200.685
200.711
200.736
200.762
200.788
200.813
200.839
200.864
200.89
200.915
200.941
200.966
200.992
201.017
201.043
201.068
201.094
201.119
201.145
201.17
201.196
201.221
201.247
201.273
201.298
201.324
201.349
201.375
201.4
201.426
201.451
201.477
201.502
201.528
201.553
201.579
201.604
201.63
201.655
201.681
201.706
201.732
201.758
201.783
201.809
201.834
201.86
201.885
201.911
201.936
201.962
201.987
202.013
202.038
202.064
202.089
202.115
202.14
202.166
202.191
202.217
202.242
202.268
202.293
202.319
202.344
202.37
202.395
202.421
202.446
202.472
202.497
202.522
202.548
202.573
202.599
202.624
202.65
202.675
202.701
202.726
202.751
202.777
202.802
202.828
202.853
202.879
202.904
202.93
202.955
202.981
203.006
203.032
203.057
203.082
203.108
203.133
203.159
203.184
203.21
203.235
203.261
203.286
203.312
203.337
203.362
203.388
203.413
203.439
203.464
203.49
203.515
203.54
203.566
203.591
203.617
203.642
203.668
203.693
203.718
203.744
203.769
203.795
203.82
203.846
203.871
203.896
203.922
203.947
203.973
203.998
204.024
204.049
204.074
204.1
204.125
204.151
204.176
204.202
204.227
204.252
204.278
204.303
204.329
204.354
204.38
204.405
204.43
204.456
204.481
204.507
204.532
204.558
204.583
204.609
204.634
204.659
204.685
204.71
204.736
204.761
204.787
204.812
204.837
204.863
204.888
204.914
204.939
204.965
204.99
205.015
205.041
205.066
205.092
205.117
205.143
205.168
205.193
205.219
205.244
205.27
205.295
205.32
205.346
205.371
205.397
205.422
205.448
205.473
205.498
205.524
205.549
205.575
205.6
205.625
205.651
205.676
205.702
205.727
205.753
205.778
205.803
205.829
205.854
205.88
205.905
205.93
205.956
205.981
206.007
206.032
206.057
206.083
206.108
206.133
206.159
206.184
206.21
206.235
206.26
206.286
206.311
206.336
206.362
206.387
206.412
206.438
206.463
206.488
206.514
206.539
206.565
206.59
206.615
206.641
206.666
206.692
206.717
206.742
206.767
206.793
206.818
206.843
206.869
206.894
206.919
206.945
206.97
206.995
207.021
207.046
207.071
207.097
207.122
207.147
207.173
207.198
207.223
207.248
207.274
207.299
207.324
207.35
207.375
207.4
207.426
207.451
207.476
207.502
207.527
207.552
207.577
207.603
207.628
207.653
207.678
207.704
207.729
207.754
207.78
207.805
207.83
207.856
207.882
207.907
207.933
207.958
207.984
208.01
208.035
208.061
208.086
208.112
208.137
208.163
208.188
208.214
208.239
208.265
208.29
208.316
208.342
208.367
208.393
208.418
208.444
208.469
208.495
208.52
208.546
208.571
208.597
208.622
208.648
208.674
208.699
208.725
208.75
208.776
208.801
208.827
208.852
208.878
208.903
208.929
208.954
208.98
209.006
209.031
209.057
209.082
209.108
209.133
209.159
209.184
209.21
209.235
209.261
209.287
209.315
209.341
209.366
209.391
209.416
209.442
209.467
209.492
209.518
209.543
209.568
209.594
209.619
209.644
209.669
209.694
