0.027724
0.057003
0.0824511
0.10784
0.133227
0.158629
0.183986
0.209335
0.234704
0.260073
0.285428
0.31087
0.336272
0.361651
0.38704
0.41242
0.437811
0.463204
0.488589
0.514004
0.539458
0.564935
0.590391
0.615824
0.641239
0.666655
0.692086
0.717528
0.742971
0.768414
0.793858
0.819318
0.844784
0.870255
0.895701
0.921139
0.946614
0.972083
0.997549
1.02302
1.0485
1.07397
1.09943
1.12522
1.15072
1.17616
1.20158
1.227
1.25241
1.27783
1.30325
1.32866
1.3541
1.37952
1.40497
1.43039
1.45577
1.4812
1.50662
1.53204
1.55747
1.58289
1.60832
1.63376
1.65919
1.68463
1.71006
1.73553
1.761
1.78645
1.81191
1.83738
1.86288
1.88834
1.91378
1.93924
1.96477
1.99022
2.01569
2.04116
2.06662
2.09207
2.11752
2.14296
2.16843
2.19392
2.21937
2.24486
2.27033
2.29577
2.32122
2.34665
2.37212
2.39757
2.423
2.44845
2.47391
2.49934
2.52477
2.55022
2.57569
2.60119
2.62664
2.65211
2.67757
2.70311
2.72864
2.7541
2.77955
2.80502
2.83048
2.85595
2.88142
2.90689
2.93237
2.95784
2.98335
3.00881
3.03426
3.05976
3.08522
3.11069
3.13614
3.16161
3.18708
3.21252
3.23798
3.26347
3.28899
3.31445
3.3399
3.36538
3.39083
3.41629
3.44173
3.4672
3.49264
3.51812
3.54358
3.56905
3.59455
3.62003
3.64551
3.67102
3.69649
3.72199
3.74745
3.77292
3.79839
3.82383
3.84928
3.87475
3.90022
3.9257
3.95117
3.97666
4.0022
4.0277
4.05317
4.07869
4.10417
4.12963
4.15513
4.18059
4.20613
4.23164
4.25712
4.28265
4.30815
4.33362
4.35909
4.38458
4.41003
4.43556
4.46108
4.48658
4.51209
4.53757
4.56302
4.58847
4.61395
4.6394
4.66487
4.69033
4.71578
4.74126
4.76675
4.79222
4.81767
4.84319
4.86867
4.89413
4.91958
4.94502
4.97046
4.9959
5.02135
5.04682
5.07227
5.09771
5.12317
5.14866
5.17412
5.19965
5.22519
5.2507
5.27617
5.30167
5.32713
5.35261
5.37806
5.40353
5.42899
5.45446
5.47993
5.50538
5.53084
5.55628
5.58174
5.60717
5.63261
5.65803
5.68346
5.70892
5.73442
5.7599
5.78535
5.81081
5.83627
5.86173
5.88722
5.91274
5.93822
5.96366
5.9891
6.01455
6.03998
6.06545
6.09093
6.1164
6.14183
6.16726
6.19271
6.21817
6.24364
6.26914
6.29459
6.32007
6.34554
6.37101
6.39647
6.42192
6.44738
6.47284
6.49829
6.52379
6.54927
6.57472
6.60018
6.62564
6.65122
6.67674
6.7022
6.72766
6.75315
6.77862
6.80411
6.82958
6.85504
6.88051
6.90602
6.93149
6.957
6.98247
7.00799
7.03348
7.05896
7.08444
7.10992
7.13542
7.16093
7.1864
7.21185
7.23731
7.26278
7.28823
7.31369
7.33918
7.36467
7.39014
7.41561
7.44111
7.4666
7.49205
7.51755
7.54302
7.56847
7.59396
7.61943
7.6449
7.67037
7.69583
7.72127
7.74671
7.77215
7.79762
7.82308
7.84853
7.874
7.89947
7.92494
7.95042
7.97591
8.00138
8.02685
8.0523
8.07775
8.1032
8.12865
8.15411
8.17958
8.20508
8.23054
8.25604
8.2815
8.30695
8.33242
8.35792
8.38339
8.40887
8.43436
8.45979
8.48524
8.51068
8.53616
8.56164
8.58714
8.61262
8.63808
8.66356
8.68905
8.71449
8.73996
8.76544
8.7909
8.81636
8.84181
8.86727
8.89272
8.91819
8.94364
8.96912
8.99457
9.02008
9.04553
9.07099
9.09644
9.12189
9.14733
9.17281
9.19829
9.22379
9.24925
9.2747
9.30015
9.32559
9.35104
9.37649
9.40196
9.42744
9.4529
9.47835
9.50381
9.52926
9.55473
9.58019
9.60565
9.63111
9.65656
9.68201
9.70747
9.73295
9.75839
9.78378
9.80924
9.83473
9.86019
9.88563
9.91109
9.93653
9.96197
9.98742
10.0129
10.0383
10.0638
10.0892
10.1147
10.1402
10.1656
10.1911
10.2165
10.242
10.2674
10.2929
10.3183
10.3438
10.3692
10.3947
10.4202
10.4456
10.4712
10.4967
10.5221
10.5476
10.5731
10.5986
10.6241
10.6496
10.6751
10.7006
10.726
10.7516
10.777
10.8025
10.828
10.8535
10.8789
10.9044
10.9299
10.9554
10.9808
11.0063
11.0318
11.0572
11.0827
11.1082
11.1336
11.1591
11.1846
11.2101
11.2356
11.2611
11.2866
11.3121
11.3375
11.363
11.3885
11.4139
11.4394
11.465
11.4904
11.5159
11.5414
11.567
11.5924
11.6179
11.6434
11.6688
11.6943
11.7198
11.7453
11.7707
11.7962
11.8216
11.8471
11.8726
11.8981
11.9236
11.949
11.9745
12
12.0254
12.0509
12.0763
12.1018
12.1273
12.1527
12.1782
12.2037
12.2292
12.2547
12.2801
12.3056
12.3311
12.3566
12.382
12.4075
12.433
12.4585
12.484
12.5094
12.5349
12.5604
12.5858
12.6113
12.6368
12.6622
12.6877
12.7132
12.7386
12.7641
12.7895
12.815
12.8405
12.866
12.8914
12.9169
12.9423
12.9678
12.9933
13.0187
13.0442
13.0696
13.0951
13.1206
13.1461
13.1716
13.1971
13.2226
13.2481
13.2736
13.299
13.3245
13.35
13.3755
13.401
13.4265
13.452
13.4775
13.503
13.5284
13.5539
13.5794
13.6049
13.6304
13.6558
13.6812
13.7067
13.7322
13.7577
13.7831
13.8086
13.8341
13.8596
13.885
13.9105
13.9359
13.9614
13.9869
14.0124
14.0378
14.0633
14.0888
14.1142
14.1397
14.1651
14.1906
14.216
14.2415
14.267
14.2924
14.3179
14.3433
14.3688
14.3943
14.4198
14.4452
14.4707
14.4961
14.5216
14.5471
14.5726
14.5981
14.6235
14.649
14.6745
14.6999
14.7254
14.7508
14.7763
14.8018
14.8273
14.8527
14.8782
14.9037
14.9292
14.9547
14.9802
15.0057
15.0311
15.0566
15.0821
15.1076
15.1331
15.1585
15.184
15.2095
15.2349
15.2605
15.2859
15.3115
15.337
15.3625
15.388
15.4134
15.4389
15.4644
15.4899
15.5153
15.5408
15.5662
15.5917
15.6171
15.6426
15.6681
15.6936
15.7191
15.7446
15.77
15.7955
15.821
15.8464
15.8719
15.8974
15.9228
15.9483
15.9739
15.9993
16.0248
16.0503
16.0757
16.1012
16.1266
16.1521
16.1776
16.2031
16.2286
16.2541
16.2795
16.305
16.3305
16.3611
16.3866
16.4121
16.4375
16.463
16.4885
16.514
16.5394
16.5649
16.5904
16.6158
16.6414
16.6669
16.6924
16.7178
16.7433
16.7688
16.7942
16.8197
16.8452
16.8707
16.8961
16.9216
16.9471
16.9726
16.9981
17.0236
17.0491
17.0746
17.1001
17.1256
17.1511
17.1766
17.2021
17.2275
17.253
17.2784
17.3039
17.3294
17.3549
17.3803
17.4058
17.4313
17.4568
17.4822
17.5077
17.5333
17.5587
17.5842
17.6097
17.6352
17.6607
17.6862
17.7116
17.7371
17.7626
17.7881
17.8136
17.839
17.8645
17.89
17.9155
17.941
17.9665
17.992
18.0175
18.043
18.0684
18.0939
18.1194
18.1449
18.1703
18.1958
18.2213
18.2468
18.2723
18.2977
18.3232
18.3486
18.3741
18.3996
18.425
18.4505
18.4759
18.5013
18.5268
18.5523
18.5778
18.6033
18.6288
18.6543
18.6798
18.7053
18.7308
18.7563
18.7818
18.8073
18.8328
18.8583
18.8838
18.9092
18.9347
18.9603
18.9858
19.0113
19.0368
19.0623
19.0878
19.1133
19.1388
19.1643
19.1897
19.2152
19.2408
19.2663
19.2918
19.3173
19.3428
19.3683
19.3937
19.4192
19.4447
19.4701
19.4956
19.5211
19.5466
19.5722
19.5977
19.6232
19.6487
19.6742
19.6997
19.7252
19.7507
19.7762
19.8018
19.8273
19.8528
19.8783
19.9038
19.9293
19.9548
19.9803
20.0058
20.0313
20.0568
20.0823
20.1078
20.1333
20.1588
20.1843
20.2098
20.2352
20.2607
20.2862
20.3117
20.3372
20.3626
20.3881
20.4136
20.4391
20.4646
20.4901
20.5157
20.5412
20.5666
20.5921
20.6176
20.643
20.6685
20.6941
20.7196
20.745
20.7705
20.796
20.8215
20.847
20.8725
20.898
20.9235
20.949
20.9745
21
21.0255
21.051
21.0766
21.1021
21.1276
21.1532
21.1787
21.2042
21.2297
21.2553
21.2808
21.3063
21.3319
21.3574
21.3829
21.4084
21.4339
21.4594
21.4849
21.5104
21.5358
21.5614
21.5869
21.6124
21.6379
21.6633
21.6888
21.7143
21.7398
21.7653
21.7908
21.8163
21.8418
21.8674
21.8929
21.9184
21.9438
21.9693
21.9948
22.0203
22.0458
22.0713
22.0968
22.1223
22.1477
22.1733
22.1988
22.2243
22.2498
22.2753
22.3008
22.3263
22.3518
22.3772
22.4027
22.4282
22.4536
22.4792
22.5046
22.5302
22.5557
22.5812
22.6066
22.6321
22.6576
22.6831
22.7086
22.7341
22.7595
22.785
22.8105
22.8359
22.8614
22.8869
22.9124
22.9379
22.9634
22.9889
23.0144
23.0399
23.0654
23.0909
23.1164
23.1419
23.1673
23.1929
23.2183
23.2438
23.2693
23.2948
23.3202
23.3457
23.3712
23.3967
23.4222
23.4477
23.4732
23.4987
23.5243
23.5497
23.5752
23.6007
23.6262
23.6517
23.6772
23.7027
23.7282
23.7537
23.7792
23.8047
23.8303
23.8557
23.8812
23.9067
23.9322
23.9578
23.9833
24.0088
24.0344
24.0599
24.0855
24.111
24.1365
24.1619
24.1874
24.2129
24.2385
24.264
24.2895
24.3151
24.3405
24.366
24.3914
24.4169
24.4424
24.4679
24.4934
24.5189
24.5443
24.5698
24.5953
24.6207
24.6462
24.6717
24.6973
24.7228
24.7483
24.7737
24.7992
24.8247
24.8502
24.8757
24.9011
24.9266
24.9521
24.9775
25.003
25.0285
25.054
25.0795
25.105
25.1305
25.156
25.1815
25.207
25.2325
25.2579
25.2835
25.309
25.3345
25.36
25.3855
25.411
25.4364
25.4619
25.4874
25.5129
25.5383
25.5638
25.5892
25.6147
25.6402
25.6657
25.6912
25.7167
25.7422
25.7677
25.7932
25.8187
25.8441
25.8697
25.8952
25.9207
25.9462
25.9716
25.9971
26.0226
26.0481
26.0736
26.0991
26.1246
26.15
26.1755
26.201
26.2265
26.252
26.2775
26.303
26.3285
26.354
26.3796
26.4051
26.4305
26.456
26.4814
26.5069
26.5323
26.5578
26.5833
26.6087
26.6342
26.6596
26.6851
26.7105
26.736
26.7614
26.7869
26.8123
26.8378
26.8633
26.8888
26.9142
26.9397
26.9652
26.9906
27.0161
27.0416
27.067
27.0925
27.1179
27.1433
27.1688
27.1943
27.2197
27.2452
27.2707
27.2961
27.3216
27.347
27.3725
27.398
27.4235
27.4489
27.4744
27.4998
27.5253
27.5507
27.5763
27.6018
27.6272
27.6527
27.6782
27.7037
27.7292
27.7546
27.7801
27.8055
27.831
27.8564
27.8819
27.9073
27.9328
27.9583
27.9838
28.0093
28.0347
28.0602
28.0856
28.1111
28.1366
28.162
28.1875
28.213
28.2385
28.264
28.2894
28.3149
28.3404
28.3658
28.3913
28.4168
28.4422
28.4677
28.4932
28.5187
28.5442
28.5696
28.5951
28.6206
28.6461
28.6716
28.6971
28.7226
28.7481
28.7736
28.799
28.8245
28.85
28.8755
28.9011
28.9265
28.952
28.9775
29.003
29.0285
29.0539
29.0795
29.105
29.1305
29.156
29.1814
29.2069
29.2323
29.2578
29.2833
29.3088
29.3342
29.3597
29.3852
29.4107
29.4362
29.4617
29.4872
29.5126
29.5381
29.5637
29.5892
29.6147
29.6402
29.6657
29.6912
29.7167
29.7423
29.7678
29.7933
29.8188
29.8442
29.8697
29.8952
29.9207
29.9462
29.9717
29.9972
30.0227
30.0482
30.0737
30.0992
30.1247
30.1502
30.1757
30.2012
30.2268
30.2523
30.2778
30.3033
30.3288
30.3543
30.3798
30.4053
30.4308
30.4563
30.4817
30.5072
30.5327
30.5583
30.5837
30.6092
30.6348
30.6603
30.6857
30.7112
30.7367
30.7621
30.7876
30.8131
30.8386
30.8641
30.8896
30.9151
30.9407
30.9661
30.9916
31.0172
31.0427
31.0681
31.0936
31.119
31.1446
31.17
31.1955
31.221
31.2465
31.272
31.2974
31.323
31.3484
31.3739
31.3993
31.4248
31.4503
31.4758
31.5012
31.5267
31.5522
31.5777
31.6032
31.6287
31.6542
31.6797
31.7051
31.7306
31.7561
31.7816
31.8071
31.8326
31.858
31.8835
31.909
31.9346
31.96
31.9855
32.011
32.0365
32.062
32.0875
32.113
32.1385
32.1639
32.1894
32.2149
32.2404
32.2659
32.2913
32.3168
32.3423
32.3678
32.3932
32.4187
32.4441
32.4696
32.4951
32.5206
32.5461
32.5715
32.597
32.6225
32.648
32.6736
32.699
32.7245
32.75
32.7755
32.801
32.8264
32.8519
32.8773
32.9028
32.9282
32.9537
32.9792
33.0047
33.0302
33.0557
33.0812
33.1067
33.1321
33.1576
33.1832
33.2087
33.2342
33.2597
33.2852
33.3107
33.3362
33.3617
33.3872
33.4127
33.4382
33.4636
33.4891
33.5145
33.54
33.5654
33.5909
33.6164
33.6419
33.6673
33.6928
33.7183
33.7437
33.7692
33.7947
33.8202
33.8457
33.8711
33.8966
33.9221
33.9475
33.9731
33.9985
34.0241
34.0496
34.075
34.1005
34.1259
34.1514
34.1769
34.2023
34.2278
34.2532
34.2787
34.3041
34.3296
34.355
34.3805
34.4059
34.4314
34.4568
34.4822
34.5077
34.5331
34.5586
34.5841
34.6096
34.635
34.6605
34.686
34.7114
34.7369
34.7624
34.7878
34.8132
34.8387
34.8643
34.8897
34.9152
34.9407
34.9662
34.9917
35.0172
35.0426
35.0681
35.0937
35.1191
35.1446
35.1701
35.1957
35.2211
35.2466
35.2721
35.2976
35.3231
35.3529
35.3784
35.4038
35.4293
35.4548
35.4803
35.5058
35.5313
35.5567
35.5822
35.6077
35.6331
35.6586
35.6841
35.7096
35.7351
35.7605
35.7859
35.8114
35.8369
35.8623
35.8878
35.9133
35.9388
35.9643
35.9898
36.0152
36.0407
36.0662
36.0916
36.1171
36.1425
36.168
36.1934
36.2189
36.2443
36.2698
36.2952
36.3207
36.3462
36.3717
36.3972
36.4227
36.4481
36.4736
36.4991
36.5246
36.55
36.5755
36.601
36.6264
36.6519
36.6773
36.7028
36.7283
36.7538
36.7793
36.8048
36.8302
36.8558
36.8813
36.9068
36.9323
36.9577
36.9832
37.0087
37.0342
37.0597
37.0853
37.1108
37.1362
37.1617
37.1872
37.2127
37.2382
37.2636
37.2891
37.3146
37.34
37.3655
37.391
37.4165
37.442
37.4675
37.4929
37.5185
37.544
37.5694
37.5949
37.6204
37.6459
37.6713
37.6968
37.7223
37.7478
37.7732
37.7987
37.8241
37.8496
37.8751
37.9005
37.926
37.9515
37.977
38.0025
38.0281
38.0535
38.079
38.1045
38.13
38.1555
38.181
38.2064
38.2319
38.2574
38.2829
38.3084
38.3338
38.3593
38.3848
38.4103
38.4357
38.4612
38.4866
38.5121
38.5376
38.5631
38.5887
38.6142
38.6397
38.6652
38.6907
38.7161
38.7416
38.7671
38.7926
38.8181
38.8435
38.869
38.8945
38.92
38.9455
38.9709
38.9964
39.0219
39.0473
39.0728
39.0982
39.1237
39.1491
39.1746
39.2001
39.2256
39.2511
39.2766
39.3021
39.3275
39.3531
39.3785
39.404
39.4295
39.4549
39.4804
39.5059
39.5314
39.5569
39.5824
39.6079
39.6334
39.6588
39.6843
39.7098
39.7353
39.7608
39.7863
39.8117
39.8373
39.8628
39.8883
39.9137
39.9392
39.9647
39.9901
40.0156
40.0411
40.0666
40.0921
40.1175
40.143
40.1685
40.194
40.2195
40.245
40.2705
40.2961
40.3216
40.347
40.3725
40.398
40.4235
40.449
40.4745
40.5
40.5255
40.5509
40.5764
40.6019
40.6274
40.6529
40.6784
40.7039
40.7294
40.7549
40.7804
40.8059
40.8313
40.8568
40.8823
40.9078
40.9333
40.9587
40.9842
41.0098
41.0353
41.0608
41.0863
41.1118
41.1372
41.1627
41.1882
41.2137
41.2391
41.2646
41.2901
41.3155
41.341
41.3665
41.392
41.4175
41.443
41.4684
41.4939
41.5194
41.545
41.5704
41.5959
41.6214
41.6468
41.6723
41.6977
41.7232
41.7487
41.7741
41.7996
41.8251
41.8506
41.8761
41.9016
41.9271
41.9525
41.978
42.0035
42.0289
42.0544
42.0799
42.1053
42.1308
42.1562
42.1816
42.2071
42.2325
42.258
42.2835
42.3089
42.3344
42.36
42.3855
42.411
42.4364
42.4619
42.4873
42.5128
42.5382
42.5637
42.5892
42.6147
42.6402
42.6656
42.6912
42.7167
42.7421
42.7676
42.7931
42.8186
42.8441
42.8696
42.8952
42.9207
42.9461
42.9716
42.9971
43.0225
43.048
43.0735
43.099
43.1245
43.15
43.1754
43.2009
43.2264
43.2519
43.2774
43.3029
43.3284
43.3538
43.3793
43.4048
43.4303
43.4558
43.4813
43.5068
43.5323
43.5577
43.5832
43.6088
43.6343
43.6598
43.6853
43.7107
43.7362
43.7617
43.7871
43.8126
43.8381
43.8636
43.8891
43.9145
43.94
43.9654
43.9909
44.0164
44.0419
44.0674
44.0929
44.1184
44.1439
44.1694
44.1948
44.2203
44.2458
44.2713
44.2967
44.3222
44.3476
44.3732
44.3986
44.4241
44.4496
44.4751
44.5006
44.5261
44.5515
44.577
44.6025
44.628
44.6535
44.679
44.7045
44.7299
44.7554
44.7809
44.8064
44.8318
44.8574
44.8828
44.9084
44.9339
44.9593
44.9848
45.0103
45.0358
45.0613
45.0869
45.1124
45.1378
45.1633
45.1888
45.2143
45.2397
45.2652
45.2907
45.3162
45.3417
45.3672
45.3927
45.4183
45.4438
45.4693
45.4947
45.5202
45.5457
45.5711
45.5967
45.6222
45.6476
45.6731
45.6986
45.7241
45.7495
45.775
45.8005
45.8259
45.8514
45.877
45.9025
45.9279
45.9534
45.9789
46.0044
46.0298
46.0553
46.0807
46.1062
46.1317
46.1572
46.1826
46.2081
46.2336
46.259
46.2845
46.31
46.3354
46.3609
46.3863
46.4118
46.4372
46.4626
46.4881
46.5136
46.5391
46.5645
46.59
46.6155
46.6409
46.6663
46.6918
46.7173
46.7427
46.7682
46.7936
46.8191
46.8446
46.87
46.8955
46.921
46.9465
46.972
46.9974
47.0229
47.0483
47.0738
47.0993
47.1248
47.1503
47.1757
47.2011
47.2266
47.2521
47.2775
47.303
47.3284
47.3539
47.3794
47.4048
47.4303
47.4557
47.4812
47.5067
47.5321
47.5576
47.5831
47.6085
47.634
47.6595
47.685
47.7105
47.7359
47.7614
47.7869
47.8123
47.8378
47.8633
47.8888
47.9143
47.9398
47.9652
47.9908
48.0162
48.0417
48.0672
48.0926
48.1181
48.1436
48.1691
48.1945
48.22
48.2455
48.2709
48.2964
48.3219
48.3474
48.3729
48.3984
48.4239
48.4494
48.4749
48.5003
48.5258
48.5512
48.5767
48.6021
48.6276
48.653
48.6785
48.7039
48.7294
48.755
48.7804
48.8059
48.8313
48.8568
48.8823
48.9077
48.9332
48.9587
48.9842
49.0096
49.0351
49.0606
49.0861
49.1116
49.1371
49.1626
49.1881
49.2136
49.239
49.2646
49.2901
49.3155
49.341
49.3665
49.392
49.4175
49.443
49.4685
49.494
49.5195
49.545
49.5704
49.596
49.6214
49.6469
49.6724
49.6979
49.7234
49.7489
49.7744
49.7999
49.8253
49.8509
49.8763
49.9018
49.9273
49.9528
49.9783
50.0039
50.0294
50.0549
50.0803
50.1058
50.1314
50.1569
50.1824
50.208
50.2334
50.2589
50.2844
50.3098
50.3353
50.3608
50.3863
50.4119
50.4374
50.4628
50.4882
50.5137
50.5392
50.5647
50.5901
50.6156
50.6411
50.6666
50.6921
50.7176
50.743
50.7685
50.794
50.8195
50.845
50.8705
50.896
50.9215
50.947
50.9726
50.9981
51.0235
51.049
51.0745
51.1
51.1255
51.151
51.1765
51.202
51.2275
51.253
51.2786
51.3041
51.3296
51.3551
51.3806
51.4061
51.4316
51.4571
51.4826
51.5081
51.5336
51.5591
51.5846
51.61
51.6355
51.661
51.6865
51.712
51.7375
51.763
51.7885
51.814
51.8394
51.8649
51.8905
51.9159
51.9414
51.9669
51.9924
52.018
52.0435
52.069
52.0945
52.12
52.1454
52.1709
52.1964
52.222
52.2475
52.273
52.2985
52.3239
52.3494
52.3823
52.4078
52.4333
52.4587
52.4842
52.5097
52.5352
52.5607
52.5862
52.6117
52.6372
52.6627
52.6881
52.7136
52.7391
52.7646
52.7901
52.8156
52.841
52.8665
52.892
52.9174
52.9429
52.9684
52.9939
53.0194
53.0448
53.0704
53.0959
53.1213
53.1469
53.1724
53.1978
53.2234
53.2489
53.2743
53.2998
53.3252
53.3507
53.3761
53.4016
53.427
53.4525
53.478
53.5034
53.5289
53.5544
53.5799
53.6054
53.6309
53.6563
53.6818
53.7073
53.7328
53.7583
53.7838
53.8093
53.8348
53.8602
53.8857
53.9112
53.9366
53.9621
53.9876
54.0131
54.0386
54.0641
54.0896
54.1151
54.1406
54.166
54.1915
54.217
54.2426
54.268
54.2935
54.319
54.3445
54.37
54.3954
54.4209
54.4464
54.4718
54.4972
54.5227
54.5482
54.5737
54.5992
54.6246
54.6502
54.6756
54.7011
54.7266
54.7521
54.7776
54.803
54.8285
54.854
54.8795
54.905
54.9305
54.956
54.9815
55.007
55.0324
55.0579
55.0834
55.1089
55.1343
55.1598
55.1853
55.2107
55.2362
55.2617
55.2873
55.3127
55.3382
55.3637
55.3892
55.4146
55.4401
55.4656
55.4911
55.5166
55.5421
55.5676
55.5931
55.6186
55.6441
55.6696
55.6951
55.7206
55.7461
55.7715
55.797
55.8225
55.848
55.8735
55.899
55.9245
55.95
55.9755
56.0009
56.0264
56.0518
56.0773
56.1027
56.1281
56.1536
56.179
56.2045
56.23
56.2555
56.281
56.3065
56.332
56.3575
56.383
56.4085
56.434
56.4595
56.485
56.5105
56.536
56.5614
56.5869
56.6124
56.6379
56.6634
56.6888
56.7143
56.7398
56.7653
56.7908
56.8162
56.8418
56.8673
56.8928
56.9183
56.9438
56.9692
56.9947
57.0202
57.0457
57.0712
57.0967
57.1221
57.1476
57.1731
57.1986
57.224
57.2495
57.2749
57.3004
57.3259
57.3514
57.3768
57.4023
57.4278
57.4533
57.4788
57.5043
57.5298
57.5553
57.5808
57.6063
57.6318
57.6573
57.6828
57.7083
57.7337
57.7592
57.7847
57.8102
57.8357
57.8611
57.8866
57.9121
57.9376
57.9631
57.9886
58.0141
58.0397
58.0651
58.0906
58.1161
58.1416
58.1671
58.1925
58.218
58.2435
58.269
58.2945
58.32
58.3454
58.3709
58.3963
58.4218
58.4473
58.4727
58.4982
58.5238
58.5493
58.5748
58.6003
58.6257
58.6512
58.6767
58.7021
58.7276
58.7531
58.7785
58.804
58.8295
58.855
58.8805
58.9059
58.9314
58.9569
58.9824
59.008
59.0334
59.0589
59.0844
59.1099
59.1354
59.1608
59.1863
59.2117
59.2372
59.2627
59.2881
59.3136
59.3391
59.3646
59.39
59.4155
59.4409
59.4664
59.4919
59.5174
59.5429
59.5684
59.5939
59.6194
59.6449
59.6704
59.6958
59.7214
59.7469
59.7724
59.7979
59.8233
59.8489
59.8744
59.8998
59.9253
59.9508
59.9763
60.0018
60.0272
60.0527
60.0782
60.1036
60.1291
60.1546
60.18
60.2055
60.231
60.2565
60.2819
60.3075
60.3329
60.3585
60.384
60.4095
60.435
60.4605
60.486
60.5114
60.5369
60.5624
60.5879
60.6133
60.6388
60.6644
60.6899
60.7154
60.7409
60.7664
60.7918
60.8174
60.8429
60.8684
60.8939
60.9194
60.9449
60.9704
60.9959
61.0215
61.047
61.0725
61.098
61.1234
61.1489
61.1744
61.1999
61.2254
61.2509
61.2764
61.3019
61.3274
61.353
61.3785
61.4039
61.4295
61.455
61.4805
61.5059
61.5314
61.5568
61.5823
61.6078
61.6333
61.6587
61.6842
61.7097
61.7352
61.7608
61.7863
61.8118
61.8372
61.8627
61.8882
61.9137
61.9392
61.9647
61.9902
62.0157
62.0411
62.0666
62.0921
62.1176
62.1431
62.1686
62.1941
62.2196
62.2451
62.2706
62.2961
62.3217
62.3472
62.3728
62.3983
62.4238
62.4492
62.4747
62.5001
62.5256
62.551
62.5765
62.602
62.6275
62.6531
62.6785
62.704
62.7295
62.7549
62.7804
62.8058
62.8313
62.8568
62.8823
62.9078
62.9333
62.9588
62.9843
63.0098
63.0352
63.0607
63.0862
63.1116
63.1371
63.1626
63.1881
63.2136
63.239
63.2646
63.2901
63.3156
63.3411
63.3666
63.392
63.4176
63.443
63.4686
63.4941
63.5195
63.545
63.5705
63.5959
63.6214
63.6469
63.6724
63.6978
63.7233
63.7488
63.7743
63.7998
63.8253
63.8508
63.8763
63.9018
63.9273
63.9528
63.9783
64.0039
64.0294
64.0549
64.0804
64.1059
64.1314
64.1569
64.1824
64.2079
64.2335
64.259
64.2845
64.31
64.3355
64.361
64.3865
64.4119
64.4374
64.4629
64.4884
64.5139
64.5394
64.5649
64.5904
64.6159
64.6414
64.6669
64.6924
64.7179
64.7434
64.7689
64.7944
64.8199
64.8454
64.8709
64.8964
64.9219
64.9474
64.9728
64.9983
65.0238
65.0494
65.0749
65.1004
65.1259
65.1514
65.1769
65.2024
65.2279
65.2535
65.279
65.3045
65.3299
65.3554
65.3809
65.4064
65.4319
65.4574
65.4829
65.5084
65.5339
65.5594
65.5848
65.6103
65.6358
65.6613
65.6868
65.7123
65.7378
65.7633
65.7887
65.8142
65.8397
65.8651
65.8906
65.9162
65.9417
65.9672
65.9926
66.0181
66.0435
66.0689
66.0943
66.1198
66.1453
66.1707
66.1962
66.2216
66.2471
66.2726
66.2981
66.3236
66.3491
66.3746
66.4001
66.4255
66.451
66.4765
66.5019
66.5274
66.5529
66.5785
66.604
66.6294
66.6549
66.6804
66.7059
66.7314
66.7569
66.7823
66.8078
66.8333
66.8588
66.8843
66.9098
66.9352
66.9607
66.9861
67.0116
67.0371
67.0626
67.0881
67.1136
67.1391
67.1646
67.1902
67.2156
67.2412
67.2667
67.2922
67.3177
67.3432
67.3687
67.3941
67.4196
67.4451
67.4706
67.4961
67.5217
67.5472
67.5727
67.5982
67.6237
67.6492
67.6747
67.7002
67.7257
67.7511
67.7766
67.8021
67.8275
67.853
67.8785
67.904
67.9295
67.9549
67.9804
68.0058
68.0313
68.0568
68.0823
68.1078
68.1332
68.1587
68.1842
68.2096
68.2351
68.2606
68.2861
68.3115
68.337
68.3625
68.388
68.4135
68.4389
68.4644
68.4899
68.5154
68.5409
68.5664
68.592
68.6174
68.6429
68.6684
68.6939
68.7194
68.7448
68.7704
68.7959
68.8213
68.8468
68.8722
68.8977
68.9232
68.9487
68.9741
68.9996
69.0251
69.0506
69.076
69.1015
69.127
69.1525
69.178
69.2036
69.2291
69.2546
69.2801
69.3056
69.3311
69.3566
69.3821
69.4076
69.433
69.4585
69.484
69.5095
69.535
69.5604
69.5859
69.6115
69.637
69.6625
69.688
69.7135
69.739
69.7645
69.79
69.8155
69.8409
69.8665
69.8919
69.9174
69.9429
69.9684
69.9939
70.0194
70.0448
70.0703
70.0958
70.1212
70.1466
70.1721
70.1976
70.2231
70.2486
70.2741
70.2995
70.325
70.3506
70.3761
70.4015
70.427
70.4524
70.4779
70.5033
70.5288
70.5542
70.5797
70.6052
70.6306
70.6561
70.6816
70.7071
70.7325
70.758
70.7835
70.809
70.8345
70.8599
70.8854
70.9109
70.9364
70.9619
70.9874
71.0128
71.0383
71.0638
71.0893
71.1148
71.1403
71.1658
71.1913
71.2168
71.2422
71.2677
71.2932
71.3187
71.3441
71.3697
71.3951
71.4206
71.4461
71.4717
71.4972
71.5227
71.5481
71.5737
71.5991
71.6246
71.6501
71.6756
71.701
71.7265
71.752
71.7775
71.803
71.8285
71.854
71.8795
71.9049
71.9304
71.9558
71.9813
72.0068
72.0322
72.0578
72.0833
72.1088
72.1342
72.1597
72.1851
72.2106
72.236
72.2615
72.2869
72.3124
72.3378
72.3633
72.3887
72.4142
72.4397
72.4651
72.4906
72.5161
72.5415
72.567
72.5925
72.618
72.6435
72.669
72.6944
72.7199
72.7453
72.7708
72.7963
72.8218
72.8473
72.8727
72.8982
72.9237
72.9492
72.9747
73.0002
73.0257
73.0511
73.0767
73.1022
73.1276
73.1531
73.1786
73.204
73.2295
73.255
73.2805
73.306
73.3314
73.3569
73.3824
73.4079
73.4334
73.4589
73.4843
73.5098
73.5353
73.5608
73.5863
73.6117
73.6372
73.6627
73.6881
73.7136
73.739
73.7645
73.79
73.8155
73.8409
73.8664
73.892
73.9174
73.9429
73.9685
73.994
74.0195
74.0449
74.0704
74.0959
74.1214
74.1469
74.1724
74.1979
74.2234
74.249
74.2744
74.2999
74.3254
74.3509
74.3763
74.4017
74.4272
74.4526
74.4781
74.5035
74.529
74.5545
74.58
74.6054
74.631
74.6565
74.6819
74.7075
74.733
74.7585
74.784
74.8094
74.8349
74.8604
74.8859
74.9114
74.9368
74.9623
74.9878
75.0133
75.0388
75.0643
75.0898
75.1153
75.1408
75.1663
75.1918
75.2173
75.2428
75.2684
75.2939
75.3194
75.3449
75.3705
75.396
75.4215
75.447
75.4725
75.498
75.5235
75.549
75.5747
75.6002
75.6256
75.6511
75.6766
75.7021
75.7276
75.7531
75.7786
75.8041
75.8296
75.8551
75.8806
75.9061
75.9315
75.957
75.9824
76.0079
76.0333
76.0588
76.0843
76.1098
76.1352
76.1606
76.1861
76.2116
76.2371
76.2626
76.288
76.3135
76.3391
76.3645
76.39
76.4155
76.441
76.4665
76.492
76.5175
76.543
76.5684
76.5939
76.6194
76.6449
76.6704
76.6959
76.7213
76.7468
76.7722
76.7977
76.8232
76.8487
76.8741
76.8996
76.925
76.9505
76.976
77.0015
77.0269
77.0524
77.0779
77.1034
77.1288
77.1543
77.1798
77.2052
77.2307
77.2562
77.2817
77.3072
77.3327
77.3581
77.3836
77.4091
77.4345
77.46
77.4855
77.5109
77.5364
77.5619
77.5874
77.6129
77.6383
77.6638
77.6893
77.7147
77.7402
77.7657
77.7911
77.8166
77.842
77.8675
77.8931
77.9185
77.944
77.9694
77.9949
78.0204
78.0459
78.0714
78.0969
78.1224
78.1479
78.1734
78.1988
78.2243
78.2497
78.2752
78.3007
78.3261
78.3516
78.3771
78.4025
78.428
78.4535
78.479
78.5045
78.5299
78.5554
78.5809
78.6064
78.6319
78.6574
78.6829
78.7083
78.7338
78.7592
78.7847
78.8101
78.8356
78.8611
78.8866
78.912
78.9375
78.9629
78.9884
79.0139
79.0394
79.0649
79.0904
79.1159
79.1414
79.1669
79.1923
79.2179
79.2433
79.2689
79.2943
79.3198
79.3529
79.3784
79.4039
79.4294
79.4549
79.4803
79.5058
79.5313
79.5568
79.5823
79.6078
79.6333
79.6588
79.6843
79.7098
79.7353
79.7607
79.7862
79.8129
79.8384
79.8639
79.8893
79.9148
79.9403
79.9658
79.9912
80.0167
80.0422
80.0677
80.0931
80.1186
80.1441
80.1696
80.1951
80.2206
80.2461
80.2716
80.297
80.3225
80.348
80.3735
80.399
80.4245
80.45
80.4755
80.501
80.5265
80.552
80.5775
80.6029
80.6284
80.6539
80.6793
80.7048
80.7303
80.7558
80.7813
80.8068
80.8323
80.8578
80.8832
80.9087
80.9342
80.9597
80.9852
81.0107
81.0362
81.0617
81.0871
81.1126
81.1381
81.1636
81.1891
81.2146
81.2401
81.2656
81.2911
81.3166
81.3421
81.3676
81.3931
81.4186
81.4441
81.4696
81.4951
81.5206
81.5461
81.5716
81.5971
81.6226
81.6481
81.6735
81.699
81.7245
81.7499
81.7754
81.8009
81.8265
81.852
81.8774
81.9029
81.9284
81.9539
81.9794
82.0049
82.0304
82.0559
82.0814
82.1069
82.1324
82.1578
82.1833
82.2088
82.2343
82.2598
82.2853
82.3108
82.3363
82.3617
82.3872
82.4127
82.4382
82.4636
82.4891
82.5146
82.54
82.5655
82.591
82.6164
82.6419
82.6674
82.6929
82.7184
82.7438
82.7693
82.7948
82.8203
82.8457
82.8712
82.8967
82.9221
82.9476
82.9731
82.9986
83.024
83.0495
83.0749
83.1004
83.1259
83.1514
83.1769
83.2024
83.2279
83.2534
83.279
83.3044
83.3299
83.3553
83.3808
83.4063
83.4318
83.4573
83.4828
83.5083
83.5338
83.5594
83.5849
83.6104
83.6359
83.6614
83.6869
83.7124
83.7379
83.7634
83.7888
83.8143
83.8398
83.8653
83.8908
83.9163
83.9417
83.9672
83.9927
84.0182
84.0437
84.0692
84.0947
84.1202
84.1457
84.1713
84.1967
84.2222
84.2477
84.2733
84.2988
84.3243
84.3498
84.3753
84.4008
84.4262
84.4517
84.4772
84.5027
84.5282
84.5537
84.5792
84.6047
84.6302
84.6557
84.6812
84.7067
84.7322
84.7577
84.7832
84.8087
84.8342
84.8598
84.8853
84.9107
84.9362
84.9617
84.9872
85.0127
85.0381
85.0636
85.0891
85.1145
85.14
85.1655
85.1909
85.2164
85.2418
85.2673
85.2929
85.3183
85.3438
85.3693
85.3947
85.4202
85.4457
85.4712
85.4968
85.5223
85.5478
85.5733
85.5988
85.6243
85.6498
85.6753
85.7008
85.7263
85.7518
85.7773
85.8027
85.8282
85.8537
85.8792
85.9046
85.9301
85.9556
85.9811
86.0065
86.032
86.0574
86.0829
86.1084
86.1338
86.1593
86.1847
86.2102
86.2356
86.2612
86.2867
86.3122
86.3376
86.3632
86.3887
86.4142
86.4396
86.4651
86.4905
86.516
86.5415
86.567
86.5926
86.6181
86.6436
86.6691
86.6946
86.7201
86.7456
86.7712
86.7967
86.8221
86.8477
86.8732
86.8986
86.9241
86.9496
86.9751
87.0005
87.026
87.0515
87.0769
87.1024
87.1278
87.1533
87.1788
87.2042
87.2297
87.2552
87.2806
87.3061
87.3315
87.357
87.3824
87.4079
87.4333
87.4588
87.4842
87.5097
87.5351
87.5606
87.586
87.6115
87.6369
87.6624
87.6879
87.7134
87.7388
87.7643
87.7897
87.8152
87.8407
87.8662
87.8916
87.9171
87.9426
87.968
87.9935
88.019
88.0445
88.0699
88.0954
88.1209
88.1463
88.1718
88.1973
88.2228
88.2483
88.2737
88.2992
88.3247
88.3501
88.3756
88.4011
88.4265
88.452
88.4775
88.5029
88.5285
88.554
88.5795
88.605
88.6304
88.6559
88.6814
88.7069
88.7323
88.7578
88.7832
88.8087
88.8341
88.8596
88.8851
88.9106
88.9361
88.9616
88.9871
89.0126
89.0381
89.0635
89.089
89.1145
89.14
89.1655
89.191
89.2165
89.242
89.2675
89.293
89.3184
89.3439
89.3694
89.3949
89.4204
89.4458
89.4713
89.4968
89.5223
89.5478
89.5733
89.5988
89.6243
89.6497
89.6752
89.7008
89.7263
89.7517
89.7772
89.8027
89.8282
89.8537
89.8791
89.9046
89.9301
89.9556
89.9811
90.0066
90.0321
90.0576
90.0831
90.1086
90.1341
90.1596
90.1851
90.2106
90.2361
90.2616
90.2871
90.3127
90.3382
90.3637
90.3892
90.4146
90.44
90.4655
90.491
90.5164
90.5419
90.5674
90.593
90.6185
90.644
90.6695
90.695
90.7204
90.7459
90.7715
90.7969
90.8224
90.8479
90.8734
90.8989
90.9244
90.9499
90.9754
91.0009
91.0264
91.0519
91.0774
91.103
91.1285
91.154
91.1795
91.2051
91.2306
91.2561
91.2815
91.307
91.3325
91.3581
91.3836
91.4091
91.4345
91.46
91.4855
91.511
91.5365
91.5619
91.5874
91.6129
91.6383
91.6638
91.6892
91.7147
91.7402
91.7657
91.7911
91.8166
91.8421
91.8676
91.8931
91.9186
91.9441
91.9696
91.9951
92.0206
92.0461
92.0716
92.0971
92.1225
92.1479
92.1734
92.1988
92.2243
92.2498
92.2752
92.3007
92.3261
92.3516
92.3771
92.4025
92.428
92.4534
92.4789
92.5044
92.5298
92.5553
92.5807
92.6062
92.6316
92.6571
92.6826
92.7081
92.7336
92.759
92.7845
92.81
92.8354
92.8609
92.8864
92.9118
92.9373
92.9628
92.9883
93.0138
93.0392
93.0647
93.0902
93.1156
93.1411
93.1665
93.192
93.2175
93.2429
93.2684
93.2939
93.3194
93.3448
93.3703
93.3958
93.4212
93.4467
93.4722
93.4977
93.5232
93.5486
93.5741
93.5996
93.6251
93.6506
93.676
93.7015
93.7269
93.7524
93.7778
93.8033
93.8288
93.8543
93.8797
93.9052
93.9306
93.9561
93.9816
94.0071
94.0325
94.058
94.0835
94.1089
94.1344
94.1598
94.1853
94.2108
94.2363
94.2617
94.2872
94.3126
94.3381
94.3635
94.389
94.4145
94.4399
94.4654
94.4908
94.5163
94.5418
94.5673
94.5928
94.6183
94.6438
94.6692
94.6947
94.7202
94.7457
94.7711
94.7966
94.8221
94.8475
94.873
94.8985
94.9239
94.9494
94.9749
95.0004
95.0259
95.0514
95.0769
95.1023
95.1278
95.1533
95.1788
95.2042
95.2298
95.2553
95.2808
95.3063
95.3318
95.3572
95.3827
95.4082
95.4337
95.4592
95.4847
95.5102
95.5357
95.5612
95.5867
95.6122
95.6377
95.6631
95.6886
95.7141
95.7396
95.7651
95.7905
95.816
95.8415
95.867
95.8925
95.918
95.9434
95.9688
95.9943
96.0197
96.0452
96.0706
96.096
96.1215
96.1469
96.1724
96.1979
96.2234
96.2489
96.2744
96.2998
96.3253
96.3508
96.3763
96.4018
96.4272
96.4527
96.4782
96.5038
96.5292
96.5547
96.5801
96.6056
96.6311
96.6566
96.6821
96.7076
96.7331
96.7586
96.7841
96.8096
96.835
96.8605
96.886
96.9115
96.937
96.9625
96.988
97.0135
97.039
97.0645
97.09
97.1155
97.141
97.1665
97.192
97.2175
97.243
97.2685
97.2941
97.3196
97.345
97.3705
97.396
97.4215
97.447
97.4725
97.498
97.5235
97.5489
97.5744
97.5998
97.6253
97.6508
97.6763
97.7018
97.7273
97.7527
97.7782
97.8037
97.8292
97.8546
97.8801
97.9056
97.9311
97.9566
97.9821
98.0076
98.033
98.0585
98.084
98.1095
98.1349
98.1604
98.1859
98.2114
98.2369
98.2623
98.2878
98.3132
98.3387
98.3642
98.3897
98.4152
98.4406
98.4661
98.4916
98.517
98.5425
98.568
98.5934
98.6189
98.6444
98.6699
98.6954
98.7209
98.7464
98.7719
98.7974
98.8229
98.8484
98.8739
98.8994
98.9249
98.9504
98.9758
99.0013
99.0269
99.0524
99.0779
99.1034
99.1289
99.1545
99.18
99.2055
99.231
99.2564
99.2819
99.3074
99.3329
99.3584
99.3838
99.4093
99.4348
99.4602
99.4857
99.5113
99.5367
99.5623
99.5878
99.6133
99.6388
99.6643
99.6898
99.7153
99.7409
99.7664
99.7919
99.8173
99.8428
99.8683
99.8938
99.9193
99.9448
99.9703
99.9958
100.021
100.047
100.072
100.098
100.123
100.149
100.174
100.2
100.225
100.251
100.276
100.302
100.327
100.353
100.378
100.404
100.429
100.454
100.48
100.506
100.531
100.557
100.582
100.608
100.633
100.659
100.684
100.71
100.735
100.761
100.786
100.812
100.837
100.863
100.888
100.914
100.939
100.965
100.99
101.015
101.041
101.066
101.092
101.117
101.143
101.168
101.194
101.219
101.245
101.27
101.296
101.321
101.347
101.372
101.398
101.423
101.449
101.474
101.5
101.525
101.551
101.576
101.602
101.627
101.653
101.678
101.704
101.729
101.754
101.78
101.805
101.831
101.856
101.882
101.907
101.933
101.958
101.984
102.009
102.035
102.06
102.086
102.111
102.137
102.162
102.188
102.213
102.239
102.264
102.29
102.315
102.341
102.366
102.391
102.417
102.442
102.468
102.493
102.519
102.544
102.57
102.595
102.621
102.646
102.672
102.697
102.723
102.748
102.774
102.799
102.824
102.85
102.875
102.901
102.926
102.952
102.977
103.003
103.028
103.054
103.079
103.105
103.13
103.156
103.181
103.207
103.232
103.258
103.283
103.309
103.334
103.36
103.385
103.411
103.436
103.462
103.487
103.512
103.538
103.563
103.589
103.614
103.64
103.665
103.691
103.716
103.742
103.767
103.793
103.818
103.844
103.869
103.895
103.92
103.946
103.971
103.997
104.022
104.048
104.073
104.099
104.124
104.15
104.175
104.201
104.226
104.251
104.277
104.302
104.328
104.353
104.379
104.404
104.43
104.455
104.481
104.506
104.532
104.557
104.583
104.608
104.634
104.659
104.685
104.71
104.736
104.761
104.786
104.812
104.837
104.863
104.888
104.914
104.939
104.965
104.99
105.016
105.041
105.067
105.092
105.118
105.143
105.169
105.194
105.22
105.245
105.271
105.296
105.322
105.347
105.373
105.398
105.424
105.449
105.475
105.5
105.526
105.551
105.577
105.602
105.628
105.653
105.679
105.704
105.73
105.755
105.78
105.806
105.831
105.857
105.882
105.908
105.933
105.959
105.984
106.01
106.035
106.061
106.086
106.111
106.137
106.162
106.188
106.213
106.239
106.264
106.29
106.315
106.34
106.366
106.391
106.417
106.442
106.468
106.493
106.519
106.544
106.57
106.595
106.621
106.653
106.678
106.704
106.729
106.755
106.78
106.806
106.831
106.857
106.882
106.908
106.933
106.959
106.984
107.01
107.035
107.061
107.086
107.112
107.137
107.163
107.188
107.213
107.239
107.265
107.29
107.316
107.341
107.367
107.392
107.418
107.443
107.469
107.494
107.52
107.545
107.57
107.596
107.621
107.647
107.672
107.698
107.723
107.749
107.774
107.8
107.825
107.851
107.876
107.902
107.927
107.953
107.978
108.004
108.029
108.055
108.08
108.106
108.131
108.157
108.182
108.208
108.233
108.259
108.284
108.309
108.335
108.36
108.386
108.411
108.437
108.462
108.488
108.513
108.539
108.564
108.59
108.615
108.641
108.666
108.692
108.717
108.743
108.768
108.794
108.819
108.845
108.87
108.896
108.921
108.947
108.972
108.998
109.023
109.049
109.074
109.1
109.125
109.151
109.176
109.202
109.227
109.253
109.278
109.304
109.329
109.355
109.38
109.406
109.431
109.457
109.482
109.508
109.533
109.559
109.584
109.61
109.635
109.661
109.686
109.712
109.737
109.763
109.788
109.814
109.839
109.865
109.89
109.916
109.941
109.966
109.992
110.017
110.043
110.068
110.094
110.119
110.145
110.17
110.196
110.221
110.247
110.272
110.298
110.323
110.349
110.374
110.4
110.425
110.451
110.476
110.502
110.527
110.553
110.578
110.603
110.629
110.654
110.68
110.705
110.731
110.756
110.782
110.807
110.833
110.858
110.884
110.909
110.935
110.96
110.986
111.011
111.037
111.062
111.088
111.113
111.139
111.164
111.19
111.215
111.24
111.266
111.291
111.317
111.342
111.368
111.393
111.419
111.444
111.47
111.495
111.521
111.546
111.572
111.597
111.623
111.648
111.674
111.699
111.725
111.75
111.776
111.801
111.827
111.852
111.878
111.903
111.929
111.954
111.98
112.005
112.031
112.056
112.082
112.107
112.133
112.158
112.184
112.209
112.234
112.26
112.285
112.311
112.336
112.362
112.387
112.413
112.438
112.464
112.489
112.515
112.54
112.566
112.591
112.617
112.642
112.668
112.694
112.719
112.744
112.77
112.796
112.821
112.847
112.872
112.898
112.923
112.949
112.974
113
113.025
113.051
113.076
113.102
113.127
113.152
113.178
113.203
113.229
113.254
113.28
113.305
113.331
113.356
113.382
113.407
113.433
113.458
113.484
113.509
113.535
113.56
113.586
113.611
113.637
113.662
113.688
113.713
113.739
113.764
113.79
113.815
113.841
113.866
113.891
113.917
113.942
113.968
113.993
114.019
114.044
114.07
114.095
114.121
114.146
114.172
114.197
114.223
114.248
114.274
114.299
114.325
114.35
114.376
114.401
114.427
114.452
114.478
114.503
114.529
114.554
114.58
114.605
114.631
114.656
114.682
114.707
114.733
114.758
114.784
114.809
114.835
114.86
114.886
114.911
114.937
114.962
114.988
115.013
115.039
115.064
115.09
115.115
115.141
115.166
115.192
115.217
115.243
115.268
115.294
115.319
115.345
115.37
115.396
115.421
115.447
115.472
115.498
115.523
115.549
115.574
115.6
115.625
115.651
115.676
115.701
115.727
115.752
115.778
115.804
115.829
115.855
115.88
115.906
115.931
115.957
115.982
116.007
116.033
116.058
116.084
116.109
116.135
116.16
116.186
116.211
116.237
116.262
116.288
116.313
116.339
116.364
116.39
116.415
116.441
116.466
116.491
116.517
116.542
116.568
116.593
116.619
116.644
116.67
116.695
116.721
116.746
116.772
116.797
116.822
116.848
116.873
116.899
116.924
116.95
116.975
117.001
117.026
117.052
117.077
117.102
117.128
117.153
117.179
117.204
117.23
117.255
117.281
117.306
117.332
117.357
117.383
117.408
117.434
117.459
117.484
117.51
117.535
117.561
117.586
117.612
117.637
117.663
117.688
117.714
117.739
117.765
117.79
117.816
117.841
117.867
117.892
117.918
117.943
117.969
117.994
118.02
118.045
118.071
118.096
118.122
118.147
118.172
118.198
118.223
118.249
118.274
118.3
118.325
118.351
118.376
118.401
118.427
118.452
118.478
118.503
118.529
118.554
118.58
118.605
118.631
118.656
118.681
118.707
118.732
118.758
118.783
118.809
118.834
118.86
118.885
118.911
118.936
118.962
118.987
119.013
119.038
119.063
119.089
119.114
119.14
119.165
119.191
119.216
119.242
119.267
119.293
119.318
119.344
119.369
119.395
119.42
119.445
119.471
119.496
119.522
119.547
119.573
119.598
119.624
119.649
119.675
119.7
119.725
119.751
119.776
119.802
119.827
119.853
119.878
119.904
119.929
119.955
119.98
120.005
120.031
120.056
120.082
120.107
120.133
120.158
120.184
120.209
120.235
120.26
120.286
120.311
120.337
120.362
120.388
120.413
120.439
120.464
120.49
120.515
120.541
120.566
120.591
120.617
120.643
120.668
120.693
120.719
120.744
120.77
120.795
120.821
120.846
120.872
120.897
120.923
120.948
120.974
120.999
121.025
121.05
121.076
121.101
121.127
121.152
121.178
121.203
121.229
121.254
121.28
121.305
121.331
121.356
121.382
121.407
121.433
121.458
121.484
121.509
121.535
121.56
121.586
121.611
121.637
121.662
121.688
121.713
121.739
121.764
121.789
121.815
121.84
121.866
121.891
121.917
121.942
121.968
121.993
122.019
122.044
122.07
122.095
122.121
122.146
122.172
122.197
122.223
122.248
122.274
122.299
122.325
122.35
122.376
122.401
122.427
122.452
122.478
122.503
122.529
122.554
122.58
122.605
122.631
122.656
122.681
122.707
122.732
122.758
122.783
122.809
122.834
122.86
122.885
122.911
122.936
122.962
122.987
123.013
123.038
123.064
123.089
123.115
123.14
123.166
123.191
123.217
123.242
123.267
123.293
123.318
123.344
123.369
123.395
123.42
123.446
123.471
123.497
123.522
123.548
123.573
123.599
123.624
123.65
123.675
123.701
123.726
123.752
123.777
123.803
123.828
123.854
123.879
123.905
123.93
123.955
123.981
124.006
124.032
124.057
124.083
124.108
124.134
124.159
124.185
124.21
124.236
124.261
124.287
124.312
124.338
124.363
124.389
124.414
124.44
124.465
124.49
124.516
124.541
124.567
124.592
124.618
124.643
124.669
124.694
124.72
124.745
124.771
124.796
124.822
124.847
124.873
124.898
124.924
124.949
124.975
125
125.026
125.051
125.077
125.102
125.128
125.153
125.179
125.204
125.23
125.255
125.281
125.306
125.332
125.357
125.383
125.408
125.434
125.459
125.484
125.51
125.535
125.561
125.586
125.612
125.637
125.663
125.688
125.714
125.739
125.765
125.79
125.816
125.841
125.867
125.892
125.918
125.943
125.969
125.994
126.02
126.045
126.071
126.096
126.121
126.147
126.172
126.198
126.223
126.249
126.274
126.3
126.325
126.351
126.376
126.402
126.427
126.453
126.478
126.504
126.529
126.554
126.58
126.605
126.631
126.656
126.682
126.707
126.733
126.758
126.784
126.809
126.835
126.86
126.886
126.911
126.937
126.962
126.988
127.013
127.039
127.064
127.09
127.115
127.141
127.166
127.192
127.217
127.243
127.268
127.294
127.319
127.345
127.37
127.395
127.421
127.446
127.472
127.497
127.523
127.548
127.574
127.599
127.625
127.65
127.676
127.701
127.727
127.752
127.777
127.803
127.828
127.854
127.879
127.905
127.93
127.956
127.981
128.007
128.032
128.058
128.083
128.109
128.134
128.16
128.185
128.211
128.236
128.261
128.287
128.312
128.338
128.364
128.389
128.415
128.44
128.466
128.491
128.516
128.542
128.567
128.593
128.618
128.644
128.669
128.695
128.72
128.746
128.771
128.797
128.822
128.848
128.873
128.899
128.924
128.95
128.975
129.001
129.026
129.052
129.077
129.103
129.128
129.154
129.179
129.205
129.23
129.255
129.281
129.306
129.332
129.357
129.383
129.408
129.434
129.459
129.485
129.51
129.536
129.561
129.587
129.612
129.638
129.663
129.689
129.714
129.74
129.765
129.791
129.816
129.842
129.867
129.893
129.918
129.944
129.969
129.994
130.02
130.045
130.071
130.096
130.122
130.147
130.173
130.198
130.224
130.249
130.275
130.3
130.326
130.351
130.377
130.402
130.428
130.453
130.478
130.504
130.529
130.555
130.58
130.606
130.631
130.657
130.682
130.708
130.733
130.759
130.784
130.81
130.835
130.861
130.886
130.912
130.937
130.963
130.988
131.014
131.039
131.065
131.09
131.116
131.141
131.167
131.192
131.218
131.243
131.268
131.294
131.32
131.345
131.371
131.396
131.421
131.447
131.472
131.498
131.523
131.549
131.575
131.6
131.626
131.651
131.677
131.702
131.728
131.753
131.778
131.804
131.829
131.855
131.88
131.906
131.931
131.957
131.982
132.008
132.033
132.059
132.084
132.11
132.135
132.161
132.186
132.212
132.237
132.263
132.288
132.314
132.339
132.365
132.39
132.416
132.441
132.467
132.492
132.518
132.543
132.569
132.594
132.62
132.645
132.671
132.696
132.721
132.747
132.772
132.798
132.823
132.849
132.874
132.9
132.925
132.951
132.976
133.002
133.027
133.053
133.078
133.104
133.129
133.155
133.18
133.205
133.231
133.256
133.282
133.307
133.333
133.358
133.384
133.409
133.435
133.461
133.486
133.512
133.537
133.563
133.588
133.613
133.639
133.664
133.69
133.715
133.741
133.766
133.792
133.817
133.843
133.868
133.894
133.919
133.945
133.97
133.996
134.021
134.047
134.072
134.098
134.123
134.149
134.174
134.2
134.225
134.251
134.276
134.302
134.327
134.353
134.378
134.404
134.429
134.455
134.48
134.506
134.531
134.557
134.582
134.607
134.633
134.658
134.684
134.709
134.735
134.76
134.786
134.811
134.837
134.862
134.888
134.913
134.939
134.964
134.99
135.015
135.041
135.066
135.091
135.117
135.142
135.168
135.193
135.219
135.244
135.27
135.295
135.321
135.346
135.372
135.397
135.423
135.448
135.474
135.499
135.525
135.55
135.576
135.601
135.627
135.652
135.678
135.703
135.729
135.754
135.78
135.805
135.83
135.856
135.881
135.907
135.932
135.958
135.983
136.009
136.034
136.06
136.085
136.111
136.136
136.162
136.187
136.213
136.238
136.264
136.289
136.315
136.34
136.365
136.391
136.416
136.442
136.467
136.493
136.518
136.544
136.569
136.595
136.62
136.646
136.671
136.697
136.722
136.748
136.773
136.799
136.824
136.85
136.875
136.901
136.926
136.952
136.977
137.003
137.028
137.053
137.079
137.104
137.13
137.155
137.181
137.206
137.232
137.257
137.283
137.308
137.334
137.359
137.385
137.41
137.436
137.461
137.487
137.512
137.538
137.563
137.588
137.614
137.639
137.665
137.69
137.716
137.741
137.767
137.792
137.818
137.843
137.869
137.894
137.92
137.945
137.971
137.996
138.021
138.047
138.072
138.098
138.123
138.149
138.174
138.2
138.225
138.251
138.276
138.302
138.327
138.353
138.378
138.404
138.429
138.455
138.48
138.506
138.531
138.557
138.582
138.608
138.633
138.659
138.684
138.709
138.735
138.76
138.786
138.811
138.837
138.862
138.888
138.913
138.939
138.964
138.99
139.015
139.041
139.066
139.092
139.117
139.143
139.168
139.194
139.219
139.244
139.27
139.295
139.321
139.346
139.372
139.397
139.423
139.448
139.474
139.499
139.525
139.55
139.576
139.601
139.627
139.652
139.678
139.703
139.729
139.754
139.78
139.805
139.83
139.856
139.881
139.907
139.932
139.958
139.983
140.009
140.034
140.06
140.085
140.111
140.136
140.162
140.187
140.213
140.238
140.264
140.289
140.315
140.34
140.366
140.391
140.416
140.442
140.467
140.493
140.518
140.544
140.569
140.595
140.62
140.646
140.671
140.697
140.722
140.748
140.773
140.799
140.824
140.85
140.875
140.901
140.926
140.952
140.977
141.003
141.028
141.054
141.079
141.104
141.13
141.155
141.181
141.206
141.232
141.257
141.283
141.308
141.334
141.359
141.385
141.41
141.436
141.461
141.487
141.512
141.538
141.563
141.589
141.614
141.64
141.665
141.691
141.716
141.742
141.767
141.793
141.818
141.844
141.869
141.894
141.92
141.945
141.971
141.996
142.022
142.047
142.073
142.098
142.124
142.149
142.175
142.2
142.226
142.251
142.277
142.302
142.328
142.353
142.379
142.404
142.43
142.455
142.481
142.506
142.532
142.557
142.583
142.608
142.633
142.659
142.684
142.71
142.735
142.761
142.786
142.812
142.837
142.863
142.888
142.914
142.939
142.965
142.99
143.016
143.041
143.067
143.092
143.118
143.143
143.169
143.194
143.22
143.245
143.27
143.296
143.321
143.347
143.372
143.398
143.423
143.449
143.474
143.5
143.525
143.551
143.576
143.602
143.627
143.653
143.678
143.704
143.729
143.755
143.78
143.806
143.831
143.857
143.882
143.908
143.933
143.959
143.984
144.01
144.035
144.06
144.086
144.111
144.137
144.162
144.188
144.213
144.239
144.264
144.29
144.315
144.341
144.366
144.392
144.417
144.443
144.468
144.494
144.519
144.545
144.57
144.596
144.621
144.647
144.672
144.697
144.723
144.748
144.774
144.799
144.825
144.85
144.876
144.901
144.927
144.952
144.978
145.003
145.029
145.054
145.08
145.105
145.131
145.156
145.182
145.207
145.233
145.258
145.284
145.309
145.335
145.36
145.386
145.411
145.437
145.462
145.488
145.513
145.538
145.564
145.589
145.615
145.64
145.666
145.691
145.717
145.742
145.768
145.793
145.819
145.844
145.87
145.895
145.921
145.946
145.972
145.997
146.023
146.048
146.073
146.099
146.124
146.15
146.175
146.201
146.226
146.252
146.277
146.303
146.328
146.353
146.379
146.404
146.43
146.455
146.481
146.506
146.532
146.557
146.583
146.608
146.634
146.659
146.685
146.71
146.736
146.761
146.787
146.812
146.838
146.863
146.889
146.914
146.94
146.965
146.991
147.016
147.042
147.067
147.093
147.118
147.144
147.169
147.195
147.22
147.246
147.271
147.297
147.322
147.348
147.373
147.399
147.424
147.449
147.475
147.5
147.526
147.551
147.577
147.602
147.628
147.653
147.679
147.704
147.73
147.755
147.781
147.806
147.832
147.857
147.883
147.908
147.934
147.959
147.985
148.01
148.035
148.061
148.086
148.112
148.137
148.163
148.188
148.214
148.239
148.265
148.29
148.316
148.341
148.367
148.392
148.418
148.443
148.469
148.494
148.52
148.545
148.571
148.596
148.622
148.647
148.673
148.698
148.724
148.749
148.775
148.8
148.826
148.851
148.877
148.902
148.928
148.953
148.979
149.004
149.029
149.055
149.08
149.106
149.131
149.157
149.182
149.208
149.233
149.259
149.284
149.31
149.335
149.361
149.386
149.412
149.437
149.463
149.488
149.514
149.539
149.565
149.59
149.616
149.641
149.667
149.692
149.718
149.743
149.769
149.794
149.819
149.845
149.87
149.896
149.921
149.947
149.972
149.998
150.023
150.049
150.074
150.1
150.125
150.151
150.176
150.202
150.227
150.253
150.278
150.304
150.329
150.355
150.38
150.406
150.431
150.457
150.482
150.507
150.533
150.558
150.584
150.609
150.635
150.66
150.686
150.711
150.737
150.762
150.788
150.813
150.839
150.864
150.89
150.915
150.941
150.966
150.992
151.017
151.043
151.068
151.094
151.119
151.145
151.17
151.196
151.221
151.247
151.272
151.298
151.323
151.349
151.374
151.4
151.425
151.451
151.476
151.501
151.527
151.552
151.578
151.603
151.629
151.654
151.68
151.705
151.731
151.756
151.782
151.807
151.833
151.858
151.883
151.909
151.934
151.96
151.985
152.011
152.036
152.062
152.087
152.113
152.138
152.164
152.189
152.215
152.24
152.266
152.291
152.317
152.342
152.368
152.393
152.419
152.444
152.47
152.495
152.521
152.546
152.572
152.597
152.623
152.648
152.673
152.699
152.724
152.75
152.775
152.801
152.826
152.852
152.877
152.903
152.928
152.954
152.979
153.005
153.03
153.056
153.081
153.106
153.132
153.157
153.183
153.208
153.234
153.259
153.285
153.31
153.336
153.361
153.387
153.412
153.438
153.463
153.488
153.514
153.539
153.565
153.59
153.616
153.641
153.667
153.692
153.718
153.743
153.769
153.794
153.82
153.845
153.871
153.896
153.921
153.947
153.973
153.998
154.023
154.049
154.074
154.1
154.125
154.151
154.176
154.202
154.227
154.253
154.278
154.304
154.329
154.355
154.38
154.406
154.431
154.457
154.482
154.508
154.533
154.559
154.584
154.61
154.635
154.661
154.686
154.712
154.737
154.762
154.788
154.813
154.839
154.864
154.89
154.915
154.941
154.966
154.992
155.017
155.043
155.068
155.094
155.119
155.145
155.17
155.196
155.221
155.247
155.272
155.298
155.323
155.349
155.374
155.4
155.425
155.451
155.476
155.502
155.527
155.553
155.578
155.604
155.629
155.655
155.68
155.706
155.731
155.757
155.782
155.808
155.833
155.859
155.884
155.91
155.935
155.961
155.986
156.012
156.037
156.063
156.088
156.114
156.139
156.165
156.19
156.215
156.241
156.266
156.292
156.317
156.343
156.368
156.394
156.419
156.445
156.47
156.496
156.521
156.547
156.572
156.597
156.623
156.648
156.674
156.699
156.725
156.75
156.776
156.801
156.827
156.852
156.878
156.903
156.929
156.954
156.979
157.005
157.03
157.056
157.081
157.107
157.132
157.158
157.183
157.209
157.234
157.26
157.285
157.311
157.336
157.362
157.387
157.413
157.438
157.464
157.489
157.515
157.54
157.566
157.591
157.617
157.642
157.668
157.693
157.719
157.744
157.769
157.795
157.82
157.846
157.871
157.897
157.922
157.948
157.973
157.999
158.024
158.05
158.075
158.101
158.126
158.152
158.177
158.203
158.228
158.253
158.279
158.304
158.33
158.355
158.381
158.406
158.432
158.457
158.483
158.508
158.534
158.559
158.585
158.61
158.635
158.661
158.686
158.712
158.737
158.763
158.788
158.814
158.839
158.865
158.89
158.916
158.941
158.967
158.992
159.018
159.043
159.069
159.094
159.119
159.145
159.17
159.196
159.221
159.247
159.272
159.298
159.323
159.349
159.374
159.399
159.425
159.45
159.476
159.501
159.527
159.552
159.578
159.603
159.629
159.654
159.68
159.705
159.731
159.756
159.782
159.807
159.833
159.858
159.883
159.909
159.934
159.96
159.985
160.011
160.036
160.062
160.087
160.113
160.138
160.164
160.189
160.215
160.24
160.266
160.291
160.317
160.342
160.368
160.393
160.419
160.444
160.47
160.495
160.521
160.546
160.571
160.597
160.622
160.648
160.673
160.699
160.724
160.75
160.775
160.801
160.826
160.852
160.877
160.903
160.928
160.954
160.979
161.005
161.03
161.056
161.081
161.107
161.132
161.158
161.183
161.209
161.234
161.26
161.285
161.311
161.336
161.362
161.387
161.413
161.438
161.464
161.489
161.515
161.54
161.566
161.591
161.617
161.642
161.667
161.693
161.718
161.744
161.769
161.795
161.82
161.846
161.871
161.897
161.922
161.948
161.973
161.999
162.024
162.05
162.075
162.101
162.126
162.152
162.177
162.203
162.228
162.254
162.279
162.305
162.33
162.356
162.381
162.407
162.432
162.458
162.483
162.509
162.534
162.56
162.585
162.611
162.636
162.661
162.687
162.712
162.738
162.763
162.789
162.814
162.84
162.865
162.891
162.916
162.942
162.967
162.993
163.018
163.044
163.069
163.095
163.12
163.146
163.171
163.197
163.222
163.248
163.273
163.299
163.324
163.35
163.375
163.401
163.426
163.451
163.477
163.502
163.528
163.553
163.579
163.604
163.63
163.655
163.681
163.706
163.732
163.757
163.783
163.808
163.834
163.859
163.885
163.91
163.936
163.961
163.987
164.012
164.038
164.063
164.089
164.114
164.14
164.165
164.191
164.216
164.242
164.267
164.293
164.318
164.344
164.369
164.395
164.42
164.445
164.471
164.496
164.522
164.547
164.573
164.598
164.624
164.649
164.675
164.7
164.726
164.751
164.777
164.802
164.827
164.853
164.878
164.904
164.929
164.955
164.98
165.006
165.031
165.057
165.082
165.108
165.133
165.159
165.184
165.209
165.235
165.26
165.286
165.311
165.337
165.362
165.388
165.413
165.439
165.464
165.49
165.515
165.541
165.566
165.592
165.617
165.643
165.668
165.694
165.719
165.745
165.77
165.796
165.821
165.846
165.872
165.897
165.923
165.948
165.974
165.999
166.025
166.05
166.076
166.101
166.127
166.152
166.177
166.203
166.228
166.254
166.279
166.305
166.33
166.356
166.381
166.407
166.432
166.458
166.483
166.509
166.534
166.56
166.585
166.61
166.636
166.661
166.687
166.712
166.738
166.763
166.789
166.814
166.84
166.865
166.891
166.916
166.942
166.967
166.993
167.018
167.043
167.069
167.094
167.12
167.145
167.171
167.196
167.222
167.247
167.273
167.298
167.324
167.349
167.375
167.4
167.426
167.451
167.477
167.502
167.528
167.553
167.579
167.604
167.63
167.655
167.681
167.706
167.732
167.757
167.783
167.808
167.834
167.859
167.885
167.91
167.936
167.961
167.987
168.012
168.038
168.063
168.089
168.114
168.14
168.165
168.191
168.216
168.242
168.267
168.293
168.318
168.344
168.369
168.395
168.42
168.446
168.471
168.497
168.522
168.548
168.573
168.599
168.624
168.65
168.675
168.701
168.726
168.752
168.777
168.802
168.828
168.853
168.879
168.904
168.93
168.955
168.981
169.006
169.032
169.057
169.083
169.108
169.134
169.159
169.185
169.21
169.236
169.261
169.286
169.312
169.337
169.363
169.388
169.414
169.439
169.465
169.49
169.516
169.541
169.567
169.592
169.618
169.643
169.669
169.694
169.719
169.745
169.77
169.796
169.821
169.847
169.872
169.898
169.923
169.949
169.974
170
170.025
170.051
170.076
170.102
170.127
170.153
170.178
170.204
170.229
170.255
170.28
170.306
170.331
170.356
170.382
170.407
170.433
170.458
170.484
170.509
170.535
170.56
170.586
170.611
170.637
170.662
170.688
170.713
170.739
170.764
170.79
170.815
170.841
170.866
170.892
170.917
170.943
170.968
170.994
171.019
171.044
171.07
171.095
171.121
171.146
171.172
171.197
171.223
171.248
171.274
171.299
171.325
171.35
171.376
171.401
171.427
171.452
171.478
171.503
171.529
171.554
171.58
171.605
171.631
171.656
171.682
171.707
171.732
171.758
171.783
171.809
171.834
171.86
171.885
171.911
171.936
171.962
171.987
172.013
172.038
172.064
172.089
172.115
172.14
172.166
172.191
172.217
172.242
172.268
172.293
172.319
172.344
172.37
172.395
172.42
172.446
172.471
172.497
172.522
172.548
172.573
172.599
172.624
172.65
172.675
172.701
172.726
172.752
172.777
172.803
172.828
172.854
172.879
172.905
172.93
172.956
172.981
173.007
173.032
173.058
173.083
173.109
173.134
173.16
173.185
173.211
173.236
173.262
173.287
173.313
173.338
173.364
173.389
173.414
173.44
173.465
173.491
173.516
173.542
173.567
173.593
173.618
173.644
173.669
173.695
173.72
173.746
173.771
173.797
173.822
173.848
173.873
173.899
173.924
173.95
173.975
174.001
174.026
174.052
174.077
174.103
174.128
174.154
174.179
174.204
174.23
174.255
174.281
174.306
174.332
174.357
174.383
174.408
174.434
174.459
174.485
174.51
174.536
174.561
174.587
174.612
174.638
174.663
174.689
174.714
174.739
174.765
174.79
174.816
174.841
174.867
174.892
174.918
174.943
174.969
174.994
175.02
175.045
175.071
175.096
175.122
175.147
175.173
175.198
175.224
175.249
175.275
175.3
175.326
175.351
175.377
175.402
175.428
175.453
175.479
175.504
175.53
175.555
175.58
175.606
175.631
175.657
175.682
175.708
175.733
175.759
175.784
175.81
175.835
175.861
175.886
175.912
175.937
175.963
175.988
176.014
176.039
176.064
176.09
176.115
176.141
176.166
176.192
176.217
176.243
176.268
176.294
176.319
176.344
176.37
176.396
176.421
176.447
176.472
176.498
176.523
176.548
176.574
176.599
176.625
176.65
176.676
176.701
176.727
176.752
176.778
176.803
176.829
176.854
176.88
176.905
176.931
176.956
176.982
177.007
177.033
177.058
177.084
177.109
177.135
177.16
177.186
177.211
177.237
177.262
177.288
177.313
177.338
177.364
177.389
177.415
177.44
177.466
177.491
177.517
177.542
177.568
177.593
177.619
177.644
177.67
177.695
177.721
177.746
177.772
177.797
177.823
177.848
177.874
177.899
177.925
177.95
177.975
178.001
178.026
178.052
178.077
178.103
178.128
178.154
178.179
178.205
178.23
178.256
178.281
178.307
178.332
178.358
178.383
178.409
178.434
178.46
178.485
178.511
178.536
178.562
178.587
178.613
178.638
178.664
178.689
178.715
178.74
178.766
178.791
178.817
178.842
178.868
178.893
178.919
178.944
178.97
178.995
179.021
179.046
179.072
179.097
179.122
179.148
179.173
179.199
179.224
179.25
179.275
179.301
179.326
179.352
179.377
179.403
179.428
179.454
179.479
179.505
179.53
179.556
179.581
179.607
179.632
179.658
179.683
179.708
179.734
179.759
179.785
179.81
179.836
179.861
179.887
179.912
179.937
179.963
179.988
180.014
180.039
180.065
180.09
180.116
180.141
180.167
180.192
180.218
180.243
180.269
180.294
180.32
180.345
180.371
180.396
180.422
180.447
180.473
180.498
180.524
180.549
180.575
180.6
180.625
180.651
180.676
180.702
180.727
180.753
180.778
180.804
180.829
180.855
180.88
180.906
180.931
180.957
180.982
181.008
181.033
181.059
181.084
181.11
181.135
181.161
181.186
181.212
181.237
181.263
181.288
181.314
181.339
181.364
181.39
181.415
181.441
181.466
181.492
181.517
181.543
181.568
181.594
181.619
181.645
181.67
181.696
181.721
181.747
181.772
181.798
181.823
181.849
181.874
181.9
181.925
181.951
181.976
182.001
182.027
182.052
182.078
182.103
182.129
182.154
182.18
182.205
182.231
182.256
182.282
182.307
182.333
182.358
182.384
182.409
182.435
182.46
182.485
182.511
182.536
182.562
182.587
182.613
182.638
182.664
182.689
182.715
182.74
182.766
182.791
182.817
182.842
182.868
182.893
182.919
182.944
182.97
182.995
183.021
183.046
183.071
183.097
183.122
183.148
183.173
183.199
183.224
183.25
183.275
183.301
183.326
183.352
183.377
183.403
183.428
183.454
183.479
183.504
183.53
183.555
183.581
183.606
183.632
183.657
183.683
183.708
183.734
183.759
183.785
183.81
183.836
183.861
183.886
183.912
183.937
183.963
183.988
184.014
184.039
184.065
184.09
184.116
184.141
184.167
184.192
184.217
184.243
184.268
184.294
184.319
184.345
184.37
184.396
184.421
184.447
184.472
184.498
184.523
184.549
184.574
184.599
184.625
184.65
184.676
184.701
184.727
184.752
184.778
184.803
184.829
184.854
184.88
184.905
184.931
184.956
184.982
185.007
185.033
185.058
185.083
185.109
185.134
185.16
185.185
185.211
185.236
185.262
185.287
185.313
185.338
185.364
185.389
185.415
185.44
185.466
185.491
185.517
185.542
185.567
185.593
185.618
185.644
185.669
185.695
185.72
185.746
185.771
185.797
185.822
185.848
185.873
185.899
185.924
185.949
185.975
186
186.026
186.051
186.077
186.102
186.128
186.153
186.178
186.204
186.229
186.255
186.28
186.306
186.331
186.357
186.382
186.408
186.433
186.459
186.484
186.509
186.535
186.56
186.586
186.611
186.637
186.662
186.688
186.713
186.739
186.764
186.79
186.815
186.841
186.866
186.892
186.917
186.943
186.968
186.994
187.021
187.046
187.072
187.097
187.123
187.148
187.174
187.199
187.225
187.25
187.276
187.301
187.326
187.352
187.377
187.403
187.428
187.454
187.479
187.505
187.53
187.556
187.581
187.607
187.632
187.658
187.683
187.709
187.734
187.759
187.785
187.81
187.836
187.861
187.887
187.912
187.938
187.963
187.989
188.014
188.04
188.065
188.091
188.116
188.142
188.167
188.193
188.218
188.244
188.269
188.294
188.32
188.345
188.371
188.396
188.422
188.447
188.473
188.498
188.524
188.549
188.575
188.6
188.625
188.651
188.676
188.702
188.727
188.753
188.778
188.804
188.829
188.855
188.88
188.906
188.931
188.957
188.982
189.007
189.033
189.058
189.084
189.109
189.135
189.16
189.186
189.211
189.237
189.262
189.287
189.313
189.338
189.364
189.389
189.415
189.44
189.466
189.491
189.517
189.542
189.568
189.593
189.619
189.644
189.67
189.695
189.72
189.746
189.771
189.797
189.822
189.848
189.873
189.899
189.924
189.95
189.975
190.001
190.026
190.052
190.077
190.102
190.128
190.153
190.179
190.204
190.23
190.255
190.281
190.306
190.332
190.357
190.383
190.408
190.433
190.459
190.484
190.51
190.535
190.561
190.586
190.612
190.637
190.662
190.688
190.713
190.739
190.764
190.79
190.815
190.841
190.866
190.892
190.917
190.943
190.968
190.993
191.019
191.044
191.07
191.095
191.121
191.146
191.172
191.197
191.223
191.248
191.274
191.299
191.324
191.35
191.375
191.401
191.426
191.452
191.477
191.503
191.528
191.554
191.579
191.605
191.63
191.656
191.681
191.707
191.732
191.757
191.783
191.808
191.834
191.859
191.885
191.91
191.936
191.961
191.987
192.012
192.037
192.063
192.088
192.114
192.139
192.165
192.19
192.216
192.241
192.267
192.292
192.318
192.343
192.369
192.394
192.42
192.445
192.47
192.496
192.521
192.547
192.572
192.598
192.623
192.649
192.674
192.7
192.725
192.751
192.776
192.802
192.827
192.853
192.878
192.903
192.929
192.954
192.98
193.005
193.031
193.056
193.082
193.107
193.133
193.158
193.184
193.209
193.234
193.26
193.285
193.311
193.336
193.362
193.387
193.413
193.438
193.464
193.489
193.515
193.54
193.566
193.591
193.617
193.642
193.668
193.693
193.719
193.744
193.77
193.795
193.821
193.846
193.871
193.897
193.922
193.948
193.973
193.999
194.024
194.05
194.075
194.101
194.126
194.152
194.177
194.203
194.228
194.254
194.279
194.305
194.33
194.356
194.381
194.407
194.432
194.458
194.483
194.508
194.534
194.559
194.585
194.61
194.636
194.661
194.687
194.712
194.738
194.763
194.788
194.814
194.839
194.865
194.89
194.916
194.941
194.966
194.992
195.017
195.043
195.068
195.094
195.119
195.144
195.17
195.195
195.221
195.246
195.272
195.297
195.322
195.348
195.373
195.399
195.424
195.45
195.475
195.5
195.526
195.551
195.577
195.602
195.628
195.653
195.678
195.704
195.729
195.755
195.78
195.806
195.831
195.856
195.882
195.907
195.933
195.958
195.983
196.009
196.034
196.06
196.085
196.11
196.136
196.161
196.187
196.212
196.238
196.263
196.288
196.314
196.339
196.365
196.39
196.416
196.441
196.466
196.492
196.517
196.543
196.568
196.594
196.619
196.645
196.67
196.696
196.721
196.746
196.772
196.797
196.823
196.848
196.874
196.899
196.924
196.95
196.975
197.001
197.026
197.052
197.077
197.103
197.128
197.153
197.179
197.204
197.23
197.255
197.281
197.306
197.332
197.357
197.383
197.408
197.433
197.459
197.484
197.51
197.535
197.561
197.586
197.612
197.637
197.663
197.688
197.713
197.739
197.764
197.79
197.815
197.841
197.866
197.892
197.917
197.943
197.968
197.994
198.019
198.045
198.07
198.095
198.121
198.146
198.172
198.197
198.223
198.248
198.274
198.299
198.325
198.35
198.376
198.401
198.427
198.452
198.477
198.503
198.528
198.554
198.579
198.605
198.63
198.656
198.681
198.706
198.732
198.757
198.783
198.808
198.834
198.859
198.885
198.91
198.936
198.961
198.987
199.012
199.037
199.063
199.088
199.114
199.139
199.165
199.19
199.216
199.241
199.267
199.292
199.318
199.343
199.368
199.394
199.419
199.445
199.47
199.496
199.521
199.547
199.572
199.598
199.623
199.649
199.674
199.699
199.725
199.75
199.776
199.801
199.827
199.852
199.878
199.903
199.929
199.954
199.98
200.006
200.031
200.057
200.082
200.108
200.133
200.158
200.184
200.209
200.235
200.26
200.286
200.311
200.337
200.362
200.388
200.413
200.439
200.464
200.49
200.515
200.54
200.566
200.591
200.617
200.642
200.668
200.693
200.719
200.744
200.77
200.795
200.821
200.846
200.872
200.897
200.923
200.948
200.973
200.999
201.024
201.05
201.075
201.101
201.126
201.152
201.177
201.203
201.228
201.254
201.279
201.305
201.33
201.355
201.381
201.406
201.432
201.457
201.483
201.508
201.534
201.559
201.585
201.61
201.636
201.661
201.686
201.712
201.737
201.763
201.788
201.814
201.839
201.865
201.89
201.916
201.941
201.966
201.992
202.017
202.043
202.068
202.094
202.119
202.145
202.17
202.196
202.221
202.247
202.272
202.298
202.323
202.349
202.374
202.399
202.425
202.45
202.476
202.501
202.527
202.552
202.578
202.603
202.629
202.654
202.679
202.705
202.73
202.756
202.781
202.807
202.832
202.858
202.883
202.909
202.934
202.96
202.985
203.011
203.036
203.062
203.087
203.113
203.138
203.163
203.189
203.214
203.24
203.265
203.291
203.316
203.342
203.367
203.393
203.418
203.444
203.469
203.495
203.52
203.545
203.571
203.596
203.622
203.647
203.673
203.698
203.724
203.749
203.775
203.8
203.825
203.851
203.876
203.902
203.927
203.953
203.978
204.003
204.029
204.054
204.08
204.105
204.131
204.156
204.182
204.207
204.232
204.258
204.283
204.309
204.334
204.36
204.385
204.411
204.436
204.461
204.487
204.512
204.538
204.563
204.588
204.614
204.639
204.665
204.69
204.715
204.741
204.766
204.792
204.817
204.842
204.868
204.893
204.918
204.944
204.969
204.994
205.02
205.045
205.07
205.096
205.121
205.146
205.172
205.197
205.222
205.248
205.273
205.298
205.324
205.349
205.374
205.399
205.425
205.45
205.475
205.5
205.526
205.551
205.576
205.602
205.627
205.652
205.677
205.703
205.728
205.753
205.778
205.804
205.829
205.854
205.879
205.905
205.93
205.955
205.98
206.006
206.031
206.056
206.081
206.107
206.132
206.157
206.182
206.208
206.233
206.258
206.284
206.309
206.335
206.36
206.386
206.412
206.437
206.463
206.488
206.514
206.539
206.565
206.591
206.616
206.642
206.667
206.693
206.719
206.744
206.77
206.795
206.821
206.846
206.872
206.898
206.923
206.949
206.974
207
207.026
207.051
207.077
207.102
207.128
207.153
207.179
207.205
207.23
207.256
207.281
207.307
207.332
207.358
207.384
207.409
207.435
207.46
207.486
207.511
207.537
207.563
207.588
207.614
207.639
207.665
207.691
207.716
207.742
207.767
207.793
