0.026
0.0512629
0.0764759
0.101683
0.126891
0.152095
0.177308
0.202535
0.22777
0.25302
0.278268
0.303512
0.328767
0.354018
0.379266
0.404513
0.429755
0.455
0.480246
0.505488
0.530734
0.555973
0.581219
0.606465
0.631705
0.656952
0.682196
0.707438
0.732682
0.757921
0.783165
0.808407
0.833648
0.858896
0.884137
0.90938
0.934631
0.959879
0.98513
1.01037
1.03561
1.06086
1.08612
1.11133
1.13657
1.16182
1.18706
1.21231
1.23755
1.2628
1.28805
1.31329
1.33854
1.36379
1.38904
1.41428
1.43953
1.46477
1.49
1.51525
1.5405
1.56574
1.59097
1.61622
1.64147
1.66672
1.69196
1.71721
1.74245
1.76771
1.79296
1.8182
1.84343
1.86867
1.89391
1.91914
1.9444
1.96965
1.9949
2.0202
2.04546
2.07072
2.09597
2.12121
2.14646
2.17171
2.19695
2.2222
2.24745
2.27269
2.29794
2.32318
2.34844
2.37369
2.39893
2.42419
2.44943
2.47468
2.49993
2.52517
2.55042
2.57566
2.6009
2.62614
2.65138
2.67662
2.70186
2.72711
2.75235
2.77758
2.80282
2.82805
2.85328
2.87853
2.90378
2.92902
2.95427
2.97951
3.00475
3.02999
3.05524
3.08049
3.10573
3.13096
3.1562
3.18143
3.20667
3.23191
3.25715
3.28238
3.30762
3.33286
3.35809
3.38332
3.40856
3.43381
3.45905
3.48429
3.50953
3.53478
3.56002
3.58527
3.6105
3.63575
3.661
3.68624
3.71148
3.73673
3.76198
3.78724
3.81249
3.83775
3.86299
3.88824
3.91348
3.93871
3.96395
3.98919
4.01442
4.03967
4.06491
4.09016
4.1154
4.14065
4.1659
4.19114
4.21638
4.24163
4.26688
4.29213
4.31738
4.34263
4.36788
4.39313
4.41839
4.44365
4.46891
4.49417
4.51943
4.54469
4.56995
4.59521
4.62046
4.64572
4.67098
4.69624
4.7215
4.74675
4.772
4.79726
4.8225
4.84774
4.87298
4.89824
4.92348
4.94872
4.97396
4.99919
5.02444
5.04968
5.07493
5.10017
5.12541
5.15064
5.17587
5.20109
5.22631
5.25154
5.27678
5.30202
5.32727
5.35259
5.37785
5.40309
5.42832
5.45357
5.47881
5.50405
5.52929
5.55452
5.57977
5.60501
5.63024
5.65548
5.68073
5.70597
5.73122
5.75646
5.78171
5.80696
5.8322
5.85745
5.88269
5.90793
5.93317
5.95841
5.98366
6.00891
6.03415
6.05941
6.08465
6.10989
6.13512
6.16035
6.1856
6.21084
6.23608
6.26132
6.28657
6.31182
6.33706
6.3623
6.38754
6.41279
6.43803
6.4633
6.48856
6.51381
6.53905
6.56429
6.58954
6.61478
6.64002
6.66527
6.69052
6.71578
6.74103
6.76627
6.79152
6.81676
6.842
6.86724
6.89249
6.91775
6.943
6.96824
6.9935
7.01875
7.044
7.06926
7.09451
7.11977
7.14502
7.17027
7.19552
7.22077
7.24601
7.27125
7.2965
7.32175
7.347
7.37225
7.39754
7.42281
7.44807
7.47332
7.49858
7.52384
7.5491
7.57435
7.59961
7.62487
7.65013
7.67539
7.70065
7.72591
7.75116
7.77642
7.80168
7.82693
7.85218
7.87744
7.90269
7.92794
7.95318
7.97842
8.00367
8.02891
8.05415
8.07945
8.10471
8.12996
8.15521
8.18046
8.20571
8.23095
8.2562
8.28147
8.30673
8.33197
8.35722
8.38247
8.40772
8.43298
8.45823
8.48348
8.50874
8.534
8.55926
8.58452
8.60978
8.63504
8.66029
8.68555
8.71082
8.73609
8.76134
8.78659
8.81185
8.8371
8.86235
8.88761
8.91287
8.93813
8.96339
8.98864
9.01391
9.03917
9.06442
9.08969
9.11495
9.14021
9.16547
9.19074
9.21601
9.24127
9.26654
9.29182
9.31709
9.34235
9.36761
9.39288
9.41815
9.44341
9.46867
9.49393
9.51919
9.54447
9.56974
9.595
9.62027
9.64553
9.67079
9.69605
9.72131
9.74657
9.77183
9.79707
9.82232
9.84756
9.87281
9.89805
9.92329
9.94853
9.97378
9.99905
10.0243
10.0496
10.0748
10.1001
10.1253
10.1506
10.1758
10.2011
10.2264
10.2516
10.2769
10.3021
10.3274
10.3526
10.3779
10.4031
10.4284
10.4536
10.4789
10.5041
10.5294
10.5546
10.5799
10.6052
10.6304
10.6557
10.6809
10.7062
10.7314
10.7567
10.782
10.8072
10.8325
10.8577
10.883
10.9082
10.9335
10.9588
10.984
11.0093
11.0345
11.0598
11.085
11.1103
11.1355
11.1608
11.186
11.2112
11.2365
11.2617
11.287
11.3122
11.3374
11.3627
11.3879
11.4132
11.4384
11.4636
11.4889
11.5141
11.5393
11.5646
11.5898
11.6151
11.6403
11.6655
11.6908
11.716
11.7413
11.7665
11.7917
11.817
11.8422
11.8675
11.8927
11.9179
11.9432
11.9684
11.9937
12.0189
12.0442
12.0694
12.0946
12.1199
12.1451
12.1703
12.1956
12.2208
12.2461
12.2713
12.2965
12.3218
12.347
12.3723
12.3975
12.4227
12.448
12.4732
12.4985
12.5237
12.5489
12.5742
12.5994
12.6247
12.6499
12.6751
12.7004
12.7256
12.7509
12.7761
12.8014
12.8266
12.8519
12.8771
12.9024
12.9276
12.9528
12.9781
13.0033
13.0286
13.0538
13.079
13.1043
13.1295
13.1547
13.18
13.2052
13.2305
13.2557
13.2809
13.3062
13.3314
13.3566
13.3819
13.4071
13.4324
13.4576
13.4829
13.5081
13.5334
13.5586
13.5839
13.6091
13.6344
13.6597
13.6849
13.7102
13.7355
13.7607
13.786
13.8112
13.8365
13.8618
13.887
13.9123
13.9375
13.9628
13.9881
14.0133
14.0386
14.0638
14.0891
14.1144
14.1396
14.1649
14.1902
14.2154
14.2407
14.2659
14.2912
14.3165
14.3417
14.367
14.3923
14.4175
14.4428
14.4681
14.4933
14.5186
14.5439
14.5691
14.5944
14.6197
14.6449
14.6702
14.6954
14.7207
14.7459
14.7712
14.7964
14.8216
14.8469
14.8721
14.8974
14.9226
14.9479
14.9731
14.9984
15.0236
15.0489
15.0741
15.0993
15.1246
15.1498
15.1751
15.2004
15.2256
15.2509
15.2761
15.3014
15.3266
15.3519
15.3772
15.4024
15.4277
15.4529
15.4782
15.5035
15.5287
15.554
15.5792
15.6045
15.6298
15.655
15.6803
15.7055
15.7308
15.7561
15.7813
15.8066
15.8318
15.8571
15.8824
15.9076
15.9329
15.9581
15.9834
16.0087
16.0339
16.0592
16.0845
16.1097
16.135
16.1602
16.1855
16.2108
16.236
16.2613
16.2865
16.3118
16.337
16.3623
16.3876
16.4128
16.4381
16.4633
16.4886
16.5139
16.5391
16.5644
16.5897
16.6149
16.6402
16.6654
16.6907
16.716
16.7412
16.7665
16.7917
16.817
16.8422
16.8675
16.8927
16.918
16.9432
16.9685
16.9938
17.019
17.0443
17.0695
17.0948
17.1201
17.1453
17.1706
17.1959
17.2211
17.2464
17.2716
17.2969
17.3222
17.3474
17.3727
17.3979
17.4232
17.4485
17.4737
17.499
17.5243
17.5495
17.5748
17.6
17.6253
17.6506
17.6758
17.7011
17.7264
17.7516
17.7769
17.8021
17.8274
17.8527
17.8779
17.9032
17.9284
17.9537
17.9789
18.0042
18.0294
18.0547
18.0799
18.1052
18.1304
18.1557
18.181
18.2062
18.2315
18.2567
18.282
18.3073
18.3325
18.3578
18.3831
18.4083
18.4336
18.4588
18.4841
18.5094
18.5346
18.5599
18.5852
18.6104
18.6357
18.6609
18.6862
18.7115
18.7367
18.762
18.7873
18.8125
18.8378
18.863
18.8883
18.9135
18.9388
18.964
18.9893
19.0145
19.0398
19.0651
19.0903
19.1156
19.1408
19.1661
19.1913
19.2166
19.2419
19.2671
19.2924
19.3177
19.343
19.3682
19.3935
19.4188
19.444
19.4693
19.4946
19.5198
19.5451
19.5703
19.5956
19.6209
19.6461
19.6713
19.6966
19.7218
19.7471
19.7723
19.7976
19.8228
19.8481
19.8733
19.8986
19.9238
19.9491
19.9743
19.9996
20.0248
20.0501
20.0753
20.1006
20.1258
20.1511
20.1764
20.2016
20.2269
20.2521
20.2774
20.3027
20.3279
20.3532
20.3784
20.4037
20.4289
20.4542
20.4795
20.5047
20.53
20.5552
20.5805
20.6057
20.631
20.6563
20.6815
20.7068
20.7321
20.7574
20.7826
20.8079
20.8331
20.8584
20.8837
20.9089
20.9342
20.9594
20.9847
21.01
21.0352
21.0605
21.0857
21.111
21.1362
21.1615
21.1867
21.212
21.2373
21.2625
21.2878
21.313
21.3383
21.3635
21.3888
21.4141
21.4393
21.4646
21.4899
21.5151
21.5404
21.5656
21.5909
21.6162
21.6414
21.6667
21.6919
21.7172
21.7425
21.7677
21.793
21.8182
21.8435
21.8688
21.894
21.9193
21.9445
21.9698
21.9951
22.0203
22.0456
22.0708
22.0961
22.1214
22.1466
22.1719
22.1971
22.2224
22.2477
22.2729
22.2982
22.3234
22.3487
22.3739
22.3992
22.4245
22.4497
22.475
22.5002
22.5255
22.5508
22.576
22.6013
22.6265
22.6518
22.6771
22.7023
22.7276
22.7528
22.7781
22.8033
22.8286
22.8538
22.8791
22.9044
22.9296
22.9549
22.9801
23.0054
23.0307
23.0559
23.0812
23.1064
23.1317
23.1569
23.1822
23.2074
23.2327
23.258
23.2832
23.3085
23.3337
23.359
23.3842
23.4095
23.4347
23.46
23.4852
23.5105
23.5358
23.561
23.5863
23.6115
23.6368
23.6621
23.6873
23.7126
23.7378
23.7631
23.7884
23.8136
23.8389
23.8641
23.8894
23.9147
23.9399
23.9652
23.9904
24.0157
24.0409
24.0662
24.0915
24.1167
24.142
24.1673
24.1925
24.2178
24.243
24.2683
24.2936
24.3188
24.3441
24.3694
24.3946
24.4199
24.4451
24.4704
24.4957
24.5209
24.5462
24.5714
24.5967
24.6219
24.6472
24.6724
24.6977
24.7229
24.7482
24.7734
24.7986
24.8239
24.8491
24.8744
24.8996
24.9248
24.9501
24.9753
25.0005
25.0258
25.051
25.0763
25.1015
25.1268
25.152
25.1773
25.2025
25.2278
25.253
25.2783
25.3035
25.3288
25.354
25.3793
25.4045
25.4298
25.455
25.4802
25.5055
25.5307
25.556
25.5812
25.6064
25.6317
25.6569
25.6822
25.7074
25.7327
25.7579
25.7832
25.8084
25.8337
25.8589
25.8842
25.9094
25.9347
25.9599
25.9852
26.0104
26.0357
26.0609
26.0862
26.1115
26.1367
26.162
26.1872
26.2125
26.2377
26.263
26.2883
26.3136
26.3388
26.3641
26.3893
26.4146
26.4398
26.4651
26.4903
26.5155
26.5408
26.566
26.5913
26.6165
26.6418
26.667
26.6923
26.7175
26.7428
26.768
26.7933
26.8185
26.8438
26.869
26.8942
26.9195
26.9447
26.97
26.9952
27.0205
27.0457
27.071
27.0962
27.1215
27.1467
27.172
27.1973
27.2225
27.2478
27.273
27.2983
27.3235
27.3488
27.374
27.3993
27.4245
27.4498
27.475
27.5003
27.5255
27.5508
27.576
27.6012
27.6265
27.6517
27.677
27.7022
27.7274
27.7527
27.7779
27.8032
27.8284
27.8537
27.8789
27.9041
27.9294
27.9546
27.9799
28.0051
28.0303
28.0556
28.0808
28.1061
28.1313
28.1566
28.1818
28.2071
28.2323
28.2576
28.2829
28.3081
28.3334
28.3586
28.3839
28.4091
28.4344
28.4596
28.4849
28.5101
28.5354
28.5606
28.5859
28.6111
28.6364
28.6617
28.6869
28.7122
28.7374
28.7627
28.7879
28.8132
28.8384
28.8637
28.8889
28.9142
28.9394
28.9647
28.99
29.0152
29.0405
29.0658
29.091
29.1163
29.1416
29.1668
29.1921
29.2174
29.2426
29.2679
29.2931
29.3184
29.3437
29.3689
29.3942
29.4194
29.4447
29.47
29.4952
29.5205
29.5457
29.571
29.5962
29.6214
29.6467
29.6719
29.6972
29.7224
29.7477
29.7729
29.7981
29.8233
29.8485
29.8738
29.899
29.9243
29.9495
29.9748
30
30.0253
30.0506
30.0758
30.1011
30.1263
30.1516
30.1768
30.2021
30.2273
30.2526
30.2778
30.3031
30.3283
30.3536
30.3789
30.4041
30.4294
30.4546
30.4799
30.5052
30.5304
30.5557
30.5809
30.6062
30.6314
30.6567
30.6819
30.7072
30.7325
30.7577
30.783
30.8082
30.8335
30.8587
30.884
30.9093
30.9345
30.9598
30.985
31.0103
31.0355
31.0608
31.086
31.1113
31.1366
31.1618
31.1871
31.2123
31.2376
31.2628
31.2881
31.3133
31.3386
31.3639
31.3891
31.4144
31.4396
31.4649
31.4901
31.5154
31.5406
31.5659
31.5911
31.6164
31.6417
31.6669
31.6922
31.7174
31.7427
31.768
31.7932
31.8185
31.8437
31.8689
31.8942
31.9194
31.9447
31.9699
31.9952
32.0204
32.0457
32.0709
32.0961
32.1214
32.1466
32.1719
32.1971
32.2224
32.2476
32.2729
32.2981
32.3234
32.3486
32.3739
32.3991
32.4244
32.4496
32.4749
32.5001
32.5254
32.5506
32.5759
32.6012
32.6264
32.6516
32.6769
32.7021
32.7274
32.7526
32.7779
32.8031
32.8284
32.8537
32.8789
32.9041
32.9294
32.9546
32.9799
33.0051
33.0304
33.0556
33.0809
33.1061
33.1314
33.1566
33.1819
33.2071
33.2324
33.2577
33.2829
33.3081
33.3334
33.3586
33.3839
33.4092
33.4344
33.4597
33.4849
33.5102
33.5354
33.5607
33.5859
33.6112
33.6364
33.6617
33.6869
33.7122
33.7374
33.7627
33.7879
33.8132
33.8384
33.8637
33.8889
33.9142
33.9394
33.9647
33.99
34.0152
34.0405
34.0657
34.091
34.1162
34.1415
34.1667
34.192
34.2172
34.2425
34.2678
34.2931
34.3183
34.3436
34.3689
34.3941
34.4193
34.4446
34.4698
34.495
34.5203
34.5455
34.5708
34.596
34.6213
34.6465
34.6717
34.697
34.7222
34.7474
34.7727
34.7979
34.8231
34.8484
34.8736
34.8989
34.9241
34.9494
34.9746
34.9999
35.0251
35.0504
35.0756
35.1009
35.1261
35.1513
35.1766
35.2018
35.2271
35.2523
35.2776
35.3028
35.3281
35.3533
35.3785
35.4038
35.429
35.4543
35.4795
35.5048
35.53
35.5553
35.5805
35.6057
35.631
35.6562
35.6815
35.7067
35.732
35.7572
35.7825
35.8077
35.833
35.8582
35.8835
35.9087
35.934
35.9592
35.9845
36.0097
36.035
36.0602
36.0855
36.1107
36.1359
36.1612
36.1865
36.2117
36.2369
36.2622
36.2874
36.3127
36.3379
36.3632
36.3884
36.4137
36.4389
36.4642
36.4894
36.5147
36.5399
36.5652
36.5904
36.6157
36.641
36.6662
36.6915
36.7167
36.742
36.7672
36.7925
36.8177
36.843
36.8682
36.8935
36.9187
36.944
36.9693
36.9945
37.0198
37.045
37.0703
37.0955
37.1208
37.146
37.1713
37.1966
37.2218
37.2471
37.2723
37.2976
37.3229
37.3481
37.3734
37.3986
37.4239
37.4492
37.4744
37.4997
37.5249
37.5502
37.5754
37.6007
37.626
37.6512
37.6765
37.7017
37.727
37.7522
37.7775
37.8027
37.828
37.8532
37.8785
37.9037
37.9289
37.9542
37.9794
38.0047
38.0299
38.0551
38.0804
38.1056
38.1309
38.1561
38.1814
38.2066
38.2319
38.2571
38.2824
38.3076
38.3329
38.3581
38.3833
38.4086
38.4338
38.4591
38.4843
38.5096
38.5348
38.5601
38.5853
38.6106
38.6359
38.6611
38.6864
38.7116
38.7369
38.7621
38.7874
38.8126
38.8379
38.8632
38.8953
38.9206
38.9459
38.9711
38.9964
39.0216
39.0469
39.0722
39.0974
39.1227
39.1479
39.1732
39.1985
39.2237
39.249
39.2742
39.2995
39.3248
39.35
39.3753
39.4005
39.4258
39.451
39.4763
39.5015
39.5268
39.552
39.5773
39.6025
39.6278
39.653
39.6782
39.7035
39.7287
39.754
39.7792
39.8045
39.8297
39.8549
39.8802
39.9054
39.9307
39.956
39.9812
40.0065
40.0317
40.057
40.0823
40.1075
40.1328
40.158
40.1833
40.2086
40.2338
40.2591
40.2843
40.3096
40.3348
40.3601
40.3853
40.4106
40.4358
40.4611
40.4863
40.5116
40.5368
40.5621
40.5873
40.6126
40.6378
40.6631
40.6883
40.7136
40.7388
40.7641
40.7894
40.8146
40.8399
40.8651
40.8904
40.9156
40.9409
40.9661
40.9914
41.0166
41.0419
41.0672
41.0924
41.1177
41.1429
41.1682
41.1934
41.2187
41.244
41.2692
41.2945
41.3197
41.345
41.3702
41.3955
41.4207
41.446
41.4712
41.4965
41.5217
41.547
41.5723
41.5975
41.6228
41.6481
41.6733
41.6986
41.7238
41.7491
41.7743
41.7996
41.8248
41.8501
41.8753
41.9006
41.9258
41.9511
41.9764
42.0016
42.0269
42.0521
42.0774
42.1026
42.1279
42.1531
42.1784
42.2036
42.2289
42.2541
42.2794
42.3046
42.3299
42.3551
42.3804
42.4056
42.4309
42.4561
42.4814
42.5066
42.5319
42.5572
42.5824
42.6077
42.6329
42.6582
42.6834
42.7087
42.7339
42.7592
42.7844
42.8096
42.8349
42.8601
42.8854
42.9107
42.9359
42.9612
42.9864
43.0117
43.0369
43.0622
43.0875
43.1127
43.138
43.1632
43.1885
43.2137
43.239
43.2643
43.2895
43.3148
43.34
43.3653
43.3905
43.4158
43.441
43.4663
43.4915
43.5168
43.5421
43.5673
43.5926
43.6178
43.6431
43.6683
43.6936
43.7188
43.7441
43.7693
43.7946
43.8198
43.8451
43.8703
43.8956
43.9209
43.9461
43.9713
43.9966
44.0218
44.0471
44.0724
44.0976
44.1229
44.1482
44.1734
44.1987
44.2239
44.2492
44.2745
44.2997
44.325
44.3502
44.3754
44.4007
44.4259
44.4512
44.4764
44.5017
44.5269
44.5522
44.5774
44.6027
44.6279
44.6531
44.6784
44.7036
44.7288
44.7541
44.7793
44.8046
44.8298
44.855
44.8803
44.9055
44.9307
44.956
44.9812
45.0065
45.0317
45.057
45.0822
45.1074
45.1327
45.1579
45.1832
45.2084
45.2337
45.2589
45.2842
45.3094
45.3346
45.3599
45.3851
45.4104
45.4356
45.4608
45.4861
45.5113
45.5366
45.5618
45.5871
45.6123
45.6375
45.6628
45.688
45.7133
45.7385
45.7638
45.789
45.8143
45.8395
45.8648
45.89
45.9153
45.9405
45.9658
45.991
46.0163
46.0415
46.0668
46.092
46.1173
46.1425
46.1678
46.193
46.2183
46.2435
46.2688
46.294
46.3193
46.3445
46.3698
46.395
46.4202
46.4455
46.4707
46.496
46.5212
46.5465
46.5717
46.597
46.6222
46.6474
46.6727
46.6979
46.7232
46.7485
46.7737
46.7989
46.8242
46.8494
46.8747
46.8999
46.9252
46.9504
46.9757
47.0009
47.0262
47.0514
47.0767
47.1019
47.1272
47.1524
47.1777
47.2029
47.2282
47.2534
47.2787
47.304
47.3292
47.3545
47.3797
47.405
47.4302
47.4555
47.4808
47.506
47.5313
47.5565
47.5818
47.6071
47.6323
47.6576
47.6828
47.7081
47.7334
47.7586
47.7839
47.8091
47.8344
47.8597
47.8849
47.9102
47.9354
47.9607
47.9859
48.0112
48.0364
48.0617
48.087
48.1122
48.1375
48.1628
48.188
48.2133
48.2386
48.2638
48.2891
48.3143
48.3396
48.3649
48.3901
48.4154
48.4407
48.4659
48.4912
48.5165
48.5417
48.567
48.5922
48.6175
48.6428
48.668
48.6933
48.7186
48.7438
48.7691
48.7943
48.8257
48.851
48.8763
48.9015
48.9268
48.952
48.9773
49.0026
49.0278
49.0531
49.0783
49.1036
49.1289
49.1541
49.1794
49.2046
49.2299
49.2551
49.2804
49.3057
49.3309
49.3562
49.3814
49.4067
49.4319
49.4572
49.4824
49.5077
49.5329
49.5582
49.5834
49.6087
49.6339
49.6592
49.6845
49.7097
49.735
49.7603
49.7855
49.8108
49.8361
49.8613
49.8866
49.9119
49.9371
49.9624
49.9876
50.0129
50.0382
50.0634
50.0887
50.114
50.1392
50.1645
50.1898
50.215
50.2403
50.2655
50.2908
50.3161
50.3413
50.3666
50.3919
50.4171
50.4424
50.4676
50.4929
50.5182
50.5434
50.5687
50.594
50.6192
50.6445
50.6698
50.695
50.7203
50.7456
50.7708
50.7961
50.8213
50.8466
50.8719
50.8971
50.9224
50.9477
50.9729
50.9982
51.0234
51.0487
51.074
51.0992
51.1245
51.1498
51.175
51.2003
51.2255
51.2508
51.2761
51.3013
51.3266
51.3518
51.3771
51.4024
51.4276
51.4529
51.4782
51.5034
51.5287
51.554
51.5792
51.6045
51.6298
51.655
51.6803
51.7055
51.7308
51.7561
51.7813
51.8066
51.8319
51.8571
51.8824
51.9076
51.9329
51.9582
51.9834
52.0087
52.034
52.0592
52.0845
52.1098
52.135
52.1603
52.1856
52.2108
52.2361
52.2613
52.2866
52.3119
52.3372
52.3624
52.3877
52.413
52.4382
52.4635
52.4888
52.5141
52.5393
52.5646
52.5899
52.6151
52.6404
52.6656
52.6909
52.7162
52.7414
52.7667
52.7919
52.8172
52.8425
52.8677
52.893
52.9182
52.9435
52.9688
52.994
53.0193
53.0446
53.0698
53.0951
53.1203
53.1456
53.1709
53.1961
53.2214
53.2466
53.2719
53.2972
53.3224
53.3477
53.3729
53.3982
53.4234
53.4487
53.4739
53.4992
53.5245
53.5497
53.575
53.6002
53.6255
53.6508
53.676
53.7013
53.7266
53.7518
53.7771
53.8023
53.8276
53.8529
53.8781
53.9034
53.9287
53.9539
53.9792
54.0045
54.0297
54.055
54.0803
54.1055
54.1308
54.1561
54.1813
54.2066
54.2318
54.2571
54.2823
54.3076
54.3329
54.3581
54.3833
54.4086
54.4338
54.4591
54.4844
54.5096
54.5349
54.5601
54.5854
54.6106
54.6359
54.6611
54.6864
54.7117
54.7369
54.7622
54.7875
54.8127
54.838
54.8632
54.8885
54.9138
54.939
54.9643
54.9896
55.0148
55.0401
55.0654
55.0906
55.1159
55.1412
55.1664
55.1917
55.2169
55.2422
55.2675
55.2927
55.318
55.3433
55.3685
55.3938
55.4191
55.4443
55.4696
55.4948
55.5201
55.5454
55.5706
55.5959
55.6211
55.6464
55.6716
55.6969
55.7222
55.7474
55.7727
55.7979
55.8232
55.8485
55.8737
55.899
55.9243
55.9495
55.9748
56.0001
56.0253
56.0506
56.0759
56.1011
56.1264
56.1517
56.1769
56.2022
56.2275
56.2527
56.278
56.3032
56.3285
56.3538
56.379
56.4043
56.4296
56.4548
56.4801
56.5054
56.5306
56.5559
56.5811
56.6064
56.6317
56.6569
56.6822
56.7075
56.7327
56.758
56.7833
56.8085
56.8338
56.8591
56.8843
56.9096
56.9349
56.9601
56.9854
57.0107
57.0359
57.0612
57.0865
57.1117
57.137
57.1623
57.1875
57.2128
57.2381
57.2633
57.2886
57.3139
57.3392
57.3645
57.3897
57.415
57.4403
57.4655
57.4908
57.5161
57.5413
57.5666
57.5919
57.6171
57.6424
57.6676
57.6929
57.7182
57.7434
57.7687
57.7939
57.8192
57.8445
57.8697
57.895
57.9202
57.9455
57.9708
57.996
58.0213
58.0465
58.0718
58.097
58.1223
58.1475
58.1728
58.1981
58.2233
58.2486
58.2739
58.2991
58.3244
58.3497
58.3749
58.4002
58.4255
58.4507
58.476
58.5013
58.5265
58.5518
58.5771
58.6023
58.6276
58.6529
58.6781
58.7034
58.7287
58.7539
58.7792
58.8045
58.8297
58.855
58.8803
58.9055
58.9308
58.9561
58.9813
59.0066
59.0319
59.0571
59.0824
59.1076
59.1329
59.1582
59.1834
59.2087
59.2339
59.2592
59.2844
59.3097
59.335
59.3602
59.3855
59.4107
59.436
59.4613
59.4865
59.5118
59.537
59.5623
59.5875
59.6128
59.638
59.6633
59.6886
59.7138
59.7391
59.7644
59.7896
59.8149
59.8401
59.8654
59.8906
59.9159
59.9411
59.9664
59.9916
60.0169
60.0422
60.0674
60.0927
60.1179
60.1432
60.1685
60.1937
60.219
60.2442
60.2695
60.2948
60.32
60.3453
60.3706
60.3958
60.4211
60.4464
60.4716
60.4969
60.5221
60.5474
60.5727
60.5979
60.6232
60.6485
60.6737
60.699
60.7242
60.7495
60.7748
60.8
60.8253
60.8505
60.8758
60.9011
60.9263
60.9516
60.9769
61.0021
61.0273
61.0526
61.0779
61.1031
61.1284
61.1537
61.1789
61.2042
61.2295
61.2547
61.28
61.3052
61.3305
61.3558
61.381
61.4063
61.4316
61.4568
61.4821
61.5073
61.5326
61.5579
61.5831
61.6084
61.6337
61.6589
61.6842
61.7094
61.7347
61.76
61.7852
61.8105
61.8357
61.861
61.8863
61.9115
61.9368
61.962
61.9873
62.0126
62.0378
62.0631
62.0883
62.1136
62.1388
62.1641
62.1894
62.2146
62.2399
62.2652
62.2905
62.3157
62.341
62.3662
62.3915
62.4168
62.442
62.4673
62.4926
62.5178
62.5431
62.5684
62.5936
62.6189
62.6441
62.6694
62.6947
62.7199
62.7452
62.7705
62.7957
62.821
62.8462
62.8715
62.8968
62.922
62.9473
62.9726
62.9978
63.0231
63.0484
63.0736
63.0989
63.1241
63.1494
63.1747
63.2
63.2252
63.2505
63.2758
63.301
63.3263
63.3516
63.3768
63.4021
63.4273
63.4526
63.4779
63.5031
63.5284
63.5537
63.5789
63.6042
63.6295
63.6547
63.68
63.7053
63.7305
63.7558
63.7811
63.8063
63.8316
63.8569
63.8821
63.9074
63.9327
63.9579
63.9832
64.0084
64.0337
64.059
64.0842
64.1095
64.1347
64.16
64.1852
64.2105
64.2357
64.261
64.2863
64.3115
64.3368
64.362
64.3873
64.4126
64.4378
64.4631
64.4883
64.5136
64.5388
64.5641
64.5894
64.6146
64.6399
64.6651
64.6904
64.7157
64.7409
64.7662
64.7915
64.8167
64.842
64.8673
64.8926
64.9178
64.9431
64.9684
64.9936
65.0189
65.0442
65.0694
65.0947
65.12
65.1452
65.1705
65.1958
65.221
65.2463
65.2716
65.2968
65.3221
65.3473
65.3726
65.3979
65.4231
65.4484
65.4737
65.4989
65.5242
65.5495
65.5747
65.6
65.6253
65.6505
65.6758
65.7011
65.7264
65.7516
65.7769
65.8021
65.8274
65.8527
65.878
65.9032
65.9285
65.9538
65.979
66.0043
66.0296
66.0548
66.0801
66.1054
66.1306
66.1559
66.1812
66.2064
66.2317
66.257
66.2822
66.3075
66.3327
66.358
66.3832
66.4085
66.4337
66.459
66.4843
66.5095
66.5348
66.56
66.5853
66.6106
66.6358
66.6611
66.6863
66.7116
66.7369
66.7621
66.7874
66.8127
66.8379
66.8632
66.8884
66.9137
66.939
66.9642
66.9895
67.0147
67.04
67.0653
67.0905
67.1158
67.1411
67.1663
67.1916
67.2169
67.2421
67.2673
67.2926
67.3179
67.3431
67.3684
67.3937
67.4189
67.4442
67.4694
67.4947
67.52
67.5452
67.5705
67.5958
67.621
67.6463
67.6716
67.6968
67.7221
67.7473
67.7726
67.7979
67.8231
67.8484
67.8736
67.8989
67.9242
67.9494
67.9747
67.9999
68.0252
68.0504
68.0757
68.1009
68.1262
68.1514
68.1767
68.2019
68.2272
68.2525
68.2777
68.303
68.3283
68.3535
68.3788
68.404
68.4293
68.4546
68.4798
68.5051
68.5303
68.5556
68.5808
68.6061
68.6313
68.6566
68.6819
68.7071
68.7324
68.7577
68.7829
68.8082
68.8335
68.8587
68.884
68.9093
68.9345
68.9598
68.985
69.0103
69.0356
69.0608
69.0861
69.1113
69.1366
69.1618
69.1871
69.2124
69.2376
69.2629
69.2882
69.3134
69.3387
69.3639
69.3892
69.4145
69.4397
69.465
69.4903
69.5155
69.5408
69.566
69.5913
69.6166
69.6418
69.6671
69.6924
69.7176
69.7429
69.7682
69.7934
69.8187
69.844
69.8692
69.8945
69.9197
69.945
69.9703
69.9955
70.0208
70.0461
70.0713
70.0966
70.1219
70.1471
70.1724
70.1977
70.2229
70.2482
70.2735
70.2987
70.324
70.3493
70.3746
70.3999
70.4251
70.4504
70.4757
70.5009
70.5262
70.5515
70.5767
70.602
70.6272
70.6525
70.6778
70.703
70.7283
70.7535
70.7788
70.8041
70.8293
70.8546
70.8798
70.9051
70.9304
70.9556
70.9809
71.0061
71.0314
71.0567
71.0819
71.1072
71.1325
71.1577
71.183
71.2082
71.2335
71.2588
71.2841
71.3093
71.3346
71.3598
71.3851
71.4104
71.4356
71.4609
71.4862
71.5114
71.5367
71.562
71.5872
71.6125
71.6377
71.663
71.6883
71.7135
71.7388
71.7641
71.7893
71.8146
71.8398
71.8651
71.8904
71.9156
71.9409
71.9662
71.9914
72.0167
72.0419
72.0672
72.0925
72.1178
72.143
72.1683
72.1936
72.2188
72.2441
72.2694
72.2946
72.3199
72.3452
72.3704
72.3957
72.421
72.4462
72.4715
72.4968
72.522
72.5473
72.5725
72.5978
72.6231
72.6483
72.6736
72.6989
72.7241
72.7494
72.7747
72.7999
72.8252
72.8504
72.8757
72.901
72.9262
72.9515
72.9768
73.002
73.0273
73.0526
73.0779
73.1031
73.1284
73.1537
73.179
73.2042
73.2295
73.2548
73.28
73.3053
73.3306
73.3558
73.3811
73.4064
73.4316
73.4569
73.4822
73.5074
73.5327
73.558
73.5832
73.6085
73.6338
73.659
73.6843
73.7096
73.7348
73.7601
73.7854
73.8106
73.8359
73.8611
73.8864
73.9117
73.9369
73.9622
73.9875
74.0127
74.038
74.0633
74.0885
74.1138
74.1391
74.1643
74.1896
74.2149
74.2401
74.2654
74.2907
74.3159
74.3412
74.3665
74.3917
74.417
74.4423
74.4675
74.4928
74.5181
74.5433
74.5686
74.5939
74.6192
74.6444
74.6697
74.695
74.7202
74.7455
74.7708
74.796
74.8213
74.8466
74.8718
74.8971
74.9224
74.9476
74.9729
74.9981
75.0234
75.0487
75.0739
75.0992
75.1245
75.1497
75.175
75.2003
75.2255
75.2508
75.2761
75.3013
75.3266
75.3518
75.3771
75.4024
75.4276
75.4529
75.4782
75.5034
75.5287
75.554
75.5792
75.6045
75.6298
75.655
75.6803
75.7056
75.7309
75.7561
75.7814
75.8067
75.8319
75.8572
75.8825
75.9077
75.933
75.9583
75.9835
76.0088
76.0341
76.0593
76.0846
76.1099
76.1351
76.1604
76.1857
76.2109
76.2362
76.2615
76.2867
76.312
76.3373
76.3625
76.3878
76.4131
76.4383
76.4636
76.4889
76.5141
76.5394
76.5646
76.5899
76.6152
76.6405
76.6657
76.691
76.7163
76.7415
76.7668
76.7921
76.8173
76.8426
76.8679
76.8931
76.9184
76.9436
76.9689
76.9942
77.0194
77.0447
77.07
77.0952
77.1205
77.1457
77.171
77.1963
77.2215
77.2468
77.2721
77.2973
77.3226
77.3479
77.3731
77.3984
77.4236
77.4489
77.4742
77.4994
77.5247
77.55
77.5753
77.6005
77.6258
77.6511
77.6763
77.7016
77.7269
77.7521
77.7774
77.8027
77.8279
77.8532
77.8785
77.9037
77.929
77.9542
77.9795
78.0048
78.03
78.0553
78.0805
78.1058
78.131
78.1563
78.1815
78.2068
78.2321
78.2574
78.2826
78.3079
78.3332
78.3584
78.3837
78.4089
78.4342
78.4595
78.4848
78.51
78.5353
78.5606
78.5859
78.6111
78.6364
78.6617
78.687
78.7122
78.7375
78.7628
78.788
78.8133
78.8385
78.8638
78.8891
78.9143
78.9396
78.9648
78.9901
79.0153
79.0406
79.0658
79.0911
79.1164
79.1416
79.1669
79.1921
79.2174
79.2426
79.2679
79.2932
79.3184
79.3437
79.369
79.3942
79.4195
79.4447
79.47
79.4953
79.5205
79.5458
79.5711
79.5963
79.6216
79.6469
79.6721
79.6974
79.7227
79.7479
79.7732
79.7984
79.8237
79.849
79.8743
79.8995
79.9248
79.95
79.9753
80.0006
80.0258
80.0511
80.0764
80.1016
80.1269
80.1522
80.1774
80.2027
80.228
80.2533
80.2785
80.3038
80.329
80.3543
80.3796
80.4048
80.4301
80.4553
80.4806
80.5059
80.5311
80.5564
80.5817
80.6069
80.6322
80.6574
80.6827
80.708
80.7332
80.7585
80.7838
80.809
80.8343
80.8595
80.8848
80.9101
80.9353
80.9606
80.9859
81.0111
81.0364
81.0617
81.0869
81.1122
81.1375
81.1628
81.188
81.2133
81.2385
81.2638
81.2891
81.3143
81.3396
81.3648
81.3901
81.4153
81.4406
81.4658
81.4911
81.5164
81.5416
81.5669
81.5921
81.6174
81.6427
81.6679
81.6932
81.7185
81.7437
81.769
81.7943
81.8195
81.8448
81.87
81.8953
81.9206
81.9459
81.9711
81.9964
82.0216
82.0469
82.0722
82.0975
82.1227
82.148
82.1733
82.1985
82.2238
82.2491
82.2743
82.2996
82.3249
82.3501
82.3754
82.4007
82.4259
82.4512
82.4764
82.5017
82.527
82.5522
82.5775
82.6028
82.628
82.6533
82.6786
82.7038
82.7291
82.7544
82.7796
82.8049
82.8302
82.8554
82.8807
82.906
82.9312
82.9565
82.9818
83.007
83.0323
83.0576
83.0828
83.1081
83.1334
83.1586
83.1839
83.2092
83.2344
83.2597
83.285
83.3102
83.3355
83.3608
83.386
83.4113
83.4366
83.4618
83.4871
83.5124
83.5376
83.5629
83.5881
83.6134
83.6386
83.6639
83.6891
83.7144
83.7397
83.7649
83.7902
83.8154
83.8407
83.866
83.8913
83.9165
83.9418
83.967
83.9923
84.0176
84.0428
84.0681
84.0934
84.1186
84.1439
84.1691
84.1944
84.2197
84.2449
84.2702
84.2955
84.3207
84.346
84.3712
84.3965
84.4218
84.447
84.4723
84.4975
84.5228
84.5481
84.5733
84.5986
84.6239
84.6491
84.6744
84.6997
84.725
84.7502
84.7755
84.8007
84.826
84.8513
84.8765
84.9018
84.9271
84.9523
84.9776
85.0029
85.0281
85.0534
85.0786
85.1039
85.1292
85.1544
85.1797
85.205
85.2303
85.2555
85.2808
85.306
85.3313
85.3566
85.3818
85.4071
85.4324
85.4576
85.4829
85.5082
85.5334
85.5587
85.584
85.6092
85.6345
85.6597
85.685
85.7102
85.7355
85.7608
85.786
85.8113
85.8366
85.8618
85.8871
85.9123
85.9376
85.9629
85.9881
86.0134
86.0387
86.064
86.0892
86.1145
86.1398
86.165
86.1903
86.2156
86.2408
86.2661
86.2913
86.3166
86.3419
86.3671
86.3924
86.4177
86.4429
86.4682
86.4934
86.5187
86.544
86.5692
86.5945
86.6198
86.6451
86.6703
86.6956
86.7209
86.7461
86.7714
86.7966
86.8219
86.8472
86.8724
86.8977
86.9229
86.9482
86.9735
86.9987
87.024
87.0493
87.0745
87.0998
87.1251
87.1503
87.1756
87.2009
87.2261
87.2514
87.2767
87.3019
87.3272
87.3525
87.3777
87.403
87.4283
87.4535
87.4788
87.5041
87.5293
87.5546
87.5799
87.6051
87.6304
87.6557
87.6809
87.7062
87.7315
87.7567
87.782
87.8073
87.8325
87.8578
87.883
87.9083
87.9335
87.9588
87.984
88.0093
88.0345
88.0598
88.085
88.1103
88.1355
88.1608
88.186
88.2113
88.2366
88.2618
88.2871
88.3124
88.3376
88.3629
88.3882
88.4134
88.4387
88.464
88.4892
88.5145
88.5398
88.565
88.5903
88.6156
88.6408
88.6661
88.6913
88.7166
88.7419
88.7671
88.7924
88.8176
88.8429
88.8682
88.8934
88.9187
88.944
88.9692
88.9945
89.0197
89.045
89.0703
89.0955
89.1208
89.146
89.1713
89.1965
89.2218
89.2471
89.2723
89.2976
89.3229
89.3481
89.3734
89.3987
89.4239
89.4492
89.4745
89.4997
89.525
89.5503
89.5755
89.6008
89.6261
89.6513
89.6766
89.7019
89.7271
89.7524
89.7777
89.8029
89.8282
89.8534
89.8787
89.904
89.9292
89.9545
89.9797
90.005
90.0302
90.0555
90.0807
90.106
90.1312
90.1565
90.1818
90.207
90.2323
90.2575
90.2828
90.308
90.3333
90.3585
90.3838
90.409
90.4343
90.4595
90.4848
90.51
90.5353
90.5606
90.5858
90.6111
90.6364
90.6616
90.6869
90.7122
90.7374
90.7627
90.7879
90.8132
90.8384
90.8637
90.889
90.9142
90.9395
90.9648
90.99
91.0153
91.0406
91.0658
91.0911
91.1164
91.1416
91.1669
91.1922
91.2174
91.2427
91.268
91.2932
91.3185
91.3438
91.369
91.3943
91.4195
91.4448
91.4701
91.4953
91.5206
91.5459
91.5711
91.5964
91.6216
91.6469
91.6722
91.6974
91.7227
91.748
91.7732
91.7985
91.8238
91.849
91.8743
91.8996
91.9248
91.9501
91.9753
92.0006
92.0259
92.0511
92.0764
92.1016
92.1269
92.1521
92.1774
92.2027
92.2279
92.2532
92.2784
92.3037
92.329
92.3542
92.3795
92.4048
92.43
92.4553
92.4806
92.5058
92.5311
92.5564
92.5816
92.6069
92.6322
92.6574
92.6827
92.708
92.7332
92.7585
92.7838
92.809
92.8343
92.8596
92.8848
92.9101
92.9353
92.9606
92.9859
93.0111
93.0364
93.0617
93.087
93.1122
93.1375
93.1628
93.188
93.2133
93.2386
93.2638
93.2891
93.3144
93.3396
93.3649
93.3902
93.4154
93.4407
93.466
93.4912
93.5165
93.5417
93.567
93.5923
93.6175
93.6428
93.668
93.6933
93.7186
93.7438
93.7691
93.7943
93.8196
93.8449
93.8701
93.8954
93.9207
93.9459
93.9712
93.9965
94.0217
94.047
94.0723
94.0975
94.1228
94.1481
94.1733
94.1986
94.2238
94.2491
94.2744
94.2996
94.3249
94.3501
94.3753
94.4006
94.4259
94.4511
94.4764
94.5017
94.5269
94.5522
94.5775
94.6027
94.628
94.6533
94.6785
94.7038
94.7291
94.7543
94.7796
94.8048
94.8301
94.8553
94.8806
94.9059
94.9311
94.9564
94.9817
95.0069
95.0322
95.0575
95.0827
95.108
95.1333
95.1585
95.1838
95.2091
95.2343
95.2596
95.2849
95.3101
95.3354
95.3607
95.3859
95.4112
95.4365
95.4617
95.487
95.5123
95.5375
95.5628
95.5881
95.6133
95.6386
95.6638
95.6891
95.7144
95.7396
95.7649
95.7902
95.8154
95.8407
95.866
95.8912
95.9165
95.9418
95.967
95.9923
96.0175
96.0428
96.0681
96.0933
96.1186
96.1439
96.1691
96.1944
96.2196
96.2449
96.2702
96.2954
96.3207
96.346
96.3712
96.3965
96.4218
96.4471
96.4723
96.4976
96.5228
96.5481
96.5734
96.5986
96.6239
96.6491
96.6744
96.6997
96.7249
96.7502
96.7755
96.8007
96.826
96.8512
96.8765
96.9018
96.927
96.9523
96.9776
97.0028
97.0281
97.0534
97.0786
97.1039
97.1292
97.1544
97.1797
97.205
97.2302
97.2555
97.2807
97.306
97.3313
97.3566
97.3818
97.4071
97.4324
97.4576
97.4829
97.5081
97.5334
97.5587
97.5839
97.6092
97.6345
97.6597
97.685
97.7103
97.7355
97.7608
97.7861
97.8113
97.8366
97.8619
97.8871
97.9124
97.9376
97.9629
97.9881
98.0134
98.0386
98.0639
98.0891
98.1144
98.1396
98.1649
98.1901
98.2154
98.2407
98.266
98.2912
98.3165
98.3418
98.367
98.3923
98.4175
98.4428
98.4681
98.4933
98.5186
98.5438
98.5691
98.5943
98.6196
98.6448
98.6701
98.6953
98.7206
98.7458
98.7711
98.7964
98.8216
98.8469
98.8722
98.8974
98.9227
98.9479
98.9732
98.9985
99.0237
99.049
99.0743
99.0995
99.1248
99.1501
99.1753
99.2006
99.2259
99.2511
99.2764
99.3017
99.3269
99.3522
99.3775
99.4027
99.428
99.4533
99.4786
99.5038
99.5291
99.5544
99.5796
99.6049
99.6301
99.6554
99.6807
99.7059
99.7312
99.7565
99.7817
99.807
99.8323
99.8575
99.8828
99.9081
99.9333
99.9586
99.9838
100.009
100.034
100.06
100.085
100.11
100.135
100.161
100.186
100.211
100.236
100.262
100.287
100.312
100.338
100.363
100.388
100.413
100.439
100.464
100.489
100.514
100.54
100.565
100.59
100.615
100.641
100.666
100.691
100.716
100.742
100.767
100.792
100.817
100.843
100.868
100.893
100.919
100.944
100.969
100.994
101.02
101.045
101.07
101.095
101.121
101.146
101.171
101.196
101.222
101.247
101.272
101.297
101.323
101.348
101.373
101.398
101.424
101.449
101.474
101.5
101.525
101.55
101.575
101.601
101.626
101.651
101.676
101.702
101.727
101.752
101.777
101.803
101.828
101.853
101.878
101.904
101.929
101.954
101.98
102.005
102.03
102.055
102.081
102.106
102.131
102.156
102.182
102.207
102.232
102.257
102.283
102.308
102.333
102.359
102.384
102.409
102.434
102.46
102.485
102.51
102.535
102.561
102.586
102.611
102.636
102.662
102.687
102.712
102.738
102.763
102.788
102.813
102.839
102.864
102.889
102.914
102.94
102.965
102.99
103.015
103.041
103.066
103.091
103.116
103.142
103.167
103.192
103.218
103.243
103.268
103.293
103.319
103.344
103.369
103.394
103.42
103.445
103.47
103.495
103.521
103.546
103.571
103.596
103.622
103.647
103.672
103.698
103.723
103.748
103.773
103.799
103.824
103.849
103.874
103.9
103.925
103.95
103.975
104.001
104.026
104.051
104.077
104.102
104.127
104.152
104.178
104.203
104.228
104.253
104.279
104.304
104.329
104.354
104.38
104.405
104.43
104.456
104.481
104.506
104.531
104.557
104.582
104.607
104.632
104.658
104.683
104.708
104.733
104.759
104.784
104.809
104.835
104.86
104.885
104.91
104.936
104.961
104.986
105.011
105.037
105.062
105.087
105.112
105.138
105.163
105.188
105.213
105.239
105.264
105.289
105.315
105.34
105.365
105.39
105.416
105.441
105.466
105.491
105.517
105.542
105.567
105.592
105.618
105.643
105.668
105.694
105.719
105.744
105.769
105.795
105.82
105.845
105.87
105.896
105.921
105.946
105.971
105.997
106.022
106.047
106.072
106.098
106.123
106.148
106.174
106.199
106.224
106.249
106.275
106.3
106.325
106.35
106.376
106.401
106.426
106.451
106.477
106.502
106.527
106.553
106.578
106.603
106.628
106.654
106.679
106.704
106.729
106.755
106.78
106.805
106.83
106.856
106.881
106.906
106.932
106.957
106.982
107.007
107.033
107.058
107.083
107.108
107.134
107.159
107.184
107.209
107.235
107.26
107.285
107.31
107.336
107.361
107.386
107.412
107.437
107.462
107.487
107.513
107.538
107.563
107.588
107.614
107.639
107.664
107.689
107.715
107.74
107.765
107.791
107.816
107.841
107.866
107.892
107.917
107.942
107.967
107.993
108.018
108.043
108.068
108.094
108.119
108.144
108.169
108.195
108.22
108.245
108.27
108.296
108.321
108.346
108.371
108.397
108.422
108.447
108.472
108.498
108.523
108.548
108.573
108.599
108.624
108.649
108.675
108.7
108.725
108.75
108.776
108.801
108.826
108.851
108.877
108.902
108.927
108.952
108.978
109.003
109.028
109.053
109.079
109.104
109.129
109.155
109.18
109.205
109.23
109.256
109.281
109.306
109.331
109.357
109.382
109.407
109.432
109.458
109.483
109.508
109.533
109.559
109.584
109.609
109.634
109.66
109.685
109.71
109.736
109.761
109.786
109.811
109.837
109.862
109.887
109.912
109.938
109.963
109.988
110.013
110.039
110.064
110.089
110.114
110.14
110.165
110.19
110.216
110.241
110.266
110.291
110.317
110.342
110.367
110.392
110.418
110.443
110.468
110.493
110.519
110.544
110.569
110.595
110.62
110.645
110.67
110.696
110.721
110.746
110.771
110.797
110.822
110.847
110.872
110.898
110.923
110.948
110.973
110.999
111.024
111.049
111.074
111.1
111.125
111.15
111.176
111.201
111.226
111.251
111.277
111.302
111.327
111.352
111.378
111.403
111.428
111.453
111.479
111.504
111.529
111.554
111.58
111.605
111.63
111.655
111.681
111.706
111.731
111.756
111.782
111.807
111.832
111.858
111.883
111.908
111.933
111.959
111.984
112.009
112.034
112.06
112.085
112.11
112.135
112.161
112.186
112.211
112.237
112.262
112.287
112.312
112.338
112.363
112.388
112.413
112.439
112.464
112.489
112.514
112.54
112.565
112.59
112.616
112.641
112.666
112.691
112.717
112.742
112.767
112.792
112.818
112.843
112.868
112.893
112.919
112.944
112.969
112.995
113.02
113.045
113.07
113.096
113.121
113.146
113.171
113.197
113.222
113.247
113.272
113.298
113.323
113.348
113.373
113.399
113.424
113.449
113.474
113.5
113.525
113.55
113.576
113.601
113.626
113.651
113.677
113.702
113.727
113.752
113.778
113.803
113.828
113.853
113.879
113.904
113.929
113.954
113.98
114.005
114.03
114.056
114.081
114.106
114.131
114.157
114.182
114.207
114.232
114.258
114.283
114.308
114.333
114.359
114.384
114.409
114.435
114.46
114.485
114.51
114.536
114.561
114.586
114.611
114.637
114.662
114.687
114.713
114.738
114.763
114.788
114.814
114.839
114.864
114.889
114.915
114.94
114.965
114.99
115.016
115.041
115.066
115.092
115.117
115.142
115.167
115.193
115.218
115.243
115.268
115.294
115.319
115.344
115.369
115.395
115.42
115.445
115.471
115.496
115.521
115.546
115.572
115.597
115.622
115.647
115.673
115.698
115.723
115.748
115.774
115.799
115.824
115.849
115.875
115.9
115.925
115.95
115.976
116.001
116.026
116.051
116.077
116.102
116.127
116.153
116.178
116.203
116.228
116.254
116.279
116.304
116.329
116.355
116.38
116.405
116.43
116.456
116.481
116.506
116.532
116.557
116.582
116.607
116.633
116.658
116.683
116.708
116.734
116.759
116.784
116.809
116.835
116.86
116.885
116.91
116.936
116.961
116.986
117.012
117.037
117.062
117.087
117.113
117.138
117.163
117.188
117.214
117.239
117.264
117.29
117.315
117.34
117.365
117.391
117.416
117.441
117.466
117.492
117.517
117.542
117.567
117.593
117.618
117.643
117.669
117.694
117.719
117.744
117.77
117.795
117.82
117.845
117.871
117.896
117.921
117.946
117.972
117.997
118.022
118.047
118.073
118.098
118.123
118.148
118.174
118.199
118.224
118.249
118.275
118.3
118.325
118.351
118.376
118.401
118.426
118.452
118.477
118.502
118.527
118.553
118.578
118.603
118.628
118.654
118.679
118.704
118.729
118.755
118.78
118.805
118.831
118.856
118.881
118.906
118.932
118.957
118.982
119.007
119.033
119.058
119.083
119.108
119.134
119.159
119.184
119.209
119.235
119.26
119.285
119.311
119.336
119.361
119.386
119.412
119.437
119.462
119.487
119.513
119.538
119.563
119.589
119.614
119.639
119.664
119.69
119.715
119.74
119.765
119.791
119.816
119.841
119.866
119.892
119.917
119.942
119.968
119.993
120.018
120.043
120.069
120.094
120.119
120.144
120.17
120.195
120.22
120.245
120.271
120.296
120.321
120.346
120.372
120.397
120.422
120.447
120.473
120.498
120.523
120.549
120.574
120.599
120.624
120.65
120.675
120.7
120.725
120.751
120.776
120.801
120.826
120.852
120.877
120.902
120.928
120.953
120.978
121.003
121.029
121.054
121.079
121.104
121.13
121.155
121.18
121.205
121.231
121.256
121.281
121.306
121.332
121.357
121.382
121.408
121.433
121.458
121.483
121.509
121.534
121.559
121.584
121.61
121.635
121.66
121.686
121.711
121.736
121.761
121.787
121.812
121.837
121.862
121.888
121.913
121.938
121.964
121.989
122.014
122.039
122.065
122.09
122.115
122.14
122.166
122.191
122.216
122.241
122.267
122.292
122.317
122.342
122.368
122.393
122.418
122.444
122.469
122.494
122.519
122.545
122.57
122.595
122.62
122.646
122.671
122.696
122.721
122.747
122.772
122.797
122.822
122.848
122.873
122.898
122.923
122.949
122.974
122.999
123.025
123.05
123.075
123.1
123.126
123.151
123.176
123.201
123.227
123.252
123.277
123.302
123.328
123.353
123.378
123.403
123.429
123.454
123.479
123.504
123.53
123.555
123.58
123.605
123.631
123.656
123.681
123.706
123.732
123.757
123.782
123.807
123.833
123.858
123.883
123.909
123.934
123.959
123.984
124.01
124.035
124.06
124.085
124.111
124.136
124.161
124.186
124.212
124.237
124.262
124.287
124.313
124.338
124.363
124.388
124.414
124.439
124.464
124.489
124.515
124.54
124.565
124.591
124.616
124.641
124.666
124.692
124.717
124.742
124.767
124.793
124.818
124.843
124.868
124.894
124.919
124.944
124.969
124.995
125.02
125.045
125.07
125.096
125.121
125.146
125.172
125.197
125.222
125.247
125.273
125.298
125.323
125.348
125.374
125.399
125.424
125.449
125.475
125.5
125.525
125.55
125.576
125.601
125.626
125.651
125.677
125.702
125.727
125.753
125.778
125.803
125.828
125.854
125.879
125.904
125.929
125.955
125.98
126.005
126.03
126.056
126.081
126.106
126.131
126.157
126.182
126.207
126.232
126.258
126.283
126.308
126.333
126.359
126.384
126.409
126.435
126.46
126.485
126.51
126.536
126.561
126.586
126.611
126.637
126.662
126.687
126.712
126.738
126.763
126.788
126.813
126.839
126.864
126.889
126.914
126.94
126.965
126.99
127.015
127.041
127.066
127.091
127.116
127.142
127.167
127.192
127.217
127.243
127.268
127.293
127.318
127.344
127.369
127.394
127.42
127.445
127.47
127.495
127.521
127.546
127.571
127.596
127.622
127.647
127.672
127.697
127.723
127.748
127.773
127.798
127.824
127.849
127.874
127.899
127.925
127.95
127.975
128
128.026
128.051
128.076
128.101
128.127
128.152
128.177
128.202
128.228
128.253
128.278
128.303
128.329
128.354
128.379
128.405
128.43
128.455
128.48
128.506
128.531
128.556
128.581
128.607
128.632
128.657
128.682
128.708
128.733
128.758
128.783
128.809
128.834
128.859
128.884
128.91
128.935
128.96
128.985
129.011
129.036
129.061
129.086
129.112
129.137
129.162
129.187
129.213
129.238
129.263
129.288
129.314
129.339
129.364
129.39
129.415
129.44
129.465
129.491
129.516
129.541
129.566
129.592
129.617
129.642
129.667
129.693
129.718
129.743
129.768
129.794
129.819
129.844
129.869
129.895
129.92
129.945
129.97
129.996
130.021
130.046
130.071
130.097
130.122
130.147
130.172
130.198
130.223
130.248
130.273
130.299
130.324
130.349
130.374
130.4
130.425
130.45
130.476
130.501
130.526
130.551
130.577
130.602
130.627
130.652
130.678
130.703
130.728
130.753
130.779
130.804
130.829
130.854
130.88
130.905
130.93
130.955
130.981
131.006
131.031
131.056
131.082
131.107
131.132
131.157
131.183
131.208
131.233
131.258
131.284
131.309
131.334
131.36
131.385
131.41
131.435
131.461
131.486
131.511
131.536
131.562
131.587
131.612
131.637
131.663
131.688
131.713
131.738
131.764
131.789
131.814
131.839
131.865
131.89
131.915
131.94
131.966
131.991
132.016
132.042
132.067
132.092
132.117
132.143
132.168
132.193
132.218
132.244
132.269
132.294
132.319
132.345
132.37
132.395
132.42
132.446
132.471
132.496
132.522
132.547
132.572
132.597
132.623
132.648
132.673
132.698
132.724
132.749
132.774
132.799
132.825
132.85
132.875
132.9
132.926
132.951
132.976
133.001
133.027
133.052
133.077
133.102
133.128
133.153
133.178
133.203
133.229
133.254
133.279
133.304
133.33
133.355
133.38
133.405
133.431
133.456
133.481
133.506
133.532
133.557
133.582
133.607
133.633
133.658
133.683
133.708
133.734
133.759
133.784
133.81
133.835
133.86
133.885
133.911
133.936
133.961
133.986
134.012
134.037
134.062
134.087
134.113
134.138
134.163
134.188
134.214
134.239
134.264
134.289
134.315
134.34
134.365
134.39
134.416
134.441
134.466
134.491
134.517
134.542
134.567
134.592
134.618
134.643
134.668
134.693
134.719
134.744
134.769
134.794
134.82
134.845
134.87
134.896
134.921
134.946
134.971
134.997
135.022
135.047
135.072
135.098
135.123
135.148
135.173
135.199
135.224
135.249
135.274
135.3
135.325
135.35
135.375
135.401
135.426
135.451
135.476
135.502
135.527
135.552
135.577
135.603
135.628
135.653
135.678
135.704
135.729
135.754
135.779
135.805
135.83
135.855
135.88
135.906
135.931
135.956
135.981
136.007
136.032
136.057
136.083
136.108
136.133
136.158
136.184
136.209
136.234
136.259
136.285
136.31
136.335
136.36
136.386
136.411
136.436
136.461
136.487
136.512
136.537
136.562
136.588
136.613
136.638
136.663
136.689
136.714
136.739
136.765
136.79
136.815
136.84
136.866
136.891
136.916
136.941
136.967
136.992
137.017
137.042
137.068
137.093
137.118
137.143
137.169
137.194
137.219
137.244
137.27
137.295
137.32
137.346
137.371
137.396
137.421
137.447
137.472
137.497
137.522
137.548
137.573
137.598
137.623
137.649
137.674
137.699
137.724
137.75
137.775
137.8
137.825
137.851
137.876
137.901
137.926
137.952
137.977
138.002
138.027
138.053
138.078
138.103
138.128
138.154
138.179
138.204
138.229
138.255
138.28
138.305
138.33
138.356
138.381
138.406
138.431
138.457
138.482
138.507
138.532
138.558
138.583
138.608
138.634
138.659
138.684
138.709
138.735
138.76
138.785
138.81
138.836
138.861
138.886
138.911
138.937
138.962
138.987
139.012
139.038
139.063
139.088
139.113
139.139
139.164
139.189
139.215
139.24
139.265
139.29
139.316
139.341
139.366
139.391
139.417
139.442
139.467
139.492
139.518
139.543
139.568
139.593
139.619
139.644
139.669
139.694
139.72
139.745
139.77
139.795
139.821
139.846
139.871
139.897
139.922
139.947
139.972
139.998
140.023
140.048
140.073
140.099
140.124
140.149
140.174
140.2
140.225
140.25
140.275
140.301
140.326
140.351
140.376
140.402
140.427
140.452
140.478
140.503
140.528
140.553
140.579
140.604
140.629
140.654
140.68
140.705
140.73
140.755
140.781
140.806
140.831
140.856
140.882
140.907
140.932
140.957
140.983
141.008
141.033
141.059
141.084
141.109
141.134
141.16
141.185
141.21
141.235
141.261
141.286
141.311
141.336
141.362
141.387
141.412
141.437
141.463
141.488
141.513
141.539
141.564
141.589
141.614
141.639
141.665
141.69
141.715
141.741
141.766
141.791
141.816
141.842
141.867
141.892
141.917
141.943
141.968
141.993
142.018
142.044
142.069
142.094
142.12
142.145
142.17
142.195
142.221
142.246
142.271
142.296
142.322
142.347
142.372
142.397
142.423
142.448
142.473
142.498
142.524
142.549
142.574
142.6
142.625
142.65
142.675
142.701
142.726
142.751
142.776
142.802
142.827
142.852
142.877
142.903
142.928
142.953
142.978
143.004
143.029
143.054
143.079
143.105
143.13
143.155
143.181
143.206
143.231
143.256
143.282
143.307
143.332
143.357
143.383
143.408
143.433
143.458
143.484
143.509
143.534
143.559
143.585
143.61
143.635
143.661
143.686
143.711
143.736
143.762
143.787
143.812
143.837
143.863
143.888
143.913
143.938
143.964
143.989
144.014
144.039
144.065
144.09
144.115
144.141
144.166
144.191
144.216
144.242
144.267
144.292
144.317
144.343
144.368
144.393
144.418
144.444
144.469
144.494
144.519
144.545
144.57
144.595
144.62
144.646
144.671
144.696
144.722
144.747
144.772
144.797
144.823
144.848
144.873
144.898
144.924
144.949
144.974
144.999
145.025
145.05
145.075
145.1
145.126
145.151
145.176
145.202
145.227
145.252
145.277
145.303
145.328
145.353
145.378
145.404
145.429
145.454
145.479
145.505
145.53
145.555
145.58
145.606
145.631
145.656
145.681
145.707
145.732
145.757
145.783
145.808
145.833
145.858
145.884
145.909
145.934
145.959
145.985
146.01
146.035
146.06
146.086
146.111
146.136
146.161
146.187
146.212
146.237
146.263
146.288
146.313
146.338
146.364
146.389
146.414
146.439
146.465
146.49
146.515
146.54
146.566
146.591
146.616
146.641
146.667
146.692
146.717
146.743
146.768
146.793
146.818
146.844
146.869
146.894
146.919
146.945
146.97
146.995
147.02
147.046
147.071
147.096
147.121
147.147
147.172
147.197
147.223
147.248
147.273
147.298
147.324
147.349
147.374
147.399
147.425
147.45
147.475
147.5
147.526
147.551
147.576
147.601
147.627
147.652
147.677
147.702
147.728
147.753
147.778
147.804
147.829
147.854
147.879
147.905
147.93
147.955
147.98
148.006
148.031
148.056
148.081
148.107
148.132
148.157
148.182
148.208
148.233
148.258
148.283
148.309
148.334
148.359
148.384
148.41
148.435
148.46
148.485
148.511
148.536
148.561
148.587
148.612
148.637
148.662
148.688
148.713
148.738
148.763
148.789
148.814
148.839
148.864
148.89
148.915
148.94
148.965
148.991
149.016
149.041
149.066
149.092
149.117
149.142
149.168
149.193
149.218
149.243
149.269
149.294
149.319
149.344
149.37
149.395
149.42
149.445
149.471
149.496
149.521
149.546
149.572
149.597
149.622
149.648
149.673
149.698
149.723
149.749
149.774
149.799
149.824
149.85
149.875
149.9
149.925
149.951
149.976
150.001
150.026
150.052
150.077
150.102
150.128
150.153
150.178
150.203
150.229
150.254
150.279
150.304
150.33
150.355
150.38
150.405
150.431
150.456
150.481
150.506
150.532
150.557
150.582
150.608
150.633
150.658
150.683
150.709
150.734
150.759
150.784
150.81
150.835
150.86
150.885
150.911
150.936
150.961
150.987
151.012
151.037
151.062
151.088
151.113
151.138
151.163
151.189
151.214
151.239
151.264
151.29
151.315
151.34
151.366
151.391
151.416
151.441
151.467
151.492
151.517
151.542
151.568
151.593
151.618
151.644
151.669
151.694
151.719
151.745
151.77
151.795
151.82
151.846
151.871
151.896
151.921
151.947
151.972
151.997
152.023
152.048
152.073
152.098
152.124
152.149
152.174
152.199
152.225
152.25
152.275
152.3
152.326
152.351
152.376
152.401
152.427
152.452
152.477
152.503
152.528
152.553
152.578
152.604
152.629
152.654
152.679
152.705
152.73
152.755
152.78
152.806
152.831
152.856
152.882
152.907
152.932
152.957
152.983
153.008
153.033
153.058
153.084
153.109
153.134
153.159
153.185
153.21
153.235
153.26
153.286
153.311
153.336
153.362
153.387
153.412
153.437
153.463
153.488
153.513
153.538
153.564
153.589
153.614
153.639
153.665
153.69
153.715
153.74
153.766
153.791
153.816
153.842
153.867
153.892
153.917
153.943
153.968
153.993
154.018
154.044
154.069
154.094
154.119
154.145
154.17
154.195
154.221
154.246
154.271
154.296
154.322
154.347
154.372
154.397
154.423
154.448
154.473
154.498
154.524
154.549
154.574
154.599
154.625
154.65
154.675
154.7
154.726
154.751
154.776
154.802
154.827
154.852
154.877
154.903
154.928
154.953
154.978
155.004
155.029
155.054
155.079
155.105
155.13
155.168
155.194
155.219
155.244
155.27
155.295
155.32
155.345
155.371
155.396
155.421
155.446
155.472
155.497
155.522
155.547
155.573
155.598
155.623
155.649
155.674
155.699
155.724
155.75
155.775
155.8
155.825
155.851
155.876
155.901
155.926
155.952
155.977
156.002
156.028
156.053
156.078
156.103
156.129
156.154
156.179
156.204
156.23
156.255
156.28
156.305
156.331
156.356
156.381
156.407
156.432
156.457
156.482
156.508
156.533
156.558
156.583
156.609
156.634
156.659
156.684
156.71
156.735
156.76
156.785
156.811
156.836
156.861
156.887
156.912
156.937
156.962
156.988
157.013
157.038
157.063
157.089
157.114
157.139
157.164
157.19
157.215
157.24
157.266
157.291
157.316
157.341
157.367
157.392
157.417
157.442
157.468
157.493
157.518
157.544
157.569
157.594
157.619
157.645
157.67
157.695
157.72
157.746
157.771
157.796
157.821
157.847
157.872
157.897
157.923
157.948
157.973
157.998
158.024
158.049
158.074
158.099
158.125
158.15
158.175
158.2
158.226
158.251
158.276
158.301
158.327
158.352
158.377
158.402
158.428
158.453
158.478
158.504
158.529
158.554
158.579
158.605
158.63
158.655
158.68
158.706
158.731
158.756
158.781
158.807
158.832
158.857
158.882
158.908
158.933
158.958
158.984
159.009
159.034
159.059
159.085
159.11
159.135
159.16
159.186
159.211
159.236
159.261
159.287
159.312
159.337
159.362
159.388
159.413
159.438
159.464
159.489
159.514
159.539
159.565
159.59
159.615
159.64
159.666
159.691
159.716
159.742
159.767
159.792
159.817
159.843
159.868
159.893
159.918
159.944
159.969
159.994
160.019
160.045
160.07
160.095
160.121
160.146
160.171
160.196
160.222
160.247
160.272
160.297
160.323
160.348
160.373
160.398
160.424
160.449
160.474
160.5
160.525
160.55
160.575
160.601
160.626
160.651
160.676
160.702
160.727
160.752
160.777
160.803
160.828
160.853
160.879
160.904
160.929
160.954
160.98
161.005
161.03
161.055
161.081
161.106
161.131
161.156
161.182
161.207
161.232
161.258
161.283
161.308
161.333
161.359
161.384
161.409
161.434
161.46
161.485
161.51
161.535
161.561
161.586
161.611
161.637
161.662
161.687
161.712
161.738
161.763
161.788
161.813
161.839
161.864
161.889
161.914
161.94
161.965
161.99
162.016
162.041
162.066
162.091
162.117
162.142
162.167
162.192
162.218
162.243
162.268
162.294
162.319
162.344
162.369
162.395
162.42
162.445
162.47
162.496
162.521
162.546
162.571
162.597
162.622
162.647
162.672
162.698
162.723
162.748
162.773
162.799
162.824
162.849
162.874
162.9
162.925
162.95
162.976
163.001
163.026
163.051
163.077
163.102
163.127
163.152
163.178
163.203
163.228
163.253
163.279
163.304
163.329
163.354
163.38
163.405
163.43
163.455
163.481
163.506
163.531
163.557
163.582
163.607
163.632
163.658
163.683
163.708
163.733
163.759
163.784
163.809
163.834
163.86
163.885
163.91
163.935
163.961
163.986
164.011
164.037
164.062
164.087
164.112
164.138
164.163
164.188
164.213
164.239
164.264
164.289
164.314
164.34
164.365
164.39
164.415
164.441
164.466
164.491
164.517
164.542
164.567
164.592
164.618
164.643
164.668
164.693
164.719
164.744
164.769
164.794
164.82
164.845
164.87
164.896
164.921
164.946
164.971
164.997
165.022
165.047
165.072
165.098
165.123
165.148
165.173
165.199
165.224
165.249
165.274
165.3
165.325
165.35
165.375
165.401
165.426
165.451
165.476
165.502
165.527
165.552
165.578
165.603
165.628
165.653
165.679
165.704
165.729
165.754
165.78
165.805
165.83
165.855
165.881
165.906
165.931
165.956
165.982
166.007
166.032
166.058
166.083
166.108
166.133
166.159
166.184
166.209
166.234
166.26
166.285
166.31
166.335
166.361
166.386
166.411
166.437
166.462
166.487
166.512
166.538
166.563
166.588
166.613
166.639
166.664
166.689
166.714
166.74
166.765
166.79
166.815
166.841
166.866
166.891
166.916
166.942
166.967
166.992
167.018
167.043
167.068
167.093
167.119
167.144
167.169
167.194
167.22
167.245
167.27
167.295
167.321
167.346
167.371
167.396
167.422
167.447
167.472
167.497
167.523
167.548
167.573
167.599
167.624
167.649
167.674
167.7
167.725
167.75
167.775
167.801
167.826
167.851
167.876
167.902
167.927
167.952
167.977
168.003
168.028
168.053
168.078
168.103
168.129
168.154
168.179
168.205
168.23
168.255
168.28
168.306
168.331
168.356
168.381
168.407
168.432
168.457
168.482
168.508
168.533
168.558
168.583
168.609
168.634
168.659
168.685
168.71
168.735
168.76
168.786
168.811
168.836
168.861
168.887
168.912
168.937
168.962
168.988
169.013
169.038
169.063
169.089
169.114
169.139
169.165
169.19
169.215
169.24
169.266
169.291
169.316
169.341
169.367
169.392
169.417
169.442
169.468
169.493
169.518
169.543
169.569
169.594
169.619
169.644
169.67
169.695
169.72
169.746
169.771
169.796
169.821
169.847
169.872
169.897
169.922
169.948
169.973
169.998
170.023
170.049
170.074
170.099
170.124
170.15
170.175
170.2
170.226
170.251
170.276
170.301
170.327
170.352
170.377
170.402
170.428
170.453
170.478
170.503
170.529
170.558
170.583
170.608
170.633
170.659
170.684
170.709
170.735
170.76
170.785
170.81
170.836
170.861
170.886
170.911
170.937
170.962
170.987
171.012
171.038
171.063
171.088
171.113
171.139
171.164
171.189
171.215
171.24
171.265
171.29
171.316
171.341
171.366
171.391
171.417
171.442
171.467
171.493
171.518
171.543
171.568
171.594
171.619
171.644
171.669
171.695
171.72
171.745
171.77
171.796
171.821
171.846
171.871
171.897
171.922
171.947
171.972
171.998
172.023
172.048
172.074
172.099
172.124
172.149
172.175
172.2
172.225
172.25
172.276
172.301
172.326
172.351
172.377
172.402
172.427
172.453
172.478
172.503
172.528
172.554
172.579
172.604
172.629
172.655
172.68
172.705
172.73
172.756
172.781
172.806
172.831
172.857
172.882
172.907
172.933
172.958
172.983
173.008
173.034
173.059
173.084
173.109
173.135
173.16
173.185
173.211
173.236
173.261
173.286
173.312
173.337
173.362
173.387
173.413
173.438
173.463
173.488
173.514
173.539
173.564
173.589
173.615
173.64
173.665
173.691
173.716
173.741
173.766
173.792
173.817
173.842
173.867
173.893
173.918
173.943
173.968
173.994
174.019
174.044
174.069
174.095
174.12
174.145
174.171
174.196
174.221
174.246
174.272
174.297
174.322
174.347
174.373
174.398
174.423
174.448
174.474
174.499
174.524
174.55
174.575
174.6
174.625
174.651
174.676
174.701
174.726
174.752
174.777
174.802
174.827
174.853
174.878
174.903
174.929
174.954
174.979
175.004
175.03
175.055
175.08
175.105
175.131
175.156
175.181
175.206
175.232
175.257
175.282
175.307
175.333
175.358
175.383
175.409
175.434
175.459
175.484
175.51
175.535
175.56
175.585
175.611
175.636
175.661
175.686
175.712
175.737
175.762
175.788
175.813
175.838
175.863
175.889
175.914
175.939
175.964
175.99
176.015
176.04
176.065
176.091
176.116
176.141
176.166
176.192
176.217
176.242
176.268
176.293
176.318
176.343
176.369
176.394
176.419
176.444
176.47
176.495
176.52
176.545
176.571
176.596
176.621
176.646
176.672
176.697
176.722
176.748
176.773
176.798
176.823
176.849
176.874
176.899
176.924
176.95
176.975
177
177.025
177.051
177.076
177.101
177.127
177.152
177.177
177.202
177.228
177.253
177.278
177.303
177.329
177.354
177.379
177.404
177.43
177.455
177.48
177.505
177.531
177.556
177.581
177.606
177.632
177.657
177.682
177.708
177.733
177.758
177.783
177.809
177.834
177.859
177.884
177.91
177.935
177.96
177.985
178.011
178.036
178.061
178.086
178.112
178.137
178.162
178.187
178.213
178.238
178.263
178.288
178.314
178.339
178.364
178.39
178.415
178.44
178.465
178.491
178.516
178.541
178.566
178.592
178.617
178.642
178.667
178.693
178.718
178.743
178.768
178.794
178.819
178.844
178.869
178.895
178.92
178.945
178.971
178.996
179.021
179.046
179.072
179.097
179.122
179.147
179.173
179.198
179.223
179.248
179.274
179.299
179.324
179.35
179.375
179.4
179.425
179.451
179.476
179.501
179.526
179.552
179.577
179.602
179.627
179.653
179.678
179.703
179.729
179.754
179.779
179.804
179.83
179.855
179.88
179.905
179.931
179.956
179.981
180.006
180.032
180.057
180.082
180.107
180.133
180.158
180.183
180.209
180.234
180.259
180.284
180.31
180.335
180.36
180.385
180.411
180.436
180.461
180.486
180.512
180.537
180.562
180.587
180.613
180.638
180.663
180.689
180.714
180.739
180.764
180.79
180.815
180.84
180.865
180.891
180.916
180.941
180.966
180.992
181.017
181.042
181.067
181.093
181.118
181.143
181.169
181.194
181.219
181.244
181.27
181.295
181.32
181.345
181.371
181.396
181.421
181.446
181.472
181.497
181.522
181.547
181.573
181.598
181.623
181.649
181.674
181.699
181.724
181.75
181.775
181.8
181.825
181.851
181.876
181.901
181.926
181.952
181.977
182.002
182.028
182.053
182.078
182.103
182.129
182.154
182.179
182.204
182.23
182.255
182.28
182.305
182.331
182.356
182.381
182.406
182.432
182.457
182.482
182.508
182.533
182.558
182.583
182.609
182.634
182.659
182.684
182.71
182.735
182.76
182.785
182.811
182.836
182.861
182.886
182.912
182.937
182.962
182.987
183.013
183.038
183.063
183.088
183.114
183.139
183.164
183.189
183.215
183.24
183.265
183.291
183.316
183.341
183.366
183.392
183.417
183.442
183.467
183.493
183.518
183.543
183.568
183.594
183.619
183.644
183.669
183.695
183.72
183.745
183.771
183.796
183.821
183.846
183.872
183.897
183.922
183.947
183.973
183.998
184.023
184.048
184.074
184.099
184.124
184.149
184.175
184.2
184.225
184.25
184.276
184.301
184.326
184.352
184.377
184.402
184.427
184.453
184.478
184.503
184.528
184.554
184.579
184.604
184.629
184.655
184.68
184.705
184.73
184.756
184.781
184.806
184.831
184.857
184.882
184.907
184.932
184.958
184.983
185.008
185.034
185.059
185.084
185.109
185.135
185.16
185.185
185.21
185.236
185.261
185.286
185.311
185.337
185.362
185.387
185.413
185.438
185.463
185.488
185.514
185.539
185.564
185.589
185.615
185.64
185.665
185.691
185.716
185.741
185.766
185.792
185.817
185.842
185.867
185.893
185.918
185.943
185.968
185.994
186.019
186.044
186.069
186.095
186.12
186.145
186.171
186.196
186.221
186.246
186.272
186.297
186.322
186.347
186.373
186.398
186.423
186.448
186.474
186.499
186.524
186.55
186.575
186.6
186.625
186.651
186.676
186.701
186.726
186.752
186.777
186.802
186.827
186.853
186.878
186.903
186.928
186.954
186.979
187.004
187.03
187.055
187.08
187.105
187.131
187.156
187.181
187.206
187.232
187.257
187.282
187.307
187.333
187.358
187.383
187.408
187.434
187.459
187.484
187.509
187.535
187.56
187.585
187.611
187.636
187.661
187.686
187.712
187.737
187.762
187.787
187.813
187.838
187.863
187.888
187.914
187.939
187.964
187.989
188.015
188.04
188.065
188.09
188.116
188.141
188.166
188.191
188.217
188.242
188.267
188.292
188.318
188.343
188.368
188.393
188.419
188.444
188.469
188.494
188.52
188.545
188.57
188.595
188.621
188.646
188.671
188.697
188.722
188.747
188.772
188.798
188.823
188.848
188.873
188.899
188.924
188.949
188.974
189
189.025
189.05
189.075
189.101
189.126
189.151
189.177
189.202
189.227
189.252
189.278
189.303
189.328
189.353
189.379
189.404
189.429
189.454
189.48
189.505
189.53
189.555
189.581
189.606
189.631
189.657
189.682
189.707
189.732
189.758
189.783
189.808
189.833
189.859
189.884
189.909
189.935
189.96
189.985
190.01
190.036
190.061
190.086
190.111
190.137
190.162
190.187
190.212
190.238
190.263
190.288
190.314
190.339
190.364
190.389
190.415
190.44
190.465
190.49
190.516
190.541
190.566
190.591
190.617
190.642
190.667
190.693
190.718
190.743
190.768
190.794
190.819
190.844
190.869
190.895
190.92
190.945
190.97
190.996
191.021
191.046
191.072
191.097
191.122
191.147
191.173
191.198
191.223
191.248
191.274
191.299
191.324
191.349
191.375
191.4
191.425
191.45
191.476
191.501
191.526
191.552
191.577
191.602
191.627
191.653
191.678
191.703
191.728
191.754
191.779
191.804
191.829
191.855
191.88
191.905
191.931
191.956
191.981
192.006
192.032
192.057
192.082
192.107
192.133
192.158
192.183
192.208
192.234
192.259
192.284
192.309
192.335
192.36
192.385
192.411
192.436
192.461
192.486
192.512
192.537
192.562
192.587
192.613
192.638
192.663
192.688
192.714
192.739
192.764
192.79
192.815
192.84
192.865
192.891
192.916
192.941
192.966
192.992
193.017
193.042
193.067
193.093
193.118
193.143
193.169
193.194
193.219
193.244
193.27
193.295
193.32
193.345
193.371
193.396
193.421
193.446
193.472
193.497
193.522
193.547
193.573
193.598
193.623
193.649
193.674
193.699
193.724
193.75
193.775
193.8
193.825
193.851
193.876
193.901
193.926
193.952
193.977
194.002
194.028
194.053
194.078
194.103
194.129
194.154
194.179
194.204
194.23
194.255
194.28
194.305
194.331
194.356
194.381
194.406
194.432
194.457
194.482
194.508
194.533
194.558
194.583
194.611
194.637
194.662
194.687
194.712
194.738
194.763
194.788
194.813
194.839
194.864
194.889
194.915
194.94
194.965
194.99
195.016
195.041
195.066
195.091
195.117
195.142
195.167
195.192
195.218
195.243
195.268
195.293
195.319
195.344
195.369
195.394
195.42
195.445
195.47
195.495
195.521
195.546
195.571
195.597
195.622
195.647
195.672
195.698
195.723
195.748
195.773
195.799
195.824
195.849
195.874
195.9
195.925
195.95
195.975
196.001
196.026
196.051
196.077
196.102
196.127
196.152
196.178
196.203
196.228
196.253
196.279
196.304
196.329
196.354
196.38
196.405
196.43
196.456
196.481
196.506
196.531
196.557
196.582
196.607
196.632
196.658
196.683
196.708
196.733
196.759
196.784
196.809
196.834
196.86
196.885
196.91
196.936
196.961
196.986
197.011
197.037
197.062
197.087
197.112
197.138
197.163
197.188
197.213
197.239
197.264
197.289
197.315
197.34
197.365
197.39
197.416
197.441
197.466
197.491
197.517
197.542
197.567
197.592
197.618
197.643
197.668
197.693
197.719
197.744
197.769
197.794
197.82
197.845
197.87
197.895
197.921
197.946
197.971
197.997
198.022
198.047
198.072
198.098
198.123
198.148
198.173
198.199
198.224
198.249
198.274
198.3
198.325
198.35
198.375
198.401
198.426
198.451
198.476
198.502
198.527
198.552
198.578
198.603
198.628
198.653
198.679
198.704
198.729
198.754
198.78
198.805
198.83
198.855
198.881
198.906
198.931
198.956
198.982
199.007
199.032
199.058
199.083
199.108
199.133
199.159
199.184
199.209
199.234
199.26
199.285
199.31
199.335
199.361
199.386
199.411
199.437
199.462
199.487
199.512
199.538
199.563
199.588
199.613
199.639
199.664
199.689
199.714
199.74
199.765
199.79
199.815
199.841
199.866
199.891
199.917
199.942
199.967
199.992
200.018
200.043
200.068
200.093
200.119
200.144
200.169
200.194
200.22
200.245
200.27
200.296
200.321
200.346
200.371
200.397
200.422
200.447
200.472
200.498
200.523
200.548
200.573
200.599
200.624
200.649
200.674
200.7
200.725
200.75
200.776
200.801
200.826
200.851
200.877
200.902
200.927
200.952
200.978
201.003
201.028
201.053
201.079
201.104
201.129
201.154
201.18
201.205
201.23
201.256
201.281
201.306
201.331
201.357
201.382
201.407
201.432
201.458
201.483
201.508
201.533
201.559
201.584
201.609
201.635
201.66
201.685
201.71
201.736
201.761
201.786
201.811
201.837
201.862
201.887
201.912
201.938
201.963
201.988
202.013
202.039
202.064
202.089
202.114
202.14
202.165
202.201
202.226
202.251
202.276
202.302
202.327
202.352
202.377
202.403
202.428
202.453
202.478
202.504
202.529
202.554
202.579
202.605
202.63
202.655
202.681
202.706
202.731
202.756
202.782
202.807
202.832
202.857
202.883
202.908
202.933
202.958
202.984
203.009
203.034
203.06
203.085
203.11
203.135
203.161
203.186
203.211
203.236
203.262
203.287
203.312
203.337
203.363
203.388
203.413
203.438
203.464
203.489
203.514
203.54
203.565
203.59
203.615
203.641
203.666
203.691
203.716
203.742
203.767
203.792
203.817
203.843
203.868
203.893
203.918
203.944
203.969
203.994
204.019
204.045
204.07
204.095
204.121
204.146
204.171
204.196
204.222
204.247
204.272
204.297
204.323
204.348
204.373
204.398
204.424
204.449
204.474
204.499
204.525
204.55
204.575
204.601
204.626
204.651
204.676
204.702
204.727
204.752
204.777
204.803
204.828
204.853
204.878
204.904
204.929
204.954
204.979
205.005
205.03
205.055
205.08
205.105
205.131
205.156
205.181
205.206
205.231
205.257
205.282
205.307
205.332
205.358
205.383
205.409
205.434
205.459
205.485
205.51
205.535
205.561
205.586
205.611
205.637
205.662
205.687
205.713
205.738
205.763
205.789
205.814
205.839
205.865
205.89
205.915
205.941
205.966
205.991
206.017
206.042
206.067
206.093
206.118
206.143
206.169
206.194
206.219
206.244
206.27
206.295
206.32
206.346
206.371
206.396
