4.19746
17.2717
16.0549
15.0977
14.4403
14.3088
13.989
13.3238
12.7218
12.1522
11.2537
11.1755
10.9885
10.761
10.5034
10.2553
9.93346
9.70673
9.49024
9.29099
9.08943
8.90095
8.72457
8.55224
8.40907
8.29106
8.19337
8.10986
8.00947
7.94865
7.90189
7.87597
7.86715
7.86077
7.8627
7.87699
7.91065
7.94767
7.99136
8.04463
8.10134
8.16887
8.25732
8.34854
8.45431
8.57137
8.68836
8.76365
8.90134
9.01983
9.12429
9.22924
9.32937
9.44758
9.54182
9.64064
9.73669
9.82353
9.88881
9.98422
10.074
10.108
10.1713
10.2106
10.2586
10.2965
10.3297
10.3521
10.3493
10.37
10.365
10.3304
10.3126
10.2567
10.228
10.1801
10.1247
10.0651
10.0015
9.92852
9.85551
9.78324
9.71661
9.64949
9.58116
9.51841
9.45967
9.40546
9.3521
9.30884
9.267
9.22312
9.18919
9.15877
9.13517
9.11603
9.10214
9.0981
9.1045
9.10723
9.11998
9.13465
9.15054
9.18194
9.19937
9.23542
9.26546
9.30329
9.34797
9.3902
9.42807
9.46429
9.49773
9.54463
9.5899
9.62567
9.66592
9.69521
9.73539
9.77579
9.81747
9.85513
9.88923
9.91294
9.93783
9.95513
9.96375
9.97086
9.9747
9.97201
9.96644
9.95851
9.94448
9.92431
9.8957
9.86896
9.84281
9.8193
9.78546
9.76007
9.73619
9.71095
9.68739
9.66587
9.64125
9.61984
9.59655
9.57522
9.55341
9.53214
9.51632
9.50029
9.48377
9.46871
9.43749
9.43367
9.42599
9.42201
9.42036
9.42045
9.42098
9.41966
9.42557
9.43214
9.43771
9.44902
9.45511
9.46843
9.47955
9.49494
9.51299
9.53185
9.54314
9.55757
9.57842
9.60192
9.62472
9.64306
9.66582
9.68454
9.6988
9.71391
9.72226
9.72806
9.73631
9.73994
9.73556
9.73465
9.72889
9.72829
9.72335
9.71671
9.71001
9.70443
9.68808
9.67866
9.66261
9.65629
9.64865
9.64427
9.63859
9.6344
9.63008
9.62487
9.62084
9.61307
9.61076
9.60694
9.60293
9.59876
9.59337
9.5889
9.58052
9.57656
9.57515
9.57241
9.57132
9.57157
9.56934
9.56706
9.5582
9.556
9.55587
9.55725
9.55699
9.55716
9.54943
9.55386
9.55518
9.55622
9.55697
9.55626
9.55713
9.55973
9.55649
9.56163
9.56601
9.56612
9.56772
9.57096
9.57426
9.57809
9.58435
9.58885
9.59462
9.60163
9.60949
9.6172
9.62233
9.62566
9.62967
9.63054
9.63143
9.6357
9.63811
9.63928
9.64114
9.64433
9.64419
9.64184
9.64063
9.6303
9.63472
9.63303
9.63234
9.63222
9.62944
9.6272
9.62143
9.61467
9.60592
9.59588
9.58694
9.57455
9.55833
9.54628
9.53305
9.51949
9.50745
9.49559
9.48455
9.47377
9.46595
9.45717
9.44213
9.4332
9.42722
9.42414
9.41597
9.41664
9.41529
9.41642
9.42132
9.42547
9.42924
9.43672
9.44493
9.44302
9.45682
9.46759
9.47784
9.48726
9.49388
9.50485
9.51742
9.53153
9.54473
9.55583
9.56698
9.5773
9.58534
9.5934
9.59964
9.60434
9.60488
9.60939
9.61197
9.61321
9.61315
9.61302
9.61171
9.60931
9.60586
9.60183
9.5967
9.58963
9.58287
9.57663
9.56964
9.56228
9.55383
9.54583
9.53681
9.51486
9.51065
9.50347
9.49235
9.48628
9.47979
9.47423
9.46826
9.4643
9.46251
9.46048
9.45757
9.45552
9.4524
9.45251
9.45251
9.45671
9.45988
9.46173
9.46435
9.46745
9.47145
9.47567
9.47922
9.48424
9.48598
9.49045
9.49646
9.5006
9.50079
9.50439
9.50693
9.511
9.51404
9.5184
9.52153
9.52133
9.52348
9.52654
9.52753
9.5288
9.53105
9.53277
9.53328
9.53434
9.53369
9.53419
9.53499
9.53421
9.53321
9.53155
9.51868
9.51494
9.51018
9.50672
9.50241
9.49674
9.49133
9.48291
9.47122
9.46767
9.46474
9.46068
9.45397
9.44545
9.44459
9.44387
9.44529
9.4446
9.44582
9.44966
9.45053
9.4533
9.45537
9.45832
9.46233
9.46551
9.46867
9.47233
9.47085
9.47229
9.4724
9.46758
9.46773
9.46774
9.46741
9.4663
9.46673
9.4681
9.4702
9.47221
9.46837
9.4685
9.46926
9.47012
9.47223
9.47343
9.47651
9.47686
9.47999
9.48299
9.48334
9.48255
9.47892
9.48103
9.48438
9.48606
9.48717
9.48879
9.48665
9.48462
9.48391
9.48174
9.48083
9.47994
9.47412
9.47251
9.47234
9.47198
9.47253
9.47237
9.47144
9.46864
9.46821
9.46764
9.46386
9.46392
9.46181
9.46304
9.46411
9.46475
9.465
9.46625
9.4685
9.4697
9.47109
9.47199
9.47132
9.47176
9.47515
9.47595
9.4799
9.48258
9.48314
9.48226
9.48371
9.48595
9.48866
9.48729
9.4871
9.48684
9.4827
9.4843
9.48326
9.48375
9.48535
9.48811
9.49093
9.49352
9.49679
9.50009
9.50051
9.49888
9.50159
9.50358
9.50684
9.51135
9.51528
9.51459
9.51526
9.51582
9.51611
9.51573
9.51705
9.51933
9.52216
9.52354
9.52618
9.5285
9.53049
9.52985
9.53249
9.53532
9.53771
9.53884
9.5402
9.54291
9.54631
9.5489
9.55122
9.54699
9.55248
9.55233
9.55255
9.55233
9.55185
9.55268
9.54796
9.54566
9.54361
9.54009
9.53606
9.53093
9.52527
9.52101
9.51325
9.50563
9.49921
9.48816
9.48086
9.47292
9.46429
9.4586
9.45357
9.4474
9.44128
9.43584
9.43273
9.43099
9.4307
9.42987
9.43092
9.43128
9.43184
9.42999
9.4335
9.43664
9.43572
9.43766
9.44167
9.44608
9.45191
9.45534
9.45597
9.46412
9.47033
9.4771
9.48534
9.49459
9.50246
9.51252
9.52172
9.5303
9.53579
9.54414
9.55181
9.55626
9.56453
9.57057
9.57535
9.58026
9.58413
9.58445
9.58568
9.58524
9.58455
9.58458
9.58093
9.57693
9.57253
9.56606
9.5617
9.55385
9.54636
9.5411
9.52272
9.52181
9.51585
9.51051
9.50513
9.49667
9.48954
9.48246
9.47666
9.47163
9.47007
9.46773
9.46579
9.46495
9.46134
9.46152
9.4575
9.46175
9.46561
9.4683
9.47244
9.47648
9.48332
9.49189
9.49902
9.50723
9.51645
9.52524
9.53679
9.54917
9.56261
9.57659
9.58894
9.60274
9.61584
9.6273
9.63618
9.6464
9.65607
9.66545
9.67203
9.67744
9.68194
9.68445
9.6825
9.6775
9.67235
9.66868
9.66336
9.65665
9.65096
9.64516
9.63865
9.63191
9.62647
9.62016
9.61313
9.60581
9.59999
9.59391
9.57991
9.57614
9.56936
9.56599
9.56422
9.56174
9.56164
9.56069
9.56105
9.56107
9.56042
9.55793
9.55755
9.55736
9.55627
9.55662
9.55546
9.55497
9.55332
9.55339
9.55254
9.55243
9.54948
9.5524
9.55495
9.5591
9.56283
9.56826
9.5747
9.58038
9.58486
9.58987
9.59727
9.60729
9.61477
9.61366
9.61734
9.62604
9.63472
9.64227
9.64929
9.6541
9.66202
9.66994
9.67318
9.67816
9.67647
9.67672
9.67761
9.67786
9.67564
9.6693
9.66561
9.66307
9.65868
9.65147
9.64452
9.637
9.62737
9.61747
9.60723
9.59543
9.58334
9.56406
9.55444
9.53278
9.52875
9.52106
9.5123
9.50451
9.50029
9.49347
9.48772
9.48635
9.48561
9.48365
9.48169
9.48229
9.48245
9.48425
9.48526
9.48806
9.49194
9.49742
9.50006
9.50556
9.51024
9.51515
9.51922
9.5273
9.53587
9.54331
9.5505
9.55692
9.55657
9.57022
9.57346
9.58247
9.59138
9.59922
9.60725
9.61693
9.62421
9.63254
9.63846
9.64224
9.64218
9.64351
9.64299
9.63256
9.63109
9.62566
9.61975
9.61713
9.61047
9.60408
9.59868
9.58921
9.58224
9.57579
9.5667
9.55939
9.5525
9.54372
9.5361
9.52265
9.5144
9.50587
9.49743
9.48686
9.47897
9.47067
9.46386
9.45614
9.45064
9.44627
9.44259
9.43995
9.44097
9.44097
9.44041
9.44279
9.44543
9.44957
9.45503
9.46108
9.46647
9.47245
9.47851
9.48515
9.49241
9.50016
9.5071
9.51507
9.51205
9.52211
9.53064
9.53663
9.54421
9.55004
9.55498
9.56122
9.56757
9.56885
9.57442
9.5785
9.58277
9.58292
9.58608
9.58704
9.58608
9.58392
9.5797
9.57509
9.5688
9.55985
9.5537
9.54577
9.53813
9.52878
9.51993
9.51146
9.50101
9.49222
9.48153
9.47064
9.46201
9.44685
9.43555
9.42699
9.41946
9.41381
9.40815
9.40058
9.39907
9.39571
9.39604
9.39797
9.39661
9.39973
9.40504
9.41088
9.40658
9.42111
9.42935
9.44052
9.45071
9.46216
9.47486
9.48839
9.50275
9.51873
9.53281
9.53679
9.5561
9.56799
9.57893
9.59004
9.59676
9.6032
9.60465
9.60646
9.61004
9.61323
9.61378
9.61604
9.61745
9.61629
9.6159
9.61557
9.61333
9.60949
9.60609
9.60263
9.59758
9.59077
9.58055
9.57361
9.5646
9.55618
9.54704
9.53977
9.53265
9.52438
9.51322
9.50185
9.4947
9.4881
9.48279
9.47792
9.47021
9.46968
9.46855
9.46923
9.46996
9.47032
9.47229
9.47649
9.47987
9.48765
9.49614
9.50212
9.50482
9.51389
9.52322
9.53496
9.55
9.56129
9.57704
9.5911
9.60461
9.61688
9.62448
9.63364
9.6418
9.6479
9.65423
9.65957
9.66212
9.66351
9.66425
9.66357
9.66123
9.65707
9.65263
9.64674
9.64125
9.63569
9.62974
9.62296
9.61637
9.60521
9.59791
9.58676
9.57967
9.57072
9.56287
9.54681
9.53685
9.52869
9.52288
9.51658
9.50947
9.49862
9.49435
9.48882
9.48406
9.47769
9.47228
9.46838
9.46125
9.45747
9.45406
9.45109
9.44763
9.44578
9.44242
9.44126
9.44098
9.44129
9.44315
9.44349
9.44701
9.45218
9.45886
9.46377
9.47168
9.47924
9.4843
9.49276
9.50206
9.51238
9.52275
9.52808
9.54013
9.54743
9.55827
9.56829
9.57593
9.5785
9.58092
9.57965
9.58491
9.58473
9.58268
9.57841
9.57587
9.57146
9.56465
9.55991
9.55262
9.54542
9.53875
9.5325
9.52557
9.51931
9.51316
9.50327
9.49701
9.49288
9.48731
9.48164
9.4768
9.46647
9.46608
9.46123
9.45463
9.44864
9.44332
9.4357
9.4315
9.42427
9.41932
9.41422
9.40599
9.41082
9.41029
9.41383
9.41652
9.41971
9.42414
9.43064
9.43689
9.44057
9.43555
9.45074
9.45993
9.46953
9.48016
9.48919
9.50165
9.51047
9.52016
9.52437
9.52849
9.53774
9.54591
9.54936
9.5528
9.5558
9.55657
9.55571
9.55771
9.55416
9.55806
9.55848
9.55786
9.55402
9.55056
9.54166
9.5362
9.53152
9.52775
9.5242
9.52085
9.51239
9.50624
9.4934
9.49165
9.48658
9.48026
9.47529
9.46816
9.46156
9.45559
9.44985
9.44248
9.43616
9.42786
9.42459
9.42022
9.41694
9.41501
9.41231
9.41165
9.41333
9.41492
9.4176
9.42015
9.42384
9.42816
9.4334
9.44135
9.4438
9.45054
9.46082
9.47111
9.48376
9.4929
9.50251
9.51378
9.52312
9.53114
9.5418
9.55182
9.55975
9.55987
9.57221
9.57775
9.58381
9.58506
9.587
9.58354
9.58377
9.57991
9.57297
9.56706
9.56068
9.55475
9.54414
9.53636
9.53186
9.52442
9.51006
9.50136
9.49224
9.48543
9.4773
9.46952
9.46397
9.45743
9.45021
9.44498
9.44087
9.43402
9.43119
9.42777
9.42496
9.42375
9.42514
9.42496
9.42792
9.42558
9.43232
9.43524
9.43907
9.44202
9.44576
9.44007
9.45026
9.45837
9.46321
9.46972
9.47516
9.47946
9.4823
9.48278
9.49363
9.50091
9.50636
9.50806
9.51469
9.51983
9.52025
9.5236
9.52456
9.52562
9.52524
9.52426
9.52229
9.52221
9.51998
9.51558
9.51058
9.5073
9.49957
9.49209
9.4881
9.48145
9.47582
9.46935
9.46242
9.45948
9.45295
9.45203
9.44984
9.44684
9.44385
9.43986
9.43683
9.43596
9.43427
9.43424
9.42772
9.42645
9.42512
9.42315
9.42408
9.42368
9.42531
9.42441
9.42634
9.42615
9.42725
9.43025
9.43321
9.437
9.44323
9.45029
9.4566
9.46537
9.47377
9.48247
9.49336
9.50478
9.51405
9.52317
9.52471
9.53535
9.54543
9.55465
9.56237
9.56155
9.57036
9.57443
9.57663
9.57653
9.57622
9.57931
9.5817
9.58201
9.5808
9.57736
9.57362
9.57032
9.56584
9.56075
9.55578
9.55045
9.54686
9.54193
9.53501
9.52957
9.5246
9.51939
9.51426
9.51023
9.50325
9.5007
9.49815
9.49044
9.49156
9.49125
9.48936
9.48982
9.49125
9.49413
9.49784
9.50139
9.50506
9.51065
9.51626
9.52152
9.51647
9.51875
9.52318
9.52556
9.5301
9.53614
9.53319
9.53931
9.54225
9.54704
9.55175
9.55802
9.56193
9.5624
9.56799
9.57385
9.57902
9.58402
9.58507
9.59113
9.5954
9.59935
9.60166
9.60411
9.60211
9.60079
9.59974
9.59834
9.59584
9.5916
9.58805
9.58582
9.5817
9.5765
9.57192
9.56492
9.56151
9.55367
9.54943
9.5457
9.53737
9.5373
9.53185
9.52975
9.52749
9.52552
9.52584
9.52441
9.5253
9.5273
9.52729
9.52929
9.53138
9.53025
9.53099
9.53152
9.53301
9.53408
9.53034
9.53245
9.53141
9.53198
9.53373
9.52902
9.53322
9.53755
9.54058
9.54373
9.54762
9.55217
9.55646
9.55939
9.56396
9.56113
9.56768
9.56523
9.57287
9.57502
9.57531
9.57429
9.57852
9.57874
9.57865
9.57586
9.57388
9.57315
9.57316
9.57167
9.57003
9.56741
9.56573
9.56536
9.5568
9.55574
9.54892
9.54663
9.54906
9.54954
9.54799
9.54238
9.54182
9.54297
9.54311
9.54134
9.54328
9.54278
9.54358
9.54296
9.544
9.54517
9.54581
9.54913
9.55054
9.54782
9.54902
9.54994
9.54897
9.54931
9.54977
9.5501
9.54874
9.54986
9.55255
9.55468
9.5573
9.5622
9.56641
9.56985
9.57465
9.57666
9.5717
9.58396
9.58849
9.59325
9.59815
9.60262
9.6066
9.61076
9.61373
9.61438
9.61435
9.61324
9.61114
9.60989
9.60591
9.60253
9.59922
9.59678
9.5944
9.59354
9.58942
9.58663
9.58382
9.58263
9.5778
9.57554
9.5713
9.56683
9.56284
9.5569
9.5482
9.54169
9.53513
9.52934
9.52316
9.51857
9.51523
9.50624
9.50169
9.49619
9.49256
9.49089
9.48457
9.48282
9.48181
9.48225
9.48329
9.48495
9.48219
9.4849
9.48738
9.49157
9.48958
9.48921
9.49038
9.49462
9.4959
9.49747
9.4958
9.49885
9.50007
9.5029
9.49951
9.50168
9.50389
9.50589
9.50857
9.5111
9.50781
9.50993
9.50968
9.50538
9.5056
9.50502
9.50253
9.49865
9.49582
9.49246
9.49081
9.48871
9.48639
9.48387
9.47964
9.47663
9.47295
9.46971
9.46543
9.46018
9.45609
9.45022
9.44589
9.44449
9.44303
9.43726
9.43706
9.43688
9.43594
9.43655
9.43541
9.43501
9.43651
9.43719
9.43584
9.4287
9.42772
9.42539
9.42529
9.42416
9.42392
9.42367
9.42375
9.42449
9.42524
9.42676
9.42785
9.42787
9.42701
9.42336
9.42263
9.42084
9.41751
9.41488
9.41078
9.40725
9.40508
9.40276
9.39996
9.39591
9.39452
9.39294
9.38791
9.38322
9.37806
9.37601
9.37267
9.37185
9.37152
9.37334
9.37595
9.3769
9.37706
9.37938
9.38208
9.37982
9.38825
9.39322
9.39928
9.40245
9.40599
9.41132
9.41718
9.42137
9.42359
9.42681
9.43149
9.43634
9.43578
9.43953
9.44321
9.44644
9.44919
9.45339
9.45648
9.46059
9.46475
9.46962
9.47746
9.48302
9.49078
9.49261
9.49803
9.50196
9.50833
9.51028
9.51042
9.51089
9.5106
9.5064
9.50515
9.50166
9.49733
9.49033
9.47631
9.47319
9.46643
9.46048
9.45157
9.44412
9.43617
9.42816
9.42183
9.41447
9.40998
9.40643
9.4014
9.39835
9.3971
9.39596
9.3964
9.3977
9.39663
9.39867
9.39856
9.40297
9.40657
9.41167
9.41849
9.42448
9.4299
9.44051
9.4482
9.45352
9.46163
9.47175
9.48197
9.49191
9.50086
9.5105
9.51937
9.52868
9.53463
9.54142
9.54747
9.55184
9.55718
9.55955
9.5625
9.56384
9.5636
9.56264
9.56122
9.55148
9.5495
9.5449
9.53989
9.53427
9.52799
9.52158
9.51388
9.50534
9.4957
9.48444
9.47358
9.45982
9.44532
9.43482
9.42328
9.41151
9.40196
9.38437
9.37647
9.36821
9.36242
9.35831
9.35449
9.35108
9.34966
9.34743
9.34484
9.34398
9.34799
9.3527
9.3585
9.36578
9.36978
9.38002
9.38937
9.40271
9.41553
9.42202
9.43242
9.44191
9.45489
9.46902
9.48185
9.49494
9.50813
9.51914
9.53054
9.53935
9.54813
9.55474
9.55901
9.56568
9.56976
9.57139
9.57195
9.57075
9.56843
9.56341
9.5585
9.55076
9.54392
9.5356
9.52635
9.51643
9.50604
9.4953
9.48426
9.47405
9.46359
9.45219
9.43994
9.42634
9.4153
9.40483
9.39161
9.38219
9.37402
9.36594
9.35893
9.35321
9.34834
9.34575
9.34461
9.3449
9.34657
9.34869
9.34749
9.35674
9.36444
9.36998
9.37694
9.38391
9.39311
9.40733
9.42162
9.43637
9.44995
9.46421
9.47473
9.49507
9.511
9.52651
9.54334
9.55803
9.57092
9.58282
9.59292
9.59694
9.60273
9.60816
9.61059
9.61255
9.61365
9.61356
9.61188
9.60854
9.59985
9.59596
9.58816
9.57747
9.56755
9.55678
9.54107
9.53485
9.52427
9.5143
9.50405
9.49424
9.47851
9.47272
9.4652
9.45807
9.44761
9.44202
9.43308
9.42847
9.42612
9.42611
9.42618
9.42494
9.42803
9.42786
9.43112
9.43274
9.43316
9.44018
9.44562
9.44386
9.45561
9.46263
9.47026
9.47946
9.48862
9.49748
9.50372
9.51275
9.51646
9.52638
9.53594
9.5446
9.54838
9.55419
9.55454
9.55815
9.56101
9.56387
9.56502
9.56732
9.56807
9.56875
9.5676
9.56609
9.56541
9.56659
9.56335
9.56016
9.55808
9.5507
9.54571
9.53708
9.53622
9.53378
9.53
9.52642
9.52126
9.51719
9.51376
9.51101
9.50914
9.5071
9.50354
9.49718
9.49578
9.48885
9.48772
9.4865
9.48281
9.48208
9.48027
9.48305
9.48512
9.48744
9.49069
9.49182
9.49332
9.49326
9.49416
9.47911
9.48601
9.48739
9.48656
9.48859
9.48869
9.48829
9.48826
9.48308
9.48635
9.48656
9.48446
9.48481
9.4852
9.48597
9.48687
9.48356
9.48954
9.49059
9.49161
9.49386
9.49719
9.49998
9.5036
9.50884
9.51243
9.51722
9.52151
9.52575
9.52697
9.53152
9.53436
9.53436
9.5386
9.53859
9.53965
9.53955
9.53852
9.53707
9.53625
9.53353
9.52995
9.52202
9.51616
9.50978
9.50334
9.49788
9.4919
9.4897
9.48619
9.48428
9.48225
9.47983
9.4778
9.47454
9.47446
9.46841
9.46381
9.46177
9.45969
9.45638
9.45119
9.44895
9.44509
9.43749
9.43712
9.43255
9.42976
9.4223
9.42096
9.4195
9.41654
9.40971
9.41103
9.40997
9.40596
9.40637
9.4077
9.40866
9.41212
9.41375
9.41633
9.42006
9.42496
9.4318
9.4375
9.44065
9.44567
9.44965
9.45298
9.45603
9.4595
9.4607
9.46591
9.47059
9.47404
9.47739
9.47976
9.48396
9.48724
9.48622
9.48723
9.48597
9.48605
9.48293
9.48019
9.47117
9.46621
9.46114
9.45736
9.44839
9.43892
9.42829
9.41993
9.41213
9.40215
9.38676
9.37783
9.3708
9.36039
9.35229
9.34432
9.33756
9.33327
9.32451
9.32075
9.31862
9.31246
9.30386
9.30145
9.30381
9.30185
9.30575
9.30893
9.31341
9.31785
9.32457
9.33281
9.33926
9.34588
9.3526
9.35983
9.36847
9.37593
9.38476
9.39144
9.39913
9.40603
9.40388
9.40885
9.41334
9.41597
9.42042
9.42516
9.4283
9.43035
9.43491
9.43704
9.44001
9.4371
9.43735
9.43477
9.43437
9.4316
9.42997
9.42797
9.41744
9.41484
9.41302
9.41175
9.408
9.40416
9.39627
9.39433
9.39027
9.38622
9.38345
9.38037
9.37744
9.37585
9.37536
9.3746
9.37401
9.3748
9.37682
9.37991
9.38269
9.38647
9.38558
9.39105
9.39759
9.39865
9.40521
9.41317
9.42033
9.42705
9.43286
9.44004
9.44764
9.45249
9.45319
9.45904
9.46295
9.46821
9.46907
9.47105
9.47589
9.47888
9.4706
9.47944
9.48473
9.48845
9.49046
9.49162
9.49313
9.49395
9.49008
9.48822
9.48137
9.47889
9.47545
9.4699
9.46589
9.45881
9.45436
9.45028
9.44635
9.44036
9.4334
9.43181
9.43011
9.42341
9.42059
9.416
9.41606
9.41449
9.41355
9.41171
9.40749
9.40571
9.40479
9.40191
9.40054
9.39528
9.3906
9.39105
9.38951
9.38787
9.38747
9.38462
9.3836
9.38589
9.38932
9.39334
9.39872
9.40346
9.40922
9.41654
9.41646
9.4218
9.42963
9.43697
9.44633
9.44723
9.46108
9.46709
9.47079
9.47796
9.48626
9.49525
9.49971
9.50583
9.50595
9.50711
9.50995
9.50467
9.5087
9.50695
9.50323
9.5014
9.49878
9.4938
9.49019
9.48662
9.4818
9.47636
9.4699
9.46243
9.45347
9.44613
9.44073
9.43111
9.42209
9.41734
9.40808
9.40511
9.3961
9.38283
9.38228
9.38077
9.38035
9.37952
9.38086
9.38242
9.38001
9.38173
9.38416
9.38831
9.39263
9.3979
9.40252
9.40477
9.41098
9.41415
9.41833
9.42286
9.42726
9.43164
9.43396
9.43984
9.44152
9.44719
9.4517
9.45241
9.45707
9.46145
9.46487
9.46896
9.47516
9.4786
9.48479
9.49093
9.4962
9.49907
9.50199
9.50352
9.50509
9.50577
9.50695
9.5032
9.49794
9.49472
9.48996
9.48394
9.47825
9.47163
9.46377
9.45658
9.44787
9.43959
9.4178
9.41571
9.41114
9.40587
9.40342
9.39769
9.39318
9.39056
9.38768
9.37854
9.38319
9.38227
9.38162
9.38374
9.38395
9.3845
9.3887
9.39247
9.39721
9.40291
9.40783
9.41318
9.41443
9.42165
9.42636
9.43
9.43805
9.43714
9.44827
9.45409
9.46089
9.46149
9.47227
9.48078
9.48964
9.4982
9.50311
9.5081
9.51368
9.51855
9.52068
9.52572
9.52768
9.52932
9.52968
9.53052
9.53014
9.52692
9.52237
9.51987
9.51651
9.51395
9.51099
9.50716
9.50291
9.49965
9.49429
9.48909
9.4839
9.48129
9.47469
9.46977
9.46703
9.4643
9.46388
9.45915
9.45694
9.45406
9.45308
9.45247
9.45258
9.45231
9.44625
9.44329
9.43883
9.43769
9.43955
9.44044
9.44552
9.44974
9.44219
9.45099
9.45153
9.45878
9.46565
9.46883
9.47086
9.47372
9.47973
9.48559
9.47867
9.48831
9.48962
9.49222
9.49557
9.4946
9.49678
9.49916
9.5026
9.5053
9.50827
9.51013
9.50867
9.51428
9.51742
9.52066
9.52277
9.5248
9.52677
9.5273
9.5294
9.52789
9.52901
9.53019
9.52984
9.53069
9.52873
9.52866
9.52858
9.52791
9.52275
9.52139
9.51983
9.51291
9.51184
9.51099
9.50664
9.50719
9.50389
9.50378
9.50402
9.5025
9.50207
9.50161
9.49997
9.49635
9.49562
9.48333
9.47946
9.47445
9.46892
9.46411
9.46051
9.45043
9.44707
9.44221
9.43491
9.4297
9.42661
9.42355
9.42164
9.42122
9.42222
9.41407
9.4216
9.42473
9.42877
9.43227
9.439
9.44579
9.45214
9.45765
9.46426
9.46474
9.47233
9.48003
9.4865
9.49242
9.49796
9.50432
9.51055
9.51529
9.52036
9.52721
9.52592
9.53729
9.546
9.55381
9.55823
9.56472
9.57074
9.57338
9.57839
9.57967
9.57969
9.5805
9.56885
9.554
9.54632
9.53955
9.53128
9.5247
9.51796
9.50849
9.50091
9.49032
9.48123
9.47394
9.46514
9.45283
9.44413
9.43694
9.43198
9.42493
9.41846
9.41403
9.41045
9.40737
9.40504
9.404
9.40432
9.40232
9.39981
9.40031
9.40319
9.40545
9.40952
9.41392
9.42033
9.42523
9.43104
9.43674
9.44249
9.44614
9.451
9.45677
9.46103
9.4664
9.47142
9.47779
9.48516
9.49046
9.49633
9.50244
9.50805
9.51298
9.51769
9.52333
9.52696
9.52862
9.52882
9.53021
9.53047
9.52992
9.52705
9.52251
9.51763
9.51005
9.5054
9.49817
9.49174
9.48462
9.47988
9.47588
9.47034
9.4686
9.46541
9.46231
9.4583
9.45551
9.45334
9.45196
9.45108
9.44716
9.44466
9.44328
9.44075
9.43913
9.43681
9.43253
9.43194
9.43037
9.42866
9.42943
9.43032
9.42947
9.43026
9.43113
9.43281
9.43509
9.43423
9.43725
9.43828
9.43614
9.43942
9.44348
9.43858
9.43739
9.43746
9.43116
9.43169
9.43102
9.43176
9.4298
9.42911
9.42631
9.42145
9.41961
9.4191
9.41927
9.42103
9.41587
9.42057
9.42189
9.42351
9.42821
9.43305
9.43794
9.44218
9.44658
9.45111
9.45459
9.45799
9.46058
9.46501
9.46348
9.46356
9.46531
9.46618
9.47076
9.4726
9.47564
9.47911
9.47787
9.47781
9.47107
9.46907
9.46558
9.46308
9.46032
9.45905
9.45725
9.4534
9.44849
9.4455
9.44306
9.43787
9.43553
9.43076
9.42347
9.41779
9.41122
9.40593
9.39927
9.38986
9.37999
9.37334
9.36631
9.36267
9.35865
9.35284
9.35059
9.34239
9.34407
9.34515
9.34158
9.34613
9.35179
9.35807
9.3617
9.36907
9.38009
9.38999
9.39945
9.41195
9.41911
9.4285
9.43346
9.44407
9.45036
9.45891
9.46548
9.47386
9.4801
9.48304
9.49051
9.48766
9.492
9.49902
9.50224
9.50447
9.50675
9.5094
9.51029
9.51161
9.51159
9.51567
9.51377
9.51369
9.51591
9.50897
9.51057
9.50906
9.50886
9.50851
9.50868
9.50642
9.50395
9.49815
9.4931
9.48615
9.47779
9.47263
9.46264
9.45932
9.44926
9.44567
9.44116
9.43746
9.43456
9.43294
9.42832
9.42653
9.42537
9.42478
9.42571
9.42536
9.42547
9.4288
9.43205
9.43263
9.43941
9.44047
9.43548
9.44191
9.44886
9.4482
9.45663
9.46226
9.46275
9.47198
9.47083
9.47697
9.48212
9.4849
9.48739
9.4929
9.49659
9.49853
9.49509
9.49099
9.49106
9.48903
9.48751
9.4835
9.4801
9.48055
9.48027
9.47972
9.48072
9.48307
9.48261
9.48193
9.48036
9.48151
9.4848
9.48596
9.48593
9.48741
9.48851
9.49068
9.49147
9.49234
9.49304
9.49136
9.49284
9.49484
9.49502
9.49429
9.4939
9.49456
9.4959
9.49427
9.49146
9.49108
9.48994
9.48298
9.48052
9.47505
9.47363
9.4744
9.47493
9.47622
9.47818
9.47921
9.47922
9.4807
9.48088
9.47801
9.47463
9.47445
9.47276
9.47172
9.46824
9.46565
9.46272
9.45925
9.45461
9.4504
9.4483
9.44725
9.44355
9.44061
9.43791
9.43851
9.44018
9.44257
9.44648
9.44128
9.44855
9.4537
9.45997
9.46717
9.47439
9.48186
9.4885
9.4936
9.50141
9.50711
9.51116
9.51725
9.51936
9.5239
9.52569
9.51961
9.52421
9.52462
9.52393
9.52311
9.51455
9.51729
9.51415
9.51156
9.50894
9.49944
9.50179
9.49976
9.49869
9.49695
9.4953
9.49358
9.4912
9.49071
9.48727
9.48476
9.48369
9.48049
9.48058
9.48117
9.48087
9.47686
9.47845
9.47782
9.47611
9.47527
9.47353
9.47223
9.46927
9.46669
9.46632
9.46549
9.46376
9.46621
9.46462
9.46581
9.46757
9.47128
9.47445
9.47782
9.47832
9.47759
9.47772
9.47944
9.48257
9.48598
9.48998
9.49285
9.49576
9.49532
9.493
9.49373
9.49675
9.49614
9.49752
9.49664
9.4901
9.48642
9.48623
9.48606
9.48577
9.48579
9.47513
9.47629
9.47798
9.48021
9.48339
9.48782
9.49329
9.49352
9.49763
9.50194
9.50121
9.50601
9.50955
9.51248
9.51364
9.51357
9.51689
9.515
9.51269
9.50847
9.50717
9.50496
9.49811
9.49331
9.48896
9.48626
9.48113
9.47687
9.47345
9.47116
9.46853
9.46529
9.45527
9.45773
9.45384
9.45173
9.45109
9.44993
9.44875
9.44942
9.44907
9.44555
9.4463
9.4467
9.44786
9.44731
9.44802
9.44782
9.44724
9.44897
9.44827
9.45215
9.45444
9.45715
9.46221
9.46515
9.46964
9.47446
9.47998
9.48537
9.486
9.4971
9.50524
9.50377
9.51031
9.51671
9.52217
9.52979
9.52995
9.537
9.53782
9.53965
9.53857
9.53297
9.5313
9.52975
9.52839
9.52271
9.52059
9.51412
9.50852
9.50104
9.49961
9.49254
9.49077
9.48801
9.48185
9.47915
9.47754
9.47594
9.47069
9.46917
9.46585
9.46513
9.46284
9.46123
9.45931
9.45771
9.45463
9.44892
9.44453
9.44012
9.43897
9.43673
9.43548
9.43546
9.43571
9.43569
9.43462
9.43652
9.43723
9.43742
9.4396
9.44306
9.43962
9.44659
9.45702
9.46509
9.47218
9.48191
9.48943
9.49784
9.50565
9.51328
9.51831
9.52416
9.52846
9.5311
9.53244
9.5343
9.53561
9.53498
9.53459
9.53521
9.53329
9.53236
9.52603
9.5239
9.51988
9.51524
9.51148
9.50656
9.50033
9.49258
9.48514
9.47754
9.46926
9.46309
9.4489
9.44431
9.43418
9.42797
9.42288
9.41862
9.41328
9.40838
9.40187
9.39637
9.39553
9.39317
9.38845
9.384
9.38132
9.37893
9.37644
9.36818
9.36904
9.3711
9.37281
9.37424
9.38182
9.38612
9.39171
9.39629
9.40326
9.40817
9.4128
9.41587
9.42174
9.4253
9.43091
9.43676
9.44447
9.45291
9.46042
9.46925
9.47759
9.4861
9.49636
9.50511
9.51247
9.52142
9.52921
9.53718
9.54212
9.54691
9.54927
9.54953
9.54842
9.54607
9.54341
9.5402
9.53469
9.52497
9.5172
9.50749
9.49636
9.4835
9.4714
9.45961
9.44482
9.42873
9.41455
9.40547
9.39748
9.39057
9.38601
9.37835
9.37263
9.36553
9.36222
9.35805
9.35775
9.35973
9.36226
9.36612
9.37048
9.37398
9.3809
9.38892
9.39604
9.40487
9.41119
9.42025
9.42967
9.43959
9.4488
9.4549
9.46335
9.47262
9.48285
9.49222
9.50027
9.50743
9.51555
9.52124
9.52831
9.53288
9.53852
9.54339
9.54612
9.54599
9.54608
9.54728
9.55025
9.54471
9.54356
9.53819
9.53278
9.52754
9.5215
9.51414
9.50735
9.49834
9.48609
9.47526
9.46456
9.45258
9.43272
9.4192
9.41198
9.40369
9.39526
9.38741
9.38
9.37456
9.37372
9.37162
9.3696
9.36916
9.36999
9.37328
9.3761
9.37543
9.3822
9.38516
9.39132
9.39127
9.39897
9.4058
9.39824
9.40675
9.40978
9.41347
9.41449
9.41776
9.42063
9.42454
9.42111
9.42433
9.42898
9.4267
9.42981
9.42637
9.43257
9.4381
9.44009
9.44026
9.44332
9.44692
9.44958
9.45303
9.44938
9.4506
9.45024
9.45036
9.44724
9.44752
9.44414
9.44332
9.43982
9.43772
9.43331
9.42918
9.42408
9.4195
9.41432
9.40743
9.40103
9.39535
9.39076
9.38524
9.38039
9.37196
9.3619
9.36105
9.35728
9.35308
9.35194
9.35347
9.35326
9.3545
9.35629
9.36061
9.36408
9.36874
9.37418
9.38348
9.3842
9.39088
9.39976
9.40502
9.4101
9.41578
9.4188
9.41484
9.41505
9.41863
9.41877
9.41912
9.42074
9.42276
9.42331
9.42544
9.42639
9.42631
9.41803
9.42442
9.42516
9.42791
9.42747
9.42888
9.43192
9.4352
9.43633
9.43591
9.4367
9.43731
9.43976
9.43953
9.44003
9.44056
9.43975
9.44059
9.43977
9.43807
9.43621
9.43134
9.42857
9.42612
9.4252
9.42609
9.42573
9.41903
9.41788
9.41776
9.4203
9.41924
9.41171
9.41528
9.4165
9.41968
9.41667
9.42034
9.42481
9.4302
9.43563
9.42938
9.43657
9.43784
9.44016
9.44112
9.44152
9.44092
9.43935
9.43593
9.4323
9.42112
9.41887
9.41491
9.41218
9.40787
9.40482
9.39593
9.39601
9.38819
9.39069
9.39179
9.39313
9.39133
9.39411
9.38839
9.39481
9.39894
9.40249
9.40659
9.41123
9.41414
9.41917
9.42451
9.42941
9.4339
9.44037
9.4476
9.45523
9.46281
9.47123
9.47691
9.48436
9.49158
9.49603
9.49629
9.50111
9.50377
9.5005
9.51005
9.50338
9.50865
9.51103
9.51749
9.52197
9.5272
9.52994
9.53394
9.53678
9.53939
9.54256
9.54368
9.54465
9.54424
9.54447
9.54292
9.53894
9.5362
9.53341
9.52898
9.52457
9.5204
9.51382
9.50862
9.49777
9.49464
9.48954
9.48484
9.47863
9.47691
9.47272
9.46964
9.46646
9.46555
9.46585
9.46742
9.46891
9.46427
9.46468
9.46678
9.47201
9.47632
9.47129
9.47777
9.48533
9.48725
9.49254
9.49759
9.50368
9.51016
9.51883
9.52592
9.53108
9.53485
9.54029
9.54722
9.55075
9.5557
9.56031
9.56018
9.56411
9.56897
9.57339
9.57495
9.57648
9.57781
9.57391
9.57684
9.57739
9.57686
9.57099
9.56958
9.56603
9.56527
9.56282
9.55939
9.55328
9.54749
9.54271
9.53801
9.53284
9.526
9.52126
9.51247
9.50992
9.50675
9.5022
9.49706
9.49307
9.49048
9.48929
9.48761
9.48615
9.48466
9.48413
9.48409
9.48699
9.4895
9.48503
9.48868
9.49373
9.49816
9.50154
9.50741
9.51261
9.51168
9.52269
9.53074
9.54
9.54921
9.556
9.56439
9.57378
9.57987
9.58825
9.59662
9.60196
9.60888
9.61523
9.62064
9.62325
9.62685
9.63013
9.63168
9.63243
9.63128
9.6318
9.63033
9.62755
9.62215
9.61862
9.61475
9.60815
9.60192
9.59673
9.5936
9.59012
9.58443
9.57994
9.57478
9.57007
9.56533
9.56006
9.5539
9.54642
9.54066
9.53749
9.53192
9.52745
9.5231
9.52038
9.51697
9.51445
9.51366
9.51108
9.50889
9.51079
9.51147
9.50716
9.51195
9.51388
9.51689
9.52147
9.52028
9.52541
9.53028
9.53669
9.5418
9.54847
9.55579
9.56421
9.57352
9.58379
9.59091
9.59964
9.60625
9.61032
9.60912
9.61797
9.6203
9.62407
9.62833
9.63205
9.63051
9.63105
9.63197
9.6307
9.62908
9.62724
9.62373
9.61906
9.61397
9.60815
9.60415
9.59647
9.58906
9.58176
9.5748
9.56019
9.55826
9.55205
9.54381
9.53883
9.53246
9.528
9.52562
9.52337
9.51939
9.51848
9.51719
9.51492
9.51046
9.51071
9.51039
9.50846
9.5107
9.51203
9.51337
9.51612
9.51963
9.52317
9.52848
9.53208
9.53928
9.54442
9.54821
9.556
9.56355
9.57119
9.57616
9.58045
9.58493
9.58884
9.58986
9.59597
9.60134
9.6019
9.5998
9.59975
9.59931
9.59918
9.59921
9.59651
9.59445
9.59311
9.59226
9.58956
9.58652
9.58316
9.57764
9.57579
9.57281
9.56063
9.56098
9.55798
9.55281
9.54741
9.54131
9.53729
9.53206
9.52387
9.51998
9.51509
9.51264
9.50729
9.50375
9.50057
9.49822
9.49439
9.49155
9.49167
9.49236
9.49425
9.49309
9.4952
9.49987
9.50407
9.51181
9.51753
9.52463
9.52333
9.53543
9.54369
9.54258
9.55684
9.56746
9.57793
9.58965
9.59827
9.60453
9.61095
9.61779
9.62298
9.6264
9.63047
9.63034
9.62248
9.62409
9.62226
9.61545
9.60619
9.60009
9.59352
9.5871
9.57972
9.57149
9.56163
9.54798
9.54218
9.52936
9.52603
9.52007
9.51437
9.50828
9.50222
9.49533
9.49026
9.48839
9.48711
9.48499
9.48241
9.48359
9.485
9.48661
9.48873
9.49087
9.49391
9.49918
9.50288
9.50707
9.49901
9.50854
9.5125
9.51785
9.52101
9.52493
9.53279
9.53654
9.53794
9.54257
9.54881
9.55583
9.56217
9.56724
9.57294
9.57783
9.58133
9.58557
9.58851
9.58832
9.5899
9.59064
9.59072
9.58934
9.58715
9.58387
9.57653
9.57213
9.56669
9.56129
9.55647
9.55102
9.54435
9.53737
9.53331
9.52939
9.52576
9.52101
9.51809
9.51308
9.51028
9.51079
9.51081
9.51072
9.51139
9.51316
9.51602
9.50861
9.51145
9.51295
9.51444
9.50909
9.51009
9.5116
9.5148
9.51925
9.52381
9.52712
9.53055
9.537
9.5452
9.55287
9.55602
9.56532
9.57207
9.57543
9.57484
9.57798
9.58139
9.58377
9.5833
9.58519
9.58478
9.58525
9.57503
9.58062
9.57567
9.56657
9.56864
9.56615
9.56355
9.5599
9.55789
9.55389
9.55017
9.54747
9.54517
9.54266
9.53968
9.53473
9.5332
9.52977
9.52533
9.52124
9.51754
9.5139
9.51046
9.50526
9.50294
9.50085
9.49891
9.4977
9.4961
9.49489
9.49635
9.4981
9.49337
9.49571
9.49992
9.50425
9.50816
9.51337
9.51666
9.52106
9.52551
9.52578
9.53076
9.53415
9.53907
9.54048
9.54444
9.55135
9.55151
9.55749
9.56122
9.56602
9.56878
9.57187
9.57451
9.57229
9.57297
9.57204
9.57059
9.56997
9.56829
9.56333
9.56069
9.55874
9.55653
9.55567
9.54861
9.55035
9.54976
9.5491
9.54648
9.54491
9.54038
9.53756
9.53768
9.53659
9.53694
9.53577
9.52679
9.52714
9.52753
9.52793
9.52927
9.53263
9.53405
9.53462
9.53582
9.53722
9.53797
9.54051
9.54422
9.54504
9.54644
9.54527
9.54485
9.547
9.5468
9.54609
9.54475
9.5443
9.54319
9.54247
9.54158
9.54076
9.53994
9.5396
9.53572
9.53254
9.53118
9.52911
9.52698
9.5244
9.52328
9.52201
9.5175
9.51437
9.51269
9.51109
9.51246
9.51186
9.51367
9.51238
9.51402
9.51641
9.51331
9.51605
9.5187
9.52336
9.52526
9.53016
9.5341
9.53601
9.52841
9.53434
9.5304
9.53348
9.53525
9.53777
9.53966
9.5425
9.54504
9.54866
9.55441
9.55353
9.55496
9.55652
9.5564
9.55488
9.55334
9.55343
9.55103
9.55237
9.54819
9.54823
9.5472
9.54709
9.5462
9.54388
9.54329
9.54031
9.53727
9.53347
9.52589
9.51565
9.51214
9.50769
9.50343
9.49946
9.49565
9.49268
9.49092
9.49104
9.48784
9.48974
9.49076
9.49494
9.49739
9.50278
9.50716
9.51106
9.51527
9.52127
9.5248
9.53393
9.54117
9.54796
9.55401
9.55825
9.56499
9.57148
9.5775
9.58269
9.58778
9.59334
9.5961
9.6
9.60376
9.60399
9.60634
9.60908
9.60963
9.6089
9.6075
9.60312
9.60058
9.59754
9.59064
9.58653
9.58113
9.57507
9.56496
9.55753
9.55065
9.5427
9.53716
9.53367
9.52829
9.52157
9.51949
9.51663
9.51365
9.51165
9.5113
9.51294
9.5147
9.517
9.5205
9.52527
9.52948
9.53202
9.53677
9.54227
9.54668
9.54731
9.55028
9.55427
9.55775
9.55682
9.56051
9.56215
9.56267
9.56
9.56279
9.56507
9.56856
9.57044
9.57217
9.57138
9.5745
9.57467
9.57828
9.57786
9.57929
9.57882
9.578
9.57468
9.57594
9.57665
9.57454
9.57257
9.57375
9.57236
9.57323
9.56948
9.5701
9.57043
9.56869
9.5671
9.56516
9.5623
9.55879
9.55659
9.55289
9.5529
9.5457
9.54048
9.53517
9.53312
9.52996
9.52926
9.52601
9.52702
9.52595
9.52756
9.52969
9.53169
9.5283
9.52883
9.51387
9.52029
9.52084
9.52407
9.52403
9.52607
9.52737
9.5261
9.52839
9.5294
9.53056
9.53245
9.53345
9.53529
9.53826
9.54196
9.54265
9.54689
9.54968
9.55342
9.55504
9.54722
9.55254
9.55451
9.55657
9.55792
9.55917
9.5601
9.56164
9.56148
9.56022
9.55961
9.55819
9.55322
9.55249
9.54947
9.54718
9.54488
9.54249
9.53922
9.53393
9.53191
9.5295
9.52159
9.52029
9.51812
9.51421
9.51498
9.51553
9.51271
9.51389
9.51453
9.51283
9.51231
9.50399
9.50359
9.50001
9.50015
9.48599
9.49353
9.49254
9.49068
9.48977
9.4927
9.49674
9.49973
9.50367
9.50637
9.51076
9.51523
9.51855
9.52178
9.52506
9.53339
9.54027
9.54725
9.55307
9.55912
9.56351
9.56474
9.55816
9.56279
9.56156
9.56049
9.56119
9.55288
9.5514
9.54844
9.54705
9.54275
9.5388
9.53694
9.53675
9.5359
9.53702
9.53387
9.53419
9.53259
9.53531
9.53651
9.53493
9.53734
9.53801
9.53639
9.53669
9.53689
9.53574
9.53338
9.52961
9.52445
9.51858
9.51185
9.50683
9.50183
9.49603
9.49129
9.48041
9.47385
9.469
9.46531
9.46038
9.45825
9.4536
9.45554
9.45633
9.45049
9.4512
9.45568
9.45177
9.46317
9.46371
9.46833
9.47318
9.47862
9.47942
9.48079
9.4801
9.48176
9.48427
9.48295
9.48474
9.48694
9.49118
9.4967
9.50221
9.50547
9.51069
9.51605
9.5237
9.52108
9.52803
9.53399
9.53817
9.54494
9.54789
9.55227
9.55906
9.56358
9.56714
9.57077
9.5663
9.56259
9.55806
9.55642
9.55244
9.54768
9.54217
9.53663
9.53182
9.52587
9.52305
9.5193
9.51397
9.50575
9.50004
9.49188
9.49073
9.48695
9.48408
9.4772
9.4744
9.4742
9.47294
9.47298
9.47348
9.47259
9.47224
9.4691
9.4684
9.46629
9.46436
9.46171
9.45834
9.45592
9.4505
9.44924
9.44738
9.44446
9.44345
9.44262
9.44281
9.43799
9.44018
9.44102
9.44294
9.44444
9.44746
9.45198
9.45714
9.46331
9.46962
9.47662
9.48186
9.48441
9.49368
9.5001
9.50523
9.51248
9.51913
9.52429
9.52805
9.53462
9.53809
9.5418
9.54297
9.54713
9.55004
9.5523
9.54785
9.55081
9.553
9.55417
9.55803
9.56061
9.56251
9.56425
9.56601
9.56573
9.56507
9.56054
9.55512
9.5553
9.55169
9.54768
9.54289
9.53743
9.52902
9.52278
9.51466
9.50722
9.49765
9.4905
9.48705
9.47796
9.47709
9.46856
9.46717
9.46449
9.46493
9.46576
9.46831
9.47106
9.47439
9.47882
9.48282
9.4832
9.48654
9.48891
9.49203
9.49406
9.49868
9.50189
9.50582
9.50972
9.51403
9.51859
9.52346
9.52863
9.53361
9.53959
9.54736
9.55571
9.56489
9.57331
9.58189
9.58965
9.59669
9.6048
9.60871
9.61343
9.61812
9.62125
9.62409
9.62694
9.62906
9.62994
9.63357
9.63324
9.6343
9.63639
9.63521
9.6347
9.63456
9.63403
9.63413
9.63362
9.63254
9.63086
9.62993
9.62643
9.61852
9.61371
9.60788
9.60199
9.59578
9.59143
9.58454
9.57911
9.57326
9.56988
9.56612
9.56195
9.55824
9.55544
9.55074
9.54749
9.54646
9.54516
9.54128
9.53632
9.53814
9.53822
9.54368
9.54679
9.55215
9.55786
9.56548
9.57125
9.58073
9.58893
9.59844
9.6053
9.61164
9.6181
9.62585
9.63301
9.63858
9.64477
9.64475
9.6473
9.64573
9.6496
9.65094
9.65117
9.65072
9.6495
9.6489
9.64414
9.63892
9.63075
9.62474
9.61938
9.60993
9.60384
9.59555
9.58765
9.58117
9.57422
9.57154
9.56858
9.56563
9.56497
9.56003
9.55106
9.55714
9.55858
9.56
9.5616
9.5626
9.55996
9.56093
9.56196
9.56445
9.56791
9.57239
9.5753
9.57797
9.58278
9.58814
9.59241
9.59909
9.60537
9.61206
9.61969
9.62557
9.63177
9.63858
9.64399
9.64953
9.65041
9.65341
9.65787
9.66017
9.66226
9.66472
9.6668
9.66602
9.66247
9.66085
9.65809
9.65275
9.64965
9.64578
9.64046
9.63675
9.63337
9.62856
9.62332
9.61145
9.61274
9.60833
9.60544
9.59983
9.59632
9.59331
9.5918
9.59095
9.59118
9.59257
9.59016
9.58661
9.59083
9.59308
9.5951
9.59791
9.59914
9.59987
9.5993
9.59824
9.59815
9.59883
9.59287
9.59453
9.59636
9.58543
9.58647
9.5846
9.58332
9.58239
9.57927
9.57995
9.58038
9.58155
9.58084
9.5824
9.586
9.5879
9.59324
9.59811
9.60249
9.60734
9.61163
9.61068
9.61736
9.62079
9.61546
9.62159
9.62428
9.62293
9.62611
9.62343
9.62878
9.63094
9.63043
9.63296
9.63476
9.63507
9.63406
9.62591
9.62722
9.62521
9.6218
9.61712
9.61358
9.61112
9.60869
9.60751
9.60404
9.60191
9.6014
9.60252
9.6032
9.60376
9.60367
9.60515
9.60086
9.60134
9.60282
9.60423
9.60593
9.60642
9.60757
9.60923
9.60908
9.60909
9.61104
9.60943
9.61364
9.60511
9.6132
9.60653
9.61644
9.62005
9.62485
9.62962
9.63079
9.63292
9.63802
9.639
9.6437
9.64804
9.6502
9.65044
9.65521
9.65747
9.65895
9.65914
9.65825
9.65744
9.65889
9.6595
9.65911
9.65816
9.65364
9.65074
9.64725
9.64084
9.63863
9.63498
9.63186
9.62803
9.62423
9.62102
9.61827
9.61524
9.61087
9.61073
9.60997
9.60967
9.60915
9.61161
9.61348
9.61445
9.61679
9.61786
9.62164
9.62639
9.63096
9.63232
9.63846
9.64303
9.64683
9.65159
9.65615
9.65946
9.66129
9.65899
9.65356
9.6568
9.65638
9.65472
9.65228
9.64552
9.64291
9.63936
9.62811
9.61974
9.61097
9.61516
9.60665
9.60821
9.60744
9.60926
9.61138
9.61213
9.61353
9.61744
9.61678
9.61969
9.62492
9.62658
9.62892
9.62914
9.62867
9.63016
9.63191
9.63408
9.62704
9.6313
9.62999
9.63099
9.62906
9.62761
9.6286
9.62822
9.62756
9.62724
9.62738
9.62714
9.62479
9.61729
9.61535
9.61555
9.61523
9.60957
9.61119
9.61045
9.60913
9.60802
9.60971
9.6092
9.60916
9.60809
9.60627
9.6041
9.60134
9.59979
9.59614
9.59229
9.59048
9.58781
9.58631
9.58404
9.58275
9.58004
9.578
9.57597
9.57449
9.5746
9.57446
9.56844
9.56781
9.56811
9.5695
9.57181
9.57325
9.57415
9.57055
9.57736
9.58033
9.58241
9.58323
9.58718
9.58981
9.59022
9.59271
9.59497
9.59853
9.60094
9.60109
9.60009
9.59876
9.59842
9.59607
9.59388
9.59174
9.5879
9.5801
9.57811
9.5663
9.56864
9.56765
9.56722
9.56686
9.56526
9.55795
9.56113
9.56291
9.56506
9.56615
9.56817
9.57081
9.57393
9.57665
9.58079
9.584
9.58614
9.58913
9.59146
9.59276
9.58862
9.59194
9.59424
9.59366
9.59392
9.59224
9.59162
9.591
9.59111
9.59197
9.59235
9.58906
9.5882
9.58966
9.59032
9.58859
9.58906
9.59074
9.59096
9.59123
9.59051
9.59154
9.59251
9.59306
9.5938
9.59566
9.59381
9.59127
9.58865
9.58291
9.58143
9.57493
9.573
9.56144
9.55506
9.55043
9.54715
9.54315
9.53976
9.53856
9.53744
9.53395
9.53329
9.53315
9.53311
9.53543
9.5382
9.54214
9.54239
9.54511
9.54545
9.55023
9.55371
9.55842
9.55997
9.5659
9.5708
9.57654
9.57297
9.57962
9.58283
9.58792
9.59091
9.59764
9.60275
9.60765
9.61454
9.62017
9.62551
9.62741
9.63114
9.63648
9.64013
9.64348
9.64461
9.64591
9.64692
9.64583
9.64157
9.63898
9.63562
9.63056
9.6237
9.61553
9.60623
9.60019
9.59678
9.59013
9.58447
9.56994
9.56454
9.55804
9.55153
9.54346
9.53538
9.52767
9.51747
9.51291
9.50608
9.49794
9.49036
9.48079
9.47455
9.47014
9.46427
9.45996
9.45386
9.45124
9.45074
9.45081
9.45377
9.45372
9.45764
9.45506
9.4676
9.47661
9.48781
9.49775
9.50929
9.52104
9.53331
9.54516
9.55445
9.56568
9.57332
9.58371
9.5921
9.59917
9.60754
9.61599
9.62209
9.6278
9.63178
9.6346
9.63557
9.63572
9.63348
9.63264
9.63387
9.63052
9.62357
9.61966
9.60958
9.61158
9.60655
9.60196
9.59543
9.58692
9.57597
9.56395
9.55881
9.55269
9.54549
9.53979
9.53274
9.52673
9.52169
9.5153
9.50989
9.5046
9.49817
9.49487
9.49218
9.48983
9.48865
9.48651
9.48758
9.48729
9.4914
9.49464
9.49949
9.508
9.51692
9.52627
9.53466
9.5446
9.5544
9.5661
9.57616
9.58608
9.5953
9.60238
9.6058
9.60966
9.61294
9.61265
9.61733
9.61533
9.61691
9.6172
9.61681
9.61826
9.61864
9.61862
9.61917
9.61906
9.61808
9.61656
9.61373
9.60872
9.6066
9.60231
9.59377
9.58813
9.58288
9.5769
9.56794
9.55884
9.54703
9.5405
9.53273
9.52618
9.52022
9.51415
9.50975
9.50405
9.49784
9.49509
9.49162
9.48702
9.48624
9.48451
9.4833
9.48551
9.4892
9.49243
9.49699
9.50135
9.50913
9.51037
9.51756
9.52859
9.53793
9.54875
9.56042
9.57227
9.5817
9.59043
9.59776
9.60509
9.61105
9.61444
9.61777
9.62003
9.62137
9.62145
9.623
9.62327
9.62067
9.61838
9.61392
9.6089
9.61053
9.6093
9.60765
9.60459
9.60325
9.60154
9.60169
9.60113
9.6004
9.60285
9.60576
9.60679
9.59764
9.60286
9.60728
9.61232
9.61136
9.61537
9.61704
9.62103
9.62202
9.62156
9.61227
9.61106
9.6085
9.60623
9.60212
9.59807
9.59473
9.59079
9.58242
9.57779
9.57501
9.57031
9.56389
9.56136
9.55957
9.56077
9.55429
9.55407
9.55429
9.5565
9.55967
9.56459
9.56889
9.57303
9.57806
9.58187
9.58499
9.58293
9.58509
9.58846
9.59014
9.59196
9.59361
9.59493
9.59541
9.59687
9.59643
9.5977
9.59682
9.59662
9.59509
9.59442
9.59327
9.59198
9.58907
9.59006
9.58884
9.59345
9.59725
9.60207
9.60572
9.60846
9.60504
9.60682
9.59946
9.60409
9.59654
9.59864
9.59485
9.59434
9.59121
9.5896
9.58441
9.58027
9.57592
9.57014
9.56506
9.55858
9.55159
9.54735
9.53762
9.53524
9.52925
9.52177
9.52007
9.51565
9.51599
9.5085
9.51077
9.51282
9.51666
9.51884
9.51203
9.51917
9.51925
9.51802
9.51636
9.51707
9.51469
9.5081
9.50918
9.50756
9.50704
9.50465
9.50373
9.50521
9.50746
9.50881
9.51313
9.51926
9.52337
9.52932
9.53341
9.53821
9.54089
9.54532
9.54601
9.55298
9.55847
9.56352
9.57196
9.57716
9.58412
9.58992
9.59688
9.60378
9.6093
9.60766
9.61027
9.60937
9.61216
9.61384
9.61668
9.61799
9.6174
9.61935
9.61765
9.6158
9.61308
9.60286
9.59943
9.59321
9.58904
9.58426
9.57865
9.57285
9.56618
9.5594
9.55572
9.54962
9.54362
9.53897
9.53356
9.52787
9.5224
9.51275
9.50686
9.50338
9.4969
9.49443
9.48678
9.4849
9.48366
9.48203
9.47515
9.47356
9.47168
9.46858
9.46508
9.45433
9.4583
9.46171
9.46581
9.46553
9.47113
9.47802
9.48502
9.48811
9.49199
9.49806
9.50354
9.49922
9.50698
9.51103
9.51154
9.51421
9.5176
9.51977
9.52224
9.52471
9.52509
9.52486
9.52808
9.52958
9.53088
9.53266
9.52646
9.52517
9.52469
9.52359
9.52273
9.5216
9.51998
9.51656
9.51039
9.50829
9.50637
9.50537
9.50177
9.49979
9.49717
9.49473
9.48743
9.48537
9.4843
9.48084
9.47655
9.47495
9.47181
9.47037
9.46688
9.46898
9.46907
9.46668
9.46004
9.46455
9.46662
9.46665
9.46959
9.47212
9.47523
9.47634
9.47923
9.48291
9.4863
9.4906
9.49169
9.49082
9.49367
9.49612
9.50058
9.50391
9.50825
9.51247
9.51644
9.51777
9.52019
9.52184
9.51752
9.517
9.51601
9.51405
9.5099
9.50713
9.50331
9.50101
9.49836
9.49495
9.49043
9.48845
9.47742
9.48165
9.47994
9.47078
9.47169
9.46696
9.46323
9.46338
9.46378
9.46169
9.46067
9.46004
9.45899
9.45812
9.45881
9.4546
9.45156
9.44949
9.45141
9.45573
9.45477
9.45939
9.46388
9.46878
9.47337
9.47857
9.48471
9.49005
9.49484
9.50155
9.50898
9.51715
9.52554
9.5318
9.53645
9.54326
9.54697
9.54977
9.5527
9.55552
9.55622
9.55516
9.55373
9.55144
9.5481
9.54603
9.53751
9.53105
9.52086
9.51396
9.50825
9.50272
9.49841
9.48492
9.48853
9.48681
9.48445
9.4838
9.48288
9.48119
9.48146
9.48017
9.48074
9.47753
9.47848
9.48252
9.48441
9.48612
9.48814
9.48401
9.4888
9.49214
9.49538
9.48933
9.49608
9.50159
9.50706
9.51459
9.5205
9.52898
9.53626
9.54446
9.55449
9.56483
9.57482
9.58246
9.59015
9.59743
9.60317
9.60712
9.61179
9.61114
9.6087
9.60532
9.6006
9.59752
9.59341
9.58853
9.58311
9.57275
9.56057
9.55391
9.54457
9.5352
9.5265
9.51581
9.50742
9.50006
9.48829
9.48326
9.47766
9.47267
9.46985
9.46875
9.45954
9.46114
9.46253
9.46266
9.46484
9.4641
9.46939
9.47428
9.47868
9.48309
9.48843
9.49414
9.49936
9.50598
9.5128
9.52015
9.52583
9.52554
9.53343
9.53664
9.54433
9.5504
9.55076
9.55569
9.55974
9.56186
9.56264
9.56509
9.56711
9.56846
9.57008
9.57099
9.56997
9.57019
9.56952
9.56946
9.56716
9.56439
9.55971
9.55389
9.5476
9.54282
9.53127
9.52568
9.51672
9.50913
9.4995
9.48507
9.48356
9.46589
9.46195
9.45626
9.45209
9.44954
9.44622
9.44113
9.44177
9.44219
9.44145
9.44543
9.44806
9.44984
9.45493
9.46098
9.46809
9.47349
9.47909
9.48691
9.49172
9.49242
9.49898
9.50546
9.5125
9.52008
9.52583
9.53179
9.53805
9.54227
9.54948
9.55249
9.55875
9.56083
9.56662
9.57098
9.57089
9.57348
9.57536
9.57726
9.57907
9.58001
9.57688
9.57466
9.57264
9.57066
9.56587
9.56351
9.56117
9.55739
9.54997
9.54541
9.53507
9.5313
9.52838
9.52534
9.51929
9.51353
9.50981
9.50657
9.50622
9.50504
9.50284
9.50152
9.49941
9.49995
9.49981
9.49948
9.50039
9.50137
9.50449
9.50688
9.50476
9.51027
9.51362
9.51858
9.52343
9.52956
9.53588
9.54251
9.54931
9.55561
9.56127
9.56413
9.57093
9.57396
9.57832
9.58182
9.58585
9.58791
9.59185
9.59171
9.59337
9.59618
9.59799
9.59963
9.59837
9.59942
9.59591
9.59736
9.59658
9.5881
9.58975
9.58791
9.5856
9.58176
9.5772
9.57272
9.56741
9.56283
9.55609
9.55227
9.54961
9.54016
9.53751
9.53338
9.53155
9.52414
9.52664
9.52403
9.51855
9.51532
9.51663
9.51627
9.51412
9.51239
9.50999
9.51294
9.51206
9.51514
9.51735
9.51913
9.5248
9.52863
9.53289
9.53349
9.53918
9.5376
9.54311
9.54195
9.54652
9.5505
9.55479
9.55902
9.56129
9.56276
9.56548
9.56835
9.56209
9.56438
9.56769
9.56867
9.56998
9.56926
9.56892
9.56646
9.5671
9.56787
9.565
9.55934
9.55836
9.55792
9.55777
9.55447
9.55566
9.55662
9.55817
9.55319
9.55487
9.54819
9.54873
9.54241
9.53811
9.53285
9.52632
9.52295
9.51659
9.51065
9.50649
9.50047
9.4952
9.49124
9.48899
9.48686
9.48644
9.48529
9.48473
9.48339
9.4844
9.48776
9.48765
9.48919
9.48587
9.48806
9.49001
9.48517
9.48872
9.49175
9.49317
9.49784
9.50091
9.5017
9.5054
9.50801
9.51281
9.51356
9.51498
9.51857
9.52035
9.51362
9.5156
9.51443
9.51339
9.50813
9.5015
9.49195
9.48365
9.47815
9.47171
9.46518
9.45637
9.44497
9.441
9.43385
9.42743
9.42144
9.41805
9.41516
9.41133
9.40373
9.40366
9.40346
9.40086
9.39745
9.39478
9.3891
9.38466
9.38245
9.37849
9.37358
9.3624
9.35989
9.35745
9.35024
9.34944
9.35145
9.35434
9.35932
9.36457
9.36949
9.37436
9.38319
9.39453
9.40251
9.41177
9.42182
9.43155
9.43951
9.44489
9.45622
9.46408
9.47106
9.4749
9.47848
9.48156
9.48305
9.48396
9.48128
9.48231
9.48136
9.47911
9.47638
9.47473
9.4737
9.47088
9.46508
9.45968
9.45826
9.45568
9.45144
9.44724
9.44239
9.43743
9.43131
9.42444
9.42233
9.41688
9.41355
9.41058
9.40692
9.40365
9.39728
9.39552
9.3941
9.39232
9.39269
9.39473
9.39692
9.39871
9.40198
9.40582
9.40932
9.41245
9.41466
9.42052
9.42745
9.42905
9.44034
9.44761
9.45123
9.46
9.4688
9.48021
9.49058
9.50113
9.51117
9.51645
9.52433
9.5275
9.53168
9.53745
9.543
9.54716
9.54822
9.55075
9.55016
9.54819
9.54839
9.54805
9.54623
9.54358
9.53901
9.5355
9.53104
9.52684
9.51846
9.51311
9.50373
9.50125
9.49773
9.49315
9.48843
9.48427
9.4807
9.47847
9.4735
9.47218
9.47106
9.45926
9.45805
9.45717
9.45603
9.45294
9.44871
9.44582
9.44621
9.44449
9.446
9.4478
9.4478
9.45222
9.45484
9.46066
9.46378
9.46896
9.47388
9.48152
9.48872
9.49577
9.50114
9.50711
9.51387
9.52101
9.52574
9.51629
9.51892
9.52428
9.52997
9.53464
9.53899
9.53743
9.53821
9.53996
9.54267
9.54476
9.54602
9.54744
9.55059
9.55111
9.55053
9.55142
9.54911
9.54984
9.54595
9.5445
9.53963
9.53792
9.53445
9.53056
9.52857
9.52571
9.52362
9.52195
9.52131
9.51783
9.51818
9.51285
9.51461
9.51729
9.51935
9.52334
9.52598
9.51855
9.51957
9.52788
9.53259
9.53715
9.54291
9.54868
9.55314
9.55767
9.56145
9.56246
9.55897
9.55738
9.55593
9.55283
9.54751
9.54339
9.53368
9.52611
9.52126
9.51901
9.51741
9.51686
9.51176
9.50958
9.50877
9.51035
9.51238
9.51754
9.51998
9.5255
9.53105
9.53684
9.54336
9.54744
9.55481
9.55722
9.56495
9.57018
9.57852
9.58367
9.58972
9.59442
9.59432
9.59707
9.59981
9.60144
9.60058
9.59975
9.59782
9.5933
9.59083
9.586
9.58166
9.57601
9.57143
9.56426
9.55764
9.55264
9.54507
9.54116
9.53719
9.53471
9.53313
9.53073
9.53065
9.53135
9.53187
9.53461
9.53693
9.54116
9.54172
9.54602
9.54848
9.54917
9.55319
9.5588
9.56373
9.56822
9.57017
9.57016
9.57468
9.5744
9.57852
9.58256
9.58877
9.59402
9.59898
9.60251
9.60511
9.60561
9.61129
9.61381
9.6162
9.62092
9.62447
9.62808
9.6306
9.63311
9.63607
9.63775
9.63774
9.63694
9.63587
9.63331
9.62759
9.6228
9.61995
9.61609
9.61308
9.611
9.60769
9.60689
9.60569
9.60524
9.60311
9.60435
9.60443
9.60194
9.60191
9.60232
9.60217
9.60258
9.60264
9.60288
9.60345
9.60289
9.60397
9.60413
9.60459
9.60456
9.6063
9.60963
9.61068
9.61057
9.60831
9.60855
9.60936
9.61011
9.61015
9.61027
9.60819
9.60176
9.59598
9.59555
9.59549
9.59523
9.59752
9.59861
9.59943
9.60275
9.60663
9.60747
9.61043
9.61748
9.62039
9.62401
9.62755
9.63217
9.63548
9.63614
9.64185
9.64421
9.64662
9.64763
9.64306
9.64432
9.64144
9.64259
9.63633
9.63601
9.6331
9.62999
9.62699
9.62399
9.6212
9.61575
9.61222
9.60987
9.6066
9.60395
9.60151
9.59913
9.5976
9.59605
9.59599
9.59413
9.59281
9.5923
9.58901
9.58769
9.5845
9.58164
9.57758
9.5656
9.56686
9.55995
9.55746
9.5574
9.55353
9.5536
9.5552
9.55935
9.56126
9.55787
9.56262
9.56785
9.57252
9.57891
9.58168
9.59046
9.5888
9.60065
9.60773
9.61536
9.6219
9.62989
9.63713
9.64351
9.64635
9.64623
9.64988
9.65087
9.6471
9.64866
9.64975
9.64986
9.64805
9.64613
9.64051
9.63895
9.6362
9.63679
9.62665
9.62734
9.62727
9.62521
9.62389
9.62287
9.62206
9.62006
9.61756
9.61522
9.60879
9.60507
9.60116
9.5974
9.5929
9.58778
9.58432
9.57981
9.57543
9.571
9.56774
9.56374
9.56036
9.55793
9.55548
9.55554
9.55159
9.55347
9.55571
9.558
9.56253
9.56591
9.56899
9.56578
9.57137
9.57581
9.58087
9.58674
9.59211
9.59873
9.60427
9.61067
9.61595
9.61779
9.61794
9.62125
9.62407
9.6245
9.62437
9.62254
9.62307
9.61452
9.61647
9.61626
9.61386
9.61242
9.61132
9.61176
9.60589
9.60648
9.60511
9.60497
9.60289
9.6014
9.60134
9.59906
9.59565
9.59247
9.58541
9.57917
9.56533
9.55936
9.55143
9.54433
9.53243
9.53033
9.52336
9.51879
9.51098
9.50746
9.50381
9.50208
9.49466
9.49412
9.49372
9.49124
9.49391
9.49606
9.49769
9.50127
9.50229
9.50749
9.50525
9.51119
9.51566
9.52302
9.52522
9.53475
9.54137
9.54607
9.55218
9.55913
9.56516
9.57097
9.57692
9.58274
9.58727
9.59165
9.59091
9.59245
9.595
9.59694
9.59229
9.59411
9.59316
9.59461
9.59624
9.59085
9.5958
9.59357
9.59394
9.59272
9.58799
9.58386
9.57917
9.56999
9.56041
9.55751
9.54645
9.5279
9.52461
9.51917
9.51441
9.50991
9.5046
9.50093
9.4968
9.49436
9.49173
9.48856
9.48754
9.48475
9.48467
9.48655
9.48886
9.49351
9.49606
9.49738
9.50074
9.50392
9.50796
9.51105
9.5153
9.51761
9.522
9.52501
9.53003
9.53624
9.54252
9.54795
9.55588
9.5585
9.55757
9.56213
9.56497
9.56846
9.5637
9.56704
9.56489
9.56536
9.56505
9.56533
9.56412
9.56342
9.55419
9.55794
9.55828
9.55851
9.55808
9.55803
9.55917
9.56031
9.55297
9.5519
9.55335
9.55172
9.55065
9.5484
9.54396
9.54105
9.53729
9.53314
9.53084
9.52786
9.52454
9.52268
9.51954
9.51809
9.51731
9.51
9.50847
9.50676
9.5027
9.50046
9.49857
9.49875
9.49803
9.50101
9.50327
9.49708
9.50262
9.50679
9.51209
9.51408
9.51891
9.51941
9.5278
9.53278
9.53858
9.54445
9.55009
9.55439
9.55964
9.56563
9.56313
9.56806
9.57106
9.57466
9.57444
9.57591
9.57913
9.5814
9.58191
9.58331
9.58432
9.58324
9.58342
9.58031
9.58047
9.57931
9.57904
9.57754
9.57456
9.57233
9.56811
9.56478
9.56146
9.55878
9.55524
9.55152
9.5494
9.54663
9.54354
9.54016
9.53555
9.53409
9.53286
9.53091
9.5301
9.5272
9.52546
9.52493
9.52497
9.52687
9.52598
9.52855
9.53051
9.53488
9.54066
9.54535
9.55107
9.55563
9.55002
9.56065
9.56422
9.57017
9.57474
9.57948
9.58566
9.59146
9.59629
9.60045
9.60317
9.60767
9.606
9.61312
9.61804
9.62127
9.62369
9.62761
9.63019
9.63371
9.63617
9.63471
9.6375
9.64135
9.64216
9.64213
9.64201
9.63898
9.63681
9.63396
9.63236
9.63174
9.62808
9.62618
9.61068
9.60378
9.60119
9.59779
9.59323
9.58975
9.58398
9.57786
9.57374
9.57015
9.56762
9.56586
9.56403
9.56222
9.56042
9.55918
9.55911
9.55866
9.55862
9.54977
9.54996
9.55015
9.55073
9.5487
9.54764
9.54951
9.55042
9.55104
9.55309
9.55454
9.55515
9.55615
9.55898
9.56193
9.56395
9.56443
9.56603
9.56782
9.56872
9.57117
9.56936
9.57667
9.58012
9.58545
9.58743
9.59125
9.59671
9.60167
9.60676
9.60922
9.60921
9.61417
9.61714
9.62035
9.61826
9.62171
9.62507
9.62533
9.62538
9.62829
9.62447
9.62516
9.62402
9.62547
9.62453
9.62205
9.61821
9.61636
9.61208
9.60971
9.59991
9.59657
9.5931
9.58909
9.58572
9.58141
9.57711
9.57382
9.56985
9.56458
9.56107
9.55616
9.55417
9.55268
9.55101
9.55237
9.55185
9.54863
9.55148
9.55489
9.55786
9.5626
9.56698
9.56828
9.5717
9.57101
9.57549
9.57976
9.58327
9.58231
9.5851
9.58737
9.58116
9.58814
9.59038
9.59481
9.59626
9.59848
9.59801
9.59753
9.59997
9.59946
9.60119
9.60306
9.60474
9.60129
9.60247
9.60362
9.60533
9.60735
9.60754
9.60646
9.60359
9.60192
9.59906
9.59756
9.59559
9.5936
9.59038
9.58751
9.58627
9.58304
9.57599
9.57391
9.5714
9.56696
9.56395
9.56152
9.55651
9.55499
9.55313
9.55096
9.55084
9.54719
9.54369
9.53599
9.53727
9.5349
9.53021
9.52816
9.52776
9.52956
9.53297
9.53662
9.5384
9.53939
9.54041
9.54203
9.54234
9.54464
9.54665
9.54839
9.55015
9.55043
9.5443
9.549
9.5521
9.54912
9.55198
9.55331
9.55679
9.55901
9.56061
9.56379
9.56178
9.56404
9.56574
9.56691
9.57009
9.57238
9.57228
9.57286
9.57199
9.5704
9.56888
9.56728
9.56517
9.56109
9.55918
9.55268
9.55458
9.55236
9.54941
9.54681
9.54437
9.53943
9.53564
9.53072
9.52717
9.5232
9.51562
9.50602
9.49926
9.49599
9.49065
9.48976
9.48768
9.4861
9.48459
9.47986
9.47659
9.47564
9.47665
9.47639
9.47387
9.47606
9.47639
9.4753
9.47448
9.47403
9.46821
9.46764
9.46685
9.46625
9.46469
9.46285
9.46517
9.46696
9.46338
9.46626
9.46998
9.47182
9.47585
9.4759
9.48254
9.48797
9.49233
9.49689
9.50178
9.50686
9.50812
9.51038
9.51153
9.51259
9.51433
9.51428
9.51402
9.51324
9.512
9.51132
9.5101
9.50849
9.5078
9.50576
9.50454
9.50401
9.5046
9.50448
9.50459
9.50712
9.50949
9.50903
9.50864
9.50757
9.50834
9.50683
9.50565
9.50425
9.49505
9.49073
9.48609
9.48083
9.4784
9.47445
9.46794
9.4653
9.46309
9.46247
9.46096
9.46209
9.4632
9.46408
9.46569
9.46835
9.46808
9.47126
9.4754
9.47928
9.48385
9.488
9.49126
9.49663
9.50023
9.50583
9.51048
9.51542
9.51967
9.5217
9.52405
9.52557
9.52368
9.52543
9.52743
9.52952
9.53038
9.53183
9.53242
9.53181
9.53216
9.52748
9.52897
9.53079
9.53209
9.52702
9.53273
9.53145
9.53158
9.53582
9.53591
9.53699
9.53769
9.53697
9.53674
9.53589
9.52971
9.52366
9.52068
9.51923
9.51169
9.51079
9.50876
9.50843
9.50799
9.50811
9.5075
9.51268
9.51564
9.51894
9.52259
9.52725
9.52366
9.52835
9.53146
9.53424
9.53534
9.53632
9.53753
9.53725
9.5366
9.53321
9.53332
9.53096
9.52698
9.52142
9.51819
9.51527
9.51268
9.51236
9.5122
9.50927
9.5099
9.50906
9.50895
9.5096
9.51068
9.51051
9.51489
9.51867
9.51733
9.5225
9.5279
9.52798
9.53362
9.53835
9.54079
9.54416
9.54306
9.54441
9.54754
9.54967
9.55266
9.55843
9.56174
9.56655
9.57122
9.5767
9.57649
9.5799
9.58314
9.58729
9.59113
9.59375
9.58625
9.58765
9.58565
9.58362
9.58239
9.57959
9.57501
9.56895
9.56448
9.55804
9.55291
9.54665
9.53944
9.53427
9.52936
9.52565
9.52258
9.51852
9.51219
9.51028
9.50835
9.50262
9.49858
9.49769
9.49799
9.49387
9.49203
9.492
9.48891
9.49026
9.49231
9.49134
9.48821
9.49005
9.49432
9.49834
9.50221
9.507
9.512
9.51893
9.52333
9.52979
9.53756
9.54125
9.54783
9.55368
9.55986
9.55877
9.56774
9.57169
9.5759
9.5791
9.58275
9.58809
9.59027
9.59392
9.58571
9.58838
9.58914
9.58882
9.58598
9.5803
9.57578
9.57239
9.56708
9.56174
9.55445
9.54853
9.54198
9.53404
9.52892
9.52277
9.51825
9.50988
9.50842
9.50587
9.50459
9.50517
9.50518
9.50619
9.50298
9.50849
9.51145
9.50802
9.51134
9.51506
9.51938
9.52355
9.52807
9.53189
9.53725
9.54133
9.54494
9.54847
9.55201
9.55177
9.55892
9.56077
9.5634
9.5658
9.56794
9.56751
9.57041
9.57197
9.5755
9.57638
9.57751
9.57744
9.58034
9.57844
9.57593
9.57529
9.57558
9.57572
9.57626
9.57349
9.57359
9.57516
9.57051
9.57063
9.55858
9.56508
9.56364
9.56108
9.55981
9.5575
9.55532
9.553
9.55148
9.54692
9.54539
9.54397
9.53707
9.53468
9.53353
9.53245
9.53031
9.52969
9.52928
9.5278
9.52693
9.52464
9.52511
9.52536
9.5263
9.52989
9.53152
9.53474
9.53826
9.54209
9.5473
9.55214
9.5573
9.56136
9.56531
9.56957
9.57201
9.5737
9.57337
9.57406
9.56486
9.56799
9.5679
9.56876
9.56815
9.56225
9.56441
9.56287
9.56019
9.55728
9.55716
9.55646
9.55408
9.55187
9.55178
9.54588
9.54597
9.54353
9.54528
9.5426
9.54329
9.54413
9.54363
9.54357
9.54502
9.54585
9.54643
9.5475
9.54775
9.54726
9.54434
9.54492
9.54291
9.5397
9.53912
9.53619
9.53633
9.53232
9.52946
9.52694
9.52627
9.52884
9.53269
9.53738
9.54006
9.545
9.55029
9.55351
9.55591
9.55966
9.5587
9.55853
9.56059
9.56216
9.56032
9.5613
9.56222
9.55877
9.55765
9.55738
9.55741
9.55521
9.55577
9.5542
9.53985
9.54412
9.54277
9.53882
9.53481
9.52815
9.53065
9.52991
9.52747
9.52686
9.52879
9.5295
9.53008
9.53072
9.53155
9.53096
9.53256
9.53466
9.53587
9.53719
9.53625
9.53782
9.53723
9.53887
9.54108
9.5437
9.54573
9.54689
9.55098
9.55123
9.55705
9.56039
9.56996
9.57732
9.58208
9.58468
9.59311
9.60209
9.60878
9.61668
9.62382
9.6304
9.63603
9.64054
9.64421
9.64731
9.64913
9.64758
9.63881
9.6355
9.63225
9.62634
9.61856
9.61501
9.61234
9.60927
9.60515
9.60043
9.59717
9.59293
9.59016
9.58821
9.58644
9.58403
9.58329
9.583
9.58384
9.585
9.58819
9.59055
9.59135
9.59416
9.59754
9.60145
9.60809
9.60707
9.61198
9.61762
9.62441
9.62745
9.63424
9.64047
9.64789
9.65467
9.6618
9.67166
9.6783
9.68321
9.69314
9.70026
9.70763
9.71339
9.72159
9.7289
9.73848
9.74528
9.75101
9.75354
9.75324
9.75487
9.75547
9.75332
9.74796
9.74287
9.73744
9.73099
9.72546
9.71651
9.71111
9.70474
9.69837
9.6935
9.69049
9.68661
9.68339
9.67995
9.67903
9.67571
9.67478
9.67593
9.67465
9.67158
9.67142
9.67309
9.67514
9.67983
9.68067
9.68194
9.68703
9.68665
9.69231
9.69998
9.70709
9.71254
9.7194
9.72077
9.72684
9.73626
9.73805
9.7439
9.75211
9.76328
9.77712
9.79078
9.80321
9.81288
9.82467
9.83302
9.837
9.84423
9.85039
9.85447
9.85891
9.8564
9.8572
9.85439
9.85325
9.85116
9.84679
9.84387
9.84041
9.83806
9.83389
9.83123
9.82497
9.8205
9.81559
9.81409
9.81252
9.81067
9.81042
9.81184
9.81313
9.81564
9.81685
9.81635
9.82018
9.82478
9.82739
9.83013
9.83333
9.83745
9.84387
9.85276
9.86195
9.87171
9.87966
9.88889
9.8995
9.91137
9.92375
9.93728
9.95179
9.96811
9.98285
9.99248
10.0083
10.0239
10.0346
10.0467
10.0588
10.0694
10.0748
10.0741
10.0744
10.076
10.0783
10.0783
10.0786
10.0786
10.0791
10.0763
10.0717
10.0689
10.0655
10.0614
10.0566
10.0523
10.0461
10.0401
10.034
10.026
10.0196
10.0135
10.0076
9.99309
9.9859
9.98136
9.97538
9.97285
9.9729
9.97255
9.9702
9.97693
9.98382
9.99171
9.9962
9.99825
10.0126
10.0273
10.0428
10.0524
10.0676
10.0844
10.0887
10.1101
10.1181
10.1362
10.1489
10.1619
10.1744
10.1841
10.1933
10.2023
10.2108
10.2193
10.2248
10.2314
10.2357
10.2398
10.2394
10.2419
10.2342
10.2325
10.231
10.2281
10.2265
10.2234
10.2176
10.214
10.2102
10.2029
10.1995
10.1957
10.1937
10.1925
10.1855
10.1889
10.1889
10.1913
10.1971
10.2026
10.2089
10.2155
10.2255
10.2298
10.2378
10.25
10.2617
10.2796
10.2898
10.3096
10.3282
10.3494
10.3717
10.3977
10.4186
10.4434
10.4649
10.4876
10.5078
10.529
10.5504
10.5711
10.593
10.613
10.6324
10.6487
10.6692
10.6918
10.7141
10.735
10.7567
10.7724
10.792
10.8099
10.8268
10.8366
10.854
10.8725
10.8918
10.9118
10.9285
10.9349
10.9554
10.968
10.9774
10.9872
10.9958
11.0086
11.0171
11.0254
11.0341
11.048
11.0616
11.0783
11.0949
11.0999
11.1168
11.1314
11.151
11.1604
11.1843
11.2104
11.2369
11.2613
11.2787
11.2864
11.2962
11.3253
11.3542
11.3786
11.3986
11.4259
11.4479
11.467
11.4977
11.5285
11.5649
11.6036
11.6406
11.6759
11.709
11.7428
11.7664
11.788
11.8102
11.8293
11.8501
11.8713
11.8935
11.9235
11.9456
11.9721
12.0049
12.0267
12.0394
12.0652
12.0878
12.1067
12.1268
12.1509
12.1759
12.2133
12.2493
12.2873
12.3175
12.3515
12.3825
12.413
12.443
12.4704
12.5026
12.5353
12.5543
12.5832
12.6096
12.6397
12.6692
12.7048
12.7426
12.7823
12.8235
12.8645
12.8921
12.9286
12.9606
12.9948
13.0265
13.0602
13.094
13.1248
13.1576
13.1693
13.1777
13.1846
13.1791
13.1704
13.1609
13.1477
13.1353
13.1292
13.1174
13.1044
13.0972
13.072
13.0736
13.0655
13.0624
13.0585
13.0606
13.0666
13.0585
13.0557
13.0562
13.0568
13.0659
13.0833
13.1021
13.1204
13.1399
13.1668
13.1907
13.2166
13.2398
13.2759
13.3072
13.3448
13.386
13.4139
13.4492
13.4784
13.5023
13.531
13.5548
13.5789
13.6061
13.6329
13.6563
13.6804
13.7042
13.7237
13.747
13.7645
13.7738
13.78
13.7946
13.8098
13.8313
13.8704
13.9067
13.9452
13.9829
14.0179
14.0554
14.0899
14.1424
14.2024
14.265
14.3366
14.402
14.4245
14.4451
14.462
14.4646
14.4546
14.4461
14.4376
14.434
14.4266
14.4175
14.4204
14.4262
14.4335
14.4371
14.4524
14.4656
14.4846
14.5153
14.5445
14.5881
14.6413
14.7037
14.7522
14.8172
14.8662
14.8983
14.9378
14.9552
14.9727
14.9623
14.9557
14.948
14.9401
14.9394
14.9414
14.9561
14.9673
14.9918
15.0309
15.0697
15.1176
15.1636
15.2223
15.2839
15.3498
15.4
15.3564
15.3884
15.4068
15.4173
15.4243
15.4236
15.417
15.4166
15.4271
15.4318
15.4402
15.4596
15.4801
15.5045
15.5393
15.5851
15.6301
15.6767
15.6474
15.6353
15.6972
15.7434
15.7937
15.8238
15.8629
15.8925
15.922
15.9649
16.0132
16.0731
16.144
16.223
16.3278
16.4318
16.5503
16.6825
16.7968
16.9124
16.9144
16.9112
16.8858
16.8565
16.8139
16.7615
16.7217
16.6703
16.6315
16.5869
16.5502
16.5229
16.4936
16.4802
16.4672
16.4821
16.4876
16.5239
16.5403
16.5666
16.6054
16.6779
16.7332
16.8203
16.8762
-nan
