4.23829
17.3401
16.2234
15.1636
14.5041
14.3633
14.1095
13.3822
12.7366
12.1769
11.2826
11.2043
11.0176
10.788
10.5287
10.28
9.95607
9.72835
9.51211
9.31169
9.11246
8.92364
8.74629
8.57308
8.43061
8.31337
8.21592
8.13279
8.0331
7.9722
7.92729
7.90511
7.89828
7.89466
7.89962
7.91642
7.95217
7.99187
8.03841
8.09356
8.15223
8.22139
8.31642
8.41031
8.52064
8.64152
8.76181
8.83853
8.9765
9.09527
9.19945
9.30365
9.40385
9.52092
9.61392
9.71342
9.80965
9.89641
9.96268
10.058
10.1499
10.1884
10.2527
10.2932
10.3436
10.3815
10.4148
10.4369
10.4339
10.4551
10.4498
10.4144
10.3961
10.3391
10.3098
10.2607
10.2047
10.1441
10.0793
10.0046
9.92961
9.85635
9.78855
9.72061
9.65119
9.58769
9.52826
9.47341
9.41967
9.37665
9.3345
9.28979
9.25543
9.22428
9.20043
9.18257
9.16981
9.16613
9.17358
9.17628
9.18896
9.20512
9.22124
9.25429
9.27208
9.30834
9.33957
9.37769
9.42246
9.46518
9.50303
9.53871
9.57211
9.61882
9.66495
9.70159
9.74246
9.77208
9.81311
9.85421
9.89625
9.93406
9.96804
9.9917
10.0163
10.0333
10.0417
10.049
10.0525
10.0492
10.043
10.0351
10.0215
10.001
9.9728
9.94556
9.9193
9.89592
9.8619
9.83662
9.81329
9.78794
9.76524
9.745
9.72108
9.70052
9.67719
9.65567
9.63382
9.61257
9.59692
9.58114
9.56476
9.55014
9.51905
9.51571
9.50835
9.50461
9.50331
9.50379
9.50465
9.50333
9.50973
9.51654
9.52213
9.53376
9.54096
9.55428
9.56633
9.58254
9.60159
9.62071
9.63271
9.64816
9.66912
9.69376
9.71692
9.73535
9.75835
9.77746
9.79154
9.80615
9.81452
9.82012
9.82815
9.83191
9.82722
9.82582
9.81964
9.81889
9.81358
9.8064
9.79936
9.79358
9.777
9.76746
9.75122
9.74514
9.73775
9.73357
9.72839
9.72504
9.72101
9.71628
9.71252
9.70459
9.70244
9.6987
9.69478
9.69076
9.68558
9.68119
9.67247
9.66863
9.66766
9.66501
9.66455
9.66517
9.66317
9.661
9.65206
9.64976
9.65014
9.65214
9.65421
9.65518
9.64729
9.65205
9.65299
9.65377
9.65428
9.65325
9.65361
9.65577
9.6521
9.65706
9.66113
9.66103
9.66201
9.66497
9.66784
9.67129
9.67721
9.68146
9.68706
9.69415
9.70183
9.70948
9.71455
9.71794
9.72186
9.72254
9.72355
9.72809
9.73081
9.73223
9.73443
9.73846
9.73872
9.73662
9.73589
9.72582
9.73107
9.72989
9.73026
9.73126
9.72901
9.72773
9.7224
9.71563
9.70668
9.69654
9.68763
9.67469
9.65787
9.64522
9.6315
9.61746
9.6049
9.59254
9.58112
9.56985
9.562
9.55298
9.53767
9.52878
9.52254
9.51931
9.51084
9.51137
9.5099
9.51114
9.51576
9.51976
9.52331
9.53102
9.53912
9.53754
9.55142
9.56214
9.5727
9.58212
9.58896
9.59985
9.61253
9.62659
9.63981
9.65084
9.66192
9.67218
9.68014
9.68799
9.69417
9.69871
9.69899
9.70343
9.70617
9.70774
9.7077
9.70784
9.70699
9.705
9.70183
9.6983
9.69337
9.68668
9.67998
9.67379
9.66689
9.65934
9.6507
9.64246
9.63314
9.61079
9.60646
9.59917
9.58794
9.58179
9.57559
9.57009
9.56418
9.56012
9.55894
9.55699
9.55457
9.55262
9.54967
9.54981
9.55053
9.55742
9.56124
9.56321
9.56603
9.56929
9.5738
9.57819
9.58199
9.58743
9.58943
9.59389
9.60031
9.6044
9.60462
9.60794
9.61027
9.61433
9.61712
9.62145
9.6248
9.62432
9.62631
9.62948
9.63033
9.63169
9.63397
9.63585
9.63617
9.63718
9.63623
9.6371
9.63773
9.63678
9.63572
9.63382
9.62049
9.61638
9.61133
9.60751
9.60284
9.597
9.59137
9.58268
9.57057
9.56675
9.56368
9.55952
9.5531
9.54439
9.5437
9.54322
9.54505
9.5442
9.5461
9.55063
9.55206
9.55456
9.55704
9.56001
9.5641
9.56693
9.56983
9.5737
9.57193
9.57326
9.5729
9.56783
9.56791
9.56773
9.56704
9.56574
9.56593
9.56759
9.56947
9.5713
9.56746
9.56748
9.56814
9.56888
9.5709
9.57208
9.57521
9.57534
9.57867
9.58183
9.58189
9.58096
9.57706
9.57882
9.58226
9.5836
9.5849
9.58621
9.58392
9.58186
9.58094
9.57836
9.57726
9.57637
9.57038
9.56859
9.56835
9.56829
9.56892
9.56869
9.56784
9.56546
9.56488
9.56423
9.56051
9.56086
9.55876
9.56015
9.56123
9.56238
9.56299
9.56421
9.56655
9.56817
9.57018
9.5711
9.57049
9.5711
9.57469
9.57597
9.58019
9.58308
9.58382
9.58321
9.58477
9.58755
9.59025
9.58868
9.58805
9.58752
9.58303
9.5845
9.5834
9.58385
9.58526
9.58809
9.59094
9.59355
9.59686
9.60011
9.60044
9.59858
9.60112
9.60325
9.60631
9.6106
9.61447
9.61351
9.61401
9.6142
9.6144
9.61389
9.61516
9.61743
9.62009
9.62126
9.62378
9.62592
9.62772
9.6269
9.62947
9.63219
9.63453
9.63553
9.63691
9.63977
9.64345
9.64658
9.64916
9.64536
9.65143
9.65159
9.6522
9.65224
9.65247
9.65362
9.64907
9.64708
9.64543
9.642
9.638
9.63296
9.62797
9.62372
9.61592
9.60818
9.60185
9.59064
9.58338
9.57564
9.56708
9.56172
9.55716
9.55106
9.54527
9.5399
9.53714
9.53538
9.53506
9.53423
9.5357
9.53641
9.53722
9.53505
9.53862
9.54181
9.54085
9.54289
9.54678
9.55137
9.55711
9.56048
9.56102
9.56923
9.57536
9.58207
9.59023
9.59975
9.60755
9.61746
9.62669
9.6351
9.64082
9.64906
9.65686
9.66158
9.67
9.67642
9.6813
9.68633
9.69055
9.69094
9.69254
9.69199
9.69133
9.69163
9.68795
9.68386
9.67939
9.67272
9.66823
9.66005
9.65253
9.64688
9.62814
9.62717
9.62101
9.61544
9.60983
9.60105
9.59365
9.58675
9.58078
9.5755
9.57388
9.57133
9.56924
9.56835
9.56445
9.56431
9.56034
9.56432
9.56805
9.57044
9.5742
9.57789
9.58455
9.59295
9.59999
9.60844
9.61816
9.62712
9.6389
9.65196
9.66553
9.67981
9.69236
9.70701
9.72103
9.73311
9.74283
9.75367
9.76391
9.77461
9.78154
9.78713
9.79165
9.79424
9.79203
9.78686
9.78139
9.77773
9.77233
9.76578
9.76048
9.75496
9.74905
9.74253
9.73745
9.73112
9.72412
9.71682
9.71113
9.7052
9.69107
9.68728
9.68067
9.67732
9.67617
9.67426
9.67504
9.67492
9.67585
9.67663
9.67632
9.67388
9.67353
9.67343
9.67229
9.67251
9.67107
9.6704
9.66853
9.66852
9.66778
9.66759
9.66457
9.66762
9.67039
9.67446
9.67832
9.68357
9.68992
9.69524
9.69969
9.70441
9.71191
9.72187
9.72913
9.72777
9.73142
9.74044
9.74977
9.75793
9.76579
9.77128
9.78034
9.78893
9.79264
9.79775
9.79621
9.79615
9.79702
9.79753
9.79527
9.7888
9.78482
9.78329
9.77944
9.77248
9.76568
9.75834
9.74833
9.73812
9.72753
9.71531
9.70299
9.68324
9.67304
9.65085
9.64663
9.63886
9.62962
9.62151
9.61719
9.60998
9.60397
9.60254
9.60168
9.59961
9.59757
9.59798
9.59779
9.59936
9.60021
9.60284
9.60643
9.61167
9.61393
9.61918
9.62382
9.63014
9.63431
9.64224
9.65057
9.65759
9.66442
9.67068
9.67009
9.6839
9.68705
9.69635
9.70559
9.71364
9.72188
9.73183
9.73925
9.74781
9.75387
9.75741
9.75699
9.75801
9.75715
9.7462
9.74435
9.73862
9.73239
9.72975
9.72305
9.71654
9.7114
9.70188
9.69505
9.68874
9.67996
9.6726
9.66571
9.65696
9.64964
9.63596
9.62811
9.61954
9.61101
9.60072
9.59275
9.58443
9.57795
9.57003
9.5643
9.56001
9.55618
9.55352
9.55473
9.55437
9.55379
9.55618
9.55895
9.563
9.5682
9.57431
9.57952
9.5856
9.59189
9.59846
9.60566
9.61331
9.62021
9.62787
9.62461
9.63478
9.64327
9.64901
9.65644
9.66203
9.66701
9.67337
9.6799
9.68091
9.68706
9.6913
9.69587
9.69638
9.7008
9.70396
9.70287
9.70066
9.69632
9.69132
9.68517
9.67566
9.66932
9.66102
9.6531
9.64339
9.63421
9.62543
9.61457
9.60582
9.59463
9.58341
9.5744
9.55871
9.54739
9.53843
9.53057
9.52469
9.51857
9.5106
9.50904
9.50526
9.50526
9.50676
9.50525
9.50793
9.513
9.51859
9.51396
9.52833
9.53633
9.54731
9.55734
9.56872
9.58137
9.59477
9.60905
9.62509
9.63914
9.64268
9.66203
9.67377
9.68445
9.69539
9.70172
9.70787
9.7089
9.71037
9.71366
9.71679
9.71724
9.72031
9.72167
9.72064
9.72062
9.72034
9.71806
9.71418
9.7107
9.70729
9.70208
9.6949
9.68424
9.67693
9.66761
9.65888
9.64909
9.64125
9.63372
9.62487
9.61319
9.60137
9.5939
9.58689
9.58153
9.57643
9.5684
9.56745
9.56598
9.56646
9.56699
9.56706
9.56903
9.57302
9.57643
9.58418
9.5926
9.59852
9.60121
9.6105
9.62014
9.63284
9.64902
9.66019
9.67672
9.69143
9.70596
9.71861
9.72599
9.73507
9.74297
9.74909
9.75535
9.76088
9.76322
9.76455
9.76509
9.76425
9.7617
9.75739
9.75289
9.74702
9.7416
9.73598
9.72997
9.72321
9.71647
9.70514
9.69785
9.68703
9.68004
9.67081
9.66298
9.64753
9.6377
9.62983
9.62404
9.61794
9.61118
9.60015
9.59589
9.59025
9.58557
9.5794
9.57407
9.57024
9.56313
9.55922
9.55582
9.55236
9.54857
9.54647
9.54283
9.54162
9.54135
9.54133
9.54314
9.54352
9.54689
9.55192
9.55837
9.56316
9.57093
9.57872
9.58371
9.59202
9.60115
9.61161
9.62209
9.62727
9.6393
9.64651
9.65734
9.66729
9.67477
9.67744
9.67954
9.67797
9.68362
9.68312
9.68061
9.67699
9.67428
9.66988
9.66345
9.65859
9.65143
9.64415
9.63739
9.63115
9.62407
9.61784
9.61178
9.60199
9.5956
9.5916
9.58606
9.58027
9.57546
9.56479
9.56428
9.55921
9.55252
9.54601
9.54035
9.53234
9.52802
9.52042
9.51507
9.50978
9.50162
9.50646
9.50592
9.50955
9.51207
9.51516
9.52006
9.52659
9.53276
9.53709
9.53184
9.54716
9.55662
9.56627
9.57698
9.58604
9.59841
9.60721
9.61678
9.62069
9.62454
9.63365
9.64162
9.64496
9.64811
9.65087
9.65153
9.65075
9.65251
9.64886
9.65266
9.65305
9.6525
9.64848
9.64515
9.63641
9.6313
9.62677
9.62313
9.61969
9.61668
9.60818
9.60198
9.58898
9.58736
9.58227
9.57588
9.57078
9.56343
9.55653
9.55023
9.54407
9.53625
9.52954
9.52078
9.51714
9.5125
9.50887
9.5066
9.5036
9.50257
9.5043
9.50563
9.50813
9.51049
9.51406
9.5182
9.52331
9.5315
9.53394
9.54122
9.55152
9.56207
9.57489
9.58428
9.59414
9.6056
9.61523
9.62349
9.63475
9.64553
9.65353
9.65362
9.66627
9.67175
9.67799
9.67904
9.68099
9.67769
9.67787
9.67386
9.66669
9.66051
9.65401
9.6478
9.63711
9.62924
9.62482
9.61717
9.60261
9.594
9.58464
9.57757
9.56919
9.56114
9.55532
9.54848
9.54097
9.53564
9.53136
9.5243
9.52147
9.51797
9.51488
9.51383
9.51519
9.51536
9.51848
9.51639
9.52332
9.52646
9.53026
9.53323
9.53666
9.53077
9.54157
9.54986
9.55472
9.56131
9.56674
9.57118
9.5745
9.57501
9.58618
9.59362
9.59924
9.60143
9.60836
9.61396
9.61421
9.6174
9.61826
9.61917
9.61852
9.61724
9.61514
9.61504
9.61287
9.60858
9.60369
9.60072
9.59302
9.58574
9.5823
9.57596
9.57055
9.56427
9.55753
9.55566
9.54939
9.54923
9.54731
9.54466
9.54184
9.53853
9.53568
9.53515
9.53346
9.53356
9.52692
9.52587
9.5247
9.52272
9.52366
9.5234
9.52494
9.5242
9.52613
9.5258
9.52678
9.52973
9.53245
9.53619
9.5424
9.54964
9.55615
9.56529
9.57394
9.58311
9.59422
9.60677
9.61626
9.62553
9.627
9.63775
9.64804
9.65736
9.66507
9.66416
9.67302
9.67697
9.67897
9.67873
9.67847
9.68175
9.68408
9.68428
9.68292
9.67928
9.67554
9.67246
9.66783
9.66247
9.65741
9.65206
9.64848
9.64352
9.63633
9.63071
9.62568
9.62027
9.61505
9.61096
9.60382
9.60124
9.59888
9.59133
9.59261
9.59261
9.59093
9.59161
9.59368
9.59666
9.60048
9.60504
9.6094
9.61563
9.62128
9.62701
9.62139
9.62343
9.62773
9.62978
9.63413
9.63983
9.63663
9.64282
9.64575
9.65041
9.65502
9.66131
9.66513
9.66567
9.67145
9.67725
9.68234
9.68742
9.6884
9.69454
9.69894
9.70355
9.70577
9.70813
9.70589
9.70429
9.70321
9.70176
9.6989
9.69465
9.69099
9.68879
9.68467
9.67915
9.67434
9.6672
9.66369
9.65562
9.65116
9.64747
9.63922
9.63949
9.63475
9.63302
9.63095
9.62938
9.6301
9.62888
9.63017
9.6327
9.63272
9.63515
9.63758
9.63656
9.63717
9.63777
9.63969
9.64071
9.63705
9.63944
9.63866
9.63918
9.64124
9.63649
9.64091
9.64605
9.64945
9.65274
9.65681
9.6618
9.66639
9.66932
9.67401
9.67105
9.67775
9.67519
9.68275
9.68514
9.68547
9.68426
9.68825
9.68834
9.68809
9.68488
9.68289
9.68183
9.68162
9.67974
9.67768
9.675
9.67308
9.67245
9.66365
9.66226
9.65555
9.65329
9.65563
9.65653
9.65497
9.64905
9.64824
9.64913
9.64914
9.64705
9.64882
9.64817
9.64866
9.64779
9.6485
9.64954
9.64991
9.65305
9.65453
9.65139
9.65221
9.65286
9.65139
9.65137
9.65141
9.65155
9.64981
9.65063
9.65323
9.65514
9.65752
9.6622
9.66634
9.66979
9.67456
9.67638
9.67129
9.68438
9.68887
9.69355
9.69834
9.70283
9.70677
9.71089
9.71372
9.71433
9.71434
9.71319
9.71105
9.70991
9.70603
9.70304
9.69977
9.69743
9.69541
9.69504
9.69106
9.68874
9.68613
9.6851
9.68039
9.67854
9.67432
9.66986
9.66583
9.65966
9.65054
9.64386
9.63708
9.63096
9.62449
9.6197
9.61636
9.60712
9.60238
9.59679
9.59402
9.59223
9.58571
9.5839
9.58278
9.58308
9.58399
9.58551
9.5828
9.58551
9.58793
9.59208
9.59045
9.5901
9.59129
9.59533
9.59642
9.59788
9.59613
9.59908
9.60012
9.60286
9.59949
9.60149
9.60367
9.60556
9.60819
9.61041
9.60691
9.60911
9.60896
9.60442
9.60442
9.60355
9.60084
9.59687
9.59396
9.59074
9.589
9.58722
9.58468
9.58213
9.57765
9.57434
9.57044
9.56713
9.56279
9.55734
9.5533
9.54756
9.54318
9.54167
9.54034
9.53437
9.53448
9.53428
9.53332
9.53416
9.53288
9.53244
9.53417
9.53495
9.53464
9.52762
9.52693
9.52496
9.52536
9.52512
9.52553
9.52579
9.52603
9.52697
9.52793
9.52966
9.53088
9.53114
9.5305
9.52697
9.52663
9.52489
9.5216
9.51902
9.51479
9.51126
9.50886
9.50655
9.50375
9.49944
9.49796
9.4961
9.49137
9.48633
9.48084
9.47903
9.47575
9.47507
9.47464
9.47674
9.48026
9.48119
9.48092
9.48333
9.48675
9.48448
9.49311
9.49782
9.50386
9.50686
9.50995
9.51515
9.52059
9.52438
9.52625
9.52898
9.53334
9.53777
9.53682
9.54018
9.54351
9.54648
9.54901
9.55317
9.55622
9.56047
9.56487
9.57017
9.57931
9.5852
9.59371
9.59558
9.60137
9.60557
9.6123
9.61438
9.61453
9.61559
9.61554
9.61115
9.60992
9.60652
9.60217
9.59478
9.58073
9.57723
9.5702
9.56399
9.55486
9.54719
9.53881
9.5304
9.52368
9.51611
9.51153
9.50777
9.50266
9.49958
9.49818
9.49689
9.49715
9.49871
9.4973
9.49911
9.49863
9.50296
9.50669
9.51148
9.51816
9.52388
9.52939
9.53996
9.54754
9.55272
9.56069
9.57069
9.58109
9.59105
9.60004
9.61007
9.61914
9.62882
9.63464
9.64177
9.64796
9.65228
9.65793
9.66028
9.66327
9.6646
9.66456
9.6636
9.66223
9.65258
9.65076
9.64661
9.64148
9.6357
9.6292
9.62276
9.61466
9.60569
9.59586
9.58427
9.57293
9.55866
9.5438
9.53305
9.52099
9.50866
9.49882
9.48067
9.47238
9.46391
9.45794
9.45374
9.44976
9.4466
9.44529
9.44288
9.44033
9.44012
9.4441
9.44893
9.4547
9.46189
9.46577
9.47573
9.48485
9.49816
9.51095
9.51716
9.52782
9.53706
9.5501
9.56436
9.57717
9.59058
9.60371
9.61479
9.62628
9.63516
9.64391
9.65041
9.65461
9.66152
9.66581
9.66757
9.66823
9.66686
9.66465
9.65967
9.65466
9.64696
9.63993
9.6317
9.62225
9.6122
9.60172
9.59077
9.57951
9.5693
9.55873
9.54709
9.5346
9.52105
9.50987
9.49913
9.48544
9.47562
9.46726
9.45878
9.45139
9.44535
9.44004
9.43719
9.43577
9.43581
9.4374
9.43945
9.43807
9.44707
9.45499
9.4605
9.46737
9.47418
9.48325
9.49734
9.51162
9.5267
9.54025
9.55435
9.56501
9.58558
9.60174
9.6174
9.63467
9.64946
9.66279
9.67483
9.68508
9.68898
9.69458
9.70009
9.70254
9.70442
9.70547
9.70534
9.70361
9.70028
9.69128
9.68723
9.67922
9.66815
9.65808
9.64708
9.63115
9.62477
9.61387
9.60371
9.59324
9.58339
9.56736
9.56163
9.5542
9.54755
9.53704
9.53157
9.52265
9.51793
9.51632
9.51678
9.51729
9.51623
9.51967
9.51944
9.52268
9.52444
9.52477
9.53231
9.53801
9.53623
9.54795
9.55512
9.56292
9.5722
9.58146
9.59042
9.59661
9.60547
9.60903
9.61886
9.62828
9.6368
9.6403
9.64582
9.64573
9.64906
9.65166
9.65424
9.65526
9.65743
9.65828
9.65885
9.65765
9.65599
9.65539
9.65661
9.65326
9.65
9.6479
9.64034
9.635
9.62642
9.62559
9.62305
9.61903
9.61534
9.61013
9.60593
9.60259
9.59985
9.59823
9.59663
9.59304
9.58679
9.58587
9.57913
9.57816
9.57727
9.5738
9.57313
9.57153
9.57481
9.57754
9.58039
9.58412
9.58578
9.58729
9.58744
9.58817
9.57284
9.57984
9.58155
9.5807
9.58288
9.58259
9.58198
9.58158
9.57633
9.57917
9.57919
9.57688
9.57703
9.57756
9.57816
9.5789
9.57556
9.58162
9.58294
9.58396
9.58618
9.58963
9.59255
9.59657
9.6024
9.60581
9.61068
9.61506
9.61926
9.62019
9.62465
9.62766
9.62738
9.6317
9.63176
9.63255
9.63246
9.63121
9.62956
9.62854
9.62567
9.62205
9.61386
9.60778
9.60127
9.59466
9.58919
9.58321
9.58139
9.57843
9.57722
9.57651
9.57443
9.57293
9.57003
9.57026
9.56428
9.55987
9.55789
9.55572
9.55229
9.547
9.5447
9.54068
9.53306
9.53285
9.52814
9.52526
9.51793
9.51652
9.51502
9.51206
9.50546
9.50682
9.50575
9.50194
9.5025
9.50417
9.50523
9.50918
9.51112
9.51369
9.51736
9.52227
9.52948
9.53515
9.53819
9.54315
9.54706
9.55019
9.55331
9.55719
9.55829
9.56415
9.56929
9.5729
9.57671
9.57967
9.58432
9.58831
9.58758
9.58916
9.58808
9.58843
9.58537
9.58316
9.5743
9.56963
9.56505
9.56145
9.55252
9.54314
9.53255
9.52407
9.51607
9.50584
9.49006
9.48114
9.47376
9.46288
9.45456
9.44642
9.43934
9.43485
9.42616
9.42227
9.41991
9.41359
9.4049
9.40238
9.40445
9.4023
9.40598
9.40897
9.41333
9.41762
9.42416
9.43274
9.43897
9.44547
9.45237
9.45986
9.46868
9.47644
9.48587
9.49281
9.50078
9.50792
9.50579
9.5109
9.51571
9.51852
9.52339
9.52853
9.53174
9.53414
9.53927
9.54167
9.54495
9.54192
9.54214
9.53943
9.53906
9.53608
9.53433
9.53206
9.5212
9.51842
9.51641
9.51486
9.51082
9.50676
9.49866
9.49651
9.49216
9.48779
9.48494
9.48194
9.47887
9.47734
9.47692
9.47616
9.47554
9.4764
9.47855
9.48184
9.48484
9.48876
9.48786
9.49364
9.50064
9.50196
9.5086
9.51687
9.52422
9.5312
9.53712
9.54432
9.55194
9.55664
9.55721
9.56298
9.5667
9.57192
9.57272
9.5747
9.57966
9.58261
9.57445
9.58342
9.5888
9.59267
9.59484
9.59612
9.59775
9.59871
9.59473
9.5929
9.58597
9.58334
9.57981
9.57409
9.56998
9.56279
9.55809
9.55478
9.55114
9.54487
9.53812
9.53693
9.53554
9.52866
9.52617
9.52182
9.52342
9.52239
9.52166
9.51992
9.51561
9.51376
9.51277
9.50976
9.50849
9.50319
9.4983
9.49843
9.49656
9.4945
9.49351
9.49035
9.48929
9.49123
9.4945
9.49812
9.50393
9.50847
9.51405
9.52161
9.52121
9.5267
9.53468
9.54214
9.55154
9.5527
9.56641
9.57267
9.57635
9.58358
9.59225
9.60148
9.60633
9.61274
9.61282
9.61373
9.61651
9.61131
9.61561
9.6136
9.60947
9.6074
9.60449
9.59915
9.59538
9.59266
9.5878
9.5823
9.57565
9.5679
9.55848
9.55067
9.54498
9.53521
9.52574
9.52064
9.51104
9.50798
9.49884
9.48513
9.48453
9.48302
9.48327
9.48319
9.48471
9.48662
9.48419
9.48591
9.48929
9.49384
9.49819
9.50369
9.50822
9.51096
9.51716
9.52028
9.52447
9.52906
9.53358
9.53801
9.54025
9.54586
9.5474
9.55285
9.55729
9.55797
9.56253
9.5667
9.57019
9.57433
9.58148
9.58493
9.59191
9.599
9.60554
9.60882
9.61239
9.61534
9.61736
9.61846
9.62047
9.61659
9.61133
9.60806
9.60348
9.59727
9.59157
9.58542
9.57757
9.57011
9.56109
9.55256
9.53044
9.52844
9.52366
9.51801
9.51551
9.50964
9.50483
9.50203
9.49878
9.48922
9.49363
9.4925
9.49153
9.49355
9.49354
9.49393
9.49839
9.50223
9.50701
9.51275
9.51767
9.52287
9.52406
9.53113
9.53552
9.53881
9.54651
9.54505
9.55605
9.56149
9.56818
9.56877
9.5796
9.58791
9.5968
9.60533
9.61043
9.61528
9.62075
9.62544
9.62734
9.6321
9.63372
9.63537
9.63549
9.63644
9.63613
9.63275
9.62811
9.62527
9.62154
9.6188
9.61576
9.61169
9.60748
9.60417
9.59861
9.59328
9.58829
9.58593
9.57923
9.5743
9.57138
9.56858
9.56827
9.56345
9.56108
9.55795
9.55682
9.55612
9.55626
9.55588
9.54933
9.54614
9.54148
9.5401
9.54179
9.54262
9.54769
9.55206
9.54418
9.55397
9.55431
9.56313
9.57128
9.57411
9.57571
9.5783
9.58438
9.59133
9.584
9.59359
9.59499
9.59746
9.60062
9.59956
9.60143
9.60375
9.60708
9.60948
9.61244
9.61405
9.61242
9.61801
9.62087
9.62398
9.62584
9.62795
9.62982
9.63017
9.63224
9.63092
9.63196
9.63302
9.63261
9.63345
9.63132
9.63127
9.6312
9.63056
9.62541
9.62423
9.62298
9.61618
9.61547
9.61512
9.61149
9.6128
9.61
9.61056
9.61144
9.61003
9.61016
9.61013
9.60878
9.60537
9.60482
9.59223
9.58832
9.58297
9.57731
9.57249
9.56884
9.55825
9.55477
9.55007
9.54235
9.53664
9.53344
9.53012
9.52794
9.52733
9.52818
9.51965
9.52705
9.52984
9.53354
9.53682
9.54334
9.55007
9.55612
9.56137
9.56764
9.56778
9.57527
9.58281
9.58916
9.59491
9.60013
9.60632
9.61242
9.61749
9.62234
9.62895
9.62812
9.63966
9.64873
9.6566
9.6609
9.66749
9.67368
9.67658
9.68182
9.68325
9.68332
9.68408
9.67216
9.65684
9.64875
9.64175
9.63307
9.62644
9.6195
9.60975
9.60207
9.59108
9.5819
9.57484
9.56581
9.55325
9.54428
9.53691
9.53182
9.52452
9.51776
9.51383
9.51011
9.50696
9.50433
9.50298
9.50319
9.50122
9.49865
9.49927
9.50217
9.50446
9.50848
9.51277
9.51932
9.52403
9.52963
9.53516
9.541
9.54471
9.54958
9.55528
9.55947
9.56473
9.56961
9.57593
9.58319
9.58879
9.59516
9.60173
9.60781
9.61322
9.61843
9.6243
9.62806
9.6294
9.62974
9.63114
9.63134
9.63047
9.62722
9.62247
9.61729
9.60953
9.60468
9.5973
9.5907
9.58358
9.57892
9.57524
9.56978
9.56834
9.56541
9.56281
9.55963
9.55732
9.55558
9.55498
9.55459
9.55087
9.5486
9.54775
9.54556
9.54429
9.54248
9.53848
9.53845
9.53678
9.53522
9.5363
9.53792
9.53727
9.53813
9.53913
9.54111
9.54372
9.54263
9.54574
9.54669
9.54497
9.54824
9.55317
9.54797
9.54646
9.54621
9.53954
9.53978
9.53857
9.53875
9.53639
9.53526
9.53196
9.52682
9.52463
9.52395
9.52384
9.52528
9.52001
9.52455
9.52565
9.52708
9.53152
9.53625
9.54112
9.54553
9.54999
9.55434
9.55745
9.56061
9.56301
9.56745
9.5661
9.56616
9.56807
9.56852
9.57361
9.5754
9.57941
9.58338
9.58298
9.58314
9.57629
9.57459
9.57121
9.56927
9.56686
9.56651
9.56533
9.56168
9.55693
9.55451
9.55253
9.54728
9.54513
9.54028
9.53273
9.52688
9.52005
9.51464
9.50761
9.49768
9.48755
9.48059
9.47347
9.46971
9.46624
9.46023
9.45829
9.45016
9.45234
9.45387
9.45052
9.45571
9.46237
9.46946
9.47367
9.48222
9.49445
9.50553
9.51582
9.52903
9.53662
9.54612
9.55156
9.56225
9.56841
9.57767
9.58412
9.59239
9.59873
9.60125
9.60921
9.60579
9.61014
9.61739
9.62044
9.62244
9.62442
9.62717
9.62824
9.62938
9.62906
9.63346
9.6316
9.63147
9.63394
9.6269
9.62886
9.62806
9.62773
9.62768
9.62885
9.6267
9.62423
9.61806
9.6129
9.60539
9.59656
9.59092
9.58073
9.577
9.56652
9.56271
9.55795
9.55433
9.55142
9.55041
9.5459
9.54459
9.5438
9.54348
9.54455
9.54436
9.5444
9.54779
9.55116
9.55154
9.55837
9.55964
9.55445
9.56087
9.56776
9.56713
9.57531
9.58081
9.58092
9.5903
9.58919
9.59558
9.60115
9.60412
9.60672
9.61243
9.61618
9.61809
9.61431
9.60997
9.60959
9.60685
9.60476
9.60016
9.59635
9.59646
9.59617
9.59531
9.59601
9.59826
9.59756
9.59657
9.59471
9.59561
9.59872
9.59953
9.59929
9.60051
9.60139
9.60337
9.60383
9.60444
9.60543
9.60362
9.60531
9.60753
9.60766
9.60695
9.60672
9.60756
9.60938
9.60784
9.60535
9.60528
9.60449
9.59728
9.59477
9.5895
9.58821
9.58945
9.59038
9.59213
9.5945
9.59576
9.59583
9.59741
9.59742
9.5944
9.591
9.59056
9.58887
9.58789
9.58427
9.58155
9.57813
9.57413
9.56917
9.56427
9.56161
9.56029
9.55623
9.55298
9.55
9.55093
9.55278
9.55512
9.55962
9.55442
9.56214
9.5676
9.57486
9.5827
9.59013
9.59777
9.60464
9.60982
9.61799
9.62374
9.62764
9.63442
9.63666
9.64102
9.64294
9.63661
9.64105
9.64115
9.64008
9.63884
9.62971
9.63202
9.62837
9.62533
9.62212
9.6121
9.6144
9.61209
9.61064
9.60874
9.60685
9.60499
9.60231
9.60175
9.59816
9.59566
9.59457
9.59148
9.59158
9.59212
9.59179
9.58761
9.58907
9.58833
9.58639
9.58528
9.58337
9.58188
9.57857
9.57578
9.57541
9.57445
9.57272
9.57533
9.57386
9.57534
9.57724
9.58149
9.58472
9.58834
9.58863
9.58807
9.58781
9.58935
9.59221
9.59575
9.59956
9.60204
9.60477
9.60389
9.60099
9.60129
9.60403
9.60324
9.60446
9.60328
9.5961
9.59205
9.59139
9.59093
9.59047
9.59024
9.57929
9.58056
9.58255
9.58479
9.58808
9.59275
9.59872
9.59937
9.60376
9.60809
9.60743
9.6123
9.6159
9.61891
9.61976
9.61938
9.62396
9.62161
9.61893
9.61491
9.61376
9.61174
9.60483
9.60011
9.59607
9.59359
9.58868
9.5847
9.582
9.57984
9.57769
9.57436
9.56434
9.56734
9.56345
9.56144
9.56084
9.55946
9.55799
9.5586
9.55848
9.55508
9.55589
9.55599
9.55719
9.55642
9.55702
9.55657
9.55561
9.55708
9.55649
9.56007
9.56196
9.56424
9.56888
9.57173
9.576
9.58078
9.5864
9.59162
9.59208
9.60368
9.6121
9.61086
9.61775
9.62414
9.62973
9.63749
9.63763
9.64461
9.64521
9.64681
9.64539
9.63921
9.63729
9.63541
9.63375
9.62758
9.62518
9.61857
9.61264
9.605
9.604
9.59649
9.59502
9.59258
9.58602
9.58334
9.58207
9.58072
9.57528
9.57362
9.57064
9.57058
9.56819
9.5667
9.56473
9.56282
9.55947
9.5534
9.54861
9.54374
9.54239
9.53976
9.53799
9.53762
9.5375
9.53734
9.53582
9.53756
9.53797
9.53797
9.53998
9.54336
9.54028
9.54756
9.55823
9.56636
9.57341
9.5832
9.59081
9.59935
9.60697
9.61465
9.62002
9.62561
9.62977
9.63237
9.63369
9.63567
9.63709
9.63671
9.63653
9.63748
9.6357
9.635
9.62866
9.62681
9.62275
9.61818
9.61417
9.60927
9.60288
9.59535
9.58761
9.5806
9.57245
9.56615
9.55205
9.54757
9.53774
9.53175
9.52652
9.52232
9.51705
9.51214
9.50532
9.49978
9.49911
9.49667
9.49168
9.48709
9.48422
9.48183
9.47908
9.47062
9.47136
9.47505
9.4767
9.47837
9.48676
9.49103
9.49689
9.50148
9.50864
9.51462
9.519
9.52174
9.52732
9.53063
9.53598
9.54204
9.54954
9.55797
9.56542
9.57428
9.58255
9.59104
9.60188
9.61094
9.61845
9.62781
9.63602
9.64442
9.64968
9.65489
9.65762
9.65808
9.65707
9.65544
9.653
9.64991
9.64418
9.63396
9.62598
9.61596
9.60439
9.59115
9.5786
9.56632
9.55096
9.53443
9.51982
9.51048
9.50219
9.49499
9.49022
9.48251
9.47643
9.46903
9.46562
9.46108
9.46032
9.46192
9.46442
9.46805
9.47217
9.47553
9.48223
9.49008
9.49693
9.50556
9.51159
9.52029
9.52936
9.53907
9.54814
9.55404
9.56239
9.57162
9.58182
9.59115
9.59911
9.60636
9.61457
9.62058
9.62813
9.63284
9.63876
9.6436
9.64678
9.64718
9.64745
9.64916
9.65303
9.64766
9.64646
9.64077
9.63555
9.63032
9.62392
9.6164
9.60934
9.59976
9.5869
9.57543
9.56432
9.55191
9.53148
9.51747
9.51
9.50147
9.4929
9.48531
9.47794
9.47239
9.47213
9.47047
9.46866
9.46852
9.46961
9.4738
9.47783
9.47745
9.48477
9.48874
9.49533
9.49562
9.5036
9.51073
9.50293
9.51174
9.51504
9.51875
9.51992
9.52313
9.52629
9.53023
9.527
9.53051
9.53495
9.53274
9.53576
9.53245
9.53939
9.54514
9.5472
9.54748
9.55096
9.55457
9.55733
9.56087
9.55752
9.55865
9.55812
9.55802
9.55467
9.55504
9.55154
9.55064
9.54716
9.54493
9.54016
9.53559
9.53005
9.52519
9.5195
9.51229
9.5054
9.49936
9.49448
9.48859
9.48344
9.47484
9.46451
9.46362
9.45984
9.45561
9.45436
9.45597
9.45575
9.45695
9.45875
9.46315
9.46683
9.47156
9.47731
9.48657
9.48729
9.49396
9.50309
9.50842
9.5138
9.5192
9.52198
9.51769
9.5177
9.52084
9.52057
9.52049
9.52204
9.52374
9.52397
9.52618
9.52712
9.52706
9.51865
9.52542
9.52625
9.52905
9.52855
9.53023
9.5333
9.53658
9.53815
9.53753
9.53807
9.53861
9.54097
9.54042
9.5405
9.54084
9.53956
9.54026
9.5392
9.53733
9.53512
9.52997
9.52705
9.52483
9.52368
9.52459
9.52446
9.51758
9.51635
9.51623
9.51927
9.51835
9.51081
9.51467
9.51611
9.51959
9.51695
9.5212
9.52603
9.53202
9.53827
9.53233
9.53988
9.54134
9.54349
9.54449
9.54459
9.54355
9.54145
9.53758
9.53352
9.5217
9.5192
9.51481
9.51244
9.5079
9.50481
9.49581
9.49596
9.48791
9.49029
9.49154
9.49313
9.49122
9.49372
9.48759
9.49377
9.49764
9.50083
9.50452
9.50878
9.51141
9.51606
9.52107
9.5257
9.53013
9.53631
9.54321
9.55073
9.55806
9.56668
9.5723
9.57956
9.58673
9.59111
9.59106
9.59594
9.59832
9.59506
9.60464
9.59779
9.60361
9.60644
9.61348
9.61833
9.62395
9.6269
9.63128
9.63443
9.63727
9.641
9.64241
9.64344
9.64323
9.64384
9.64248
9.63853
9.63601
9.63346
9.62903
9.62463
9.6205
9.61359
9.60822
9.59723
9.59421
9.58912
9.58454
9.57832
9.57674
9.57254
9.56943
9.56601
9.56517
9.56533
9.56704
9.56844
9.56352
9.56367
9.56572
9.57152
9.57578
9.57057
9.57701
9.58447
9.58687
9.59217
9.59705
9.60299
9.60959
9.61871
9.62557
9.63056
9.6342
9.63959
9.64729
9.65123
9.65625
9.66099
9.66132
9.66546
9.67033
9.67496
9.67649
9.67815
9.67954
9.67557
9.67853
9.6795
9.6792
9.67336
9.67179
9.66824
9.66755
9.66533
9.6618
9.65542
9.64926
9.64429
9.63933
9.63382
9.62674
9.62269
9.61365
9.6111
9.60779
9.60307
9.59772
9.59374
9.59101
9.5896
9.58774
9.58611
9.58436
9.58377
9.58337
9.5861
9.58861
9.58367
9.58733
9.59215
9.59629
9.59959
9.60526
9.61037
9.60913
9.62033
9.62822
9.63735
9.64644
9.65338
9.66168
9.67146
9.67749
9.68582
9.69451
9.69989
9.70704
9.71355
9.71907
9.72181
9.72528
9.72879
9.73021
9.73106
9.7297
9.73135
9.73028
9.72761
9.72241
9.71899
9.71552
9.70896
9.70311
9.69798
9.69528
9.69205
9.68641
9.68205
9.67703
9.67264
9.668
9.66293
9.65669
9.64986
9.64428
9.642
9.6366
9.63217
9.62792
9.62514
9.62182
9.61934
9.61859
9.61586
9.61409
9.61666
9.61747
9.61318
9.61793
9.61953
9.62243
9.62699
9.62569
9.63054
9.6352
9.64145
9.64636
9.65288
9.66026
9.66864
9.67788
9.6882
9.69517
9.70387
9.71023
9.71422
9.7129
9.72194
9.72404
9.72748
9.73175
9.73514
9.7333
9.73354
9.73448
9.73298
9.73117
9.72937
9.72567
9.72072
9.71528
9.70938
9.70528
9.69719
9.68961
9.68197
9.67471
9.65962
9.65764
9.65105
9.64241
9.63731
9.63077
9.62602
9.6238
9.62148
9.61718
9.61636
9.61504
9.61249
9.60767
9.60782
9.60718
9.60528
9.60769
9.60897
9.6102
9.61304
9.61661
9.62004
9.62545
9.62898
9.63652
9.64181
9.64586
9.65436
9.66284
9.67087
9.67596
9.68076
9.68531
9.68926
9.69015
9.69621
9.70153
9.70218
9.69996
9.70011
9.69986
9.69979
9.70005
9.69725
9.69521
9.69394
9.69356
9.69085
9.68793
9.68471
9.67936
9.6778
9.67512
9.66321
9.66367
9.66067
9.65551
9.65023
9.64392
9.63962
9.634
9.62557
9.6213
9.61612
9.6133
9.60806
9.6041
9.60092
9.59847
9.59436
9.59124
9.59107
9.59147
9.59311
9.59153
9.59363
9.59814
9.60233
9.61031
9.61626
9.62366
9.6223
9.63626
9.64456
9.64363
9.65831
9.66923
9.67996
9.69218
9.70071
9.70747
9.71388
9.72076
9.72617
9.72987
9.73443
9.73446
9.72653
9.72824
9.72648
9.71947
9.70993
9.70339
9.69638
9.68957
9.6818
9.67322
9.66297
9.64926
9.64332
9.63074
9.62741
9.62149
9.61589
9.60955
9.60342
9.59645
9.59145
9.58977
9.58828
9.586
9.58315
9.58444
9.58577
9.58733
9.58996
9.59252
9.59544
9.60083
9.60437
9.60847
9.60014
9.60952
9.61363
9.61925
9.62272
9.62682
9.63517
9.63922
9.64111
9.64589
9.65236
9.65956
9.66594
9.6709
9.67691
9.68196
9.68533
9.68975
9.69346
9.69311
9.69434
9.69477
9.69464
9.6929
9.69082
9.68761
9.68012
9.67596
9.67039
9.66526
9.6603
9.65476
9.64799
9.64089
9.63671
9.63296
9.62919
9.62432
9.62125
9.6164
9.61355
9.61455
9.61466
9.61464
9.61535
9.61711
9.62083
9.61318
9.61656
9.61786
9.619
9.61323
9.61422
9.61552
9.61852
9.62331
9.62809
9.63148
9.63487
9.64145
9.6498
9.6576
9.66072
9.67009
9.67723
9.68042
9.68
9.68311
9.6867
9.68896
9.68853
9.69022
9.68969
9.69002
9.6798
9.68544
9.68031
9.67111
9.67312
9.6704
9.66783
9.66399
9.66198
9.65786
9.65399
9.65123
9.64944
9.64709
9.64391
9.63883
9.63722
9.63379
9.6291
9.6246
9.6207
9.61677
9.61293
9.60757
9.60506
9.60287
9.60093
9.5996
9.59784
9.59642
9.59774
9.59932
9.59469
9.59724
9.60146
9.60575
9.60963
9.61502
9.61846
9.6232
9.62797
9.62846
9.63398
9.63773
9.64292
9.64468
9.64861
9.65572
9.65595
9.662
9.66588
9.6711
9.67378
9.67703
9.67981
9.67738
9.67863
9.67802
9.67705
9.67623
9.67427
9.66929
9.66649
9.66416
9.66162
9.66091
9.65358
9.65503
9.65429
9.65376
9.65148
9.64995
9.64543
9.6425
9.64261
9.64127
9.64163
9.64075
9.63173
9.63212
9.63324
9.63482
9.63719
9.64208
9.64471
9.64628
9.64885
9.65152
9.65333
9.65713
9.66181
9.66315
9.66571
9.66444
9.66373
9.66666
9.66622
9.66544
9.66376
9.66304
9.66178
9.66092
9.65999
9.65883
9.65805
9.65755
9.65319
9.64971
9.64816
9.64574
9.64342
9.64055
9.63893
9.63744
9.63274
9.62911
9.62719
9.62532
9.62634
9.62564
9.62741
9.62598
9.62733
9.62952
9.62618
9.62878
9.63195
9.63642
9.63809
9.64328
9.64708
9.64924
9.64109
9.64677
9.64244
9.64532
9.64728
9.64967
9.6513
9.654
9.65658
9.66025
9.66632
9.66574
9.66727
9.66889
9.66901
9.66763
9.66615
9.66617
9.66375
9.66519
9.66125
9.66146
9.66034
9.66033
9.65947
9.65703
9.65654
9.65384
9.65065
9.6469
9.63879
9.62828
9.62488
9.62016
9.61569
9.61143
9.60729
9.60405
9.60213
9.60255
9.59903
9.6008
9.6016
9.60605
9.6084
9.61417
9.6185
9.62229
9.62619
9.63227
9.6359
9.6453
9.65283
9.6597
9.66585
9.67002
9.6773
9.68378
9.69002
9.69527
9.70086
9.70667
9.70977
9.71391
9.71816
9.71854
9.72106
9.72404
9.72464
9.72391
9.72255
9.718
9.71528
9.71193
9.70473
9.70022
9.69445
9.68788
9.67737
9.6696
9.6624
9.65417
9.64838
9.64501
9.63961
9.63276
9.63089
9.62812
9.62539
9.62355
9.62358
9.62556
9.62763
9.63043
9.63487
9.64005
9.64443
9.64716
9.65211
9.65839
9.66263
9.66348
9.66645
9.67045
9.6739
9.67359
9.6777
9.67922
9.67957
9.67679
9.67942
9.6816
9.68495
9.68649
9.6881
9.68727
9.69045
9.69051
9.69393
9.6936
9.69464
9.69416
9.69308
9.68958
9.6908
9.69139
9.68922
9.68704
9.68816
9.68672
9.68781
9.6841
9.68484
9.68527
9.68331
9.68146
9.67909
9.67586
9.67224
9.66983
9.6658
9.66576
9.65794
9.65224
9.64651
9.64412
9.64057
9.63958
9.6363
9.63701
9.63583
9.63745
9.63957
9.6415
9.6378
9.63819
9.62316
9.62989
9.63037
9.63342
9.63332
9.63502
9.63628
9.63489
9.63704
9.63783
9.63898
9.64079
9.64195
9.6437
9.64665
9.65029
9.65116
9.6556
9.65815
9.66161
9.66345
9.65551
9.66145
9.66337
9.6654
9.66676
9.66799
9.66865
9.67016
9.66989
9.6683
9.66747
9.666
9.66061
9.65981
9.65645
9.6539
9.65135
9.64862
9.64493
9.6393
9.63713
9.63518
9.62739
9.62635
9.62429
9.62058
9.62157
9.62242
9.61957
9.62083
9.62145
9.61941
9.61871
9.6099
9.60897
9.60493
9.60473
9.59011
9.59772
9.59642
9.59421
9.59341
9.59636
9.60053
9.60362
9.60757
9.61001
9.61451
9.61904
9.6225
9.62629
9.63003
9.63844
9.64524
9.65205
9.65788
9.66397
9.66856
9.66959
9.66253
9.66718
9.66589
9.66474
9.66545
9.65685
9.65544
9.65259
9.65128
9.6469
9.6428
9.64119
9.64118
9.64054
9.6421
9.63925
9.64005
9.63903
9.64231
9.64398
9.64275
9.64578
9.64684
9.64514
9.64567
9.64606
9.6449
9.64235
9.63832
9.63276
9.62663
9.61967
9.61476
9.60975
9.6042
9.5995
9.58847
9.58194
9.57716
9.57381
9.56907
9.56717
9.56324
9.56536
9.56625
9.561
9.56181
9.56616
9.56225
9.57382
9.57421
9.57849
9.58297
9.58793
9.58882
9.58969
9.58838
9.58938
9.59137
9.58946
9.59071
9.59265
9.59682
9.60258
9.60857
9.61169
9.61656
9.62192
9.63011
9.62743
9.63442
9.64041
9.64471
9.65174
9.65499
9.65972
9.66669
9.67139
9.67501
9.67865
9.67397
9.66992
9.66498
9.66333
9.65941
9.65438
9.64888
9.6432
9.6383
9.63224
9.62945
9.626
9.62079
9.6125
9.60681
9.59884
9.59783
9.59442
9.59233
9.58587
9.58385
9.58474
9.58408
9.58483
9.586
9.58562
9.58551
9.58273
9.58219
9.57996
9.57823
9.57579
9.57195
9.56952
9.5637
9.56215
9.56023
9.55688
9.556
9.55498
9.5549
9.54956
9.55162
9.55242
9.55425
9.55564
9.5587
9.56318
9.56842
9.5746
9.58089
9.58792
9.59297
9.59515
9.60418
9.61026
9.61499
9.62235
9.62862
9.6335
9.6371
9.64355
9.64695
9.65064
9.6517
9.6557
9.6585
9.66072
9.65598
9.65944
9.66178
9.66315
9.66726
9.67005
9.67196
9.67377
9.6761
9.67618
9.67546
9.67076
9.66501
9.66489
9.66112
9.65688
9.65174
9.64582
9.63699
9.63061
9.62208
9.61427
9.6045
9.59713
9.59395
9.58466
9.5838
9.57518
9.57383
9.57101
9.5713
9.5722
9.57505
9.57766
9.58094
9.58522
9.58903
9.58904
9.59205
9.59396
9.59694
9.59866
9.60301
9.60578
9.60955
9.61323
9.61726
9.62168
9.6264
9.63131
9.63617
9.64189
9.64948
9.65805
9.66705
9.67547
9.68374
9.6912
9.69817
9.70599
9.70961
9.7139
9.71826
9.72105
9.72358
9.72699
9.73011
9.73146
9.73567
9.73545
9.73675
9.7392
9.73809
9.73792
9.73808
9.73781
9.7383
9.73803
9.73716
9.73562
9.73496
9.73152
9.72342
9.71858
9.71282
9.70701
9.70089
9.69662
9.68959
9.68412
9.67812
9.67472
9.67102
9.66676
9.66274
9.65967
9.6548
9.65144
9.6503
9.64928
9.6453
9.64004
9.64201
9.64227
9.648
9.65132
9.65688
9.6632
9.67179
9.67776
9.68768
9.69614
9.70688
9.71415
9.72079
9.72733
9.73511
9.74272
9.74834
9.75466
9.75486
9.7577
9.75625
9.76015
9.76163
9.76206
9.76151
9.76053
9.76003
9.75511
9.74945
9.74077
9.73443
9.72869
9.71879
9.71227
9.70377
9.69548
9.68875
9.68164
9.6789
9.6758
9.6726
9.67172
9.66652
9.65721
9.66351
9.66481
9.66614
9.66772
9.66854
9.66542
9.66625
9.66717
9.66952
9.6739
9.67931
9.68231
9.68484
9.68975
9.69517
9.69959
9.70657
9.71289
9.71967
9.72732
9.7334
9.73992
9.74686
9.75246
9.75807
9.75873
9.76183
9.76626
9.76843
9.77064
9.77313
9.77513
9.77414
9.77023
9.7684
9.7658
9.76012
9.75673
9.75277
9.74725
9.7433
9.7397
9.73475
9.72923
9.71719
9.71839
9.71364
9.71058
9.70565
9.7024
9.69979
9.69846
9.69783
9.69823
9.69985
9.69747
9.69412
9.69856
9.70112
9.7035
9.70678
9.70817
9.70909
9.70863
9.70778
9.70764
9.70857
9.70257
9.70462
9.70675
9.69596
9.69706
9.69493
9.69346
9.69273
9.68955
9.69034
9.69149
9.69278
9.6921
9.69359
9.69717
9.699
9.70443
9.70933
9.71365
9.71901
9.72329
9.72204
9.72871
9.73229
9.72652
9.73246
9.73488
9.73343
9.73651
9.73369
9.7391
9.74153
9.74101
9.74395
9.74617
9.74662
9.7455
9.73711
9.73849
9.73627
9.73287
9.72806
9.7242
9.72161
9.71924
9.71908
9.71582
9.71364
9.71295
9.71397
9.71469
9.7151
9.71511
9.71637
9.71157
9.712
9.71317
9.71422
9.71571
9.71592
9.71688
9.71838
9.71799
9.71785
9.71981
9.7181
9.72244
9.71382
9.7217
9.71517
9.72519
9.72909
9.73431
9.73941
9.74067
9.74273
9.74852
9.7497
9.75461
9.75909
9.76096
9.76115
9.76607
9.76828
9.7697
9.76976
9.76851
9.76758
9.76883
9.76945
9.76899
9.76822
9.76368
9.76061
9.75662
9.75004
9.74749
9.74344
9.74016
9.73602
9.73206
9.72864
9.72573
9.72257
9.718
9.71791
9.71718
9.71693
9.7165
9.71963
9.72163
9.72273
9.72528
9.72643
9.73038
9.73547
9.74013
9.74207
9.74854
9.75322
9.75708
9.76184
9.76658
9.76979
9.77166
9.7693
9.76361
9.76677
9.76605
9.76398
9.76096
9.7537
9.75108
9.74739
9.73584
9.72737
9.71831
9.7229
9.7144
9.71613
9.71546
9.71738
9.71954
9.72176
9.72312
9.72741
9.7265
9.72933
9.73493
9.73646
9.73898
9.73885
9.73811
9.73949
9.74095
9.74342
9.73619
9.74107
9.73965
9.74083
9.73886
9.73743
9.73882
9.73866
9.73831
9.73817
9.73854
9.73879
9.73655
9.72907
9.72762
9.72814
9.72779
9.72227
9.72407
9.72344
9.72211
9.72115
9.72315
9.72257
9.72265
9.72126
9.71915
9.71655
9.71338
9.71183
9.70765
9.70353
9.70182
9.69871
9.69794
9.69557
9.69434
9.69168
9.68964
9.6875
9.68571
9.68588
9.68653
9.68034
9.67965
9.67998
9.68145
9.68409
9.68545
9.68648
9.68284
9.68964
9.69259
9.6944
9.69496
9.69892
9.70149
9.70171
9.70424
9.70632
9.71004
9.71244
9.71244
9.71201
9.71017
9.70939
9.70652
9.70382
9.7013
9.69707
9.68887
9.68641
9.67423
9.67634
9.67503
9.67434
9.67355
9.67157
9.66386
9.66682
9.66842
9.67028
9.67132
9.67299
9.67548
9.67838
9.68104
9.68507
9.68815
9.69089
9.69388
9.69616
9.69772
9.69324
9.69643
9.69876
9.69799
9.6981
9.69625
9.69557
9.69487
9.6948
9.69567
9.69625
9.69275
9.69195
9.69376
9.69497
9.69355
9.69429
9.69628
9.69666
9.69712
9.69661
9.69788
9.69906
9.70002
9.70078
9.70292
9.70086
9.69818
9.69557
9.68968
9.68791
9.68098
9.67864
9.66673
9.65985
9.65487
9.65131
9.64676
9.64313
9.64195
9.64066
9.637
9.63615
9.63583
9.63588
9.63843
9.64219
9.64642
9.6466
9.64934
9.64946
9.65419
9.65751
9.66178
9.663
9.66861
9.67321
9.67864
9.67453
9.6812
9.68411
9.68887
9.69157
9.69816
9.70314
9.70816
9.71524
9.72116
9.72695
9.72899
9.73297
9.73903
9.74296
9.74675
9.7479
9.74919
9.75021
9.74925
9.745
9.74243
9.73908
9.73412
9.72736
9.72011
9.71119
9.70564
9.70345
9.69729
9.69198
9.67765
9.67252
9.66634
9.66026
9.65205
9.64389
9.63627
9.62553
9.62054
9.61324
9.60471
9.59646
9.58653
9.57999
9.57535
9.56908
9.56454
9.55848
9.5561
9.55565
9.55593
9.55893
9.55909
9.56296
9.56065
9.57366
9.58301
9.59428
9.60432
9.61597
9.62772
9.64024
9.65201
9.66129
9.67251
9.68026
9.6906
9.6991
9.7059
9.7142
9.72272
9.72884
9.73458
9.73858
9.74147
9.74215
9.74228
9.73979
9.73896
9.74022
9.73686
9.72986
9.72606
9.71624
9.7185
9.71337
9.70885
9.70203
9.69343
9.68221
9.66977
9.66451
9.65813
9.65071
9.64473
9.63732
9.63082
9.62547
9.61858
9.61315
9.60766
9.60074
9.59714
9.59416
9.59145
9.59002
9.58778
9.58873
9.58843
9.59246
9.59565
9.60039
9.60937
9.61852
9.62797
9.63636
9.64648
9.6564
9.66802
9.67784
9.68756
9.69643
9.70311
9.70617
9.71007
9.71301
9.71248
9.71715
9.71496
9.71675
9.71739
9.71704
9.71879
9.71948
9.71983
9.7206
9.72057
9.71961
9.71849
9.71588
9.71119
9.70955
9.70562
9.6974
9.69208
9.68715
9.68168
9.67251
9.66334
9.6512
9.64466
9.63675
9.63009
9.62388
9.6177
9.61313
9.60744
9.60104
9.5983
9.59506
9.5916
9.5915
9.59014
9.58944
9.59247
9.59706
9.60084
9.60605
9.61076
9.61949
9.6292
9.63711
9.64944
9.66
9.67178
9.68477
9.69737
9.70742
9.7165
9.72397
9.73112
9.73696
9.74024
9.74321
9.74509
9.74616
9.74573
9.74712
9.74693
9.7439
9.74109
9.7362
9.73065
9.73252
9.73092
9.72876
9.72518
9.72382
9.72198
9.72198
9.72135
9.7206
9.72349
9.72653
9.72766
9.71823
9.72324
9.72775
9.73287
9.73172
9.73585
9.73738
9.74147
9.74257
9.74225
9.7327
9.73115
9.72831
9.72586
9.72129
9.71663
9.71314
9.70875
9.69983
9.69461
9.69143
9.68625
9.67934
9.67681
9.67477
9.676
9.66927
9.66887
9.66886
9.67101
9.67424
9.67939
9.68382
9.68838
9.69364
9.69757
9.70055
9.69829
9.70025
9.70343
9.7048
9.70631
9.70755
9.70861
9.70913
9.71027
9.70956
9.71081
9.70955
9.70907
9.70717
9.70638
9.70498
9.7034
9.70056
9.70178
9.70052
9.70569
9.70994
9.71502
9.71887
9.72176
9.71812
9.71988
9.71233
9.71673
9.7089
9.71077
9.70657
9.70583
9.70256
9.70125
9.69576
9.69133
9.68665
9.68112
9.67594
9.66918
9.66182
9.65752
9.64766
9.6454
9.6394
9.63174
9.63027
9.62621
9.62671
9.61967
9.62286
9.62538
9.62999
9.63273
9.62647
9.63385
9.63362
9.63236
9.63027
9.6307
9.62835
9.62114
9.622
9.62011
9.61921
9.61646
9.61518
9.61668
9.61897
9.62049
9.62489
9.63167
9.63588
9.64166
9.64707
9.65195
9.65418
9.65822
9.65874
9.66541
9.67094
9.67568
9.68524
9.69054
9.6977
9.7035
9.7105
9.71746
9.72309
9.72145
9.72383
9.72308
9.72596
9.72801
9.73171
9.73311
9.73273
9.73473
9.73301
9.73115
9.72855
9.71834
9.71508
9.70898
9.70472
9.69992
9.69484
9.68924
9.6826
9.67574
9.67235
9.6662
9.65988
9.65494
9.6495
9.64377
9.63816
9.62853
9.62228
9.61867
9.61232
9.60963
9.60196
9.60004
9.59875
9.59706
9.59017
9.58938
9.58766
9.58464
9.5809
9.56987
9.57392
9.57735
9.58124
9.58081
9.58613
9.59337
9.6002
9.60316
9.60687
9.6128
9.61804
9.61358
9.62115
9.62526
9.62546
9.62787
9.63112
9.63318
9.63563
9.63806
9.63828
9.63812
9.64121
9.64262
9.64391
9.64586
9.63937
9.63811
9.63735
9.63592
9.63546
9.63402
9.63196
9.62817
9.62159
9.61912
9.61688
9.61596
9.61197
9.60971
9.60679
9.60405
9.59651
9.59441
9.59345
9.5896
9.58502
9.58343
9.58015
9.57881
9.57528
9.57761
9.57755
9.57516
9.56859
9.57346
9.57542
9.57533
9.57821
9.58058
9.58356
9.5845
9.58731
9.59093
9.59427
9.59867
9.59959
9.59895
9.60182
9.60412
9.60879
9.61195
9.61616
9.62033
9.62458
9.62583
9.62822
9.62987
9.62592
9.62528
9.62435
9.6223
9.61811
9.61511
9.61106
9.60865
9.6059
9.60237
9.59779
9.59581
9.5843
9.5888
9.58713
9.57787
9.57877
9.57376
9.56964
9.56985
9.5704
9.56834
9.56778
9.56724
9.56611
9.56523
9.56587
9.56157
9.55859
9.55648
9.55813
9.5624
9.56135
9.56636
9.57099
9.5759
9.58052
9.58603
9.59246
9.59819
9.60309
9.61009
9.61801
9.62656
9.6353
9.64177
9.64655
9.65357
9.65747
9.66047
9.66374
9.66664
9.66799
9.66661
9.66503
9.66242
9.65886
9.65661
9.64866
9.64181
9.63176
9.62458
9.61861
9.61323
9.60892
9.595
9.59874
9.59714
9.5945
9.59409
9.59311
9.59149
9.59181
9.59022
9.59111
9.58747
9.58823
9.59216
9.59361
9.59514
9.5971
9.59282
9.59744
9.60082
9.60419
9.59783
9.60464
9.61028
9.61611
9.62411
9.63045
9.63968
9.64752
9.65622
9.6669
9.67797
9.68851
9.69665
9.70466
9.71231
9.71834
9.72243
9.72724
9.72651
9.72393
9.72027
9.71506
9.71178
9.70739
9.70214
9.69681
9.68611
9.6735
9.66662
9.65697
9.64725
9.6383
9.62724
9.61928
9.61165
9.59971
9.59463
9.58898
9.58419
9.5819
9.58123
9.57217
9.57391
9.57555
9.57571
9.57811
9.57731
9.58268
9.58767
9.59199
9.59634
9.60179
9.60748
9.61254
9.61926
9.62598
9.63312
9.6387
9.63823
9.64642
9.64971
9.65749
9.66367
9.66402
9.66897
9.67299
9.67486
9.67545
9.67802
9.68018
9.6817
9.68354
9.68435
9.68324
9.68365
9.68339
9.68365
9.68134
9.67838
9.6734
9.66758
9.66102
9.65574
9.64381
9.63786
9.62866
9.62067
9.61052
9.59567
9.59418
9.57623
9.57214
9.56635
9.56187
9.55921
9.5557
9.55044
9.551
9.55126
9.55029
9.55422
9.55662
9.55814
9.56319
9.56916
9.57618
9.58129
9.5866
9.59433
9.59877
9.59914
9.60554
9.61179
9.61878
9.62623
9.63192
9.63775
9.64391
9.64876
9.65588
9.65896
9.66508
9.66737
9.67316
9.67761
9.67753
9.68025
9.68203
9.68395
9.68587
9.68681
9.68365
9.68112
9.67891
9.67666
9.6715
9.66878
9.6661
9.66204
9.65411
9.64932
9.63852
9.63453
9.6314
9.62813
9.6219
9.61569
9.61167
9.60804
9.60784
9.60657
9.60402
9.60238
9.6
9.60035
9.60002
9.59936
9.60016
9.60076
9.60371
9.6059
9.60348
9.60879
9.61193
9.6168
9.62143
9.62744
9.6336
9.64013
9.64672
9.65297
9.65843
9.66123
9.66786
9.67073
9.67507
9.67852
9.68287
9.68485
9.68896
9.68878
9.69079
9.69338
9.69508
9.69684
9.6954
9.69626
9.69277
9.694
9.693
9.68435
9.68619
9.68433
9.68207
9.67805
9.67324
9.66891
9.66347
9.65887
9.65251
9.64878
9.64633
9.63684
9.63472
9.6309
9.6295
9.62236
9.62527
9.62297
9.61769
9.61455
9.61603
9.61574
9.61355
9.61157
9.60899
9.61192
9.6109
9.61396
9.61619
9.61799
9.62382
9.62775
9.63219
9.63294
9.63887
9.63745
9.643
9.6416
9.646
9.65
9.65412
9.65817
9.66015
9.66135
9.66418
9.66694
9.66046
9.66277
9.66621
9.66714
9.66848
9.66775
9.6675
9.66536
9.66589
9.6667
9.66375
9.65837
9.65736
9.65687
9.6569
9.65367
9.65496
9.65612
9.65834
9.65329
9.65564
9.64917
9.64958
9.64306
9.63853
9.63318
9.62618
9.62268
9.61618
9.60999
9.60588
9.59983
9.59431
9.59021
9.58784
9.58582
9.58532
9.5841
9.58338
9.58164
9.58244
9.58589
9.58557
9.5868
9.58334
9.58533
9.58709
9.58194
9.58591
9.58912
9.59088
9.59632
9.59971
9.60068
9.60479
9.60765
9.61296
9.61433
9.6163
9.62035
9.62233
9.61575
9.6181
9.61713
9.61623
9.61089
9.60416
9.59446
9.58615
9.58038
9.57361
9.56697
9.55784
9.54618
9.54238
9.53507
9.52865
9.52241
9.51927
9.51668
9.51312
9.50565
9.50565
9.50548
9.50286
9.49923
9.49647
9.49027
9.48564
9.48329
9.47902
9.47405
9.4626
9.45997
9.45751
9.45028
9.44955
9.45186
9.45472
9.45994
9.46537
9.47047
9.47576
9.48484
9.49653
9.50476
9.51438
9.52473
9.53507
9.54374
9.54974
9.5617
9.56985
9.57701
9.58121
9.58497
9.58808
9.58977
9.59109
9.58828
9.58934
9.58847
9.58605
9.58358
9.58204
9.5814
9.57896
9.5733
9.56789
9.5682
9.56608
9.56206
9.55798
9.55308
9.548
9.54168
9.53448
9.53231
9.52644
9.52288
9.51978
9.51565
9.51184
9.50487
9.50278
9.50148
9.49947
9.4995
9.50156
9.50346
9.50488
9.50787
9.51153
9.51453
9.51724
9.51902
9.52447
9.53123
9.53271
9.54414
9.55137
9.55473
9.56336
9.57225
9.58363
9.59417
9.60467
9.61452
9.61959
9.62789
9.63076
9.63461
9.64009
9.64556
9.64968
9.65069
9.65301
9.65226
9.64998
9.64993
9.64939
9.64729
9.64462
9.63979
9.63631
9.63176
9.62763
9.61914
9.6136
9.60418
9.6018
9.59838
9.59372
9.58888
9.58463
9.58102
9.5789
9.57392
9.57295
9.57207
9.56019
9.5591
9.55832
9.55717
9.55403
9.54966
9.54681
9.54719
9.54519
9.54669
9.54831
9.54841
9.55325
9.5557
9.5615
9.56456
9.5698
9.57456
9.58228
9.5894
9.59624
9.60156
9.60739
9.61432
9.62137
9.62583
9.61617
9.61843
9.62387
9.62948
9.63396
9.63828
9.63649
9.63715
9.63868
9.64122
9.64308
9.64418
9.64602
9.6496
9.65012
9.64958
9.65066
9.64822
9.64905
9.64521
9.64354
9.6386
9.63716
9.63355
9.62963
9.62804
9.62531
9.62337
9.62206
9.62184
9.61875
9.61978
9.61453
9.6191
9.62281
9.62526
9.63075
9.6344
9.62708
9.62842
9.63819
9.6443
9.64941
9.65627
9.66314
9.66815
9.67274
9.67681
9.6778
9.67402
9.67199
9.67005
9.66643
9.66057
9.65602
9.64563
9.63774
9.63264
9.63002
9.62812
9.62742
9.62216
9.61994
9.61955
9.62206
9.62472
9.63082
9.63338
9.63996
9.64626
9.65238
9.65911
9.66328
9.6713
9.67342
9.68131
9.68631
9.69554
9.70116
9.70733
9.71214
9.712
9.71497
9.71766
9.71938
9.71849
9.71741
9.71527
9.71041
9.70796
9.70282
9.69823
9.69222
9.68731
9.67966
9.6728
9.66749
9.65955
9.65525
9.651
9.64813
9.64631
9.64374
9.64357
9.6443
9.64515
9.64814
9.65056
9.65478
9.65501
9.65949
9.66166
9.66207
9.66587
9.6717
9.6765
9.6808
9.68225
9.68202
9.68664
9.68613
9.69021
9.69434
9.70184
9.70819
9.71325
9.71751
9.72006
9.72044
9.72666
9.72936
9.73193
9.737
9.74085
9.74513
9.74785
9.75052
9.75394
9.75579
9.75554
9.75451
9.75322
9.75049
9.74432
9.73931
9.73649
9.73232
9.72961
9.72794
9.72456
9.72384
9.7234
9.72328
9.72121
9.72276
9.7229
9.72039
9.72059
9.72118
9.72123
9.72178
9.72165
9.72236
9.7231
9.72262
9.72415
9.72443
9.72509
9.72499
9.727
9.73076
9.73189
9.73165
9.72909
9.72921
9.72986
9.7305
9.73029
9.73012
9.72754
9.72066
9.71456
9.71453
9.71416
9.71356
9.71554
9.71663
9.71725
9.72043
9.72475
9.72566
9.72859
9.7361
9.73901
9.74283
9.74651
9.75081
9.75408
9.75532
9.7606
9.76267
9.765
9.76591
9.76123
9.7624
9.7594
9.76023
9.7535
9.75295
9.75012
9.7467
9.74338
9.74
9.73713
9.7316
9.72774
9.72542
9.72191
9.71928
9.71657
9.7142
9.71271
9.71102
9.71101
9.70902
9.70737
9.70657
9.70325
9.70147
9.69784
9.69451
9.6899
9.67736
9.67829
9.67085
9.66783
9.66757
9.66317
9.66285
9.66422
9.66824
9.67009
9.66645
9.67102
9.67618
9.68073
9.68705
9.68985
9.6988
9.69685
9.7087
9.71577
9.72338
9.72998
9.73792
9.74511
9.75139
9.75396
9.75357
9.75696
9.75759
9.75342
9.75483
9.7557
9.75574
9.75371
9.75179
9.74596
9.74459
9.74205
9.74348
9.73326
9.73408
9.73457
9.73243
9.73112
9.72999
9.7292
9.727
9.72454
9.72199
9.71513
9.71108
9.70678
9.70259
9.69793
9.69248
9.68864
9.68371
9.67894
9.67411
9.67043
9.66606
9.66239
9.65974
9.65744
9.65731
9.6532
9.65506
9.65735
9.65952
9.66398
9.66737
9.67045
9.66704
9.67266
9.67695
9.68215
9.68797
9.69318
9.69969
9.70507
9.71142
9.71657
9.7181
9.718
9.72105
9.72398
9.72408
9.72362
9.72153
9.72208
9.71353
9.71548
9.71543
9.713
9.71185
9.71122
9.71221
9.70649
9.70752
9.70669
9.70728
9.70562
9.70429
9.70493
9.70279
9.69942
9.69627
9.68978
9.68318
9.66899
9.66285
9.65475
9.64733
9.63577
9.6337
9.62668
9.62193
9.61384
9.61039
9.60684
9.60534
9.59781
9.5972
9.59707
9.5946
9.59743
9.59956
9.60122
9.60506
9.60636
9.61154
9.60898
9.61512
9.61978
9.62702
9.62908
9.63871
9.64525
9.64963
9.65544
9.66207
9.6679
9.67376
9.67955
9.68529
9.68971
9.69432
9.6935
9.69501
9.69736
9.6992
9.69438
9.69659
9.69604
9.69808
9.70001
9.69489
9.70038
9.69802
9.69861
9.69732
9.69263
9.68839
9.68345
9.67384
9.66416
9.66096
9.64964
9.63088
9.62725
9.62154
9.61689
9.61213
9.60654
9.60273
9.59843
9.59607
9.59356
9.59031
9.58919
9.58637
9.5861
9.58826
9.59056
9.59578
9.59825
9.59934
9.6026
9.60552
9.60951
9.6124
9.61656
9.61889
9.62311
9.626
9.63105
9.63731
9.64356
9.64949
9.6576
9.66055
9.65963
9.66411
9.66864
9.67235
9.66763
9.6709
9.66877
9.66928
9.66865
9.66852
9.66696
9.66598
9.65667
9.66048
9.66074
9.66103
9.66062
9.6604
9.66161
9.66341
9.65607
9.65496
9.6566
9.65495
9.65389
9.65186
9.64721
9.64422
9.64023
9.63591
9.63341
9.63029
9.62721
9.62525
9.62185
9.62024
9.61931
9.61157
9.60999
9.60803
9.60359
9.60092
9.59864
9.59854
9.59757
9.60042
9.60252
9.59617
9.60155
9.6055
9.61062
9.61245
9.61713
9.61745
9.62582
9.63086
9.63654
9.64225
9.64774
9.65234
9.65762
9.66348
9.66076
9.6657
9.66862
9.67228
9.67211
9.67385
9.67704
9.67973
9.68044
9.68211
9.68326
9.68221
9.68264
9.6794
9.67991
9.67867
9.67831
9.67674
9.67356
9.67129
9.66692
9.66346
9.66013
9.65746
9.65396
9.6501
9.64805
9.64527
9.64244
9.63889
9.63392
9.63259
9.63149
9.62938
9.62868
9.6257
9.6239
9.62361
9.62368
9.62583
9.62494
9.62758
9.62952
9.63431
9.64043
9.64516
9.65104
9.65555
9.6498
9.66038
9.66454
9.67054
9.67496
9.67964
9.68592
9.69201
9.69696
9.70091
9.70354
9.70818
9.70643
9.71356
9.71853
9.72165
9.72403
9.72802
9.73062
9.73414
9.73657
9.73528
9.73802
9.74229
9.7431
9.74303
9.74277
9.73958
9.73715
9.734
9.73238
9.73157
9.72774
9.72579
9.70998
9.70275
9.69996
9.69643
9.69167
9.68809
9.6822
9.67592
9.67197
9.66829
9.66584
9.66424
9.6627
9.66093
9.65929
9.65816
9.65833
9.65804
9.65821
9.6493
9.64941
9.6496
9.65004
9.64786
9.64661
9.64828
9.64906
9.64933
9.6512
9.65258
9.6531
9.654
9.65672
9.65931
9.66203
9.66229
9.66397
9.66546
9.66606
9.66848
9.66685
9.67418
9.67803
9.68353
9.6854
9.6893
9.69524
9.70033
9.70562
9.70811
9.70832
9.71366
9.71659
9.71979
9.71782
9.72148
9.72516
9.72534
9.72534
9.72879
9.72483
9.7258
9.72499
9.72749
9.72651
9.72427
9.72029
9.71847
9.71409
9.71189
9.70181
9.69834
9.69491
9.69069
9.68722
9.68275
9.67855
9.67511
9.67102
9.6657
9.66216
9.65713
9.65507
9.65356
9.65229
9.65357
9.65308
9.64973
9.65294
9.65663
9.65944
9.66433
9.66866
9.66982
9.67305
9.67208
9.67652
9.68073
9.68407
9.68267
9.68519
9.68719
9.68072
9.6875
9.68947
9.69413
9.69569
9.69783
9.6972
9.69659
9.69897
9.69858
9.70017
9.70195
9.70367
9.70012
9.70132
9.70253
9.70439
9.70656
9.70667
9.70554
9.7025
9.70064
9.69743
9.69568
9.69355
9.69147
9.68834
9.68518
9.68397
9.68056
9.67334
9.67122
9.66857
9.664
9.66082
9.65831
9.65318
9.65172
9.65
9.64773
9.64769
9.64397
9.64024
9.63224
9.6338
9.63139
9.62683
9.62472
9.62439
9.62647
9.62997
9.63368
9.63532
9.63607
9.63707
9.63856
9.6387
9.64072
9.64245
9.64395
9.64553
9.64565
9.63954
9.64404
9.64704
9.64387
9.64659
9.64782
9.65124
9.65341
9.65492
9.65812
9.65617
9.65837
9.6601
9.6612
9.66444
9.66693
9.6672
9.66775
9.66683
9.66525
9.66372
9.66212
9.66012
9.65609
9.65435
9.64766
9.64975
9.64766
9.6447
9.64189
9.63945
9.63443
9.63057
9.6255
9.6218
9.61786
9.61032
9.60055
9.59385
9.59071
9.58549
9.58468
9.58259
9.58107
9.57958
9.57513
9.57169
9.5706
9.57155
9.57107
9.56833
9.57143
9.57192
9.57096
9.57037
9.57014
9.56434
9.56432
9.56358
9.5631
9.56172
9.55998
9.56231
9.5642
9.56069
9.56365
9.56759
9.56939
9.57376
9.57415
9.58159
9.58722
9.59173
9.59664
9.60157
9.6072
9.60889
9.61132
9.61218
9.61289
9.61418
9.61387
9.61329
9.61219
9.61099
9.61023
9.60885
9.60769
9.60694
9.60498
9.60385
9.60353
9.60429
9.6044
9.60497
9.60792
9.61054
9.6102
9.61
9.60903
9.61033
9.60856
9.60738
9.6057
9.59617
9.59131
9.58647
9.58104
9.57849
9.57417
9.56749
9.56482
9.5626
9.56192
9.56027
9.56144
9.56256
9.56341
9.56496
9.56755
9.5671
9.57019
9.57455
9.57836
9.58289
9.58695
9.59029
9.59553
9.59914
9.60477
9.60949
9.61457
9.61884
9.62077
9.62299
9.62436
9.62236
9.62391
9.62586
9.6279
9.6286
9.63004
9.63045
9.62961
9.62976
9.62497
9.6264
9.62824
9.62958
9.62446
9.63097
9.62957
9.62953
9.63421
9.63431
9.63526
9.63589
9.63511
9.63469
9.63373
9.62719
9.62072
9.61773
9.61631
9.60855
9.60758
9.60558
9.60558
9.60522
9.60589
9.60567
9.61241
9.61614
9.62019
9.62457
9.62992
9.62654
9.63216
9.63563
9.6388
9.63998
9.64105
9.6423
9.6421
9.64139
9.63766
9.63762
9.63499
9.63076
9.625
9.62152
9.61843
9.61569
9.61532
9.61507
9.61198
9.61253
9.61154
9.61131
9.61206
9.61321
9.61309
9.61748
9.62145
9.61995
9.62546
9.63113
9.63093
9.63663
9.64127
9.64349
9.64648
9.64532
9.64623
9.6491
9.65094
9.65409
9.65997
9.66319
9.66832
9.6733
9.67912
9.67883
9.68245
9.68577
9.69036
9.69429
9.69689
9.68913
9.69058
9.68856
9.68642
9.68504
9.68214
9.67748
9.67132
9.66663
9.66041
9.65499
9.64857
9.64125
9.63627
9.63161
9.6276
9.62428
9.62026
9.61376
9.61186
9.61005
9.60418
9.59998
9.60005
9.60043
9.59654
9.59469
9.59507
9.59175
9.59328
9.59534
9.5942
9.59076
9.59261
9.59682
9.60079
9.60479
9.60979
9.61487
9.62253
9.62724
9.63392
9.64226
9.64578
9.65285
9.6588
9.6658
9.66478
9.67361
9.67764
9.68194
9.6852
9.68897
9.6943
9.69649
9.69987
9.69133
9.69384
9.69435
9.69386
9.69053
9.68458
9.67978
9.67597
9.67035
9.66456
9.65688
9.65055
9.64373
9.63564
9.63064
9.62431
9.61969
9.61114
9.60982
9.60728
9.60594
9.60682
9.60686
9.60783
9.60478
9.61087
9.61386
9.61052
9.61412
9.61768
9.62228
9.62634
9.63097
9.63475
9.64053
9.64449
9.64786
9.65153
9.65489
9.65463
9.66175
9.66327
9.66576
9.66814
9.67035
9.67021
9.6734
9.67489
9.67869
9.67964
9.68083
9.68044
9.68354
9.68126
9.67845
9.67766
9.67782
9.67792
9.6784
9.67534
9.67535
9.67698
9.67201
9.67218
9.65964
9.66649
9.66491
9.66202
9.66054
9.65803
9.65552
9.65294
9.65114
9.64647
9.64478
9.64326
9.63618
9.63385
9.63254
9.63166
9.62941
9.62869
9.62816
9.62658
9.62555
9.62322
9.62362
9.62396
9.62512
9.62866
9.63039
9.63364
9.63725
9.64109
9.64658
9.65163
9.65679
9.66087
9.66482
9.66895
9.67129
9.67276
9.6721
9.67251
9.66294
9.66605
9.66584
9.66681
9.66607
9.66
9.662
9.66045
9.65776
9.65477
9.65472
9.65399
9.65141
9.64953
9.65012
9.64404
9.64451
9.64211
9.64395
9.64148
9.64207
9.64293
9.64251
9.64242
9.64384
9.6447
9.64501
9.64598
9.64629
9.64561
9.64278
9.64383
9.64167
9.63825
9.63768
9.6347
9.63475
9.63046
9.62773
9.62506
9.62473
9.6274
9.6316
9.63656
9.63921
9.64425
9.64949
9.65265
9.65487
9.65869
9.6575
9.65721
9.65929
9.66092
9.65903
9.65974
9.66083
9.65715
9.65583
9.65542
9.65548
9.65345
9.65425
9.65264
9.63871
9.64312
9.64171
9.63753
9.63325
9.62691
9.6298
9.62901
9.62665
9.62597
9.62818
9.62873
9.62952
9.63004
9.63066
9.62987
9.6312
9.63307
9.63393
9.63505
9.63376
9.63497
9.63421
9.63566
9.63757
9.64015
9.64206
9.64312
9.64742
9.64768
9.6538
9.65771
9.66878
9.67683
9.68187
9.68477
9.69364
9.7031
9.70999
9.71839
9.726
9.73275
9.74019
9.74521
9.74916
9.75225
9.75409
9.75215
9.7431
9.73978
9.73682
9.73078
9.72276
9.71907
9.71646
9.71383
9.70954
9.70477
9.70131
9.69692
9.69405
9.69206
9.69044
9.68787
9.687
9.68673
9.68757
9.68861
9.69199
9.6945
9.69538
9.69825
9.70146
9.70535
9.71197
9.71111
9.7158
9.72139
9.7279
9.73069
9.73725
9.74327
9.75061
9.75762
9.76475
9.77459
9.78129
9.78629
9.79641
9.8038
9.81145
9.81748
9.82603
9.83357
9.84337
9.85024
9.85594
9.85853
9.85821
9.85977
9.86021
9.85805
9.85272
9.84749
9.84184
9.8353
9.82957
9.82028
9.81462
9.8084
9.80191
9.79714
9.7943
9.7905
9.78736
9.7841
9.78344
9.78011
9.77911
9.78029
9.77897
9.77567
9.77521
9.77665
9.77848
9.78318
9.78373
9.78465
9.7896
9.78906
9.7948
9.80242
9.80938
9.81504
9.82173
9.82308
9.82921
9.83873
9.84087
9.84688
9.8556
9.86785
9.88235
9.89672
9.90958
9.91972
9.93195
9.94067
9.94492
9.95239
9.9584
9.96267
9.96704
9.96448
9.96515
9.96234
9.96097
9.95897
9.95459
9.95175
9.94823
9.94585
9.94176
9.93907
9.93262
9.92791
9.92309
9.92198
9.92058
9.91873
9.91854
9.92046
9.92177
9.92435
9.92558
9.92502
9.9292
9.93369
9.93598
9.93865
9.94203
9.94621
9.95289
9.96223
9.97175
9.98173
9.98958
9.99889
10.0097
10.0221
10.0348
10.0498
10.0647
10.0815
10.0965
10.1064
10.1226
10.1389
10.1499
10.1623
10.1747
10.1857
10.1911
10.1903
10.1907
10.1926
10.1951
10.1953
10.1957
10.1961
10.1974
10.1946
10.1898
10.1871
10.1837
10.1798
10.1751
10.1711
10.1647
10.1585
10.1522
10.1439
10.1373
10.1317
10.1255
10.1105
10.103
10.0981
10.0917
10.0889
10.0888
10.0882
10.0857
10.0924
10.0992
10.1072
10.1115
10.1137
10.1289
10.1437
10.1596
10.1691
10.1844
10.2017
10.206
10.2276
10.2355
10.2537
10.2666
10.2792
10.2918
10.3013
10.3105
10.3195
10.3281
10.337
10.3427
10.3496
10.3547
10.359
10.3587
10.3611
10.3532
10.3514
10.3497
10.3465
10.3446
10.3413
10.3352
10.3314
10.3274
10.3198
10.3159
10.3117
10.3095
10.308
10.3005
10.3037
10.3035
10.3058
10.3123
10.3183
10.3246
10.3316
10.3419
10.346
10.3545
10.3666
10.379
10.3972
10.4074
10.4277
10.4471
10.4695
10.5037
10.5323
10.5554
10.5823
10.6054
10.6291
10.6499
10.6716
10.6936
10.7151
10.7383
10.76
10.7807
10.7983
10.823
10.8521
10.8837
10.917
10.9555
10.9809
11.0049
11.025
11.0433
11.054
11.0732
11.0964
11.1225
11.1525
11.1825
11.1992
11.2299
11.2457
11.2557
11.266
11.2754
11.2909
11.3025
11.3175
11.3334
11.36
11.3876
11.4122
11.4307
11.4352
11.4522
11.4676
11.4899
11.5004
11.5313
11.5585
11.5871
11.6135
11.6315
11.6393
11.6624
11.7156
11.7668
11.8115
11.8427
11.8732
11.8967
11.9173
11.9525
11.9887
12.0319
12.0796
12.1294
12.1819
12.2335
12.2791
12.3038
12.3257
12.3479
12.3668
12.3888
12.4129
12.4406
12.473
12.5078
12.5497
12.5963
12.6178
12.6278
12.6537
12.6747
12.6905
12.7078
12.7301
12.7523
12.7896
12.8252
12.8625
12.892
12.9247
12.9538
12.9823
13.0111
13.0374
13.0701
13.1039
13.1246
13.1608
13.1883
13.2188
13.2497
13.2882
13.331
13.3766
13.4278
13.4697
13.5125
13.5515
13.5848
13.6195
13.6523
13.6888
13.7304
13.772
13.8206
13.8336
13.8408
13.8453
13.8369
13.8254
13.8168
13.8003
13.7853
13.7852
13.7708
13.7557
13.7476
13.7196
13.7278
13.7313
13.7452
13.7638
13.7834
13.7945
13.7861
13.7805
13.7786
13.7788
13.79
13.8132
13.8446
13.8837
13.9304
13.9749
13.9978
14.022
14.0422
14.0772
14.1073
14.1433
14.1823
14.2074
14.239
14.264
14.2845
14.3103
14.3316
14.3542
14.3832
14.4164
14.4548
14.5034
14.5616
14.6136
14.6588
14.6789
14.6859
14.6897
14.7036
14.722
14.7541
14.8095
14.8733
14.9491
15.0187
15.0609
15.1
15.1368
15.193
15.2596
15.3333
15.4226
15.5139
15.531
15.5456
15.5561
15.5506
15.5317
15.5143
15.4968
15.4845
15.469
15.4502
15.4432
15.4392
15.4375
15.432
15.4392
15.4445
15.4565
15.4809
15.5035
15.5416
15.5941
15.6516
15.6931
15.7521
15.7983
15.8248
15.8582
15.8688
15.881
15.8626
15.8479
15.8329
15.818
15.8106
15.8076
15.8185
15.8259
15.8491
15.889
15.9282
15.98
16.0323
16.0975
16.1626
16.2324
16.2814
16.2305
16.2559
16.2668
16.2693
16.2682
16.2596
16.2452
16.2375
16.2418
16.2409
16.2449
16.2594
16.2784
16.3017
16.3323
16.3806
16.4306
16.4732
16.4367
16.418
16.4722
16.5112
16.5546
16.5774
16.609
16.6311
16.6534
16.6893
16.7305
16.7835
16.8474
16.9195
17.0173
17.1146
17.2273
17.3536
17.4646
17.5776
17.5729
17.5632
17.5313
17.4955
17.4465
17.3878
17.3417
17.2841
17.2392
17.1885
17.1458
17.1125
17.0774
17.0581
17.0393
17.0485
17.0484
17.079
17.0899
17.1106
17.144
17.2112
17.2611
17.343
17.3936
17.2197
