4.25544
43.7598
34.9415
33.3034
30.6714
25.3555
21.2767
17.929
19.7532
19.302
18.6654
18.6984
18.9709
19.2907
19.6959
20.1897
20.8142
21.574
22.309
23.1404
23.9722
24.7417
25.3664
25.8894
26.4762
26.8222
27.0799
27.1795
27.1665
27.0999
26.9549
26.77
26.5235
26.4338
26.3644
26.2996
26.3029
26.2351
26.2737
26.3964
26.5285
26.7251
26.8981
27.1672
27.4695
27.7828
28.0687
28.2891
28.4495
28.5445
28.5587
28.5123
28.4316
28.3336
28.2243
28.1225
28.0487
27.9976
27.9793
27.9801
28.0059
28.0588
28.1356
28.245
28.3813
28.5276
28.6973
28.8332
29.0045
29.1307
29.1647
29.164
29.0914
29.0239
28.914
28.8216
28.6986
28.6051
28.5377
28.5027
28.4838
28.4307
28.4485
28.482
28.5412
28.6258
28.7273
28.8572
28.9999
29.1094
29.2309
29.3019
29.3176
29.2904
29.235
29.1636
29.0804
28.983
28.9038
28.8405
28.7889
28.7626
28.7608
28.7655
28.7742
28.8019
28.8165
28.8797
28.9607
29.0679
29.1755
29.2794
29.3619
29.4032
29.4058
29.3736
29.3231
29.2583
29.1911
29.1268
29.0668
29.0138
28.9802
28.971
28.9497
28.9362
28.9525
28.975
29.0335
29.1012
29.1871
29.2541
29.3166
29.3679
29.3939
29.3949
29.3737
29.3285
29.2607
29.1948
29.1329
29.081
29.042
29.0116
28.9754
28.958
28.9479
28.9379
28.9398
28.9612
28.9965
29.053
29.0891
29.1743
29.248
29.3107
29.3522
29.3653
29.347
29.3104
29.2566
29.196
29.1387
29.0858
29.045
29.0138
28.9915
28.9827
28.9891
29.0058
29.0316
29.0673
29.1198
29.1932
29.262
29.3372
29.4011
29.4496
29.4709
29.4618
29.4292
29.3748
29.2968
29.2351
29.1738
29.1332
29.1085
29.0995
29.1096
29.1339
29.143
29.1687
29.1938
29.2343
29.2664
29.3083
29.3463
29.3773
29.4086
29.4349
29.4408
29.4324
29.4108
29.3639
29.3259
29.2856
29.2437
29.2082
29.1894
29.1777
29.1772
29.1694
29.1804
29.201
29.2269
29.2628
29.3042
29.35
29.4021
29.4564
29.4773
29.5005
29.5008
29.4844
29.4487
29.4007
29.3476
29.2977
29.2565
29.2285
29.2071
29.1936
29.194
29.1954
29.2067
29.2251
29.2498
29.2772
29.3209
29.3675
29.4224
29.4744
29.5174
29.5519
29.5588
29.5424
29.4915
29.4407
29.3883
29.3397
29.2985
29.2688
29.2528
29.2504
29.259
29.2753
29.2923
29.31
29.3319
29.3584
29.3911
29.4321
29.4752
29.5163
29.5518
29.5712
29.566
29.5466
29.5046
29.4626
29.4169
29.3735
29.3399
29.3175
29.2973
29.2952
29.2868
29.295
29.3144
29.3367
29.3503
29.3752
29.3976
29.4278
29.4571
29.4876
29.5128
29.521
29.5252
29.5137
29.4893
29.4546
29.4113
29.3716
29.3329
29.3058
29.2916
29.2857
29.2815
29.2993
29.3207
29.348
29.3721
29.3934
29.4139
29.4373
29.4566
29.4766
29.4913
29.4991
29.4959
29.4821
29.4585
29.4312
29.3986
29.3672
29.3457
29.3341
29.328
29.3266
29.3348
29.3384
29.3583
29.3816
29.404
29.4288
29.4494
29.4773
29.5081
29.5318
29.5396
29.5307
29.5143
29.4926
29.4681
29.4437
29.4202
29.3894
29.3719
29.3439
29.3377
29.3371
29.3368
29.3432
29.3596
29.3584
29.3762
29.4009
29.4278
29.4535
29.4731
29.481
29.4829
29.475
29.4598
29.4399
29.416
29.3913
29.3665
29.3406
29.3202
29.3038
29.2985
29.3021
29.3117
29.3273
29.3479
29.3741
29.4018
29.4321
29.454
29.48
29.4988
29.5034
29.4958
29.4699
29.447
29.4212
29.3819
29.3518
29.3195
29.2928
29.2708
29.2669
29.2764
29.2941
29.3119
29.3278
29.3374
29.3567
29.3729
29.3941
29.4003
29.4236
29.4381
29.4516
29.4587
29.4411
29.4258
29.4076
29.3846
29.3579
29.3308
29.3086
29.3013
29.3053
29.3191
29.3401
29.3565
29.3801
29.4013
29.4176
29.4356
29.4503
29.4644
29.4811
29.4812
29.489
29.4892
29.4791
29.4614
29.4381
29.4118
29.3844
29.3574
29.3374
29.3318
29.3399
29.3441
29.3623
29.3724
29.395
29.4182
29.4296
29.4386
29.444
29.4493
29.463
29.4684
29.4671
29.4581
29.4406
29.4178
29.3935
29.366
29.342
29.3256
29.3224
29.3269
29.3423
29.3625
29.377
29.3894
29.408
29.4171
29.4268
29.4378
29.4488
29.4713
29.489
29.5031
29.5089
29.5015
29.4783
29.4491
29.4201
29.3888
29.3661
29.3431
29.3395
29.3496
29.3605
29.3661
29.3772
29.3929
29.4065
29.4171
29.4267
29.4388
29.4487
29.4624
29.4742
29.4781
29.468
29.4358
29.4104
29.3845
29.3661
29.3531
29.3462
29.3384
29.3326
29.3458
29.3578
29.3735
29.385
29.3929
29.403
29.4142
29.4112
29.4237
29.4377
29.4484
29.4493
29.4388
29.4202
29.394
29.3661
29.3486
29.3308
29.3207
29.3185
29.3209
29.3092
29.3207
29.3352
29.3513
29.3673
29.3888
29.4093
29.4256
29.4362
29.4501
29.4558
29.4515
29.4449
29.4299
29.4088
29.3777
29.3644
29.3486
29.3336
29.3232
29.3205
29.3259
29.3266
29.3336
29.3461
29.3773
29.4052
29.4251
29.442
29.4452
29.4485
29.4419
29.433
29.4173
29.3948
29.3752
29.3568
29.3414
29.3329
29.3316
29.3348
29.3285
29.3377
29.3448
29.3438
29.3506
29.3567
29.3642
29.3691
29.3756
29.3767
29.3713
29.379
29.3839
29.3953
29.3994
29.398
29.3905
29.3813
29.3702
29.3587
29.344
29.3325
29.3252
29.3235
29.3249
29.3356
29.335
29.3431
29.3449
29.3461
29.3471
29.3491
29.3454
29.3575
29.3602
29.373
29.3877
29.3933
29.3983
29.3987
29.39
29.3802
29.3684
29.3555
29.343
29.3374
29.3392
29.3492
29.3642
29.3773
29.3892
29.3978
29.3998
29.4025
29.408
29.4165
29.4237
29.4161
29.42
29.4245
29.4248
29.4166
29.4036
29.3919
29.3828
29.3796
29.3774
29.3813
29.3804
29.3759
29.3937
29.3965
29.41
29.4163
29.4127
29.4117
29.4105
29.4091
29.4018
29.403
29.4056
29.4079
29.4053
29.399
29.3879
29.3717
29.3589
29.353
29.3505
29.3562
29.3522
29.3645
29.3843
29.4029
29.4071
29.4163
29.42
29.423
29.4285
29.4327
29.4351
29.4341
29.4324
29.4132
29.4015
29.385
29.3677
29.3537
29.3448
29.3422
29.3507
29.3587
29.3753
29.3925
29.4059
29.4143
29.4196
29.4242
29.4314
29.4362
29.4371
29.4428
29.4486
29.4512
29.4478
29.4439
29.4345
29.4112
29.3871
29.3766
29.3725
29.3761
29.3845
29.3993
29.4167
29.431
29.4279
29.4246
29.4222
29.4186
29.4108
29.4039
29.3917
29.3722
29.3622
29.3362
29.3228
29.3036
29.2806
29.2536
29.2368
29.2202
29.2103
29.2075
29.2055
29.207
29.2131
29.2176
29.2234
29.2194
29.2124
29.1951
29.188
29.1846
29.1816
29.1799
29.173
29.1611
29.1439
29.1264
29.1
29.0754
29.0543
29.0404
29.0352
29.025
29.0341
29.0532
29.0557
29.0667
29.0639
29.0566
29.0431
29.0294
29.0194
29.013
28.984
28.9809
28.9798
28.9784
28.9724
28.962
28.9531
28.9392
28.9238
28.9091
28.8947
28.8806
28.8698
28.8638
28.8627
28.8622
28.8622
28.8622
28.8666
28.8648
28.8666
28.8751
28.8772
28.8784
28.8751
28.8631
28.8491
28.8324
28.8171
28.7999
28.781
28.7593
28.7414
28.733
28.7281
28.7351
28.7462
28.7569
28.7662
28.7751
28.7912
28.8054
28.8185
28.8312
28.8275
28.8418
28.8496
28.8425
28.847
28.8513
28.8534
28.8559
28.8546
28.8481
28.843
28.8213
28.8183
28.8193
28.8283
28.843
28.8636
28.8922
28.9208
28.9459
28.9656
28.9817
28.9915
29.0024
29.0075
29.011
29.0106
29.0068
29.002
28.998
28.9924
28.9736
28.9694
28.9646
28.9454
28.9501
28.9629
28.9808
29.0028
29.03
29.0572
29.0804
29.1
29.119
29.1356
29.1436
29.1434
29.141
29.133
29.1207
29.1065
29.0935
29.0793
29.0549
29.0474
29.0471
29.056
29.0719
29.087
29.1092
29.1272
29.1503
29.1753
29.1979
29.2139
29.2152
29.225
29.2303
29.2285
29.2267
29.216
29.1973
29.1777
29.1513
29.1261
29.1061
29.0967
29.0932
29.1051
29.1228
29.1484
29.1758
29.208
29.2424
29.274
29.2968
29.3092
29.3128
29.3091
29.2975
29.2856
29.2675
29.2476
29.2312
29.2189
29.2114
29.2052
29.2015
29.2028
29.2128
29.2272
29.2453
29.2639
29.2822
29.2953
29.3209
29.3514
29.3734
29.3753
29.3754
29.3709
29.3601
29.3462
29.3307
29.3143
29.3011
29.295
29.2892
29.2814
29.2745
29.2632
29.261
29.2625
29.2732
29.2909
29.3098
29.3307
29.358
29.3933
29.4224
29.4359
29.435
29.423
29.4039
29.3837
29.3602
29.338
29.3199
29.3091
29.3108
29.3162
29.3229
29.3261
29.3356
29.3495
29.3641
29.379
29.3915
29.4088
29.4278
29.4462
29.4548
29.457
29.4498
29.425
29.4029
29.382
29.3586
29.3408
29.3306
29.3254
29.3234
29.326
29.3446
29.3685
29.3932
29.4105
29.4347
29.4292
29.4364
29.4443
29.4459
29.4475
29.4436
29.4357
29.4264
29.4132
29.3975
29.3812
29.3672
29.3641
29.3656
29.3752
29.3887
29.4088
29.4293
29.4476
29.4633
29.4813
29.4968
29.5053
29.5056
29.508
29.5072
29.4868
29.4799
29.4669
29.4514
29.4377
29.4211
29.4082
29.3989
29.3967
29.3982
29.402
29.4136
29.4147
29.4277
29.4497
29.4787
29.5074
29.5221
29.5363
29.5415
29.5347
29.5189
29.4993
29.478
29.4593
29.4424
29.4302
29.4216
29.4135
29.4121
29.4125
29.4061
29.4071
29.4189
29.4347
29.4557
29.4622
29.4852
29.5049
29.5185
29.5222
29.5183
29.5013
29.4911
29.4803
29.4697
29.4581
29.4466
29.4353
29.4266
29.4174
29.4128
29.4109
29.4177
29.4269
29.4359
29.4486
29.4627
29.4806
29.5042
29.5217
29.537
29.5444
29.543
29.5358
29.5257
29.5101
29.496
29.4839
29.472
29.4671
29.4688
29.474
29.4832
29.491
29.4973
29.4985
29.4994
29.5003
29.5072
29.5218
29.5244
29.538
29.5509
29.5567
29.5538
29.5503
29.5437
29.5379
29.5336
29.5298
29.5249
29.52
29.513
29.5057
29.4972
29.4907
29.4853
29.4845
29.486
29.4963
29.5155
29.5425
29.5706
29.5975
29.6124
29.6087
29.599
29.5841
29.5641
29.5463
29.5316
29.5215
29.5162
29.518
29.5202
29.526
29.5288
29.5274
29.523
29.5244
29.5259
29.5387
29.5548
29.5713
29.5886
29.6045
29.6116
29.5996
29.5901
29.5703
29.5395
29.5225
29.5052
29.4887
29.4773
29.47
29.4653
29.4527
29.4492
29.4335
29.4396
29.4316
29.449
29.4696
29.4898
29.5122
29.5308
29.5448
29.5465
29.5374
29.5206
29.5002
29.4806
29.4575
29.4393
29.4289
29.4234
29.4218
29.4244
29.4287
29.4286
29.4345
29.4347
29.4489
29.4635
29.479
29.4989
29.5204
29.5379
29.5496
29.5534
29.5432
29.5291
29.515
29.4988
29.4829
29.4716
29.4611
29.455
29.4497
29.4424
29.4238
29.4165
29.4049
29.4152
29.4329
29.4575
29.4856
29.5158
29.5467
29.5675
29.5822
29.5868
29.5749
29.556
29.5299
29.4953
29.476
29.4656
29.4584
29.451
29.4504
29.4508
29.4543
29.4423
29.4492
29.4607
29.469
29.4828
29.4987
29.515
29.5291
29.5299
29.5366
29.5359
29.5258
29.5132
29.4997
29.4831
29.4779
29.4764
29.4761
29.4732
29.4666
29.4573
29.4503
29.4488
29.4525
29.4655
29.484
29.5068
29.5178
29.5436
29.565
29.5769
29.5523
29.542
29.5218
29.4966
29.4731
29.4549
29.4472
29.4463
29.4507
29.4584
29.462
29.4631
29.4674
29.4738
29.483
29.4911
29.5022
29.4956
29.5019
29.5143
29.5255
29.5343
29.5328
29.5227
29.4949
29.4754
29.4578
29.4284
29.4108
29.3945
29.3756
29.3708
29.356
29.3619
29.3642
29.3535
29.341
29.3221
29.3028
29.2814
29.263
29.2479
29.2345
29.2215
29.2159
29.1991
29.192
29.1814
29.1657
29.1539
29.1461
29.1426
29.1479
29.1576
29.1668
29.1714
29.1782
29.1794
29.1689
29.1243
29.1011
29.0758
29.056
29.0465
29.04
29.0373
29.0337
29.0255
29.0149
29.0031
28.9865
28.9804
28.978
28.9853
28.9997
29.0106
29.0176
29.02
29.0196
29.0168
29.0015
28.9767
28.953
28.9398
28.9345
28.9347
28.9335
28.9355
28.936
28.9307
28.9193
28.9084
28.8989
28.8894
28.8884
28.8933
28.9018
28.9229
28.9342
28.9425
28.947
28.943
28.9348
28.9244
28.9162
28.9125
28.9171
28.9234
28.9292
28.932
28.931
28.9295
28.9266
28.9226
28.9286
28.9419
28.967
28.9948
29.0208
29.0481
29.0683
29.0847
29.0919
29.0885
29.078
29.0688
29.063
29.0614
29.0505
29.0539
29.0575
29.0573
29.0597
29.0603
29.0566
29.0563
29.0642
29.081
29.1036
29.1266
29.15
29.1703
29.1849
29.1966
29.1978
29.1901
29.1733
29.1667
29.1633
29.1671
29.1726
29.1758
29.177
29.1758
29.1654
29.1646
29.1611
29.159
29.1632
29.162
29.1833
29.2025
29.2227
29.2382
29.2518
29.2615
29.2664
29.2599
29.2513
29.2408
29.2336
29.228
29.2242
29.2256
29.2294
29.231
29.2266
29.2245
29.2246
29.23
29.2448
29.26
29.2789
29.2986
29.3182
29.3372
29.3489
29.3524
29.3502
29.3413
29.3316
29.3214
29.3132
29.3088
29.3074
29.3085
29.3101
29.2967
29.2822
29.2687
29.267
29.2576
29.2607
29.2635
29.2679
29.2669
29.2722
29.2772
29.2787
29.2804
29.2844
29.2857
29.2816
29.2605
29.2564
29.2509
29.2426
29.2362
29.2263
29.2213
29.2207
29.2256
29.2369
29.2542
29.2705
29.2859
29.2905
29.2943
29.2785
29.2769
29.2662
29.252
29.2355
29.2216
29.2094
29.2015
29.1993
29.2004
29.2082
29.2156
29.2334
29.2503
29.2692
29.2824
29.2966
29.3079
29.3156
29.3154
29.3116
29.3008
29.2837
29.2718
29.2656
29.2646
29.263
29.2588
29.2537
29.2487
29.2496
29.2539
29.2655
29.283
29.3054
29.3286
29.3524
29.3766
29.3857
29.3943
29.3823
29.3749
29.3587
29.3356
29.3254
29.3127
29.3046
29.3028
29.2999
29.2959
29.2932
29.2898
29.2927
29.2977
29.2969
29.3084
29.3235
29.3401
29.3637
29.3823
29.4013
29.4064
29.4057
29.4007
29.3895
29.3748
29.3639
29.3566
29.3548
29.3579
29.3562
29.3391
29.3393
29.336
29.3368
29.3389
29.3406
29.3487
29.3592
29.3759
29.3914
29.4046
29.4158
29.4066
29.4083
29.4061
29.3936
29.3887
29.3839
29.3818
29.3815
29.3812
29.3766
29.3647
29.3557
29.34
29.3317
29.3304
29.3323
29.3438
29.3609
29.3816
29.4024
29.4218
29.4296
29.4395
29.4477
29.451
29.4491
29.4452
29.4428
29.4418
29.4367
29.4275
29.4036
29.3904
29.3776
29.3723
29.3694
29.3726
29.3815
29.3971
29.4162
29.441
29.4615
29.4755
29.4831
29.4799
29.483
29.4816
29.4528
29.4409
29.4333
29.4137
29.4094
29.401
29.3894
29.3806
29.3783
29.384
29.393
29.4019
29.4125
29.4138
29.4199
29.443
29.4621
29.48
29.4915
29.488
29.492
29.4824
29.4668
29.4524
29.4389
29.4295
29.4179
29.411
29.4057
29.4033
29.4069
29.4134
29.4153
29.4166
29.4242
29.4334
29.4527
29.4725
29.4945
29.5103
29.505
29.509
29.5015
29.4838
29.4647
29.4488
29.4312
29.4184
29.4016
29.4022
29.4033
29.4041
29.4057
29.4089
29.4048
29.4064
29.4106
29.4015
29.407
29.4165
29.4196
29.4303
29.4334
29.4305
29.4283
29.4231
29.4102
29.3873
29.3784
29.3738
29.3723
29.3725
29.3794
29.3846
29.3867
29.3875
29.3824
29.3777
29.3695
29.362
29.3577
29.3417
29.3436
29.3456
29.3454
29.3431
29.3275
29.3091
29.3017
29.2926
29.2921
29.2829
29.2898
29.2995
29.3052
29.3048
29.2994
29.2908
29.2766
29.2588
29.245
29.2347
29.2297
29.2262
29.2257
29.2314
29.2367
29.2412
29.2387
29.2262
29.2165
29.209
29.1986
29.1908
29.1884
29.1872
29.1863
29.1866
29.185
29.1877
29.1872
29.1921
29.1892
29.1869
29.1766
29.1662
29.1709
29.1739
29.1809
29.189
29.1976
29.196
29.2185
29.2271
29.23
29.2332
29.2486
29.2646
29.2822
29.2876
29.2999
29.3191
29.3337
29.3409
29.3417
29.3489
29.3365
29.3315
29.3265
29.3219
29.3221
29.3296
29.3464
29.3618
29.3764
29.3808
29.3806
29.3802
29.3761
29.3746
29.3633
29.3584
29.374
29.3949
29.4145
29.426
29.4305
29.4308
29.43
29.431
29.4288
29.43
29.4338
29.4527
29.4791
29.5063
29.5159
29.5248
29.5301
29.5345
29.542
29.5486
29.5591
29.5761
29.6009
29.6291
29.6534
29.6707
29.6862
29.6979
29.708
29.7151
29.7188
29.7256
29.736
29.7569
29.7802
29.8011
29.8012
29.8074
29.8144
29.8196
29.8327
29.8432
29.8632
29.8903
29.9197
29.9507
29.9762
29.996
30.0016
30.0201
30.0389
30.0628
30.0863
30.1117
30.1388
30.1703
30.1945
30.206
30.2063
30.2005
30.1973
30.2034
30.2171
30.2316
30.2585
30.2758
30.313
30.3471
30.3652
30.3743
30.3718
30.368
30.3679
30.3777
30.3864
30.4107
30.4415
30.4771
30.5025
30.5164
30.5217
30.5164
30.5115
30.518
30.5317
30.5508
30.5772
30.6117
30.6429
30.6657
30.6764
30.6698
30.6609
30.6541
30.6546
30.6609
30.6733
30.6754
30.6795
30.6872
30.6901
30.6871
30.6816
30.6648
30.664
30.6688
30.6827
30.6945
30.7055
30.7097
30.7121
30.6932
30.6829
30.6516
30.6395
30.6348
30.622
30.6309
30.6441
30.6447
30.6608
30.6813
30.6986
30.6949
30.6937
30.6886
30.6833
30.6834
30.6908
30.7056
30.7109
30.729
30.7432
30.7507
30.7452
30.7354
30.7238
30.7123
30.7004
30.7017
30.7096
30.7244
30.7424
30.7602
30.7726
30.7649
30.7624
30.7491
30.7408
30.7311
30.7347
30.7479
30.7441
30.7583
30.7728
30.7944
30.8081
30.7907
30.7854
30.7768
30.758
30.7631
30.7608
30.7882
30.8204
30.8538
30.8631
30.8685
30.8672
30.8549
30.8409
30.8293
30.8316
30.8478
30.8647
30.8922
30.9056
30.9342
30.9472
30.947
30.9346
30.9309
30.8934
30.8847
30.8881
30.917
30.9551
30.9965
31.0334
31.0544
31.0529
31.0328
31.0082
30.9885
30.984
30.9808
31.0145
31.0642
31.106
31.157
31.1914
31.2043
31.2057
31.195
31.1977
31.2098
31.2303
31.2521
31.2787
31.3098
31.3301
31.3329
31.3157
31.2911
31.2718
31.2598
31.2663
31.2866
31.3243
31.3725
31.4257
31.4594
31.4854
31.4968
31.498
31.4844
31.4859
31.4903
31.4851
31.4952
31.5159
31.5366
31.561
31.5667
31.5418
31.5294
31.5268
31.5408
31.5873
31.6547
31.7358
31.8244
31.9056
31.9618
31.9841
31.996
32.0039
32.0129
32.0402
32.0904
32.163
32.2534
32.3589
32.4517
32.5127
32.5448
32.5577
32.5689
32.5936
32.6274
32.7015
32.7969
32.9123
33.0111
33.0998
33.1527
33.1712
33.1666
33.1574
33.1623
33.1911
33.2438
33.3135
33.3836
33.4717
33.5315
33.5571
33.5449
33.5312
33.5105
33.5232
33.5639
33.6168
33.7171
33.8305
33.9282
34.0137
34.0595
34.0719
34.0649
34.0497
34.0402
34.0515
34.0831
34.1262
34.1844
34.2374
34.2736
34.2852
34.2788
34.266
34.2618
34.2572
34.294
34.36
34.4503
34.4735
34.5531
34.5899
34.6166
34.6181
34.6076
34.5956
34.5965
34.594
34.6224
34.6689
34.7281
34.7814
34.8092
34.8057
34.7859
34.763
34.7546
34.7472
34.7647
34.8267
34.9026
34.9587
35.0267
35.0636
35.0873
35.0889
35.0865
35.0898
35.0697
35.09
35.1207
35.1632
35.2086
35.2185
35.2296
35.22
35.2085
35.1884
35.2038
35.2434
35.3038
35.3785
35.4515
35.5287
35.6104
35.6563
35.6534
35.6415
35.6473
35.6619
35.6875
35.7235
35.7503
35.789
35.8474
35.8856
35.9053
35.8981
35.9095
35.9267
35.9563
36.0055
36.0712
36.1447
36.2068
36.2848
36.3356
36.3586
36.3635
36.3613
36.3223
36.3118
36.3288
36.3597
36.4102
36.4757
36.5239
36.5564
36.5656
36.5687
36.5753
36.5837
36.5848
36.5931
36.6348
36.6917
36.7296
36.7736
36.7998
36.81
36.8126
36.8147
36.8168
36.8262
36.8387
36.8635
36.9
36.9312
36.9459
36.9445
36.9293
36.8929
36.8865
36.902
36.9353
36.9771
37.0243
37.0727
37.1167
37.1265
37.1206
37.0823
37.0565
37.0334
37.0207
37.0111
37.0055
36.9815
36.9987
37.0276
37.0427
37.0666
37.0597
37.0771
37.0743
37.1022
37.1556
37.183
37.2081
37.2373
37.2688
37.3044
37.3293
37.3556
37.3994
37.462
37.5112
37.5883
37.6763
37.7597
37.8471
37.9273
37.9535
37.9887
37.9998
38.0533
38.1256
38.1884
38.2877
38.3771
38.4335
38.4835
38.5348
38.5651
38.5898
38.632
38.6877
38.7664
38.8554
38.9509
39.029
39.0946
39.1317
39.1716
39.1592
39.1681
39.1927
39.2201
39.242
39.3224
39.4176
39.4902
39.552
39.5995
39.6237
39.6369
39.6564
39.6898
39.7387
39.8092
39.8566
39.9455
40.0197
40.0761
40.1033
40.0999
40.0868
40.0815
40.0904
40.1231
40.1848
40.2667
40.3471
40.4115
40.4606
40.4834
40.487
40.492
40.5138
40.5441
40.5811
40.6374
40.7126
40.7837
40.8449
40.8785
40.8735
40.8493
40.8266
40.8151
40.8261
40.8653
40.9333
41.01
41.0783
41.1329
41.1554
41.1435
41.1172
41.1027
41.1111
41.1472
41.1964
41.2746
41.3071
41.3326
41.3792
41.3726
41.3485
41.3145
41.2954
41.2956
41.3213
41.3688
41.3884
41.4319
41.4582
41.4574
41.4355
41.3959
41.3609
41.3474
41.3638
41.3531
41.3928
41.4982
41.6144
41.6711
41.6869
41.6634
41.6474
41.6286
41.5837
41.5977
41.6322
41.6919
41.7778
41.8833
41.9884
42.0199
42.0553
42.0648
42.078
42.0809
42.0942
42.0962
42.1704
42.265
42.3723
42.4539
42.4824
42.472
42.4443
42.4212
42.4129
42.4187
42.4594
42.4676
42.5415
42.643
42.7321
42.7771
42.791
42.7872
42.7841
42.7835
42.7963
42.8909
43.0118
43.1408
43.2123
43.3018
43.3477
43.3611
43.3805
43.4247
43.4722
43.5422
43.6469
43.792
43.9585
44.1085
44.1556
44.151
44.1425
44.1662
44.2215
44.2953
44.3943
44.5424
44.7061
44.8678
44.9663
44.9844
44.9776
44.9886
45.03
45.0754
45.1424
45.2473
45.377
45.5338
45.6669
45.7133
45.7281
45.7474
45.7984
45.8491
45.9071
45.9859
46.1094
46.228
46.3411
46.3975
46.427
46.476
46.5622
46.6527
46.7175
46.7815
46.8702
46.9602
47.0409
47.0883
47.1116
47.1513
47.2042
47.3012
47.4092
47.544
47.7063
47.7937
47.8291
47.825
47.8306
47.8822
47.999
48.1413
48.2613
48.3949
48.5186
48.5841
48.5896
48.5672
48.5658
48.6178
48.7284
48.866
48.9815
49.1001
49.1966
49.2321
49.2126
49.1826
49.1856
49.1667
49.2287
49.3894
49.6258
49.8508
50.0386
50.1012
50.0339
49.9327
49.8497
49.8269
49.8876
50.0372
50.2582
50.4945
50.5358
50.4458
50.3255
50.2357
50.2135
50.2916
50.4568
50.6801
51.0127
51.2471
51.2368
51.1247
51.0007
50.9166
50.9105
51.0046
51.1919
51.4388
51.7524
51.9155
51.8636
51.7323
51.6078
51.5341
51.5464
51.6557
51.8592
52.1257
52.4138
52.5046
52.4175
52.2768
52.1571
52.0944
52.1273
52.2438
52.4549
52.735
53.0006
53.0243
52.9114
52.7668
52.6523
52.6045
52.6556
52.7985
52.9985
53.3084
53.5232
53.4937
53.356
53.2098
53.1011
53.0694
53.138
53.3002
53.5246
53.7692
53.8992
53.8316
53.6824
53.525
53.4043
53.3554
53.4047
53.5318
-nan
