0.209926
0.410336
0.610681
0.811025
1.01136
1.2117
1.41205
1.61239
1.81274
2.02546
2.22579
2.42612
2.62647
2.82681
3.02714
3.22745
3.42777
3.62812
3.82843
4.02875
4.22907
4.42938
4.62969
4.83001
5.03046
5.2308
5.43113
5.63145
5.83177
6.03211
6.23245
6.43277
6.63308
6.83341
7.03378
7.23429
7.43469
7.63503
7.83535
8.03568
8.236
8.43633
8.63665
8.83696
9.0373
9.23762
9.43796
9.63828
9.83863
10.0391
10.2395
10.4398
10.6401
10.8405
11.0408
11.2411
11.4414
11.6418
11.8421
12.0425
12.2429
12.4432
12.6436
12.8439
13.0442
13.2445
13.4449
13.6452
13.8455
14.0458
14.2461
14.4465
14.6469
14.8473
15.0476
15.2479
15.4482
15.6486
15.8489
16.0492
16.2495
16.4499
16.6502
16.8505
17.0509
17.2513
17.4516
17.652
17.8524
18.0527
18.253
18.4533
18.6537
18.854
19.0543
19.2547
19.455
19.6553
19.8557
20.056
20.2563
20.4566
20.657
20.8574
21.0578
21.2581
21.4584
21.6588
21.8591
22.0594
22.2598
22.4601
22.6604
22.8607
23.0611
23.2614
23.4617
23.662
23.8623
24.0626
24.263
24.4633
24.6637
24.8641
25.0644
25.2648
25.4651
25.6655
25.8658
26.0661
26.2664
26.4668
26.6671
26.8675
27.0678
27.2682
27.4685
27.6689
27.8692
28.0695
28.2699
28.4702
28.6706
28.8709
29.0713
29.2716
29.4719
29.6724
29.8727
30.073
30.2734
30.4737
30.674
30.8744
31.0747
31.275
31.4753
31.6757
31.876
32.0763
32.2766
32.477
32.6773
32.8776
33.078
33.2783
33.4786
33.679
33.8793
34.0797
34.28
34.4803
34.6807
34.881
35.0814
35.2817
35.4821
35.6824
35.8827
36.0831
36.2834
36.4838
36.6841
36.8845
37.0848
37.2851
37.4854
37.6858
37.8861
38.0865
38.2868
38.4871
38.6875
38.8878
39.0881
39.2884
39.4887
39.6891
39.8894
40.0898
40.2901
40.4904
40.6907
40.8911
41.0914
41.2918
41.4921
41.6924
41.8927
42.0931
42.2934
42.4937
42.6941
42.8944
43.0948
43.3032
43.5035
43.704
43.9043
44.1047
44.305
44.5054
44.7057
44.906
45.1064
45.3067
45.5071
45.7074
45.9077
46.1081
46.3084
46.5087
46.7091
46.9094
47.1098
47.3101
47.5104
47.7107
47.911
48.1114
48.3117
48.512
48.7124
48.9127
49.113
49.3133
49.5137
49.714
49.9143
50.1147
50.315
50.5153
50.7157
50.916
51.1163
51.3167
51.517
51.7174
51.9178
52.1181
52.3185
52.5188
52.7191
52.9195
53.1198
53.3201
53.5205
53.7208
53.9211
54.1215
54.3218
54.5221
54.7225
54.9228
55.1231
55.3235
55.5238
55.7241
55.9245
56.1248
56.3251
56.5254
56.7258
56.9261
57.1264
57.3268
57.5271
57.7274
57.9277
58.128
58.3284
58.5287
58.729
58.9293
59.1297
59.33
59.5303
59.7307
59.931
60.1313
60.3316
60.532
60.7323
60.9326
61.133
61.3333
61.5337
61.734
61.9343
62.1347
62.335
62.5353
62.7357
62.936
63.1363
63.3366
63.537
63.7373
63.9376
64.138
64.3383
64.5386
64.739
64.9393
65.1396
65.34
65.5403
65.7406
65.941
66.1414
66.3417
66.5421
66.7424
66.9427
67.143
67.3434
67.5437
67.744
67.9444
68.1447
68.3451
68.5454
68.7457
68.946
69.1464
69.3467
69.5559
69.7562
69.9565
70.1569
70.3572
70.5575
70.7579
70.9582
71.1586
71.3589
71.5592
71.7596
71.9599
72.1602
72.3606
72.5609
72.7612
72.9616
73.1619
73.3623
73.5626
73.7629
73.9633
74.1636
74.3639
74.5643
74.7646
74.9649
75.1654
75.3657
75.566
75.7664
75.9667
76.1671
76.3674
76.5677
76.7681
76.9684
77.1687
77.3691
77.5694
77.7697
77.97
78.1704
78.3707
78.571
78.7713
78.9717
79.172
79.3723
79.5727
79.773
79.9734
80.1737
80.374
80.5743
80.7747
80.975
81.1753
81.3757
81.576
81.7764
81.9767
82.177
82.3773
82.5777
82.778
82.9783
83.1787
83.379
83.5793
83.7797
83.98
84.1803
84.3807
84.581
84.7813
84.9817
85.1821
85.3824
85.5828
85.7831
85.9834
86.1838
86.3841
86.5844
86.7848
86.9851
87.1854
87.3858
87.5861
87.7864
87.9868
88.1871
88.3874
88.5878
88.7881
88.9885
89.1888
89.3891
89.5895
89.7898
89.9901
90.1905
90.3908
90.5911
90.7915
90.9918
91.1921
91.3925
91.5928
91.7931
91.9935
92.1938
92.3941
92.612
92.8123
93.0127
93.213
93.4133
93.6137
93.814
94.0144
94.2147
94.415
94.6154
94.8157
95.016
95.2164
95.4167
95.6171
95.8175
96.0179
96.2182
96.4186
96.6189
96.8192
97.0196
97.2199
97.4203
97.6206
97.8209
98.0213
98.2216
98.4219
98.6223
98.8226
99.0229
99.2233
99.4236
99.6239
99.8242
100.038
100.238
100.439
100.639
100.839
101.04
101.24
101.44
101.641
101.841
102.041
102.242
102.442
102.642
102.843
103.043
103.244
103.444
103.644
103.845
104.045
104.245
104.446
104.646
104.846
105.047
105.247
105.447
105.648
105.848
106.048
106.249
106.449
106.649
106.85
107.05
107.25
107.451
107.651
107.851
108.052
108.252
108.452
108.653
108.853
109.053
109.254
109.454
109.654
109.855
110.055
110.255
110.456
110.656
110.856
111.057
111.257
111.457
111.658
111.858
112.058
112.259
112.459
112.659
112.86
113.06
113.26
113.461
113.661
113.861
114.062
114.262
114.462
114.663
114.863
115.063
115.264
115.464
115.664
115.865
116.065
116.265
116.466
116.666
116.866
117.067
117.267
117.467
117.668
117.868
118.068
118.269
118.469
118.669
118.87
119.07
119.27
119.471
119.671
119.871
120.072
120.272
120.472
120.673
120.873
121.073
121.274
121.474
121.674
121.875
122.075
122.282
122.482
122.683
122.883
123.083
123.284
123.484
123.684
123.885
124.085
124.285
124.486
124.686
124.886
125.087
125.287
125.487
125.688
125.888
126.088
126.289
126.489
126.689
126.89
127.09
127.29
127.491
127.691
127.891
128.092
128.292
128.492
128.693
128.893
129.093
129.294
129.494
129.694
129.895
130.095
130.295
130.496
130.696
130.896
131.097
131.297
131.497
131.698
131.898
132.098
132.299
132.499
132.699
132.9
133.1
133.3
133.501
133.701
133.901
134.102
134.302
134.502
134.703
134.903
135.103
135.304
135.504
135.704
135.905
136.105
136.305
136.506
136.706
136.906
137.107
137.322
137.523
137.723
137.923
138.124
138.324
138.524
138.725
138.925
139.125
139.326
139.526
139.726
139.927
140.127
140.327
140.528
140.728
140.928
141.129
141.329
141.529
141.73
141.93
142.13
142.331
142.531
142.731
142.932
143.132
143.332
143.533
143.733
143.933
144.134
144.334
144.534
144.735
144.935
145.135
145.336
145.536
145.736
145.937
146.137
146.337
146.538
146.738
146.938
147.139
147.339
147.539
147.74
147.94
148.14
148.341
148.541
148.741
148.942
149.142
149.342
149.543
149.743
149.943
150.144
150.344
150.544
150.745
150.945
151.145
151.346
151.546
151.746
151.947
152.147
152.347
152.548
152.748
152.948
153.149
153.349
153.549
153.75
153.95
154.15
154.351
154.551
154.751
154.952
155.152
155.352
155.553
155.753
155.953
156.154
156.354
156.554
156.754
156.955
157.155
157.355
157.556
157.756
157.956
158.157
158.357
158.557
158.758
158.958
159.158
159.359
159.559
159.759
159.96
160.16
160.36
160.561
160.761
160.961
161.162
161.362
161.562
161.763
161.963
162.163
162.364
162.564
162.764
162.965
163.165
163.365
163.566
163.766
163.966
164.167
164.367
164.567
164.768
164.968
165.168
165.369
165.569
165.769
165.97
166.17
166.37
166.571
166.771
166.971
167.172
167.372
167.572
167.773
167.973
168.173
168.374
168.574
168.774
168.975
169.175
169.375
169.576
169.776
169.976
170.177
170.377
170.577
170.778
170.978
171.178
171.379
171.579
171.779
171.98
172.18
172.38
172.581
172.781
172.981
173.182
173.382
173.582
173.783
173.983
174.183
174.384
174.584
174.784
174.985
175.185
175.385
175.586
175.786
175.986
176.187
176.387
176.587
176.788
176.988
177.188
177.389
177.589
177.789
177.99
178.19
178.39
178.591
178.791
178.991
179.192
179.392
179.592
179.793
179.993
180.193
180.394
180.594
180.794
180.995
181.195
181.395
181.596
181.796
181.996
182.197
182.397
182.597
182.798
182.998
183.198
183.399
183.599
183.799
184
184.2
184.4
184.601
184.801
185.001
185.202
185.402
185.602
185.803
186.003
186.203
186.404
186.604
186.804
187.005
187.205
187.405
187.606
187.806
188.006
188.207
188.407
188.607
188.808
189.008
189.208
189.409
189.609
189.809
190.01
190.21
190.41
190.611
190.811
191.011
191.212
191.412
191.612
191.813
192.013
192.213
192.414
192.614
192.814
193.015
193.215
193.415
193.616
193.816
194.016
194.217
194.417
194.617
194.818
195.018
195.218
195.419
195.619
195.819
196.02
196.22
196.42
196.621
196.821
197.021
197.222
197.422
197.622
197.822
198.023
198.223
198.423
198.624
198.824
199.024
199.225
199.425
199.625
199.826
200.026
200.226
200.427
200.627
200.827
201.028
201.228
201.428
201.629
201.829
202.029
202.23
202.43
202.63
202.831
203.031
203.231
203.432
203.632
203.832
204.033
204.233
204.433
204.634
204.834
205.034
205.235
205.435
205.635
205.836
206.036
206.236
206.437
206.637
206.837
207.038
207.238
207.438
207.639
207.839
208.039
208.24
208.44
208.64
208.841
209.041
209.241
209.442
209.642
209.842
210.043
210.243
210.443
210.644
210.844
211.044
211.245
211.445
211.645
211.846
212.046
212.246
212.447
212.647
212.847
213.048
213.248
213.448
213.649
213.849
214.049
214.25
214.45
214.65
214.851
215.051
215.251
215.452
215.652
215.852
216.053
216.253
216.453
216.654
216.854
217.054
217.254
217.455
217.655
217.855
218.056
218.256
218.456
218.657
218.857
219.057
219.258
219.458
219.658
219.859
220.059
220.259
220.46
220.66
220.86
221.061
221.261
221.461
221.662
221.862
222.062
222.263
222.463
222.663
222.864
223.064
223.264
223.465
223.665
223.865
224.066
224.266
224.466
224.667
224.867
225.067
225.268
225.468
225.668
225.869
226.069
226.269
226.47
226.67
226.87
227.071
227.271
227.471
227.672
227.872
228.072
228.273
228.473
228.673
228.874
229.074
229.274
229.475
229.675
229.875
230.076
230.276
230.476
230.677
230.877
231.077
231.278
231.478
231.678
231.879
232.079
232.279
232.48
232.68
232.88
233.081
233.281
233.481
233.682
233.882
234.082
234.283
234.483
234.683
234.884
235.084
235.284
235.485
235.685
235.885
236.086
236.286
236.486
236.687
236.887
237.087
237.288
237.488
237.688
237.889
238.089
238.289
238.49
238.69
238.89
239.091
239.291
239.491
239.692
239.892
240.092
240.293
240.493
240.693
240.894
241.102
241.302
241.503
241.703
241.903
242.104
242.304
242.504
242.705
242.905
243.105
243.306
243.506
243.706
243.907
244.107
244.307
244.508
244.708
244.908
245.109
245.309
245.509
245.71
245.91
246.111
246.311
246.511
246.712
246.912
247.112
247.313
247.513
247.713
247.914
248.114
248.314
248.515
248.715
248.915
249.116
249.316
249.516
249.717
249.917
250.117
250.318
250.518
250.718
250.919
251.119
251.319
251.52
251.72
251.92
252.121
252.321
252.521
252.722
252.922
253.122
253.323
253.523
253.723
253.924
254.124
254.324
254.525
254.725
254.925
255.126
255.326
255.526
255.727
255.927
256.127
256.328
256.528
256.728
256.929
257.129
257.329
257.53
257.73
257.93
258.131
258.331
258.531
258.732
258.932
259.132
259.333
259.533
259.733
259.934
260.134
260.334
260.535
260.735
260.935
261.136
261.336
261.536
261.737
261.937
262.137
262.338
262.538
262.738
262.939
263.139
263.339
263.54
263.74
263.94
264.141
264.341
264.541
264.742
264.942
265.142
265.343
265.543
265.743
265.944
266.144
266.344
266.545
266.745
266.945
267.146
267.346
267.546
267.747
267.947
268.147
268.347
268.548
268.748
268.948
269.149
269.349
269.549
269.75
269.95
270.15
270.351
270.551
270.751
270.952
271.152
271.352
271.553
271.753
271.953
272.154
272.354
272.554
272.755
272.955
273.155
273.356
273.556
273.756
273.957
274.157
274.357
274.558
274.758
274.958
275.159
275.359
275.559
275.76
275.96
276.16
276.361
276.561
276.761
276.962
277.162
277.362
277.563
277.763
277.963
278.164
278.364
278.564
278.765
278.965
279.165
279.366
279.566
279.766
279.967
280.167
280.367
280.568
280.768
280.968
281.169
281.369
281.569
281.77
281.97
282.17
282.371
282.571
282.771
282.972
283.172
283.372
283.573
283.773
283.973
284.174
284.374
284.574
284.775
284.975
285.175
285.376
285.576
285.776
285.977
286.177
286.377
286.578
286.778
286.978
287.179
287.379
287.58
287.78
287.98
288.181
288.381
288.581
288.782
288.982
289.182
289.383
289.583
289.783
289.984
290.184
290.384
290.585
290.785
290.985
291.186
291.386
291.586
291.786
291.987
292.187
292.387
292.588
292.788
292.988
293.189
293.389
293.589
293.79
293.99
294.19
294.391
294.591
294.791
294.992
295.192
295.392
295.593
295.793
295.993
296.194
296.394
296.594
296.795
296.998
297.198
297.398
297.599
297.799
297.999
298.2
298.4
298.6
298.801
299.001
299.201
299.402
299.602
299.802
300.003
300.203
300.403
300.604
300.804
301.004
301.205
301.405
301.605
301.806
302.006
302.206
302.407
302.607
302.807
303.008
303.208
303.408
303.609
303.809
304.009
304.21
304.41
304.61
304.811
305.011
305.211
305.412
305.612
305.812
306.013
306.213
306.413
306.614
306.814
307.014
307.215
307.415
307.616
307.816
308.016
308.217
308.417
308.617
308.818
309.018
309.218
309.419
309.619
309.819
310.02
310.22
310.42
310.621
310.821
311.021
311.222
311.422
311.622
311.823
312.023
312.223
312.424
312.624
312.824
313.025
313.225
313.425
313.626
313.826
314.026
314.227
314.427
314.627
314.828
315.028
315.228
315.429
315.629
315.829
316.03
316.23
316.43
316.631
316.831
317.031
317.232
317.432
317.632
317.833
318.033
318.233
318.434
318.634
318.834
319.035
319.235
319.435
319.636
319.836
320.036
320.237
320.437
320.637
320.838
321.038
321.238
321.439
321.639
321.839
322.04
322.24
322.44
322.641
322.841
323.041
323.242
323.442
323.642
323.843
324.043
324.243
324.444
324.644
324.844
325.045
325.245
325.445
325.646
325.846
326.046
326.247
326.447
326.647
326.848
327.048
327.248
327.449
327.649
327.849
328.05
328.25
328.45
328.651
328.851
329.051
329.252
329.452
329.652
329.853
330.053
330.253
330.454
330.654
330.854
331.055
331.255
331.455
331.656
331.856
332.056
332.257
332.457
332.657
332.858
333.058
333.258
333.459
333.659
333.859
334.06
334.26
334.46
334.661
334.861
335.061
335.262
335.462
335.662
335.863
336.063
336.263
336.464
336.664
336.864
337.065
337.265
337.465
337.666
337.866
338.066
338.267
338.467
338.667
338.868
339.068
339.268
339.469
339.669
339.869
340.07
340.27
340.47
340.671
340.871
341.071
341.272
341.472
341.672
341.873
342.073
342.273
342.474
342.674
342.874
343.075
343.275
343.475
343.676
343.876
344.076
344.277
344.477
344.677
344.878
345.078
345.278
345.479
345.679
345.879
346.08
346.28
346.48
346.681
346.881
347.081
347.282
347.482
347.682
347.883
348.083
348.283
348.484
348.684
348.884
349.085
349.285
349.485
349.686
349.886
350.086
350.287
350.487
350.687
350.888
351.088
351.288
351.489
351.689
351.889
352.09
352.29
352.49
352.691
352.891
353.091
353.292
353.492
353.692
353.893
354.093
354.293
354.494
354.694
354.894
355.095
355.295
355.495
355.696
355.896
356.096
356.297
356.497
356.697
356.898
357.098
357.298
357.499
357.699
357.899
358.1
358.3
358.5
358.701
358.901
359.101
359.302
359.502
359.702
359.903
360.103
360.303
360.504
360.704
360.904
361.105
361.305
361.505
361.706
361.906
362.106
362.307
362.507
362.707
362.908
363.108
363.308
363.509
363.709
363.909
364.11
364.31
364.51
364.711
364.911
365.111
365.312
365.512
365.712
365.913
366.113
366.313
366.514
366.714
366.914
367.115
367.315
367.515
367.716
367.916
368.116
368.317
368.517
368.717
368.918
369.118
369.318
369.519
369.719
369.919
370.12
370.32
370.52
370.721
370.921
371.121
371.322
371.522
371.722
371.923
372.123
372.323
372.524
372.724
372.924
373.125
373.325
373.525
373.726
373.926
374.126
374.327
374.527
374.727
374.928
375.128
375.328
375.529
375.729
375.929
376.13
376.33
376.53
376.731
376.931
377.131
377.332
377.532
377.732
377.933
378.133
378.333
378.534
378.734
378.934
379.135
379.335
379.535
379.736
379.936
380.136
380.336
380.537
380.737
380.938
381.138
381.338
381.539
381.739
381.939
382.14
382.34
382.54
382.741
382.941
383.141
383.342
383.542
383.742
383.943
384.143
384.343
384.544
384.744
384.944
385.145
385.345
385.545
385.746
385.946
386.146
386.347
386.547
386.747
386.948
387.148
387.348
387.549
387.749
387.949
388.15
388.35
388.55
388.751
388.951
389.151
389.352
389.552
389.752
389.953
390.153
390.353
390.554
390.754
390.954
391.155
391.355
391.555
391.756
391.956
392.156
392.357
392.557
392.757
392.958
393.158
393.358
393.559
393.759
393.959
394.16
394.36
394.56
394.761
394.961
395.161
395.362
395.562
395.762
395.963
396.163
396.363
396.564
396.764
396.964
397.165
397.365
397.565
397.766
397.966
398.166
398.366
398.567
398.767
398.967
399.168
399.368
399.568
399.769
399.969
400.169
400.37
400.57
400.77
400.971
401.171
401.371
401.572
401.772
401.972
402.173
402.373
402.573
402.774
402.974
403.174
403.375
403.575
403.775
403.976
404.176
404.376
404.577
404.777
404.977
405.178
405.378
405.578
405.779
405.979
406.179
406.38
406.58
406.78
406.981
407.181
407.381
407.582
407.782
407.982
408.183
408.383
408.583
408.784
408.984
409.184
409.385
409.585
409.785
409.986
410.186
410.386
410.587
410.787
410.987
411.188
411.388
411.588
411.789
411.989
412.189
412.39
412.59
412.79
412.991
413.191
413.391
413.592
413.792
413.992
414.193
414.393
414.593
414.794
414.994
415.194
415.395
415.595
415.795
415.996
416.196
416.396
416.597
416.797
416.997
417.198
417.398
417.598
417.799
417.999
418.199
418.4
418.6
418.8
419.001
419.201
419.401
419.602
419.802
420.002
420.203
420.403
420.603
420.804
421.004
421.204
421.405
421.605
421.805
422.006
422.206
422.406
422.607
422.807
423.007
423.208
423.408
423.608
423.809
424.009
424.209
424.41
424.61
424.81
425.011
425.211
425.411
425.612
425.812
426.012
426.213
426.413
426.613
426.814
427.014
427.214
427.415
427.615
427.815
428.016
428.216
428.416
428.617
428.817
429.017
429.218
429.418
429.618
429.819
430.019
430.219
430.42
430.62
430.82
431.021
431.221
431.421
431.622
431.822
432.022
432.223
432.423
432.623
432.824
433.024
433.224
433.425
433.625
433.825
434.026
434.226
434.426
434.627
434.827
435.027
435.228
435.428
435.628
435.829
436.029
436.229
436.43
436.63
436.83
437.031
437.231
437.431
437.632
437.832
438.032
438.233
438.433
438.633
438.834
439.034
439.234
439.435
439.635
439.835
440.036
440.236
440.436
440.637
440.837
441.037
441.238
441.438
441.638
441.839
442.039
442.239
442.44
442.64
442.84
443.041
443.241
443.441
443.642
443.842
444.042
444.243
444.443
444.643
444.844
445.044
445.244
445.445
445.669
445.87
446.07
446.27
446.471
446.671
446.871
447.072
447.272
447.472
447.673
447.873
448.073
448.274
448.474
448.674
448.875
449.075
449.275
449.476
449.676
449.876
450.077
450.277
450.477
450.678
450.878
451.078
451.279
451.479
451.679
451.88
452.08
452.28
452.481
452.681
452.881
453.082
453.282
453.482
453.683
453.883
454.083
454.284
454.484
454.684
454.885
455.085
455.285
455.486
455.686
455.886
456.087
456.287
456.487
456.688
456.888
457.108
457.308
457.509
457.709
457.909
458.11
458.31
458.51
458.711
458.911
459.111
459.312
459.512
459.712
459.913
460.113
460.313
460.514
460.714
460.914
461.115
461.315
461.515
461.716
461.916
462.116
462.317
462.517
462.717
462.918
463.118
463.318
463.519
463.719
463.919
464.12
464.32
464.52
464.721
464.921
465.121
465.322
465.522
465.722
465.923
466.123
466.323
466.524
466.724
466.924
467.125
467.325
467.525
467.726
467.926
468.126
468.327
468.527
468.727
468.928
469.128
469.328
469.529
469.729
469.929
470.13
470.33
470.53
470.731
470.931
471.131
471.332
471.532
471.732
471.933
472.133
472.333
472.534
472.734
472.934
473.135
473.335
473.535
473.736
473.936
474.136
474.337
474.537
474.737
474.938
475.138
475.338
475.539
475.739
475.939
476.14
476.34
476.54
476.741
476.941
477.141
477.342
477.542
477.742
477.943
478.143
478.343
478.544
478.744
478.944
479.145
479.345
479.545
479.746
479.946
480.146
480.347
480.547
480.747
480.948
481.148
481.348
481.561
481.761
481.962
482.162
482.362
482.563
482.763
482.963
483.164
483.364
483.564
483.765
483.965
484.165
484.366
484.566
484.766
484.967
485.167
485.367
485.568
485.768
485.968
486.169
486.369
486.569
486.77
486.97
487.17
487.371
487.571
487.771
487.972
488.172
488.372
488.573
488.773
488.973
489.174
489.374
489.574
489.775
489.975
490.175
490.376
490.576
490.776
490.977
491.177
491.377
491.578
491.778
491.978
492.179
492.379
492.579
492.78
492.98
493.18
493.381
493.581
493.781
493.982
494.182
494.382
494.583
494.783
494.983
495.184
495.384
495.584
495.785
495.985
496.185
496.386
496.586
496.786
496.987
497.187
497.387
497.588
497.788
497.988
498.189
498.389
498.589
498.79
498.99
499.19
499.391
499.591
499.791
499.992
500.192
500.392
500.593
500.793
500.993
501.194
501.394
501.594
501.795
501.995
502.195
502.396
502.596
502.796
502.997
503.197
503.397
503.598
503.798
503.998
504.199
504.399
504.599
504.8
505
505.2
505.401
505.601
505.801
506.002
506.202
506.402
506.603
506.803
507.003
507.204
507.404
507.604
507.805
508.005
508.205
508.406
508.606
508.806
509.007
509.207
509.407
509.608
509.808
510.008
510.209
510.409
510.609
510.81
511.01
511.21
511.411
511.611
511.811
512.012
512.212
512.412
512.613
512.813
513.013
513.214
513.414
513.614
513.815
514.015
514.215
514.416
514.616
514.816
515.017
515.217
515.417
515.618
515.818
516.018
516.219
516.419
516.619
516.82
517.02
517.22
517.421
517.621
517.821
518.022
518.222
518.422
518.623
518.823
519.023
519.224
519.424
519.624
519.825
520.025
520.225
520.426
520.626
520.826
521.027
521.227
521.427
521.628
521.828
522.028
522.229
522.429
522.629
522.83
523.03
523.23
523.431
523.631
523.831
524.032
524.232
524.432
524.633
524.833
525.033
525.234
525.434
525.634
525.835
526.035
526.235
526.436
526.636
526.836
527.037
527.237
527.437
527.641
527.841
528.041
528.242
528.442
528.642
528.843
529.043
529.243
529.444
529.644
529.844
530.045
530.245
530.445
530.646
530.846
531.046
531.247
531.447
531.647
531.848
532.048
532.248
532.449
532.649
532.849
533.05
533.25
533.45
533.651
533.851
534.051
534.252
534.452
534.652
534.853
535.053
535.253
535.454
535.654
535.854
536.055
536.255
536.455
536.656
536.856
537.056
537.257
537.457
537.657
537.858
538.058
538.258
538.459
538.659
538.859
539.06
539.26
539.46
539.661
539.861
540.061
540.262
540.462
540.662
540.863
541.063
541.263
541.464
541.664
541.864
542.065
542.265
542.465
542.666
542.866
543.066
543.267
543.467
543.667
543.868
544.068
544.268
544.469
544.669
544.869
545.07
545.27
545.47
545.67
545.871
546.071
546.271
546.472
546.672
546.872
547.073
547.273
547.473
547.674
547.874
548.074
548.275
548.475
548.675
548.876
549.076
549.276
549.477
549.677
549.877
550.078
550.278
550.478
550.679
550.879
551.079
551.28
551.48
551.68
551.881
552.081
552.281
552.482
552.682
552.882
553.083
553.283
553.483
553.684
553.884
554.084
554.285
554.485
554.685
554.886
555.086
555.286
555.487
555.687
555.887
556.088
556.288
556.488
556.689
556.889
557.089
557.29
557.49
557.69
557.891
558.091
558.291
558.492
558.692
558.892
559.093
559.293
559.493
559.694
559.894
560.094
560.295
560.495
560.695
560.896
561.096
561.296
561.497
561.697
561.897
562.098
562.298
562.498
562.699
562.899
563.099
563.3
563.5
563.7
563.901
564.101
564.301
564.502
564.702
564.902
565.103
565.306
565.506
565.707
565.907
566.107
566.308
566.508
566.708
566.909
567.109
567.309
567.51
567.71
567.91
568.111
568.311
568.511
568.712
568.912
569.112
569.313
569.513
569.713
569.914
570.114
570.314
570.515
570.715
570.915
571.116
571.316
571.516
571.717
571.917
572.117
572.318
572.518
572.718
572.919
573.119
573.319
573.52
573.72
573.92
574.121
574.321
574.521
574.721
574.922
575.122
575.322
575.523
575.723
575.923
576.124
576.324
576.524
576.725
576.925
577.125
577.326
577.526
577.726
577.927
578.127
578.327
578.528
578.728
578.928
579.129
579.329
579.529
579.73
579.93
580.13
580.331
580.531
580.731
580.932
581.132
581.332
581.533
581.733
581.933
582.134
582.334
582.534
582.735
582.935
583.135
583.336
583.536
583.736
583.937
584.137
584.337
584.538
584.738
584.938
585.139
585.339
585.539
585.74
585.94
586.14
586.341
586.541
586.741
586.942
587.142
587.342
587.543
587.743
587.943
588.144
588.344
588.544
588.745
588.945
589.145
589.346
589.546
589.746
589.947
590.147
590.347
590.548
590.748
590.948
591.149
591.349
591.549
591.75
591.95
592.15
592.351
592.551
592.751
592.952
593.152
593.352
593.553
593.753
593.953
594.154
594.354
594.554
594.755
594.955
595.155
595.356
595.556
595.756
595.957
596.157
596.357
596.558
596.758
596.958
597.159
597.359
597.559
597.76
597.96
598.16
598.361
598.561
598.761
598.962
599.162
599.362
599.563
599.765
599.965
600.165
600.366
600.566
600.766
600.967
601.167
601.367
601.568
601.768
601.968
602.169
602.369
602.569
602.77
602.97
603.17
603.371
603.571
603.771
603.972
604.172
604.372
604.573
604.773
604.973
605.174
605.374
605.574
605.775
605.975
606.175
606.376
606.576
606.776
606.977
607.177
607.377
607.578
607.778
607.978
608.179
608.379
608.579
608.78
608.98
609.18
609.381
609.581
609.781
609.982
610.182
610.382
610.583
610.783
610.983
611.184
611.384
611.584
611.785
611.994
612.194
612.394
612.595
612.795
612.995
613.196
613.396
613.596
613.797
613.997
614.197
614.398
614.598
614.798
614.999
615.199
615.399
615.6
615.8
616
616.201
616.401
616.601
616.802
617.002
617.202
617.403
617.603
617.803
618.004
618.204
618.404
618.605
618.805
619.005
619.206
619.406
619.606
619.807
620.007
620.207
620.408
620.608
620.808
621.009
621.209
621.409
621.61
621.81
622.01
622.211
622.411
622.611
622.812
623.012
623.212
623.413
623.613
623.813
624.014
624.214
624.414
624.615
624.815
625.015
625.216
625.416
625.616
625.817
626.017
626.217
626.418
626.618
626.818
627.019
627.219
627.419
627.62
627.82
628.02
628.221
628.421
628.621
628.822
629.022
629.222
629.423
629.623
629.823
630.024
630.224
630.424
630.625
630.825
631.025
631.226
631.426
631.626
631.827
632.027
632.227
632.428
632.628
632.828
633.029
633.229
633.429
633.63
633.83
634.03
634.231
634.431
634.631
634.832
635.032
635.232
635.433
635.633
635.833
636.034
636.234
636.434
636.635
636.835
637.035
637.236
637.436
637.636
637.837
638.037
638.237
638.438
638.638
638.838
639.039
639.239
639.439
639.64
639.84
640.04
640.241
640.441
640.641
640.842
641.042
641.242
641.443
641.643
641.843
642.044
642.244
642.444
642.645
642.845
643.045
643.246
643.446
643.646
643.846
644.047
644.247
644.447
644.648
644.848
645.048
645.249
645.449
645.649
645.85
646.05
646.25
646.451
646.651
646.851
647.052
647.252
647.452
647.653
647.853
648.053
648.254
648.454
648.654
648.855
649.072
649.272
649.473
649.673
649.873
650.074
650.274
650.474
650.675
650.875
651.075
651.276
651.476
651.676
651.877
652.077
652.277
652.478
652.678
652.878
653.079
653.279
653.479
653.68
653.88
654.08
654.281
654.481
654.681
654.882
655.082
655.282
655.483
655.683
655.883
656.084
656.284
656.484
656.685
656.885
657.085
657.286
657.486
657.686
657.887
658.087
658.287
658.488
658.688
658.888
659.089
659.289
659.489
659.69
659.89
660.09
660.291
660.491
660.691
660.892
661.092
661.292
661.493
661.693
661.893
662.094
662.294
662.494
662.695
662.895
663.095
663.295
663.496
663.696
663.896
664.097
664.297
664.497
664.698
664.898
665.098
665.299
665.499
665.699
665.9
666.1
666.3
666.501
666.701
666.901
667.102
667.302
667.502
667.703
667.903
668.103
668.304
668.504
668.704
668.905
669.105
669.305
669.506
669.706
669.906
670.107
670.307
670.507
670.708
670.908
671.108
671.309
671.509
671.709
671.91
672.11
672.31
672.511
672.711
672.911
673.112
673.312
673.512
673.713
673.913
674.113
674.314
674.514
674.714
674.915
675.115
675.315
675.516
675.716
675.916
676.117
676.317
676.517
676.718
676.918
677.118
677.318
677.519
677.719
677.919
678.12
678.32
678.52
678.721
678.921
679.121
679.322
679.522
679.722
679.923
680.123
680.323
680.524
680.724
680.924
681.125
681.325
681.525
681.726
681.926
682.126
682.327
682.527
682.727
682.928
683.128
683.328
683.529
683.729
683.929
684.13
684.33
684.53
684.731
684.931
685.131
685.332
685.532
685.732
685.933
686.133
686.333
686.534
686.734
686.934
687.135
687.335
687.535
687.736
687.936
688.136
688.337
688.537
688.737
688.938
689.138
689.338
689.539
689.739
689.939
690.14
690.34
690.54
690.741
690.941
691.141
691.342
691.542
691.742
691.943
692.143
692.343
692.544
692.744
692.944
693.145
693.345
693.545
693.746
693.946
694.146
694.347
694.547
694.747
694.948
695.148
695.348
695.549
695.749
695.949
696.15
696.35
696.55
696.751
696.951
697.151
697.352
697.552
697.752
697.953
698.153
698.353
698.554
698.754
698.954
699.155
699.355
699.555
699.756
699.956
700.156
700.369
700.569
700.769
700.97
701.17
701.37
701.571
701.771
701.971
702.172
702.372
702.572
702.773
702.973
703.173
703.383
703.583
703.784
703.984
704.184
704.385
704.585
704.785
704.986
705.186
705.386
705.587
705.787
705.987
706.188
706.388
706.588
706.789
706.989
707.189
707.39
707.59
707.79
707.991
708.191
708.391
708.592
708.792
708.992
709.193
709.393
709.593
709.794
709.994
710.194
710.395
710.595
710.795
710.996
711.196
711.396
711.597
711.797
711.997
712.198
712.398
712.598
712.799
712.999
713.199
713.399
713.6
713.8
714
714.201
714.401
714.601
714.802
715.002
715.202
715.403
715.603
715.803
716.004
716.204
716.404
716.605
716.805
717.005
717.206
717.406
717.606
717.807
718.007
718.207
718.408
718.608
718.808
719.009
719.209
719.409
719.61
719.81
720.01
720.211
720.423
720.624
720.824
721.024
721.225
721.425
721.625
721.826
722.026
722.226
722.427
722.627
722.827
723.028
723.234
723.434
723.634
723.835
724.035
724.235
724.436
724.636
724.836
725.037
725.237
725.437
725.638
725.838
726.038
726.239
726.439
726.639
726.84
727.04
727.24
727.441
727.641
727.841
728.042
728.242
728.442
728.643
728.843
729.043
729.244
729.444
729.644
729.845
730.045
730.245
730.446
730.646
730.846
731.047
731.247
731.447
731.648
731.848
732.048
732.249
732.449
732.649
732.85
733.05
733.25
733.451
733.651
733.851
734.052
734.252
734.452
734.653
734.853
735.053
735.254
735.454
735.654
735.855
736.055
736.256
736.456
736.656
736.857
737.057
737.257
737.457
737.658
737.858
738.058
738.259
738.459
738.659
738.86
739.06
739.26
739.461
739.661
739.861
740.062
740.262
740.462
740.663
740.863
741.063
741.264
741.464
741.664
741.865
742.065
742.265
742.466
742.666
742.866
743.067
743.267
743.467
743.668
743.868
744.068
744.269
744.469
744.669
744.87
745.07
745.27
745.471
745.671
745.872
746.072
746.272
746.473
746.673
746.873
747.074
747.274
747.474
747.675
747.875
748.075
748.276
748.476
748.676
748.877
749.077
749.277
749.478
749.687
749.887
750.087
750.288
750.488
750.688
750.889
751.089
751.289
751.49
751.69
751.89
752.091
752.291
752.491
752.692
752.892
753.092
753.293
753.493
753.693
753.894
754.094
754.294
754.495
754.695
754.895
755.096
755.296
755.496
755.697
755.897
756.097
756.298
756.498
756.698
756.899
757.099
757.299
757.5
757.7
757.9
758.101
758.301
758.501
758.702
758.902
759.102
759.303
759.503
759.703
759.904
760.104
760.304
760.505
760.705
760.905
761.106
761.306
761.506
761.707
761.907
762.107
762.308
762.508
762.708
762.909
763.109
763.309
763.51
763.71
763.91
764.111
764.311
764.511
764.712
764.912
765.112
765.313
765.513
765.713
765.914
766.114
766.314
766.515
766.715
766.915
767.116
767.316
767.516
767.717
767.917
768.117
768.318
768.518
768.718
768.919
769.119
769.319
769.52
769.72
769.92
770.121
770.321
770.521
770.722
770.922
771.122
771.323
771.523
771.723
771.924
772.124
772.324
772.525
772.725
772.925
773.126
773.326
773.526
773.727
773.927
774.127
774.328
774.528
774.728
774.929
775.129
775.329
775.53
775.73
775.93
776.131
776.331
776.531
776.732
776.932
777.132
777.333
777.533
777.733
777.934
778.134
778.335
778.535
778.735
778.935
779.136
779.336
779.536
779.737
779.937
780.137
780.338
780.538
780.738
780.939
781.139
781.339
781.54
781.74
781.94
782.141
782.341
782.541
782.742
782.942
783.142
783.343
783.543
783.743
783.944
784.144
784.344
784.545
784.745
784.945
785.146
785.346
785.546
785.747
785.947
786.147
786.348
786.548
786.748
786.949
787.149
787.349
787.55
787.75
787.95
788.151
788.351
788.551
788.752
788.952
789.152
789.353
789.553
789.753
789.954
790.154
790.354
790.555
790.755
790.955
791.156
791.356
791.556
791.757
791.957
792.157
792.358
792.558
792.758
792.959
793.159
793.359
793.56
793.76
793.96
794.161
794.361
794.561
794.762
794.962
795.162
795.363
795.563
795.763
795.964
796.164
796.364
796.565
796.765
796.965
797.166
797.366
797.566
797.767
797.967
798.167
798.368
798.568
798.768
798.969
799.169
799.369
799.57
799.77
799.97
800.171
800.371
800.571
800.772
800.972
801.172
801.373
801.573
801.773
801.974
802.174
802.374
802.575
802.775
802.975
803.176
803.376
803.576
803.777
803.977
804.177
804.378
804.578
804.778
804.979
805.179
805.379
805.58
805.78
805.98
806.181
806.381
806.581
806.782
806.982
807.182
807.383
807.583
807.783
807.984
808.184
808.385
808.585
808.785
808.986
809.186
809.386
809.587
809.787
809.987
810.188
810.388
810.588
810.789
810.989
811.189
811.39
811.59
811.79
811.991
812.191
812.391
812.592
812.792
812.992
813.193
813.399
813.599
813.8
814
814.2
814.401
814.601
814.801
815.002
815.202
815.402
815.603
815.803
816.003
816.204
816.404
816.604
816.805
817.005
817.205
817.405
817.606
817.806
818.006
818.207
818.407
818.607
818.808
819.008
819.208
819.409
819.609
819.809
820.01
820.21
820.414
820.615
820.815
821.015
821.216
821.416
821.616
821.817
822.017
822.217
822.418
822.618
822.818
823.019
823.219
823.419
823.62
823.82
824.02
824.221
824.421
824.621
824.822
825.022
825.222
825.423
825.623
825.823
826.024
826.224
826.424
826.625
826.825
827.025
827.226
827.426
827.631
827.831
828.031
828.232
828.432
828.632
828.833
829.033
829.233
829.434
829.634
829.834
830.035
830.235
830.435
830.636
830.836
831.036
831.237
831.437
831.637
831.838
832.038
832.238
832.439
832.639
832.839
833.04
833.24
833.44
833.641
833.841
834.041
834.242
834.442
834.642
834.843
835.043
835.243
835.444
835.644
835.844
836.045
836.245
836.445
836.646
836.846
837.046
837.247
837.447
837.647
837.848
838.048
838.248
838.449
838.649
838.85
839.05
839.25
839.45
839.651
839.851
840.051
840.252
840.452
840.652
840.853
841.053
841.253
841.454
841.654
841.854
842.055
842.255
842.455
842.656
842.856
843.056
843.257
843.457
843.657
843.858
844.058
844.258
844.459
844.659
844.859
845.06
845.26
845.46
845.661
845.861
846.061
846.262
846.462
846.662
846.863
847.063
847.263
847.464
847.664
847.864
848.065
848.265
848.466
848.666
848.866
849.067
849.267
849.467
849.668
849.868
850.068
850.269
850.469
850.669
850.87
851.07
851.27
851.474
851.674
851.874
852.075
852.275
852.475
852.676
852.876
853.076
853.277
853.477
853.677
853.878
854.078
854.278
854.479
854.679
854.879
855.08
855.28
855.48
855.681
855.881
856.081
856.282
856.482
856.682
856.883
857.083
857.283
857.484
857.684
857.884
858.085
858.285
858.485
858.686
858.886
859.086
859.287
859.487
859.687
859.888
860.088
860.288
860.489
860.689
860.889
861.09
861.29
861.49
861.691
861.891
862.091
862.292
862.492
862.692
862.893
863.093
863.293
863.494
863.694
863.894
864.095
864.295
864.495
864.696
864.896
865.096
865.297
865.497
865.697
865.898
866.098
866.298
866.499
866.699
866.899
867.1
867.3
867.5
867.701
867.901
868.101
868.302
868.502
868.702
868.903
869.103
869.303
869.504
869.704
869.904
870.105
870.305
870.505
870.706
870.906
871.106
871.307
871.507
871.707
871.908
872.108
872.308
872.509
872.709
872.909
873.11
873.31
873.51
873.711
873.911
874.112
874.312
874.512
874.713
874.913
875.113
875.314
875.514
875.714
875.915
876.115
876.315
876.516
876.716
876.916
877.117
877.317
877.517
877.718
877.918
878.118
878.319
878.519
878.719
878.92
879.12
879.32
879.521
879.721
879.921
880.122
880.322
880.522
880.723
880.923
881.123
881.324
881.524
881.724
881.925
882.125
882.325
882.526
882.726
882.926
883.127
883.327
883.527
883.728
883.928
884.128
884.329
884.529
884.729
884.93
885.13
885.33
885.531
885.731
885.931
886.132
886.332
886.532
886.733
886.933
887.133
887.334
887.534
887.734
887.935
888.135
888.335
888.536
888.736
888.936
889.137
889.337
889.537
889.738
889.938
890.138
890.339
890.539
890.739
890.94
891.14
891.34
891.541
891.741
891.941
892.142
892.342
892.542
892.743
892.943
893.143
893.344
893.544
893.744
893.945
894.145
894.345
894.546
894.746
894.946
895.147
895.347
895.547
895.748
895.948
896.148
896.349
896.549
896.749
896.95
897.15
897.35
897.551
897.751
897.951
898.152
898.352
898.552
898.753
898.953
899.153
899.354
899.554
899.754
899.955
900.155
900.355
900.556
900.756
900.956
901.157
901.357
901.557
901.758
901.958
902.158
902.359
902.559
902.759
902.96
903.16
903.36
903.561
903.761
903.961
904.162
904.362
904.562
904.763
904.963
905.163
905.364
905.564
905.764
905.965
906.165
906.365
906.566
906.766
906.966
907.167
907.367
907.567
907.768
907.968
908.168
908.369
908.569
908.769
908.97
909.17
909.37
909.571
909.771
909.971
910.172
910.372
910.572
910.773
910.973
911.173
911.374
911.574
911.774
911.975
912.175
912.375
912.576
912.776
912.976
913.177
913.377
913.577
913.778
913.978
914.178
914.379
914.579
914.779
914.98
915.18
915.38
915.581
915.781
915.981
916.182
916.382
916.582
916.783
916.983
917.183
917.384
917.584
917.784
917.985
918.185
918.385
918.586
918.786
918.986
919.187
919.387
919.587
919.788
919.988
920.188
920.389
920.589
920.789
920.99
921.19
921.39
921.591
921.791
921.991
922.192
922.392
922.592
922.793
922.993
923.193
923.394
923.594
923.794
923.995
924.195
924.395
924.596
924.796
924.996
925.197
925.397
925.597
925.798
925.998
926.198
926.399
926.599
926.799
927
927.2
927.4
927.601
927.801
928.001
928.202
928.402
928.602
928.803
929.003
929.203
929.404
929.604
929.804
930.005
930.205
930.405
930.606
930.806
931.006
931.207
931.407
931.607
931.808
932.008
932.208
932.409
932.609
932.81
933.01
933.21
933.41
933.611
933.811
934.011
934.212
934.412
934.612
934.813
935.013
935.213
935.414
935.614
935.814
936.015
936.215
936.415
936.616
936.816
937.026
937.226
937.426
937.627
937.827
938.027
938.24
938.44
938.641
938.841
939.041
939.242
939.442
939.642
939.843
940.043
940.244
940.444
940.644
940.844
941.045
941.245
941.445
941.646
941.846
942.046
942.247
942.447
942.647
942.848
943.048
943.248
943.449
943.649
943.849
944.05
944.25
944.45
944.651
944.851
945.051
945.252
945.452
945.652
945.853
946.053
946.253
946.454
946.654
946.854
947.055
947.255
947.455
947.656
947.856
948.056
948.257
948.457
948.657
948.858
949.058
949.258
949.459
949.659
949.859
950.06
950.26
950.46
950.661
950.861
951.061
951.262
951.462
951.662
951.863
952.063
952.263
952.464
952.664
952.864
953.065
953.265
953.465
953.666
953.866
954.066
954.267
954.467
954.667
954.868
955.068
955.268
955.469
955.669
955.869
956.07
956.27
956.47
956.671
956.871
957.071
957.272
957.472
957.672
957.873
958.073
958.273
958.474
958.674
958.874
959.075
959.275
959.475
959.676
959.876
960.076
960.277
960.477
960.677
960.878
961.078
961.278
961.479
961.679
961.879
962.08
962.28
962.48
962.681
962.881
963.081
963.282
963.482
963.682
963.883
964.083
964.283
964.484
964.684
964.884
965.085
965.285
965.485
965.686
965.886
966.086
966.287
966.487
966.687
966.888
967.088
967.288
967.489
967.689
967.889
968.09
968.29
968.49
968.691
968.891
969.091
969.292
969.492
969.692
969.893
970.093
970.293
970.494
970.694
970.894
971.095
971.295
971.495
971.696
971.896
972.11
972.31
972.511
972.711
972.911
973.112
973.312
973.512
973.713
973.913
974.113
974.314
974.514
974.714
974.915
975.115
975.315
975.516
975.716
975.916
976.117
976.317
976.517
976.718
976.918
977.118
977.319
977.519
977.719
977.92
978.12
978.32
978.521
978.721
978.921
979.122
979.322
979.522
979.723
979.923
980.123
980.324
980.524
980.724
980.925
981.125
981.325
981.526
981.726
981.926
982.127
982.327
982.527
982.728
982.928
983.128
983.329
983.529
983.729
983.93
984.13
984.33
984.531
984.731
984.931
985.132
985.332
985.532
985.733
985.933
986.133
986.334
986.534
986.734
986.935
987.135
987.335
987.536
987.736
987.936
988.137
988.337
988.541
988.741
988.941
989.142
989.342
989.542
989.743
989.943
990.143
990.344
990.544
990.744
990.945
991.145
991.345
991.546
991.746
991.946
992.147
992.347
992.547
992.748
992.948
993.148
993.349
993.549
993.749
993.95
994.15
994.35
994.551
994.751
994.951
995.152
995.352
995.552
995.753
995.953
996.153
996.354
996.554
996.754
996.955
997.155
997.355
997.556
997.756
997.956
998.157
998.357
998.557
998.758
998.958
999.158
999.359
999.559
999.759
999.96
1000.16
1000.36
1000.56
1000.76
1000.96
1001.16
1001.36
1001.56
1001.76
1001.96
1002.16
1002.36
1002.56
1002.76
1002.96
1003.17
1003.37
1003.57
1003.77
1003.97
1004.17
1004.37
1004.57
1004.77
1004.97
1005.17
1005.37
1005.57
1005.77
1005.97
1006.17
1006.37
1006.57
1006.77
1006.97
1007.17
1007.37
1007.57
1007.77
1007.97
1008.17
1008.37
1008.57
1008.77
1008.97
1009.18
1009.38
1009.58
1009.78
1009.98
1010.18
1010.38
1010.58
1010.78
1010.98
1011.18
1011.38
1011.58
1011.78
1011.98
1012.18
1012.38
1012.58
1012.78
1012.98
1013.18
1013.38
1013.58
1013.78
1013.98
1014.18
1014.38
1014.58
1014.78
1014.98
1015.19
1015.39
1015.59
1015.79
1015.99
1016.19
1016.39
1016.59
1016.79
1016.99
1017.19
1017.39
1017.59
1017.79
1017.99
1018.19
1018.39
1018.59
1018.79
1018.99
1019.19
1019.39
1019.59
1019.79
1019.99
1020.19
1020.39
1020.59
1020.79
1020.99
1021.2
1021.4
1021.6
1021.8
1022
1022.2
1022.4
1022.6
1022.8
1023
1023.2
1023.4
1023.6
1023.8
1024
1024.2
1024.4
1024.6
1024.8
1025
1025.2
1025.4
1025.6
1025.8
1026
1026.2
1026.4
1026.6
1026.8
1027.01
1027.21
1027.41
1027.61
1027.81
1028.01
1028.21
1028.41
1028.61
1028.81
1029.01
1029.21
1029.41
1029.61
1029.81
1030.01
1030.22
1030.42
1030.62
1030.82
1031.02
1031.22
1031.42
1031.62
1031.82
1032.02
1032.22
1032.42
1032.62
1032.82
1033.02
1033.22
1033.42
1033.62
1033.82
1034.02
1034.22
1034.42
1034.62
1034.82
1035.02
1035.22
1035.42
1035.62
1035.82
1036.02
1036.23
1036.43
1036.63
1036.83
1037.03
1037.23
1037.43
1037.63
1037.83
1038.03
1038.23
1038.43
1038.63
1038.83
1039.03
1039.23
1039.43
1039.63
1039.83
1040.03
1040.23
1040.43
1040.63
1040.83
1041.03
1041.23
1041.43
1041.63
1041.83
1042.03
1042.24
1042.44
1042.64
1042.84
1043.04
1043.24
1043.44
1043.64
1043.84
1044.04
1044.24
1044.44
1044.64
1044.84
1045.04
1045.24
1045.44
1045.64
1045.84
1046.04
1046.24
1046.44
1046.64
1046.84
1047.04
1047.24
1047.44
1047.64
1047.84
1048.04
1048.24
1048.45
1048.65
1048.85
1049.05
1049.25
1049.45
1049.65
1049.85
1050.05
1050.25
1050.45
1050.65
1050.85
1051.05
1051.25
1051.45
1051.65
1051.85
1052.05
1052.25
1052.45
1052.65
1052.85
1053.05
1053.25
1053.45
1053.65
1053.85
1054.05
1054.25
1054.46
1054.66
1054.86
1055.06
1055.26
1055.46
1055.66
1055.86
1056.06
1056.26
1056.46
1056.66
1056.86
1057.06
1057.26
1057.46
1057.66
1057.86
1058.06
1058.26
1058.46
1058.66
1058.86
1059.06
1059.26
1059.46
1059.66
1059.86
1060.06
1060.26
1060.47
1060.67
1060.87
1061.07
1061.27
1061.47
1061.67
1061.87
1062.07
1062.27
1062.47
1062.67
1062.87
1063.07
1063.27
1063.47
1063.67
1063.87
1064.07
1064.27
1064.47
1064.67
1064.87
1065.07
1065.27
1065.47
1065.67
1065.87
1066.07
1066.27
1066.48
1066.68
1066.88
1067.08
1067.28
1067.48
1067.68
1067.88
1068.08
1068.28
1068.48
1068.68
1068.88
1069.08
1069.28
1069.48
1069.68
1069.88
1070.08
1070.28
1070.48
1070.68
1070.88
1071.08
1071.28
1071.48
1071.68
1071.88
1072.08
1072.28
1072.49
1072.69
1072.89
1073.09
1073.29
1073.49
1073.69
1073.89
1074.09
1074.29
1074.5
1074.7
1074.9
1075.1
1075.3
1075.5
1075.7
1075.9
1076.1
1076.3
1076.5
1076.7
1076.9
1077.1
1077.31
1077.51
1077.71
1077.91
1078.11
1078.31
1078.51
1078.71
1078.91
1079.11
1079.31
1079.51
1079.71
1079.91
1080.11
1080.31
1080.51
1080.71
1080.91
1081.13
1081.33
1081.53
1081.73
1081.93
1082.13
1082.33
1082.53
1082.73
1082.93
1083.13
1083.33
1083.53
1083.73
1083.93
1084.13
1084.33
1084.53
1084.73
1084.93
1085.14
1085.34
1085.54
1085.74
1085.94
1086.14
1086.34
1086.54
1086.74
1086.94
1087.14
1087.34
1087.54
1087.74
1087.94
1088.14
1088.34
1088.54
1088.74
1088.94
1089.14
1089.34
1089.54
1089.74
1089.94
1090.14
1090.34
1090.54
1090.74
1090.94
1091.15
1091.35
1091.55
1091.75
1091.95
1092.15
1092.35
1092.55
1092.75
1092.95
1093.15
1093.35
1093.55
1093.75
1093.95
1094.15
1094.35
1094.55
1094.75
1094.95
1095.15
1095.35
1095.55
1095.75
1095.95
1096.15
1096.35
1096.55
1096.75
1096.95
1097.16
1097.36
1097.56
1097.76
1097.96
1098.16
1098.36
1098.56
1098.76
1098.96
1099.16
1099.36
1099.56
1099.76
1099.96
1100.16
1100.36
1100.56
1100.76
1100.96
1101.16
1101.36
1101.56
1101.76
1101.96
1102.16
1102.36
1102.56
1102.76
1102.96
1103.17
1103.37
1103.57
1103.77
1103.97
1104.17
1104.37
1104.57
1104.77
1104.97
1105.17
1105.37
1105.57
1105.77
1105.97
1106.17
1106.37
1106.57
1106.77
1106.97
1107.17
1107.37
1107.57
1107.77
1107.97
1108.17
1108.37
1108.57
1108.77
1108.97
1109.17
1109.38
1109.58
1109.78
1109.98
1110.18
1110.38
1110.58
1110.78
1110.98
1111.18
1111.38
1111.58
1111.78
1111.98
1112.18
1112.38
1112.58
1112.78
1112.98
1113.18
1113.38
1113.58
1113.78
1113.98
1114.18
1114.38
