198.588
306.721
508.486
517.218
537.423
554.344
563.395
561.099
557.73
555.432
552.954
552.922
551.953
551.803
551.702
551.583
551.412
551.24
551.045
550.825
550.576
550.303
550.007
549.685
549.342
548.976
548.578
547.317
546.339
545.892
545.426
544.936
544.424
543.886
543.324
542.733
541.322
539.966
539.198
538.542
537.86
537.152
536.417
535.659
534.875
534.064
533.229
532.368
531.482
530.568
529.625
528.669
527.687
526.684
525.674
523.948
522.798
521.761
520.717
519.661
518.59
517.515
516.43
515.344
514.244
513.144
512.038
510.924
509.136
507.35
505.989
504.858
503.72
502.586
501.446
500.316
499.192
498.072
496.967
495.881
494.812
493.773
492.768
491.801
490.874
489.989
488.468
487.587
486.152
485.14
484.483
483.858
483.28
482.732
482.213
481.686
481.183
480.691
480.195
479.824
480.021
480.218
480.952
481.845
482.704
483.524
484.305
485.056
485.771
486.452
487.1
487.717
488.297
488.848
489.363
489.846
489.419
489.763
490.14
490.511
490.852
491.149
491.427
491.677
491.894
492.084
492.242
492.37
492.468
491.707
490.927
490.747
490.755
490.735
490.683
489.806
489.316
489.195
489.046
488.87
488.658
488.423
488.154
487.858
487.53
487.171
486.786
486.368
485.915
485.434
484.924
484.394
483.838
483.256
482.667
482.064
481.448
480.809
480.163
479.502
478.826
478.135
477.435
476.722
475.985
475.25
474.507
473.748
472.322
471.439
470.655
469.864
469.067
468.266
467.451
466.656
465.868
465.091
464.321
463.57
462.849
462.159
461.507
460.89
460.314
459.777
459.287
458.836
458.424
458.045
457.697
457.382
457.089
456.808
456.532
456.243
455.953
455.784
455.732
456.029
456.051
456.662
457.79
458.879
459.926
460.939
461.916
462.854
463.754
463.703
463.875
464.566
465.344
466.084
466.791
467.47
468.103
468.711
469.286
469.826
470.336
470.813
471.258
470.822
470.962
471.328
471.663
471.97
472.236
472.479
472.692
472.055
472.011
472.146
472.247
472.317
472.334
472.342
472.317
471.484
470.624
469.754
468.864
468.175
468.025
467.838
467.618
467.372
467.095
466.057
465.489
465.142
464.769
464.359
463.947
463.511
463.058
462.588
462.1
461.604
461.097
460.573
460.037
459.487
458.919
458.346
457.097
455.846
455.081
454.477
453.2
452.469
451.848
451.229
450.6
449.973
449.35
448.741
448.15
447.576
447.019
446.484
445.982
445.514
445.087
444.018
443.373
443.051
442.773
442.52
442.294
442.082
441.883
441.685
441.493
440.699
440.537
440.661
440.976
441.529
442.06
442.598
443.435
444.531
445.735
446.895
448.023
449.106
450.155
451.165
452.141
453.074
453.976
454.839
455.667
455.572
455.793
456.524
457.233
457.04
457.192
457.821
458.418
458.97
459.498
459.995
460.454
460.884
461.28
461.642
461.976
462.276
461.731
461.23
461.255
461.446
461.618
461.755
461.86
461.931
461.97
461.977
461.949
461.884
461.793
461.674
461.524
461.338
461.116
460.877
459.901
458.918
458.437
457.421
456.669
456.328
455.963
455.561
454.47
453.997
452.894
451.148
450.366
449.931
449.484
449.023
447.883
447.285
446.796
446.287
445.758
445.225
444.682
444.131
443.58
443.029
442.476
441.927
441.391
440.871
440.365
439.884
439.431
439.012
438.635
438.292
437.987
437.714
436.779
436.402
435.542
435.221
435.117
435.023
434.923
434.806
434.702
434.749
434.897
435.344
435.908
436.577
437.414
438.496
439.772
441.01
442.195
443.353
444.472
444.637
444.776
444.651
444.739
445.212
446.174
447.095
447.979
448.828
449.638
450.414
451.155
451.862
452.536
453.172
453.779
454.346
454.88
455.381
455.851
456.29
456.693
457.062
456.591
456.092
456.166
456.436
456.671
456.871
457.042
456.39
455.721
455.749
455.804
455.828
455.821
455.784
455.707
455.6
454.714
454.426
454.246
454.035
453.795
452.819
452.296
452.004
451.696
450.666
450.215
449.863
449.495
449.112
448.716
447.629
446.53
445.939
444.839
443.61
442.619
442.074
441.62
441.154
440.678
440.19
439.696
439.202
438.707
438.209
437.728
437.256
436.795
436.355
435.935
435.53
435.153
434.81
434.495
434.218
433.967
433.752
433.543
433.342
433.164
433.015
432.898
432.287
432.332
432.439
432.578
432.965
433.539
434.133
434.79
435.6
436.388
437.354
438.323
439.289
440.451
441.602
442.71
443.783
444.815
445.801
446.761
447.682
448.563
449.412
450.224
450.116
449.979
450.546
451.248
451.915
452.545
453.142
453.705
454.235
454.731
455.19
455.618
455.182
455.093
455.447
455.766
456.052
456.306
456.525
456.711
456.865
456.985
456.315
455.667
455.651
454.911
454.129
453.865
453.813
453.728
453.617
453.471
453.3
453.101
452.873
452.629
452.357
452.059
451.744
451.411
451.056
450.68
450.288
449.883
449.465
449.03
448.574
448.11
447.637
447.15
446.64
446.136
445.615
445.098
444.574
444.047
443.52
442.999
442.48
441.972
441.482
441.003
440.541
440.098
439.684
439.289
438.935
438.605
438.304
438.026
437.766
437.52
437.303
436.506
436.418
436.508
436.578
436.633
436.693
436.875
437.324
437.865
438.378
438.919
439.755
439.927
440.083
440.954
441.848
442.745
443.858
444.936
445.969
446.97
447.932
448.858
449.748
450.602
451.417
452.197
452.933
453.641
454.318
454.958
455.564
456.133
456.671
457.178
457.651
457.247
457.141
457.521
457.879
458.208
458.503
458.767
458.996
459.183
459.345
459.477
459.572
459.638
459.673
459.672
459.642
459.582
458.744
458.379
458.239
458.053
457.862
457.641
457.39
457.113
456.816
456.497
456.158
455.801
454.721
452.982
452.035
451.642
451.23
450.806
450.363
449.904
449.435
448.955
448.464
447.963
447.452
446.929
446.403
445.879
445.353
444.161
443.459
442.945
442.439
441.947
441.465
441
440.554
440.129
439.731
439.365
439.021
438.703
438.396
438.098
437.829
437.568
436.647
435.908
435.796
435.86
435.95
436.249
436.571
436.894
437.313
437.848
438.377
439.052
439.847
440.836
441.781
442.682
442.638
442.675
443.355
444.423
445.46
446.454
447.411
448.335
449.218
450.063
450.877
451.655
452.397
453.105
453.779
454.415
455.017
455.587
456.125
456.619
456.236
455.88
456.05
456.449
456.813
456.325
456.135
456.419
455.883
455.286
455.265
455.449
455.603
455.717
455.064
453.797
453.259
453.287
453.279
453.24
453.17
453.067
452.929
452.764
452.578
452.368
452.136
451.174
450.201
449.22
448.23
447.23
446.765
446.445
446.106
445.745
445.375
444.986
443.913
442.81
441.971
441.54
441.107
440.662
440.207
439.749
439.288
438.822
438.352
437.883
437.416
436.964
435.865
434.807
434.347
433.292
432.27
431.694
431.401
431.128
430.886
430.669
430.474
430.304
430.157
430.013
429.867
429.712
429.555
429.477
429.634
429.241
429.805
430.505
431.403
432.285
433.14
433.959
434.744
435.47
436.182
436.924
436.934
436.934
437.074
437.315
436.583
436.541
436.698
436.831
437.773
438.77
439.723
440.641
440.663
440.959
441.772
442.57
443.335
444.059
444.75
445.408
446.03
446.619
447.175
447.693
448.172
448.624
449.041
449.428
449.783
450.102
450.385
450.634
450.844
451.024
451.173
451.288
451.367
451.409
451.418
451.392
451.332
451.242
451.125
450.983
450.814
450.623
450.407
450.169
449.909
449.626
449.328
449.007
448.673
448.321
447.949
447.566
447.168
446.746
446.312
445.851
445.385
444.902
444.416
443.916
443.417
442.907
442.398
441.883
441.375
440.875
440.383
439.913
439.456
439.024
438.614
438.238
437.872
437.551
437.255
436.988
436.754
436.54
436.359
436.197
435.334
434.319
433.485
432.454
431.445
431.331
431.736
432.37
433.147
434.007
434.836
435.624
436.388
437.157
438.142
439.111
440.04
440.922
441.762
442.543
443.352
444.361
445.344
446.293
447.206
448.08
448.919
449.72
450.488
451.222
451.916
452.57
453.196
453.79
453.493
453.211
453.661
454.15
454.605
454.206
454.108
454.475
454.019
453.528
453.759
454.027
453.452
452.83
452.739
452.901
453.031
453.128
453.188
453.214
453.21
452.442
451.655
450.86
450.536
450.421
450.281
450.118
449.929
449.014
448.714
448.461
448.189
447.9
447.592
447.269
446.923
446.54
446.159
445.763
445.348
444.92
444.477
444.021
443.559
443.086
442.604
442.115
441.617
441.126
440.644
440.17
439.694
439.232
438.789
438.362
437.313
436.287
435.286
434.308
433.496
433.204
432.961
432.729
431.835
430.975
430.688
430.469
430.424
430.579
430.965
431.341
431.691
432.014
432.316
432.639
433.217
434.045
434.839
435.599
436.338
436.261
436.42
437.307
438.226
439.109
439.943
440.738
441.512
442.407
443.388
443.445
443.259
443.287
443.298
442.37
441.513
441.478
442.265
443.041
443.783
443.645
443.861
444.518
445.138
445.723
446.271
446.787
447.266
447.716
448.13
448.509
448.856
449.168
449.447
449.692
449.903
449.293
449.303
449.419
449.514
449.58
449.613
449.614
449.585
449.527
449.437
448.617
447.757
447.551
447.393
446.508
446.023
445.802
445.555
445.286
445.002
444.7
444.37
444.018
443.654
443.279
442.889
442.475
442.053
441.621
441.191
440.753
440.309
439.866
439.415
438.315
437.708
437.28
436.863
436.443
436.037
435.652
435.285
434.935
434.599
434.28
433.975
433.676
433.391
433.133
432.97
433.037
433.116
433.199
433.279
433.36
433.463
433.755
434.09
434.402
434.71
435.243
436.054
436.819
437.558
438.28
439.105
439.125
439.877
440.748
440.678
441.096
442.018
443.054
443.14
443.168
443.928
444.847
445.727
446.572
447.361
448.135
448.874
449.578
450.242
450.872
451.472
452.033
452.56
453.058
453.519
453.947
454.34
453.871
453.767
454.077
453.552
453.383
453.615
453.816
453.983
454.116
453.434
453.369
453.421
453.447
452.666
451.845
451.561
451.493
451.387
451.255
450.398
449.807
449.62
449.41
449.183
448.933
448.654
448.358
447.337
446.281
445.807
445.462
445.103
444.731
444.339
443.939
442.841
442.207
441.779
441.349
440.919
439.813
439.034
438.612
438.191
437.772
437.357
436.955
436.567
436.19
435.829
435.481
435.154
434.84
434.519
433.536
432.588
432.17
432.103
432.157
432.226
432.302
432.371
432.432
432.295
431.453
430.896
431.245
431.007
431.414
432.007
432.832
432.845
432.939
433.496
434.249
434.968
435.656
436.32
437.073
437.956
438.787
439.578
440.339
441.103
442.081
443.022
443.928
444.797
445.62
445.52
445.958
446.702
447.408
448.08
448.72
449.324
449.894
450.428
450.93
451.397
451.828
452.222
451.786
451.556
451.874
452.153
452.402
452.614
452.798
452.947
453.065
453.149
453.204
453.23
453.225
453.192
453.129
453.034
452.912
452.768
452.597
452.406
452.194
451.962
451.701
451.419
451.114
450.791
450.453
450.089
449.018
447.946
447.057
446.536
446.119
445.016
444.33
443.889
443.433
442.977
442.519
442.058
441.596
441.144
440.692
440.242
439.82
439.39
438.995
438.621
437.567
436.593
436.208
435.908
435.624
435.346
435.065
434.795
434.537
434.342
434.367
434.385
434.381
434.371
434.45
434.733
435.243
435.773
436.46
437.247
438.019
438.772
439.508
440.225
440.912
441.558
442.173
442.751
443.319
442.251
441.898
442.605
443.587
444.561
445.495
446.397
447.264
448.093
448.884
449.643
450.365
451.049
451.7
452.316
452.897
453.441
453.96
454.444
454.895
455.308
455.691
456.038
456.352
456.631
456.106
455.533
455.683
455.86
456.006
455.327
454.622
454.458
454.502
454.521
454.507
454.455
454.381
454.28
454.149
453.993
453.816
453.61
453.391
453.143
452.856
452.566
452.259
451.924
451.567
451.193
450.798
450.384
449.958
449.519
449.066
448.597
448.118
447.629
447.133
446.629
446.132
445.633
445.138
444.649
444.175
443.703
443.247
442.806
442.379
441.977
441.588
441.219
440.865
440.53
439.499
438.522
438.016
437.744
437.716
437.037
436.389
436.319
436.311
436.293
436.371
436.593
436.867
436.559
436.432
437.094
437.858
438.606
439.338
440.049
440.744
441.401
442.025
441.803
441.561
441.654
442.258
443.132
444.14
445.11
446.042
446.933
447.79
448.613
449.4
450.153
450.872
451.55
452.196
452.807
452.52
452.908
453.435
453.924
454.38
454.801
454.353
454.387
454.719
455.004
455.272
455.507
455.708
455.874
456.009
456.115
456.191
456.239
456.257
456.239
456.194
456.124
456.024
455.899
455.746
455.57
455.373
455.15
454.905
454.642
454.352
453.317
452.437
451.995
451.637
451.266
450.872
449.766
449.226
448.801
448.36
447.912
446.774
446.246
445.115
444.489
444.034
443.58
443.125
442.676
442.239
441.814
441.4
440.349
439.293
438.72
437.7
437.237
436.892
436.55
435.531
434.643
434.369
434.357
434.356
434.371
434.389
434.403
434.398
434.395
434.432
434.759
434.513
434.25
434.508
435.018
435.51
436.022
435.948
435.983
436.509
437.23
437.929
438.587
439.206
439.786
439.593
439.419
439.362
439.863
439.831
439.849
440.17
441.118
442.029
442.902
443.738
444.54
445.304
446.031
446.724
447.382
448.005
448.593
449.147
449.665
450.15
450.599
451.015
451.399
451.752
452.065
451.553
451.656
451.876
452.07
452.231
452.356
452.452
452.518
452.549
452.555
452.532
452.48
452.401
452.297
452.162
452.007
451.114
449.508
448.768
448.564
448.335
448.085
447.817
446.807
445.764
445.213
444.886
444.542
444.179
443.799
443.407
443.003
442.585
442.164
441.739
441.31
440.875
440.441
440.015
439.606
439.207
438.825
438.454
438.098
437.755
437.434
436.478
435.534
435.201
434.931
434.656
433.731
433.249
433.168
433.173
432.465
432.333
432.362
432.747
433.279
433.805
434.316
434.811
434.48
434.588
435.042
435.514
436.21
436.01
436.09
436.721
437.402
438.064
438.702
439.301
439.853
440.366
440.852
441.46
442.179
443.025
443.946
444.831
445.68
446.487
447.261
448
447.877
447.739
448.191
448.817
449.41
449.966
449.681
449.344
449.396
449.85
450.268
450.653
451.002
451.315
451.597
451.845
452.061
452.243
452.397
452.519
452.607
452.662
452.68
452.465
452.328
452.272
452.195
451.338
451.142
451.009
450.848
450.66
450.454
450.224
449.967
449.694
449.399
449.085
448.755
448.399
448.017
447.627
447.226
446.814
446.393
445.28
444.79
444.344
443.915
443.484
443.057
442.631
442.213
441.805
441.415
441.038
440.671
440.316
439.972
439.634
439.293
438.951
438.617
437.649
437.268
437.247
437.233
437.204
437.148
437.069
436.992
437.001
437.356
437.836
438.305
438.752
439.181
439.594
440.016
440.582
441.254
441.913
442.558
443.187
443.794
444.378
444.93
443.826
443.587
444.045
444.526
445.223
445.128
445.961
446.84
447.686
448.491
449.266
449.12
449.359
449.215
449.007
449.428
450.042
450.623
451.164
451.673
452.147
452.588
452.992
453.365
452.946
452.505
452.605
452.866
453.096
453.295
452.64
452.374
451.984
452.079
452.14
452.175
452.179
452.159
452.107
451.231
451.08
450.969
450.828
450.67
449.737
449.337
449.124
448.887
448.63
448.355
448.057
447.739
447.4
447.048
446.678
446.293
445.891
445.477
444.372
443.273
442.807
442.398
441.991
441.586
440.517
439.696
438.658
438.244
437.904
437.576
437.26
436.958
436.005
435.54
434.589
434.177
433.882
433.62
432.898
432.63
432.644
431.297
430.46
430.287
430.378
430.017
430.493
431.016
431.535
432.051
432.555
433.046
433.533
434.009
433.8
434.188
434.611
435.002
435.365
435.785
436.392
436.178
436.129
436.861
437.679
438.472
439.232
439.151
439.683
440.363
441.005
441.601
442.161
442.692
443.357
444.11
444.825
445.504
446.126
446.732
447.306
447.84
448.339
448.807
449.237
449.635
450.001
450.334
450.635
450.903
451.14
451.343
451.51
451.648
451.755
451.835
451.885
451.912
451.916
451.892
451.845
451.771
451.679
451.557
451.412
451.244
451.047
450.827
450.588
450.318
450.037
449.732
449.41
449.068
448.712
448.339
447.959
447.571
447.177
446.784
446.383
445.978
445.579
444.483
443.39
442.545
442.194
441.846
441.514
441.195
440.886
440.582
440.274
439.961
439.65
439.338
439.077
439.037
438.972
438.871
438.752
438.652
438.798
439.134
439.555
439.978
440.391
440.799
441.201
441.596
441.985
442.366
442.731
443.092
443.445
443.773
444.066
444.318
444.588
444.946
445.673
445.598
446.197
446.895
447.572
448.224
448.851
449.447
450.013
450.543
451.025
451.472
451.897
452.407
453.05
453.656
454.222
454.755
455.255
455.718
456.14
456.536
456.895
457.224
457.517
457.777
458.008
457.375
456.69
456.627
455.936
455.902
455.985
456.042
456.072
456.072
456.047
455.998
455.927
455.837
455.723
455.586
455.423
455.241
455.033
454.803
454.546
454.263
453.961
453.638
453.294
452.931
452.553
452.162
451.764
451.349
450.933
450.513
450.093
449.672
449.256
448.169
447.71
447.326
446.954
446.589
446.241
445.902
445.569
445.237
444.896
444.542
444.175
443.825
443.645
443.553
443.411
443.26
443.09
443.02
443.161
443.539
443.907
444.265
444.61
444.95
445.284
445.611
445.933
446.249
446.557
446.179
444.988
444.623
444.934
444.429
444.264
444.549
444.811
445.027
445.286
445.972
446.674
447.359
447.08
447.564
448.187
448.781
449.334
449.85
450.323
450.761
451.197
451.823
452.451
453.04
453.598
454.123
454.613
455.067
455.487
455.869
456.222
456.544
456.831
457.083
457.298
457.489
457.647
457.778
457.877
457.948
457.991
458.01
458.004
457.97
457.912
457.831
457.727
457.596
457.44
457.265
457.065
456.845
456.598
456.331
456.044
455.738
455.408
455.055
454.682
453.578
453.121
452.728
452.327
451.911
451.502
451.091
450.687
450.289
449.222
448.196
447.764
447.399
446.374
445.866
445.542
445.214
444.877
444.527
444.18
443.869
443.804
442.933
442.552
442.469
442.358
442.239
442.155
442.478
442.841
443.187
443.521
443.842
444.155
444.455
444.755
445.05
445.344
445.629
445.913
446.194
445.781
445.132
444.541
444.023
444.179
444.452
444.69
444.894
445.07
445.253
445.646
446.331
446.994
447.633
448.239
448.8
449.319
449.801
450.27
450.904
451.577
452.205
452.798
453.362
453.892
454.387
454.851
455.274
454.772
454.293
454.428
454.75
455.039
454.459
454.281
454.5
454.687
454.844
454.967
455.064
455.138
455.176
455.181
455.177
455.15
455.097
455.02
454.919
454.793
453.971
453.062
452.805
452.612
452.395
452.16
451.91
451.63
451.329
451.015
449.979
449.539
449.203
448.163
447.766
447.423
447.073
446.712
446.359
446.008
445.666
445.33
444.998
444.668
444.338
444.004
443.658
443.305
442.969
442.834
442.777
442.708
442.639
442.552
442.446
442.304
441.453
440.657
440.398
440.516
440.863
441.231
441.578
441.925
441.329
441.418
440.964
440.77
441.112
441.45
441.779
442.11
442.432
442.747
443.041
443.312
443.555
443.773
444.044
444.501
444.955
445.584
446.267
446.912
447.54
448.14
447.871
448.325
448.821
449.283
449.722
450.259
450.898
451.513
452.098
452.641
453.15
453.631
454.078
454.486
454.866
455.213
455.528
455.814
456.067
456.29
455.687
455.477
454.797
454.117
453.426
452.726
452.016
451.524
451.573
451.599
451.6
451.574
451.522
451.438
451.334
451.212
451.064
450.899
450.713
450.504
450.258
450.016
449.761
449.489
449.201
448.904
448.594
448.279
447.955
447.626
447.288
446.947
446.606
446.255
445.906
445.548
445.183
444.806
444.42
444.036
443.72
443.614
443.512
443.418
443.318
443.219
443.118
443.017
442.891
442.762
442.621
442.457
442.291
442.248
442.335
442.439
442.74
443.098
443.45
443.789
444.124
444.448
444.766
445.076
445.372
445.628
445.892
445.341
445.01
445.194
445.463
445.917
446.356
446.898
447.574
448.23
448.858
449.464
450.042
450.591
451.115
451.607
452.058
452.467
452.085
451.674
451.86
452.373
452.928
453.451
453.943
454.399
454.821
455.212
455.57
455.895
456.191
456.451
455.862
455.202
455.278
455.444
455.581
455.682
455.761
455.809
455.824
455.815
455.785
455.729
455.648
455.546
455.419
455.27
455.092
454.9
454.685
454.457
454.21
453.944
453.66
453.363
453.046
452.726
452.393
451.336
450.309
449.853
449.51
449.164
448.815
448.459
448.095
447.027
446.45
446.061
445.66
444.619
443.745
443.583
443.477
443.369
443.266
443.163
443.03
442.929
442.83
442.733
442.634
442.537
442.424
442.292
442.133
441.963
441.842
442.138
442.52
442.896
443.264
443.62
443.145
442.814
442.962
443.3
443.632
443.949
444.241
443.741
443.595
443.829
444.06
444.666
445.369
446.05
446.706
447.34
447.951
448.536
449.093
449.627
450.136
450.621
451.076
451.507
451.9
452.254
451.682
451.635
451.949
452.477
452.971
453.428
453.86
454.254
454.617
454.952
455.254
455.525
455.764
455.137
454.738
454.914
455.054
455.164
454.526
453.832
453.685
453.707
453.705
453.676
453.624
453.545
453.444
453.322
453.18
453.015
452.835
452.637
451.715
451.354
451.117
450.87
449.919
449.576
449.301
449.019
448.718
448.416
448.101
447.782
446.756
445.755
445.349
444.99
444.618
444.241
443.938
443.152
442.915
442.157
441.334
440.898
440.79
440.683
440.578
440.471
440.369
440.264
440.162
440.053
439.935
439.802
439.66
439.526
439.525
439.642
439.746
439.855
440.06
440.444
440.817
441.174
441.518
441.859
442.191
441.72
441.25
441.454
440.893
440.353
440.444
440.931
441.399
441.892
442.602
443.29
442.158
441.532
441.785
442.419
442.241
442.604
442.386
442.786
442.505
442.497
442.983
443.429
443.829
443.42
443.22
443.574
444.161
444.717
445.24
445.73
446.188
446.604
446.998
447.36
447.691
447.993
448.245
447.614
447.511
447.708
447.874
448.012
448.123
448.203
448.26
448.291
448.3
448.282
447.506
446.648
446.398
446.333
446.259
446.164
446.057
445.935
445.795
445.641
445.474
445.294
445.1
444.892
444.668
444.429
444.157
443.855
443.54
443.225
443.089
443.026
442.95
442.864
442.771
442.663
442.543
442.414
441.629
440.833
440.537
440.419
440.296
440.174
440.052
439.917
439.769
439.61
439.454
439.338
439.469
439.6
439.727
439.858
439.976
440.081
439.496
438.921
438.374
438.067
437.755
437.621
437.947
438.245
438.518
438.786
439.225
439.735
440.226
439.975
439.873
440.282
440.672
441.119
441.754
442.364
442.949
443.483
444.023
444.533
445.023
445.491
445.932
446.357
446.751
447.111
447.431
447.717
447.971
448.238
448.719
449.17
449.589
449.976
450.333
450.662
450.959
451.225
451.459
451.667
451.831
451.975
452.096
452.191
452.263
452.305
452.322
452.315
452.289
452.238
452.171
452.086
451.984
451.869
451.736
451.583
451.414
451.235
451.046
450.845
450.628
450.399
450.156
449.897
449.618
449.307
448.98
448.64
448.327
448.246
448.157
448.053
447.937
447.809
447.673
447.53
447.371
447.217
447.052
446.883
446.714
446.546
446.37
446.178
445.973
445.758
445.559
445.522
445.602
445.674
445.747
445.818
445.875
445.919
445.949
445.965
445.985
446.218
446.503
446.768
446.337
446.136
446.342
446.538
446.756
447.205
447.625
448.01
448.361
448.688
449.016
449.526
450.075
450.603
451.109
451.591
452.052
452.487
452.901
453.292
453.657
453.997
454.313
454.592
454.835
455.038
455.216
455.438
455.847
456.221
456.567
456.883
457.168
457.422
457.647
457.837
458
458.135
458.241
458.318
458.373
458.397
458.399
458.374
458.327
458.254
457.368
456.828
456.713
456.587
456.436
456.269
456.089
455.893
455.685
455.463
455.224
454.973
454.711
454.438
454.149
453.848
453.534
453.196
452.838
451.741
451.191
450.147
449.376
449.268
449.143
449.014
448.88
448.743
447.789
446.937
446.647
446.489
446.334
446.178
446.016
445.841
445.649
445.449
445.249
444.282
444.079
444.183
442.72
441.952
441.812
441.939
442.046
442.137
442.231
442.372
442.734
442.333
442.588
442.887
443.164
443.436
443.843
444.354
444.839
445.287
445.696
446.075
446.438
446.898
447.493
447.257
447.055
447.443
447.964
448.461
448.938
449.389
449.811
450.216
450.599
450.961
451.297
451.608
451.885
452.124
452.329
452.502
452.682
453.079
453.449
453.791
454.104
454.382
454.634
454.852
455.036
455.192
454.542
454.479
454.558
454.611
454.635
454.63
454.598
454.539
453.793
452.921
452.586
452.463
452.316
452.152
451.974
451.778
451.546
451.327
450.344
449.355
448.97
448.723
448.466
448.196
447.922
447.642
447.353
447.056
446.747
446.425
446.081
445.716
445.343
444.984
444.805
444.705
444.599
444.488
443.578
442.114
441.443
441.359
441.279
441.204
441.131
441.056
440.972
440.866
440.763
439.998
439.392
439.514
439.702
439.873
440.023
440.164
440.296
440.529
440.896
441.234
441.557
441.897
441.661
441.601
441.157
441.498
442.015
442.506
442.961
442.496
442.293
442.608
442.979
443.504
444.108
444.68
445.232
445.759
446.27
446.757
447.215
446.766
446.905
447.31
447.691
448.053
448.386
448.686
448.955
448.433
447.905
447.927
448.091
448.317
448.709
449.053
449.383
449.685
449.951
450.186
450.389
450.56
450.704
450.826
450.919
450.982
451.02
451.032
450.314
449.61
449.394
449.33
449.249
449.129
449.013
448.887
448.022
447.811
447.658
447.498
447.318
447.129
446.925
446.714
446.494
446.263
446.018
445.761
445.479
445.17
444.838
444.507
443.583
443.459
443.387
443.304
443.223
443.136
443.033
442.933
442.831
442.728
442.626
442.525
442.425
442.321
442.208
442.085
441.954
441.858
441.997
442.151
442.301
442.445
442.58
442.692
442.769
442.812
442.845
443.021
443.494
444.05
444.585
445.095
445.587
446.059
446.507
446.937
446.447
446.065
446.351
446.683
446.995
446.536
446.228
446.588
447.116
447.616
448.09
448.545
448.978
449.387
449.776
450.142
450.483
450.805
451.098
451.362
451.589
451.775
451.928
452.077
452.377
452.733
453.066
453.368
453.639
453.881
454.088
454.266
454.413
454.532
454.616
454.679
454.716
454.723
453.981
453.59
453.539
453.457
453.363
453.25
453.115
452.968
452.803
452.631
452.45
452.257
452.053
451.836
451.607
451.363
451.113
450.846
450.571
450.287
449.989
449.665
449.322
448.962
448.62
448.52
448.413
448.297
447.509
447.318
447.186
447.052
446.916
446.769
446.627
446.483
446.342
446.202
446.051
445.885
445.713
444.892
444.686
444.804
444.919
445.029
445.122
445.176
445.234
445.28
445.342
445.598
445.867
446.119
446.364
446.707
447.187
446.85
446.626
446.38
446.126
445.85
445.566
445.264
445.549
445.895
446.208
446.487
446.737
446.974
447.287
447.765
448.216
448.647
449.06
449.446
449.107
449.161
449.498
449.806
450.098
450.368
450.607
450.812
450.22
450.3
450.413
450.516
450.775
451.098
451.387
451.641
451.869
452.069
452.232
452.372
451.751
451.042
450.898
450.962
451.003
451.02
451.012
450.987
450.938
450.878
450.803
450.707
450.6
450.477
450.341
450.191
450.03
449.187
448.184
447.787
447.6
447.397
447.179
446.929
446.649
446.351
446.057
445.951
445.912
445.861
445.777
445.707
445.624
445.539
445.444
445.349
445.252
445.154
444.383
443.596
443.376
443.283
443.181
442.37
442.179
442.042
441.928
442.007
442.153
442.292
442.414
442.516
442.594
442.671
442.865
443.196
443.496
443.764
444.013
444.265
444.7
445.186
445.648
446.09
446.51
446.908
447.288
447.643
447.974
448.261
448.518
448.755
448.985
449.394
449.85
450.284
450.702
451.099
451.471
451.823
452.155
452.465
452.752
453.024
453.268
453.485
453.665
453.808
453.919
454.018
454.25
454.572
454.035
453.492
453.567
453.786
453.976
454.137
453.538
453.436
453.531
453.596
453.637
453.649
453.642
453.612
453.57
453.51
453.432
453.321
453.215
453.1
452.968
452.825
452.667
452.495
452.311
452.11
451.897
451.67
451.419
451.135
450.827
450.504
450.198
450.128
450.044
449.945
449.833
449.711
449.572
449.427
449.273
449.114
448.942
448.771
448.596
448.427
448.263
448.093
447.929
447.764
447.581
447.387
447.187
447.01
447.044
447.133
447.212
447.278
447.321
447.341
447.349
447.365
447.573
447.796
447.333
447.107
447.335
447.792
448.229
448.648
449.05
449.426
449.786
450.131
450.459
450.757
451.024
451.261
451.475
451.695
452.107
452.543
452.963
453.365
452.831
453.027
453.377
453.703
454.011
454.296
454.552
454.776
454.962
455.11
455.236
455.366
455.704
456.029
456.325
456.589
456.821
457.021
457.188
457.33
457.441
457.526
457.587
457.624
457.635
457.625
457.594
457.54
456.674
455.748
455.536
455.438
455.329
455.208
455.076
454.929
454.765
454.589
454.401
454.198
453.974
453.74
453.48
453.191
452.885
452.573
452.37
451.568
450.727
450.553
449.784
449.619
449.502
449.381
449.251
449.112
448.964
448.813
448.655
448.493
448.328
448.159
447.988
447.809
447.611
447.41
447.211
447.121
446.461
446.171
445.442
444.729
444.025
443.324
442.633
442.589
442.623
442.624
441.946
440.461
439.912
440.226
440.764
441.277
441.774
442.251
442.705
443.138
443.553
443.949
444.326
444.018
443.977
444.302
444.596
444.856
445.09
445.312
445.658
446.121
446.564
446.986
447.39
447.774
448.137
448.481
448.798
449.085
449.351
449.589
449.796
449.964
450.106
450.227
450.49
450.829
451.138
451.419
451.669
451.887
452.081
452.247
452.388
452.491
452.573
452.633
452.671
452.692
452.695
452.672
452.634
452.581
452.511
452.428
452.329
452.222
452.102
451.971
451.821
451.654
451.471
451.26
451.019
450.76
450.493
450.324
450.291
450.235
450.155
450.066
449.242
448.993
448.873
448.078
447.246
446.95
446.828
446.698
446.564
445.605
444.53
443.704
443.523
443.418
443.311
443.192
443.056
442.92
442.806
442.916
443.052
443.163
443.283
443.392
443.483
443.541
443.564
443.561
443.563
443.822
444.239
444.735
444.404
444.699
445.149
444.667
444.457
444.682
445.065
445.43
445.783
445.341
445.494
445.778
446.022
446.243
446.457
446.831
447.279
447.705
448.11
448.495
448.859
449.204
449.528
449.831
449.3
448.09
448.218
448.466
448.696
448.898
449.065
449.195
449.295
449.37
448.782
449.016
449.297
449.551
449.781
449.979
450.148
450.292
449.688
449.738
449.835
449.908
449.962
450.001
450.019
450.024
450.01
449.984
449.943
449.199
449.068
448.99
448.89
448.766
448.612
448.425
448.215
448.007
447.247
446.531
446.326
446.322
446.301
446.252
446.168
446.095
446.005
445.908
445.146
444.968
444.847
444.022
443.176
442.92
442.812
442.694
442.579
442.466
442.352
442.239
441.437
441.158
441.044
440.91
440.767
440.635
440.654
440.779
440.881
440.963
441.037
441.156
441.499
441.821
441.316
440.799
440.805
441.073
441.469
441.15
441.286
441.757
442.204
442.625
443.023
443.388
443.712
444.004
444.27
444.562
445.068
445.549
446.01
446.445
446.862
447.257
447.631
447.991
448.327
448.646
448.949
449.234
449.498
449.739
449.954
450.15
450.315
450.439
450.528
450.585
450.643
450.889
450.328
450.196
450.425
450.632
450.815
450.974
451.111
451.226
451.321
451.399
451.456
451.477
450.704
450.286
450.294
450.281
450.249
450.207
450.143
450.053
449.942
449.79
449.612
449.424
449.343
448.542
447.839
447.798
447.793
447.773
446.269
445.037
444.841
444.786
444.72
444.645
444.559
444.463
444.351
444.242
444.131
444.016
443.901
443.786
442.894
442.417
442.31
442.202
442.084
441.951
441.794
441.638
441.511
441.598
441.722
441.822
441.902
441.967
442.028
442.197
442.523
442.829
443.111
443.372
443.61
443.838
444.195
444.66
445.103
445.524
445.929
446.306
446.65
446.953
447.22
447.462
447.708
448.147
448.598
449.027
449.433
449.008
449.273
449.626
449.963
450.278
450.574
450.851
451.112
451.355
451.557
451.76
451.939
452.096
452.224
452.313
452.369
452.389
452.397
452.527
452.759
452.965
453.143
453.294
453.42
453.517
453.596
453.656
453.694
453.713
453.719
453.705
453.677
453.633
452.82
452.268
452.192
452.1
451.991
451.868
451.723
450.879
449.991
449.574
449.338
449.102
449.061
448.281
447.132
446.824
446.793
446.103
445.66
445.596
445.518
444.638
444.486
444.387
444.28
444.177
444.073
443.961
443.85
443.738
443.622
443.511
443.397
443.285
443.174
443.051
442.91
442.002
441.749
441.631
440.985
440.488
440.464
440.565
440.862
441.211
441.538
441.837
441.372
441.003
441.262
441.054
440.83
441.081
441.562
441.173
440.821
441.14
441.56
441.155
440.437
439.934
439.621
439.756
440.068
440.351
440.607
440.878
441.363
441.847
442.303
442.748
443.169
443.567
443.948
444.307
444.645
444.957
445.248
445.514
445.747
445.942
446.095
446.228
446.377
446.739
447.071
447.369
447.634
447.083
446.308
445.61
445.591
445.747
445.875
445.987
446.075
446.143
446.192
446.217
446.229
446.225
446.197
446.162
446.114
446.053
445.979
445.894
445.021
444.093
443.508
442.711
442.158
442.022
441.097
440.247
439.525
439.261
439.042
438.829
438.82
438.844
438.86
438.872
438.882
438.884
438.89
438.895
438.9
438.905
438.913
438.92
438.924
438.937
438.935
438.946
438.941
438.901
438.842
438.758
438.757
438.04
438.295
438.736
439.141
439.511
439.848
440.179
440.636
441.203
441.75
442.276
442.78
443.268
443.732
444.171
444.593
444.995
445.374
445.733
446.073
445.521
445.488
445.759
445.993
446.2
445.705
445.328
445.698
445.291
444.813
444.85
445.238
445.599
445.944
446.271
446.577
446.862
447.122
447.366
446.854
446.281
445.486
445.411
445.544
445.644
445.73
445.954
446.254
446.519
446.752
446.955
447.124
447.268
446.643
445.844
445.556
445.624
445.676
445.698
445.707
445.692
445.664
445.618
445.563
445.492
445.408
445.311
445.201
445.084
444.95
444.803
444.648
444.463
444.279
444.087
443.88
443.653
443.399
443.125
442.833
442.573
441.899
441.229
440.334
439.945
439.946
439.949
439.956
439.97
439.988
440.01
440.038
440.071
440.098
440.128
440.159
440.183
440.19
439.389
438.842
438.083
437.515
437.787
438.191
438.601
439.201
439.82
440.412
440.98
441.521
441.124
440.826
440.154
438.821
438.687
439.177
439.645
440.093
440.521
440.931
441.323
441.698
442.055
442.39
442.704
442.985
443.24
443.466
443.673
443.077
443.466
443.915
444.335
444.735
445.11
445.467
445.804
446.12
446.415
446.671
446.898
447.084
447.237
447.366
447.515
447.875
448.199
447.683
447.569
447.815
448.029
448.195
448.344
448.468
448.565
448.635
448.685
448.716
448.72
448.708
448.677
448.633
448.572
448.497
448.411
448.308
448.195
448.07
447.935
447.789
447.622
447.44
447.25
447.046
446.817
446.573
446.301
446.001
445.049
444.588
443.834
443.112
442.945
442.887
442.829
442.766
442.707
442.653
442.599
441.876
441.718
441.683
441.65
441.627
441.608
440.884
439.967
439.764
439.741
439.71
438.965
438.211
438.038
437.905
437.989
438.254
437.828
438.119
438.731
438.375
438.61
439.163
438.761
439.186
439.686
440.166
439.712
440.008
440.45
440.871
441.278
441.661
442.032
442.388
442.727
442.246
441.765
441.933
442.2
442.444
442.651
442.937
443.414
443.86
444.288
444.692
445.072
445.427
445.741
446.015
446.258
446.483
446.846
447.292
447.702
448.074
448.42
447.963
448.193
448.458
448.693
448.898
449.077
449.227
449.355
449.45
449.526
449.572
449.601
449.607
449.6
448.883
447.996
447.395
447.196
447.14
447.075
446.991
446.894
446.783
446.658
446.518
446.365
445.535
444.948
444.732
444.489
444.232
444.074
444.062
444.026
443.238
442.474
442.321
442.239
442.149
442.052
441.948
441.141
440.847
440.748
440.655
440.566
440.482
440.406
440.337
440.272
440.203
439.411
437.819
436.319
434.842
433.767
432.971
432.589
432.534
432.67
432.833
433.152
433.548
434.143
434.777
435.388
435.976
436.541
437.084
437.596
438.093
438.573
439.033
438.734
437.932
437.681
437.625
437.96
438.339
438.702
439.048
439.37
439.66
439.922
439.471
439.398
439.902
440.386
440.848
441.288
441.709
442.109
442.485
442.837
443.157
443.439
443.683
443.89
444.074
444.375
444.781
445.153
445.497
445.812
446.092
446.334
446.551
446.73
446.892
447.023
447.124
447.2
447.258
447.295
447.32
447.326
447.309
447.281
447.241
447.191
447.13
447.055
446.968
446.871
446.755
446.622
445.787
444.853
443.939
442.336
440.716
439.216
438.296
437.585
437.353
437.315
437.35
437.369
437.381
437.383
437.376
437.334
437.314
437.297
437.282
437.269
436.43
435.747
435.015
434.667
434.705
433.947
433.804
433.839
433.862
433.867
433.86
433.855
433.99
434.218
433.629
433.611
433.776
434.164
434.662
435.316
435.948
436.554
437.137
436.775
436.747
437.258
437.783
438.286
438.765
439.222
439.655
440.073
440.463
439.929
439.714
439.138
438.894
439.342
439.895
440.427
440.929
441.414
441.881
442.323
442.738
443.138
443.517
443.874
444.21
444.519
443.931
443.584
443.771
443.963
444.144
444.48
444.011
443.543
443.812
444.139
444.434
444.697
444.926
445.129
445.3
445.45
445.571
445.671
445.746
445.797
445.833
445.841
445.839
445.819
445.771
445.725
445.668
445.597
445.51
445.409
445.293
445.159
445.015
444.853
444.672
444.467
444.231
443.973
443.706
443.552
443.531
443.497
442.777
442.618
441.857
441.068
440.805
440.756
440.7
440.644
440.588
440.531
440.481
440.43
440.378
440.321
440.25
440.164
440.07
440.004
440.18
439.651
439.2
439.308
439.448
439.566
438.983
438.282
438.048
438.371
438.684
438.33
438.784
439.319
439.84
439.523
439.828
440.296
440.738
441.161
441.567
441.955
442.322
442.674
443.006
443.308
442.684
442.139
442.256
442.484
442.795
443.263
443.711
443.239
443.406
443.808
444.192
444.555
444.891
445.206
444.622
444.806
445.041
445.22
445.384
445.547
445.891
446.259
446.598
446.901
447.17
447.416
447.634
447.822
447.989
448.128
448.244
448.333
448.4
448.446
448.472
448.482
448.466
448.446
448.414
448.369
448.309
448.227
448.131
448.023
447.904
447.77
447.622
447.455
447.258
447.031
446.784
446.551
446.534
445.686
445.379
445.354
445.321
445.281
445.229
445.166
445.098
445.026
444.951
444.873
444.784
444.693
443.833
442.966
442.718
442.598
442.487
442.494
442.648
442.804
442.95
443.084
443.195
443.284
443.348
443.405
442.855
442.999
442.608
442.234
442.381
442.607
442.813
443.017
442.57
442.841
443.265
443.663
444.048
444.418
444.767
445.101
445.401
445.702
445.985
446.255
446.508
446.023
444.99
445.087
445.273
445.438
445.594
445.845
446.241
446.617
446.974
447.309
447.62
447.904
448.156
447.582
447.708
447.87
448.044
448.436
448.796
449.126
449.424
448.903
448.238
448.232
448.443
448.622
448.773
448.901
449.006
449.088
449.144
449.18
449.197
449.192
449.173
449.13
449.059
448.232
447.755
447.674
447.586
447.479
447.37
447.239
447.103
446.957
446.799
446.625
446.426
445.462
444.469
444.045
443.153
442.611
442.667
442.71
442.745
442.773
442.791
442.797
441.981
441.41
440.646
439.942
439.218
438.488
437.782
437.305
437.287
437.516
437.732
437.269
436.665
436.465
436.655
436.833
436.991
437.111
436.548
436.487
436.718
437.077
437.416
437.737
437.349
437.029
437.219
437.436
437.63
437.864
438.304
438.725
439.127
439.506
439.867
440.21
440.534
440.848
441.149
441.435
440.901
440.367
440.508
440.761
441.004
441.233
441.441
441.618
441.765
441.886
442.005
442.248
442.592
442.911
443.19
443.435
443.651
443.9
444.341
444.759
445.141
445.493
445.812
446.105
446.371
446.611
446.822
447.005
447.165
447.302
446.593
446.614
446.699
446.765
446.089
445.359
445.177
445.203
445.217
445.216
445.201
445.176
445.14
445.09
445.026
444.956
444.875
444.773
444.642
444.499
443.612
442.787
442.691
442.81
442.91
442.999
443.07
443.13
443.17
443.198
443.194
443.163
443.108
443.041
443.062
443.253
443.428
443.588
443.066
443.138
443.266
443.386
443.486
442.909
441.485
440.986
441.07
441.129
441.169
441.2
441.306
441.595
441.861
442.102
442.331
442.545
442.737
442.902
443.037
443.137
443.215
443.304
442.877
442.173
442.058
442.373
442.667
442.95
443.218
443.481
443.725
443.963
444.192
443.714
443.53
443.735
443.917
444.074
444.206
444.309
443.711
443.507
443.852
444.172
444.459
444.706
444.917
445.11
445.403
445.814
446.2
446.558
446.888
447.187
447.457
447.701
447.916
448.102
448.263
448.402
448.514
448.589
448.661
448.718
448.756
448.778
448.784
448.775
448.75
448.713
448.662
448.598
448.52
448.433
448.332
447.47
446.541
446
445.119
444.825
444.668
444.507
443.614
443.46
443.555
443.644
443.722
443.781
443.826
443.857
443.864
443.844
443.794
443.731
443.679
443.838
444.033
444.203
444.36
444.508
443.964
443.813
443.936
444.046
444.144
444.213
444.261
444.301
444.353
444.631
444.907
445.165
445.404
445.625
445.83
445.244
445.072
445.202
445.306
445.401
445.633
445.967
446.281
445.717
445.23
444.737
444.24
443.742
443.235
442.725
442.21
442.28
442.514
442.731
442.93
443.11
443.259
443.379
443.478
443.579
443.824
444.165
444.485
444.784
445.064
445.319
445.552
445.76
445.937
446.07
446.171
446.259
446.449
446.765
447.049
447.306
447.533
447.741
447.92
448.074
448.204
448.316
447.717
447.728
447.792
447.833
447.139
446.711
446.714
446.716
446.707
446.683
446.65
446.599
446.537
446.466
446.385
446.279
446.151
446.001
445.842
445.081
444.475
444.373
444.463
444.541
444.594
444.633
444.657
444.662
444.649
444.604
444.529
443.778
443.509
443.427
443.532
443.68
443.808
443.152
442.565
442.593
442.716
442.837
442.949
443.061
443.165
443.255
443.334
443.392
443.425
443.433
443.441
443.602
443.843
444.049
444.225
444.378
444.537
444.884
445.262
445.619
445.955
446.268
446.567
446.849
447.116
447.362
447.596
447.814
448.019
448.208
448.386
448.55
448.69
448.803
448.89
448.96
449.041
449.336
449.644
449.141
449.274
447.895
447.126
447.289
447.495
447.661
447.8
447.935
448.26
448.61
448.926
449.214
449.472
449.704
449.91
450.088
450.239
450.37
450.485
450.575
449.862
449.096
449.078
449.12
449.149
449.16
448.396
448.032
448.004
447.967
447.913
447.848
447.77
447.672
447.555
447.409
447.241
447.063
446.905
446.087
445.372
444.658
443.943
443.228
442.515
441.802
441.095
440.388
439.997
440.049
440.079
440.079
439.22
438.957
438.954
439.17
439.39
439.625
439.848
440.063
440.269
439.675
439.691
439.887
440.077
439.47
439.505
439.634
439.738
439.825
439.993
440.296
440.565
440.816
441.163
440.911
440.527
440.918
441.346
441.746
442.12
442.473
442.804
443.116
443.409
443.677
443.931
444.161
444.374
443.797
443.435
443.594
443.758
443.906
444.033
444.146
444.24
444.31
444.352
444.371
444.391
444.587
444.169
444.286
444.503
444.71
444.898
445.07
445.223
445.348
445.453
445.523
444.839
444.467
444.462
444.457
444.624
444.837
445.024
445.188
445.328
445.442
444.821
444.588
444.667
444.023
443.82
443.865
443.902
443.93
443.944
443.947
443.945
443.937
443.917
443.868
443.825
443.76
443.671
443.566
443.458
443.494
443.64
443.766
443.879
443.981
444.062
444.122
444.15
444.146
444.115
444.085
444.143
444.366
444.578
444.773
444.136
443.802
443.989
444.167
444.337
443.692
443.659
443.812
443.954
444.076
444.165
444.232
444.281
443.58
442.932
442.354
441.781
441.196
440.617
440.163
439.853
439.527
439.188
438.845
438.491
438.132
437.762
437.375
436.977
436.574
436.161
435.744
435.318
434.888
434.929
435.266
434.1
433.494
432.998
432.473
431.929
430.621
429.383
428.398
427.41
426.417
425.409
424.398
423.382
422.364
421.34
420.316
419.287
418.257
417.871
417.578
417.862
418.234
417.891
418.16
418.47
418.762
419.034
419.29
418.766
417.507
417.142
417.365
417.569
417.762
417.943
418.11
418.269
418.41
418.541
418.659
418.756
418.828
418.872
418.913
418.973
419.279
419.569
419.848
420.11
419.654
419.783
420.005
420.202
420.371
420.519
420.66
420.88
421.278
421.663
422.026
422.376
422.04
421.684
421.325
420.283
419.485
419.229
419.499
419.745
419.984
420.298
420.786
421.243
421.704
422.148
421.774
422.078
422.475
422.862
423.228
423.563
423.871
424.162
423.627
423.434
423.824
423.566
423.446
423.902
424.399
424.877
425.342
425.787
426.213
426.614
426.984
427.322
427.644
428.038
428.606
429.152
429.651
429.266
428.983
429.318
429.741
430.124
430.474
430.812
431.324
431.876
432.395
432.885
433.339
433.766
434.161
434.526
434.861
435.171
435.452
435.707
435.939
436.143
436.33
436.497
436.64
436.765
436.872
436.967
437.047
437.111
436.443
436.073
436.115
436.147
436.168
436.181
436.185
436.182
436.148
436.1
436.039
435.97
435.995
436.158
436.305
436.438
436.557
436.655
436.736
436.795
436.828
436.841
436.839
436.848
437.076
437.3
437.514
437.711
437.892
438.063
438.224
438.379
438.528
438.666
438.794
438.902
438.998
439.07
439.124
439.173
439.312
439.608
439.885
440.147
440.39
440.607
440.802
440.965
441.103
441.213
441.433
441.814
442.176
442.518
442.841
443.157
443.458
443.746
444.019
443.482
443.667
443.91
443.365
442.878
442.891
443.052
443.193
442.566
442.071
442.084
442.455
442.807
443.129
443.414
443.656
443.868
444.06
444.377
444.799
445.188
445.55
445.886
446.185
446.462
446.707
446.932
447.13
447.301
447.449
447.565
447.665
447.744
447.807
447.854
447.881
447.894
447.203
446.438
446.25
446.223
446.181
446.137
445.293
444.82
444.766
444.702
444.625
444.53
444.412
444.268
443.441
442.558
441.603
441.346
441.463
441.556
441.632
441.678
441.689
441.673
441.646
441.731
441.249
441.385
441.569
441.74
441.899
442.042
442.154
442.272
442.381
442.478
442.569
442.651
442.724
442.794
442.853
442.895
442.911
442.902
442.889
442.91
443.157
443.391
443.607
443.803
443.972
444.11
444.222
444.324
444.497
444.848
445.184
445.503
445.806
446.089
446.357
446.61
446.843
447.058
447.255
447.435
447.59
447.716
447.821
447.932
448.218
448.556
448.872
449.169
448.653
448.84
449.078
449.287
449.462
449.6
449.713
449.827
450.147
450.472
450.762
451.029
451.259
451.459
451.638
451.795
451.07
451.103
451.198
451.267
450.485
450.327
450.355
450.368
450.364
450.338
450.308
450.268
450.219
450.159
450.093
450.017
449.935
449.843
449.738
449.624
449.493
448.594
447.023
445.877
445.112
444.455
443.966
443.926
444.018
444.072
444.093
444.085
444.089
444.303
444.522
444.722
444.903
445.065
445.206
445.333
445.448
445.548
444.812
444.358
444.439
444.499
444.556
444.606
444.648
444.678
444.694
444.68
443.98
443.272
442.97
443.205
443.423
443.626
443.126
443.12
443.279
443.428
443.561
443.667
443.745
443.803
443.864
444.094
443.588
443.701
443.969
444.222
444.456
444.672
444.867
445.046
445.206
445.34
445.447
445.526
445.594
445.796
446.122
446.424
446.708
446.975
447.224
447.453
447.664
447.849
448.013
448.152
447.482
447.496
447.55
447.593
447.815
448.083
448.326
448.544
448.716
448.884
449.032
449.159
448.537
447.902
447.827
447.902
447.969
448.025
448.063
447.272
447.223
446.52
445.752
445.483
445.487
445.493
445.493
445.472
445.428
445.354
445.26
445.171
445.254
445.395
445.516
445.611
445.673
445.705
445.72
445.081
444.528
444.578
444.822
445.044
445.253
445.442
445.612
445.767
445.906
446.031
446.139
446.231
446.307
446.37
446.419
446.445
445.767
444.964
444.736
444.704
444.079
444.126
444.331
444.522
444.703
444.875
445.034
445.179
445.317
445.448
444.713
444.022
443.322
442.642
442.69
442.776
442.834
442.869
442.076
441.975
442.266
442.529
442
441.52
441.017
440.503
440.003
439.706
439.436
439.585
439.956
440.304
440.635
440.946
441.241
441.512
441.771
442.009
442.226
442.432
442.621
442.789
442.94
443.071
443.18
443.254
443.291
443.29
443.276
442.551
442.574
442.79
442.982
443.151
443.299
443.43
442.729
442.675
442.78
442.873
442.961
443.041
443.113
443.179
443.238
443.28
443.318
443.346
443.366
443.376
443.363
443.321
443.252
442.452
441.531
441.296
441.446
441.773
442.141
442.484
442.118
442.159
442.442
442.037
442.17
441.626
441.037
440.494
440.364
440.558
440.733
440.898
441.048
441.179
441.3
441.403
441.492
441.567
441.629
441.675
441.7
441.698
441.672
441.636
441.624
441.847
442.036
442.241
442.434
442.62
442.795
442.953
443.107
443.249
443.367
443.458
443.52
442.879
442.635
442.78
442.301
441.896
441.474
441.036
440.58
440.108
439.618
439.113
438.497
437.959
437.896
438.014
437.598
437.207
437.475
437.78
438.068
438.34
438.597
438.832
439.052
439.253
438.585
438.04
438.129
438.285
438.424
438.546
438.649
438.747
438.825
438.872
438.896
438.89
438.869
438.19
437.527
436.744
436.252
435.053
434.351
433.806
433.66
433.92
434.169
434.411
434.639
434.856
435.063
435.256
435.44
435.597
435.725
435.806
435.837
435.914
436.442
436.958
437.441
437.897
438.324
438.719
439.085
439.434
439.753
440.023
440.298
440.551
440.784
441.003
441.202
440.715
440.114
439.564
439.553
439.713
439.859
439.288
438.658
438.719
438.828
438.922
438.994
439.034
439.05
439.052
438.407
437.912
437.437
437.368
437.609
437.835
438.041
438.231
438.413
438.582
438.013
437.756
437.86
437.941
438.024
438.279
438.59
438.882
439.153
439.402
439.628
439.836
439.305
439.179
439.328
439.448
439.536
439.605
438.913
438.67
438.978
439.269
439.538
439.79
440.023
440.242
440.445
440.634
440.802
440.076
440.142
440.273
440.388
440.482
440.563
440.634
440.684
439.857
438.951
438.546
438.562
438.788
439.045
439.287
439.523
439.751
439.975
440.188
440.394
440.571
440.759
440.937
441.103
441.258
441.397
441.516
441.591
441.606
441.595
441.631
442.143
442.62
443.067
443.488
443.875
444.24
444.58
444.892
444.422
443.917
443.965
444.213
444.442
444.654
444.843
445.019
445.179
445.32
445.448
445.564
445.661
445.742
445.064
444.31
444.038
444.067
444.063
444.038
444.006
444.092
444.308
444.507
444.688
444.157
444.242
443.677
442.942
442.39
442.306
442.407
442.493
442.566
442.619
442.657
442.66
442.644
442.612
442.594
442.802
443.004
443.186
443.354
443.499
443.623
443.739
443.827
443.887
443.914
443.918
443.108
443.043
443.221
443.449
442.789
442.668
442.862
443.038
443.198
443.329
443.46
443.573
443.669
443.753
443.825
443.884
443.926
443.233
442.463
441.722
441.326
440.529
440.203
439.51
439.316
439.595
439.87
440.134
440.392
440.641
440.184
439.602
439.504
439.715
439.872
440.019
440.142
439.534
439.389
439.053
439.301
439.584
439.872
440.37
440.852
441.303
441.725
442.12
441.783
441.299
440.807
440.303
439.79
439.301
438.765
438.224
437.672
437.12
436.565
436.007
435.445
434.879
434.305
433.756
433.185
432.618
432.443
432.654
432.12
432.039
432.198
432.316
432.421
432.54
432.855
433.204
433.524
433.001
433.104
433.385
433.641
433.878
434.092
434.277
434.431
434.546
434.633
434.719
434.958
434.488
434.671
434.176
433.788
433.989
434.23
434.452
434.658
434.845
435.013
435.165
435.306
435.434
435.548
435.646
435.731
435.805
435.867
435.908
435.926
435.917
435.902
435.936
436.184
436.419
436.639
436.847
436.31
436.289
436.469
436.637
436.791
436.927
437.032
437.112
437.178
437.262
437.57
437.873
438.157
438.434
438.697
438.935
439.143
439.323
439.483
438.858
439.093
439.504
439.893
440.269
440.623
440.215
439.732
439.842
440.131
440.388
440.607
440.799
440.979
441.302
440.958
441.111
441.47
441.798
442.102
442.378
442.636
442.87
443.087
443.283
443.46
443.622
443.772
443.897
444.015
444.123
444.222
444.281
444.352
444.416
444.472
444.515
443.757
442.966
442.818
442.796
442.785
442.97
443.177
443.366
442.817
442.514
442.625
442.704
442.75
442.774
442.842
443.112
443.357
443.58
443.779
443.134
442.592
442.654
442.814
442.953
443.072
443.179
443.259
443.334
442.642
442.577
442.616
441.869
441.218
441.004
440.992
440.96
440.904
440.844
440.919
441.121
441.306
441.481
441.648
441.81
441.958
442.089
442.049
442.171
442.289
442.389
442.481
442.554
442.602
442.62
442.622
442.633
442.853
442.253
441.56
441.675
441.854
442.092
442.505
442.904
442.482
441.967
441.861
442.214
442.549
442.177
441.786
441.322
440.844
440.521
440.059
439.795
440.02
440.211
440.366
440.487
440.585
440.732
441.074
441.386
441.675
441.936
442.173
442.392
442.59
442.77
442.157
442.14
442.282
442.415
442.538
442.655
442.758
442.848
442.936
443.016
443.087
443.144
443.196
443.233
443.243
443.222
443.172
443.102
443.103
443.239
443.344
443.449
443.717
444.039
444.337
444.611
444.862
445.089
445.298
445.486
445.659
445.81
445.942
446.062
446.164
446.248
445.553
445.149
445.175
445.211
445.238
445.249
445.24
445.21
445.165
445.089
444.998
444.898
444.919
445.082
445.233
445.373
445.508
445.633
445.75
445.861
445.967
446.064
446.154
446.236
446.293
446.337
446.36
446.335
446.041
445.977
445.912
445.219
445.224
445.531
445.93
446.308
446.663
446.998
447.313
446.922
446.807
447.082
447.335
447.574
447.795
448
448.185
448.353
448.503
448.629
448.722
448.78
448.805
448.146
447.845
448.006
448.239
448.446
448.628
448.101
447.416
447.476
447.594
447.694
447.778
447.847
447.908
447.955
447.998
448.034
448.063
448.086
448.101
448.105
448.099
448.087
448.054
448.021
447.962
447.874
447.754
447.595
447.419
447.396
447.453
447.626
447.913
448.18
448.426
448.644
448.841
449.02
449.185
449.332
449.459
448.781
448.177
448.189
448.279
448.351
448.406
448.444
448.466
448.473
448.463
448.439
448.385
447.543
446.829
446.685
446.583
445.722
445.519
445.69
445.854
446.013
446.167
446.318
446.461
446.592
446.715
446.826
446.927
447.017
446.348
445.634
445.637
445.667
445.666
445.652
445.66
446.065
446.504
446.911
447.295
447.654
447.995
448.309
447.829
447.887
448.158
448.413
448.648
448.866
449.067
449.251
449.417
449.568
449.694
449.791
449.856
449.168
449.04
448.37
447.703
447.757
447.992
448.205
447.698
447.673
447.826
447.96
448.073
448.17
448.25
448.318
448.374
448.418
448.446
448.46
448.466
448.464
448.461
447.723
447.383
446.685
446.47
446.401
446.308
446.205
446.136
446.286
446.413
446.52
446.604
446.63
446.641
446.622
446.103
446.056
446.28
446.483
446.663
446.821
446.959
446.365
445.768
445.164
444.546
444.002
443.957
443.913
443.675
443.051
442.85
442.874
442.89
442.898
442.257
441.628
441.559
441.553
441.536
441.507
441.452
441.394
441.347
441.481
441.7
441.908
442.098
442.284
442.457
442.615
442.756
442.872
442.949
442.991
443.003
443.11
443.35
443.659
444.127
444.571
444.986
445.376
445.741
446.086
446.408
446.713
446.997
446.358
445.744
445.094
444.81
445.059
444.487
443.913
443.928
444.114
444.283
444.43
444.556
444.651
444.714
444.753
444.774
444.191
444.197
444.445
444.67
444.883
445.081
445.258
445.405
445.553
445.688
445.808
445.917
446.014
446.103
446.18
446.243
446.299
446.34
446.349
445.618
445.406
445.377
445.549
445.757
445.944
446.102
446.22
446.299
446.351
446.404
446.646
446.164
445.666
445.794
446.01
445.526
445.639
445.8
445.941
446.062
446.164
446.248
445.603
444.977
444.968
445.014
445.042
445.056
445.061
444.402
444.272
444.247
444.207
444.155
444.088
443.326
442.587
442.292
441.536
441.502
441.659
441.139
441.213
441.35
441.475
440.872
440.269
439.66
439.044
438.426
437.804
437.184
436.547
435.891
435.218
434.534
434.361
434.546
434.009
434.106
434.344
434.548
433.965
433.314
433.524
433.975
434.388
434.801
435.198
435.576
435.935
436.278
436.602
436.908
437.195
437.458
437.695
437.897
438.061
438.191
438.317
438.605
438.961
439.29
439.59
439.148
438.4
438.518
438.761
438.994
439.212
438.686
438.467
438.649
438.841
439.027
438.456
438.573
438.741
438.899
439.043
439.177
439.295
439.393
439.454
439.476
438.748
438.364
438.335
438.554
439.017
439.448
439.843
439.394
439.595
439.924
440.232
440.519
440.785
441.031
441.257
440.664
440.184
439.69
439.186
438.673
438.5
438.633
438.751
438.848
438.93
438.996
439.048
438.334
437.684
437.372
437.379
437.364
437.323
437.255
437.178
437.219
437.404
437.577
437.745
437.878
438.025
438.169
438.304
438.429
438.546
438.655
438.758
438.843
438.922
438.994
439.051
439.073
439.058
439.01
438.95
439.001
439.361
439.819
440.255
440.673
441.074
441.448
441.808
441.351
441.527
441.847
442.141
442.412
442.654
442.856
443.023
443.174
443.367
443.748
443.389
442.168
441.771
442.023
441.533
440.967
441.081
441.347
440.849
440.203
440.001
440.22
440.42
440.617
440.796
440.972
440.404
439.679
438.769
438.853
439.008
439.152
439.276
439.378
439.456
439.503
439.536
439.635
439.912
440.15
439.68
439.155
438.606
438.056
437.647
437.6
437.967
438.307
438.617
438.897
439.154
439.389
439.598
439.791
439.943
440.097
440.235
440.351
440.441
440.522
440.59
440.642
440.682
440.711
440.728
440.731
440.727
440.706
439.938
439.377
439.303
439.224
439.134
439.055
439.184
439.35
439.498
439.639
439.769
439.882
439.985
440.073
440.162
440.245
440.317
440.365
440.39
440.401
440.418
440.646
440.907
441.145
441.365
441.555
441.725
441.877
442.02
442.319
442.705
443.075
443.427
442.948
443.178
443.471
443.725
443.942
444.132
444.323
444.724
445.121
445.491
445.837
446.155
446.448
446.713
446.952
447.169
447.372
447.555
447.721
447.872
448.005
448.123
448.231
448.326
448.412
448.489
448.557
448.612
448.654
448.695
448.716
448.713
448.665
448.609
448.557
448.663
448.843
448.997
449.116
449.195
448.536
448.401
448.423
448.609
448.852
449.066
449.254
449.417
449.557
449.671
449.77
449.843
449.902
449.943
449.968
449.982
449.978
449.961
449.929
449.889
449.838
449.778
449.703
449.61
449.508
449.392
449.26
449.104
448.931
448.756
448.689
448.772
448.837
448.895
448.942
448.98
448.277
447.704
447.559
447.573
447.577
447.562
446.685
445.903
445.778
445.106
445.134
445.345
445.544
445.736
445.922
446.09
446.236
446.348
446.437
446.527
446.772
446.395
445.884
446.054
446.334
446.593
446.824
447.018
447.176
447.311
447.454
447.832
448.183
448.509
448.807
449.061
449.309
449.536
449.742
449.928
450.09
450.239
450.373
450.492
450.594
450.679
450.75
450.8
450.843
450.878
450.907
450.926
450.923
450.89
450.835
450.763
450.705
450.869
451.031
451.174
451.303
451.407
451.495
451.549
451.568
451.549
451.506
451.463
451.61
451.782
451.925
452.047
452.145
452.226
452.285
452.327
452.351
452.36
452.359
452.339
452.307
452.262
451.426
451.146
450.287
449.531
449.302
449.227
449.143
449.038
448.175
447.71
447.559
447.411
447.355
447.465
447.565
447.65
447.722
447.784
447.832
447.866
447.882
447.873
447.84
447.799
447.77
447.951
448.162
448.36
448.545
448.719
448.883
449.033
449.15
449.262
448.633
447.975
447.985
447.48
447.504
447.812
448.096
448.36
448.606
448.818
448.993
449.133
449.246
449.369
449.707
450.037
450.344
449.842
449.704
449.95
450.174
450.374
450.554
450.717
450.861
450.988
451.098
451.191
451.264
451.324
451.374
451.404
451.419
451.422
451.409
451.383
451.325
451.246
450.469
449.622
448.974
448.73
448.887
449.023
449.147
449.25
449.332
449.397
449.444
449.452
449.422
449.374
449.302
449.281
449.45
449.589
449.706
449.801
449.876
449.936
449.978
450
450.008
450.001
449.984
449.963
449.923
449.875
449.822
449.762
449.692
449.616
449.531
449.43
449.312
449.177
449.027
448.856
448.827
448.937
449.032
449.115
449.186
449.243
449.273
449.266
449.243
449.218
449.298
449.521
449.733
449.934
450.118
450.285
450.448
450.595
450.722
450.82
450.176
449.468
449.406
449.467
449.721
450.02
450.298
449.845
449.315
449.3
449.512
449.699
449.183
448.927
449.029
449.111
449.205
449.527
449.823
450.095
450.347
450.581
450.787
450.979
451.151
451.305
451.439
451.554
451.648
451.726
451.79
451.838
451.869
451.155
450.331
450.118
450.101
450.05
449.977
449.899
449.932
450.101
450.253
450.389
450.507
450.61
450.693
450.76
450.811
450.844
450.857
450.841
450.79
450.7
450.594
450.485
450.564
450.68
450.742
450.817
450.871
450.908
450.935
450.945
450.94
450.927
450.904
450.869
450.826
450.778
450.725
450.659
450.588
450.511
450.419
450.309
450.173
450.022
449.882
449.92
450.03
450.121
450.193
450.241
450.264
450.26
450.235
450.223
450.415
450.636
450.847
451.04
451.214
451.38
451.524
450.914
450.577
450.7
450.796
450.865
450.912
450.264
449.822
450.126
450.406
450.669
450.915
451.139
451.346
451.533
451.694
451.829
451.925
451.991
452.029
452.081
452.35
452.609
452.849
453.063
453.261
453.44
453.597
453.735
453.854
453.958
454.043
454.111
454.165
454.194
454.217
454.22
454.207
454.169
454.109
454.026
453.92
453.78
453.672
453.78
453.9
454.001
454.086
454.156
454.209
453.446
452.801
452.65
452.652
452.627
451.792
451.435
451.333
451.232
451.283
451.413
451.52
451.599
451.664
451.706
451.734
451.748
451.748
451.734
451.712
451.668
451.622
451.57
451.507
451.44
451.364
451.28
451.188
451.095
450.986
450.849
450.7
450.54
450.412
450.519
450.611
450.687
450.737
450.763
450.761
450.742
450.747
450.991
451.218
451.428
451.626
451.806
451.967
452.12
452.253
452.372
452.465
452.525
452.57
452.605
452.769
453.046
453.304
453.517
453.74
453.944
454.126
454.289
454.433
454.54
454.614
454.653
454.667
454.696
454.945
455.183
455.381
455.572
454.947
454.846
454.989
455.11
455.213
455.3
455.365
455.416
454.68
454.435
454.448
454.449
454.431
453.644
453.442
453.391
453.321
453.223
453.095
452.955
452.827
452.918
453.021
453.111
453.182
453.235
453.265
453.275
453.272
453.253
453.214
453.146
453.043
452.907
452.758
452.627
452.723
452.793
452.849
452.892
452.917
452.928
452.927
452.911
452.889
452.857
451.993
451.763
450.913
450.161
449.953
449.906
449.848
449.78
449.706
449.617
449.506
449.374
449.246
449.297
449.43
449.54
449.629
449.688
449.724
449.753
449.907
450.181
450.439
450.678
450.896
451.091
451.268
451.432
451.581
451.705
451.802
451.847
451.899
451.956
452.205
452.489
452.758
453.008
453.234
453.446
453.638
453.812
453.969
454.102
454.214
453.511
453.275
453.313
453.328
453.33
453.461
453.7
453.915
454.106
454.278
453.723
452.93
452.817
452.944
453.056
453.146
453.214
453.269
453.304
453.321
453.321
453.3
453.259
452.436
451.499
451.278
451.163
451.153
451.288
451.405
451.506
451.586
451.655
451.704
451.736
451.753
451.757
451.746
451.72
450.863
449.594
449.143
449.067
448.968
448.836
448.68
448.522
447.773
447.198
447.063
447.133
447.194
447.244
447.285
447.319
447.344
447.36
447.367
447.37
446.606
446.469
446.459
446.443
446.428
446.393
446.323
446.25
446.164
446.069
446.13
445.38
445.358
445.483
444.972
445.268
445.615
445.94
446.24
446.522
446.788
447.034
447.267
447.483
447.679
447.861
447.231
446.444
445.791
445.226
444.568
444.093
444.088
444.443
444.799
445.137
445.454
445.748
446.024
446.276
446.488
446.649
446.79
446.905
447.021
447.331
446.835
446.3
446.456
446.739
446.996
447.231
447.443
447.633
447.802
447.948
448.08
448.192
448.284
448.357
448.408
448.441
447.757
447.221
447.198
447.196
447.183
447.156
447.11
447.039
446.946
446.845
446.782
446.936
447.07
447.195
447.303
447.394
447.468
447.52
447.546
447.539
447.5
447.426
447.336
447.284
447.443
447.577
447.69
447.786
447.864
447.927
447.976
447.214
446.557
446.504
446.541
446.575
446.604
445.866
445.457
445.472
445.487
445.495
445.496
445.493
445.48
445.44
444.683
443.766
443.468
443.365
443.295
443.526
443.925
443.5
443.207
443.384
443.718
444.029
444.321
444.598
444.857
444.289
444.43
444.637
444.834
445.016
445.17
445.292
445.394
445.488
445.695
446.031
445.449
445.678
445.975
446.254
446.51
446.744
446.959
446.273
446.359
446.495
446.597
446.681
446.861
447.18
447.476
447.749
447.994
448.216
448.411
448.589
448.749
448.888
449.008
449.113
449.202
449.274
449.328
449.369
449.392
449.407
449.388
449.374
448.622
448.136
448.077
447.257
447.104
447.058
447.238
447.401
447.546
447.676
447.07
447.039
447.126
447.186
447.208
447.195
447.155
447.121
447.292
447.469
447.622
447.75
447.856
447.946
448.012
448.062
448.098
448.113
448.122
448.123
447.448
447.367
447.349
447.325
447.298
446.586
445.874
445.712
445.679
445.642
445.589
445.511
445.407
445.29
445.186
445.283
445.392
444.759
444.4
444.459
444.572
444.879
445.165
445.431
445.678
445.238
444.944
445.162
445.366
445.554
445.734
445.9
446.05
446.177
446.278
445.582
445.177
445.267
444.885
444.188
444.332
444.63
444.911
445.174
445.416
445.635
445.825
445.96
446.079
446.171
446.261
446.531
446.841
447.125
447.385
447.614
447.824
448.01
447.472
446.673
446.007
445.948
445.295
445.263
445.365
445.458
445.534
445.598
445.653
445.696
445.732
445.763
445.031
444.905
444.916
444.903
444.855
444.793
444.727
444.779
444.952
445.091
445.19
445.26
445.314
445.464
445.741
445.989
446.212
446.412
446.585
446.735
446.866
446.974
447.063
447.137
447.195
447.235
447.264
447.278
447.285
447.294
447.296
446.516
445.872
445.698
445.707
445.705
445.702
444.951
444.864
444.823
444.757
444.666
444.57
444.622
444.74
444.846
445.045
445.394
445.723
446.028
446.31
446.577
446.827
447.055
447.247
447.444
447.619
447.771
447.915
448.041
448.156
448.252
448.315
448.353
448.372
448.404
448.63
448.897
449.144
449.373
449.584
449.779
449.957
450.108
450.226
450.308
450.361
450.399
450.539
450.8
451.037
451.244
451.428
451.586
451.722
451.834
451.93
451.311
450.645
450.52
450.571
450.609
450.633
450.639
450.644
450.642
450.631
450.615
450.588
450.557
450.517
450.471
450.412
449.602
448.821
448.152
447.989
447.859
446.983
446.051
445.986
446.279
446.595
446.878
447.13
447.358
447.561
447.738
447.893
448.028
448.139
448.23
447.478
446.829
446.713
446.778
446.826
446.867
446.899
446.926
446.949
446.967
446.223
446.146
445.405
445.247
445.251
445.246
445.21
445.145
445.07
445.005
445.153
445.276
445.384
444.855
445.077
445.407
445.711
445.996
446.264
446.508
446.732
446.239
445.775
445.82
445.997
446.157
446.303
446.429
445.87
445.687
445.783
445.868
445.938
445.988
446.011
446.02
446.107
446.369
445.925
445.924
446.136
446.333
446.512
446.652
446.756
446.833
446.895
446.288
446.165
446.422
445.903
445.216
445.315
445.511
445.685
445.834
445.958
446.065
446.144
446.208
446.259
445.531
445.408
445.435
444.689
444.633
444.659
444.681
444.689
444.695
444.701
444.697
444.677
444.658
444.62
444.548
444.436
443.534
443.277
443.295
443.372
442.749
442.29
442.396
442.697
442.971
443.219
443.452
443.665
443.862
443.236
443.171
443.349
443.516
443.674
443.817
443.951
444.084
444.21
444.326
444.432
444.53
444.611
444.67
444.697
444.702
444.698
444.827
445.025
445.198
444.617
444.905
445.305
445.68
446.026
446.35
445.845
444.934
444.557
444.516
444.757
444.982
445.181
445.364
445.53
445.681
445.01
444.809
444.933
444.315
444.228
443.612
442.592
441.307
440.596
440.677
440.745
440.791
440.81
440.046
439.317
438.813
438.331
438.249
438.497
438.729
438.939
439.114
439.248
439.35
439.432
439.58
439.095
439.293
439.559
439.796
440.012
440.204
440.374
439.728
438.133
437.22
436.968
437.104
437.228
437.344
437.447
437.547
437.638
437.726
437.004
436.653
435.979
435.217
435.038
435.117
435.193
435.245
435.275
435.271
435.251
435.233
435.389
435.571
435.731
435.938
436.35
436.738
437.111
436.744
436.621
436.952
437.269
436.759
436.372
436.493
435.956
436.097
436.381
436.655
436.918
437.16
437.373
437.562
437.737
437.959
438.368
438.758
439.11
439.427
439.71
439.964
440.258
440.748
441.203
441.623
442.024
442.396
442.744
443.067
443.364
443.633
443.881
444.104
444.306
443.776
443.287
443.377
443.517
443.644
443.749
443.837
443.911
443.97
444.015
443.372
443.276
443.293
443.282
443.263
442.541
442.305
442.247
442.177
442.098
442.011
441.303
441.126
441.008
440.88
440.044
439.7
439.526
439.317
439.083
438.828
438.616
438.62
438.614
438.585
438.541
438.485
438.42
438.345
437.613
436.865
436.096
435.963
435.898
435.171
434.877
434.825
434.772
434.721
433.891
433.54
433.496
433.453
433.399
433.324
433.232
433.123
433.015
433.045
433.168
433.283
433.408
433.733
434.099
434.451
434.79
435.128
435.458
434.978
434.952
435.277
435.597
435.911
436.216
436.509
436.792
437.051
437.276
437.481
437.68
437.999
437.647
437.845
438.207
438.561
439.059
439.636
440.186
440.705
441.196
441.662
442.101
442.495
442.884
443.248
443.581
443.884
444.168
444.426
444.664
444.872
445.056
445.216
445.352
445.46
445.546
445.608
445.65
445.666
445.662
445.64
445.598
445.542
445.477
445.396
445.297
445.194
445.081
444.958
444.827
443.94
443.414
442.597
442.302
442.144
441.971
441.787
441.588
441.376
441.141
440.87
440.584
440.288
440.126
440.08
440.025
439.954
439.882
439.801
439.711
438.893
438.681
438.601
438.521
438.444
438.366
438.29
438.211
438.135
438.058
437.978
437.203
436.952
436.838
436.719
435.867
435.772
435.922
436.042
436.143
436.233
436.355
436.721
437.074
437.413
437.742
438.064
438.376
438.678
438.979
439.271
439.553
439.805
440.061
440.288
440.496
440.687
440.887
441.299
441.727
442.131
442.51
442.854
443.163
443.44
443.702
444.089
444.572
445.031
445.461
445.866
446.249
446.606
446.934
447.238
447.514
447.763
447.991
448.193
448.371
448.521
448.651
448.752
448.821
448.873
448.901
448.905
448.887
448.849
448.79
448.713
448.616
448.508
448.387
448.253
448.11
447.952
447.786
447.614
447.436
447.244
447.042
446.833
446.62
446.394
446.151
445.898
445.634
445.355
445.054
444.015
443.625
443.301
443.111
443.045
442.965
442.876
442.782
442.681
442.569
442.47
442.37
442.267
442.166
442.067
441.968
441.202
439.634
438.426
437.609
436.815
435.945
435.092
434.249
432.805
432.01
431.425
430.826
430.232
429.768
429.448
429.118
428.78
428.437
428.096
427.753
427.55
427.783
428.096
428.403
428.774
429.142
429.503
429.861
430.211
430.55
430.888
431.22
430.718
430.971
431.282
431.572
431.821
432.028
432.203
432.383
432.58
432.999
433.402
433.776
434.125
434.454
434.759
435.041
435.3
435.537
435.757
435.954
436.129
436.284
436.418
436.534
436.631
436.706
436.759
436.793
436.809
436.81
436.794
436.762
436.706
436.404
436.215
436.124
435.932
435.76
435.725
435.596
435.453
435.374
435.286
435.112
435.007
434.86
434.745
434.544
434.409
434.204
434.073
433.938
433.787
433.632
433.497
433.291
433.165
432.965
432.848
432.665
432.499
432.297
432.164
431.987
432.101
432.206
432.396
432.498
432.665
432.843
432.939
433.098
433.156
433.268
433.299
433.395
433.433
433.561
433.224
433.039
432.996
432.99
432.939
432.882
432.931
432.971
433.068
433.107
433.195
433.341
433.441
433.595
433.716
433.813
433.897
434.098
434.183
434.374
434.455
434.619
434.629
434.645
434.66
434.679
434.744
434.803
434.853
434.892
434.92
434.945
434.965
434.979
434.987
434.988
434.982
434.974
434.956
434.937
434.913
434.882
434.846
434.811
434.77
434.728
434.683
434.63
434.571
434.512
434.443
434.38
434.311
434.243
434.171
434.105
434.036
433.97
433.907
433.852
433.803
433.761
433.671
433.644
433.629
433.62
433.618
433.623
433.633
433.645
433.661
433.671
433.659
433.629
433.594
433.558
