164.975
245.126
494.433
526.72
527.847
530.482
536.987
560.098
563.375
560.346
558.277
558.246
558.191
558.107
557.995
557.86
557.697
557.508
557.293
557.049
556.779
556.481
556.164
555.807
555.436
555.04
554.612
554.162
553.683
553.181
552.658
552.11
551.534
550.928
550.302
549.647
548.967
548.262
547.531
546.777
545.997
545.188
544.355
543.496
542.617
541.714
540.788
539.836
538.864
537.869
536.855
535.83
534.79
533.737
532.678
531.607
530.524
529.427
528.323
527.199
526.066
524.934
523.794
522.654
521.51
520.358
519.203
518.042
516.878
515.707
514.507
513.321
512.127
510.921
509.715
508.506
507.301
506.11
504.942
503.805
502.691
501.61
500.565
499.549
498.586
497.669
496.8
495.978
495.2
494.47
493.78
493.125
492.504
491.915
491.349
490.774
490.192
489.647
489.292
489.907
490.786
491.629
492.439
493.213
493.949
494.653
495.321
495.953
496.557
497.129
497.666
498.167
498.641
499.076
499.48
499.853
500.195
500.503
500.782
501.03
501.246
501.427
501.581
501.705
501.783
501.84
501.874
501.873
501.844
501.78
501.683
501.547
501.386
501.194
500.972
500.724
500.445
500.135
499.795
499.42
499.014
498.566
498.107
497.618
497.093
496.555
495.984
495.391
494.779
494.153
493.51
492.848
492.176
491.485
490.78
490.066
489.337
488.593
487.839
487.073
486.307
485.531
484.747
483.933
483.123
482.313
481.484
480.648
479.801
478.943
478.077
477.206
476.325
475.443
474.566
473.709
472.878
472.066
471.286
470.539
469.837
469.17
468.549
467.969
467.432
466.936
466.482
466.069
465.689
465.335
465.004
464.687
464.369
464.051
463.753
463.526
464.151
465.295
466.4
467.467
468.494
469.483
470.428
471.347
472.227
473.069
473.879
474.627
475.364
476.067
476.737
477.373
477.97
478.535
479.066
479.561
480.023
480.454
480.852
481.216
481.549
481.847
482.109
482.339
482.539
482.71
482.845
482.945
483.012
483.046
483.049
483.021
482.961
482.874
482.753
482.597
482.407
482.186
481.927
481.642
481.331
480.988
480.607
480.208
479.784
479.334
478.865
478.378
477.873
477.352
476.812
476.254
475.684
475.097
474.501
473.886
473.264
472.637
472.006
471.362
470.707
470.037
469.36
468.668
467.972
467.26
466.533
465.791
465.038
464.279
463.52
462.745
462.007
461.294
460.595
459.927
459.291
458.698
458.14
457.62
457.143
456.708
456.311
455.951
455.63
455.343
455.083
454.856
454.643
454.389
454.096
453.799
453.567
453.9
455.067
456.283
457.459
458.598
459.695
460.756
461.778
462.762
463.71
464.617
465.487
466.323
467.126
467.892
468.618
469.305
469.967
470.593
471.184
471.741
472.265
472.758
473.211
473.634
474.024
474.375
474.699
474.989
475.227
475.449
475.637
475.785
475.9
475.979
476.025
476.039
476.026
475.983
475.909
475.799
475.653
475.475
475.269
475.036
474.772
474.479
474.156
473.808
473.432
473.037
472.624
472.189
471.741
471.275
470.767
470.264
469.744
469.21
468.665
468.102
467.529
466.95
466.362
465.761
465.148
464.528
463.9
463.256
462.602
461.929
461.248
460.552
459.843
459.129
458.417
457.712
457.025
456.361
455.724
455.114
454.54
454.001
453.497
453.031
452.62
452.251
451.918
451.622
451.359
451.129
450.923
450.732
450.527
450.285
450.045
449.821
449.857
450.93
452.18
453.407
454.595
455.742
456.851
457.92
458.953
459.946
460.901
461.796
462.679
463.522
464.336
465.11
465.853
466.555
467.225
467.852
468.447
469.012
469.542
470.038
470.496
470.92
471.301
471.656
471.98
472.275
472.533
472.756
472.942
473.09
473.206
473.291
473.344
473.364
473.352
473.31
473.213
473.094
472.952
472.776
472.562
472.321
472.055
471.753
471.43
471.08
470.699
470.308
469.901
469.473
469.03
468.569
468.088
467.594
467.083
466.561
466.02
465.468
464.907
464.344
463.769
463.186
462.59
461.986
461.367
460.736
460.09
459.431
458.758
458.071
457.373
456.681
455.993
455.318
454.668
454.035
453.426
452.857
452.322
451.827
451.372
450.958
450.585
450.249
449.956
449.697
449.455
449.255
449.081
448.901
448.673
448.416
448.112
447.911
448.682
449.794
451.058
452.281
453.465
454.613
455.717
456.787
457.815
458.804
459.755
460.672
461.551
462.391
463.2
463.972
464.707
465.41
466.08
466.685
467.277
467.838
468.364
468.854
469.312
469.734
470.119
470.472
470.794
471.083
471.333
471.549
471.734
471.881
471.998
472.083
472.132
472.153
472.14
472.096
472.014
471.904
471.758
471.581
471.374
471.136
470.868
470.57
470.248
469.902
469.535
469.149
468.747
468.326
467.888
467.431
466.957
466.464
465.958
465.436
464.895
464.349
463.798
463.233
462.658
462.068
461.471
460.86
460.237
459.599
458.95
458.285
457.594
456.908
456.219
455.537
454.86
454.213
453.578
452.973
452.395
451.859
451.36
450.899
450.475
450.092
449.744
449.443
449.177
448.936
448.731
448.548
448.375
448.157
447.855
447.553
447.279
447.635
448.722
449.827
451.072
452.275
453.443
454.573
455.663
456.714
457.73
458.694
459.634
460.535
461.398
462.223
463.016
463.776
464.496
465.185
465.84
466.459
467.044
467.595
468.11
468.587
469.033
469.443
469.815
470.161
470.471
470.745
470.981
471.184
471.352
471.483
471.583
471.652
471.685
471.69
471.662
471.597
471.493
471.362
471.196
471.003
470.778
470.517
470.234
469.923
469.588
469.231
468.85
468.452
468.04
467.586
467.135
466.673
466.192
465.692
465.186
464.661
464.125
463.583
463.029
462.463
461.884
461.3
460.709
460.095
459.472
458.833
458.179
457.515
456.839
456.154
455.473
454.795
454.136
453.497
452.883
452.288
451.73
451.207
450.723
450.279
449.877
449.513
449.192
448.912
448.672
448.462
448.271
448.107
447.914
447.66
447.353
447.016
446.864
447.918
448.943
449.967
451.197
452.391
453.544
454.655
455.729
456.767
457.768
458.73
459.658
460.548
461.399
462.215
462.994
463.736
464.441
465.113
465.717
466.318
466.885
467.417
467.913
468.376
468.803
469.193
469.553
469.879
470.174
470.432
470.657
470.844
470.999
471.118
471.208
471.246
471.267
471.26
471.219
471.142
471.035
470.897
470.727
470.523
470.287
470.021
469.722
469.396
469.043
468.675
468.292
467.89
467.467
467.028
466.569
466.099
465.608
465.11
464.594
464.07
463.538
462.993
462.439
461.875
461.298
460.713
460.112
459.498
458.869
458.234
457.579
456.91
456.231
455.555
454.879
454.218
453.571
452.941
452.339
451.771
451.239
450.739
450.282
449.867
449.489
449.152
448.857
448.591
448.362
448.16
447.974
447.792
447.57
447.278
446.965
446.72
447.402
448.43
449.427
450.416
451.588
452.76
453.895
454.995
456.055
457.07
458.053
458.998
459.908
460.778
461.612
462.412
463.175
463.902
464.571
465.229
465.853
466.441
467
467.519
468.006
468.456
468.871
469.252
469.6
469.916
470.189
470.429
470.638
470.814
470.953
471.057
471.129
471.169
471.153
471.131
471.071
470.979
470.857
470.706
470.523
470.308
470.066
469.793
469.495
469.172
468.825
468.456
468.066
467.656
467.227
466.779
466.32
465.843
465.351
464.847
464.325
463.794
463.252
462.699
462.135
461.548
460.961
460.362
459.746
459.12
458.481
457.834
457.169
456.496
455.822
455.146
454.477
453.832
453.198
452.586
452.002
451.453
450.939
450.466
450.031
449.635
449.277
448.965
448.694
448.451
448.243
448.062
447.887
447.688
447.42
447.113
446.828
447.086
448.142
449.15
450.122
451.068
452.153
453.308
454.421
455.498
456.539
457.541
458.508
459.432
460.323
461.179
461.997
462.778
463.523
464.236
464.912
465.554
466.159
466.729
467.267
467.772
468.238
468.668
469.066
469.431
469.763
470.062
470.325
470.553
470.742
470.903
471.03
471.12
471.18
471.209
471.204
471.157
471.079
470.972
470.835
470.671
470.477
470.247
469.989
469.704
469.393
469.059
468.703
468.326
467.929
467.509
467.071
466.616
466.15
465.668
465.176
464.665
464.141
463.612
463.068
462.512
461.943
461.359
460.773
460.173
459.556
458.926
458.289
457.636
456.973
456.302
455.631
454.955
454.303
453.665
453.043
452.431
451.873
451.35
450.864
450.413
450.004
449.631
449.298
449.004
448.746
448.515
448.315
448.115
447.925
447.657
447.342
447.018
446.864
447.941
448.981
449.971
450.92
451.848
452.884
454.016
455.11
456.165
457.184
458.165
459.108
460.014
460.878
461.71
462.505
463.266
463.99
464.677
465.33
465.948
466.533
467.08
467.598
468.081
468.53
468.939
469.319
469.664
469.973
470.247
470.481
470.681
470.849
470.982
471.085
471.155
471.193
471.203
471.174
471.11
471.017
470.892
470.735
470.549
470.332
470.081
469.801
469.496
469.16
468.81
468.443
468.056
467.65
467.224
466.778
466.316
465.838
465.347
464.831
464.306
463.762
463.222
462.668
462.105
461.528
460.945
460.347
459.738
459.114
458.478
457.828
457.164
456.494
455.823
455.152
454.493
453.857
453.229
452.623
452.053
451.515
451.005
450.534
450.099
449.707
449.353
449.041
448.764
448.519
448.306
448.12
447.92
447.674
447.376
447.076
446.837
447.537
448.594
449.607
450.573
451.499
452.396
453.356
454.468
455.535
456.571
457.572
458.538
459.461
460.345
461.197
462.012
462.788
463.533
464.243
464.915
465.554
466.154
466.718
467.229
467.72
468.171
468.588
468.975
469.327
469.644
469.923
470.169
470.388
470.57
470.722
470.841
470.93
470.985
471.011
471.004
470.955
470.872
470.757
470.61
470.415
470.188
469.954
469.692
469.4
469.081
468.743
468.388
468.009
467.61
467.197
466.765
466.314
465.845
465.362
464.859
464.346
463.826
463.299
462.754
462.199
461.632
461.058
460.471
459.873
459.259
458.634
457.999
457.348
456.685
456.017
455.352
454.693
454.054
453.421
452.809
452.225
451.675
451.15
450.659
450.208
449.798
449.424
449.09
448.801
448.541
448.312
448.106
447.909
447.685
447.375
447.016
446.723
446.909
447.983
449.026
450.025
450.984
451.899
452.78
453.672
454.769
455.832
456.853
457.838
458.786
459.695
460.568
461.407
462.211
462.977
463.706
464.402
465.062
465.688
466.282
466.837
467.359
467.841
468.274
468.686
469.069
469.419
469.734
470.014
470.258
470.469
470.636
470.776
470.887
470.962
471.004
471.012
470.979
470.913
470.813
470.682
470.519
470.325
470.106
469.853
469.573
469.266
468.937
468.587
468.223
467.841
467.438
467.013
466.569
466.105
465.63
465.143
464.636
464.12
463.596
463.059
462.511
461.95
461.376
460.789
460.189
459.573
458.951
458.316
457.671
457.013
456.351
455.685
455.022
454.376
453.747
453.134
452.541
451.981
451.446
450.939
450.47
450.045
449.657
449.302
448.987
448.704
448.449
448.218
448.016
447.814
447.569
447.282
446.99
446.836
447.816
448.862
449.881
450.86
451.801
452.696
453.558
454.383
455.446
456.455
457.454
458.416
459.344
460.234
461.087
461.903
462.684
463.425
464.133
464.81
465.449
466.056
466.629
467.164
467.668
468.135
468.567
468.967
469.333
469.665
469.961
470.222
470.446
470.637
470.793
470.919
471.013
471.071
471.097
471.09
471.045
470.97
470.866
470.726
470.557
470.35
470.121
469.864
469.572
469.26
468.922
468.574
468.205
467.809
467.395
466.958
466.508
466.034
465.55
465.05
464.537
464.015
463.483
462.939
462.384
461.813
461.234
460.641
460.036
459.42
458.79
458.145
457.492
456.824
456.154
455.491
454.836
454.204
453.583
452.98
452.408
451.863
451.345
450.868
450.425
450.02
449.651
449.306
449.012
448.753
448.517
448.308
448.117
447.896
447.57
447.238
446.98
447.587
448.646
449.676
450.675
451.631
452.549
453.422
454.26
455.078
456.058
457.076
458.055
458.998
459.907
460.773
461.607
462.404
463.158
463.882
464.573
465.228
465.849
466.432
466.981
467.491
467.967
468.408
468.816
469.187
469.53
469.837
470.107
470.343
470.538
470.701
470.836
470.938
471.007
471.044
471.049
471.015
470.949
470.853
470.726
470.567
470.373
470.152
469.899
469.615
469.306
468.976
468.628
468.263
467.873
467.472
467.047
466.605
466.144
465.669
465.179
464.678
464.167
463.645
463.106
462.559
461.994
461.425
460.846
460.252
459.625
458.999
458.359
457.705
457.047
456.366
455.704
455.05
454.42
453.801
453.198
452.62
452.075
451.555
451.067
450.614
450.201
449.819
449.476
449.17
448.884
448.635
448.416
448.19
447.943
447.641
447.292
446.964
447.056
448.124
449.165
450.169
451.146
452.083
452.98
453.832
454.643
455.44
456.376
457.377
458.336
459.26
460.15
461.002
461.82
462.597
463.338
464.048
464.72
465.356
465.96
466.529
467.066
467.563
468.029
468.462
468.853
469.215
469.543
469.837
470.094
470.317
470.508
470.663
470.786
470.877
470.933
470.96
470.951
470.907
470.828
470.724
470.584
470.414
470.216
469.988
469.719
469.428
469.115
468.786
468.412
468.041
467.651
467.239
466.809
466.362
465.898
465.41
464.911
464.399
463.883
463.348
462.806
462.249
461.676
461.096
460.504
459.898
459.28
458.652
458.012
457.362
456.701
456.041
455.382
454.742
454.118
453.504
452.91
452.349
451.813
451.302
450.831
450.398
449.995
449.631
449.302
449
448.724
448.484
448.264
448.012
447.693
447.342
446.988
446.759
447.602
448.644
449.663
450.651
451.609
452.532
453.409
454.245
455.043
455.824
456.708
457.693
458.638
459.552
460.427
461.266
462.072
462.84
463.572
464.266
464.924
465.551
466.138
466.696
467.216
467.703
468.154
468.571
468.953
469.302
469.617
469.894
470.137
470.331
470.509
470.63
470.743
470.819
470.868
470.884
470.861
470.809
470.722
470.605
470.457
470.274
470.063
469.819
469.551
469.252
468.934
468.59
468.226
467.84
467.433
467.009
466.573
466.113
465.638
465.149
464.645
464.135
463.611
463.077
462.532
461.972
461.401
460.814
460.21
459.597
458.971
458.333
457.682
457.015
456.351
455.691
455.043
454.414
453.798
453.201
452.628
452.086
451.565
451.079
450.63
450.22
449.835
449.491
449.186
448.905
448.656
448.437
448.223
447.988
447.696
447.357
447.074
447.523
448.568
449.587
450.573
451.537
452.474
453.374
454.232
455.047
455.82
456.567
457.396
458.356
459.281
460.169
461.022
461.812
462.591
463.335
464.041
464.711
465.347
465.947
466.51
467.04
467.536
467.997
468.427
468.824
469.186
469.513
469.801
470.057
470.276
470.465
470.62
470.738
470.825
470.88
470.903
470.882
470.831
470.751
470.639
470.495
470.317
470.107
469.869
469.603
469.312
468.998
468.667
468.31
467.942
467.55
467.137
466.698
466.246
465.776
465.292
464.786
464.272
463.749
463.21
462.665
462.104
461.532
460.948
460.353
459.751
459.134
458.506
457.865
457.213
456.555
455.898
455.247
454.61
453.99
453.391
452.81
452.265
451.745
451.249
450.785
450.358
449.958
449.595
449.271
448.982
448.719
448.48
448.263
448.031
447.736
447.368
447.033
446.932
447.988
449.019
450.021
450.996
451.944
452.862
453.746
454.59
455.391
456.143
456.877
457.665
458.609
459.517
460.392
461.229
462.031
462.794
463.521
464.211
464.87
465.485
466.074
466.622
467.137
467.615
468.051
468.464
468.843
469.186
469.497
469.77
470.01
470.213
470.383
470.524
470.631
470.706
470.752
470.762
470.733
470.676
470.588
470.462
470.307
470.121
469.899
469.655
469.386
469.097
468.783
468.449
468.096
467.721
467.325
466.91
466.469
466.015
465.549
465.066
464.571
464.063
463.54
463
462.445
461.881
461.31
460.722
460.12
459.505
458.876
458.233
457.58
456.92
456.266
455.615
454.961
454.341
453.735
453.154
452.602
452.077
451.581
451.125
450.697
450.308
449.947
449.614
449.314
449.018
448.767
448.533
448.285
447.979
447.61
447.235
446.963
447.654
448.691
449.698
450.674
451.625
452.546
453.44
454.304
455.131
455.911
456.651
457.362
458.086
459.007
459.9
460.755
461.575
462.354
463.098
463.808
464.483
465.122
465.729
466.302
466.832
467.334
467.799
468.23
468.63
468.996
469.327
469.615
469.877
470.106
470.299
470.461
470.593
470.687
470.75
470.78
470.769
470.731
470.661
470.553
470.413
470.242
470.038
469.808
469.548
469.266
468.963
468.639
468.296
467.931
467.538
467.131
466.708
466.264
465.805
465.312
464.82
464.317
463.807
463.279
462.738
462.185
461.622
461.04
460.451
459.842
459.225
458.594
457.954
457.304
456.649
455.997
455.355
454.733
454.122
453.531
452.965
452.429
451.919
451.439
450.995
450.587
450.206
449.856
449.537
449.245
448.984
448.743
448.507
448.208
447.85
447.477
447.138
447.371
448.408
449.42
450.404
451.361
452.289
453.192
454.068
454.91
455.716
456.478
457.197
457.883
458.569
459.456
460.33
461.167
461.967
462.73
463.461
464.158
464.821
465.444
466.036
466.593
467.111
467.597
468.046
468.457
468.84
469.19
469.501
469.777
470.021
470.232
470.403
470.546
470.657
470.734
470.782
470.793
470.746
470.692
470.609
470.491
470.344
470.166
469.959
469.719
469.455
469.167
468.861
468.531
468.184
467.819
467.429
467.018
466.588
466.132
465.67
465.184
464.679
464.167
463.64
463.103
462.553
461.991
461.424
460.841
460.24
459.625
459.003
458.366
457.719
457.064
456.409
455.76
455.119
454.498
453.891
453.306
452.754
452.223
451.725
451.262
450.831
450.434
450.069
449.738
449.435
449.164
448.912
448.691
448.438
448.111
447.738
447.368
447.174
448.194
449.207
450.194
451.154
452.088
452.995
453.875
454.728
455.546
456.33
457.072
457.776
458.453
459.114
459.94
460.786
461.603
462.383
463.128
463.837
464.514
465.152
465.757
466.275
466.809
467.306
467.767
468.199
468.595
468.961
469.289
469.578
469.836
470.061
470.252
470.414
470.54
470.635
470.699
470.725
470.715
470.673
470.598
470.492
470.357
470.186
469.981
469.749
469.488
469.206
468.894
468.565
468.22
467.859
467.477
467.072
466.65
466.209
465.753
465.28
464.791
464.293
463.782
463.257
462.721
462.168
461.609
461.033
460.444
459.839
459.221
458.589
457.938
457.288
456.634
455.983
455.343
454.72
454.113
453.525
452.965
452.431
451.916
451.439
450.998
450.593
450.211
449.868
449.561
449.275
449.015
448.773
448.532
448.246
447.849
447.463
447.168
447.758
448.779
449.774
450.742
451.684
452.573
453.459
454.322
455.154
455.959
456.728
457.459
458.145
458.795
459.426
460.182
461.02
461.821
462.588
463.32
464.013
464.665
465.278
465.858
466.403
466.912
467.395
467.845
468.263
468.646
468.993
469.305
469.584
469.826
470.035
470.21
470.353
470.463
470.539
470.58
470.586
470.558
470.494
470.399
470.277
470.121
469.937
469.721
469.481
469.214
468.928
468.621
468.291
467.944
467.577
467.187
466.779
466.351
465.908
465.449
464.971
464.475
463.972
463.457
462.931
462.385
461.832
461.272
460.699
460.11
459.501
458.873
458.231
457.581
456.929
456.282
455.636
455.015
454.406
453.814
453.248
452.713
452.209
451.732
451.267
450.851
450.467
450.121
449.802
449.505
449.236
448.983
448.754
448.502
448.163
447.798
447.446
447.613
448.639
449.637
450.61
451.556
452.474
453.364
454.232
455.07
455.877
456.658
457.406
458.115
458.777
459.404
460.01
460.713
461.53
462.314
463.055
463.762
464.44
465.078
465.684
466.251
466.782
467.278
467.741
468.169
468.561
468.922
469.248
469.537
469.792
470.014
470.194
470.348
470.469
470.559
470.62
470.638
470.627
470.581
470.505
470.398
470.255
470.085
469.877
469.639
469.378
469.094
468.791
468.467
468.122
467.754
467.372
466.971
466.55
466.112
465.66
465.186
464.705
464.212
463.704
463.183
462.651
462.103
461.527
460.954
460.368
459.765
459.144
458.516
457.875
457.227
456.576
455.929
455.297
454.685
454.088
453.514
452.958
452.449
451.97
451.524
451.115
450.732
450.376
450.054
449.754
449.478
449.228
448.992
448.739
448.421
448.035
447.651
447.434
448.387
449.387
450.357
451.302
452.221
453.115
453.981
454.817
455.63
456.414
457.169
457.896
458.583
459.227
459.833
460.412
461.031
461.828
462.591
463.317
464.009
464.666
465.289
465.87
466.42
466.936
467.414
467.861
468.276
468.654
468.999
469.31
469.584
469.821
470.021
470.188
470.318
470.42
470.493
470.529
470.534
470.505
470.444
470.349
470.219
470.063
469.878
469.656
469.391
469.119
468.828
468.521
468.192
467.841
467.473
467.086
466.682
466.256
465.811
465.352
464.878
464.394
463.898
463.381
462.854
462.309
461.757
461.187
460.607
460.006
459.388
458.76
458.119
457.474
456.824
456.179
455.548
454.936
454.337
453.759
453.203
452.682
452.187
451.725
451.295
450.905
450.539
450.201
449.891
449.599
449.33
449.082
448.826
448.528
448.15
447.759
447.432
447.968
448.975
449.959
450.912
451.84
452.741
453.619
454.464
455.285
456.085
456.85
457.591
458.301
458.963
459.592
460.184
460.744
461.298
462.058
462.794
463.503
464.181
464.821
465.426
465.995
466.529
467.024
467.483
467.916
468.313
468.671
468.972
469.26
469.515
469.732
469.92
470.073
470.19
470.279
470.336
470.352
470.341
470.297
470.222
470.112
469.971
469.8
469.598
469.37
469.119
468.846
468.549
468.229
467.893
467.534
467.149
466.753
466.332
465.898
465.448
464.98
464.501
464.012
463.507
462.988
462.456
461.908
461.346
460.772
460.182
459.581
458.96
458.329
457.692
457.049
456.405
455.768
455.147
454.54
453.953
453.391
452.859
452.356
451.882
451.442
451.04
450.664
450.316
449.999
449.715
449.444
449.19
448.938
448.687
448.338
447.939
447.566
447.65
448.66
449.644
450.602
451.53
452.429
453.28
454.128
454.955
455.754
456.529
457.271
457.993
458.663
459.316
459.929
460.502
461.042
461.567
462.258
462.987
463.679
464.336
464.958
465.547
466.098
466.615
467.098
467.545
467.951
468.331
468.668
468.98
469.256
469.494
469.702
469.877
470.022
470.134
470.214
470.257
470.263
470.239
470.185
470.097
469.977
469.825
469.643
469.429
469.19
468.926
468.641
468.337
468.015
467.67
467.306
466.929
466.531
466.11
465.678
465.226
464.761
464.279
463.783
463.274
462.744
462.21
461.664
461.1
460.515
459.918
459.304
458.678
458.042
457.399
456.757
456.119
455.494
454.886
454.291
453.719
453.179
452.667
452.183
451.734
451.325
450.95
450.6
450.282
449.987
449.714
449.46
449.194
448.956
448.657
448.274
447.889
447.632
448.505
449.49
450.448
451.377
452.279
453.161
454.015
454.844
455.648
456.426
457.18
457.907
458.606
459.282
459.92
460.519
461.075
461.6
462.104
462.745
463.458
464.138
464.777
465.386
465.957
466.493
466.994
467.46
467.89
468.287
468.647
468.97
469.26
469.517
469.739
469.926
470.083
470.208
470.293
470.352
470.372
470.357
470.316
470.234
470.12
469.977
469.806
469.609
469.385
469.131
468.854
468.555
468.236
467.896
467.536
467.154
466.762
466.351
465.917
465.47
465.002
464.524
464.034
463.531
463.008
462.468
461.924
461.364
460.79
460.201
459.598
458.982
458.352
457.714
457.053
456.409
455.776
455.167
454.568
453.989
453.433
452.907
452.41
451.945
451.511
451.113
450.748
450.413
450.111
449.829
449.573
449.329
449.092
448.818
448.461
448.091
447.758
448.199
449.198
450.164
451.1
452.014
452.895
453.752
454.587
455.393
456.172
456.926
457.66
458.361
459.033
459.682
460.3
460.883
461.421
461.922
462.397
462.943
463.639
464.298
464.924
465.516
466.069
466.586
467.068
467.517
467.929
468.31
468.627
468.932
469.208
469.449
469.657
469.835
469.975
470.087
470.164
470.206
470.214
470.188
470.13
470.041
469.924
469.773
469.585
469.364
469.12
468.86
468.582
468.277
467.952
467.608
467.242
466.848
466.447
466.028
465.597
465.143
464.681
464.205
463.714
463.211
462.692
462.159
461.617
461.06
460.486
459.897
459.296
458.679
458.046
457.402
456.76
456.128
455.511
454.909
454.323
453.763
453.233
452.727
452.255
451.809
451.409
451.034
450.694
450.384
450.095
449.826
449.581
449.353
449.1
448.759
448.374
447.997
448.006
449.006
449.974
450.916
451.831
452.721
453.58
454.415
455.222
456.009
456.769
457.505
458.215
458.896
459.553
460.184
460.785
461.351
461.873
462.354
462.81
463.291
463.965
464.593
465.201
465.767
466.298
466.795
467.263
467.692
468.088
468.448
468.776
469.063
469.319
469.539
469.729
469.888
470.014
470.09
470.142
470.163
470.151
470.104
470.029
469.92
469.779
469.609
469.407
469.178
468.925
468.654
468.361
468.047
467.716
467.362
466.992
466.601
466.192
465.763
465.315
464.859
464.391
463.906
463.405
462.888
462.362
461.82
461.261
460.68
460.086
459.479
458.861
458.229
457.592
456.956
456.322
455.701
455.101
454.511
453.941
453.406
452.896
452.41
451.957
451.543
451.162
450.809
450.492
450.202
449.937
449.682
449.443
449.185
448.859
448.468
448.072
447.804
448.575
449.559
450.512
451.433
452.329
453.191
454.028
454.843
455.631
456.396
457.139
457.852
458.54
459.201
459.843
460.455
461.035
461.578
462.08
462.544
462.959
463.392
464.041
464.666
465.258
465.815
466.333
466.819
467.273
467.693
468.072
468.416
468.72
468.995
469.236
469.445
469.62
469.766
469.88
469.959
469.998
470.004
469.982
469.929
469.839
469.722
469.571
469.39
469.183
468.952
468.7
468.425
468.124
467.803
467.464
467.106
466.729
466.336
465.928
465.5
465.053
464.596
464.127
463.644
463.146
462.632
462.106
461.559
460.999
460.42
459.83
459.225
458.606
457.975
457.34
456.706
456.079
455.474
454.879
454.3
453.749
453.229
452.74
452.288
451.868
451.486
451.128
450.805
450.492
450.227
449.979
449.747
449.524
449.267
448.923
448.534
448.192
448.594
449.579
450.532
451.43
452.322
453.189
454.032
454.842
455.634
456.401
457.142
457.861
458.562
459.232
459.876
460.495
461.089
461.656
462.182
462.663
463.099
463.507
463.904
464.495
465.096
465.669
466.202
466.702
467.169
467.604
468.002
468.363
468.688
468.979
469.235
469.456
469.645
469.8
469.923
470.012
470.064
470.081
470.061
470.017
469.938
469.832
469.693
469.52
469.322
469.095
468.848
468.577
468.285
467.976
467.648
467.3
466.938
466.556
466.153
465.736
465.302
464.855
464.4
463.921
463.426
462.919
462.395
461.861
461.311
460.741
460.157
459.562
458.953
458.328
457.692
457.062
456.438
455.827
455.22
454.641
454.083
453.556
453.039
452.567
452.128
451.73
451.362
451.021
450.712
450.429
450.17
449.929
449.708
449.476
449.181
448.811
448.448
448.44
449.434
450.398
451.331
452.234
453.105
453.951
454.772
455.564
456.332
457.074
457.794
458.488
459.155
459.8
460.42
461.017
461.583
462.123
462.632
463.102
463.53
463.922
464.299
464.825
465.409
465.965
466.483
466.968
467.415
467.821
468.187
468.523
468.83
469.102
469.336
469.543
469.719
469.858
469.97
470.044
470.081
470.087
470.063
470.005
469.916
469.791
469.637
469.453
469.236
469.003
468.746
468.472
468.172
467.862
467.528
467.174
466.804
466.408
465.998
465.571
465.125
464.668
464.195
463.697
463.195
462.68
462.158
461.616
461.057
460.483
459.893
459.288
458.67
458.043
457.41
456.783
456.167
455.57
454.98
454.413
453.878
453.366
452.883
452.432
452.016
451.634
451.282
450.96
450.671
450.407
450.162
449.929
449.665
449.354
448.975
448.593
448.313
449.129
450.099
451.037
451.941
452.818
453.665
454.485
455.28
456.05
456.793
457.514
458.208
458.879
459.528
460.151
460.751
461.324
461.87
462.385
462.874
463.327
463.741
464.122
464.488
464.957
465.524
466.051
466.548
467.013
467.444
467.84
468.194
468.519
468.808
469.062
469.289
469.481
469.64
469.765
469.858
469.91
469.909
469.895
469.85
469.772
469.664
469.504
469.331
469.13
468.903
468.663
468.405
468.123
467.822
467.5
467.152
466.789
466.405
466.004
465.585
465.152
464.706
464.242
463.769
463.28
462.773
462.257
461.722
461.172
460.605
460.027
459.428
458.815
458.192
457.567
456.94
456.321
455.724
455.136
454.568
454.03
453.514
453.027
452.577
452.156
451.772
451.417
451.099
450.806
450.535
450.287
450.064
449.814
449.498
449.125
448.74
448.392
448.828
449.802
450.747
451.663
452.552
453.41
454.234
455.03
455.803
456.551
457.275
457.976
458.648
459.301
459.927
460.526
461.107
461.662
462.192
462.694
463.169
463.609
464.005
464.365
464.696
465.067
465.618
466.137
466.603
467.052
467.466
467.847
468.191
468.5
468.774
469.015
469.216
469.39
469.532
469.642
469.711
469.75
469.752
469.726
469.664
469.566
469.443
469.288
469.106
468.897
468.664
468.41
468.134
467.842
467.532
467.2
466.853
466.483
466.097
465.694
465.272
464.836
464.389
463.923
463.446
462.947
462.439
461.916
461.38
460.824
460.253
459.67
459.066
458.451
457.831
457.211
456.599
456.002
455.42
454.853
454.309
453.794
453.309
452.851
452.427
452.036
451.672
451.341
451.041
450.766
450.51
450.272
450.04
449.787
449.478
449.146
448.813
448.87
449.863
450.818
451.739
452.631
453.493
454.322
455.126
455.902
456.622
457.346
458.014
458.691
459.34
459.966
460.569
461.146
461.703
462.234
462.739
463.22
463.676
464.091
464.466
464.798
465.106
465.426
465.957
466.456
466.918
467.346
467.738
468.091
468.409
468.694
468.944
469.161
469.344
469.498
469.621
469.707
469.758
469.78
469.765
469.719
469.643
469.533
469.385
469.218
469.022
468.803
468.565
468.31
468.034
467.738
467.42
467.081
466.72
466.341
465.943
465.527
465.095
464.656
464.204
463.734
463.249
462.746
462.232
461.701
461.154
460.591
460.011
459.415
458.807
458.188
457.567
456.947
456.337
455.745
455.168
454.608
454.081
453.576
453.098
452.647
452.24
451.864
451.516
451.209
450.927
450.651
450.413
450.195
449.962
449.681
449.308
448.934
448.685
449.563
450.534
451.469
452.368
453.236
454.075
454.887
455.67
456.428
457.154
457.857
458.537
459.191
459.82
460.428
461.014
461.574
462.111
462.624
463.11
463.567
464.002
464.403
464.76
465.078
465.369
465.65
466.135
466.614
467.061
467.469
467.841
468.179
468.484
468.756
468.994
469.202
469.376
469.519
469.627
469.693
469.728
469.731
469.704
469.643
469.551
469.429
469.276
469.096
468.893
468.668
468.426
468.161
467.873
467.57
467.243
466.892
466.523
466.14
465.738
465.318
464.888
464.442
463.981
463.507
463.014
462.51
461.99
461.454
460.902
460.33
459.729
459.131
458.52
457.9
457.283
456.674
456.083
455.505
454.942
454.406
453.9
453.424
452.982
452.569
452.191
451.844
451.526
451.235
450.967
450.729
450.505
450.275
450.004
449.66
449.289
448.978
449.519
450.502
451.448
452.359
453.234
454.08
454.893
455.674
456.43
457.159
457.855
458.533
459.181
459.806
460.403
460.982
461.536
462.068
462.577
463.063
463.524
463.963
464.368
464.751
465.083
465.379
465.644
465.896
466.314
466.777
467.196
467.583
467.938
468.256
468.533
468.781
468.991
469.167
469.315
469.431
469.508
469.549
469.56
469.542
469.493
469.415
469.302
469.16
468.989
468.792
468.574
468.336
468.081
467.803
467.486
467.166
466.83
466.471
466.094
465.703
465.293
464.868
464.433
463.98
463.512
463.025
462.52
462.011
461.475
460.92
460.349
459.764
459.165
458.554
457.935
457.318
456.707
456.114
455.538
454.979
454.443
453.939
453.461
453.014
452.594
452.209
451.853
451.53
451.234
450.962
450.715
450.486
450.245
449.966
449.627
449.24
448.873
448.979
449.982
450.942
451.868
452.756
453.606
454.435
455.23
455.994
456.733
457.445
458.129
458.789
459.427
460.039
460.628
461.194
461.734
462.248
462.741
463.212
463.659
464.079
464.469
464.832
465.153
465.427
465.674
465.904
466.272
466.715
467.118
467.485
467.82
468.12
468.388
468.606
468.805
468.971
469.11
469.21
469.268
469.3
469.295
469.256
469.183
469.079
468.945
468.779
468.594
468.383
468.154
467.9
467.629
467.34
467.032
466.705
466.351
465.984
465.603
465.2
464.788
464.359
463.915
463.46
462.99
462.507
462.009
461.492
460.955
460.404
459.84
459.257
458.662
458.055
457.445
456.831
456.232
455.65
455.082
454.536
454.018
453.528
453.061
452.625
452.224
451.854
451.515
451.209
450.93
450.676
450.438
450.209
449.971
449.685
449.311
448.939
448.69
449.557
450.535
451.48
452.388
453.258
454.095
454.906
455.685
456.431
457.149
457.84
458.506
459.147
459.762
460.345
460.908
461.45
461.971
462.445
462.922
463.375
463.799
464.205
464.582
464.93
465.237
465.505
465.738
465.947
466.25
466.676
467.067
467.421
467.74
468.025
468.275
468.494
468.68
468.832
468.952
469.033
469.078
469.087
469.072
469.028
468.949
468.844
468.709
468.547
468.358
468.139
467.908
467.651
467.379
467.057
466.737
466.401
466.044
465.671
465.282
464.879
464.461
464.029
463.586
463.126
462.651
462.168
461.664
461.143
460.604
460.049
459.479
458.894
458.298
457.695
457.095
456.5
455.928
455.358
454.808
454.28
453.778
453.303
452.86
452.455
452.087
451.74
451.429
451.146
450.889
450.655
450.433
450.2
449.922
449.561
449.183
448.853
449.318
450.306
451.26
452.184
453.072
453.924
454.74
455.525
456.282
457.005
457.704
458.372
459.012
459.63
460.223
460.789
461.335
461.857
462.356
462.831
463.281
463.714
464.118
464.499
464.851
465.18
465.469
465.721
465.935
466.123
466.352
466.76
467.13
467.467
467.772
468.038
468.277
468.477
468.648
468.784
468.882
468.948
468.983
468.989
468.961
468.904
468.816
468.697
468.55
468.375
468.175
467.954
467.708
467.447
467.161
466.854
466.534
466.193
465.833
465.458
465.057
464.65
464.234
463.801
463.356
462.891
462.41
461.914
461.402
460.872
460.328
459.765
459.184
458.591
457.99
457.391
456.797
456.221
455.654
455.087
454.564
454.068
453.605
453.164
452.757
452.385
452.038
451.724
451.44
451.174
450.935
450.71
450.497
450.276
450.021
449.688
449.337
449.487
450.488
451.452
452.378
453.271
454.128
454.946
455.736
456.493
457.217
457.914
458.584
459.227
459.841
460.432
460.998
461.539
462.06
462.558
463.029
463.48
463.912
464.318
464.704
465.063
465.395
465.694
465.952
466.177
466.364
466.526
466.69
467.075
467.424
467.743
468.019
468.269
468.485
468.664
468.809
468.918
468.988
469.026
469.032
469.008
468.949
468.865
468.749
468.603
468.426
468.231
468.017
467.782
467.529
467.255
466.962
466.644
466.311
465.957
465.59
465.203
464.805
464.38
463.951
463.505
463.041
462.563
462.072
461.57
461.047
460.498
459.946
459.377
458.793
458.203
457.609
457.019
456.438
455.87
455.312
454.773
454.269
453.79
453.339
452.917
452.53
452.171
451.84
451.545
451.276
451.03
450.808
450.6
450.372
450.057
449.688
449.35
449.126
450.063
451.039
451.978
452.886
453.754
454.588
455.393
456.169
456.9
457.609
458.283
458.937
459.557
460.151
460.719
461.261
461.779
462.279
462.761
463.219
463.654
464.067
464.457
464.816
465.158
465.472
465.759
466.014
466.227
466.4
466.54
466.68
467.004
467.338
467.639
467.907
468.142
468.345
468.518
468.651
468.747
468.813
468.848
468.83
468.792
468.73
468.639
468.518
468.369
468.194
467.997
467.781
467.54
467.274
466.993
466.691
466.371
466.028
465.672
465.298
464.907
464.506
464.092
463.66
463.212
462.747
462.27
461.778
461.272
460.748
460.207
459.652
459.08
458.496
457.907
457.316
456.733
456.163
455.606
455.065
454.543
454.055
453.597
453.168
452.775
452.418
452.082
451.777
451.506
451.252
451.023
450.813
450.591
450.355
450.027
449.647
449.356
449.951
450.945
451.904
452.824
453.711
454.561
455.378
456.16
456.91
457.624
458.309
458.966
459.592
460.189
460.761
461.31
461.838
462.339
462.813
463.265
463.695
464.106
464.491
464.856
465.2
465.516
465.785
466.048
466.283
466.483
466.639
466.76
466.868
467.138
467.452
467.735
467.985
468.203
468.39
468.54
468.653
468.735
468.783
468.799
468.783
468.734
468.655
468.543
468.402
468.238
468.051
467.841
467.61
467.36
467.08
466.788
466.479
466.147
465.8
465.436
465.052
464.656
464.248
463.825
463.385
462.93
462.46
461.971
461.468
460.946
460.412
459.857
459.285
458.701
458.11
457.524
456.942
456.377
455.799
455.261
454.744
454.253
453.792
453.36
452.956
452.594
452.253
451.945
451.665
451.411
451.173
450.954
450.746
450.523
450.27
449.964
449.637
449.876
450.873
451.839
452.771
453.666
454.528
455.356
456.144
456.882
457.61
458.302
458.967
459.599
460.206
460.788
461.342
461.87
462.372
462.846
463.297
463.726
464.135
464.521
464.885
465.229
465.547
465.845
466.115
466.359
466.569
466.746
466.877
466.974
467.055
467.242
467.537
467.802
468.034
468.234
468.402
468.527
468.616
468.673
468.697
468.691
468.651
468.582
468.481
468.352
468.194
468.014
467.814
467.592
467.35
467.087
466.8
466.497
466.175
465.83
465.472
465.095
464.705
464.303
463.888
463.449
463.002
462.537
462.063
461.566
461.055
460.529
459.986
459.425
458.85
458.264
457.674
457.092
456.523
455.967
455.424
454.899
454.404
453.932
453.487
453.072
452.692
452.343
452.022
451.714
451.454
451.218
450.995
450.779
450.541
450.237
449.858
449.49
449.277
450.294
451.277
452.219
453.134
454.015
454.864
455.673
456.447
457.194
457.899
458.579
459.224
459.839
460.429
460.989
461.528
462.039
462.525
462.989
463.428
463.846
464.237
464.611
464.956
465.281
465.58
465.856
466.112
466.343
466.545
466.708
466.833
466.917
466.974
467.056
467.342
467.594
467.812
467.99
468.136
468.25
468.33
468.378
468.394
468.379
468.325
468.24
468.125
467.978
467.808
467.616
467.401
467.167
466.917
466.643
466.35
466.042
465.712
465.371
465.01
464.636
464.249
463.849
463.435
463.006
462.557
462.101
461.627
461.139
460.613
460.086
459.543
458.982
458.41
457.829
457.248
456.679
456.126
455.582
455.058
454.566
454.097
453.652
453.236
452.849
452.499
452.175
451.884
451.618
451.373
451.151
450.948
450.75
450.526
450.171
449.804
449.519
450.193
451.188
452.149
453.074
453.964
454.822
455.646
456.439
457.191
457.91
458.597
459.254
459.87
460.463
461.03
461.57
462.087
462.577
463.039
463.48
463.9
464.293
464.664
465.014
465.341
465.642
465.92
466.178
466.414
466.623
466.805
466.951
467.054
467.121
467.157
467.194
467.436
467.663
467.854
468.01
468.135
468.227
468.286
468.313
468.306
468.265
468.193
468.094
467.964
467.814
467.645
467.436
467.219
466.986
466.733
466.455
466.162
465.851
465.52
465.17
464.804
464.427
464.038
463.631
463.211
462.771
462.316
461.848
461.364
460.863
460.35
459.818
459.269
458.705
458.135
457.567
456.998
456.444
455.899
455.368
454.861
454.386
453.931
453.503
453.099
452.733
452.395
452.089
451.815
451.563
451.335
451.125
450.922
450.643
450.308
449.938
449.592
449.827
450.841
451.82
452.758
453.663
454.533
455.374
456.179
456.95
457.686
458.389
459.058
459.691
460.292
460.866
461.409
461.926
462.418
462.882
463.32
463.737
464.135
464.503
464.853
465.182
465.492
465.774
466.034
466.275
466.491
466.678
466.84
466.969
467.052
467.077
467.096
467.105
467.302
467.517
467.704
467.849
467.963
468.043
468.09
468.103
468.086
468.038
467.961
467.855
467.719
467.561
467.382
467.185
466.962
466.719
466.454
466.169
465.865
465.534
465.193
464.834
464.464
464.083
463.683
463.271
462.84
462.393
461.928
461.445
460.949
460.431
459.9
459.355
458.796
458.228
457.658
457.091
456.533
455.987
455.453
454.935
454.451
453.994
453.558
453.153
452.786
452.449
452.136
451.858
451.608
451.38
451.174
450.983
450.79
450.513
450.172
449.827
449.659
450.683
451.67
452.62
453.538
454.419
455.264
456.075
456.856
457.601
458.315
458.988
459.633
460.249
460.829
461.38
461.888
462.382
462.851
463.291
463.709
464.106
464.482
464.83
465.158
465.458
465.742
465.996
466.237
466.456
466.65
466.818
466.958
467.063
467.133
467.163
467.161
467.138
467.25
467.451
467.614
467.742
467.838
467.9
467.93
467.927
467.891
467.826
467.729
467.605
467.458
467.29
467.1
466.89
466.658
466.407
466.133
465.839
465.529
465.205
464.862
464.499
464.128
463.743
463.339
462.921
462.489
462.044
461.575
461.096
460.598
460.085
459.556
459.015
458.458
457.895
457.333
456.782
456.246
455.719
455.211
454.726
454.267
453.83
453.422
453.047
452.704
452.39
452.104
451.848
451.612
451.395
451.199
450.986
450.704
450.346
449.992
449.713
450.401
451.401
452.365
453.292
454.184
455.043
455.862
456.654
457.412
458.135
458.824
459.482
460.109
460.7
461.26
461.789
462.292
462.766
463.215
463.637
464.037
464.418
464.77
465.104
465.41
465.696
465.958
466.2
466.423
466.623
466.793
466.939
467.059
467.152
467.205
467.218
467.2
467.161
467.206
467.386
467.525
467.635
467.706
467.75
467.762
467.741
467.691
467.608
467.499
467.364
467.207
467.025
466.824
466.602
466.358
466.093
465.814
465.509
465.19
464.854
464.501
464.132
463.753
463.357
462.944
462.514
462.077
461.623
461.149
460.657
460.147
459.62
459.081
458.535
457.977
457.421
456.868
456.314
455.778
455.264
454.772
454.308
453.867
453.461
453.081
452.737
452.418
452.13
451.867
451.629
451.413
451.211
451.015
450.771
450.448
450.083
449.743
449.995
451.008
451.987
452.933
453.841
454.717
455.56
456.368
457.143
457.883
458.592
459.268
459.911
460.519
461.091
461.634
462.14
462.622
463.077
463.51
463.917
464.299
464.663
465.003
465.317
465.609
465.881
466.122
466.338
466.538
466.712
466.869
467.002
467.102
467.175
467.218
467.219
467.185
467.127
467.122
467.285
467.412
467.508
467.571
467.603
467.603
467.567
467.492
467.388
467.262
467.115
466.945
466.743
466.533
466.302
466.051
465.78
465.493
465.188
464.852
464.507
464.149
463.784
463.4
463.001
462.582
462.152
461.709
461.247
460.766
460.267
459.755
459.226
458.684
458.132
457.581
457.03
456.487
455.957
455.439
454.943
454.482
454.044
453.632
453.251
452.905
452.566
452.274
451.999
451.756
451.537
451.335
451.147
450.951
450.695
450.377
450.038
449.892
450.917
451.909
452.862
453.784
454.674
455.53
456.347
457.129
457.885
458.604
459.292
459.943
460.563
461.151
461.705
462.225
462.715
463.171
463.601
464.01
464.396
464.753
465.085
465.398
465.687
465.951
466.188
466.407
466.604
466.783
466.937
467.065
467.169
467.25
467.302
467.323
467.304
467.244
467.161
467.087
467.225
467.314
467.383
467.425
467.435
467.412
467.36
467.28
467.169
467.038
466.883
466.708
466.514
466.298
466.062
465.807
465.532
465.234
464.921
464.588
464.238
463.866
463.491
463.101
462.694
462.267
461.83
461.376
460.903
460.413
459.906
459.381
458.842
458.295
457.745
457.195
456.651
456.126
455.607
455.1
454.623
454.17
453.741
453.346
452.981
452.646
452.341
452.066
451.813
451.588
451.38
451.182
450.979
450.739
450.442
450.131
449.894
450.61
451.614
452.586
453.518
454.416
455.279
456.109
456.905
457.666
458.397
459.092
459.753
460.385
460.986
461.556
462.093
462.598
463.07
463.512
463.925
464.314
464.676
465.012
465.304
465.591
465.856
466.099
466.321
466.52
466.7
466.856
466.987
467.094
467.178
467.238
467.276
467.277
467.245
467.173
467.07
466.957
467.019
467.112
467.175
467.201
467.198
467.163
467.09
466.988
466.852
466.702
466.529
466.333
466.123
465.893
465.642
465.374
465.085
464.781
464.453
464.107
463.753
463.387
463.004
462.61
462.198
461.776
461.337
460.886
460.413
459.928
459.424
458.892
458.36
457.822
457.278
456.739
456.215
455.7
455.203
454.73
454.282
453.853
453.453
453.082
452.747
452.434
452.151
451.897
451.661
451.449
451.257
451.08
450.861
450.524
450.162
449.84
450.109
451.133
452.118
453.07
453.988
454.868
455.693
456.509
457.291
458.038
458.751
459.433
460.083
460.698
461.284
461.835
462.352
462.842
463.297
463.723
464.12
464.494
464.84
465.161
465.455
465.727
465.973
466.2
466.406
466.593
466.757
466.899
467.016
467.114
467.186
467.233
467.255
467.249
467.209
467.133
467.02
466.891
466.891
466.972
467.021
467.036
467.012
466.967
466.895
466.791
466.666
466.519
466.346
466.152
465.938
465.7
465.443
465.167
464.872
464.567
464.237
463.898
463.545
463.178
462.796
462.399
461.983
461.561
461.119
460.655
460.174
459.682
459.175
458.649
458.112
457.577
457.041
456.518
456.009
455.508
455.027
454.582
454.148
453.745
453.373
453.025
452.709
452.423
452.169
451.936
451.726
451.532
451.344
451.155
450.877
450.544
450.2
450.071
451.104
452.104
453.068
453.996
454.89
455.75
456.574
457.364
458.119
458.84
459.529
460.189
460.814
461.409
461.97
462.498
462.995
463.46
463.89
464.292
464.667
465.016
465.342
465.641
465.915
466.165
466.391
466.597
466.78
466.946
467.091
467.209
467.304
467.381
467.434
467.466
467.468
467.447
467.395
467.295
467.156
466.999
466.932
467.003
467.039
467.044
467.016
466.957
466.87
466.756
466.623
466.465
466.286
466.082
465.859
465.604
465.345
465.061
464.76
464.439
464.101
463.752
463.364
462.982
462.584
462.169
461.73
461.281
460.819
460.336
459.841
459.334
458.812
458.283
457.753
457.224
456.7
456.196
455.702
455.224
454.771
454.347
453.947
453.579
453.24
452.932
452.647
452.387
452.156
451.942
451.746
451.566
451.37
451.11
450.803
450.47
450.202
450.948
451.959
452.929
453.863
454.766
455.632
456.468
457.266
458.03
458.762
459.456
460.123
460.757
461.353
461.919
462.454
462.959
463.43
463.869
464.275
464.654
465.011
465.34
465.646
465.924
466.18
466.406
466.615
466.801
466.965
467.102
467.222
467.319
467.395
467.449
467.476
467.483
467.466
467.422
467.341
467.216
467.055
466.873
466.736
466.784
466.795
466.774
466.726
466.648
466.528
466.4
466.254
466.084
465.891
465.68
465.449
465.202
464.934
464.646
464.347
464.022
463.688
463.338
462.972
462.594
462.199
461.787
461.364
460.925
460.463
459.984
459.494
458.986
458.469
457.939
457.407
456.88
456.368
455.869
455.382
454.921
454.486
454.07
453.681
453.321
452.998
452.701
452.431
452.191
451.97
451.765
451.577
451.382
451.15
450.838
450.488
450.167
450.502
451.531
452.519
453.471
454.384
455.257
456.102
456.908
457.69
458.442
459.158
459.844
460.494
461.111
461.698
462.253
462.778
463.264
463.723
464.15
464.548
464.916
465.256
465.569
465.853
466.116
466.349
466.556
466.75
466.921
467.067
467.17
467.269
467.349
467.406
467.443
467.457
467.451
467.42
467.362
467.261
467.127
466.959
466.764
466.568
466.591
466.595
466.563
466.5
466.411
466.299
466.165
466.012
465.84
465.644
465.425
465.191
464.934
464.658
464.367
464.056
463.731
463.395
463.045
462.676
462.289
461.888
461.475
461.041
460.594
460.128
459.647
459.152
458.639
458.119
457.595
457.069
456.562
456.066
455.583
455.115
454.676
454.262
453.873
453.513
453.182
452.877
452.603
452.359
452.141
451.943
451.764
451.591
451.396
451.124
450.799
450.459
450.389
451.425
452.427
453.392
454.325
455.221
456.087
456.916
457.705
458.467
459.193
459.886
460.544
461.172
461.74
462.303
462.835
463.335
463.803
464.242
464.646
465.023
465.365
465.682
465.973
466.234
466.472
466.683
466.875
467.042
467.188
467.308
467.4
467.476
467.528
467.561
467.572
467.563
467.532
467.479
467.395
467.277
467.115
466.922
466.701
466.476
466.436
466.413
466.361
466.271
466.152
466.024
465.873
465.703
465.511
465.3
465.065
464.815
464.546
464.263
463.962
463.645
463.251
462.904
462.545
462.169
461.782
461.386
460.968
460.534
460.084
459.616
459.112
458.608
458.095
457.577
457.058
456.549
456.055
455.566
455.095
454.651
454.233
453.835
453.471
453.139
452.827
452.547
452.298
452.073
451.869
451.683
451.514
451.32
451.092
450.812
450.474
450.252
450.999
452.02
453.003
453.949
454.861
455.734
456.576
457.386
458.158
458.899
459.609
460.283
460.924
461.534
462.111
462.653
463.167
463.648
464.096
464.512
464.898
465.253
465.578
465.875
466.138
466.378
466.594
466.788
466.959
467.106
467.23
467.329
467.404
467.46
467.492
467.503
467.495
467.47
467.424
467.353
467.253
467.122
466.955
466.746
466.509
466.257
466.155
466.115
466.057
465.974
465.867
465.742
465.592
465.422
465.229
465.006
464.77
464.515
464.246
463.951
463.643
463.282
462.949
462.599
462.236
461.85
461.452
461.04
460.613
460.165
459.702
459.218
458.721
458.216
457.701
457.169
456.659
456.17
455.688
455.222
454.778
454.362
453.967
453.598
453.256
452.949
452.661
452.399
452.169
451.957
451.764
451.584
451.403
451.165
450.837
450.464
450.144
450.417
451.456
452.456
453.42
454.348
455.237
456.095
456.92
457.711
458.463
459.184
459.872
460.527
461.151
461.743
462.303
462.834
463.331
463.794
464.225
464.629
465.003
465.343
465.654
465.937
466.19
466.417
466.616
466.794
466.946
467.08
467.189
467.272
467.334
467.37
467.388
467.386
467.365
467.322
467.256
467.161
467.043
466.894
466.709
466.485
466.229
465.962
465.803
465.757
465.681
465.581
465.464
465.322
465.161
464.977
464.769
464.546
464.29
464.031
463.756
463.461
463.156
462.835
462.499
462.15
461.782
461.4
461.006
460.59
460.158
459.701
459.235
458.758
458.261
457.754
457.249
456.743
456.248
455.764
455.291
454.832
454.408
454.008
453.631
453.281
452.97
452.686
452.425
452.194
451.984
451.792
451.607
451.44
451.225
450.947
450.596
450.261
450.071
451.078
452.091
453.067
454.012
454.923
455.801
456.642
457.441
458.212
458.943
459.646
460.319
460.957
461.566
462.143
462.691
463.205
463.686
464.135
464.551
464.939
465.299
465.62
465.915
466.178
466.411
466.617
466.803
466.965
467.102
467.216
467.305
467.37
467.415
467.435
467.44
467.419
467.379
467.298
467.211
467.1
466.967
466.808
466.61
466.381
466.119
465.831
465.593
465.534
465.44
465.336
465.203
465.053
464.883
464.684
464.475
464.246
463.997
463.735
463.446
463.147
462.84
462.51
462.161
461.797
461.42
461.028
460.624
460.206
459.771
459.319
458.851
458.368
457.87
457.364
456.86
456.36
455.878
455.403
454.939
454.509
454.106
453.723
453.366
453.039
452.742
452.474
452.239
452.02
451.831
451.657
451.507
451.358
451.157
450.875
450.581
450.347
451.024
452.049
453.038
453.996
454.921
455.807
456.657
457.468
458.248
458.992
459.708
460.387
461.034
461.643
462.218
462.768
463.28
463.759
464.208
464.634
465.029
465.366
465.696
465.999
466.268
466.508
466.718
466.907
467.071
467.214
467.33
467.414
467.477
467.526
467.551
467.555
467.538
467.501
467.44
467.36
467.255
467.129
466.978
466.804
466.599
466.351
466.069
465.76
465.462
465.383
465.296
465.182
465.047
464.887
464.707
464.507
464.289
464.049
463.793
463.517
463.222
462.913
462.596
462.261
461.914
461.547
461.173
460.783
460.371
459.945
459.499
459.037
458.563
458.076
457.583
457.085
456.594
456.121
455.651
455.193
454.76
454.354
453.978
453.628
453.306
453.016
452.751
452.514
452.304
452.108
451.94
451.786
451.628
451.428
451.121
450.761
450.471
450.838
451.884
452.888
453.833
454.765
455.664
456.528
457.356
458.15
458.91
459.637
460.33
460.99
461.616
462.209
462.77
463.3
463.798
464.266
464.699
465.103
465.48
465.824
466.136
466.418
466.667
466.884
467.074
467.237
467.379
467.498
467.588
467.652
467.698
467.72
467.711
467.686
467.636
467.566
467.468
467.356
467.223
467.068
466.876
466.685
466.457
466.189
465.88
465.551
465.226
465.104
465.007
464.887
464.749
464.591
464.406
464.206
463.982
463.741
463.483
463.206
462.912
462.607
462.278
461.94
461.589
461.221
460.84
460.441
460.022
459.589
459.137
458.668
458.182
457.688
457.194
456.701
456.223
455.757
455.304
454.865
454.462
454.082
453.705
453.374
453.077
452.806
452.563
452.352
452.16
451.985
451.833
451.698
451.544
451.336
451.034
450.715
450.681
451.739
452.754
453.733
454.679
455.59
456.461
457.3
458.102
458.873
459.605
460.302
460.971
461.605
462.208
462.781
463.321
463.829
464.302
464.745
465.154
465.534
465.885
466.199
466.487
466.743
466.969
467.164
467.335
467.483
467.601
467.691
467.76
467.802
467.823
467.82
467.801
467.757
467.691
467.61
467.501
467.372
467.222
467.049
466.856
466.642
466.398
466.116
465.792
465.449
465.101
464.927
464.812
464.677
464.521
464.345
464.151
463.933
463.697
463.446
463.168
462.883
462.581
462.265
461.935
461.578
461.216
460.843
460.445
460.033
459.602
459.158
458.701
458.226
457.735
457.246
456.757
456.279
455.815
455.359
454.919
454.506
454.116
453.75
453.413
453.111
452.838
452.59
452.374
452.181
452.005
451.842
451.696
451.544
451.334
451.057
450.753
450.528
451.333
452.369
453.366
454.324
455.245
456.131
456.979
457.796
458.577
459.323
460.037
460.711
461.358
461.969
462.552
463.107
463.627
464.118
464.573
464.998
465.401
465.771
466.109
466.416
466.686
466.927
467.135
467.316
467.47
467.598
467.702
467.777
467.827
467.85
467.853
467.837
467.797
467.737
467.659
467.56
467.437
467.294
467.129
466.942
466.733
466.499
466.219
465.913
465.579
465.215
464.845
464.62
464.498
464.353
464.186
463.998
463.791
463.566
463.327
463.07
462.789
462.504
462.205
461.887
461.554
461.207
460.848
460.466
460.073
459.657
459.225
458.776
458.313
457.836
457.353
456.868
456.385
455.918
455.458
455.016
454.596
454.204
453.839
453.491
453.177
452.896
452.64
452.411
452.214
452.037
451.877
451.731
451.569
451.383
451.099
450.783
450.484
450.861
451.912
452.925
453.897
454.837
455.742
456.609
457.444
458.243
459.004
459.732
460.428
461.093
461.724
462.323
462.887
463.422
463.924
464.398
464.842
465.252
465.635
465.982
466.3
466.586
466.841
467.064
467.255
467.419
467.535
467.64
467.723
467.78
467.809
467.812
467.796
467.762
467.704
467.629
467.532
467.408
467.267
467.106
466.927
466.724
466.497
466.244
465.962
465.654
465.312
464.943
464.567
464.275
464.151
464.003
463.835
463.648
463.434
463.206
462.963
462.699
462.42
462.129
461.825
461.502
461.162
460.812
460.448
460.068
459.664
459.242
458.805
458.354
457.884
457.406
456.927
456.45
455.988
455.531
455.088
454.668
454.273
453.905
453.559
453.242
452.958
452.702
452.471
452.267
452.089
451.93
451.789
451.667
451.512
451.284
450.993
450.714
450.684
451.752
452.785
453.775
454.726
455.644
456.525
457.37
458.179
458.958
459.702
460.385
461.061
461.701
462.307
462.868
463.411
463.927
464.41
464.859
465.28
465.67
466.028
466.356
466.653
466.919
467.154
467.358
467.534
467.678
467.796
467.883
467.937
467.972
467.981
467.968
467.933
467.876
467.794
467.699
467.58
467.439
467.277
467.096
466.894
466.669
466.422
466.157
465.867
465.548
465.198
464.825
464.438
464.078
463.942
463.779
463.6
463.4
463.178
462.945
462.695
462.425
462.144
461.848
461.535
461.21
460.867
460.515
460.138
459.749
459.339
458.91
458.466
458.012
457.541
457.066
456.593
456.127
455.674
455.23
454.802
454.403
454.026
453.676
453.353
453.059
452.8
452.564
452.358
452.175
452.012
451.847
451.712
451.553
451.327
451.04
450.743
450.505
451.275
452.327
453.34
454.315
455.247
456.14
457.004
457.825
458.613
459.372
460.094
460.787
461.45
462.076
462.669
463.231
463.762
464.257
464.722
465.156
465.561
465.935
466.276
466.592
466.871
467.119
467.336
467.523
467.676
467.802
467.899
467.962
468.004
468.02
468.013
467.984
467.931
467.858
467.763
467.643
467.498
467.327
467.142
466.939
466.716
466.474
466.206
465.915
465.604
465.273
464.919
464.537
464.136
463.745
463.569
463.402
463.218
463.011
462.784
462.54
462.28
462.009
461.728
461.426
461.11
460.777
460.436
460.078
459.7
459.303
458.892
458.462
458.001
457.539
457.071
456.6
456.133
455.676
455.231
454.811
454.415
454.043
453.693
453.371
453.082
452.818
452.583
452.377
452.198
452.039
451.897
451.762
451.617
451.429
451.174
450.866
450.592
450.93
452
453.031
454.025
454.982
455.9
456.782
457.627
458.435
459.213
459.951
460.654
461.322
461.954
462.559
463.13
463.667
464.176
464.652
465.1
465.518
465.907
466.262
466.59
466.887
467.151
467.387
467.592
467.767
467.91
468.023
468.101
468.15
468.177
468.178
468.153
468.104
468.034
467.944
467.831
467.699
467.54
467.359
467.162
466.946
466.708
466.445
466.161
465.859
465.541
465.191
464.812
464.415
464.005
463.58
463.364
463.188
462.998
462.785
462.558
462.308
462.042
461.765
461.473
461.166
460.841
460.5
460.129
459.761
459.376
458.975
458.56
458.127
457.679
457.218
456.755
456.292
455.839
455.404
454.978
454.568
454.188
453.832
453.495
453.185
452.912
452.665
452.438
452.248
452.078
451.933
451.802
451.681
451.53
451.299
451.015
450.727
450.577
451.65
452.699
453.71
454.683
455.617
456.513
457.374
458.198
458.986
459.743
460.458
461.14
461.795
462.413
463
463.551
464.072
464.561
465.017
465.443
465.84
466.207
466.542
466.847
467.12
467.351
467.559
467.739
467.888
468.01
468.096
468.155
468.186
468.19
468.171
468.128
468.044
467.956
467.847
467.714
467.558
467.38
467.183
466.967
466.732
466.469
466.192
465.898
465.589
465.257
464.909
464.531
464.133
463.717
463.304
463.062
462.885
462.682
462.466
462.23
461.97
461.708
461.426
461.13
460.82
460.49
460.149
459.788
459.411
459.013
458.6
458.17
457.725
457.266
456.804
456.34
455.884
455.445
455.012
454.597
454.213
453.854
453.517
453.213
452.936
452.689
452.466
452.271
452.102
451.956
451.826
451.701
451.546
451.342
451.067
450.778
450.574
451.237
452.303
453.329
454.315
455.264
456.173
457.044
457.882
458.689
459.454
460.189
460.891
461.554
462.188
462.793
463.362
463.9
464.408
464.862
465.301
465.714
466.095
466.448
466.764
467.052
467.313
467.539
467.737
467.908
468.046
468.151
468.223
468.266
468.283
468.274
468.233
468.175
468.093
467.987
467.857
467.705
467.532
467.336
467.125
466.895
466.645
466.379
466.092
465.787
465.463
465.125
464.767
464.384
463.972
463.542
463.11
462.84
462.65
462.442
462.218
461.973
461.717
461.451
461.165
460.865
460.548
460.221
459.881
459.524
459.15
458.757
458.343
457.916
457.472
457.019
456.566
456.116
455.679
455.252
454.835
454.439
454.076
453.734
453.419
453.129
452.874
452.643
452.439
452.27
452.121
451.985
451.864
451.75
451.639
451.476
451.235
451.004
451.348
452.4
453.438
454.434
455.398
456.325
457.217
458.07
458.884
459.659
460.401
461.108
461.786
462.425
463.035
463.613
464.159
464.672
465.155
465.602
466.021
466.407
466.763
467.089
467.384
467.651
467.882
468.084
468.255
468.398
468.511
468.592
468.638
468.653
468.638
468.6
468.54
468.453
468.346
468.218
468.059
467.884
467.687
467.476
467.239
466.985
466.717
466.43
466.122
465.795
465.456
465.108
464.743
464.352
463.931
463.495
463.059
462.769
462.573
462.36
462.129
461.88
461.619
461.345
461.05
460.74
460.412
460.068
459.707
459.331
458.934
458.519
458.088
457.642
457.186
456.733
456.278
455.837
455.406
454.989
454.573
454.193
453.845
453.52
453.222
452.961
452.726
452.518
452.34
452.184
452.049
451.924
451.82
451.692
451.512
451.244
450.958
450.822
451.915
452.969
453.985
454.961
455.901
456.804
457.672
458.498
459.293
460.054
460.78
461.473
462.129
462.749
463.337
463.893
464.414
464.899
465.356
465.776
466.173
466.545
466.883
467.192
467.469
467.717
467.931
468.111
468.27
468.397
468.493
468.552
468.583
468.585
468.56
468.509
468.437
468.336
468.21
468.058
467.887
467.699
467.49
467.261
467.012
466.744
466.46
466.156
465.834
465.498
465.154
464.795
464.42
464.024
463.59
463.141
462.687
462.356
462.152
461.928
461.688
461.421
461.155
460.873
460.574
460.259
459.934
459.586
459.221
458.84
458.443
458.029
457.596
457.15
456.701
456.251
455.811
455.384
454.968
454.565
454.188
453.841
453.513
453.213
452.943
452.705
452.495
452.307
452.148
452.011
451.88
451.775
451.659
451.476
451.203
450.939
450.738
451.456
452.525
453.561
454.557
455.512
456.425
457.305
458.152
458.958
459.733
460.47
461.174
461.845
462.48
463.083
463.654
464.196
464.703
465.18
465.627
466.042
466.425
466.779
467.106
467.395
467.655
467.882
468.08
468.251
468.39
468.496
468.566
468.611
468.627
468.612
468.571
468.503
468.408
468.292
468.153
467.985
467.795
467.589
467.363
467.097
466.828
466.539
466.233
465.913
465.579
465.234
464.876
464.509
464.128
463.724
463.291
462.838
462.377
461.994
461.787
461.558
461.311
461.055
460.783
460.495
460.177
459.859
459.522
459.166
458.791
458.396
457.986
457.564
457.132
456.691
456.249
455.808
455.386
454.973
454.572
454.198
453.845
453.517
453.219
452.95
452.711
452.502
452.321
452.16
452.023
451.902
451.777
451.661
451.52
451.32
451.052
450.808
451.122
452.21
453.259
454.264
455.234
456.165
457.059
457.921
458.742
459.529
460.279
460.996
461.678
462.325
462.941
463.524
464.077
464.596
465.083
465.539
465.964
466.359
466.718
467.053
467.355
467.623
467.844
468.052
468.232
468.383
468.506
468.597
468.654
468.683
468.683
468.65
468.591
468.501
468.39
468.254
468.094
467.909
467.701
467.473
467.226
466.959
466.671
466.368
466.047
465.711
465.365
465.011
464.643
464.266
463.874
463.459
463.02
462.558
462.08
461.64
461.422
461.189
460.944
460.68
460.401
460.101
459.787
459.462
459.118
458.752
458.366
457.965
457.549
457.122
456.685
456.24
455.798
455.374
454.96
454.563
454.184
453.834
453.51
453.211
452.942
452.703
452.486
452.296
452.138
452
451.882
451.778
451.683
451.577
451.419
451.199
450.958
450.888
451.993
453.059
454.083
455.073
456.024
456.937
457.814
458.655
459.432
460.198
460.93
461.631
462.295
462.921
463.519
464.085
464.619
465.119
465.585
466.02
466.424
466.797
467.134
467.447
467.727
467.976
468.198
468.391
468.551
468.683
468.785
468.855
468.89
468.898
468.873
468.822
468.74
468.633
468.5
468.344
468.158
467.951
467.722
467.474
467.2
466.906
466.603
466.278
465.929
465.577
465.221
464.852
464.471
464.075
463.666
463.236
462.784
462.305
461.82
461.351
461.123
460.885
460.634
460.363
460.079
459.775
459.458
459.123
458.772
458.404
458.017
457.61
457.187
456.756
456.322
455.886
455.458
455.046
454.637
454.248
453.889
453.553
453.237
452.948
452.685
452.46
452.255
452.066
451.92
451.796
451.687
451.589
451.492
451.321
451.067
450.793
450.583
451.26
452.349
453.398
454.411
455.386
456.323
457.222
458.083
458.91
459.696
460.447
461.163
461.841
462.485
463.099
463.68
464.228
464.745
465.224
465.674
466.092
466.481
466.835
467.155
467.451
467.717
467.949
468.152
468.33
468.478
468.596
468.68
468.733
468.755
468.75
468.716
468.645
468.55
468.433
468.289
468.115
467.922
467.706
467.464
467.209
466.936
466.639
466.323
465.995
465.65
465.292
464.928
464.545
464.157
463.76
463.344
462.912
462.453
461.973
461.491
461.016
460.756
460.519
460.264
459.998
459.711
459.407
459.094
458.761
458.411
458.02
457.635
457.229
456.807
456.377
455.95
455.523
455.11
454.707
454.317
453.945
453.605
453.289
452.995
452.735
452.507
452.302
452.129
451.986
451.86
451.756
451.664
451.574
451.446
451.245
450.968
450.705
450.978
452.086
453.154
454.181
455.171
456.122
457.034
457.911
458.751
459.553
460.319
461.048
461.74
462.402
463.027
463.62
464.182
464.708
465.202
465.665
466.094
466.496
466.866
467.203
467.509
467.784
468.03
468.239
468.415
468.571
468.698
468.793
468.857
468.88
468.878
468.848
468.788
468.698
468.58
468.438
468.265
468.073
467.858
467.622
467.365
467.088
466.788
466.469
466.135
465.789
465.429
465.065
464.669
464.282
463.881
463.469
463.049
462.606
462.141
461.655
461.149
460.66
460.372
460.125
459.864
459.585
459.294
458.989
458.664
458.312
457.948
457.567
457.17
456.766
456.346
455.923
455.502
455.089
454.693
454.305
453.935
453.594
453.277
452.987
452.721
452.489
452.283
452.101
451.952
451.823
451.713
451.614
451.528
451.427
451.301
451.103
450.895
450.818
451.902
452.983
454.023
455.024
455.987
456.912
457.794
458.648
459.46
460.24
460.981
461.688
462.36
462.997
463.598
464.17
464.709
465.214
465.688
466.126
466.528
466.906
467.252
467.569
467.853
468.104
468.329
468.523
468.688
468.824
468.924
468.998
469.038
469.025
469.002
468.956
468.879
468.771
468.637
468.473
468.278
468.064
467.823
467.564
467.282
466.983
466.667
466.332
465.98
465.621
465.251
464.874
464.49
464.097
463.689
463.271
462.843
462.394
461.93
461.444
460.937
460.435
460.082
459.831
459.564
459.28
458.985
458.668
458.339
457.988
457.62
457.239
456.84
456.429
456.005
455.585
455.174
454.775
454.377
454.001
453.648
453.319
453.014
452.738
452.492
452.277
452.091
451.932
451.797
451.683
451.594
451.514
451.434
451.305
451.08
450.823
450.626
451.3
452.407
453.471
454.493
455.476
456.422
457.332
458.205
459.038
459.839
460.602
461.331
462.013
462.669
463.291
463.884
464.422
464.942
465.437
465.9
466.334
466.732
467.103
467.438
467.741
468.015
468.253
468.46
468.643
468.798
468.92
469.009
469.07
469.099
469.097
469.067
469.007
468.913
468.794
468.647
468.471
468.267
468.038
467.793
467.519
467.221
466.908
466.578
466.227
465.868
465.5
465.124
464.732
464.338
463.931
463.514
463.09
462.654
462.2
461.728
461.228
460.716
460.203
459.793
459.537
459.263
458.976
458.677
458.357
458.02
457.662
457.287
456.894
456.487
456.072
455.652
455.237
454.84
454.453
454.079
453.726
453.396
453.091
452.814
452.567
452.354
452.167
452.008
451.865
451.755
451.664
451.577
451.487
451.384
451.188
450.941
450.723
450.907
451.704
452.534
453.329
454.094
454.829
455.531
456.199
456.84
457.448
458.023
458.575
459.092
459.584
460.048
460.479
460.882
461.257
461.606
461.931
462.232
462.505
462.757
462.979
463.177
463.346
463.493
463.614
463.712
463.785
463.834
463.855
463.851
463.822
463.768
463.69
463.589
463.464
463.317
463.147
462.953
462.737
462.502
462.251
461.982
461.696
461.398
461.083
460.76
460.43
460.09
459.749
459.401
459.045
458.686
458.318
457.946
457.563
457.173
456.77
456.347
455.907
455.466
455.077
454.894
454.695
454.487
454.261
454.023
453.765
453.491
453.203
452.903
452.589
452.269
451.95
451.633
451.317
451.018
450.732
450.468
450.221
449.989
449.78
449.594
449.433
449.291
449.172
449.07
448.986
448.91
448.85
448.776
448.643
448.446
448.217
448.061
448.703
449.573
450.411
451.218
451.993
452.74
453.45
454.127
454.777
455.4
455.987
456.546
457.076
457.575
458.045
458.484
458.897
459.283
459.641
459.976
460.283
460.564
460.822
461.056
461.262
461.445
461.6
461.73
461.836
461.916
461.97
461.999
462.003
461.985
461.944
461.878
461.788
461.673
461.537
461.376
461.186
460.974
460.746
460.499
460.234
459.951
459.653
459.349
459.034
458.707
458.376
458.039
457.701
457.356
457.005
456.645
456.286
455.918
455.536
455.118
454.698
454.265
453.831
453.534
453.359
453.17
452.968
452.75
452.516
452.267
452.006
451.727
451.428
451.122
450.816
450.511
450.214
449.93
449.652
449.387
449.145
448.921
448.722
448.545
448.391
448.256
448.143
448.048
447.971
447.904
447.843
447.782
447.702
447.546
447.343
447.176
447.305
448.204
449.065
449.899
450.703
451.469
452.208
452.917
453.594
454.24
454.853
455.432
455.985
456.505
456.999
457.463
457.901
458.312
458.698
459.054
459.384
459.691
459.97
460.224
460.45
460.649
460.825
460.974
461.099
461.204
461.283
461.339
461.367
461.371
461.351
461.304
461.233
461.138
461.021
460.882
460.711
460.505
460.297
460.072
459.83
459.564
459.282
458.989
458.682
458.364
458.043
457.716
457.383
457.044
456.699
456.346
455.992
455.627
455.257
454.858
454.455
454.032
453.604
453.175
452.911
452.736
452.55
452.347
452.13
451.891
451.642
451.376
451.096
450.807
450.506
450.203
449.905
449.615
449.334
449.062
448.808
448.575
448.357
448.162
447.99
447.842
447.712
447.607
447.521
447.447
447.384
447.333
447.279
447.172
447.01
446.83
446.691
447.232
448.122
448.981
449.808
450.6
451.361
452.092
452.792
453.46
454.09
454.69
455.267
455.81
456.325
456.813
457.271
457.697
458.096
458.467
458.812
459.134
459.427
459.696
459.921
460.138
460.33
460.498
460.641
460.763
460.864
460.936
460.982
461.003
461
460.971
460.919
460.843
460.744
460.62
460.469
460.294
460.094
459.874
459.634
459.377
459.105
458.819
458.52
458.211
457.888
457.563
457.235
456.9
456.555
456.207
455.854
455.497
455.129
454.759
454.373
453.971
453.551
453.119
452.691
452.446
452.27
452.083
451.882
451.665
451.432
451.182
450.918
450.64
450.352
450.059
449.765
449.472
449.191
448.918
448.655
448.416
448.197
447.994
447.814
447.659
447.528
447.416
447.324
447.244
447.179
447.128
447.084
447.024
446.916
446.751
446.571
446.495
446.413
446.329
446.241
446.149
446.053
445.952
445.873
445.785
445.67
445.571
445.467
445.359
445.248
445.133
445.015
444.894
444.768
444.638
444.507
444.375
444.234
444.092
443.947
443.8
443.682
443.56
443.437
443.285
443.16
443.031
442.9
442.769
442.637
442.499
442.362
442.219
442.075
441.929
441.782
441.635
441.486
441.34
441.19
441.052
440.934
440.865
440.804
440.749
440.707
440.674
440.643
440.624
440.611
440.601
440.596
440.591
440.572
440.536
440.494
440.453
