201.069
298.609
505.546
524.415
530.308
537.19
535.346
555.47
562.382
560.321
557.266
557.238
556.272
555.909
555.819
555.701
555.554
555.382
555.181
554.958
554.705
554.429
554.126
553.797
553.443
553.065
552.659
552.224
551.764
551.277
550.768
549.407
548.035
547.228
546.646
546.034
545.397
544.733
543.246
542.186
541.459
540.706
539.93
539.117
538.288
537.431
536.55
535.644
534.716
533.767
532.789
531.076
529.655
528.654
527.644
526.628
525.596
524.55
523.498
522.437
521.361
520.282
519.198
518.111
517.02
515.922
514.818
513.037
511.328
509.473
507.908
506.802
505.684
504.561
503.428
502.301
501.166
500.04
498.924
497.178
495.666
494.62
493.603
492.625
491.685
490.78
489.919
488.415
487.52
486.798
485.427
484.083
483.217
482.628
482.062
481.501
480.239
478.62
478.159
477.922
477.7
478.021
478.446
478.86
479.513
480.335
481.218
482.062
482.873
483.639
484.38
485.084
485.754
486.388
486.959
487.52
488.052
488.556
489.017
489.451
488.963
488.972
489.327
489.65
489.935
489.339
489.043
489.256
489.437
489.585
489.7
489.763
489.816
489.831
489.818
489.766
489.686
489.574
489.429
489.251
489.046
488.813
488.545
487.489
487.03
486.66
486.288
485.886
485.456
485.002
484.523
484.021
483.496
482.251
481.31
480.751
480.175
479.581
478.977
478.36
477.731
477.091
476.44
475.093
473.739
472.876
472.208
470.851
469.745
469.055
468.357
467.647
466.927
465.538
464.51
463.78
463.046
462.312
461.591
460.877
460.174
459.489
458.833
458.206
457.617
457.065
456.547
455.39
454.832
454.43
454.055
453.707
453.37
453.04
452.01
451.293
451.229
451.232
451.291
451.531
451.753
451.996
452.612
453.545
454.496
455.644
456.751
457.818
458.85
459.845
460.781
461.699
462.578
462.511
462.424
462.765
463.529
464.236
464.933
465.594
466.223
465.943
465.984
466.527
467.036
467.512
467.954
468.366
468.739
469.079
469.383
469.651
469.886
469.297
469
468.35
467.685
466.769
465.87
465.743
465.79
465.806
465.79
465.736
465.652
465.533
465.384
465.204
464.995
464.759
464.498
464.206
463.884
463.544
463.181
462.803
461.708
461.078
460.659
460.226
459.783
459.325
458.846
458.362
457.865
457.356
456.839
456.307
455.766
455.214
453.99
453.075
452.51
451.934
451.352
450.757
450.159
449.538
448.945
448.363
447.8
447.255
446.73
446.238
445.777
445.342
444.943
444.577
444.247
443.933
443.651
443.388
443.151
442.969
443.044
443.151
443.246
443.317
443.371
443.43
443.738
444.514
445.285
446.338
447.576
448.775
449.935
451.052
452.131
453.172
454.172
455.136
456.059
456.951
457.801
458.616
459.396
460.145
460.853
461.528
462.165
462.767
463.335
463.863
464.36
464.822
465.249
465.641
465.997
466.324
466.613
466.867
467.086
467.27
467.413
467.528
467.612
467.661
467.678
466.876
466.064
465.241
465.043
464.931
464.784
464.62
463.681
462.728
461.884
461.45
461.183
460.889
460.576
460.237
459.859
459.485
459.096
458.691
458.264
457.826
457.377
456.916
455.758
454.605
453.954
453.464
452.96
452.445
451.242
450.629
450.105
449.573
449.032
448.485
447.931
446.723
445.961
444.771
443.58
442.494
442.005
441.548
441.112
440.701
440.322
439.972
439.637
439.323
439.028
438.761
438.587
438.66
438.754
438.864
438.984
439.091
439.168
439.229
439.305
439.603
439.35
439.933
440.98
441.982
442.964
444.088
445.269
446.415
447.516
448.583
449.61
450.6
451.553
452.465
453.343
454.181
454.983
455.75
456.477
457.167
457.823
458.442
459.026
458.711
458.667
459.17
459.638
460.068
459.632
459.661
459.182
459.275
459.562
459.817
460.033
460.215
460.366
460.391
460.187
460.246
460.268
460.261
460.221
459.393
458.547
458.076
457.918
457.752
457.567
457.353
457.115
456.852
456.569
456.266
455.942
454.896
454.358
453.997
453.62
453.225
452.816
451.726
450.933
450.501
450.052
449.599
449.133
448.659
448.181
447.699
447.205
446.705
446.198
445.686
445.169
444.007
443.331
442.831
442.338
441.855
441.395
440.957
440.535
440.139
439.767
439.407
439.07
438.767
438.596
438.635
438.698
438.778
438.878
438.982
439.086
439.176
439.25
439.319
438.869
439.181
439.89
440.646
441.448
442.448
443.621
444.813
445.961
447.072
448.146
449.181
450.176
451.134
452.052
452.938
453.783
454.588
455.356
456.087
456.78
456.553
455.744
455.674
456.276
456.841
457.374
457.852
458.316
458.741
459.131
459.49
459.023
458.774
459.051
459.289
459.494
459.665
459.796
459.9
459.182
458.46
458.344
458.35
458.323
458.266
458.182
458.062
457.916
457.739
457.51
457.274
457.012
456.734
456.438
456.122
455.785
454.73
453.928
453.552
452.468
451.687
451.287
450.87
450.44
449.998
449.548
449.086
448.622
448.153
447.676
446.528
445.575
445.01
444.521
444.029
443.532
443.046
442.562
442.087
440.976
439.88
439.159
438.75
438.349
437.954
437.579
437.248
437.096
437.099
437.125
437.171
437.242
437.33
437.441
437.567
437.698
437.786
437.815
437.83
437.922
438.67
438.651
439.177
440.204
441.193
442.117
443.057
444.196
445.317
446.404
447.454
448.467
448.517
448.558
449.352
450.238
451.088
451.901
452.673
453.413
454.115
454.78
454.543
454.611
455.191
455.737
456.245
456.718
457.155
457.553
457.917
458.249
458.544
458.803
459.025
458.41
457.783
457.137
457.034
457.14
457.211
456.471
456.421
456.405
456.366
455.544
455.205
455.095
454.959
454.79
454.595
454.378
454.135
453.864
453.575
453.268
452.94
451.897
451.419
450.358
449.337
448.905
448.497
448.104
447.701
447.285
446.871
446.451
446.024
445.591
445.155
444.714
444.269
443.821
443.372
442.923
442.47
442.018
441.563
441.1
440.637
440.177
439.075
438.47
438.194
438.095
438.014
437.292
437.203
437.183
437.19
437.215
437.253
436.606
436.213
436.269
436.352
436.62
436.948
437.252
436.839
437.046
437.544
438.125
438.03
438.781
439.756
439.972
440.397
440.557
441.427
442.517
443.567
444.579
445.542
446.477
446.47
446.448
446.397
446.999
447.785
448.536
449.25
449.929
450.566
451.17
451.736
452.266
452.759
453.223
453.65
454.043
454.4
454.714
455.004
454.43
454.444
454.656
454.834
454.169
453.823
453.924
453.989
454.032
454.042
454.017
453.965
453.885
453.773
453.631
453.459
453.265
453.052
452.812
452.547
452.255
451.947
451.62
451.281
450.922
449.879
449.242
448.865
448.465
448.073
447.677
446.597
445.819
445.411
444.998
444.585
444.17
443.745
443.319
442.892
442.459
442.028
441.593
441.155
440.707
440.252
439.798
439.381
438.549
437.699
436.93
436.16
435.644
435.541
435.52
435.518
435.529
435.547
435.56
434.913
434.607
434.672
434.932
434.425
434.531
434.819
435.283
435.834
436.57
437.327
438.05
438.767
439.679
440.572
441.446
442.453
443.526
444.562
445.559
446.514
447.437
448.32
449.166
449.973
449.83
449.69
449.522
449.804
450.476
451.11
451.709
452.266
452.79
453.28
453.732
453.301
453.36
453.73
454.068
453.526
453.576
453.83
454.056
454.247
452.161
450.726
449.837
449.484
449.581
449.677
449.746
449.778
449.78
449.755
449.698
449.612
449.496
449.353
449.178
448.236
447.91
447.688
447.449
447.194
446.922
446.639
446.341
446.03
445.715
445.39
445.058
444.715
444.367
444.014
443.658
443.294
442.924
442.544
442.156
441.758
441.349
440.534
440.094
439.654
439.246
439.102
438.96
438.819
438.685
438.553
438.428
438.319
438.222
438.133
437.373
436.616
435.879
435.153
434.664
434.613
434.651
434.683
434.695
434.701
434.724
434.864
435.384
436.089
436.894
437.673
438.428
439.136
439.809
440.466
441.136
442.205
443.288
444.331
445.336
446.304
447.229
448.122
448.975
449.791
450.567
451.307
451.959
452.627
453.26
453.858
454.424
454.952
454.596
454.986
455.428
455.839
456.216
456.56
456.054
455.357
455.495
455.736
455.947
456.122
456.266
456.377
455.689
455.293
455.333
455.345
455.327
455.278
455.198
455.088
454.194
453.291
452.928
452.734
452.517
452.278
452.015
451.049
450.475
450.183
449.877
449.557
449.229
448.199
447.505
447.166
446.824
446.479
446.126
445.77
445.407
445.037
444.663
444.275
443.872
443.449
443.002
442.54
442.083
441.739
441.565
441.388
441.206
441.029
440.855
440.682
439.852
439.494
439.363
439.249
439.155
439.08
439.028
438.986
438.953
438.934
438.909
438.866
438.838
438.853
438.365
438.719
439.225
439.702
440.172
440.791
441.457
442.097
442.888
443.733
444.615
445.677
446.699
447.683
448.634
449.542
450.416
451.251
452.048
452.808
453.529
454.214
454.865
455.478
456.053
456.595
457.102
457.57
458.007
458.41
458.78
458.288
457.79
457.897
457.329
456.748
456.916
457.12
457.296
457.438
457.552
457.63
457.683
457.7
457.687
457.645
457.574
457.474
456.577
455.956
455.766
455.573
455.357
455.116
454.854
454.57
454.265
453.954
453.63
453.288
452.939
452.579
452.216
451.854
451.483
451.103
450.459
450.069
449.658
449.256
448.848
448.425
447.986
447.52
447.037
446.552
446.164
445.944
445.717
445.487
445.227
444.343
443.459
443.039
442.022
441.187
440.993
440.84
440.698
440.576
440.474
440.389
440.326
440.283
440.246
440.195
440.133
440.071
440.05
440.315
440.791
441.285
441.758
442.211
442.667
443.412
444.309
445.168
445.98
446.762
447.582
448.58
448.698
449.397
450.3
451.17
451.997
452.787
453.541
454.263
454.943
455.588
455.391
455.813
456.368
456.883
457.365
457.814
458.229
458.608
458.957
459.272
459.554
459.807
460.027
460.216
460.371
460.495
460.591
460.656
460.685
460.689
460.656
460.595
460.505
460.385
460.234
460.055
459.849
459.617
459.358
459.078
458.773
458.451
458.107
457.746
457.377
456.996
456.601
456.177
455.771
455.358
454.935
454.506
454.074
453.637
453.195
452.751
452.304
451.849
451.383
450.91
450.416
449.897
449.364
448.831
448.389
448.128
447.87
447.613
447.358
447.106
446.865
445.841
444.978
444.619
443.811
443.177
443.066
442.978
442.907
442.84
442.774
442.711
442.649
442.637
442.227
442.445
442.666
443.047
442.658
442.627
443.199
443.866
444.669
445.551
446.384
447.177
447.943
448.813
449.792
450.732
451.631
452.489
453.316
454.107
454.862
455.578
456.261
456.906
457.518
458.088
458.626
459.13
459.597
460.029
460.427
460.792
460.332
459.793
459.879
460.14
460.371
460.565
460.731
460.124
459.42
459.221
459.271
459.31
459.323
459.302
459.248
459.17
459.057
458.919
458.752
458.559
458.335
458.087
457.138
456.796
456.491
456.161
455.823
455.464
455.092
454.712
454.32
453.917
453.501
453.083
452.657
452.225
451.792
451.352
450.912
450.466
450.014
449.557
449.093
448.625
448.15
447.661
447.15
446.639
446.134
445.744
445.526
445.311
445.103
444.912
444.733
444.56
444.402
444.265
444.145
444.043
443.947
443.856
443.774
443.706
443.706
443.95
444.193
444.42
444.625
444.783
444.961
445.565
446.237
447.071
447.961
448.808
449.617
449.504
450.163
450.907
451.836
452.764
453.656
454.509
454.496
454.419
455.117
455.853
456.549
457.186
457.81
458.39
458.941
459.461
459.941
460.369
460.786
461.166
461.513
461.826
462.103
462.352
462.567
461.994
462.086
462.218
462.319
462.391
462.429
462.436
462.41
462.354
462.265
462.149
462.004
461.828
461.631
461.407
460.462
460.08
459.79
459.476
459.144
458.116
457.698
457.315
456.915
456.5
456.075
455.642
455.2
454.754
454.301
453.839
453.374
452.903
452.428
451.946
451.459
450.97
450.48
449.986
449.488
448.99
448.488
447.987
447.484
446.969
446.459
445.971
445.65
445.468
445.295
445.14
445.002
444.88
443.984
443.278
443.15
443.081
443.017
442.969
442.996
443.239
443.473
443.682
443.868
444.054
444.425
444.858
445.517
446.458
446.479
446.427
447.161
447.093
447.423
448.212
449.198
450.18
451.12
452.026
452.898
453.73
454.527
455.282
456.005
455.839
454.834
454.72
455.35
455.943
456.5
457.022
457.51
457.176
457.384
457.78
458.132
458.454
458.741
458.993
459.215
459.403
459.559
459.683
459.775
459.834
459.866
459.868
459.835
459.772
459.68
458.863
458.547
458.383
458.191
457.976
457.738
457.474
457.186
456.874
456.542
456.195
455.83
455.442
455.042
454.624
454.192
453.095
452.586
452.135
451.678
451.212
450.072
448.937
448.152
447.687
447.221
446.748
446.269
445.789
445.305
444.818
444.337
443.865
443.387
442.256
441.163
440.576
439.505
437.854
437.163
436.825
436.56
436.555
436.569
436.597
436.642
435.884
435.741
435.809
435.858
435.888
435.935
436.236
436.691
437.262
438.016
438.783
439.54
440.374
441.361
441.395
442.229
443.1
443.949
444.901
445.959
446.078
446.129
446.984
447.919
448.816
449.675
450.5
451.286
452.032
452.742
453.418
454.055
454.659
454.404
454.878
455.388
455.861
456.3
456.703
457.067
457.395
457.692
457.953
458.185
458.379
458.539
458.652
458.001
457.288
457.253
457.276
457.271
457.228
457.158
457.057
456.93
456.773
456.59
456.383
456.156
455.905
454.93
454.454
454.153
453.834
453.492
453.122
452.748
452.36
451.955
451.531
451.094
450.645
449.507
448.408
447.824
447.344
446.863
446.378
445.886
445.39
444.236
443.082
442.478
442.014
441.56
441.124
440.699
440.293
439.907
439.545
439.195
438.867
438.556
438.255
437.962
437.687
437.449
437.428
436.665
436.548
436.596
436.655
436.94
437.247
436.795
437.286
438.124
437.994
437.948
438.538
439.285
440.073
441.058
442.003
442.909
443.763
444.543
445.334
446.235
447.241
448.209
449.141
450.035
450.892
451.713
452.492
453.237
453.947
453.753
454.329
454.941
455.516
455.205
454.659
454.921
455.391
455.821
456.215
456.576
456.9
457.189
456.67
456.079
455.463
454.814
454.164
453.493
452.808
452.104
451.379
450.639
449.88
449.111
448.328
447.536
446.729
445.912
445.089
444.253
443.406
442.553
441.827
441.739
441.629
441.497
441.343
441.169
440.975
440.762
440.533
440.282
440.016
439.734
439.432
439.114
438.11
437.484
437.13
436.768
436.4
436.034
435.675
435.317
434.968
434.627
434.297
433.978
433.672
433.38
432.443
432.067
431.84
431.63
431.431
430.564
429.915
429.023
428.657
428.494
428.552
428.627
428.819
429.168
429.597
430.202
430.779
431.334
431.878
432.49
433.296
434.078
434.057
434.414
435.122
435.801
436.476
437.298
438.202
438.281
438.314
438.766
439.584
440.365
441.103
441.038
441.146
441.79
441.531
441.788
442.645
443.465
443.189
443.233
443.967
444.661
445.319
445.94
446.523
447.067
447.576
447.206
447.412
447.83
448.212
448.555
448.866
449.138
449.374
449.575
449.745
449.88
449.986
450.062
450.108
450.124
450.116
450.08
450.02
449.929
449.821
449.695
449.542
449.366
448.437
448.172
447.947
447.705
447.446
446.473
445.498
445.073
444.762
444.433
444.086
443.726
442.693
441.637
441.073
440.69
440.298
439.899
439.505
439.11
438.724
438.348
437.985
437.634
437.305
436.993
436.7
436.424
436.165
435.922
435.68
434.767
433.857
433.494
433.378
433.433
433.473
433.503
433.649
433.906
434.193
434.636
435.15
435.663
436.333
437.088
437.825
437.718
438.248
438.944
439.612
440.255
440.867
440.651
440.605
441.168
441.99
441.867
442.398
442.351
442.057
442.237
442.926
443.569
444.169
444.745
445.394
446.186
446.94
447.655
448.336
447.373
447.055
447.271
447.851
448.394
448.896
449.364
449.794
450.19
450.557
450.101
449.588
449.548
449.798
450.021
450.217
450.38
450.511
449.88
449.604
449.659
449.688
449.696
449.673
449.627
449.56
449.466
449.349
449.206
449.042
448.851
448.644
448.414
448.159
447.881
447.587
447.274
446.946
446.6
446.238
445.868
445.484
444.416
443.344
442.882
442.495
442.107
441.7
441.315
440.933
440.553
440.191
439.839
439.497
439.172
438.853
438.541
437.569
437.086
436.783
436.578
436.576
436.56
436.535
436.507
436.513
436.76
437.025
437.277
437.511
437.709
437.877
438.044
437.554
437.931
438.641
439.359
440.058
440.746
441.414
442.065
442.687
443.282
443.837
444.375
444.918
444.776
444.624
445.19
445.88
446.501
447.123
447.869
448.709
449.506
450.268
450.991
451.679
452.329
452.941
453.52
454.058
454.564
455.033
455.466
455.043
455.26
455.603
455.914
456.187
456.431
456.643
456.819
456.966
457.081
457.164
457.226
457.255
457.253
457.224
457.169
457.087
456.981
456.848
456.693
456.511
456.291
456.064
455.816
455.546
455.248
454.932
454.596
454.239
453.868
452.801
452.349
451.943
450.856
449.59
449.068
448.658
448.243
447.829
447.418
447.011
446.605
446.202
445.797
445.395
444.998
443.959
443.509
443.121
442.721
442.316
441.921
441.618
440.855
440.081
439.893
439.776
439.7
439.875
440.058
440.24
440.426
440.619
440.816
441.017
441.223
441.425
441.62
441.788
441.96
442.148
442.654
443.337
443.998
444.635
445.242
445.811
446.36
446.918
447.693
448.436
449.132
449.788
449.519
450.212
451.071
451.894
452.676
453.42
454.13
454.805
455.44
456.043
456.614
457.144
457.644
458.103
458.524
458.917
459.272
459.578
459.866
460.121
460.338
460.529
460.687
460.812
460.912
460.983
461.024
461.037
461.02
460.975
460.903
460.807
460.677
460.524
460.345
460.142
459.914
458.904
457.923
457.44
457.142
456.821
456.489
456.133
455.757
455.368
454.961
454.547
454.125
453.692
453.253
452.121
450.416
449.577
449.175
448.775
448.369
447.975
446.886
445.818
445.082
444.045
443.615
443.242
442.859
442.462
442.059
441.673
441.475
441.338
441.195
441.056
441.064
441.204
441.343
441.486
441.633
441.786
441.943
441.305
440.866
440.923
441.102
441.276
441.437
441.59
441.766
442.175
442.585
442.323
442.547
443.193
443.809
444.391
444.935
445.468
446.138
446.868
447.58
448.419
449.325
450.199
451.028
451.825
451.679
452.247
452.947
453.612
454.239
454.829
455.385
455.903
456.384
456.836
457.251
457.629
457.974
458.281
458.55
458.794
458.218
457.904
458.079
458.221
457.518
457.533
457.599
457.633
457.642
457.623
457.574
457.501
457.401
457.271
457.12
456.943
456.74
455.764
454.76
454.324
454.055
453.767
453.463
453.138
452.795
452.44
452.068
450.975
450.468
450.084
449.691
448.606
447.515
446.923
446.558
445.511
444.975
444.624
444.273
443.918
443.555
443.182
442.791
442.406
442.042
441.87
441.773
441.669
441.546
441.402
441.254
441.117
441.171
441.305
441.435
440.856
440.306
440.357
440.497
440.639
440.775
440.905
441.025
440.461
440.501
440.891
441.306
441.713
442.098
442.463
442.816
443.169
443.668
444.237
444.774
445.276
445.774
446.476
447.143
447.815
448.7
449.559
450.381
451.165
451.91
452.622
452.38
452.021
452.339
452.941
453.503
454.029
454.524
454.979
455.401
455.793
456.152
456.481
456.775
457.034
457.269
457.472
457.643
457.784
457.898
457.986
458.044
458.07
458.069
458.037
457.982
457.9
457.792
457.655
457.495
457.311
457.102
456.869
456.612
456.333
456.032
455.694
455.363
455.017
453.959
452.886
452.343
451.98
451.608
451.23
450.847
449.791
449.361
448.999
448.61
448.24
447.874
447.497
447.11
446.702
446.288
445.894
445.704
445.578
445.446
445.296
445.126
444.938
444.736
444.546
444.563
444.643
444.714
444.792
444.866
444.939
445.018
445.097
445.174
445.249
445.315
445.374
445.453
445.69
446.053
446.414
446.765
446.285
446.354
446.658
446.929
447.189
447.552
448.118
448.858
449.556
450.212
450.84
451.56
452.392
453.196
453.96
454.686
455.372
456.016
456.627
457.209
457.758
458.266
458.74
459.169
459.571
459.945
460.286
460.592
460.027
460.074
460.302
460.502
460.67
460.807
460.078
459.36
459.214
459.274
459.309
459.311
459.286
459.234
459.15
459.043
458.909
458.734
458.547
458.34
458.102
457.151
456.173
455.298
454.192
453.168
452.572
452.274
451.959
451.633
451.305
450.969
450.62
450.27
449.921
449.573
449.221
448.872
448.517
448.158
447.792
447.411
447.019
446.649
446.481
446.357
446.23
446.095
445.949
445.79
445.608
445.412
445.208
445.013
445.009
445.059
445.098
444.318
443.695
443.674
443.733
443.808
443.878
443.972
444.069
444.172
444.272
443.612
443.578
443.76
444.147
444.536
444.906
445.263
445.601
445.925
446.268
447.059
447.822
448.539
449.212
449.86
450.562
451.407
452.219
452.991
453.722
454.417
455.076
455.699
456.288
456.846
456.522
456.859
456.499
456.819
457.222
457.615
457.183
456.705
456.961
457.247
457.505
457.732
457.927
458.091
458.229
458.335
458.41
458.456
458.472
458.461
458.421
458.355
458.258
457.388
457.174
457.017
456.833
456.623
456.398
455.449
454.441
453.413
453.103
452.838
452.56
452.268
451.961
450.927
450.192
449.874
449.543
449.212
448.87
448.519
448.161
447.781
447.385
446.981
446.584
446.389
446.25
446.1
445.946
445.789
445.619
445.453
445.282
445.105
444.922
444.734
444.534
443.673
443.076
442.857
442.704
442.793
442.886
442.981
443.078
443.176
443.274
443.369
443.447
443.523
443.607
443.755
444.127
444.492
444.838
445.149
445.424
445.671
445.941
446.446
447.203
447.951
447.932
448.33
448.988
449.599
450.17
450.732
450.609
450.486
450.39
450.686
451.387
452.055
452.687
452.409
452.129
452.496
453.018
453.504
453.955
454.37
454.758
455.116
455.436
455.729
455.99
456.211
456.411
456.581
456.717
456.82
456.895
456.158
456.064
456.068
456.043
455.982
455.9
455.793
454.933
454.589
454.421
454.229
454.022
453.801
453.562
453.307
453.037
452.761
451.75
451.085
450.789
450.476
450.157
449.832
449.494
449.15
448.795
448.423
448.029
447.618
447.19
446.783
446.55
446.396
445.43
444.297
443.901
443.752
443.599
443.441
443.281
443.121
442.962
442.803
442.648
442.479
442.289
442.121
441.972
441.248
441.324
441.479
441.636
441.795
441.946
442.091
442.222
442.346
442.489
442.833
441.641
441.039
441.136
441.468
441.935
442.796
443.619
444.421
445.198
445.948
446.67
447.366
448.035
448.672
449.259
449.81
450.317
450.798
451.318
452.022
452.692
453.319
453.916
454.478
455.003
455.499
455.961
455.574
455.726
456.103
456.442
456.753
457.035
457.28
457.499
457.682
457.834
457.96
458.049
458.108
458.142
458.144
458.122
458.071
457.99
457.884
457.753
457.597
457.41
457.206
456.978
456.728
456.463
456.18
455.883
454.893
453.834
453.302
452.987
452.656
452.316
451.968
451.613
451.255
450.889
450.506
450.131
449.752
449.362
448.95
448.523
448.088
447.66
447.371
447.214
447.045
446.872
446.691
446.509
446.33
446.149
445.968
445.776
445.579
445.381
444.431
444.366
444.495
444.63
444.767
444.903
445.039
445.171
445.295
445.403
445.493
445.579
445.707
446.031
446.323
446.594
446.948
447.483
448.173
448.936
448.924
448.813
449.151
449.836
450.496
450.378
450.175
450.399
450.97
451.509
452.016
452.483
452.913
453.311
453.72
454.335
454.915
455.457
455.965
456.436
456.871
457.274
457.643
457.978
457.529
457.161
457.253
457.461
457.66
457.831
457.972
458.086
457.445
457.306
457.352
457.367
457.354
457.314
457.244
457.132
457.007
456.149
455.607
455.421
455.212
454.985
454.738
454.47
454.187
453.89
453.573
453.248
452.915
452.57
452.216
451.857
451.49
451.123
450.752
450.379
450.008
449.627
449.246
448.86
448.464
448.054
447.632
447.202
446.114
445.682
445.539
445.385
445.229
445.076
444.917
444.744
444.567
444.391
443.447
442.871
442.945
443.098
443.253
443.406
442.774
442.726
442.193
441.89
442.06
442.208
442.33
442.435
442.557
442.838
443.449
444.041
444.599
445.135
444.734
444.626
445.334
446.099
446.841
447.554
448.235
448.893
449.52
450.106
450.649
451.152
451.625
452.148
451.961
451.737
452.194
452.807
453.387
453.933
454.425
454.903
455.345
455.751
456.124
456.463
456.778
457.055
457.299
457.512
457.69
457.839
457.961
458.056
458.122
458.16
458.171
458.155
458.109
457.267
456.409
456.084
455.957
455.811
455.632
455.426
455.199
454.951
454.687
453.686
453.205
452.893
452.574
452.244
451.911
451.565
450.54
449.864
449.518
449.168
448.823
448.474
448.12
447.77
447.423
447.069
446.014
445.191
444.768
443.715
443.112
443.008
442.895
442.775
442.646
441.845
441.108
440.775
440.619
440.494
440.614
440.742
440.875
441.009
441.145
441.284
441.418
441.555
441.012
441.037
441.18
441.304
441.407
441.491
441.583
441.885
442.223
442.585
443.174
443.724
444.262
444.773
445.282
445.066
445.282
446.003
446.696
447.357
447.985
448.566
449.104
449.612
450.15
449.951
448.958
449.331
449.994
449.726
449.877
450.449
450.989
451.494
451.965
452.398
452.806
453.184
453.529
453.839
454.119
453.562
452.973
452.969
453.16
453.324
452.72
452.103
451.856
451.931
451.977
451.993
451.979
451.947
451.885
451.794
451.68
451.544
451.385
451.206
451.008
450.791
450.56
450.315
450.057
449.786
449.506
449.212
448.212
447.214
446.743
446.452
446.149
445.156
444.501
444.198
443.895
443.582
443.247
442.902
442.56
442.304
441.405
440.533
440.255
440.165
440.046
439.907
439.763
438.844
437.566
436.722
436.327
436.487
436.652
436.063
435.968
436.145
436.318
436.487
436.658
436.832
437.009
437.179
437.332
437.464
437.575
437.705
438.071
438.464
439.054
439.688
439.518
439.937
440.514
441.059
441.581
442.084
442.689
443.422
444.114
444.764
445.37
445.942
446.607
447.399
448.151
448.869
448.721
448.505
448.912
449.515
450.081
450.611
451.106
451.568
451.999
452.396
452.757
453.088
453.387
453.646
453.884
454.097
454.279
454.431
454.556
454.65
454.72
454.761
454.771
454.754
454.712
454.641
454.546
454.421
453.527
452.568
450.934
449.377
447.832
446.297
444.769
443.244
441.745
440.247
438.861
438.46
438.323
438.151
437.996
437.824
437.644
437.457
437.258
437.061
436.855
436.622
436.374
436.117
435.859
435.725
435.733
435.73
435.721
435.703
435.679
435.645
435.609
435.562
435.496
435.411
435.317
435.257
435.425
435.617
435.807
435.991
436.168
436.338
436.504
435.956
435.424
435.354
435.479
435.597
435.74
436.123
435.819
436.099
436.449
436.787
437.125
437.657
438.248
438.004
437.899
438.392
438.921
439.419
439.881
440.329
440.819
441.493
442.124
442.713
443.265
443.803
444.487
445.223
445.924
446.585
446.354
446.085
446.589
447.14
447.659
448.145
447.732
447.952
448.36
448.736
449.081
449.395
449.677
449.933
450.158
450.353
450.493
450.632
450.74
450.822
450.873
450.898
450.104
449.888
449.85
449.009
448.799
448.715
448.616
447.784
447.408
447.272
447.121
446.958
446.773
446.581
446.383
446.168
445.944
445.711
445.467
445.217
444.951
443.955
442.944
442.284
441.991
441.786
441.761
441.73
440.825
440.571
440.525
440.475
440.406
440.317
440.213
440.097
439.997
440.131
440.283
439.638
439.655
439.793
439.922
440.041
439.381
439.428
439.525
439.599
439.628
439.672
439.745
440.049
440.372
440.689
441.002
441.298
441.576
441.829
442.078
442.341
442.821
443.329
443.823
444.301
444.765
445.202
444.775
444.445
444.678
444.984
445.268
445.691
446.33
447.078
447.806
448.497
449.152
449.77
450.353
450.905
451.423
451.907
452.36
452.777
452.369
451.872
452.096
452.413
452.705
452.967
453.2
453.407
453.58
453.727
453.841
453.931
453.993
454.028
454.034
454.015
453.963
453.888
453.789
453.67
453.529
453.366
453.185
452.982
452.096
451.681
451.445
451.201
450.946
450.685
450.415
450.139
449.856
449.57
449.28
448.987
448.692
448.392
448.079
447.053
446.035
445.474
445.142
444.131
443.342
443.122
443.03
442.914
442.784
442.677
442.803
442.94
443.061
443.181
443.294
443.399
443.502
443.6
443.694
443.78
443.861
443.929
443.981
443.255
442.511
442.444
442.468
442.523
442.802
443.081
443.343
443.589
443.854
444.345
444.86
445.363
445.848
446.326
446.79
446.314
446.187
446.616
447.021
447.387
447.724
448.025
448.431
449.198
449.935
450.63
451.295
451.921
452.512
453.069
452.771
452.393
451.796
452.038
452.469
452.872
452.489
452.697
452.201
451.913
452.111
452.37
452.601
452.803
452.977
453.122
453.239
453.329
453.392
453.423
452.713
451.915
451.68
451.633
451.562
451.46
451.332
450.461
449.542
449.088
448.91
448.709
448.5
448.281
448.053
447.817
447.576
447.328
447.075
446.825
446.572
446.318
446.063
445.806
445.547
445.289
444.315
443.369
442.903
442.606
441.609
440.866
440.552
440.484
440.175
440.358
440.527
440.686
440.837
440.977
440.302
439.77
439.563
439.699
439.828
439.955
440.077
439.432
439.4
439.516
439.621
439.703
439.762
439.804
439.853
440.084
440.373
440.674
441.183
441.734
442.272
442.792
442.54
442.829
443.322
443.8
444.263
444.703
444.361
444.679
444.191
444.17
444.528
445.071
445.601
446.285
447.019
446.863
447.438
448.077
448.675
449.246
449.774
450.273
450.739
451.169
451.571
451.937
452.276
452.584
452.864
453.111
453.329
452.743
452.13
451.418
450.688
450.231
450.278
450.357
450.408
450.436
450.437
450.406
450.349
450.265
450.154
450.022
449.874
449.702
449.518
449.301
449.089
448.865
448.633
448.385
448.128
447.87
447.607
447.344
446.381
446.047
445.779
445.504
445.226
444.942
444.634
443.608
443.162
442.832
442.618
442.563
442.494
442.409
442.3
442.182
442.077
442.13
442.3
442.464
442.625
442.775
442.247
441.935
442.051
442.184
442.311
442.425
442.523
442.599
442.653
442.682
442.713
442.922
443.191
443.47
443.954
444.463
444.963
445.445
445.916
445.493
445.689
446.147
446.594
447.027
447.445
447.832
448.211
448.564
448.886
449.174
449.442
449.72
450.429
451.119
450.913
450.719
450.504
450.276
450.157
450.509
451.026
450.672
451.057
451.489
451.878
452.236
452.574
452.877
453.133
452.531
451.935
452.063
452.244
452.395
451.799
450.729
450.615
450.687
450.734
450.752
450.742
450.712
450.648
450.568
450.465
450.341
450.201
450.047
449.873
449.687
449.49
449.278
449.053
448.819
448.573
448.32
448.062
447.796
447.523
447.244
446.944
446.635
446.309
445.965
445.629
445.423
445.348
445.269
445.177
445.079
444.97
444.204
443.895
443.74
443.576
443.415
443.369
443.478
443.583
443.682
443.772
443.179
443.143
443.223
443.296
443.363
443.425
443.481
443.53
443.559
443.581
442.92
442.611
442.197
441.824
441.801
442.077
442.364
441.876
441.632
441.678
442.205
442.715
443.208
443.681
444.129
443.621
443.058
442.882
443.22
443.729
444.388
445.192
445.963
446.696
447.393
448.054
448.68
449.273
449.827
450.354
450.851
450.429
450.007
450.198
450.592
450.091
450.27
450.59
450.883
451.138
451.36
451.562
451.739
451.882
451.154
451.117
451.194
450.505
450.26
450.273
450.263
450.23
449.442
449.262
449.175
449.067
448.951
448.816
448.665
448.5
448.322
448.13
447.935
447.729
447.517
447.299
447.073
446.838
446.588
446.319
446.035
445.748
445.506
445.478
445.441
445.39
445.315
445.229
445.123
444.98
444.819
444.661
444.657
444.091
443.397
442.717
442.025
441.345
440.665
439.975
439.295
438.924
439.005
439.08
439.146
439.192
439.257
439.308
439.345
438.63
438.157
438.225
438.524
438.854
439.185
439.511
439.825
440.138
440.435
440.71
440.967
441.214
441.578
442.069
442.527
442.951
443.359
443.886
444.489
444.325
444.807
444.578
443.602
443.612
444.354
445.063
445.736
446.373
446.185
446.504
446.234
446.574
447.074
447.544
447.982
448.385
448.761
449.106
449.422
449.709
449.967
450.198
450.398
450.571
450.714
450.831
450.918
450.972
451.004
451.01
450.247
449.144
448.459
447.491
447.365
447.281
447.176
447.057
446.922
446.765
446.594
446.413
446.216
446.012
445.804
445.588
445.37
445.143
444.911
444.677
443.732
443.331
443.049
442.755
442.463
442.411
442.385
442.344
442.292
442.227
442.138
442.023
441.884
441.74
441.633
441.767
441.883
441.991
442.088
442.176
442.254
442.326
442.394
442.459
442.514
442.558
442.593
442.612
442.619
442.621
442.652
442.923
443.216
443.504
443.786
444.063
444.325
444.562
444.784
445.004
445.331
445.809
446.254
446.668
447.05
447.422
447.915
448.495
448.183
448.391
448.899
449.565
450.273
450.948
450.739
451.268
451.855
451.572
451.854
452.355
452.82
453.259
452.851
453.064
453.415
453.737
454.027
454.29
454.525
454.727
454.902
455.046
455.159
455.249
455.311
455.339
454.639
453.845
453.583
453.537
452.776
452.566
452.47
452.331
452.191
452.04
451.868
451.677
451.475
450.549
449.61
449.318
449.088
448.847
448.597
448.336
448.069
447.789
447.495
447.174
446.835
446.495
446.219
446.16
446.088
445.998
445.902
445.797
445.686
445.567
445.444
445.303
445.145
444.967
444.774
444.594
444.597
444.677
444.75
444.807
444.864
444.915
444.958
444.996
445.031
445.057
445.057
444.284
443.872
443.117
442.293
441.723
441.827
441.237
440.629
440.49
440.816
441.26
441.841
442.407
442.959
443.491
444.005
444.495
444.948
445.37
445.731
446.093
445.895
446.158
446.95
447.722
448.458
449.157
449.814
450.445
451.039
451.6
452.127
452.615
453.075
453.502
453.879
454.239
454.569
454.865
455.131
455.371
455.578
455.755
455.905
456.028
456.122
456.186
456.223
456.232
456.21
456.161
456.085
455.99
455.869
455.727
455.567
455.388
454.435
453.782
453.569
453.344
453.106
452.855
451.884
451.538
451.265
450.977
450.678
450.369
450.048
449.035
448.29
447.929
447.555
447.193
447.014
446.909
446.791
446.671
446.538
446.403
446.262
446.117
445.289
444.47
444.131
443.98
443.814
443.632
443.439
443.256
443.203
443.293
443.379
443.455
442.7
442.649
442.725
442.786
442.841
442.079
441.894
441.958
442.08
442.425
442.757
442.141
442.362
442.666
443.06
443.628
444.183
444.72
445.245
445.73
446.202
446.641
447.05
447.413
447.973
448.815
449.621
450.39
451.123
451.817
452.478
452.329
452.609
453.188
453.734
454.243
454.722
455.167
455.579
455.956
456.305
456.62
456.906
456.352
455.748
455.792
455.982
456.141
456.269
456.367
456.438
455.747
455.261
455.25
455.226
455.176
455.099
454.997
454.874
454.734
454.577
454.401
454.206
453.998
453.778
452.842
452.239
451.997
451.739
451.469
451.19
450.889
450.576
450.243
449.886
449.502
449.106
448.73
448.569
448.439
448.295
448.145
447.984
447.812
447.634
447.449
447.258
447.061
446.862
446.662
445.785
445.149
444.948
444.741
444.521
444.286
443.391
442.496
442.136
442.213
442.292
442.373
442.46
442.554
442.645
442.734
442.813
442.884
442.877
442.936
443.185
443.499
443.856
444.438
445.003
445.546
446.07
446.567
447.024
447.443
447.049
446.73
446.888
447.493
448.156
448.979
449.764
449.624
449.406
449.645
450.323
450.966
451.577
452.15
451.872
451.51
451.547
452.022
452.468
452.882
453.267
453.617
453.933
454.219
454.476
454.697
454.881
455.046
455.176
455.276
455.35
455.39
455.408
455.4
455.368
455.315
455.243
455.145
455.032
454.901
454.751
454.589
453.681
452.748
452.226
452.035
451.831
451.613
451.385
451.132
450.856
450.55
450.212
449.859
449.522
449.399
449.292
448.492
447.66
447.146
447.004
446.196
445.979
445.807
445.628
445.438
445.238
445.035
444.829
444.616
444.406
444.207
444.012
443.818
443.628
443.44
443.235
443.028
442.821
442.637
442.664
442.754
442.037
441.514
441.443
441.532
441.607
441.663
441.699
441.826
442.15
442.633
442.41
442.163
442.206
442.762
443.291
443.784
444.252
444.688
445.11
445.649
446.288
446.884
447.443
447.977
448.531
449.287
450.01
450.698
451.35
451.973
452.558
453.114
453.635
454.127
454.586
454.17
454.373
454.753
455.095
455.41
455.688
455.935
456.151
456.339
456.495
456.619
456.713
456.775
456.81
456.82
456.802
456.767
456.715
456.631
456.538
455.678
455.374
455.245
455.1
454.941
454.025
453.515
453.326
453.12
452.901
452.66
451.679
451.249
450.217
449.587
449.202
448.888
448.819
448.726
448.61
448.481
448.326
448.155
447.968
447.771
447.563
447.349
447.123
446.886
446.649
446.413
446.17
445.941
445.715
445.496
445.282
445.073
444.869
444.675
444.481
444.285
444.081
443.876
442.999
442.245
442.154
442.244
442.323
442.378
442.41
442.455
442.706
443.093
442.869
442.856
443.398
443.94
444.461
444.957
445.425
445.856
446.263
446.678
447.311
447.934
448.53
449.075
449.592
450.077
450.565
451.274
451.953
451.708
452.164
452.759
453.323
453.854
454.335
454.799
455.228
455.623
455.986
456.321
456.624
456.895
457.136
457.344
457.519
457.666
457.783
457.872
457.934
457.215
456.813
456.819
456.805
456.765
456.711
456.637
456.536
456.422
456.29
456.135
455.974
455.066
454.089
453.2
452.753
452.542
452.313
452.059
451.772
451.457
451.124
450.803
450.707
450.612
450.491
450.354
450.196
450.02
449.83
449.627
449.4
449.17
448.929
448.679
448.426
448.172
447.267
446.663
446.432
446.206
445.99
445.779
445.573
445.376
445.181
444.323
443.751
443.564
443.364
443.158
442.958
442.833
442.915
442.97
442.992
443
443.093
443.432
444.007
444.567
445.109
445.642
446.132
446.608
447.093
447.555
447.985
448.382
448.749
449.106
449.639
450.197
450.718
451.239
451.99
452.704
453.386
454.035
454.65
454.479
454.546
454.208
453.803
453.863
453.542
452.984
452.55
451.821
451.644
452.026
452.373
452.686
452.97
453.217
453.435
453.619
453.773
453.897
453.994
454.066
454.108
454.127
454.12
454.097
454.052
453.985
453.901
453.8
453.683
453.554
453.415
453.254
452.351
451.733
450.825
450.487
450.272
450.034
449.77
449.475
449.157
448.855
448.771
448.693
447.91
447.685
447.558
446.739
445.84
445.017
443.985
443.619
443.432
443.238
443.035
442.836
442.64
441.791
440.975
440.631
440.461
440.302
440.133
439.991
439.865
439.737
439.609
439.488
439.372
439.248
438.447
437.842
437.679
437.508
437.36
437.478
437.848
438.381
439
439.604
440.195
440.776
441.342
440.971
440.716
441.027
441.567
442.088
442.589
443.048
443.447
443.809
444.165
444.774
445.624
446.438
447.213
447.957
448.666
449.339
449.98
450.588
451.161
451.703
452.213
452.687
453.13
453.532
453.906
454.249
454.564
454.842
455.096
455.315
455.494
455.655
455.787
455.893
455.971
456.024
456.053
456.065
456.051
456.012
455.955
455.873
455.777
454.919
454.008
453.65
453.528
453.387
452.489
451.924
451.744
451.536
451.295
451.033
450.757
450.597
449.712
448.921
448.671
448.593
448.494
448.368
448.227
448.061
447.871
447.664
446.642
446.243
446.028
445.801
445.574
445.353
445.136
444.929
444.727
444.532
444.346
444.173
444.012
443.858
443.713
442.821
442.622
442.504
442.384
442.257
442.12
441.974
441.806
441.649
442.214
442.064
442.213
442.746
443.283
443.818
444.341
444.847
445.345
445.83
446.298
446.754
447.192
447.613
448.007
447.565
447.423
447.715
447.99
448.461
449.095
449.845
450.558
451.237
451.885
452.495
453.073
453.62
454.132
454.611
455.057
455.468
455.85
456.194
456.508
456.796
457.052
456.444
456.359
456.527
456.666
456.778
456.861
456.917
456.949
456.953
456.918
456.881
456.82
456.734
456.635
456.518
455.613
455.111
454.971
454.821
454.655
454.475
454.276
454.065
453.84
453.59
453.317
453.011
452.681
451.65
451.314
451.231
451.124
450.995
450.843
450.674
450.486
450.283
450.065
449.827
449.587
449.344
448.98
448.478
448.248
448.023
447.807
447.602
447.407
447.217
447.037
446.864
446.697
445.859
444.735
444.263
444.115
443.94
443.741
443.536
443.403
443.705
443.178
443.217
443.485
443.94
444.455
444.964
445.464
445.95
446.426
446.892
447.348
446.968
447.046
447.47
447.874
448.261
448.613
448.917
449.179
449.417
449.75
450.402
451.128
450.904
450.994
451.64
452.251
452.807
453.352
453.866
454.347
454.795
455.207
455.587
455.937
456.259
456.545
456.802
457.027
456.399
456.339
456.484
456.6
456.688
456.753
456.792
456.804
456.791
456.749
456.691
456.623
456.537
456.431
456.314
455.435
454.5
454.166
454.022
453.862
453.688
453.498
453.279
453.031
452.039
451.695
451.435
451.402
451.343
451.263
451.159
451.029
450.192
449.959
449.783
449.592
449.391
449.173
448.952
448.72
448.486
448.255
448.026
447.803
447.581
447.372
447.168
446.975
446.786
446.606
446.432
446.261
446.079
445.888
445.684
445.478
445.31
445.362
445.38
445.365
445.347
445.528
445.84
446.349
446.836
447.311
447.772
448.198
448.631
449.056
449.468
449.869
450.256
450.624
450.971
451.302
451.588
451.841
452.058
451.477
451.107
451.308
451.86
452.536
453.178
453.785
454.365
454.908
455.418
455.896
456.342
456.747
457.127
457.476
457.791
458.072
458.322
458.54
458.726
458.884
459.008
459.111
459.184
459.228
459.249
459.247
459.226
459.191
459.134
459.056
458.964
458.854
457.974
457.782
457.646
457.486
457.317
457.131
456.928
456.703
456.44
456.152
455.849
455.599
455.544
455.461
455.353
455.226
455.078
454.905
454.712
454.497
454.266
454.025
453.765
453.495
453.223
452.942
452.659
452.379
452.101
451.827
451.56
451.304
451.051
450.811
450.564
450.342
450.122
449.899
449.662
449.407
449.157
448.931
448.936
448.948
448.242
447.581
447.454
446.734
446.466
446.892
446.557
446.36
446.488
446.935
447.371
447.795
448.199
448.597
448.98
449.348
449.709
449.342
449.208
449.534
449.827
450.076
450.282
450.465
449.977
449.603
449.315
449.574
450.223
450.836
451.414
451.965
452.484
452.964
453.416
453.837
453.462
453.051
453.337
453.652
453.936
454.191
454.41
454.601
454.761
454.888
454.99
455.065
454.319
453.662
452.992
452.592
452.595
452.579
452.54
452.49
452.424
452.342
452.248
452.142
452.013
451.878
451.728
451.561
450.63
449.619
449.107
448.865
448.596
447.642
446.83
446.015
445.919
445.87
445.803
445.711
445.6
445.475
445.332
445.181
445.022
444.856
444.69
444.522
444.357
444.198
443.367
442.521
442.254
441.453
441.283
441.174
441.069
440.29
439.504
439.193
439.069
438.944
438.913
439.028
439.115
439.192
439.345
439.658
439.937
440.207
440.491
440.056
439.763
439.494
439.069
438.756
438.583
438.39
438.187
437.839
437.61
437.37
437.119
436.854
436.382
435.301
434.432
434.069
433.705
433.224
432.916
432.593
432.25
431.889
431.405
430.999
430.578
430.138
429.693
429.25
428.894
428.55
428.346
428.104
427.841
427.154
427.219
427.855
428.457
428.249
428.517
429.048
429.535
430.01
430.461
430.886
431.286
431.666
432.028
432.367
432.691
432.99
433.265
433.525
433.057
433.03
433.238
433.409
432.864
432.718
432.82
432.932
433.276
433.595
433.887
434.151
434.388
433.845
433.365
433.339
433.495
433.626
433.735
433.821
433.888
433.941
433.978
434
433.239
432.473
432.482
432.485
432.483
432.476
432.471
432.465
432.461
432.461
432.459
432.458
432.448
432.424
432.388
432.346
432.383
432.582
432.764
432.96
433.371
433.792
434.186
434.552
434.871
435.157
435.417
435.691
436.186
436.654
437.094
437.512
437.915
438.298
437.869
437.52
437.712
438.058
438.392
438.711
439.023
439.328
439.621
439.886
440.165
440.428
440.672
440.895
441.084
441.246
441.395
441.615
441.983
442.309
442.61
442.927
443.462
443.082
442.043
441.852
442.297
442.717
443.111
443.477
443.817
444.141
444.446
444.723
444.982
444.441
443.795
443.115
443.048
442.445
442.153
442.321
442.469
442.6
442.706
442.783
442.828
442.071
441.797
441.803
441.993
442.226
442.427
442.608
442.761
442.887
442.988
443.068
443.122
443.158
443.178
443.17
443.155
443.128
443.087
443.033
442.971
442.248
441.476
441.349
440.56
440.037
439.918
439.855
439.787
439.722
439.649
439.558
439.454
439.34
439.254
439.389
439.515
439.618
439.719
439.911
440.272
440.609
440.181
440.036
440.305
440.537
440.742
440.94
441.305
441.728
442.12
442.483
442.83
443.159
443.472
443.001
442.419
441.942
441.456
441.334
441.624
441.903
442.169
442.429
442.673
442.906
443.124
443.321
442.634
442.383
442.529
442.766
443.153
443.504
443.817
444.098
444.35
444.704
445.185
444.902
445.086
445.488
445.112
445.038
445.379
445.695
445.983
446.256
446.514
446.748
446.961
447.146
447.314
447.467
446.832
446.179
445.511
444.856
444.147
443.516
443.059
443.094
443.2
443.474
443.724
443.211
443.111
443.295
443.453
443.584
443.696
443.784
443.844
443.884
443.9
443.893
443.869
443.822
443.754
442.988
442.635
442.524
441.763
440.97
440.194
439.399
438.767
438.673
438.587
437.819
437.354
437.285
437.218
437.149
437.075
436.986
436.884
436.779
436.747
436.913
436.371
436.108
436.207
436.287
436.419
436.721
436.995
437.271
437.739
438.221
438.676
439.103
438.709
438.456
438.469
438.835
439.182
439.508
439.832
440.141
440.438
440.729
441.01
441.291
440.794
440.535
440.808
441.072
441.325
441.566
441.787
441.986
442.158
442.301
442.425
442.553
443.071
443.642
444.182
444.695
444.966
445.427
445.86
446.267
445.825
445.794
446.152
446.487
446.797
447.08
447.347
446.753
446.543
446.759
446.948
447.104
447.224
447.311
447.377
447.525
447.128
446.66
446.866
447.115
447.333
447.527
447.697
447.836
447.954
448.048
448.116
447.428
447.396
447.401
447.381
447.337
447.271
446.489
446.06
445.96
445.84
445.715
445.584
445.439
444.532
443.773
443.63
443.488
443.339
443.199
443.062
442.927
442.789
442.644
442.479
442.307
442.142
442.077
441.48
440.873
440.762
440.816
440.852
440.901
441.195
441.461
441.687
441.877
442.039
442.203
442.547
442.927
443.283
443.619
443.936
444.238
443.731
443.36
443.461
443.732
443.993
444.242
444.488
444.724
444.944
445.161
445.373
445.577
445.77
445.951
446.114
446.261
446.377
446.464
446.531
446.584
447.069
446.772
446.444
446.056
445.676
445.399
445.051
444.731
445.047
445.462
445.852
446.22
446.568
446.891
447.191
446.706
446.678
446.907
447.093
447.244
447.383
447.653
448.019
448.352
448.659
448.936
449.181
449.392
449.585
449.749
449.892
450.009
450.1
450.165
449.548
449.269
448.599
448.385
448.358
448.318
448.26
448.185
448.09
447.984
447.861
447.729
447.574
447.41
447.228
447.037
446.836
446.63
446.424
446.215
445.999
445.772
445.531
445.287
445.06
445.009
445.041
445.069
445.092
445.105
445.111
445.1
445.07
445.009
444.934
444.864
444.955
445.108
445.227
445.321
445.401
445.606
445.936
446.248
446.545
446.83
447.101
447.358
447.613
447.857
448.095
448.322
448.541
447.954
447.378
446.775
446.191
445.767
445.951
446.125
446.265
446.367
446.437
446.498
446.751
447.076
447.624
448.159
448.674
449.159
448.739
448.497
448.833
449.248
449.642
450.011
450.352
450.673
450.971
451.242
451.482
451.677
451.842
451.995
452.313
452.68
453.017
453.326
453.605
453.855
454.074
454.26
454.418
454.552
454.66
454.046
453.352
452.414
452.114
452.138
452.143
452.124
452.085
452.027
451.952
451.862
451.758
451.635
451.495
451.339
451.171
450.99
450.794
450.587
450.363
450.129
449.889
449.638
449.372
449.084
448.78
448.467
448.187
448.163
448.134
448.098
448.047
448.008
447.964
447.911
447.854
447.785
447.695
447.585
447.454
447.315
447.27
447.376
447.45
447.5
447.533
447.59
447.881
448.161
448.428
448.685
448.932
449.168
449.398
449.618
449.828
450.034
450.232
450.424
450.603
450.769
450.924
451.067
451.178
451.255
451.294
451.33
451.456
452.002
452.528
453.023
453.497
453.943
454.371
454.776
454.281
453.784
453.91
454.255
454.573
454.864
455.122
455.336
455.519
455.67
455.812
456.141
456.257
456.582
456.88
457.149
457.386
457.598
457.779
457.928
458.051
458.144
457.47
457.129
457.168
457.18
457.169
457.135
457.079
457.005
456.911
456.797
456.668
456.52
456.362
456.172
455.982
455.78
455.562
455.327
455.078
454.819
454.547
454.265
453.976
453.676
453.359
453.017
452.663
452.307
452.055
451.978
451.901
451.818
451.733
451.64
451.546
451.444
451.332
451.21
451.066
450.902
450.724
450.529
450.519
450.588
450.632
450.642
450.626
450.608
450.675
450.925
451.163
451.391
451.607
451.817
452.012
452.205
452.391
452.57
452.743
452.902
453.055
453.198
453.325
453.429
453.503
453.542
453.556
453.608
452.973
452.354
452.799
453.318
453.809
454.278
454.718
455.132
455.523
455.895
455.499
455.643
455.951
456.237
456.487
456.704
456.881
457.031
457.171
457.505
457.853
458.167
458.454
458.711
458.919
459.114
459.275
458.723
458.527
458.619
458.684
458.725
458.742
458.732
458.696
458.641
458.561
458.462
458.343
458.204
458.049
457.879
457.691
457.491
456.477
455.549
454.354
453.896
453.664
453.416
452.387
452.036
451.776
451.511
451.233
450.935
450.617
449.56
448.561
448.233
447.477
447.172
447.14
447.104
447.066
447.027
446.977
446.927
446.872
446.807
446.735
446.648
446.532
446.391
446.218
445.383
444.36
444.053
444.414
444.758
445.085
445.395
445.697
445.988
446.267
446.531
446.789
447.039
447.284
447.522
447.745
447.961
448.167
448.349
448.499
448.622
448.723
448.822
449.105
449.4
449.678
449.992
450.513
450.988
451.46
451.902
452.325
452.718
453.091
453.438
453.769
454.077
454.361
454.623
454.864
455.076
454.478
454.574
454.696
454.785
454.848
455.017
455.314
455.582
455.817
456.022
456.198
456.347
456.474
456.573
456.646
456.692
456.713
456.711
456.685
456.635
456.565
455.647
455.345
455.243
455.123
454.983
454.831
454.668
454.488
454.294
454.087
453.866
453.632
453.384
453.124
452.857
452.575
452.281
451.973
451.651
451.331
451.188
450.422
450.004
449.966
449.93
449.889
449.845
449.792
449.736
449.673
449.6
449.514
448.716
448.521
448.356
448.17
448.024
448.234
447.892
447.568
447.826
448.118
448.395
448.663
448.917
449.142
449.382
449.614
449.05
448.52
448.663
448.879
449.087
449.285
449.46
449.627
449.769
449.872
449.27
449.208
448.563
448.478
448.814
449.338
449.83
449.436
449.803
449.45
449.809
450.196
450.56
450.906
451.228
451.534
451.082
450.523
449.336
448.531
447.857
447.748
447.972
448.17
448.351
448.505
448.629
448.713
448.767
448.794
448.825
449.068
449.294
449.5
449.682
449.013
448.453
448.523
448.631
448.721
448.79
448.84
448.876
448.892
448.887
448.875
448.844
448.793
448.726
448.646
448.548
448.438
448.313
447.411
446.9
445.949
445.107
444.731
444.537
444.419
444.496
444.564
444.62
444.674
444.719
444.758
444.774
444.063
443.414
443.312
443.341
443.357
443.362
443.341
443.294
443.232
443.166
443.269
443.415
443.532
443.627
443.79
444.137
444.467
444.78
445.082
445.368
445.643
445.229
445.429
444.999
445.183
445.421
445.651
445.873
446.088
446.293
446.486
446.665
446.816
446.939
447.021
447.067
447.129
447.41
447.705
448.216
448.697
449.143
449.561
449.949
450.317
450.659
450.978
451.27
451.54
451.789
452.018
452.227
452.42
452.595
452.745
452.88
452.993
453.084
453.156
453.207
452.453
451.65
451.416
451.377
451.322
451.323
451.5
451.655
451.784
451.893
451.98
452.05
452.092
451.268
450.507
450.437
450.458
450.46
450.431
450.401
450.353
450.287
450.203
450.105
449.265
448.698
448.549
448.372
447.388
446.985
446.95
447.044
447.124
447.194
447.262
447.327
447.385
447.438
447.486
447.524
447.556
447.581
447.589
447.573
447.532
447.472
447.415
447.546
447.692
447.805
447.898
448.075
448.407
448.714
448.995
449.257
449.5
449.727
449.947
450.154
449.539
449.008
449.111
449.294
448.674
448.622
448.797
448.966
449.125
449.275
449.408
449.521
449.602
449.644
449.654
449.658
448.373
447.5
447.127
447.269
446.965
447.125
447.553
447.942
448.308
448.649
448.191
448.008
448.287
448.544
448.778
448.992
449.187
448.636
448.68
448.827
448.952
449.04
449.128
449.199
449.253
449.288
449.297
449.288
449.246
449.174
449.076
448.966
448.974
449.107
449.219
449.317
449.391
449.451
449.492
449.518
449.526
449.52
449.491
449.447
449.386
449.316
448.545
448.002
447.903
447.79
447.66
447.51
447.332
447.138
446.964
447.007
447.085
447.155
447.217
447.272
447.326
447.371
447.416
447.448
447.463
447.461
447.44
447.397
447.369
447.543
447.742
447.921
448.067
448.175
448.254
448.315
448.468
448.781
449.072
449.349
449.612
449.863
450.101
450.332
450.549
450.759
450.957
451.151
451.33
451.506
451.674
451.827
451.964
451.25
451.015
450.296
450.099
450.142
450.432
450.87
451.354
451.826
452.261
452.662
453.039
453.382
453.69
453.971
454.226
454.451
454.652
454.833
454.991
455.126
454.482
453.751
453.687
453.771
453.84
453.893
453.927
453.942
452.513
452.047
452.035
452.007
451.96
451.889
450.489
450.017
449.887
449.738
449.578
449.504
449.59
448.979
448.587
448.636
448.668
448.683
448.685
448.666
448.632
448.582
448.521
448.449
447.578
446.794
446.65
445.89
445.361
445.235
445.105
444.295
443.706
443.695
443.821
443.936
444.042
444.137
444.219
444.297
443.605
442.296
441.193
440.55
440.321
439.796
439.531
439.81
440.082
439.586
439.148
439.035
439.254
439.461
439.652
439.829
439.959
440.092
440.208
440.321
440.491
440.87
441.228
441.585
441.928
442.257
442.577
442.888
442.374
441.693
441.627
441.888
442.107
442.278
442.431
442.729
443.142
443.773
444.379
444.95
445.488
445.994
446.466
446.907
447.322
447.707
448.063
448.384
448.676
448.936
449.168
449.373
449.554
449.712
449.847
449.965
450.068
450.152
450.211
450.264
450.296
450.316
450.322
450.307
450.282
450.235
450.169
450.085
449.981
449.848
448.958
448.024
447.755
446.9
446.365
446.341
446.412
446.469
446.504
446.525
446.531
446.522
446.501
446.468
446.425
446.372
446.307
446.218
446.107
445.981
445.853
445.841
445.974
446.087
446.194
446.262
446.339
446.407
446.46
446.494
446.504
446.486
446.443
446.409
446.526
446.736
446.928
447.101
447.261
447.403
447.531
447.654
446.975
446.404
445.724
445.145
444.807
444.888
444.946
444.994
445.067
445.372
445.694
446
446.294
446.573
446.845
447.103
447.346
447.556
447.733
447.875
447.977
448.109
448.448
448.796
448.523
448.152
448.431
448.936
448.543
447.975
448.034
448.452
448.838
449.197
449.524
449.819
450.091
450.33
450.547
450.747
450.93
451.084
450.455
449.651
449.41
449.524
449.62
449.697
449.759
449.803
449.831
449.836
449.823
449.793
449.743
449.661
448.803
448.538
448.409
448.396
448.514
448.612
448.676
448.743
448.786
448.814
448.827
448.156
447.463
447.391
447.363
446.629
445.845
445.562
445.466
445.347
445.224
445.169
445.307
445.436
445.549
445.644
445.726
445.789
445.838
445.875
445.902
445.921
445.92
445.237
444.56
444.33
443.551
442.985
442.909
442.861
442.335
441.861
441.862
442.024
441.464
440.908
440.611
440.755
440.892
441.022
441.133
441.231
441.304
441.366
441.45
441.743
442.078
442.406
441.902
441.397
441.472
441.778
442.067
442.335
442.558
442.729
442.867
443.015
442.611
442.951
443.569
444.149
444.699
445.221
444.92
443.792
443.336
443.692
444.111
444.498
444.857
445.186
445.491
445.772
446.027
446.246
446.454
446.64
446.804
446.943
447.068
447.18
447.274
447.352
447.411
447.454
447.486
447.503
447.503
446.747
446.291
446.261
446.202
446.106
445.998
445.907
446.042
446.178
446.295
446.393
446.476
446.543
446.593
446.62
446.625
446.606
446.548
445.643
445.072
445.003
445.137
445.304
445.454
445.596
445.717
445.825
445.923
446.006
446.075
446.127
446.169
445.398
445.239
445.243
445.213
445.166
445.119
444.416
444.037
444.188
444.382
444.562
444.72
444.103
444.128
444.257
444.369
444.472
444.554
444.614
444.649
444.672
444.705
444.939
445.231
445.511
445.782
446.044
445.44
444.869
444.893
445.132
445.354
445.543
445.682
445.813
445.92
446.146
446.469
446.764
447.137
447.668
446.592
446.143
446.533
446.973
447.386
447.767
448.117
448.443
448.74
449.008
449.254
449.477
448.947
448.881
449.052
449.206
449.344
449.462
449.563
449.647
449.716
449.767
449.801
449.819
449.816
449.798
449.764
449.705
449.62
449.505
449.365
449.222
449.231
448.668
447.86
447.825
447.894
447.949
447.984
448.003
447.283
447.091
447.075
446.232
445.771
445.743
445.704
445.645
445.561
445.469
444.69
444.19
444.36
444.511
444.646
444.766
444.866
444.953
445.013
445.048
445.052
445.051
445.062
445.296
445.53
445.742
445.189
445.136
445.303
445.452
445.589
445.696
445.812
445.912
446.008
446.09
446.167
446.233
446.285
446.321
446.336
446.344
446.388
446.676
446.952
447.217
446.712
446.13
446.229
446.444
446.63
446.791
446.941
447.197
447.569
447.898
447.369
447.497
447.918
447.635
448.071
448.538
448.973
448.552
447.289
447.056
447.414
447.746
448.052
448.328
448.58
448.815
448.268
447.514
447.328
447.513
447.68
447.835
447.971
448.092
448.19
448.273
448.338
448.386
448.416
448.425
448.403
448.344
448.251
448.136
448.056
448.18
448.277
448.357
448.412
448.446
448.465
448.465
448.458
448.438
448.406
448.37
447.506
446.753
446.652
446.612
446.562
446.511
446.448
446.364
446.241
446.117
445.985
445.939
446.067
446.169
446.241
446.275
446.289
446.338
446.606
446.853
447.077
447.285
447.472
447.641
447.793
447.927
448.051
448.163
447.528
447.009
447.034
447.105
446.469
446.362
446.419
446.473
446.523
446.555
446.565
446.563
446.549
446.557
446.776
447.039
447.283
447.504
447.695
447.868
448.03
448.314
448.714
449.085
449.422
448.184
446.851
446.257
446.115
446.365
446.752
447.225
447.666
446.578
446.203
446.586
446.941
447.269
446.805
446.21
445.604
445.33
445.573
445.802
446.009
446.195
446.365
446.521
446.666
446.79
446.897
446.99
447.065
447.122
447.162
447.185
447.188
447.167
447.12
447.02
446.909
446.069
445.202
445.203
445.348
445.47
445.582
445.679
445.766
445.845
445.061
444.391
444.401
444.462
444.513
444.551
444.572
444.565
444.537
444.498
444.548
444.754
444.939
445.088
445.206
445.309
445.479
445.825
446.148
446.442
446.706
446.949
447.162
447.352
447.521
447.666
447.793
447.902
447.995
448.077
448.144
448.195
447.522
447.357
447.388
447.416
447.437
447.448
447.459
447.468
447.472
447.473
447.456
447.415
447.359
447.304
447.354
447.56
447.742
447.893
448.022
448.148
448.397
448.76
449.092
449.389
449.647
449.873
450.083
450.435
450.871
451.273
451.65
451.999
451.487
451.725
451.993
452.233
452.432
452.625
452.793
452.945
452.32
452.356
452.461
452.547
452.616
452.672
452.705
452.723
452.727
452.714
452.679
451.882
451.005
450.765
450.694
450.612
450.513
450.401
450.273
450.117
449.939
449.75
449.603
449.694
449.769
449.838
449.896
449.945
449.98
450.007
450.014
450.005
449.967
449.907
449.838
449.039
448.538
448.658
448.802
448.914
448.238
447.766
447.935
448.274
448.583
448.862
449.124
449.356
449.564
449.752
449.176
449.105
449.239
449.357
448.719
448.736
448.809
448.866
448.912
448.944
448.961
448.971
448.979
448.979
448.977
448.974
448.967
448.953
448.929
448.887
448.825
448.752
448.681
447.876
447.716
447.899
448.076
448.223
448.341
448.437
448.559
448.19
448.246
448.516
447.963
447.96
448.392
448.857
449.297
449.703
450.082
450.431
450.75
451.04
450.522
449.873
449.895
450.112
450.306
450.471
450.612
450.729
450.826
450.899
450.947
450.981
450.995
450.232
450.138
450.116
449.349
448.531
448.29
448.241
448.185
448.122
448.046
447.97
447.893
447.805
447.716
447.615
447.491
447.351
447.199
447.058
447.118
446.379
445.723
445.047
445.116
445.177
445.323
445.64
445.111
444.663
444.555
444.773
444.983
445.375
445.799
446.199
446.571
446.921
447.246
447.543
447.811
448.053
448.269
448.461
448.635
448.785
448.903
449.014
449.085
449.159
449.214
449.254
449.276
449.29
449.293
449.289
449.276
449.255
449.219
449.184
449.145
449.105
449.059
448.286
447.521
447.305
447.221
447.243
447.422
447.583
447.719
447.824
447.903
447.964
448.036
448.326
448.618
448.88
449.108
449.294
448.775
447.481
447.35
447.671
448.062
448.425
448.758
449.066
449.348
449.608
449.844
450.051
450.234
449.649
448.961
448.877
448.988
449.073
449.134
449.178
449.201
449.211
449.196
448.433
447.849
447.789
447.755
447.713
447.663
447.614
447.563
447.512
446.73
446.436
445.67
445.235
445.201
445.154
445.095
445.014
444.911
444.805
444.873
444.983
444.425
444.087
444.343
444.65
444.931
445.18
445.42
445.806
446.263
446.695
447.102
447.483
447.838
448.162
448.461
448.737
448.988
449.208
449.404
448.817
448.819
448.959
449.085
449.189
449.276
449.344
449.39
449.424
449.445
449.445
449.441
449.428
449.407
449.379
449.342
449.296
449.246
449.193
449.123
449.03
448.92
448.804
448.012
447.487
447.455
447.599
447.726
447.828
447.903
447.953
447.986
448.029
448.287
448.548
448.063
448.151
447.641
447.425
447.575
447.842
448.227
448.581
448.909
449.217
449.488
449.74
449.966
450.164
449.542
449.521
449.655
449.763
449.856
449.926
449.975
450.01
450.028
450.029
450.02
450.001
449.974
449.922
449.882
449.834
449.779
449.718
449.652
449.584
449.511
449.436
449.349
449.236
449.106
448.964
448.821
448.857
448.938
449.011
449.217
449.542
449.837
449.402
448.932
448.969
449.19
449.373
449.52
449.651
449.859
450.228
450.568
450.883
451.17
451.434
451.664
451.869
452.056
452.217
452.357
452.482
452.586
452.669
451.953
451.343
451.198
451.23
450.479
449.843
449.799
449.797
449.78
449.752
449.714
449.665
449.609
449.535
449.447
449.346
449.225
449.093
448.972
449.049
449.171
449.283
449.388
449.479
449.555
449.605
449.632
449.643
449.659
449.826
450.074
450.292
450.471
450.62
450.744
450.871
451.192
451.533
451.829
452.114
452.376
452.608
452.817
453.001
453.159
453.293
453.404
453.488
453.554
453.593
453.627
453.641
453.643
453.635
453.616
453.588
453.549
453.496
453.444
452.678
452.551
452.49
452.415
452.34
452.257
452.159
452.043
451.903
451.741
451.572
451.557
451.617
451.68
451.897
452.198
452.486
452.748
452.988
453.211
453.413
453.593
453.747
453.863
453.941
453.292
452.656
451.786
451.151
450.22
449.529
448.898
448.247
447.589
447.14
447.373
447.582
447.77
447.938
448.091
448.225
447.585
447.163
447.261
447.342
447.406
447.462
447.5
447.529
447.546
447.549
447.546
447.532
447.504
447.457
447.386
447.298
447.213
446.535
446.037
445.826
445.989
446.142
446.284
446.418
446.529
446.619
446.679
446.717
446.761
447
447.275
447.52
447.731
447.126
446.424
446.407
446.828
447.223
447.589
447.137
447.361
447.658
447.926
448.171
448.387
448.572
447.96
447.208
447.233
447.355
446.692
446.391
446.479
446.559
446.625
446.678
446.729
446.772
446.81
446.836
446.853
446.859
446.857
446.846
446.825
446.784
446.721
446.638
446.54
446.457
446.588
446.718
446.823
446.934
447.228
447.566
447.883
448.182
448.457
448.713
448.951
449.165
449.358
449.524
449.654
449.755
449.833
449.922
450.242
450.533
450.798
451.031
451.241
451.429
451.594
451.736
451.844
451.952
452.048
452.122
452.181
452.222
451.504
450.917
450.876
450.88
450.873
450.85
450.811
450.759
450.693
450.604
450.494
450.356
450.215
450.135
450.265
450.379
450.485
449.892
449.857
449.944
449.194
448.939
449.001
449.034
449.032
449.027
449.046
449.298
449.527
449.727
449.886
450.015
450.117
450.249
450.596
450.914
451.202
451.466
451.703
451.913
452.1
451.525
451.499
451.628
451.741
451.835
451.909
451.968
452.01
452.035
452.048
452.049
452.04
452.017
451.233
450.384
450.094
450.057
450.015
449.961
449.888
449.799
449.687
448.857
448.705
448.862
449.016
449.155
449.273
449.368
449.433
448.663
448.274
448.323
448.624
448.087
448.177
448.427
448.645
448.832
448.982
449.11
448.495
448.801
449.156
449.48
449.775
450.046
450.294
450.514
450.713
450.886
451.035
450.425
450.014
450.095
450.186
450.259
449.559
449.522
449.554
449.571
449.577
449.572
449.556
449.532
449.496
449.45
449.4
448.584
448.449
448.379
448.289
448.176
448.049
447.941
448.036
448.185
448.317
448.425
448.509
448.564
448.599
448.658
448.934
449.207
449.46
449.685
449.071
449.003
449.144
449.286
449.649
450.012
450.341
450.644
450.919
451.169
451.395
451.583
451.751
451.897
452.026
452.135
452.231
452.312
452.376
452.419
452.443
452.454
452.45
452.433
452.394
452.351
452.297
452.235
452.161
452.078
451.987
451.88
451.047
450.838
450.696
450.617
450.751
450.869
450.967
451.063
451.149
451.221
451.275
451.305
451.31
451.293
450.572
450.238
450.456
450.634
450.78
450.906
451.069
450.01
449.521
448.869
448.933
449.244
449.532
449.793
450.026
450.235
450.412
450.569
450.701
450.805
450.891
450.958
450.24
449.447
449.252
449.276
449.287
449.291
449.273
449.258
449.23
448.447
447.648
446.927
446.152
445.871
445.101
444.855
444.82
444.071
443.88
443.806
443.721
443.641
443.758
443.902
444.02
444.146
444.463
444.821
445.159
445.477
445.771
445.222
444.653
444.711
444.913
445.064
445.212
445.37
445.752
446.112
446.448
446.755
447.039
446.496
445.845
446.019
446.252
446.471
446.67
446.849
447.013
447.162
447.294
447.412
447.51
447.593
447.653
447.691
447.713
447.715
447.7
447.655
447.589
447.521
446.839
446.265
446.263
446.443
446.609
446.771
446.922
446.34
445.737
445.508
445.639
445.757
445.864
445.942
445.997
446.017
446.001
445.956
446.022
446.241
446.659
447.089
447.486
447.04
447.274
447.604
447.911
448.192
448.443
448.67
448.872
449.046
449.196
449.322
448.626
448.093
448.094
448.147
447.415
446.793
446.633
446.641
446.635
446.619
446.598
446.569
446.529
446.484
446.429
446.364
446.286
446.222
446.152
446.074
445.989
445.884
445.764
445.637
445.569
444.833
444.775
444.869
444.959
445.202
445.537
445.85
446.141
446.407
446.642
445.997
446.041
446.191
446.35
446.731
447.1
447.445
447.762
448.062
448.34
448.599
448.836
449.054
449.259
449.447
449.617
449.773
449.916
450.044
450.15
450.239
450.314
449.627
448.919
448.704
448.696
447.914
447.459
447.427
447.544
447.755
447.953
448.133
447.438
447.435
447.595
447.009
446.187
445.502
445.427
445.551
445.664
445.759
445.839
445.884
445.899
445.902
445.128
444.67
444.726
444.935
445.103
445.265
445.574
445.967
446.334
446.674
446.985
447.274
447.537
447.752
447.967
448.154
448.316
448.45
448.561
448.653
448.723
448.775
448.803
448.818
448.818
448.1
448.01
447.981
447.915
447.861
447.804
447.738
447.671
447.598
447.521
447.442
447.355
447.249
447.124
446.981
446.858
446.92
447.059
447.177
447.275
446.651
446.034
445.9
445.221
444.874
445.172
445.443
445.671
445.873
445.337
444.714
444.696
444.937
445.32
445.683
446.022
446.334
446.621
446.894
447.15
447.385
447.603
447.799
447.981
448.153
448.308
448.441
448.559
448.655
448.74
448.08
447.591
447.651
447.686
447.698
447.683
447.651
447.628
447.807
448.018
448.215
447.665
447.058
447.153
447.316
446.733
446.579
446.692
446.802
446.888
446.947
446.99
447.077
447.377
447.65
447.903
448.137
448.338
447.822
447.259
447.298
447.41
446.811
446.769
446.262
446.386
446.677
446.946
447.188
447.402
447.591
446.964
446.329
445.797
445.251
444.559
443.669
443.112
442.54
441.955
441.546
441.515
441.544
440.783
440.136
439.683
439.68
439.668
439.649
439.619
439.583
439.549
439.507
438.688
437.87
436.962
436.259
435.596
435.498
435.431
435.36
435.295
434.759
434.499
434.658
434.803
434.962
435.344
435.73
436.091
436.431
436.74
437.014
437.259
437.473
437.687
437.885
438.061
438.225
438.378
438.516
438.644
438.76
438.865
438.961
439.043
439.097
439.161
439.217
439.263
439.303
439.333
439.345
439.334
439.305
439.267
439.322
439.545
439.753
439.95
440.133
440.299
440.457
440.599
440.723
440.827
440.588
440.416
440.465
440.567
440.87
441.161
441.435
441.698
441.942
442.175
442.394
442.598
442.782
442.951
443.103
443.225
443.315
443.383
443.447
443.683
443.986
444.262
444.518
444.748
444.956
445.141
445.297
444.809
444.762
444.867
444.954
445.02
444.452
444.426
444.449
444.456
444.447
444.427
444.396
444.362
444.326
444.289
443.555
443.18
443.142
443.102
443.06
443.011
442.964
442.905
442.83
442.732
442.611
442.473
442.373
441.689
441.327
441.427
441.699
442.011
442.32
442.6
442.859
443.093
442.605
441.96
441.961
442.139
442.295
442.434
442.558
442.665
442.76
442.84
442.271
441.991
442.054
442.104
442.146
442.182
442.211
441.711
441.374
441.402
441.427
441.442
441.443
441.425
441.386
441.335
441.304
441.493
441.7
441.888
442.061
442.216
442.35
442.448
442.524
442.581
442.404
442.366
442.67
442.964
443.24
443.501
443.747
443.973
444.189
444.389
444.574
444.743
444.902
445.043
445.158
445.246
445.307
445.35
445.418
445.707
445.971
446.217
446.439
446.638
446.818
446.973
447.105
447.213
447.299
447.368
447.419
447.291
447.205
447.206
447.192
447.167
447.134
447.092
447.021
446.828
445.955
445.784
445.736
445.686
445.628
445.57
445.504
445.433
445.35
445.241
445.113
444.975
444.881
445.004
445.094
445.156
445.195
445.274
444.799
444.901
445.161
445.399
445.607
445.8
445.97
446.12
446.246
446.357
446.446
446.525
446.589
446.643
446.686
446.086
445.738
445.754
445.768
445.776
445.775
445.764
445.754
445.736
445.715
445.01
444.736
444.674
444.601
444.534
444.61
444.797
444.97
445.127
445.272
445.397
445.506
445.593
445.649
445.679
445.698
445.729
445.997
446.244
446.471
446.687
446.891
447.083
447.265
447.429
447.574
447.71
447.832
447.937
448.031
448.106
448.152
448.169
448.161
448.125
448.254
448.482
448.682
448.863
449.023
449.16
449.274
449.364
449.432
449.48
449.508
449.521
449.514
449.495
449.464
449.421
449.37
449.307
449.239
449.165
449.085
448.994
448.909
448.821
448.73
448.036
447.603
447.497
447.371
447.223
447.068
446.989
447.108
447.212
447.295
447.35
447.376
447.38
447.385
447.584
447.815
448.027
448.211
448.374
448.518
448.641
448.748
448.831
448.902
448.959
449.003
449.032
449.051
449.055
449.05
449.033
449.013
448.373
447.992
447.97
447.941
447.909
447.87
447.818
447.754
447.67
447.572
447.488
447.461
447.45
447.431
447.401
447.357
447.291
447.217
447.118
446.987
446.851
446.71
446.629
446.563
446.497
446.423
446.318
446.233
446.136
446.054
445.919
445.781
445.649
445.513
445.381
445.236
445.067
444.882
444.672
444.472
444.295
444.156
444.009
443.86
443.705
443.54
443.37
443.199
443.015
442.847
442.672
442.505
442.346
442.163
442.002
441.836
441.708
441.582
441.461
441.367
441.292
441.223
441.15
441.085
441.007
440.927
440.844
440.772
440.724
440.677
440.617
440.553
440.473
440.387
440.302
