0.026058
0.051605
0.0770149
0.102453
0.127857
0.153269
0.178671
0.20407
0.22948
0.2549
0.280323
0.305763
0.331193
0.356637
0.382083
0.407524
0.432956
0.4584
0.483843
0.509284
0.534718
0.560158
0.585607
0.611048
0.636492
0.661942
0.687392
0.712832
0.738281
0.763734
0.789197
0.814648
0.840094
0.865535
0.89099
0.916435
0.941912
0.967394
0.992881
1.01836
1.04393
1.06944
1.0949
1.12038
1.14585
1.17132
1.19678
1.22222
1.24767
1.27312
1.29858
1.32405
1.34951
1.37497
1.40044
1.4259
1.45136
1.47683
1.50229
1.52776
1.55323
1.5787
1.60416
1.62967
1.65515
1.68062
1.70609
1.73156
1.75704
1.78256
1.80806
1.83355
1.85903
1.88451
1.90999
1.93546
1.96093
1.9864
2.01189
2.03735
2.06292
2.08845
2.11393
2.13939
2.16484
2.19029
2.21576
2.24122
2.2667
2.29216
2.31761
2.34305
2.36851
2.39396
2.41942
2.44488
2.47034
2.49581
2.52127
2.54673
2.57218
2.59764
2.6231
2.64856
2.67402
2.69948
2.72493
2.75039
2.77585
2.80131
2.82679
2.85226
2.87772
2.90321
2.92868
2.95415
2.97961
3.0051
3.03059
3.05605
3.08152
3.10698
3.13243
3.15788
3.18333
3.20878
3.23421
3.25969
3.28514
3.31058
3.33603
3.36156
3.38702
3.41246
3.4379
3.46334
3.48881
3.51421
3.53967
3.56511
3.59056
3.61603
3.6415
3.66695
3.69241
3.71788
3.74332
3.76876
3.79427
3.81974
3.84522
3.87067
3.89613
3.92159
3.94706
3.97252
3.99798
4.02345
4.04892
4.07438
4.09983
4.12529
4.15074
4.17618
4.20165
4.22712
4.25257
4.27801
4.30346
4.32891
4.35435
4.3798
4.40526
4.43071
4.45618
4.48164
4.5071
4.53257
4.55803
4.5835
4.60897
4.63442
4.65988
4.68534
4.7108
4.73625
4.76171
4.78715
4.81263
4.8381
4.86357
4.88904
4.9145
4.93998
4.96544
4.99088
5.01633
5.04178
5.06724
5.09269
5.11816
5.14364
5.16913
5.19459
5.22004
5.24549
5.27096
5.29645
5.3219
5.34737
5.37281
5.39822
5.42367
5.44912
5.47457
5.50003
5.52549
5.55093
5.57636
5.60179
5.62722
5.65264
5.67807
5.7035
5.72892
5.75437
5.77983
5.80527
5.83073
5.8562
5.88167
5.9071
5.93255
5.95801
5.98349
6.00896
6.03445
6.0599
6.08541
6.11087
6.13632
6.16178
6.18722
6.21268
6.23814
6.26359
6.28907
6.31452
6.33996
6.36541
6.39086
6.41632
6.44179
6.46728
6.49277
6.51821
6.54374
6.56923
6.59469
6.62015
6.6456
6.67104
6.6965
6.72194
6.74742
6.77288
6.79833
6.82379
6.84926
6.87471
6.90017
6.92565
6.95111
6.97661
7.00207
7.02752
7.05299
7.07845
7.10391
7.12937
7.15485
7.18033
7.20578
7.23124
7.25668
7.28215
7.3076
7.33305
7.35851
7.38397
7.40941
7.43487
7.46033
7.4858
7.51125
7.53669
7.56213
7.58759
7.61304
7.63848
7.66392
7.68938
7.71483
7.74027
7.76572
7.79117
7.81661
7.84205
7.86751
7.89298
7.91844
7.94389
7.96934
7.99479
8.02024
8.0457
8.07115
8.0966
8.12205
8.14751
8.17296
8.19843
8.22387
8.24933
8.27478
8.30022
8.32568
8.35113
8.37658
8.40203
8.42746
8.4529
8.47836
8.50383
8.5293
8.55474
8.5802
8.60566
8.63111
8.65658
8.68203
8.70748
8.73295
8.75841
8.78387
8.80932
8.83479
8.86024
8.88569
8.91117
8.93663
8.9621
8.98759
9.01305
9.03851
9.06398
9.08947
9.11494
9.14041
9.16586
9.19138
9.21686
9.24233
9.26781
9.29326
9.31875
9.34422
9.36968
9.39513
9.42066
9.44617
9.47162
9.49707
9.52249
9.54796
9.57342
9.59886
9.62432
9.64976
9.67523
9.70069
9.72615
9.7516
9.77705
9.8025
9.82796
9.85341
9.87885
9.90431
9.92977
9.95524
9.98071
10.0062
10.0316
10.0571
10.0826
10.108
10.1335
10.159
10.1844
10.2099
10.2354
10.2608
10.2863
10.3118
10.3372
10.3627
10.3882
10.4136
10.4391
10.4646
10.49
10.5155
10.541
10.5665
10.5919
10.6174
10.6429
10.6683
10.6938
10.7192
10.7447
10.7702
10.7956
10.8211
10.8465
10.872
10.8974
10.9229
10.9483
10.9738
10.9992
11.0247
11.0502
11.0756
11.1011
11.1266
11.152
11.1775
11.203
11.2284
11.2539
11.2794
11.3049
11.3303
11.3558
11.3812
11.4067
11.4321
11.4576
11.483
11.5085
11.5339
11.5594
11.5848
11.6103
11.6357
11.6612
11.6867
11.7121
11.7376
11.763
11.7885
11.814
11.8395
11.865
11.8904
11.9159
11.9414
11.9668
11.9923
12.0177
12.0432
12.0687
12.0941
12.1196
12.1451
12.1705
12.196
12.2214
12.2469
12.2723
12.2978
12.3232
12.3486
12.3741
12.3996
12.425
12.4505
12.476
12.5014
12.5269
12.5523
12.5778
12.6032
12.6287
12.6541
12.6796
12.7051
12.7306
12.756
12.7814
12.8069
12.8324
12.8578
12.8833
12.9087
12.9342
12.9596
12.9851
13.0106
13.036
13.0615
13.0869
13.1124
13.1378
13.1633
13.1887
13.2142
13.2397
13.2651
13.2906
13.316
13.3415
13.3669
13.3924
13.4178
13.4433
13.4688
13.4942
13.5197
13.5451
13.5706
13.5961
13.6216
13.6471
13.6725
13.698
13.7234
13.7489
13.7743
13.7997
13.8252
13.8507
13.8762
13.9016
13.9271
13.9526
13.978
14.0035
14.029
14.0544
14.0799
14.1053
14.1308
14.1562
14.1816
14.2071
14.2326
14.258
14.2835
14.3089
14.3344
14.3598
14.3853
14.4107
14.4362
14.4616
14.4871
14.5126
14.538
14.5635
14.5889
14.6144
14.6399
14.6653
14.6908
14.7162
14.7417
14.7671
14.7926
14.818
14.8435
14.869
14.8944
14.9199
14.9453
14.9708
14.9962
15.0217
15.0472
15.0726
15.0981
15.1236
15.149
15.1744
15.1999
15.2254
15.2508
15.2763
15.3018
15.3272
15.3527
15.3782
15.4036
15.4291
15.4546
15.48
15.5055
15.5309
15.5564
15.5818
15.6073
15.6327
15.6581
15.6836
15.709
15.7344
15.7599
15.7853
15.8107
15.8361
15.8616
15.887
15.9124
15.9379
15.9633
15.9887
16.0141
16.0396
16.065
16.0904
16.1158
16.1413
16.1667
16.1921
16.2176
16.243
16.2684
16.2947
16.3202
16.3456
16.3711
16.3965
16.4219
16.4474
16.4729
16.4984
16.5238
16.5493
16.5747
16.6002
16.6256
16.6511
16.6765
16.702
16.7275
16.7529
16.7784
16.8038
16.8293
16.8547
16.8802
16.9057
16.9311
16.9566
16.982
17.0075
17.033
17.0584
17.0839
17.1094
17.1348
17.1603
17.1857
17.2112
17.2366
17.2621
17.2876
17.313
17.3385
17.364
17.3894
17.4149
17.4403
17.4658
17.4913
17.5167
17.5422
17.5677
17.5931
17.6186
17.6441
17.6695
17.695
17.7205
17.7459
17.7714
17.7969
17.8223
17.8478
17.8733
17.8987
17.9242
17.9497
17.9752
18.0007
18.0261
18.0516
18.0771
18.1026
18.128
18.1535
18.179
18.2044
18.2299
18.2554
18.2808
18.3063
18.3318
18.3572
18.3827
18.4082
18.4336
18.4591
18.4845
18.51
18.5355
18.561
18.5864
18.6119
18.6373
18.6628
18.6882
18.7137
18.7392
18.7647
18.7901
18.8156
18.841
18.8665
18.892
18.9175
18.9429
18.9684
18.9939
19.0193
19.0448
19.0702
19.0957
19.1211
19.1466
19.172
19.1975
19.2229
19.2484
19.2738
19.2993
19.3247
19.3502
19.3757
19.4011
19.4266
19.4521
19.4775
19.503
19.5284
19.5539
19.5793
19.6047
19.6302
19.6557
19.6811
19.7066
19.7321
19.7575
19.7829
19.8084
19.8339
19.8594
19.8848
19.9103
19.9358
19.9612
19.9867
20.0121
20.0376
20.0631
20.0885
20.114
20.1394
20.1649
20.1904
20.2158
20.2413
20.2668
20.2923
20.3177
20.3432
20.3686
20.3941
20.4195
20.445
20.4705
20.4959
20.5214
20.5469
20.5723
20.5978
20.6232
20.6487
20.6741
20.6996
20.7251
20.7505
20.776
20.8015
20.827
20.8524
20.8779
20.9034
20.9288
20.9543
20.9798
21.0053
21.0307
21.0562
21.0817
21.1072
21.1326
21.1581
21.1836
21.209
21.2345
21.26
21.2855
21.3109
21.3364
21.3619
21.3873
21.4128
21.4382
21.4637
21.4891
21.5146
21.5401
21.5656
21.591
21.6165
21.6419
21.6674
21.6929
21.7183
21.7438
21.7693
21.7947
21.8202
21.8457
21.8711
21.8966
21.9221
21.9476
21.973
21.9985
22.0239
22.0494
22.0749
22.1004
22.1258
22.1513
22.1768
22.2022
22.2277
22.2532
22.2786
22.3041
22.3296
22.355
22.3805
22.406
22.4314
22.4569
22.4824
22.5078
22.5333
22.5588
22.5843
22.6097
22.6352
22.6607
22.6861
22.7116
22.737
22.7625
22.788
22.8134
22.8389
22.8644
22.8898
22.9153
22.9407
22.9662
22.9917
23.0171
23.0426
23.068
23.0935
23.119
23.1444
23.1699
23.1954
23.2208
23.2463
23.2717
23.2972
23.3227
23.3481
23.3736
23.399
23.4245
23.45
23.4755
23.5009
23.5264
23.5518
23.5773
23.6028
23.6282
23.6537
23.6791
23.7046
23.7301
23.7556
23.781
23.8065
23.8319
23.8574
23.8828
23.9083
23.9338
23.9592
23.9847
24.0102
24.0357
24.0611
24.0866
24.112
24.1375
24.163
24.1884
24.2139
24.2394
24.2648
24.2903
24.3158
24.3412
24.3667
24.3921
24.4176
24.443
24.4685
24.4939
24.5194
24.5449
24.5703
24.5958
24.6213
24.6467
24.6722
24.6976
24.7231
24.7486
24.774
24.7995
24.825
24.8504
24.8759
24.9013
24.9268
24.9522
24.9777
25.0031
25.0286
25.0541
25.0796
25.105
25.1305
25.1559
25.1814
25.2068
25.2323
25.2578
25.2832
25.3087
25.3342
25.3596
25.3851
25.4105
25.436
25.4615
25.4869
25.5124
25.5379
25.5633
25.5888
25.6142
25.6396
25.6651
25.6905
25.716
25.7414
25.7669
25.7923
25.8178
25.8433
25.8687
25.8942
25.9197
25.9451
25.9706
25.996
26.0215
26.047
26.0725
26.0979
26.1234
26.1489
26.1743
26.1998
26.2252
26.2507
26.2762
26.3017
26.3271
26.3527
26.3781
26.4036
26.429
26.4546
26.4801
26.5056
26.531
26.5565
26.582
26.6075
26.6329
26.6584
26.6839
26.7093
26.7348
26.7602
26.7857
26.8112
26.8366
26.8621
26.8876
26.913
26.9385
26.9639
26.9894
27.0149
27.0403
27.0658
27.0912
27.1167
27.1422
27.1676
27.1931
27.2185
27.244
27.2695
27.2949
27.3204
27.3458
27.3713
27.3968
27.4222
27.4477
27.4732
27.4986
27.5241
27.5496
27.5751
27.6005
27.626
27.6514
27.6769
27.7024
27.7278
27.7533
27.7788
27.8042
27.8297
27.8551
27.8806
27.906
27.9315
27.957
27.9824
28.0079
28.0334
28.0588
28.0843
28.1098
28.1353
28.1607
28.1862
28.2116
28.2371
28.2626
28.288
28.3135
28.3389
28.3644
28.3899
28.4153
28.4408
28.4663
28.4917
28.5172
28.5426
28.5681
28.5935
28.619
28.6444
28.6699
28.6954
28.7208
28.7463
28.7718
28.7973
28.8227
28.8482
28.8737
28.8991
28.9246
28.95
28.9755
29.001
29.0264
29.0519
29.0773
29.1028
29.1282
29.1537
29.1791
29.2046
29.23
29.2555
29.2809
29.3064
29.3319
29.3573
29.3828
29.4083
29.4337
29.4592
29.4846
29.5101
29.5356
29.561
29.5865
29.612
29.6374
29.6629
29.6883
29.7138
29.7393
29.7648
29.7902
29.8157
29.8412
29.8666
29.8921
29.9175
29.943
29.9685
29.9939
30.0194
30.0449
30.0703
30.0957
30.1212
30.1467
30.1721
30.1976
30.223
30.2485
30.2739
30.2994
30.3249
30.3503
30.3758
30.4013
30.4268
30.4522
30.4777
30.5031
30.5286
30.5541
30.5795
30.605
30.6304
30.6559
30.6814
30.7068
30.7323
30.7577
30.7832
30.8086
30.8341
30.8596
30.885
30.9105
30.9359
30.9614
30.9868
31.0123
31.0377
31.0632
31.0886
31.1141
31.1395
31.165
31.1904
31.2159
31.2414
31.2669
31.2923
31.3178
31.3432
31.3686
31.3941
31.4195
31.4449
31.4704
31.4958
31.5213
31.5467
31.5722
31.5977
31.6232
31.6486
31.6741
31.6996
31.725
31.7505
31.7759
31.8014
31.8268
31.8523
31.8778
31.9032
31.9287
31.9542
31.9796
32.0051
32.0305
32.056
32.0815
32.1069
32.1324
32.1579
32.1913
32.2168
32.2422
32.2677
32.2931
32.3186
32.344
32.3695
32.395
32.4204
32.4459
32.4714
32.4968
32.5223
32.5478
32.5732
32.5987
32.6241
32.6496
32.6751
32.7006
32.726
32.7515
32.777
32.8025
32.8279
32.8534
32.8789
32.9043
32.9298
32.9553
32.9808
33.0062
33.0317
33.0571
33.0826
33.1081
33.1335
33.159
33.1844
33.2099
33.2354
33.2608
33.2863
33.3118
33.3372
33.3627
33.3881
33.4137
33.4391
33.4646
33.49
33.5155
33.5409
33.5664
33.5918
33.6173
33.6427
33.6682
33.6937
33.7192
33.7446
33.7701
33.7956
33.8211
33.8465
33.872
33.8975
33.9229
33.9484
33.9739
33.9993
34.0248
34.0503
34.0757
34.1012
34.1267
34.1521
34.1776
34.2031
34.2285
34.254
34.2795
34.3049
34.3304
34.3558
34.3813
34.4068
34.4322
34.4577
34.4832
34.5102
34.5435
34.5689
34.5944
34.6198
34.6453
34.6707
34.6962
34.7217
34.7472
34.7726
34.7981
34.8236
34.849
34.8745
34.9
34.9254
34.9509
34.9763
35.0018
35.0272
35.0527
35.0782
35.1036
35.1291
35.1545
35.18
35.2055
35.231
35.2564
35.2819
35.3073
35.3328
35.3583
35.3837
35.4092
35.4347
35.4601
35.4856
35.511
35.5365
35.5619
35.5874
35.6129
35.6383
35.6638
35.6892
35.7146
35.7401
35.7655
35.7909
35.8164
35.8418
35.8673
35.8928
35.9182
35.9502
35.9757
36.0011
36.0266
36.0521
36.0775
36.103
36.1284
36.1539
36.1794
36.2049
36.2303
36.2558
36.2812
36.3067
36.3322
36.3577
36.3831
36.4086
36.434
36.4595
36.485
36.5104
36.5359
36.5614
36.5868
36.6123
36.6378
36.6632
36.6887
36.7141
36.7396
36.7651
36.7906
36.816
36.8415
36.8669
36.8924
36.9178
36.9433
36.9688
36.9945
37.0199
37.0454
37.0709
37.0964
37.1218
37.1473
37.1727
37.1982
37.2236
37.2491
37.2746
37.3
37.3255
37.3509
37.3764
37.4019
37.4273
37.4528
37.4783
37.5037
37.5292
37.5547
37.5801
37.6056
37.6311
37.6565
37.682
37.7075
37.7329
37.7584
37.7838
37.8093
37.8348
37.8602
37.8857
37.9111
37.9366
37.9621
37.9875
38.013
38.0384
38.0639
38.0893
38.1148
38.1402
38.1657
38.1912
38.2166
38.2421
38.2676
38.293
38.3185
38.3439
38.3694
38.3948
38.4203
38.4457
38.4712
38.4967
38.5221
38.5476
38.5731
38.5985
38.624
38.6494
38.6749
38.7003
38.7258
38.7512
38.7767
38.8022
38.8276
38.8531
38.8785
38.904
38.9294
38.9549
38.9803
39.0058
39.0313
39.0567
39.0822
39.1077
39.1331
39.1586
39.1841
39.2095
39.235
39.2605
39.2859
39.3115
39.3369
39.3624
39.3879
39.4133
39.4388
39.4643
39.4897
39.5152
39.5407
39.5661
39.5916
39.6171
39.6425
39.668
39.6934
39.7189
39.7444
39.7699
39.7954
39.8208
39.8463
39.8718
39.8972
39.9227
39.9482
39.9736
39.9991
40.0245
40.05
40.0755
40.101
40.1264
40.1519
40.1773
40.2028
40.2282
40.2537
40.2791
40.3046
40.33
40.3555
40.381
40.4064
40.4319
40.4574
40.4828
40.5083
40.5338
40.5592
40.5847
40.6102
40.6356
40.6611
40.6866
40.712
40.7375
40.7629
40.7883
40.8138
40.8393
40.8647
40.8902
40.9157
40.9411
40.9666
40.9921
41.0175
41.043
41.0685
41.0939
41.1194
41.1449
41.1704
41.1958
41.2213
41.2468
41.2722
41.2977
41.3232
41.3487
41.3741
41.3996
41.4251
41.4505
41.476
41.5015
41.5269
41.5524
41.5779
41.6034
41.6288
41.6543
41.6797
41.7052
41.7307
41.7562
41.7816
41.8071
41.8326
41.858
41.8835
41.9089
41.9344
41.9599
41.9853
42.0108
42.0363
42.0617
42.0872
42.1126
42.138
42.1635
42.1889
42.2143
42.2398
42.2653
42.2907
42.3161
42.3416
42.367
42.3925
42.418
42.4434
42.4689
42.4943
42.5198
42.5452
42.5707
42.5961
42.6216
42.6471
42.6725
42.698
42.7234
42.7489
42.7743
42.7998
42.8252
42.8507
42.8761
42.9016
42.927
42.9525
42.9779
43.0034
43.0288
43.0543
43.0797
43.1052
43.1306
43.1561
43.1815
43.207
43.2325
43.2579
43.2834
43.3088
43.3343
43.3597
43.3851
43.4106
43.436
43.4615
43.4869
43.5124
43.5378
43.5633
43.5887
43.6142
43.6396
43.6651
43.6905
43.716
43.7414
43.7669
43.7923
43.8178
43.8432
43.8687
43.8941
43.9196
43.945
43.9705
43.9959
44.0214
44.0468
44.0723
44.0978
44.1233
44.1487
44.1742
44.1996
44.2251
44.2505
44.276
44.3014
44.3269
44.3523
44.3777
44.4032
44.4287
44.4541
44.4796
44.5051
44.5305
44.556
44.5814
44.6069
44.6324
44.6579
44.6834
44.7089
44.7343
44.7598
44.7852
44.8107
44.8361
44.8616
44.8871
44.9125
44.938
44.9634
44.9889
45.0144
45.0398
45.0653
45.0908
45.1162
45.1417
45.1672
45.1926
45.2181
45.2436
45.269
45.2945
45.3199
45.3454
45.3709
45.3963
45.4218
45.4472
45.4727
45.4982
45.5236
45.5491
45.5745
45.5999
45.6254
45.6508
45.6762
45.7017
45.7271
45.7526
45.778
45.8035
45.8289
45.8544
45.8798
45.9053
45.9308
45.9562
45.9817
46.0072
46.0326
46.0581
46.0835
46.109
46.1345
46.1599
46.1854
46.2109
46.2363
46.2618
46.2872
46.3127
46.3381
46.3636
46.389
46.4145
46.4399
46.4654
46.4908
46.5163
46.5417
46.5672
46.5926
46.6181
46.6436
46.669
46.6945
46.72
46.7454
46.7709
46.7964
46.8218
46.8473
46.8728
46.8983
46.9237
46.9492
46.9746
47.0001
47.0256
47.051
47.0765
47.1019
47.1274
47.1528
47.1783
47.2037
47.2292
47.2547
47.2801
47.3056
47.3311
47.3565
47.3819
47.4074
47.4328
47.4583
47.4837
47.5092
47.5346
47.5601
47.5855
47.611
47.6365
47.6619
47.6874
47.7128
47.7383
47.7637
47.7892
47.8146
47.8401
47.8656
47.891
47.9165
47.942
47.9674
47.9929
48.0184
48.0438
48.0693
48.0947
48.1202
48.1456
48.1711
48.1966
48.222
48.2475
48.273
48.2985
48.3239
48.3494
48.3749
48.4003
48.4258
48.4512
48.4767
48.5022
48.5276
48.5531
48.5785
48.604
48.6294
48.6549
48.6804
48.7059
48.7314
48.7568
48.7823
48.8077
48.8332
48.8586
48.8841
48.9096
48.9351
48.9606
48.986
49.0115
49.037
49.0625
49.0879
49.1134
49.1388
49.1643
49.1898
49.2152
49.2407
49.2661
49.2916
49.3171
49.3426
49.368
49.3935
49.419
49.4444
49.4699
49.4954
49.5209
49.5463
49.5718
49.5973
49.6227
49.6482
49.6737
49.6992
49.7246
49.7501
49.7756
49.801
49.8265
49.8519
49.8774
49.9029
49.9283
49.9538
49.9793
50.0047
50.0302
50.0557
50.0811
50.1066
50.1321
50.1575
50.183
50.2085
50.2339
50.2594
50.2849
50.3103
50.3357
50.3612
50.3867
50.4121
50.4376
50.463
50.4885
50.5139
50.5394
50.5648
50.5903
50.6157
50.6412
50.6666
50.692
50.7175
50.7429
50.7684
50.7938
50.8193
50.8447
50.8702
50.8956
50.9211
50.9465
50.972
50.9975
51.0229
51.0484
51.0739
51.0993
51.1248
51.1503
51.1757
51.2012
51.2266
51.2521
51.2775
51.303
51.3285
51.3539
51.3794
51.4049
51.4303
51.4558
51.4813
51.5067
51.5322
51.5577
51.5831
51.6086
51.6341
51.6595
51.685
51.7105
51.7359
51.7613
51.7868
51.8123
51.8377
51.8632
51.8886
51.9141
51.9396
51.965
51.9905
52.016
52.0414
52.0669
52.0924
52.1178
52.1433
52.1687
52.1942
52.2197
52.2451
52.2706
52.296
52.3215
52.347
52.3724
52.3979
52.4233
52.4488
52.4742
52.4997
52.5251
52.5506
52.5761
52.6016
52.627
52.6525
52.678
52.7034
52.7289
52.7544
52.7798
52.8053
52.8308
52.8563
52.8817
52.9072
52.9326
52.9581
52.9836
53.009
53.0345
53.06
53.0854
53.1109
53.1364
53.1618
53.1873
53.2128
53.2383
53.2638
53.2892
53.3147
53.3402
53.3656
53.3911
53.4165
53.442
53.4675
53.4929
53.5184
53.5438
53.5693
53.5948
53.6202
53.6457
53.6711
53.6966
53.7221
53.7475
53.773
53.7985
53.8239
53.8494
53.8749
53.9003
53.9258
53.9513
53.9768
54.0022
54.0277
54.0532
54.0786
54.1041
54.1296
54.155
54.1805
54.206
54.2314
54.2569
54.2823
54.3078
54.3333
54.3588
54.3842
54.4097
54.4351
54.4606
54.4861
54.5115
54.537
54.5625
54.5879
54.6134
54.6388
54.6643
54.6898
54.7152
54.7407
54.7661
54.7916
54.817
54.8425
54.868
54.8934
54.9188
54.9443
54.9697
54.9952
55.0207
55.0461
55.0716
55.097
55.1225
55.1479
55.1734
55.1988
55.2243
55.2497
55.2752
55.3006
55.3261
55.3515
55.3769
55.4024
55.4279
55.4533
55.4788
55.5042
55.5297
55.5551
55.5805
55.606
55.6314
55.6569
55.6823
55.7077
55.7332
55.7586
55.784
55.8095
55.8349
55.8604
55.8858
55.9113
55.9367
55.9621
55.9876
56.013
56.0385
56.0639
56.0893
56.1148
56.1402
56.1657
56.1911
56.2166
56.242
56.2675
56.2929
56.3184
56.3438
56.3693
56.3947
56.4202
56.4457
56.4711
56.4966
56.522
56.5475
56.5729
56.5984
56.6239
56.6493
56.6748
56.7002
56.7257
56.7511
56.7766
56.8021
56.8275
56.853
56.8785
56.9039
56.9294
56.9549
56.9803
57.0058
57.0313
57.0567
57.0822
57.1077
57.1331
57.1586
57.1841
57.2095
57.2349
57.2604
57.2859
57.3113
57.3368
57.3622
57.3877
57.4131
57.4386
57.464
57.4895
57.515
57.5404
57.5659
57.5914
57.6168
57.6423
57.6678
57.6933
57.7187
57.7442
57.7697
57.7951
57.8206
57.8461
57.8715
57.897
57.9225
57.9479
57.9734
57.9989
58.0244
58.0498
58.0753
58.1007
58.1262
58.1516
58.1771
58.2026
58.2281
58.2535
58.279
58.3044
58.3299
58.3553
58.3808
58.4062
58.4317
58.4572
58.4826
58.5081
58.5336
58.559
58.5845
58.6099
58.6354
58.6609
58.6863
58.7118
58.7372
58.7627
58.7882
58.8136
58.8391
58.8645
58.89
58.9154
58.9409
58.9664
58.9918
59.0173
59.0428
59.0682
59.0937
59.1192
59.1446
59.1701
59.1955
59.221
59.2464
59.2718
59.2973
59.3227
59.3482
59.3736
59.3991
59.4245
59.45
59.4755
59.5009
59.5264
59.5518
59.5773
59.6028
59.6282
59.6537
59.6792
59.7046
59.7301
59.7555
59.781
59.8065
59.8319
59.8574
59.8829
59.9083
59.9338
59.9593
59.9847
60.0102
60.0357
60.0611
60.0865
60.112
60.1374
60.1629
60.1884
60.2138
60.2393
60.2647
60.2902
60.3157
60.3411
60.3666
60.3921
60.4176
60.443
60.4685
60.494
60.5195
60.5449
60.5704
60.5958
60.6213
60.6468
60.6722
60.6976
60.7231
60.7486
60.774
60.7995
60.8249
60.8504
60.8759
60.9013
60.9268
60.9522
60.9777
61.0031
61.0286
61.054
61.0795
61.1049
61.1304
61.1559
61.1813
61.2068
61.2322
61.2577
61.2831
61.3086
61.334
61.3595
61.3849
61.4104
61.4358
61.4613
61.4867
61.5122
61.5376
61.5631
61.5885
61.614
61.6395
61.665
61.6904
61.7159
61.7413
61.7668
61.7923
61.8177
61.8432
61.8686
61.8941
61.9196
61.945
61.9705
61.9959
62.0214
62.0469
62.0723
62.0978
62.1233
62.1487
62.1742
62.1997
62.2252
62.2506
62.2761
62.3015
62.327
62.3525
62.3779
62.4034
62.4289
62.4543
62.4798
62.5052
62.5307
62.5562
62.5816
62.6071
62.6326
62.6581
62.6835
62.709
62.7345
62.7599
62.7854
62.8108
62.8363
62.8618
62.8872
62.9127
62.9382
62.9636
62.9891
63.0146
63.04
63.0655
63.091
63.1165
63.1419
63.1674
63.1929
63.2183
63.2438
63.2693
63.2947
63.3202
63.3456
63.3711
63.3965
63.422
63.4475
63.4729
63.4984
63.5238
63.5493
63.5747
63.6001
63.6256
63.651
63.6765
63.702
63.7274
63.7529
63.7783
63.8038
63.8292
63.8547
63.8801
63.9056
63.9311
63.9565
63.982
64.0074
64.0329
64.0583
64.0838
64.1092
64.1347
64.1601
64.1856
64.211
64.2365
64.2619
64.2874
64.3128
64.3382
64.3637
64.3891
64.4146
64.4401
64.4655
64.491
64.5164
64.5419
64.5673
64.5928
64.6183
64.6437
64.6692
64.6946
64.7201
64.7455
64.771
64.7964
64.8219
64.8474
64.8728
64.8983
64.9238
64.9493
64.9747
65.0002
65.0257
65.0511
65.0766
65.102
65.1275
65.153
65.1784
65.2039
65.2293
65.2548
65.2803
65.3057
65.3312
65.3566
65.3821
65.4076
65.433
65.4585
65.484
65.5094
65.5349
65.5603
65.5858
65.6112
65.6366
65.6621
65.6875
65.713
65.7384
65.764
65.7895
65.8149
65.8404
65.8659
65.8913
65.9168
65.9422
65.9677
65.9931
66.0186
66.0441
66.0695
66.095
66.1204
66.1459
66.1714
66.1968
66.2223
66.2478
66.2732
66.2987
66.3241
66.3496
66.3751
66.4005
66.426
66.4514
66.4769
66.5024
66.5313
66.5568
66.5822
66.6077
66.6332
66.6586
66.6841
66.7095
66.735
66.7605
66.7859
66.8114
66.8368
66.8623
66.8878
66.9132
66.9387
66.9641
66.9896
67.015
67.0405
67.066
67.0914
67.1169
67.1424
67.1678
67.1933
67.2188
67.2442
67.2697
67.2952
67.3206
67.3461
67.3716
67.3971
67.4225
67.448
67.4735
67.4989
67.5244
67.5498
67.5753
67.6008
67.6263
67.6517
67.6772
67.7026
67.7281
67.7536
67.779
67.8045
67.83
67.8554
67.8809
67.9063
67.9318
67.9573
67.9827
68.0082
68.0337
68.0591
68.0846
68.1101
68.1356
68.161
68.1865
68.212
68.2375
68.2629
68.2884
68.3138
68.3393
68.3647
68.3902
68.4156
68.4411
68.4666
68.492
68.5175
68.5429
68.5684
68.5939
68.6193
68.6448
68.6702
68.6957
68.7211
68.7466
68.772
68.7975
68.823
68.8485
68.8739
68.8994
68.9248
68.9503
68.9757
69.0012
69.0267
69.0521
69.0776
69.1031
69.1285
69.154
69.1794
69.2049
69.2304
69.2558
69.2813
69.3067
69.3322
69.3577
69.3831
69.4086
69.4341
69.4595
69.485
69.5104
69.5359
69.5613
69.5867
69.6122
69.6377
69.6631
69.6886
69.714
69.7395
69.7649
69.7904
69.8158
69.8413
69.8667
69.8922
69.9177
69.9432
69.9686
69.9941
70.0195
70.045
70.0704
70.0959
70.1214
70.1468
70.1723
70.1977
70.2232
70.2487
70.2741
70.2996
70.325
70.3505
70.3759
70.4014
70.4269
70.4523
70.4778
70.5032
70.5287
70.5541
70.5796
70.605
70.6305
70.656
70.6814
70.7068
70.7323
70.7578
70.7832
70.8087
70.8341
70.8596
70.885
70.9105
70.9359
70.9614
70.9868
71.0123
71.0377
71.0632
71.0887
71.1141
71.1396
71.165
71.1905
71.2159
71.2414
71.2668
71.2923
71.3178
71.3432
71.3687
71.3941
71.4196
71.445
71.4705
71.496
71.5214
71.5469
71.5724
71.5978
71.6233
71.6487
71.6742
71.6997
71.7251
71.7506
71.7761
71.8015
71.827
71.8524
71.8779
71.9033
71.9288
71.9542
71.9797
72.0051
72.0306
72.056
72.0815
72.107
72.1324
72.1579
72.1834
72.2088
72.2343
72.2597
72.2852
72.3106
72.3361
72.3615
72.387
72.4124
72.4379
72.4633
72.4888
72.5143
72.5397
72.5652
72.5906
72.6161
72.6415
72.667
72.6925
72.718
72.7434
72.7689
72.7944
72.8199
72.8454
72.8708
72.8963
72.9218
72.9472
72.9727
72.9981
73.0236
73.049
73.0745
73.1
73.1255
73.1509
73.1764
73.2019
73.2273
73.2528
73.2782
73.3037
73.3291
73.3546
73.38
73.4055
73.431
73.4564
73.4819
73.5073
73.5328
73.5583
73.5837
73.6092
73.6347
73.6601
73.6856
73.7111
73.7366
73.762
73.7875
73.8129
73.8383
73.8638
73.8893
73.9147
73.9402
73.9657
73.9911
74.0166
74.0421
74.0675
74.093
74.1185
74.144
74.1695
74.1949
74.2204
74.2458
74.2713
74.2968
74.3222
74.3477
74.3731
74.3986
74.424
74.4495
74.475
74.5004
74.5259
74.5514
74.5769
74.6023
74.6278
74.6532
74.6787
74.7042
74.7296
74.7551
74.7806
74.806
74.8315
74.8569
74.8824
74.9079
74.9333
74.9588
74.9843
75.0098
75.0353
75.0607
75.0862
75.1117
75.1371
75.1626
75.1881
75.2136
75.239
75.2645
75.29
75.3155
75.3409
75.3664
75.3918
75.4173
75.4427
75.4682
75.4936
75.5191
75.5445
75.57
75.5955
75.6209
75.6463
75.6717
75.6972
75.7226
75.7481
75.7735
75.799
75.8244
75.8499
75.8753
75.9008
75.9262
75.9517
75.9771
76.0026
76.028
76.0535
76.0789
76.1044
76.1299
76.1553
76.1808
76.2062
76.2317
76.2572
76.2826
76.3081
76.3335
76.359
76.3844
76.4099
76.4353
76.4608
76.4863
76.5117
76.5372
76.5626
76.5881
76.6136
76.639
76.6645
76.6899
76.7154
76.7408
76.7663
76.7918
76.8172
76.8427
76.8681
76.8936
76.9191
76.9446
76.97
76.9955
77.021
77.0464
77.0719
77.0973
77.1228
77.1482
77.1737
77.1992
77.2247
77.2501
77.2756
77.3011
77.3265
77.352
77.3775
77.4029
77.4284
77.4538
77.4793
77.5048
77.5302
77.5557
77.5811
77.6066
77.6321
77.6575
77.683
77.7084
77.7339
77.7594
77.7848
77.8103
77.8358
77.8613
77.8867
77.9122
77.9377
77.9631
77.9886
78.0141
78.0395
78.065
78.0905
78.1159
78.1414
78.1669
78.1923
78.2178
78.2432
78.2687
78.2941
78.3196
78.345
78.3705
78.396
78.4214
78.4469
78.4724
78.4978
78.5233
78.5488
78.5742
78.5997
78.6251
78.6506
78.6761
78.7015
78.727
78.7524
78.7779
78.8034
78.8288
78.8543
78.8797
78.9052
78.9307
78.9561
78.9816
79.0071
79.0326
79.058
79.0835
79.109
79.1344
79.1599
79.1853
79.2108
79.2363
79.2618
79.2873
79.3128
79.3382
79.3637
79.3891
79.4146
79.4401
79.4655
79.491
79.5164
79.5419
79.5674
79.5929
79.6183
79.6438
79.6692
79.6947
79.7202
79.7456
79.7711
79.7965
79.822
79.8475
79.8729
79.8984
79.9239
79.9493
79.9748
80.0002
80.0257
80.0512
80.0766
80.1021
80.1275
80.153
80.1785
80.2039
80.2294
80.2549
80.2804
80.3058
80.3313
80.3567
80.3822
80.4077
80.4331
80.4586
80.484
80.5095
80.535
80.5604
80.5859
80.6114
80.6369
80.6623
80.6878
80.7133
80.7387
80.7642
80.7896
80.8151
80.8406
80.866
80.8915
80.9169
80.9424
80.9678
80.9933
81.0188
81.0443
81.0697
81.0952
81.1207
81.1462
81.1716
81.1971
81.2226
81.248
81.2735
81.299
81.3245
81.3499
81.3754
81.4008
81.4263
81.4518
81.4773
81.5027
81.5282
81.5537
81.5791
81.6046
81.63
81.6555
81.681
81.7064
81.7319
81.7573
81.7828
81.8082
81.8337
81.8592
81.8846
81.9101
81.9356
81.9611
81.9865
82.012
82.0375
82.063
82.0885
82.1139
82.1394
82.1649
82.1904
82.2158
82.2413
82.2668
82.2923
82.3177
82.3432
82.3687
82.3941
82.4196
82.4451
82.4705
82.496
82.5214
82.5469
82.5724
82.5978
82.6233
82.6488
82.6742
82.6997
82.7252
82.7506
82.7761
82.8015
82.827
82.8524
82.8779
82.9034
82.9289
82.9543
82.9798
83.0052
83.0307
83.0561
83.0816
83.1071
83.1326
83.1581
83.1836
83.2091
83.2345
83.26
83.2855
83.3109
83.3364
83.3619
83.3873
83.4128
83.4383
83.4637
83.4892
83.5147
83.5402
83.5656
83.5911
83.6165
83.642
83.6675
83.6929
83.7184
83.7439
83.7693
83.7948
83.8203
83.8457
83.8712
83.8966
83.9221
83.9476
83.9731
83.9985
84.024
84.0495
84.0749
84.1004
84.1259
84.1513
84.1768
84.2023
84.2278
84.2532
84.2787
84.3042
84.3296
84.3551
84.3806
84.406
84.4315
84.457
84.4824
84.5079
84.5333
84.5588
84.5843
84.6097
84.6352
84.6607
84.6861
84.7116
84.7371
84.7626
84.788
84.8135
84.839
84.8644
84.8899
84.9153
84.9408
84.9663
84.9918
85.0172
85.0427
85.0681
85.0936
85.119
85.1444
85.1699
85.1954
85.2209
85.2463
85.2718
85.2972
85.3227
85.3482
85.3736
85.3991
85.4245
85.45
85.4755
85.501
85.5264
85.5519
85.5773
85.6028
85.6282
85.6537
85.6791
85.7046
85.7301
85.7555
85.781
85.8064
85.8318
85.8573
85.8828
85.9082
85.9337
85.9592
85.9846
86.0101
86.0356
86.061
86.0865
86.112
86.1375
86.1629
86.1884
86.2138
86.2393
86.2648
86.2903
86.3157
86.3412
86.3667
86.3921
86.4176
86.443
86.4685
86.494
86.5195
86.5449
86.5704
86.5959
86.6214
86.6468
86.6723
86.6978
86.7232
86.7487
86.7742
86.7996
86.8251
86.8506
86.876
86.9015
86.927
86.9524
86.9779
87.0034
87.0288
87.0543
87.0798
87.1052
87.1307
87.1561
87.1816
87.207
87.2325
87.2579
87.2834
87.3089
87.3343
87.3598
87.3853
87.4108
87.4362
87.4617
87.4872
87.5126
87.5381
87.5636
87.589
87.6145
87.64
87.6654
87.6909
87.7164
87.7418
87.7673
87.7928
87.8182
87.8437
87.8691
87.8946
87.92
87.9455
87.971
87.9964
88.0219
88.0474
88.0728
88.0983
88.1237
88.1492
88.1747
88.2001
88.2256
88.2511
88.2765
88.302
88.3275
88.3529
88.3784
88.4039
88.4294
88.4549
88.4803
88.5058
88.5313
88.5568
88.5822
88.6077
88.6331
88.6586
88.684
88.7095
88.7349
88.7604
88.7859
88.8114
88.8368
88.8623
88.8878
88.9132
88.9387
88.9642
88.9897
89.0152
89.0406
89.0661
89.0916
89.1171
89.1425
89.168
89.1934
89.2189
89.2444
89.2698
89.2953
89.3207
89.3462
89.3716
89.3971
89.4226
89.448
89.4735
89.4989
89.5244
89.5498
89.5753
89.6007
89.6262
89.6516
89.6771
89.7026
89.728
89.7534
89.7788
89.8043
89.8297
89.8552
89.8806
89.9061
89.9315
89.957
89.9824
90.0079
90.0333
90.0588
90.0843
90.1097
90.1352
90.1606
90.1861
90.2115
90.237
90.2624
90.2878
90.3133
90.3387
90.3642
90.3896
90.4151
90.4406
90.466
90.4915
90.517
90.5424
90.5679
90.5933
90.6188
90.6442
90.6697
90.6951
90.7206
90.7461
90.7716
90.797
90.8225
90.8479
90.8734
90.8988
90.9243
90.9498
90.9752
91.0007
91.0262
91.0516
91.0771
91.1026
91.128
91.1535
91.179
91.2044
91.2299
91.2554
91.2808
91.3063
91.3318
91.3572
91.3827
91.4081
91.4336
91.4591
91.4845
91.51
91.5354
91.5609
91.5864
91.6118
91.6372
91.6627
91.6881
91.7136
91.739
91.7645
91.7899
91.8153
91.8408
91.8663
91.8918
91.9172
91.9427
91.9681
91.9936
92.019
92.0445
92.07
92.0955
92.1209
92.1464
92.1719
92.1973
92.2228
92.2483
92.2737
92.2992
92.3247
92.3502
92.3756
92.4011
92.4266
92.452
92.4775
92.503
92.5284
92.5539
92.5794
92.6048
92.6303
92.6558
92.6813
92.7067
92.7322
92.7577
92.7831
92.8086
92.8341
92.8595
92.885
92.9104
92.9359
92.9614
92.9868
93.0123
93.0378
93.0633
93.0887
93.1142
93.1397
93.1651
93.1906
93.2161
93.2415
93.267
93.2924
93.3179
93.3434
93.3688
93.3943
93.4198
93.4452
93.4707
93.4961
93.5216
93.5471
93.5725
93.598
93.6235
93.6489
93.6744
93.6998
93.7253
93.7507
93.7762
93.8016
93.8271
93.8526
93.8781
93.9035
93.929
93.9544
93.9799
94.0054
94.0308
94.0563
94.0817
94.1072
94.1395
94.1649
94.1904
94.2158
94.2413
94.2668
94.2922
94.3177
94.3432
94.3687
94.3941
94.4196
94.4451
94.4705
94.496
94.5215
94.5469
94.5724
94.5979
94.6233
94.6488
94.6742
94.6997
94.7252
94.7506
94.7761
94.8016
94.827
94.8525
94.8779
94.9034
94.9289
94.9543
94.9798
95.0053
95.0307
95.0562
95.0817
95.1072
95.1326
95.1581
95.1836
95.2091
95.2345
95.26
95.2855
95.3109
95.3364
95.3619
95.3874
95.4129
95.4383
95.4638
95.4893
95.5147
95.5402
95.5656
95.5911
95.6165
95.642
95.6674
95.6929
95.7183
95.7438
95.7692
95.7947
95.8201
95.8455
95.871
95.8964
95.9219
95.9473
95.9728
95.9982
96.0237
96.0492
96.0746
96.1001
96.1255
96.151
96.1764
96.2019
96.2274
96.2528
96.2782
96.3037
96.3291
96.3546
96.38
96.4055
96.4309
96.4564
96.4818
96.5073
96.5327
96.5582
96.5837
96.6091
96.6346
96.66
96.6855
96.7109
96.7364
96.7619
96.7873
96.8128
96.8382
96.8637
96.8891
96.9146
96.94
96.9655
96.9909
97.0164
97.0418
97.0673
97.0927
97.1182
97.1437
97.1691
97.1946
97.2201
97.2455
97.271
97.2965
97.3219
97.3475
97.3729
97.3984
97.4238
97.4493
97.4748
97.5002
97.5257
97.5512
97.5767
97.6022
97.6276
97.6531
97.6785
97.704
97.7295
97.7549
97.7804
97.8058
97.8313
97.8568
97.8822
97.9077
97.9331
97.9586
97.984
98.0095
98.0349
98.0603
98.0858
98.1113
98.1367
98.1622
98.1877
98.2132
98.2386
98.2641
98.2895
98.315
98.3404
98.3659
98.3914
98.4168
98.4423
98.4677
98.4932
98.5186
98.5441
98.5696
98.5951
98.6205
98.646
98.6714
98.6969
98.7224
98.7478
98.7733
98.7987
98.8242
98.8497
98.8751
98.9006
98.926
98.9515
98.977
99.0025
99.0279
99.0534
99.0789
99.1043
99.1298
99.1552
99.1807
99.2062
99.2316
99.2571
99.2826
99.308
99.3335
99.3589
99.3844
99.4099
99.4353
99.4608
99.4863
99.5117
99.5372
99.5627
99.5881
99.6136
99.6391
99.6645
99.69
99.7155
99.7409
99.7664
99.7918
99.8173
99.8427
99.8682
99.8937
99.9192
99.9446
99.9701
99.9956
100.021
100.046
100.072
100.097
100.123
100.148
100.174
100.199
100.225
100.25
100.276
100.301
100.326
100.352
100.377
100.403
100.428
100.454
100.479
100.505
100.53
100.556
100.581
100.606
100.632
100.657
100.683
100.708
100.734
100.759
100.785
100.81
100.836
100.861
100.887
100.912
100.938
100.963
100.988
101.014
101.039
101.065
101.09
101.116
101.141
101.167
101.192
101.218
101.243
101.269
101.294
101.319
101.345
101.37
101.396
101.421
101.447
101.472
101.498
101.523
101.549
101.574
101.599
101.625
101.65
101.676
101.701
101.727
101.752
101.778
101.803
101.829
101.854
101.88
101.905
101.93
101.956
101.981
102.007
102.032
102.058
102.083
102.109
102.134
102.16
102.185
102.21
102.236
102.261
102.287
102.312
102.338
102.363
102.389
102.414
102.439
102.465
102.49
102.516
102.541
102.567
102.592
102.618
102.643
102.668
102.694
102.719
102.745
102.77
102.796
102.821
102.847
102.872
102.897
102.923
102.948
102.974
102.999
103.025
103.05
103.076
103.101
103.127
103.152
103.177
103.203
103.228
103.254
103.279
103.305
103.33
103.356
103.381
103.407
103.432
103.458
103.483
103.508
103.534
103.559
103.585
103.61
103.636
103.661
103.687
103.712
103.738
103.763
103.789
103.814
103.839
103.865
103.89
103.916
103.941
103.967
103.992
104.018
104.043
104.069
104.094
104.12
104.145
104.17
104.196
104.221
104.247
104.272
104.298
104.323
104.349
104.374
104.4
104.425
104.451
104.476
104.502
104.527
104.552
104.578
104.603
104.629
104.654
104.68
104.705
104.731
104.756
104.782
104.807
104.832
104.858
104.883
104.909
104.934
104.96
104.985
105.011
105.036
105.062
105.087
105.113
105.138
105.163
105.189
105.214
105.24
105.265
105.291
105.316
105.342
105.367
105.393
105.418
105.444
105.469
105.495
105.52
105.546
105.571
105.596
105.622
105.647
105.673
105.698
105.724
105.749
105.775
105.8
105.826
105.851
105.876
105.902
105.927
105.953
105.978
106.004
106.029
106.055
106.08
106.106
106.131
106.157
106.182
106.207
106.233
106.258
106.284
106.309
106.335
106.36
106.386
106.411
106.437
106.462
106.488
106.513
106.538
106.564
106.589
106.615
106.64
106.666
106.691
106.717
106.742
106.768
106.793
106.818
106.844
106.869
106.895
106.92
106.946
106.971
106.997
107.022
107.048
107.073
107.098
107.124
107.149
107.175
107.2
107.226
107.251
107.277
107.302
107.328
107.353
107.379
107.404
107.429
107.455
107.48
107.506
107.531
107.557
107.582
107.608
107.633
107.659
107.684
107.71
107.735
107.761
107.786
107.811
107.837
107.862
107.888
107.913
107.939
107.964
107.99
108.015
108.041
108.066
108.092
108.117
108.142
108.168
108.193
108.219
108.244
108.27
108.295
108.321
108.346
108.372
108.397
108.422
108.448
108.473
108.499
108.524
108.55
108.575
108.601
108.626
108.652
108.677
108.703
108.728
108.753
108.779
108.804
108.83
108.855
108.881
108.906
108.932
108.957
108.983
109.008
109.034
109.059
109.084
109.11
109.135
109.161
109.186
109.212
109.237
109.263
109.288
109.314
109.339
109.365
109.39
109.416
109.441
109.466
109.492
109.517
109.543
109.568
109.594
109.619
109.645
109.67
109.696
109.721
109.747
109.772
109.797
109.823
109.848
109.874
109.899
109.925
109.95
109.976
110.001
110.027
110.052
110.077
110.103
110.128
110.154
110.179
110.205
110.23
110.256
110.281
110.307
110.332
110.357
110.383
110.408
110.434
110.459
110.485
110.51
110.535
110.561
110.586
110.612
110.637
110.663
110.688
110.714
110.739
110.765
110.79
110.816
110.841
110.866
110.892
110.917
110.943
110.968
110.994
111.019
111.045
111.07
111.096
111.121
111.146
111.172
111.197
111.223
111.248
111.274
111.299
111.325
111.35
111.376
111.401
111.427
111.452
111.477
111.503
111.528
111.554
111.579
111.605
111.63
111.656
111.681
111.707
111.732
111.758
111.783
111.809
111.834
111.859
111.885
111.91
111.936
111.961
111.987
112.012
112.038
112.063
112.089
112.114
112.139
112.165
112.19
112.216
112.241
112.267
112.292
112.318
112.343
112.369
112.394
112.419
112.445
112.47
112.496
112.521
112.547
112.572
112.598
112.623
112.649
112.674
112.7
112.725
112.751
112.776
112.801
112.827
112.852
112.878
112.903
112.929
112.954
112.98
113.005
113.031
113.056
113.081
113.107
113.132
113.158
113.183
113.209
113.234
113.26
113.285
113.311
113.336
113.362
113.387
113.412
113.438
113.463
113.489
113.514
113.54
113.565
113.591
113.616
113.642
113.667
113.693
113.718
113.744
113.769
113.794
113.82
113.845
113.871
113.896
113.922
113.947
113.973
113.998
114.024
114.049
114.075
114.1
114.126
114.151
114.176
114.202
114.227
114.253
114.278
114.304
114.329
114.355
114.38
114.406
114.431
114.457
114.482
114.508
114.533
114.558
114.584
114.609
114.635
114.66
114.686
114.711
114.737
114.762
114.788
114.813
114.838
114.864
114.889
114.915
114.94
114.966
114.991
115.017
115.042
115.068
115.093
115.118
115.144
115.169
115.195
115.22
115.246
115.271
115.297
115.322
115.348
115.373
115.398
115.424
115.449
115.475
115.5
115.526
115.551
115.577
115.602
115.628
115.653
115.678
115.704
115.729
115.755
115.78
115.806
115.831
115.856
115.882
115.907
115.933
115.958
115.984
116.009
116.035
116.06
116.086
116.111
116.136
116.162
116.187
116.213
116.238
116.264
116.289
116.315
116.34
116.366
116.391
116.417
116.442
116.468
116.493
116.518
116.544
116.569
116.595
116.62
116.646
116.671
116.697
116.722
116.748
116.773
116.799
116.824
116.85
116.875
116.9
116.926
116.951
116.977
117.002
117.028
117.053
117.079
117.104
117.13
117.155
117.181
117.206
117.231
117.257
117.282
117.308
117.333
117.359
117.384
117.41
117.435
117.46
117.486
117.511
117.537
117.562
117.588
117.613
117.639
117.664
117.69
117.715
117.741
117.766
117.791
117.817
117.842
117.868
117.893
117.919
117.944
117.97
117.995
118.021
118.046
118.072
118.097
118.123
118.148
118.173
118.199
118.224
118.25
118.275
118.301
118.326
118.352
118.377
118.403
118.428
118.453
118.479
118.504
118.53
118.555
118.581
118.606
118.632
118.657
118.683
118.708
118.734
118.759
118.784
118.81
118.835
118.861
118.886
118.912
118.937
118.963
118.988
119.014
119.039
119.065
119.09
119.115
119.141
119.166
119.192
119.217
119.243
119.268
119.294
119.319
119.345
119.37
119.396
119.421
119.446
119.472
119.497
119.523
119.548
119.574
119.599
119.625
119.65
119.676
119.701
119.727
119.752
119.777
119.803
119.828
119.854
119.879
119.905
119.93
119.956
119.981
120.007
120.032
120.058
120.083
120.108
120.134
120.159
120.185
120.21
120.236
120.261
120.287
120.312
120.338
120.363
120.389
120.414
120.44
120.465
120.49
120.516
120.541
120.567
120.592
120.618
120.643
120.669
120.694
120.72
120.745
120.771
120.796
120.822
120.847
120.872
120.898
120.923
120.949
120.974
121
121.025
121.051
121.076
121.102
121.127
121.153
121.178
121.203
121.229
121.254
121.28
121.305
121.331
121.356
121.382
121.407
121.433
121.458
121.484
121.509
121.535
121.56
121.585
121.611
121.636
121.662
121.687
121.713
121.738
121.764
121.789
121.815
121.84
121.866
121.891
121.916
121.942
121.967
121.993
122.018
122.044
122.069
122.095
122.12
122.146
122.171
122.197
122.222
122.247
122.273
122.298
122.324
122.349
122.375
122.4
122.426
122.451
122.477
122.502
122.528
122.553
122.579
122.604
122.63
122.655
122.68
122.706
122.731
122.757
122.782
122.808
122.833
122.859
122.884
122.91
122.935
122.961
122.986
123.012
123.037
123.063
123.088
123.113
123.139
123.164
123.19
123.215
123.241
123.266
123.292
123.317
123.343
123.368
123.394
123.419
123.445
123.47
123.495
123.521
123.546
123.572
123.597
123.623
123.648
123.674
123.699
123.725
123.75
123.776
123.801
123.826
123.852
123.877
123.903
123.928
123.954
123.979
124.005
124.03
124.056
124.081
124.107
124.132
124.157
124.183
124.208
124.234
124.259
124.285
124.31
124.336
124.361
124.387
124.412
124.438
124.463
124.489
124.514
124.539
124.565
124.59
124.616
124.641
124.667
124.692
124.718
124.743
124.769
124.794
124.82
124.845
124.87
124.896
124.921
124.947
124.972
124.998
125.023
125.049
125.074
125.1
125.125
125.151
125.176
125.202
125.227
125.253
125.278
125.303
125.329
125.354
125.38
125.405
125.431
125.456
125.482
125.507
125.533
125.558
125.584
125.609
125.634
125.66
125.685
125.711
125.736
125.762
125.787
125.813
125.838
125.864
125.889
125.914
125.94
125.965
125.991
126.016
126.042
126.067
126.093
126.118
126.144
126.169
126.195
126.22
126.245
126.271
126.296
126.322
126.347
126.373
126.398
126.424
126.449
126.475
126.5
126.526
126.551
126.576
126.602
126.627
126.653
126.678
126.704
126.729
126.754
126.78
126.805
126.831
126.856
126.881
126.907
126.932
126.958
126.983
127.008
127.034
127.059
127.085
127.11
127.136
127.161
127.187
127.212
127.238
127.263
127.288
127.314
127.339
127.365
127.39
127.416
127.441
127.467
127.492
127.517
127.543
127.568
127.594
127.619
127.645
127.67
127.696
127.721
127.747
127.772
127.798
127.823
127.849
127.874
127.899
127.925
127.95
127.976
128.001
128.027
128.052
128.078
128.103
128.129
128.154
128.179
128.205
128.23
128.256
128.281
128.307
128.332
128.358
128.383
128.409
128.434
128.46
128.485
128.511
128.536
128.561
128.587
128.612
128.638
128.663
128.689
128.714
128.74
128.765
128.791
128.816
128.842
128.867
128.892
128.918
128.943
128.969
128.994
129.02
129.045
129.071
129.096
129.121
129.147
129.172
129.198
129.223
129.249
129.274
129.3
129.325
129.351
129.376
129.402
129.427
129.453
129.478
129.504
129.529
129.554
129.58
129.605
129.631
129.656
129.682
129.707
129.733
129.758
129.784
129.809
129.835
129.86
129.885
129.911
129.936
129.962
129.987
130.013
130.038
130.064
130.089
130.115
130.14
130.166
130.191
130.216
130.242
130.267
130.293
130.318
130.344
130.369
130.395
130.42
130.445
130.471
130.496
130.522
130.547
130.573
130.598
130.623
130.649
130.674
130.7
130.725
130.751
130.776
130.801
130.827
130.852
130.878
130.903
130.929
130.954
130.98
131.005
131.031
131.056
131.081
131.107
131.132
131.158
131.183
131.209
131.234
131.26
131.285
131.311
131.336
131.362
131.387
131.412
131.438
131.463
131.489
131.514
131.54
131.565
131.591
131.616
131.642
131.667
131.692
131.718
131.743
131.769
131.794
131.82
131.845
131.871
131.896
131.922
131.947
131.973
131.998
132.023
132.049
132.074
132.1
132.125
132.151
132.176
132.202
132.227
132.253
132.278
132.304
132.329
132.355
132.38
132.405
132.431
132.456
132.482
132.507
132.533
132.558
132.584
132.609
132.635
132.66
132.685
132.711
132.736
132.762
132.787
132.813
132.838
132.864
132.889
132.915
132.94
132.966
132.991
133.016
133.042
133.067
133.093
133.118
133.144
133.169
133.195
133.22
133.246
133.271
133.296
133.322
133.347
133.373
133.398
133.424
133.449
133.475
133.5
133.526
133.551
133.577
133.602
133.627
133.653
133.678
133.704
133.729
133.755
133.78
133.806
133.831
133.857
133.882
133.908
133.933
133.959
133.984
134.01
134.035
134.06
134.086
134.111
134.137
134.162
134.188
134.213
134.239
134.264
134.29
134.315
134.341
134.366
134.392
134.417
134.442
134.468
134.493
134.519
134.544
134.57
134.595
134.621
134.646
134.672
134.697
134.723
134.748
134.773
134.799
134.824
134.85
134.875
134.901
134.926
134.952
134.977
135.003
135.028
135.054
135.079
135.104
135.13
135.155
135.181
135.206
135.232
135.257
135.283
135.308
135.334
135.359
135.385
135.41
135.436
135.461
135.486
135.512
135.537
135.563
135.588
135.614
135.639
135.665
135.69
135.715
135.741
135.766
135.792
135.817
135.843
135.868
135.894
135.919
135.945
135.97
135.996
136.021
136.046
136.072
136.097
136.123
136.148
136.174
136.199
136.225
136.25
136.276
136.301
136.326
136.352
136.377
136.403
136.428
136.454
136.479
136.505
136.53
136.556
136.581
136.606
136.632
136.657
136.683
136.708
136.734
136.759
136.785
136.81
136.835
136.861
136.886
136.912
136.937
136.963
136.988
137.014
137.039
137.065
137.09
137.116
137.141
137.166
137.192
137.217
137.243
137.268
137.294
137.319
137.345
137.37
137.395
137.421
137.446
137.472
137.497
137.523
137.548
137.574
137.599
137.625
137.65
137.676
137.701
137.727
137.752
137.778
137.803
137.828
137.854
137.879
137.905
137.93
137.956
137.981
138.007
138.032
138.058
138.083
138.109
138.134
138.16
138.185
138.21
138.236
138.261
138.287
138.312
138.338
138.363
138.389
138.414
138.44
138.465
138.491
138.516
138.542
138.567
138.592
138.618
138.643
138.669
138.694
138.72
138.745
138.771
138.796
138.822
138.847
138.872
138.898
138.923
138.949
138.974
139
139.025
139.051
139.076
139.102
139.127
139.153
139.178
139.204
139.229
139.254
139.28
139.305
139.331
139.356
139.381
139.407
139.432
139.458
139.483
139.509
139.534
139.559
139.585
139.61
139.636
139.661
139.687
139.712
139.738
139.763
139.789
139.814
139.84
139.865
139.89
139.916
139.941
139.967
139.992
140.018
140.043
140.069
140.094
140.12
140.145
140.171
140.196
140.222
140.247
140.272
140.298
140.323
140.349
140.374
140.4
140.425
140.451
140.476
140.501
140.527
140.552
140.578
140.603
140.629
140.654
140.68
140.705
140.731
140.756
140.782
140.807
140.832
140.858
140.883
140.909
140.934
140.96
140.985
141.011
141.036
141.061
141.087
141.112
141.138
141.163
141.189
141.214
141.24
141.265
141.29
141.316
141.341
141.367
141.392
141.418
141.443
141.469
141.494
141.52
141.545
141.57
141.596
141.621
141.647
141.672
141.698
141.723
141.749
141.774
141.799
141.825
141.85
141.876
141.901
141.927
141.952
141.978
142.003
142.029
142.054
142.079
142.105
142.13
142.156
142.181
142.207
142.232
142.258
142.283
142.309
142.334
142.36
142.385
142.41
142.436
142.461
142.487
142.512
142.538
142.563
142.589
142.614
142.64
142.665
142.691
142.716
142.741
142.767
142.792
142.818
142.843
142.869
142.894
142.92
142.945
142.971
142.996
143.022
143.047
143.073
143.098
143.123
143.149
143.174
143.2
143.225
143.251
143.276
143.302
143.327
143.353
143.378
143.403
143.429
143.454
143.48
143.505
143.531
143.556
143.582
143.607
143.633
143.658
143.684
143.709
143.735
143.76
143.786
143.811
143.836
143.862
143.887
143.913
143.938
143.964
143.989
144.015
144.04
144.066
144.091
144.117
144.142
144.167
144.193
144.218
144.244
144.269
144.295
144.32
144.346
144.371
144.396
144.422
144.447
144.473
144.498
144.524
144.549
144.575
144.6
144.626
144.651
144.677
144.702
144.728
144.753
144.778
144.804
144.829
144.855
144.88
144.906
144.931
144.957
144.982
145.008
145.033
145.059
145.084
145.11
145.135
145.16
145.186
145.211
145.237
145.262
145.288
145.313
145.339
145.364
145.39
145.415
145.44
145.466
145.491
145.517
145.542
145.568
145.593
145.619
145.644
145.67
145.695
145.72
145.746
145.771
145.797
145.822
145.848
145.873
145.899
145.924
145.95
145.975
146.001
146.026
146.051
146.077
146.102
146.128
146.153
146.179
146.204
146.23
146.255
146.281
146.306
146.332
146.357
146.382
146.408
146.433
146.459
146.484
146.51
146.535
146.561
146.586
146.612
146.637
146.663
146.688
146.714
146.739
146.764
146.79
146.815
146.841
146.866
146.892
146.917
146.943
146.968
146.994
147.019
147.045
147.07
147.096
147.121
147.146
147.172
147.197
147.223
147.248
147.274
147.299
147.325
147.35
147.376
147.401
147.427
147.452
147.477
147.503
147.528
147.554
147.579
147.605
147.63
147.656
147.681
147.707
147.732
147.758
147.783
147.808
147.834
147.859
147.885
147.91
147.936
147.961
147.987
148.012
148.038
148.063
148.088
148.114
148.139
148.165
148.19
148.216
148.241
148.267
148.292
148.318
148.343
148.369
148.394
148.419
148.445
148.47
148.496
148.521
148.547
148.572
148.598
148.623
148.649
148.674
148.699
148.725
148.75
148.776
148.801
148.827
148.852
148.878
148.903
148.929
148.954
148.979
149.005
149.03
149.056
149.081
149.107
149.132
149.158
149.183
149.209
149.234
149.26
149.285
149.31
149.336
149.361
149.387
149.412
149.438
149.463
149.489
149.514
149.54
149.565
149.591
149.616
149.641
149.667
149.692
149.718
149.743
149.769
149.794
149.82
149.845
149.871
149.896
149.922
149.947
149.972
149.998
150.023
150.049
150.074
150.1
150.125
150.151
150.176
150.202
150.227
150.253
150.278
150.303
150.329
150.354
150.38
150.405
150.431
150.456
150.482
150.507
150.533
150.558
150.583
150.609
150.634
150.66
150.685
150.711
150.736
150.762
150.787
150.813
150.838
150.864
150.889
150.914
150.94
150.965
150.991
151.016
151.042
151.067
151.093
151.118
151.144
151.169
151.195
151.22
151.246
151.271
151.297
151.322
151.347
151.373
151.398
151.424
151.449
151.475
151.5
151.526
151.551
151.577
151.602
151.628
151.653
151.678
151.704
151.729
151.755
151.78
151.806
151.831
151.857
151.882
151.908
151.933
151.958
151.984
152.009
152.035
152.06
152.086
152.111
152.137
152.162
152.188
152.213
152.239
152.264
152.289
152.315
152.34
152.366
152.391
152.417
152.442
152.468
152.493
152.519
152.544
152.57
152.595
152.62
152.646
152.671
152.697
152.722
152.748
152.773
152.799
152.824
152.85
152.875
152.901
152.926
152.951
152.977
153.002
153.028
153.053
153.079
153.104
153.13
153.155
153.181
153.206
153.232
153.257
153.283
153.308
153.333
153.359
153.384
153.41
153.435
153.461
153.486
153.512
153.537
153.563
153.588
153.614
153.639
153.664
153.69
153.715
153.741
153.766
153.792
153.817
153.843
153.868
153.894
153.919
153.944
153.97
153.995
154.021
154.046
154.072
154.097
154.123
154.148
154.174
154.199
154.225
154.25
154.275
154.301
154.326
154.352
154.377
154.403
154.428
154.454
154.479
154.505
154.53
154.556
154.581
154.607
154.632
154.657
154.683
154.708
154.734
154.759
154.785
154.81
154.836
154.861
154.887
154.912
154.938
154.963
154.989
155.014
155.039
155.065
155.09
155.116
155.141
155.167
155.192
155.218
155.243
155.269
155.294
155.32
155.345
155.37
155.396
155.421
155.447
155.472
155.498
155.523
155.549
155.574
155.6
155.625
155.65
155.676
155.701
155.727
155.752
155.778
155.803
155.829
155.854
155.88
155.905
155.93
155.956
155.981
156.007
156.032
156.058
156.083
156.108
156.134
156.159
156.185
156.21
156.236
156.261
156.287
156.312
156.338
156.363
156.389
156.414
156.439
156.465
156.49
156.516
156.541
156.567
156.592
156.618
156.643
156.669
156.694
156.72
156.745
156.771
156.796
156.822
156.847
156.873
156.898
156.923
156.949
156.974
157
157.025
157.051
157.076
157.102
157.127
157.153
157.178
157.204
157.229
157.254
157.28
157.305
157.331
157.356
157.382
157.407
157.433
157.458
157.484
157.509
157.535
157.56
157.585
157.611
157.636
157.662
157.687
157.713
157.738
157.764
157.789
157.815
157.84
157.866
157.891
157.916
157.942
157.967
157.993
158.018
158.044
158.069
158.095
158.12
158.146
158.171
158.197
158.222
158.247
158.273
158.298
158.324
158.349
158.375
158.4
158.426
158.451
158.477
158.502
158.528
158.553
158.579
158.604
158.63
158.655
158.68
158.706
158.731
158.757
158.782
158.808
158.833
158.859
158.884
158.91
158.935
158.961
158.986
159.012
159.037
159.062
159.088
159.113
159.139
159.164
159.19
159.215
159.241
159.266
159.292
159.317
159.343
159.368
159.394
159.419
159.444
159.47
159.495
159.521
159.546
159.572
159.597
159.623
159.648
159.674
159.699
159.725
159.75
159.776
159.801
159.826
159.852
159.877
159.903
159.928
159.954
159.979
160.005
160.03
160.055
160.081
160.106
160.132
160.157
160.183
160.208
160.234
160.259
160.284
160.31
160.335
160.361
160.386
160.412
160.437
160.463
160.488
160.514
160.539
160.564
160.59
160.615
160.641
160.666
160.692
160.717
160.743
160.768
160.793
160.819
160.844
160.87
160.895
160.921
160.946
160.972
160.997
161.023
161.048
161.074
161.099
161.124
161.15
161.175
161.201
161.226
161.252
161.277
161.303
161.328
161.354
161.379
161.405
161.43
161.455
161.481
161.506
161.532
161.557
161.583
161.608
161.634
161.659
161.685
161.71
161.736
161.761
161.787
161.812
161.837
161.863
161.888
161.914
161.939
161.965
161.99
162.016
162.041
162.067
162.092
162.118
162.143
162.168
162.194
162.219
162.245
162.27
162.296
162.321
162.347
162.372
162.398
162.423
162.448
162.474
162.499
162.525
162.55
162.576
162.601
162.627
162.652
162.678
162.703
162.729
162.754
162.779
162.805
162.83
162.856
162.881
162.907
162.932
162.958
162.983
163.009
163.034
163.06
163.085
163.11
163.136
163.161
163.187
163.212
163.238
163.263
163.289
163.314
163.34
163.365
163.391
163.416
163.441
163.467
163.492
163.518
163.543
163.569
163.594
163.62
163.645
163.671
163.696
163.721
163.747
163.772
163.798
163.823
163.849
163.874
163.9
163.925
163.95
163.976
164.001
164.027
164.052
164.078
164.103
164.129
164.154
164.18
164.205
164.23
164.256
164.281
164.307
164.332
164.358
164.383
164.409
164.434
164.459
164.485
164.51
164.536
164.561
164.587
164.612
164.638
164.663
164.689
164.714
164.739
164.765
164.79
164.816
164.841
164.867
164.892
164.918
164.943
164.969
164.994
165.019
165.045
165.07
165.096
165.121
165.147
165.172
165.198
165.223
165.249
165.274
165.299
165.325
165.35
165.376
165.401
165.427
165.452
165.478
165.503
165.529
165.554
165.579
165.605
165.63
165.656
165.681
165.707
165.732
165.758
165.783
165.808
165.834
165.859
165.885
165.91
165.936
165.961
165.987
166.012
166.038
166.063
166.089
166.114
166.139
166.165
166.19
166.216
166.241
166.267
166.292
166.318
166.343
166.369
166.394
166.419
166.445
166.47
166.496
166.521
166.547
166.572
166.598
166.623
166.649
166.674
166.699
166.725
166.75
166.776
166.801
166.827
166.852
166.878
166.903
166.929
166.954
166.98
167.005
167.03
167.056
167.081
167.107
167.132
167.158
167.183
167.209
167.234
167.26
167.285
167.31
167.336
167.361
167.387
167.412
167.438
167.463
167.489
167.514
167.54
167.565
167.591
167.616
167.642
167.667
167.692
167.718
167.743
167.769
167.794
167.82
167.845
167.871
167.896
167.922
167.947
167.973
167.998
168.024
168.049
168.074
168.1
168.125
168.151
168.176
168.202
168.227
168.253
168.278
168.303
168.329
168.354
168.38
168.405
168.431
168.456
168.482
168.507
168.533
168.558
168.584
168.609
168.635
168.66
168.685
168.711
168.736
168.762
168.787
168.813
168.838
168.864
168.889
168.915
168.94
168.965
168.991
169.016
169.042
169.067
169.093
169.118
169.144
169.169
169.195
169.22
169.246
169.271
169.296
169.322
169.347
169.373
169.398
169.424
169.449
169.475
169.5
169.526
169.551
169.577
169.602
169.627
169.653
169.678
169.704
169.729
169.755
169.78
169.806
169.831
169.857
169.882
169.908
169.933
169.958
169.984
170.009
170.035
170.06
170.086
170.111
170.137
170.162
170.187
170.213
170.238
170.264
170.289
170.315
170.34
170.366
170.391
170.416
170.442
170.467
170.493
170.518
170.544
170.569
170.595
170.62
170.645
170.671
170.696
170.722
170.747
170.773
170.798
170.823
170.849
170.874
170.9
170.925
170.951
170.976
171.002
171.027
171.052
171.078
171.103
171.129
171.154
171.18
171.205
171.231
171.256
171.281
171.307
171.332
171.358
171.383
171.409
171.434
171.46
171.485
171.51
171.536
171.561
171.587
171.612
171.638
171.663
171.689
171.714
171.74
171.765
171.79
171.816
171.841
171.867
171.892
171.918
171.943
171.969
171.994
172.02
172.045
172.071
172.096
172.122
172.147
172.172
172.198
172.223
172.249
172.274
172.3
172.325
172.351
172.376
172.402
172.427
172.452
172.478
172.503
172.529
172.554
172.58
172.605
172.631
172.656
172.682
172.707
172.732
172.758
172.783
172.809
172.834
172.86
172.885
172.911
172.936
172.962
172.987
173.012
173.038
173.063
173.089
173.114
173.14
173.165
173.191
173.216
173.242
173.267
173.293
173.318
173.347
173.373
173.398
173.424
173.449
173.475
173.5
173.526
173.551
173.577
173.602
173.628
173.653
173.678
173.704
173.729
173.755
173.78
173.806
173.831
173.857
173.882
173.908
173.933
173.958
173.984
174.009
174.035
174.06
174.086
174.111
174.137
174.162
174.188
174.213
174.239
174.264
174.289
174.315
174.34
174.366
174.391
174.417
174.442
174.468
174.493
174.519
174.544
174.569
174.595
174.62
174.646
174.671
174.697
174.722
174.748
174.773
174.799
174.824
174.849
174.875
174.9
174.926
174.951
174.977
175.002
175.028
175.053
175.078
175.104
175.129
175.155
175.18
175.206
175.231
175.257
175.282
175.308
175.333
175.358
175.384
175.409
175.435
175.46
175.486
175.511
175.537
175.562
175.587
175.613
175.638
175.664
175.689
175.715
175.74
175.766
175.791
175.816
175.842
175.867
175.893
175.918
175.944
175.969
175.995
176.02
176.046
176.071
176.096
176.122
176.147
176.173
176.198
176.224
176.249
176.275
176.3
176.326
176.351
176.376
176.402
176.427
176.453
176.478
176.504
176.529
176.555
176.58
176.606
176.631
176.656
176.682
176.707
176.733
176.758
176.784
176.809
176.835
176.86
176.886
176.911
176.936
176.962
176.987
177.013
177.038
177.064
177.089
177.115
177.14
177.166
177.191
177.217
177.242
177.267
177.293
177.318
177.344
177.369
177.395
177.42
177.446
177.471
177.497
177.522
177.548
177.573
177.599
177.624
177.649
177.675
177.7
177.726
177.751
177.777
177.802
177.828
177.853
177.879
177.904
177.929
177.955
177.98
178.006
178.031
178.057
178.082
178.108
178.133
178.159
178.184
178.209
178.235
178.26
178.286
178.311
178.337
178.362
178.388
178.413
178.439
178.464
178.49
178.515
178.54
178.566
178.591
178.617
178.642
178.668
178.693
178.719
178.744
178.77
178.795
178.821
178.846
178.872
178.897
178.922
178.948
178.973
178.999
179.024
179.05
179.075
179.101
179.126
179.152
179.177
179.202
179.228
179.253
179.279
179.304
179.33
179.355
179.381
179.406
179.432
179.457
179.483
179.508
179.534
179.559
179.584
179.61
179.635
179.661
179.686
179.712
179.737
179.763
179.788
179.813
179.839
179.864
179.89
179.915
179.941
179.966
179.992
180.017
180.043
180.068
180.093
180.119
180.144
180.17
180.195
180.221
180.246
180.272
180.297
180.323
180.348
180.373
180.399
180.424
180.45
180.475
180.501
180.526
180.552
180.577
180.603
180.628
180.654
180.679
180.704
180.73
180.755
180.781
180.806
180.832
180.857
180.883
180.908
180.934
180.959
180.985
181.01
181.036
181.061
181.086
181.112
181.137
181.163
181.188
181.214
181.239
181.265
181.29
181.316
181.341
181.367
181.392
181.417
181.443
181.468
181.494
181.519
181.545
181.57
181.596
181.621
181.647
181.672
181.698
181.723
181.748
181.774
181.799
181.825
181.85
181.876
181.901
181.927
181.952
181.977
182.003
182.028
182.054
182.079
182.105
182.13
182.156
182.181
182.207
182.232
182.258
182.283
182.308
182.334
182.359
182.385
182.41
182.436
182.461
182.487
182.512
182.538
182.563
182.589
182.614
182.64
182.665
182.691
182.716
182.741
182.767
182.792
182.818
182.843
182.869
182.894
182.92
182.945
182.971
182.996
183.022
183.047
183.073
183.098
183.123
183.149
183.174
183.2
183.225
183.251
183.276
183.302
183.327
183.353
183.378
183.403
183.429
183.454
183.48
183.505
183.531
183.556
183.582
183.607
183.633
183.658
183.684
183.709
183.734
183.76
183.785
183.811
183.836
183.862
183.887
183.913
183.938
183.964
183.989
184.014
184.04
184.065
184.091
184.116
184.142
184.167
184.193
184.218
184.244
184.269
184.294
184.32
184.345
184.371
184.396
184.422
184.447
184.473
184.498
184.523
184.549
184.574
184.6
184.625
184.651
184.676
184.702
184.727
184.752
184.778
184.803
184.829
184.854
184.88
184.905
184.931
184.956
184.981
185.007
185.032
185.058
185.083
185.109
185.134
185.16
185.185
185.211
185.236
185.261
185.287
185.312
185.338
185.363
185.389
185.414
185.44
185.465
185.49
185.516
185.541
185.567
185.592
185.618
185.643
185.669
185.694
185.719
185.745
185.77
185.796
185.821
185.847
185.872
185.898
185.923
185.948
185.974
185.999
186.025
186.05
186.076
186.101
186.127
186.152
186.177
186.203
186.228
186.254
186.279
186.304
186.33
186.355
186.381
186.406
186.432
186.457
186.483
186.508
186.533
186.559
186.584
186.61
186.635
186.661
186.686
186.711
186.737
186.762
186.788
186.813
186.839
186.864
186.889
186.915
186.94
186.966
186.991
187.017
187.042
187.068
187.093
187.118
187.144
187.169
187.195
187.22
187.246
187.271
187.296
187.322
187.347
187.373
187.398
187.424
187.449
187.475
187.5
187.525
187.551
187.576
187.602
187.627
187.653
187.678
187.704
187.729
187.754
187.78
187.805
187.831
187.856
187.882
187.907
187.933
187.958
187.983
188.009
188.034
188.06
188.085
188.111
188.136
188.162
188.187
188.212
188.238
188.263
188.289
188.314
188.34
188.365
188.391
188.416
188.441
188.467
188.492
188.518
188.543
188.569
188.594
188.62
188.645
188.67
188.696
188.721
188.747
188.772
188.798
188.823
188.849
188.874
188.899
188.925
188.95
188.976
189.001
189.027
189.052
189.077
189.103
189.128
189.154
189.179
189.205
189.23
189.256
189.281
189.306
189.332
189.357
189.383
189.408
189.434
189.459
189.485
189.51
189.535
189.561
189.586
189.612
189.637
189.663
189.688
189.714
189.739
189.764
189.79
189.815
189.841
189.866
189.892
189.917
189.942
189.968
189.993
190.019
190.044
190.07
190.095
190.121
190.146
190.171
190.197
190.222
190.248
190.273
190.299
190.324
190.349
190.375
190.4
190.426
190.451
190.477
190.502
190.528
190.553
190.578
190.604
190.629
190.655
190.68
190.706
190.731
190.756
190.782
190.807
190.833
190.858
190.884
190.909
190.935
190.96
190.985
191.011
191.036
191.062
191.087
191.113
191.138
191.164
191.189
191.214
191.24
191.265
191.291
191.316
191.342
191.367
191.393
191.418
191.443
191.469
191.494
191.52
191.545
191.571
191.596
191.622
191.647
191.672
191.698
191.723
191.749
191.774
191.8
191.825
191.851
191.876
191.901
191.927
191.952
191.978
192.003
192.029
192.054
192.08
192.105
192.131
192.156
192.181
192.207
192.232
192.258
192.283
192.309
192.334
192.359
192.385
192.41
192.436
192.461
192.487
192.512
192.538
192.563
192.588
192.614
192.639
192.665
192.69
192.716
192.741
192.767
192.792
192.817
192.843
192.868
192.894
192.919
192.945
192.97
192.996
193.021
193.046
193.072
193.097
193.123
193.148
193.174
193.199
193.224
193.25
193.275
193.301
193.326
193.352
193.377
193.403
193.428
193.453
193.479
193.504
193.53
193.555
193.581
193.606
193.632
193.657
193.682
193.708
193.733
193.759
193.784
193.81
193.835
193.861
193.886
193.911
193.937
193.962
193.988
194.013
194.039
194.064
194.089
194.115
194.14
194.166
194.191
194.217
194.242
194.267
194.293
194.318
194.344
194.369
194.395
194.42
194.446
194.471
194.496
194.522
194.547
194.573
194.598
194.624
194.649
194.675
194.7
194.725
194.751
194.776
194.802
194.827
194.853
194.878
194.903
194.929
194.954
194.98
195.005
195.031
195.056
195.081
195.107
195.132
195.158
195.183
195.209
195.234
195.26
195.285
195.31
195.336
195.361
195.387
195.412
195.438
195.463
195.489
195.514
195.539
195.565
195.59
195.616
195.641
195.667
195.692
195.717
195.743
195.768
195.794
195.819
195.844
195.87
195.895
195.921
195.946
195.972
195.997
196.023
196.048
196.074
196.099
196.124
196.15
196.175
196.201
196.226
196.252
196.277
196.303
196.328
196.353
196.379
196.404
196.43
196.455
196.481
196.506
196.532
196.557
196.582
196.608
196.633
196.659
196.684
196.71
196.735
196.761
196.786
196.811
196.837
196.862
196.888
196.913
196.939
196.964
196.99
197.015
197.04
197.066
197.091
197.117
197.142
197.168
197.193
197.219
197.244
197.269
197.295
197.32
197.346
197.371
197.397
197.422
197.448
197.473
197.498
197.524
197.549
197.575
197.6
197.626
197.651
197.677
197.702
197.727
197.753
197.778
197.804
197.829
197.855
197.88
197.905
197.931
197.956
197.982
198.007
198.033
198.058
198.084
198.109
198.134
198.16
198.185
198.211
198.236
198.262
198.287
198.313
198.338
198.364
198.389
198.414
198.44
198.465
198.491
198.516
198.542
198.567
198.592
198.618
198.643
198.669
198.694
198.72
198.745
198.771
198.796
198.821
198.847
198.872
198.898
198.923
198.948
198.974
198.999
199.025
199.05
199.075
199.101
199.126
199.152
199.177
199.202
199.228
199.253
199.279
199.304
199.329
199.355
199.38
199.406
199.431
199.456
199.482
199.507
199.533
199.558
199.583
199.609
199.634
199.66
199.685
199.71
199.736
199.761
199.786
199.812
199.837
199.863
199.888
199.913
199.939
199.964
199.99
200.015
200.04
200.066
200.091
200.117
200.142
200.167
200.193
200.218
200.244
200.269
200.294
200.32
200.345
200.37
200.396
200.421
200.447
200.472
200.497
200.523
200.548
200.574
200.599
200.624
200.65
200.675
200.701
200.726
200.751
200.777
200.802
200.827
200.853
200.878
200.904
200.929
200.954
200.98
201.005
201.031
201.056
201.081
201.107
201.132
201.157
201.183
201.208
201.234
201.259
201.284
201.31
201.335
201.361
201.386
201.411
201.437
201.462
201.488
201.513
201.538
201.564
201.589
201.614
201.64
201.665
201.691
201.716
201.741
201.767
201.792
201.818
201.843
201.868
201.894
201.919
201.944
201.97
201.995
202.021
202.046
202.071
202.097
202.122
202.147
202.173
202.198
202.224
202.249
202.274
202.3
202.325
202.35
202.376
202.401
202.427
202.452
202.477
202.503
202.528
202.553
202.579
202.604
202.629
202.655
202.68
202.706
202.731
202.756
202.782
202.807
202.832
202.858
202.883
202.908
202.934
202.959
202.984
203.01
203.035
203.06
203.086
203.111
203.137
203.162
203.187
203.213
203.238
203.263
203.289
203.314
203.339
203.364
203.39
203.415
203.441
203.466
203.491
203.516
203.542
203.567
203.593
203.618
203.643
203.669
203.694
203.719
203.744
203.77
203.795
203.82
203.846
203.871
203.897
203.922
203.947
203.972
203.998
204.023
204.048
204.074
204.099
204.124
204.15
204.175
204.201
204.226
204.251
204.277
204.302
204.327
204.353
204.378
204.403
204.429
204.454
204.479
204.505
204.53
204.555
204.581
204.606
204.631
204.657
204.682
204.708
204.733
204.758
204.784
204.809
204.834
204.86
204.885
204.91
204.936
204.961
204.986
205.012
205.037
205.063
205.088
205.113
205.139
205.164
205.189
205.215
205.24
205.265
205.291
205.316
205.341
205.367
205.392
205.417
205.443
205.468
205.493
205.518
205.544
205.569
205.594
205.62
205.645
205.67
205.695
205.721
205.746
205.771
205.797
205.822
205.847
205.872
205.898
205.923
205.948
205.974
205.999
206.024
206.05
206.075
206.1
206.125
206.151
206.176
206.201
206.226
206.252
206.277
206.302
206.327
206.352
206.378
206.403
206.428
206.453
206.479
206.504
206.529
206.554
206.58
206.605
206.63
206.655
206.681
206.706
206.732
206.757
206.782
206.808
206.833
206.859
206.884
206.909
206.935
206.96
206.986
207.011
207.036
207.062
207.087
207.113
207.138
207.164
207.189
207.214
207.24
207.265
207.291
207.316
207.341
207.367
207.392
207.418
207.443
207.468
207.494
207.519
207.545
207.57
207.596
207.621
207.647
207.672
207.698
207.723
207.748
207.773
207.798
207.824
207.849
207.874
207.899
207.924
207.949
207.975
208
208.025
208.05
208.075
208.1
208.126
208.151
208.176
208.201
208.226
208.251
208.276
208.302
208.327
208.352
208.377
208.402
208.427
208.453
208.478
208.503
208.528
208.553
208.578
