32.6089
0
0
173.306
179.716
182.883
182.592
186.317
189.221
188.568
188.023
188.022
188.016
188.009
187.996
187.982
187.958
187.933
187.907
187.875
187.84
187.801
187.755
187.708
187.657
187.603
187.57
187.521
187.468
187.414
187.357
187.297
187.232
187.162
187.094
187.019
186.942
186.864
186.778
186.697
186.601
186.513
186.422
186.329
186.235
186.129
186.022
185.924
185.82
185.712
185.589
185.461
185.328
185.188
185.052
184.92
184.795
184.681
184.581
184.475
184.358
184.245
184.138
184.013
183.886
183.779
183.648
183.532
183.39
183.245
183.109
182.955
182.798
182.635
182.473
182.314
182.148
181.978
181.8
181.626
181.451
181.273
181.099
180.923
180.741
180.559
180.366
180.175
179.979
179.797
179.614
179.428
179.235
179.045
178.853
178.665
178.468
178.26
178.062
177.834
177.604
177.387
177.151
176.914
176.678
176.445
176.211
175.969
175.734
175.495
175.262
175.023
174.772
174.535
174.293
174.063
173.816
173.579
173.367
173.157
172.946
172.729
172.518
172.313
172.095
171.871
171.665
171.446
171.219
170.99
170.759
170.534
170.31
170.086
169.859
169.628
169.406
169.177
168.954
168.739
168.516
168.297
168.064
167.839
167.618
167.39
167.164
166.929
166.695
166.469
166.244
166.012
165.798
165.596
165.413
165.211
165.012
164.812
164.621
164.415
164.214
164.006
163.818
163.651
163.498
163.336
163.168
163.016
162.869
162.703
162.552
162.396
162.239
162.077
161.913
161.761
161.594
161.419
161.255
161.085
160.926
160.766
160.607
160.448
160.28
160.108
159.945
159.775
159.599
159.419
159.245
159.071
158.892
158.717
158.535
158.36
158.206
158.052
157.889
157.729
157.575
157.413
157.268
157.108
156.967
156.836
156.744
156.674
156.594
156.515
156.426
156.328
156.238
156.143
156.047
155.957
155.863
155.769
155.688
155.611
155.536
155.456
155.374
155.303
155.216
155.13
155.041
154.946
154.831
154.743
154.646
154.572
154.472
154.358
154.278
154.183
154.086
153.988
153.889
153.796
153.683
153.558
153.452
153.389
153.312
153.25
153.204
153.152
153.12
153.079
153.044
152.935
152.847
152.773
152.665
152.569
152.47
152.385
152.278
152.198
152.202
152.22
152.196
152.191
152.232
152.207
152.254
152.329
152.408
152.464
152.543
152.552
152.63
152.622
152.646
152.694
152.676
152.727
152.701
152.715
152.715
152.723
152.71
152.718
152.694
152.693
152.663
152.638
152.619
152.587
152.545
152.525
152.46
152.42
152.388
152.334
152.287
152.237
152.2
152.105
152.092
151.995
151.98
151.906
151.85
151.811
151.734
151.655
151.614
151.518
151.498
151.42
151.361
151.264
151.193
151.093
150.992
150.888
150.819
150.749
150.708
150.666
150.587
150.598
150.647
150.682
150.714
150.71
150.724
150.705
150.705
150.628
150.62
150.598
150.552
150.552
150.579
150.615
150.633
150.665
150.682
150.697
150.706
150.715
150.757
150.773
150.78
150.795
150.787
150.88
150.971
151.079
151.185
151.254
151.372
151.459
151.584
151.673
151.73
151.814
151.872
151.95
151.977
152.055
152.087
152.143
152.195
152.256
152.301
152.347
152.404
152.447
152.506
152.552
152.595
152.652
152.739
152.784
152.826
152.877
152.891
152.931
152.949
153.027
153.12
153.192
153.248
153.292
153.352
153.407
153.465
153.508
153.578
153.675
153.703
153.763
153.799
153.813
153.837
153.886
153.907
153.927
153.98
154.065
154.116
154.198
154.296
154.349
154.452
154.563
154.622
154.716
154.765
154.864
154.911
154.979
155.057
155.118
155.184
155.241
155.291
155.344
155.37
155.429
155.464
155.478
155.501
155.538
155.543
155.535
155.537
155.547
155.569
155.553
155.537
155.539
155.523
155.508
155.464
155.504
155.457
155.426
155.436
155.415
155.417
155.396
155.383
155.349
155.285
155.24
155.189
155.126
155.076
155.004
154.936
154.861
154.813
154.744
154.673
154.613
154.512
154.441
154.437
154.423
154.432
154.426
154.416
154.426
154.428
154.409
154.408
154.387
154.348
154.317
154.291
154.251
154.243
154.257
154.267
154.251
154.249
154.258
154.24
154.252
154.239
154.244
154.229
154.224
154.215
154.184
154.169
154.158
154.138
154.132
154.113
154.074
154.041
154.02
153.969
153.944
153.889
153.814
153.766
153.708
153.634
153.576
153.559
153.535
153.537
153.537
153.529
153.528
153.543
153.577
153.554
153.553
153.547
153.538
153.546
153.529
153.516
153.545
153.519
153.479
153.465
153.441
153.445
153.452
153.422
153.435
153.387
153.398
153.363
153.323
153.287
153.238
153.189
153.134
153.092
153.049
152.998
152.934
152.888
152.855
152.764
152.683
152.631
152.54
152.49
152.398
152.348
152.296
152.276
152.217
152.172
152.156
152.131
152.099
152.085
152.045
152.045
152.006
151.988
151.969
151.938
151.911
151.894
151.848
151.825
151.798
151.743
151.695
151.679
151.63
151.616
151.585
151.566
151.548
151.519
151.485
151.44
151.416
151.404
151.356
151.317
151.291
151.251
151.193
151.153
151.105
151.073
151.036
150.978
150.931
150.881
150.818
150.789
150.716
150.679
150.654
150.626
150.587
150.571
150.5
150.459
150.393
150.336
150.303
150.317
150.306
150.312
150.308
150.343
150.382
150.457
150.479
150.517
150.538
150.563
150.569
150.588
150.589
150.602
150.596
150.597
150.538
150.424
150.401
150.354
150.315
150.285
150.244
150.217
150.167
150.131
150.1
150.097
150.14
150.107
150.149
150.145
150.113
150.016
149.941
149.926
149.868
149.812
149.738
149.72
149.751
149.8
149.816
149.795
149.767
149.752
149.755
149.746
149.754
149.83
149.861
149.878
149.951
149.982
150.036
150.079
150.112
150.135
150.188
150.238
150.316
150.423
150.507
150.623
150.739
150.807
150.933
151.009
151.108
151.216
151.306
151.372
151.472
151.554
151.613
151.682
151.751
151.822
151.896
151.939
152.031
152.135
152.246
152.317
152.393
152.507
152.587
152.686
152.79
152.859
152.947
153.028
153.081
153.198
153.239
153.284
153.355
153.367
153.43
153.471
153.536
153.579
153.635
153.685
153.748
153.792
153.841
153.917
153.975
154.061
154.087
154.118
154.159
154.219
154.246
154.262
154.268
154.305
154.296
154.308
154.348
154.402
154.447
154.5
154.535
154.566
154.62
154.681
154.719
154.732
154.789
154.828
154.864
154.873
154.925
154.941
154.962
154.976
154.988
154.989
155.006
155.012
155.02
155.016
155.013
155.034
155.021
155.036
155.045
155.046
155.052
155.036
155.045
154.997
154.962
154.943
154.888
154.868
154.811
154.829
154.786
154.762
154.734
154.717
154.706
154.687
154.667
154.622
154.589
154.524
154.463
154.429
154.339
154.315
154.291
154.302
154.252
154.225
154.17
154.093
154.01
153.91
153.841
153.763
153.7
153.706
153.671
153.639
153.582
153.542
153.541
153.504
153.499
153.464
153.417
153.379
153.333
153.301
153.278
153.228
153.19
153.123
153.08
153.016
152.975
152.94
152.912
152.879
152.863
152.823
152.793
152.78
152.757
152.728
152.683
152.672
152.619
152.554
152.503
152.431
152.385
152.32
152.256
152.167
152.1
152.024
151.996
151.978
151.981
151.959
151.982
151.933
151.93
151.924
151.928
151.908
151.877
151.856
151.83
151.763
151.746
151.706
151.697
151.634
151.521
151.436
151.373
151.294
151.211
151.186
151.133
151.075
151.006
150.932
150.86
150.773
150.707
150.598
150.493
150.396
150.352
150.295
150.257
150.209
150.174
150.125
150.095
150.072
150.041
150.001
149.996
149.973
149.946
149.926
149.898
149.872
149.871
149.827
149.826
149.808
149.821
149.822
149.825
149.876
149.876
149.884
149.912
149.897
149.909
149.926
149.945
149.938
149.928
149.972
149.977
150.02
150.067
150.115
150.182
150.247
150.276
150.342
150.429
150.504
150.555
150.592
150.617
150.665
150.702
150.729
150.767
150.803
150.849
150.891
150.922
150.923
150.98
150.996
151.003
151.116
151.152
151.197
151.225
151.234
151.29
151.327
151.343
151.391
151.439
151.523
151.565
151.622
151.658
151.663
151.673
151.649
151.638
151.606
151.584
151.596
151.649
151.681
151.721
151.765
151.797
151.868
151.871
151.88
151.879
151.863
151.892
151.861
151.893
151.923
151.95
151.983
151.973
151.971
151.967
151.978
151.95
151.959
151.926
151.93
151.927
151.895
151.894
151.951
152.005
152.034
152.07
152.16
152.253
152.364
152.497
152.581
152.681
152.757
152.851
152.898
152.966
152.997
153.08
153.113
153.124
153.186
153.218
153.245
153.287
153.316
153.366
153.374
153.415
153.428
153.477
153.502
153.527
153.581
153.598
153.651
153.671
153.696
153.741
153.782
153.881
154.005
154.058
154.147
154.192
154.307
154.377
154.453
154.537
154.578
154.684
154.72
154.801
154.823
154.904
154.948
154.942
154.978
154.973
155.027
155.007
154.997
155.009
155.003
154.985
155.021
154.994
154.997
154.984
154.951
154.959
154.956
154.938
154.925
154.901
154.886
154.861
154.835
154.794
154.768
154.705
154.661
154.65
154.627
154.627
154.6
154.555
154.545
154.497
154.479
154.479
154.505
154.53
154.534
154.533
154.53
154.567
154.597
154.619
154.618
154.631
154.631
154.63
154.631
154.63
154.615
154.588
154.559
154.527
154.481
154.468
154.442
154.427
154.371
154.306
154.228
154.158
154.097
154.024
153.954
153.901
153.847
153.775
153.728
153.673
153.614
153.536
153.47
153.401
153.334
153.233
153.165
153.051
152.966
152.893
152.812
152.763
152.696
152.626
152.562
152.487
152.42
152.341
152.286
152.22
152.145
152.06
152.008
151.966
151.883
151.877
151.846
151.792
151.752
151.698
151.663
151.619
151.582
151.544
151.51
151.437
151.386
151.352
151.269
151.215
151.156
151.122
151.122
151.11
151.097
151.079
151.059
151.046
151.043
151.029
151.009
151.008
150.985
150.959
150.962
150.943
150.932
150.935
150.944
150.936
150.931
150.921
150.93
150.915
150.909
150.908
150.881
150.893
150.898
150.865
150.843
150.813
150.787
150.754
150.736
150.735
150.706
150.697
150.693
150.693
150.678
150.659
150.652
150.625
150.584
150.603
150.546
150.541
150.558
150.555
150.564
150.565
150.57
150.599
150.598
150.582
150.62
150.616
150.638
150.628
150.617
150.627
150.621
150.623
150.613
150.616
150.611
150.641
150.627
150.659
150.658
150.685
150.651
150.663
150.658
150.718
150.714
150.701
150.726
150.722
150.721
150.728
150.7
150.754
150.749
150.756
150.733
150.753
150.739
150.735
150.721
150.719
150.705
150.705
150.694
150.698
150.648
150.644
150.613
150.574
150.542
150.553
150.548
150.607
150.63
150.697
150.693
150.701
150.711
150.715
150.733
150.721
150.755
150.799
150.815
150.844
150.885
150.89
150.912
150.985
151.072
151.155
151.228
151.294
151.341
151.404
151.458
151.506
151.532
151.566
151.594
151.654
151.691
151.734
151.765
151.801
151.867
151.92
151.991
152.027
152.091
152.163
152.197
152.253
152.301
152.365
152.408
152.447
152.507
152.529
152.568
152.58
152.619
152.642
152.658
152.678
152.689
152.688
152.711
152.714
152.715
152.724
152.733
152.743
152.759
152.769
152.804
152.804
152.815
152.818
152.792
152.798
152.793
152.78
152.753
152.742
152.725
152.713
152.714
152.737
152.721
152.728
152.753
152.766
152.787
152.809
152.841
152.875
152.918
152.925
152.963
152.988
153.016
153.03
153.044
153.066
153.093
153.122
153.153
153.123
153.142
153.16
153.162
153.174
153.174
153.199
153.189
153.171
153.168
153.151
153.121
153.088
153.059
153.005
152.951
152.916
152.863
152.833
152.803
152.779
152.745
152.684
152.65
152.612
152.568
152.541
152.512
152.511
152.55
152.559
152.574
152.588
152.608
152.657
152.628
152.642
152.634
152.642
152.62
152.665
152.705
152.733
152.758
152.784
152.773
152.816
152.817
152.834
152.847
152.837
152.87
152.866
152.873
152.859
152.851
152.839
152.827
152.817
152.812
152.871
152.883
152.875
152.854
152.854
152.85
152.822
152.826
152.84
152.816
152.789
152.782
152.792
152.721
152.697
152.686
152.619
152.588
152.551
152.523
152.461
152.463
152.456
152.393
152.353
152.326
152.292
152.231
152.221
152.161
152.128
152.068
152.043
151.987
151.95
151.934
151.927
151.905
151.858
151.89
151.905
151.882
151.905
151.89
151.875
151.872
151.875
151.873
151.871
151.848
151.855
151.854
151.847
151.828
151.835
151.853
151.853
151.894
151.913
151.958
152.034
152.14
152.245
152.374
152.497
152.61
152.737
152.819
152.937
153.054
153.143
153.219
153.342
153.413
153.45
153.508
153.557
153.613
153.674
153.654
153.731
153.726
153.757
153.788
153.786
153.836
153.905
153.965
153.999
154.082
154.122
154.169
154.211
154.241
154.247
154.224
154.238
154.216
154.207
154.191
154.175
154.141
154.105
154.088
154.048
154.038
153.968
153.929
153.894
153.851
153.813
153.764
153.653
153.604
153.53
153.49
153.416
153.33
153.252
153.166
153.084
153.028
152.953
152.914
152.897
152.849
152.877
152.98
153.09
153.13
153.228
153.293
153.347
153.362
153.401
153.422
153.45
153.445
153.432
153.393
153.411
153.385
153.4
153.379
153.357
153.331
153.32
153.278
153.25
153.206
153.175
153.143
153.088
153.061
153.014
152.993
152.958
152.911
152.861
152.835
152.807
152.757
152.71
152.681
152.631
152.557
152.523
152.492
152.435
152.384
152.337
152.266
152.206
152.16
152.072
152.022
151.937
151.87
151.805
151.722
151.621
151.549
151.46
151.38
151.305
151.252
151.202
151.176
151.116
151.073
151.021
150.965
150.913
150.84
150.844
150.817
150.743
150.686
150.66
150.622
150.563
150.516
150.446
150.375
150.331
150.275
150.225
150.187
150.14
150.151
150.083
150.053
150.031
150.004
149.985
149.974
149.934
149.934
149.894
149.889
149.865
149.867
149.853
149.825
149.813
149.81
149.788
149.767
149.743
149.709
149.703
149.688
149.693
149.715
149.74
149.761
149.756
149.752
149.77
149.773
149.815
149.853
149.871
149.894
149.917
149.914
149.901
149.919
149.927
149.924
149.941
149.963
149.973
150.007
150.014
150.05
150.024
149.998
149.98
149.981
149.975
149.941
149.928
149.915
149.878
149.828
149.808
149.796
149.759
149.748
149.74
149.767
149.853
149.908
149.98
150.075
150.172
150.309
150.433
150.529
150.663
150.84
151.016
151.172
151.359
151.489
151.706
151.837
152.007
152.129
152.312
152.496
152.669
152.821
152.994
153.147
153.326
153.463
153.591
153.754
153.903
154.056
154.183
154.306
154.458
154.558
154.714
154.855
154.942
155.036
155.131
155.253
155.331
155.458
155.539
155.626
155.736
155.796
155.878
155.938
156.025
156.075
156.158
156.224
156.262
156.255
156.278
156.294
156.293
156.293
156.362
156.383
156.407
156.451
156.436
156.435
156.428
156.408
156.439
156.466
156.501
156.515
156.514
156.527
156.51
156.475
156.483
156.437
156.412
156.373
156.324
156.317
156.263
156.263
156.199
156.179
156.133
156.097
156.056
155.994
155.933
155.884
155.792
155.721
155.658
155.566
155.502
155.421
155.371
155.319
155.274
155.23
155.178
155.149
155.105
155.006
154.968
154.913
154.863
154.78
154.728
154.661
154.666
154.616
154.552
154.473
154.428
154.369
154.308
154.264
154.194
154.143
154.072
153.987
153.932
153.873
153.815
153.738
153.664
153.582
153.501
153.432
153.344
153.262
153.187
153.102
153.03
152.95
152.913
152.858
152.786
152.721
152.673
152.601
152.516
152.458
152.391
152.3
152.188
152.084
151.971
151.88
151.791
151.701
151.593
151.504
151.414
151.324
151.22
151.142
151.063
150.967
150.886
150.788
150.716
150.648
150.562
150.49
150.415
150.331
150.265
150.18
150.112
150.071
150.097
150.122
150.151
150.186
150.198
150.219
150.233
150.29
150.263
150.247
150.257
150.256
150.236
150.209
150.192
150.199
150.205
150.188
150.189
150.196
150.171
150.175
150.195
150.208
150.21
150.21
150.226
150.257
150.303
150.333
150.314
150.325
150.359
150.389
150.467
150.565
150.664
150.714
150.822
150.919
151.031
151.142
151.265
151.384
151.492
151.592
151.665
151.764
151.847
151.924
151.983
152.043
152.119
152.168
152.226
152.281
152.293
152.309
152.317
152.368
152.381
152.402
152.413
152.434
152.443
152.462
152.455
152.444
152.463
152.428
152.412
152.39
152.365
152.344
152.302
152.308
152.291
152.276
152.235
152.213
152.144
152.115
152.098
152.045
152.019
151.977
151.926
151.884
151.818
151.74
151.671
151.608
151.53
151.47
151.401
151.314
151.217
151.155
151.069
151.01
150.981
150.91
150.841
150.75
150.713
150.653
150.552
150.464
150.405
150.332
150.239
150.186
150.153
150.118
150.105
150.039
149.985
149.916
149.842
149.797
149.761
149.779
149.793
149.793
149.786
149.76
149.701
149.661
149.615
149.615
149.617
149.604
149.604
149.588
149.562
149.525
149.465
149.421
149.376
149.317
149.285
149.219
149.173
149.12
149.06
149.026
148.965
148.916
148.935
148.935
148.928
148.896
148.907
148.931
148.925
148.965
148.976
148.984
148.996
148.988
149
149.005
149.097
149.139
149.23
149.319
149.379
149.446
149.504
149.555
149.615
149.656
149.677
149.766
149.831
149.908
149.968
150.036
150.117
150.227
150.329
150.465
150.571
150.679
150.748
150.795
150.853
150.901
150.951
150.969
150.969
151.011
150.985
151.056
151.149
151.198
151.307
151.331
151.422
151.472
151.53
151.585
151.627
151.676
151.729
151.748
151.765
151.774
151.794
151.814
151.825
151.817
151.841
151.851
151.866
151.865
151.843
151.852
151.858
151.839
151.849
151.822
151.821
151.789
151.783
151.778
151.772
151.772
151.751
151.729
151.716
151.717
151.705
151.692
151.722
151.703
151.594
151.426
151.481
151.52
151.547
151.637
151.749
151.861
151.93
152.047
152.126
152.207
152.298
152.355
152.428
152.52
152.588
152.698
152.825
152.919
153.01
153.129
153.199
153.261
153.33
153.404
153.464
153.553
153.614
153.63
153.672
153.688
153.758
153.771
153.786
153.795
153.796
153.806
153.825
153.906
153.941
154.005
154.086
154.151
154.246
154.269
154.343
154.381
154.419
154.467
154.526
154.566
154.623
154.682
154.735
154.747
154.784
154.81
154.821
154.831
154.866
154.912
154.944
154.957
154.995
155.025
155.037
155.031
155.073
155.142
155.219
155.303
155.302
155.319
155.326
155.333
155.333
155.324
155.334
155.346
155.362
155.394
155.409
155.446
155.471
155.477
155.509
155.48
155.495
155.517
155.505
155.485
155.456
155.428
155.416
155.373
155.369
155.33
155.277
155.223
155.214
155.186
155.171
155.153
155.169
155.145
155.12
155.115
155.113
155.094
155.067
155.018
154.993
154.943
154.921
154.876
154.85
154.817
154.79
154.759
154.692
154.678
154.634
154.605
154.589
154.587
154.552
154.54
154.526
154.525
154.492
154.482
154.465
154.426
154.378
154.36
154.27
154.267
154.224
154.204
154.145
154.114
154.087
154.03
153.991
153.977
153.906
153.918
153.917
153.887
153.922
153.929
153.951
153.948
153.968
153.98
154.053
154.099
154.133
154.156
154.187
154.216
154.267
154.275
154.299
154.328
154.333
154.34
154.337
154.291
154.256
154.215
154.18
154.126
154.095
154.118
154.108
154.091
154.058
154.042
154.016
153.981
153.957
153.922
153.877
153.846
153.787
153.739
153.665
153.582
153.516
153.54
153.525
153.536
153.54
153.54
153.507
153.489
153.459
153.442
153.417
153.385
153.339
153.326
153.284
153.255
153.232
153.21
153.153
153.096
152.989
152.897
152.798
152.735
152.687
152.644
152.616
152.557
152.521
152.46
152.43
152.347
152.291
152.229
152.172
152.093
152.019
151.98
151.866
151.813
151.715
151.636
151.55
151.481
151.394
151.309
151.247
151.168
151.075
150.999
150.919
150.842
150.772
150.679
150.579
150.499
150.393
150.293
150.206
150.188
150.197
150.158
150.155
150.117
150.078
150.043
149.992
149.933
149.884
149.826
149.789
149.74
149.68
149.642
149.579
149.496
149.411
149.318
149.261
149.259
149.269
149.266
149.366
149.43
149.504
149.572
149.603
149.701
149.761
149.806
149.854
149.923
149.948
149.994
150.045
150.091
150.122
150.177
150.203
150.225
150.258
150.286
150.289
150.349
150.397
150.415
150.468
150.473
150.491
150.488
150.49
150.499
150.51
150.527
150.516
150.528
150.527
150.501
150.49
150.571
150.624
150.648
150.675
150.666
150.658
150.638
150.624
150.618
150.602
150.584
150.606
150.616
150.623
150.636
150.645
150.651
150.669
150.701
150.685
150.702
150.72
150.732
150.755
150.766
150.74
150.741
150.738
150.742
150.756
150.757
150.784
150.791
150.834
150.857
150.901
150.946
151.049
151.14
151.24
151.345
151.47
151.573
151.663
151.757
151.861
151.933
152.009
152.053
152.093
152.124
152.153
152.172
152.181
152.185
152.194
152.215
152.224
152.226
152.225
152.24
152.244
152.261
152.278
152.298
152.294
152.326
152.33
152.328
152.305
152.34
152.335
152.337
152.343
152.334
152.339
152.395
152.448
152.463
152.499
152.514
152.524
152.543
152.543
152.544
152.56
152.553
152.565
152.564
152.588
152.598
152.642
152.653
152.69
152.692
152.72
152.722
152.738
152.751
152.734
152.707
152.68
152.672
152.684
152.718
152.747
152.789
152.8
152.84
152.837
152.829
152.829
152.89
152.931
152.962
152.972
152.991
153.003
153.01
153.022
153.027
153.026
153.042
153.078
153.085
153.072
153.075
153.074
153.063
153.07
153.02
153.004
152.97
152.946
152.927
152.892
152.854
152.813
152.814
152.798
152.802
152.815
152.816
152.819
152.801
152.814
152.838
152.828
152.854
152.853
152.806
152.873
152.908
152.962
153.002
153.041
153.089
153.139
153.185
153.236
153.254
153.271
153.287
153.317
153.324
153.366
153.361
153.377
153.41
153.447
153.474
153.475
153.498
153.51
153.524
153.53
153.543
153.522
153.553
153.547
153.553
153.525
153.531
153.513
153.522
153.507
153.506
153.52
153.492
153.501
153.522
153.507
153.504
153.503
153.515
153.502
153.498
153.512
153.521
153.491
153.482
153.473
153.452
153.445
153.436
153.394
153.373
153.359
153.348
153.299
153.254
153.204
153.166
153.105
153.044
152.988
152.954
152.89
152.819
152.752
152.67
152.616
152.558
152.481
152.414
152.31
152.212
152.125
152.02
151.94
151.83
151.732
151.656
151.557
151.508
151.478
151.466
151.438
151.431
151.422
151.38
151.328
151.307
151.297
151.254
151.246
151.251
151.213
151.216
151.204
151.19
151.2
151.171
151.169
151.164
151.148
151.179
151.206
151.221
151.355
151.451
151.556
151.67
151.783
151.861
151.95
152.025
152.09
152.187
152.266
152.339
152.367
152.409
152.493
152.554
152.587
152.628
152.679
152.602
152.636
152.656
152.675
152.689
152.684
152.702
152.781
152.855
152.922
152.994
153.035
153.083
153.125
153.203
153.191
153.193
153.173
153.185
153.207
153.187
153.181
153.142
153.129
153.126
153.128
153.11
153.119
153.088
153.054
153.076
153.042
153.005
152.997
152.926
152.845
152.769
152.729
152.632
152.666
152.65
152.666
152.632
152.583
152.597
152.553
152.493
152.455
152.415
152.387
152.315
152.271
152.215
152.138
152.088
152.02
151.923
151.868
151.811
151.745
151.701
151.661
151.564
151.502
151.442
151.371
151.308
151.268
151.211
151.166
151.117
151.047
150.978
150.941
150.867
150.815
150.798
150.713
150.644
150.583
150.534
150.495
150.435
150.416
150.376
150.329
150.304
150.269
150.211
150.167
150.121
150.061
150.034
150.019
150.01
150.002
149.998
149.989
149.998
150.036
150.077
150.142
150.205
150.27
150.32
150.36
150.39
150.451
150.475
150.521
150.553
150.59
150.631
150.657
150.663
150.68
150.723
150.748
150.799
150.825
150.891
150.922
150.973
151.004
151.063
151.069
151.123
151.174
151.215
151.232
151.251
151.309
151.383
151.439
151.5
151.524
151.59
151.64
151.659
151.691
151.72
151.79
151.816
151.823
151.842
151.876
151.844
151.825
151.825
151.805
151.8
151.825
151.824
151.858
151.886
151.916
151.951
152.005
152.038
152.065
152.104
152.168
152.179
152.21
152.239
152.213
152.246
152.265
152.239
152.25
152.26
152.249
152.244
152.212
152.214
152.157
152.119
152.102
152.069
152.016
152.018
152.023
152.011
152.027
152.049
152.101
152.144
152.207
152.246
152.29
152.371
152.432
152.458
152.499
152.556
152.584
152.628
152.677
152.689
152.739
152.759
152.779
152.795
152.792
152.844
152.888
152.941
152.979
152.98
153.037
153.077
153.062
153.026
153.007
153.034
152.996
152.969
152.985
152.987
152.995
152.968
152.949
152.895
152.865
152.82
152.773
152.719
152.684
152.629
152.613
152.586
152.559
152.52
152.515
152.488
152.448
152.416
152.399
152.37
152.388
152.388
152.394
152.374
152.393
152.366
152.385
152.415
152.428
152.438
152.484
152.474
152.542
152.533
152.526
152.544
152.583
152.607
152.626
152.618
152.628
152.631
152.627
152.66
152.686
152.701
152.72
152.749
152.75
152.759
152.765
152.781
152.818
152.888
152.987
153.042
153.119
153.141
153.182
153.235
153.294
153.338
153.394
153.415
153.495
153.533
153.582
153.625
153.677
153.694
153.746
153.787
153.84
153.871
153.879
153.843
153.809
153.831
153.854
153.812
153.817
153.812
153.81
153.77
153.782
153.756
153.746
153.745
153.743
153.748
153.743
153.699
153.662
153.63
153.613
153.593
153.545
153.496
153.485
153.446
153.381
153.35
153.3
153.347
153.41
153.482
153.545
153.604
153.667
153.711
153.722
153.787
153.814
153.82
153.817
153.828
153.849
153.885
153.886
153.926
153.943
153.963
153.986
153.996
154.011
154.032
154.027
154.029
154.029
154.011
154.006
153.974
153.966
153.928
153.875
153.811
153.782
153.74
153.677
153.634
153.555
153.481
153.392
153.305
153.223
153.129
153.041
152.99
152.945
152.921
152.863
152.827
152.799
152.745
152.679
152.601
152.534
152.453
152.387
152.315
152.261
152.169
152.096
152.091
152.047
151.988
151.926
151.889
151.842
151.782
151.769
151.716
151.695
151.664
151.659
151.632
151.621
151.6
151.595
151.566
151.545
151.526
151.526
151.463
151.435
151.371
151.36
151.333
151.335
151.326
151.33
151.323
151.319
151.316
151.294
151.284
151.252
151.217
151.161
151.142
151.106
151.091
151.011
150.968
150.928
150.897
150.982
151.011
151.047
151.067
151.084
151.124
151.121
151.137
151.162
151.161
151.186
151.178
151.184
151.199
151.231
151.266
151.323
151.37
151.402
151.434
151.469
151.498
151.525
151.525
151.575
151.553
151.572
151.598
151.589
151.571
151.55
151.513
151.51
151.468
151.426
151.388
151.361
151.296
151.277
151.215
151.205
151.118
151.088
151.021
150.968
150.931
150.857
150.823
150.771
150.722
150.666
150.618
150.562
150.511
150.478
150.412
150.332
150.318
150.286
150.266
150.25
150.225
150.194
150.161
150.125
150.098
150.071
150.044
150.023
149.989
149.992
149.956
149.971
149.924
149.937
149.902
149.888
149.87
149.86
149.908
149.926
150.04
150.128
150.195
150.27
150.294
150.376
150.396
150.435
150.469
150.524
150.564
150.638
150.685
150.754
150.787
150.869
150.935
150.993
151.037
151.095
151.222
151.394
151.616
151.798
151.994
152.161
152.311
152.46
152.616
152.79
152.924
153.059
153.189
153.316
153.452
153.562
153.674
153.785
153.893
154.009
154.105
154.218
154.305
154.397
154.498
154.566
154.639
154.699
154.792
154.87
154.962
155.087
155.163
155.249
155.35
155.426
155.495
155.541
155.623
155.71
155.755
155.818
155.816
155.849
155.855
155.847
155.856
155.867
155.881
155.908
155.921
155.934
155.961
155.974
155.95
155.959
155.968
155.954
155.939
155.912
155.922
155.884
155.856
155.841
155.804
155.767
155.721
155.696
155.643
155.568
155.535
155.52
155.46
155.413
155.373
155.325
155.27
155.215
155.141
155.06
154.974
154.899
154.841
154.773
154.72
154.665
154.578
154.546
154.495
154.458
154.433
154.377
154.348
154.291
154.222
154.174
154.116
154.063
154.007
153.986
153.965
153.933
153.903
153.857
153.819
153.784
153.737
153.654
153.604
153.553
153.515
153.431
153.391
153.304
153.259
153.198
153.109
153.052
152.995
152.937
152.893
152.822
152.766
152.698
152.638
152.571
152.497
152.443
152.389
152.31
152.241
152.19
152.19
152.238
152.253
152.262
152.285
152.297
152.307
152.307
152.288
152.29
152.294
152.286
152.329
152.324
152.313
152.315
152.302
152.297
152.261
152.274
152.214
152.201
152.112
152.09
152.032
151.976
151.906
151.885
151.792
151.784
151.739
151.671
151.627
151.551
151.499
151.436
151.358
151.267
151.239
151.19
151.137
151.067
151.019
150.956
150.908
150.865
150.784
150.715
150.649
150.587
150.563
150.494
150.471
150.409
150.369
150.338
150.316
150.291
150.231
150.181
150.15
150.113
150.063
150.009
149.971
149.928
149.908
149.85
149.809
149.768
149.737
149.694
149.647
149.622
149.574
149.536
149.489
149.44
149.467
149.49
149.527
149.555
149.559
149.582
149.6
149.656
149.673
149.685
149.723
149.717
149.741
149.745
149.767
149.769
149.765
149.774
149.744
149.743
149.717
149.726
149.727
149.754
149.751
149.721
149.72
149.723
149.722
149.7
149.695
149.687
149.685
149.682
149.697
149.685
149.672
149.659
149.638
149.625
149.608
149.594
149.596
149.539
149.535
149.515
149.489
149.462
149.482
149.451
149.475
149.441
149.463
149.47
149.459
149.511
149.554
149.644
149.689
149.741
149.761
149.786
149.836
149.904
149.955
150.045
150.143
150.184
150.254
150.317
150.355
150.461
150.49
150.578
150.643
150.741
150.847
150.935
151.03
151.177
151.277
151.365
151.455
151.552
151.622
151.674
151.742
151.829
151.927
152.019
152.099
152.196
152.296
152.377
152.457
152.497
152.545
152.581
152.618
152.64
152.694
152.697
152.778
152.815
152.864
152.867
152.921
152.931
152.95
152.982
152.966
153.001
153.052
153.102
153.15
153.186
153.231
153.282
153.329
153.379
153.41
153.454
153.491
153.524
153.549
153.583
153.617
153.653
153.685
153.694
153.716
153.735
153.736
153.772
153.812
153.815
153.813
153.818
153.802
153.817
153.86
153.855
153.89
153.901
153.917
153.897
153.927
153.935
153.904
153.88
153.884
153.854
153.865
153.833
153.815
153.813
153.793
153.755
153.734
153.701
153.673
153.647
153.596
153.563
153.534
153.484
153.437
153.392
153.35
153.288
153.254
153.205
153.16
153.118
153.079
153.104
153.119
153.154
153.181
153.212
153.227
153.262
153.277
153.264
153.295
153.317
153.324
153.391
153.393
153.442
153.463
153.489
153.474
153.532
153.56
153.582
153.61
153.632
153.657
153.7
153.702
153.724
153.76
153.854
153.948
153.968
154.037
154.025
154.086
154.188
154.165
154.199
154.183
154.185
154.223
154.228
154.265
154.247
154.298
154.273
154.3
154.291
154.3
154.304
154.287
154.274
154.263
154.258
154.231
154.2
154.181
154.133
154.122
154.063
154.044
153.976
153.959
153.923
153.878
153.854
153.787
153.751
153.731
153.658
153.617
153.549
153.505
153.463
153.381
153.321
153.268
153.212
153.163
153.1
153.067
152.998
152.928
152.909
152.824
152.784
152.723
152.667
152.597
152.554
152.542
152.519
152.517
152.529
152.544
152.544
152.552
152.524
152.519
152.506
152.503
152.506
152.482
152.442
152.406
152.409
152.363
152.326
152.284
152.231
152.192
152.15
152.118
152.097
152.074
152.03
151.99
151.967
151.956
151.947
151.913
151.878
151.867
151.843
151.838
151.814
151.849
151.852
151.846
151.84
151.843
151.851
151.861
151.871
151.899
151.897
151.89
151.874
151.867
151.859
151.833
151.855
151.825
151.837
151.825
151.832
151.8
151.784
151.77
151.758
151.72
151.714
151.693
151.699
151.682
151.635
151.62
151.603
151.586
151.574
151.6
151.6
151.619
151.605
151.593
151.59
151.573
151.563
151.552
151.545
151.528
151.524
151.526
151.524
151.503
151.496
151.51
151.503
151.529
151.542
151.551
151.576
151.583
151.592
151.6
151.61
151.599
151.613
151.618
151.612
151.611
151.67
151.77
151.872
151.952
152.059
152.145
152.263
152.359
152.419
152.477
152.564
152.612
152.663
152.69
152.739
152.758
152.791
152.775
152.793
152.803
152.815
152.797
152.807
152.834
152.87
152.92
152.976
153.076
153.189
153.256
153.373
153.395
153.431
153.483
153.494
153.533
153.553
153.605
153.614
153.672
153.735
153.806
153.863
153.905
154.006
154.122
154.224
154.334
154.406
154.483
154.563
154.658
154.756
154.817
154.903
154.962
155.009
155.068
155.146
155.177
155.22
155.291
155.322
155.346
155.394
155.415
155.418
155.395
155.396
155.429
155.413
155.393
155.379
155.377
155.314
155.308
155.282
155.253
155.228
155.21
155.193
155.149
155.108
155.046
154.982
154.904
154.844
154.771
154.702
154.627
154.561
154.482
154.418
154.316
154.241
154.163
154.124
154.07
153.993
153.948
153.865
153.788
153.723
153.64
153.577
153.476
153.416
153.335
153.255
153.184
153.1
153.008
152.963
152.864
152.802
152.723
152.627
152.555
152.46
152.35
152.264
152.145
152.059
151.96
151.859
151.753
151.67
151.558
151.472
151.375
151.297
151.238
151.175
151.095
151.004
150.921
150.827
150.738
150.69
150.621
150.551
150.474
150.395
150.336
150.24
150.174
150.095
150.004
149.933
149.848
149.782
149.697
149.632
149.577
149.482
149.446
149.407
149.388
149.381
149.394
149.393
149.393
149.354
149.325
149.307
149.245
149.246
149.213
149.194
149.16
149.125
149.087
149.031
148.997
148.927
148.885
148.851
148.836
148.848
148.87
148.884
148.879
148.864
148.837
148.828
148.822
148.833
148.865
148.932
148.946
149.012
149.017
149.082
149.156
149.233
149.304
149.37
149.422
149.443
149.441
149.471
149.507
149.459
149.418
149.363
149.341
149.355
149.37
149.438
149.516
149.597
149.656
149.779
149.817
149.834
149.824
149.882
149.986
150.081
150.156
150.236
150.296
150.415
150.454
150.513
150.544
150.585
150.65
150.698
150.723
150.804
150.831
150.86
150.909
150.963
150.991
151.048
151.104
151.14
151.194
151.249
151.295
151.344
151.403
151.426
151.474
151.539
151.584
151.604
151.657
151.708
151.723
151.814
151.857
151.916
151.963
152.01
152.031
152.078
152.106
152.14
152.178
152.21
152.318
152.418
152.503
152.668
152.798
152.925
153.058
153.145
153.284
153.414
153.537
153.629
153.731
153.841
153.905
154.009
154.087
154.16
154.222
154.324
154.38
154.405
154.479
154.498
154.531
154.551
154.622
154.657
154.695
154.751
154.794
154.828
154.879
154.936
154.966
154.979
155.029
155.069
155.101
155.152
155.166
155.174
155.237
155.269
155.314
155.343
155.373
155.38
155.395
155.42
155.418
155.471
155.473
155.507
155.528
155.544
155.552
155.622
155.591
155.554
155.561
155.55
155.544
155.516
155.491
155.48
155.437
155.406
155.38
155.347
155.299
155.282
155.226
155.202
155.132
155.084
155.025
154.979
154.923
154.864
154.808
154.729
154.628
154.586
154.512
154.482
154.445
154.358
154.344
154.298
154.232
154.171
154.107
154.027
153.969
153.902
153.794
153.731
153.656
153.567
153.501
153.448
153.394
153.331
153.282
153.244
153.166
153.076
153.001
152.906
152.848
152.779
152.741
152.69
152.631
152.6
152.527
152.488
152.446
152.393
152.35
152.281
152.245
152.191
152.155
152.09
152.032
151.968
151.915
151.832
151.761
151.711
151.699
151.664
151.614
151.519
151.473
151.451
151.387
151.325
151.279
151.226
151.135
151.094
151.044
150.98
150.96
150.906
150.853
150.798
150.783
150.728
150.695
150.682
150.689
150.655
150.642
150.671
150.681
150.683
150.703
150.713
150.811
150.811
150.874
150.886
150.932
150.975
151.111
151.242
151.348
151.48
151.616
151.808
151.942
152.066
152.218
152.322
152.413
152.484
152.547
152.587
152.647
152.722
152.773
152.815
152.86
152.925
152.965
153.018
153.037
153.078
153.101
153.145
153.217
153.239
153.267
153.289
153.323
153.289
153.261
153.242
153.208
153.173
153.136
153.12
153.078
153.036
152.991
152.967
152.904
152.847
152.807
152.766
152.691
152.632
152.571
152.464
152.403
152.329
152.241
152.177
152.091
152.005
151.92
151.825
151.739
151.661
151.545
151.47
151.36
151.265
151.181
151.11
151.059
151.005
150.95
150.887
150.845
150.789
150.747
150.72
150.688
150.673
150.672
150.673
150.663
150.651
150.642
150.594
150.593
150.577
150.56
150.591
150.591
150.586
150.58
150.566
150.528
150.51
150.482
150.461
150.427
150.427
150.502
150.609
150.682
150.824
150.948
151.083
151.2
151.339
151.464
151.51
151.554
151.577
151.59
151.618
151.643
151.655
151.703
151.709
151.725
151.725
151.742
151.733
151.717
151.679
151.65
151.621
151.594
151.548
151.581
151.661
151.726
151.735
151.795
151.818
151.846
151.877
151.901
151.89
151.928
151.981
152.012
152.073
152.119
152.173
152.207
152.217
152.237
152.246
152.286
152.274
152.299
152.275
152.262
152.212
152.198
152.154
152.124
152.085
152.051
152.006
151.958
151.94
151.887
151.829
151.77
151.692
151.639
151.561
151.511
151.484
151.465
151.444
151.417
151.392
151.365
151.337
151.302
151.261
151.224
151.187
151.153
151.127
151.087
151.057
151.016
150.998
150.96
150.927
150.869
150.82
150.748
150.669
150.604
150.558
150.474
150.426
150.351
150.3
150.255
150.229
150.197
150.168
150.122
150.12
150.1
150.083
150.047
149.97
149.985
149.992
149.989
149.986
149.997
150.021
149.973
150.056
150.069
150.104
150.108
150.123
150.131
150.137
150.158
150.138
150.172
150.203
150.252
150.267
150.271
150.269
150.277
150.268
150.271
150.311
150.39
150.429
150.443
150.48
150.495
150.512
150.529
150.537
150.553
150.598
150.664
150.708
150.78
150.827
150.899
151.086
151.213
151.39
151.525
151.584
151.687
151.733
151.86
151.957
152.058
152.164
152.285
152.374
152.477
152.585
152.703
152.784
152.895
153.006
153.073
153.168
153.206
153.245
153.274
153.305
153.344
153.366
153.405
153.409
153.418
153.429
153.417
153.372
153.359
153.338
153.316
153.299
153.273
153.226
153.232
153.185
153.173
153.133
153.094
153.081
153.107
153.144
153.173
153.268
153.326
153.388
153.433
153.475
153.49
153.522
153.526
153.548
153.6
153.625
153.669
153.683
153.71
153.721
153.712
153.751
153.774
153.806
153.885
153.937
154.012
154.095
154.197
154.287
154.325
154.429
154.511
154.584
154.649
154.732
154.779
154.84
154.88
154.943
154.965
155.028
155.064
155.077
155.107
155.127
155.154
155.184
155.197
155.217
155.226
155.213
155.205
155.202
155.203
155.197
155.204
155.18
155.166
155.213
155.22
155.222
155.244
155.266
155.274
155.296
155.298
155.29
155.283
155.272
155.291
155.271
155.223
155.202
155.168
155.137
155.115
155.071
155.032
155.01
154.988
154.947
154.914
154.893
154.85
154.82
154.766
154.72
154.691
154.671
154.601
154.555
154.522
154.466
154.438
154.367
154.298
154.251
154.217
154.203
154.145
154.15
154.117
154.108
154.054
154.015
153.993
153.977
153.989
153.972
154.007
154.024
154.063
154.056
154.075
154.107
154.112
154.149
154.165
154.194
154.184
154.209
154.229
154.233
154.258
154.254
154.252
154.221
154.19
154.2
154.184
154.185
154.169
154.143
154.134
154.147
154.113
154.071
154.07
154.036
154.016
153.985
153.953
153.91
153.859
153.84
153.796
153.732
153.691
153.61
153.521
153.457
153.493
153.524
153.55
153.601
153.626
153.63
153.666
153.661
153.603
153.572
153.564
153.554
153.52
153.493
153.47
153.417
153.356
153.324
153.293
153.23
153.154
153.086
153.038
152.982
152.907
152.85
152.78
152.714
152.633
152.549
152.448
152.373
152.286
152.195
152.108
152.022
151.919
151.85
151.734
151.64
151.534
151.445
151.347
151.224
151.116
151.028
150.925
150.836
150.718
150.628
150.552
150.457
150.366
150.343
150.331
150.346
150.347
150.389
150.42
150.401
150.403
150.398
150.379
150.368
150.344
150.307
150.243
150.223
150.193
150.15
150.087
150.027
149.966
149.906
149.854
149.829
149.784
149.774
149.792
149.811
149.823
149.815
149.852
149.84
149.809
149.759
149.718
149.691
149.648
149.593
149.558
149.482
149.438
149.39
149.347
149.3
149.292
149.278
149.281
149.236
149.202
149.205
149.158
149.205
149.21
149.261
149.239
149.275
149.305
149.316
149.318
149.358
149.374
149.352
149.383
149.423
149.42
149.442
149.468
149.48
149.495
149.529
149.518
149.518
149.521
149.546
149.56
149.551
149.558
149.555
149.532
149.535
149.535
149.511
149.55
149.584
149.617
149.658
149.674
149.715
149.737
149.792
149.845
149.919
149.98
150.064
150.167
150.253
150.326
150.464
150.513
150.624
150.675
150.708
150.767
150.823
150.853
150.885
150.899
150.924
150.954
151.002
151.028
151.046
151.089
151.171
151.171
151.221
151.284
151.337
151.375
151.408
151.482
151.532
151.563
151.587
151.584
151.578
151.56
151.571
151.568
151.631
151.697
151.778
151.85
151.954
152.041
152.103
152.214
152.306
152.387
152.481
152.541
152.567
152.61
152.634
152.66
152.655
152.677
152.694
152.689
152.685
152.691
152.696
152.715
152.722
152.736
152.744
152.738
152.755
152.712
152.709
152.71
152.686
152.669
152.706
152.737
152.793
152.839
152.893
152.917
152.978
153.005
153.045
153.101
153.111
153.118
153.121
153.137
153.191
153.23
153.274
153.264
153.288
153.297
153.388
153.495
153.572
153.67
153.756
153.851
153.903
153.988
154.075
154.153
154.211
154.248
154.36
154.476
154.569
154.687
154.772
154.867
154.958
155.051
155.109
155.174
155.202
155.247
155.253
155.301
155.353
155.375
155.428
155.431
155.455
155.474
155.472
155.455
155.473
155.458
155.436
155.402
155.384
155.393
155.374
155.354
155.358
155.322
155.292
155.269
155.234
155.204
155.16
155.126
155.037
154.978
154.939
154.842
154.773
154.711
154.616
154.539
154.459
154.377
154.27
154.167
154.113
154.018
153.93
153.841
153.773
153.735
153.665
153.572
153.52
153.43
153.428
153.406
153.411
153.4
153.404
153.268
153.271
153.232
153.218
153.189
153.171
153.174
153.21
153.221
153.225
153.243
153.226
153.241
153.241
153.213
153.161
153.117
153.045
153.001
152.911
152.844
152.767
152.695
152.633
152.572
152.51
152.443
152.38
152.313
152.263
152.174
152.108
152.042
151.915
151.847
151.804
151.758
151.682
151.618
151.583
151.544
151.462
151.391
151.325
151.291
151.22
151.193
151.113
151.045
150.972
150.94
150.879
150.821
150.766
150.69
150.652
150.579
150.553
150.497
150.444
150.392
150.239
150.19
150.172
150.154
150.115
150.071
150.055
150.046
150.02
150.017
149.971
149.954
149.918
149.926
149.891
149.829
149.804
149.773
149.737
149.727
149.685
149.67
149.628
149.614
149.673
149.752
149.791
149.866
149.948
150.025
150.124
150.19
150.288
150.379
150.438
150.507
150.612
150.718
150.793
150.888
150.956
151
151.089
151.15
151.243
151.279
151.325
151.368
151.409
151.449
151.488
151.504
151.559
151.619
151.643
151.536
151.495
151.523
151.566
151.613
151.683
151.692
151.722
151.746
151.745
151.769
151.809
151.824
151.828
151.889
151.911
151.929
151.914
151.936
151.889
151.928
151.899
151.912
151.892
151.88
151.847
151.811
151.848
151.889
151.939
151.975
152.037
152.082
152.138
152.181
152.243
152.263
152.285
152.297
152.286
152.284
152.291
152.313
152.318
152.306
152.301
152.314
152.373
152.399
152.447
152.438
152.499
152.492
152.528
152.544
152.575
152.616
152.665
152.763
152.832
152.94
153.02
153.11
153.214
153.268
153.322
153.41
153.461
153.534
153.61
153.702
153.78
153.833
153.909
153.923
153.982
154.016
154.062
154.101
154.092
154.096
154.088
154.074
154.071
154.069
154.083
154.075
154.067
154.063
154.046
154.044
154.022
154.011
154.005
154.009
154.005
154.038
154.079
154.124
154.203
154.246
154.298
154.312
154.383
154.4
154.411
154.399
154.411
154.41
154.396
154.384
154.38
154.355
154.347
154.321
154.334
154.334
154.331
154.34
154.352
154.36
154.348
154.344
154.341
154.317
154.289
154.272
154.232
154.194
154.153
154.119
154.07
154.026
153.987
153.945
153.901
153.839
153.792
153.764
153.681
153.648
153.585
153.57
153.536
153.5
153.459
153.424
153.397
153.362
153.348
153.32
153.25
153.221
153.205
153.182
153.165
153.121
153.088
153.052
153.017
152.97
152.94
152.891
152.869
152.809
152.751
152.687
152.625
152.569
152.503
152.462
152.41
152.35
152.373
152.397
152.421
152.422
152.432
152.445
152.449
152.416
152.383
152.356
152.321
152.302
152.283
152.24
152.213
152.188
152.16
152.121
152.085
152.057
151.984
151.959
151.909
151.879
151.855
151.865
151.823
151.78
151.734
151.704
151.616
151.568
151.525
151.48
151.426
151.423
151.38
151.304
151.296
151.264
151.208
151.172
151.145
151.107
151.052
151.026
150.983
150.913
150.864
150.825
150.767
150.719
150.67
150.648
150.555
150.514
150.459
150.428
150.419
150.36
150.352
150.324
150.284
150.257
150.249
150.252
150.209
150.227
150.221
150.186
150.147
150.163
150.188
150.203
150.209
150.216
150.198
150.24
150.232
150.254
150.267
150.259
150.261
150.252
150.292
150.277
150.276
150.249
150.24
150.226
150.258
150.338
150.376
150.443
150.509
150.572
150.618
150.66
150.701
150.757
150.796
150.829
150.85
150.86
150.864
150.879
150.877
150.879
150.892
150.895
150.898
150.88
150.896
150.895
150.883
150.886
150.866
150.865
150.864
150.867
150.86
150.88
150.877
150.912
150.978
151.062
151.097
151.166
151.206
151.235
151.275
151.341
151.414
151.426
151.489
151.482
151.518
151.557
151.577
151.632
151.667
151.719
151.788
151.808
151.833
151.839
151.881
151.914
151.928
151.962
151.991
152.013
152.019
152.024
152.04
152.035
152.028
152.07
152.02
151.995
151.968
151.955
151.889
151.84
151.802
151.745
151.694
151.656
151.606
151.556
151.504
151.443
151.39
151.312
151.247
151.216
151.149
151.088
151.028
150.978
150.933
150.859
150.824
150.756
150.704
150.704
150.656
150.636
150.589
150.588
150.557
150.584
150.612
150.65
150.677
150.713
150.765
150.819
150.864
150.896
150.96
151.015
151.028
151.03
151.066
151.071
151.163
151.25
151.33
151.425
151.559
151.687
151.795
151.905
152.043
152.113
152.206
152.31
152.422
152.472
152.547
152.626
152.699
152.796
152.874
152.956
153.037
153.11
153.187
153.242
153.313
153.394
153.455
153.523
153.571
153.609
153.662
153.827
153.94
154.071
154.194
154.316
154.435
154.541
154.664
154.747
154.863
154.96
155.03
155.129
155.181
155.264
155.348
155.419
155.483
155.554
155.615
155.647
155.695
155.763
155.791
155.821
155.847
155.875
155.899
155.906
155.908
155.92
155.903
155.903
155.876
155.863
155.861
155.811
155.777
155.754
155.711
155.664
155.617
155.595
155.53
155.506
155.458
155.405
155.385
155.345
155.297
155.258
155.197
155.128
155.085
155.079
155.135
155.147
155.136
155.158
155.164
155.177
155.148
155.162
155.227
155.296
155.339
155.387
155.433
155.465
155.524
155.551
155.572
155.586
155.593
155.602
155.611
155.552
155.504
155.479
155.442
155.445
155.437
155.434
155.425
155.416
155.396
155.373
155.342
155.326
155.334
155.321
155.278
155.274
155.237
155.212
155.153
155.107
155.044
154.953
154.891
154.789
154.687
154.61
154.477
154.364
154.248
154.153
154.029
153.905
153.783
153.661
153.544
153.44
153.327
153.192
153.079
152.961
152.827
152.715
152.615
152.51
152.394
152.254
152.13
151.994
151.884
151.76
151.625
151.516
151.4
151.321
151.279
151.219
151.145
151.074
151.007
150.91
150.838
150.759
150.677
150.603
150.524
150.477
150.417
150.334
150.282
150.214
150.149
150.095
150.028
149.976
149.903
149.857
149.813
149.798
149.758
149.739
149.726
149.748
149.712
149.711
149.683
149.682
149.695
149.748
149.802
149.861
149.961
150.061
150.152
150.183
150.207
150.206
150.225
150.182
150.197
150.175
150.196
150.214
150.21
150.264
150.27
150.229
150.167
150.158
150.168
150.153
150.162
150.2
150.236
150.273
150.229
150.215
150.214
150.192
150.136
150.156
150.101
150.099
150.147
150.18
150.224
150.294
150.37
150.382
150.421
150.399
150.422
150.425
150.418
150.411
150.442
150.427
150.479
150.475
150.508
150.495
150.516
150.54
150.544
150.566
150.552
150.535
150.524
150.511
150.487
150.467
150.456
150.47
150.457
150.444
150.485
150.549
150.615
150.648
150.708
150.765
150.804
150.865
150.908
150.946
150.963
150.999
150.983
151.026
151.023
151.045
151.048
151.054
151.104
151.109
151.155
151.174
151.194
151.224
151.259
151.286
151.297
151.305
151.339
151.347
151.344
151.345
151.339
151.333
151.292
151.317
151.275
151.3
151.276
151.278
151.272
151.265
151.251
151.225
151.209
151.216
151.167
151.175
151.155
151.169
151.257
151.385
151.48
151.635
151.733
151.844
151.93
152.047
152.142
152.169
152.245
152.257
152.317
152.4
152.428
152.465
152.53
152.551
152.617
152.632
152.663
152.701
152.705
152.762
152.764
152.794
152.789
152.82
152.858
152.946
153.043
153.126
153.224
153.292
153.338
153.41
153.451
153.492
153.545
153.586
153.633
153.688
153.747
153.846
153.953
154.057
154.169
154.266
154.342
154.414
154.491
154.541
154.581
154.597
154.639
154.633
154.665
154.686
154.719
154.748
154.785
154.795
154.829
154.892
154.941
155.019
155.066
155.138
155.186
155.253
155.307
155.321
155.38
155.398
155.415
155.422
155.438
155.461
155.456
155.462
155.462
155.477
155.472
155.466
155.433
155.411
155.371
155.332
155.279
155.22
155.151
155.078
154.999
154.907
154.814
154.724
154.639
154.53
154.445
154.325
154.232
154.136
154.098
154.104
154.081
153.999
154.02
153.995
153.957
153.932
153.934
153.938
153.899
153.859
153.841
153.79
153.796
153.769
153.737
153.706
153.663
153.625
153.551
153.483
153.421
153.336
153.253
153.202
153.106
153.022
152.937
152.881
152.797
152.723
152.598
152.528
152.435
152.324
152.231
152.115
152.017
151.916
151.806
151.711
151.654
151.537
151.432
151.336
151.227
151.127
151.031
150.929
150.846
150.764
150.679
150.616
150.526
150.455
150.391
150.326
150.283
150.256
150.228
150.214
150.183
150.166
150.146
150.101
150.067
150.045
150.035
149.99
149.962
149.931
149.893
149.871
149.833
149.803
149.744
149.721
149.685
149.674
149.621
149.589
149.557
149.539
149.544
149.506
149.492
149.44
149.418
149.519
149.596
149.716
149.792
149.901
149.993
150.104
150.195
150.272
150.393
150.448
150.524
150.583
150.681
150.734
150.809
150.88
150.954
151.012
151.068
151.144
151.215
151.261
151.292
151.354
151.397
151.448
151.547
151.576
151.645
151.697
151.746
151.8
151.853
151.851
151.958
151.983
152.024
152.06
152.073
152.086
152.108
152.131
152.159
152.237
152.273
152.315
152.413
152.549
152.666
152.782
152.838
152.957
153.079
153.16
153.298
153.47
153.672
153.879
154.109
154.306
154.516
154.691
154.875
155.007
155.157
155.319
155.473
155.637
155.802
156.001
156.175
156.391
156.548
156.74
156.894
157.029
157.174
157.339
157.489
157.673
157.826
157.995
158.139
158.288
158.463
158.62
158.766
158.921
159.085
159.179
159.288
159.38
159.497
159.593
159.692
159.827
159.91
160.014
160.111
160.234
160.312
160.457
160.583
160.678
160.742
160.847
160.931
161.046
161.168
161.208
161.29
161.367
161.446
161.555
161.634
161.742
161.916
162.045
162.169
162.244
162.336
162.433
162.501
162.566
162.634
162.724
162.826
162.901
162.984
163.064
163.162
163.292
163.404
163.521
163.647
163.782
163.871
163.945
164.031
164.102
164.178
164.214
164.298
164.362
164.437
164.537
164.625
164.694
164.788
164.879
164.953
164.981
165.054
165.108
165.182
165.238
165.299
165.333
165.392
165.414
165.472
165.488
165.522
165.522
165.529
165.56
165.58
165.552
165.53
165.514
165.476
165.45
165.425
165.409
165.36
165.326
165.275
165.224
165.162
165.125
165.066
165.004
164.981
164.912
164.836
164.778
164.718
164.661
164.65
164.588
164.559
164.467
164.391
164.324
164.26
164.203
164.133
164.08
164.012
163.938
163.904
163.863
163.806
163.75
163.674
163.611
163.526
163.518
163.554
163.573
163.569
163.595
163.587
163.573
163.552
163.537
163.511
163.515
163.504
163.47
163.444
163.401
163.374
163.333
163.316
163.291
163.308
163.295
163.296
163.27
163.277
163.268
163.243
163.218
163.195
163.173
163.169
163.105
163.113
163.114
163.107
163.107
163.122
163.129
163.151
163.122
163.116
163.071
163.02
162.98
162.926
162.856
162.782
162.762
162.745
162.687
162.667
162.609
162.578
162.53
162.464
162.427
162.37
162.323
162.196
162.111
162.16
162.169
162.191
162.178
162.174
162.17
162.175
162.175
162.182
162.19
162.237
162.329
162.303
162.349
162.414
162.394
162.4
162.346
162.345
162.316
162.269
162.237
162.179
162.118
162.06
162.018
161.947
161.901
161.796
161.712
161.64
161.57
161.493
161.416
161.362
161.28
161.237
161.166
161.096
161.048
161.03
160.986
160.926
160.902
160.907
160.953
161.036
161.146
161.232
161.264
161.364
161.427
161.512
161.564
161.681
161.74
161.845
161.983
162.088
162.244
162.37
162.42
162.484
162.539
162.597
162.678
162.781
162.84
162.893
162.986
163.048
163.146
163.211
163.258
163.329
163.332
163.401
163.456
163.513
163.566
163.522
163.551
163.559
163.609
163.633
163.679
163.719
163.75
163.788
163.847
163.911
163.942
163.982
164.047
164.094
164.122
164.127
164.16
164.225
164.296
164.37
164.429
164.452
164.502
164.52
164.533
164.557
164.574
164.586
164.61
164.603
164.612
164.585
164.579
164.608
164.576
164.57
164.555
164.527
164.494
164.475
164.45
164.367
164.319
164.258
164.229
164.227
164.209
164.159
164.078
164.024
163.942
163.95
163.954
163.966
163.968
163.961
163.939
163.897
163.858
163.822
163.832
163.892
163.9
163.899
163.954
163.981
164.02
164.05
164.092
164.076
164.097
164.068
164.109
164.135
164.148
164.21
164.269
164.256
164.304
164.311
164.301
164.288
164.288
164.266
164.27
164.254
164.245
164.252
164.256
164.237
164.268
164.283
164.222
164.181
164.141
164.086
164.029
164.024
164.026
164.027
163.985
164.032
164.075
164.073
164.082
164.137
164.162
164.18
164.183
164.188
164.192
164.173
164.166
164.178
164.198
164.218
164.179
164.184
164.186
164.17
164.175
164.182
164.165
164.163
164.114
164.097
164.058
164.031
164.023
163.971
163.949
163.912
163.873
163.83
163.764
163.711
163.668
163.626
163.593
163.539
163.499
163.463
163.41
163.346
163.3
163.3
163.336
163.382
163.445
163.479
163.513
163.507
163.517
163.531
163.548
163.545
163.532
163.593
163.646
163.711
163.775
163.847
163.896
163.93
163.979
164.013
164.075
164.178
164.257
164.344
164.397
164.445
164.472
164.487
164.505
164.567
164.596
164.587
164.633
164.701
164.673
164.663
164.658
164.646
164.656
164.659
164.631
164.616
164.604
164.64
164.654
164.747
164.807
164.876
164.897
164.952
164.962
164.994
165.028
165.046
165.059
165.101
165.108
165.118
165.116
165.107
165.125
165.121
165.123
165.1
165.11
165.11
164.978
164.974
164.972
164.978
164.955
164.921
164.9
164.856
164.817
164.791
164.733
164.688
164.659
164.64
164.628
164.646
164.645
164.648
164.624
164.592
164.578
164.553
164.514
164.557
164.68
164.768
164.86
164.927
165.011
165.128
165.135
165.236
165.282
165.319
165.356
165.399
165.422
165.464
165.495
165.515
165.519
165.55
165.558
165.547
165.569
165.56
165.573
165.539
165.525
165.507
165.493
165.454
165.447
165.407
165.391
165.356
165.337
165.288
165.251
165.186
165.147
165.104
165.057
165.021
164.96
164.901
164.853
164.765
164.705
164.625
164.567
164.487
164.393
164.279
164.193
164.104
164.008
163.929
163.864
163.8
163.735
163.64
163.588
163.567
163.538
163.501
163.487
163.433
163.397
163.359
163.303
163.272
163.249
163.168
163.108
163.058
162.982
162.941
162.872
162.823
162.774
162.727
162.694
162.626
162.581
162.54
162.494
162.453
162.39
162.329
162.285
162.246
162.177
162.135
162.099
162.048
162.021
161.953
161.918
161.89
161.893
161.927
161.949
161.96
162.016
162.092
162.151
162.196
162.238
162.291
162.337
162.409
162.475
162.54
162.574
162.645
162.703
162.763
162.837
162.884
162.928
162.989
163.03
163.085
163.107
163.154
163.178
163.19
163.218
163.244
163.283
163.248
163.254
163.217
163.165
163.161
163.136
163.115
163.072
163.068
163.023
162.984
162.955
162.938
162.889
162.856
162.843
162.817
162.813
162.792
162.777
162.739
162.707
162.706
162.723
162.726
162.722
162.753
162.748
162.739
162.701
162.656
162.635
162.615
162.586
162.556
162.528
162.533
162.572
162.641
162.624
162.649
162.66
162.657
162.665
162.671
162.715
162.683
162.691
162.75
162.8
162.866
162.934
162.998
163.021
163.02
163.012
162.973
163.001
163.001
163.007
163.004
163.005
163.026
163.051
163.025
163.011
162.98
162.917
162.883
162.869
162.833
162.818
162.822
162.807
162.779
162.794
162.8
162.768
162.753
162.739
162.713
162.688
162.668
162.674
162.669
162.644
162.625
162.617
162.634
162.64
162.703
162.78
162.84
162.895
162.888
162.909
162.952
162.983
163.016
163.064
163.152
163.212
163.251
163.274
163.349
163.375
163.349
163.342
163.333
163.384
163.408
163.479
163.512
163.544
163.585
163.623
163.663
163.734
163.787
163.794
163.812
163.832
163.839
163.919
163.978
164.016
164.072
164.106
164.159
164.242
164.275
164.368
164.436
164.539
164.669
164.774
164.876
164.982
165.079
165.153
165.238
165.322
165.433
165.575
165.666
165.765
165.838
165.89
165.92
165.893
165.881
165.906
165.912
165.928
165.933
165.922
165.946
165.925
165.945
165.922
165.906
165.89
165.891
165.869
165.832
165.784
165.737
165.705
165.691
165.756
165.774
165.837
165.857
165.903
165.93
165.966
165.981
166.034
166.031
166.064
166.084
166.12
166.139
166.184
166.262
166.333
166.42
166.507
166.595
166.643
166.717
166.787
166.823
166.888
166.933
166.977
167.01
167.057
167.119
167.224
167.312
167.442
167.502
167.592
167.676
167.729
167.763
167.826
167.848
167.895
167.932
167.968
168.018
168.011
168.012
167.985
167.986
167.978
167.963
167.936
167.919
167.922
167.886
167.862
167.841
167.823
167.78
167.747
167.713
167.674
167.482
167.403
167.344
167.307
167.257
167.223
167.167
167.125
167.065
167.015
166.952
166.883
166.816
166.728
166.644
166.558
166.474
166.393
166.296
166.205
166.118
166.047
165.938
165.825
165.707
165.615
165.518
165.425
165.328
165.23
165.131
165.032
164.934
164.846
164.766
164.678
164.6
164.511
164.429
164.348
164.252
164.174
164.073
163.982
163.879
163.766
163.642
163.527
163.424
163.333
163.219
163.128
163.038
162.928
162.82
162.759
162.642
162.552
162.461
162.335
162.246
162.131
162.023
161.936
161.797
161.696
161.573
161.451
161.336
161.211
161.131
160.997
160.912
160.859
160.784
160.734
160.68
160.603
160.486
160.413
160.319
160.239
160.184
160.08
159.994
159.938
159.874
159.8
159.721
159.628
159.576
159.491
159.44
159.397
159.363
159.265
159.221
159.207
159.18
159.163
159.163
159.197
159.166
159.125
159.1
159.191
159.215
159.262
159.332
159.359
159.427
159.509
159.596
159.674
159.749
159.807
159.882
160.007
160.111
160.222
160.315
160.389
160.457
160.516
160.609
160.703
160.803
160.84
160.907
160.964
161.049
161.061
161.15
161.192
161.206
161.264
161.29
161.344
161.426
161.509
161.602
161.718
161.817
161.922
162.005
162.119
162.201
162.31
162.401
162.498
162.602
162.704
162.805
162.894
162.987
163.09
163.182
163.251
163.327
163.386
163.466
163.536
163.601
163.674
163.698
163.719
163.735
163.745
163.764
163.817
163.922
164.037
164.121
164.224
164.305
164.384
164.446
164.526
164.604
164.671
164.739
164.797
164.89
164.984
165.05
165.127
165.228
165.312
165.375
165.432
165.508
165.607
165.65
165.715
165.723
165.782
165.809
165.852
165.883
165.937
165.957
165.971
165.996
166.046
166.065
166.088
166.121
166.14
166.173
166.164
166.16
166.195
166.203
166.195
166.194
166.202
166.186
166.194
166.175
166.161
166.161
166.149
166.125
166.114
166.095
166.095
166.124
166.135
166.127
166.147
166.149
166.127
166.119
166.089
166.091
166.056
166.019
165.996
165.968
165.94
165.928
165.871
165.837
165.814
165.779
165.745
165.739
165.781
165.808
165.81
165.776
165.777
165.767
165.774
165.741
165.754
165.724
165.742
165.732
165.738
165.736
165.741
165.721
165.72
165.713
165.691
165.659
165.632
165.598
165.582
165.516
165.503
165.458
165.416
165.38
165.357
165.373
165.451
165.531
165.599
165.676
165.74
165.794
165.86
165.911
165.979
165.987
166.049
166.089
166.118
166.149
166.176
166.236
166.35
166.421
166.469
166.572
166.653
166.741
166.795
166.865
166.936
166.994
167.066
167.149
167.211
167.266
167.359
167.456
167.548
167.609
167.704
167.791
167.859
167.921
168.003
168.087
168.147
168.234
168.297
168.354
168.396
168.432
168.467
168.507
168.535
168.553
168.586
168.611
168.682
168.746
168.809
168.872
168.911
168.949
168.998
169.078
169.188
169.256
169.294
169.36
169.415
169.479
169.525
169.563
169.583
169.625
169.638
169.672
169.681
169.697
169.715
169.782
169.83
169.876
169.892
169.926
169.954
169.999
170.014
170.029
170.039
170.023
170.033
170.037
170.036
170.037
170.08
170.141
170.234
170.332
170.397
170.472
170.559
170.63
170.698
170.78
170.862
170.914
171.001
171.074
171.117
171.225
171.308
171.416
171.506
171.541
171.603
171.656
171.687
171.73
171.753
171.815
171.869
171.932
171.958
171.996
172.028
172.074
172.112
172.124
172.154
172.182
172.195
172.253
172.252
172.224
172.225
172.222
172.229
172.273
172.268
172.324
172.374
172.369
172.408
172.433
172.414
172.466
172.466
172.47
172.47
172.478
172.483
172.496
172.493
172.597
172.627
172.65
172.697
172.734
172.788
172.839
172.876
172.886
172.917
172.958
172.995
173.044
173.078
173.094
173.138
173.161
173.22
173.243
173.269
173.321
173.385
173.436
173.5
173.597
173.438
173.458
173.495
173.532
173.569
173.584
173.603
173.664
173.734
173.774
173.884
173.451
173.482
173.538
173.577
173.641
173.67
173.724
173.753
173.778
173.847
173.929
173.956
173.98
174.042
174.09
174.126
174.174
174.195
174.265
174.307
174.343
174.353
174.404
174.425
174.433
174.425
174.435
174.433
174.43
174.432
174.445
174.414
174.398
174.361
174.34
174.328
174.307
174.294
174.261
174.22
174.24
174.217
174.195
174.183
174.154
174.17
174.148
174.145
174.128
174.187
174.224
174.268
174.299
174.347
174.371
174.414
174.458
174.447
174.438
174.481
174.569
174.727
174.874
175.019
175.185
175.327
175.471
175.615
175.78
175.94
176.114
176.286
176.451
176.63
176.804
176.946
177.097
177.262
177.421
177.543
177.685
177.823
177.946
178.058
178.187
178.299
178.413
178.678
178.922
179.166
179.407
179.621
179.854
180.062
180.26
180.437
180.631
180.828
181.004
181.181
181.365
181.518
181.675
181.822
181.988
182.132
182.268
182.404
182.534
182.645
182.757
182.866
182.961
183.063
183.167
183.227
183.323
183.397
183.478
183.567
183.679
183.807
183.883
184.009
184.162
184.23
184.338
184.437
184.532
184.605
184.68
184.746
184.815
184.901
184.974
185.056
185.113
185.181
185.248
185.324
185.491
185.611
185.703
185.809
185.908
185.995
186.102
186.195
186.294
186.436
186.617
186.766
186.938
187.099
187.258
187.415
187.55
187.659
187.795
187.935
188.037
188.149
188.269
188.353
188.43
188.488
188.534
188.579
188.612
188.635
188.69
188.721
188.757
188.786
188.821
188.811
188.839
188.878
188.886
188.889
188.885
188.894
188.912
188.938
188.929
188.976
189.004
189.004
189.013
188.996
188.988
188.972
188.96
189.071
189.126
189.211
189.306
189.373
189.466
189.545
189.62
189.697
189.745
189.787
189.816
189.884
189.918
189.992
190.022
190.061
190.103
190.161
190.229
190.293
190.335
190.364
190.434
190.489
190.53
190.58
190.602
190.661
190.68
190.714
190.71
190.691
190.661
190.721
190.729
190.781
190.83
190.947
191.049
191.153
191.257
191.311
191.353
191.416
191.457
191.516
191.52
191.552
191.566
191.538
191.55
191.553
191.582
191.602
191.608
191.616
191.625
191.642
191.633
191.69
191.683
191.689
191.677
191.641
191.659
191.676
191.666
191.682
191.699
191.711
191.686
191.698
191.699
191.703
191.739
191.732
191.756
191.784
191.822
191.842
191.857
191.88
191.908
192.017
192.13
192.267
192.384
192.497
192.595
192.689
192.824
192.926
193.044
193.133
193.215
193.315
193.445
193.556
193.678
193.829
193.96
194.081
194.226
194.354
194.49
194.614
194.725
194.836
194.948
195.046
195.167
195.35
195.546
195.724
195.884
196.06
196.207
196.391
196.556
196.698
196.867
197.026
197.173
197.328
197.511
197.714
197.883
198.068
198.244
198.444
198.624
198.792
199
199.176
199.342
199.505
199.65
199.804
199.9
199.996
200.118
200.213
200.313
200.405
200.466
200.537
200.621
200.683
200.697
200.765
200.836
200.879
200.904
200.931
200.962
200.593
200.492
200.541
200.619
200.662
200.7
200.757
200.795
200.842
200.88
200.912
200.928
200.946
200.985
201.022
201.041
201.06
201.065
201.119
201.198
201.262
201.324
201.369
201.433
201.476
201.526
201.549
201.601
201.655
201.691
201.707
201.721
201.73
201.737
201.74
201.738
201.731
201.75
201.748
201.741
201.727
201.733
201.729
201.724
201.7
201.682
201.663
201.614
201.57
201.536
201.278
201.235
201.168
201.144
201.11
201.063
201.028
200.983
200.956
200.91
200.869
200.828
200.782
200.747
200.702
200.655
200.602
200.557
200.502
200.455
200.402
200.36
200.343
200.432
200.651
200.855
200.792
200.748
200.85
200.98
201.254
201.469
201.725
201.894
202.14
202.386
202.624
202.854
203.033
202.928
202.903
202.633
202.263
202.435
202.427
202.613
202.882
203.113
203.136
203.348
203.575
203.579
203.574
203.57
203.705
203.954
203.941
203.925
203.907
203.885
203.864
203.587
203.468
203.447
203.43
203.495
203.464
203.442
203.589
203.781
203.72
203.847
203.86
203.878
203.91
203.928
204.188
204.178
204.206
204.166
204.152
204.352
204.575
204.684
204.944
204.928
204.926
205.104
205.316
205.283
205.272
205.457
205.613
205.625
205.611
205.786
206.059
206.329
206.632
206.87
207.09
207.329
207.319
207.497
207.584
207.621
207.658
207.868
207.94
208.165
208.408
208.677
209.003
209.3
209.579
209.663
209.976
210.109
210.407
210.809
210.97
211.281
211.653
212.031
212.423
212.249
212.462
212.818
213.166
213.137
213.418
213.763
214.097
214.419
214.734
215.097
215.337
215.701
216.054
216.396
216.726
217.045
217.354
217.652
217.938
218.284
218.597
218.897
218.924
219.154
219.421
219.709
219.959
219.66
219.562
219.602
219.788
219.968
220.143
220.313
220.475
220.634
220.789
220.939
221.086
221.229
221.368
221.272
221.132
221.25
221.388
221.295
221.367
221.495
221.613
221.79
221.986
222.233
222.44
222.641
222.842
223.061
223.246
223.426
223.6
223.771
223.966
224.125
224.282
224.425
224.574
224.719
224.862
224.79
224.668
224.446
224.587
224.78
224.968
225.145
225.318
225.472
225.623
225.774
225.927
226.076
226.224
226.37
226.746
226.889
226.982
227.359
227.488
227.674
227.827
227.913
228.303
228.431
228.602
228.718
228.844
228.89
229.028
229.121
229.246
229.33
229.473
229.805
229.904
230.011
230.052
230.072
230.132
230.131
230.189
230.227
230.347
230.223
230.037
230.093
230.32
230.446
230.719
230.565
230.796
231.108
231.153
231.012
230.979
231.011
230.877
230.922
230.773
230.824
230.92
230.767
230.842
230.683
230.706
230.561
230.609
230.572
230.9
231.264
231.367
231.259
231.318
231.418
231.261
231.124
230.995
231.135
231.487
231.582
231.896
232.232
232.393
232.722
232.868
233.23
233.477
233.683
233.911
233.858
234.018
234.208
234.36
234.525
234.715
234.847
234.966
234.843
234.932
235.042
235.198
235.058
235.093
235.187
235.293
235.375
235.589
235.678
235.777
235.85
235.676
235.644
235.69
235.515
235.344
235.165
235.098
234.905
235.078
235.33
235.574
235.809
235.787
235.736
235.784
235.969
235.965
235.955
235.719
235.636
235.636
235.617
235.597
235.572
235.545
235.59
235.769
235.957
236.141
236.323
236.304
236.234
236.313
236.493
236.458
236.392
236.348
236.289
236.218
236.15
236.102
236.149
236.162
236.122
236.084
236.067
236.072
236.075
236.101
236.098
236.078
235.875
235.785
235.744
235.646
235.85
235.896
235.901
235.911
235.924
235.953
235.998
236.016
235.808
235.898
236.158
236.414
236.672
236.869
237.153
237.411
237.622
237.891
238.156
238.418
238.681
238.948
239.21
239.472
239.746
240.022
240.293
240.559
240.819
241.073
241.323
241.567
241.808
242.044
242.275
242.502
242.723
242.939
243.152
243.36
243.564
243.763
243.959
244.153
244.339
244.424
244.518
244.701
244.88
245.056
245.228
245.323
245.385
245.552
245.715
245.876
246.035
246.189
246.342
246.492
246.64
246.786
246.93
247.073
247.213
247.352
247.493
247.634
247.777
247.919
248.062
248.207
248.354
248.5
248.647
248.797
248.948
249.098
249.248
249.393
249.532
249.669
249.814
249.957
