166.76
365.012
433.401
495.797
514.172
428.752
424.186
449.57
531.752
453.4
521.302
521.506
521.678
521.827
521.141
521.118
520.398
520.39
520.428
520.434
519.633
519.411
519.354
518.497
517.424
516.46
515.424
515.211
515.053
514.87
514.662
514.428
514.174
513.961
513.751
513.515
513.253
512.96
512.637
512.291
511.891
510.713
510.159
509.723
509.255
508.762
508.237
507.687
507.086
506.476
505.842
505.188
504.511
503.819
503.104
502.366
501.605
500.828
500.036
499.226
498.405
497.571
496.721
495.861
494.988
493.429
491.695
490.102
489.044
487.492
486.485
485.591
484.691
483.136
482.012
480.459
478.101
476.232
475.255
474.394
473.525
472.689
471.869
471.071
469.65
468.733
468.019
467.344
466.016
465.287
464.712
464.169
462.947
462.293
461.163
459.867
459.313
458.968
458.638
458.329
458.055
458.022
457.516
456.989
457.23
457.644
458.19
458.809
459.595
460.381
461.162
462.129
463.074
463.983
464.851
465.687
466.49
467.255
467.988
467.789
468.385
469.03
469.641
470.216
470.757
471.265
470.862
471.217
471.645
472.038
472.395
472.725
473.024
473.292
473.528
473.732
473.905
474.048
474.161
474.239
474.289
474.307
474.292
474.247
474.175
474.067
473.932
473.027
471.993
471.586
471.349
471.083
470.79
470.468
470.125
469.757
469.361
468.94
467.792
467.162
466.699
465.514
464.909
464.408
463.895
463.369
462.826
462.269
461.7
460.438
459.732
459.134
457.854
457.186
456.568
455.935
455.301
454.662
454.019
452.734
451.98
451.355
450.748
450.161
449.596
449.053
448.539
448.05
447.596
446.516
445.999
445.635
445.298
445.002
444.735
444.497
444.278
443.389
443.082
442.945
443.023
443.283
443.832
444.378
445.105
445.843
446.532
447.278
448.205
449.099
449.959
450.783
451.569
452.327
452.255
452.969
453.882
454.771
455.62
456.435
457.214
457.057
456.657
457.118
456.9
457.392
458.013
457.732
458.216
458.751
459.256
459.723
460.159
460.56
460.066
460.274
460.594
460.881
461.134
461.352
461.537
461.693
461.814
461.902
461.959
461.987
461.98
461.943
461.871
461.036
459.889
459.533
459.367
459.183
458.259
457.891
456.208
455.82
455.547
455.254
454.942
454.611
454.261
453.875
452.816
452.362
451.95
451.52
451.076
449.957
449.314
448.16
447.569
447.081
446.577
446.064
445.545
445.02
444.492
443.96
443.43
442.906
442.391
441.894
441.415
440.291
439.809
439.41
439.039
438.694
438.38
437.419
437.061
436.847
436.655
436.496
436.35
436.214
435.371
435.143
434.41
434.621
435.019
434.854
435.608
436.425
437.226
437.212
438.056
439.042
440.002
440.936
441.841
442.719
443.571
444.39
443.58
444.068
444.804
445.514
446.288
447.185
447.168
447.688
448.491
449.26
449.999
450.701
451.371
452.004
452.598
453.165
453.693
454.187
454.651
455.078
455.475
455.839
456.171
456.467
456.729
456.954
457.153
457.317
456.684
456.654
456.737
456.788
456.809
456.797
456.032
455.776
455.68
455.557
454.683
454.384
454.195
453.985
453.752
453.49
453.209
452.909
452.586
452.25
451.88
451.507
451.12
450.712
450.288
449.848
449.392
448.921
448.431
447.935
447.426
446.226
444.944
444.175
443.658
443.146
442.638
442.131
441.639
440.507
439.936
439.504
439.1
438.725
438.38
437.395
436.922
436.661
436.436
434.855
434.509
434.369
433.53
433.228
433.127
433.026
433.021
433.172
433.386
433.976
434.675
435.502
436.344
437.382
438.387
439.364
440.309
441.233
442.133
443.005
443.85
444.665
445.449
446.192
446.896
447.576
448.314
449.177
450.009
450.805
451.565
452.294
452.986
453.64
454.262
454.85
455.399
455.917
456.402
455.999
456.217
456.621
456.988
456.517
456.689
456.97
457.217
457.43
457.608
457.743
457.859
457.947
458.001
458.018
458.005
457.968
457.896
457.789
456.873
456.495
456.322
456.129
455.907
454.923
454.601
454.303
454.003
453.683
453.347
452.992
452.62
451.547
450.329
449.864
449.45
449.021
447.888
446.749
445.452
444.879
444.415
443.941
443.457
442.323
441.107
440.565
440.087
438.951
438.323
437.885
437.467
437.077
436.71
436.362
436.039
435.752
434.814
433.656
433.235
432.343
432.066
431.944
431.837
431.736
431.639
431.553
431.559
431.846
432.225
432.648
433.246
433.991
435.007
436.03
437.021
437.991
438.933
439.85
440.743
441.606
442.447
443.26
444.049
444.809
443.871
444.165
443.988
444.502
445.125
445.739
446.34
447.121
447.895
448.633
449.329
449.997
449.748
450.207
450.788
451.335
451.848
452.327
452.764
453.173
453.55
453.892
453.37
453.59
453.842
453.24
453.238
453.406
453.541
453.648
452.965
452.872
452.893
452.883
452.843
452.773
452.679
452.557
451.646
451.358
451.177
450.973
450.751
450.512
449.51
449.066
448.778
448.47
448.148
447.09
446.621
446.259
445.221
444.771
444.361
443.943
443.51
443.069
442.617
442.15
441.685
441.211
440.74
440.277
439.829
439.387
438.967
438.574
438.208
437.867
437.543
437.253
436.978
436.739
436.532
435.647
434.669
434.419
434.313
434.209
434.104
434.013
434.112
434.485
434.812
435.253
434.972
435.61
436.637
437.635
438.598
438.758
439.434
440.33
441.202
442.047
442.863
443.658
444.426
445.169
445.888
446.585
447.251
447.895
448.508
449.086
448.857
449.301
449.796
450.347
451.037
451.69
452.303
452.051
452.466
452.999
453.495
453.957
453.526
452.911
453.089
451.775
450.912
451.098
450.558
449.936
450.126
449.532
449.51
448.939
448.894
449.02
449.114
449.177
449.21
449.206
449.171
449.107
449.02
448.91
448.083
447.814
447.65
447.468
446.507
445.536
445.133
444.896
444.644
444.375
444.085
443.777
442.785
442.387
442.046
441.686
440.597
440.039
439.647
439.246
438.828
438.398
437.973
437.538
436.438
435.862
435.475
435.101
434.756
434.424
433.462
433.117
432.867
432.651
432.459
432.285
432.135
432.01
431.896
431.111
430.946
430.874
431.009
431.282
431.688
432.074
432.458
433.116
433.921
434.712
435.691
436.662
437.602
438.513
439.394
440.246
441.07
441.871
442.646
443.397
444.127
444.829
445.509
446.163
446.792
447.396
447.975
448.53
449.059
449.556
449.176
449.386
449.807
450.294
450.904
451.479
452.018
452.524
452.995
453.434
453.838
454.207
454.535
454.833
454.262
454.242
453.612
452.902
452.998
451.584
451.313
451.414
451.48
451.526
451.537
451.52
450.695
449.854
449.71
449.606
449.461
449.318
449.135
448.951
448.061
447.784
447.555
447.304
447.038
446.754
446.446
446.126
445.796
445.442
445.074
444.69
443.584
443.011
442.6
442.179
441.751
441.319
440.883
440.453
440.027
439.609
439.209
438.828
438.46
438.126
437.816
437.53
437.273
437.025
436.111
435.733
434.866
434.562
434.457
434.351
434.239
434.127
434.03
434.206
434.575
435.042
435.681
436.472
437.245
438.131
438.163
438.241
437.31
438.052
438.931
439.782
439.693
440.334
440.354
440.96
441.71
442.438
443.135
443.811
444.463
445.092
444.829
445.27
445.841
445.615
446.067
446.574
447.05
447.492
447.128
447.369
446.924
447.271
447.837
448.373
448.87
449.315
449.749
450.148
449.644
449.846
450.155
450.432
450.677
450.885
451.063
451.208
451.317
451.391
451.432
451.443
450.63
450.536
450.477
450.386
450.275
450.143
449.99
449.814
449.618
448.721
448.437
448.199
447.938
447.659
447.367
447.053
446.725
446.384
446.025
445.652
445.26
444.851
443.061
441.589
441.006
440.594
439.536
439.013
438.608
438.21
437.828
437.462
437.113
436.112
435.688
435.407
435.14
434.9
434.675
434.486
434.345
433.522
433.224
433.136
433.062
432.98
432.889
432.825
432.997
432.604
433.213
434.063
434.878
434.731
435.197
436.162
436.352
437.232
438.139
439.015
439.859
440.671
441.454
442.208
442.14
442.79
443.473
443.363
443.766
444.384
444.982
445.556
445.258
444.869
445.311
445.818
446.302
446.764
447.202
447.614
447.998
448.353
448.673
448.961
449.225
449.582
450.034
450.452
450.831
451.172
451.477
451.751
451.991
452.203
452.38
452.522
452.633
452.71
452.747
452.756
452.736
452.695
452.621
452.521
452.398
452.252
452.085
451.893
451.684
451.457
451.204
450.178
449.84
449.556
449.254
448.933
448.597
448.244
447.874
446.756
445.517
445.065
444.67
444.262
443.851
443.431
442.302
441.761
441.358
440.962
440.585
440.222
439.18
438.697
438.403
438.127
437.871
437.638
436.73
436.49
436.344
436.226
436.122
436.01
435.92
435.842
435.945
436.103
436.435
436.354
437.084
437.886
438.655
439.396
440.167
441.105
442.004
442.871
443.703
444.501
445.266
446
446.702
446.485
446.978
447.603
448.202
448.77
448.443
448.889
449.399
449.141
449.435
449.886
450.313
450.72
451.105
451.465
451.805
452.126
452.421
452.685
452.937
453.161
453.358
453.516
453.64
453.736
453.893
454.184
453.581
452.818
452.905
453.091
453.246
453.361
453.447
452.782
452.593
452.601
452.581
452.536
452.466
452.372
452.255
452.118
451.957
451.78
451.584
450.597
450.25
450.007
449.747
449.47
449.177
448.863
448.528
448.184
447.819
445.979
445.348
444.971
444.565
444.175
443.774
443.369
442.962
442.562
442.173
441.097
439.891
438.851
438.489
438.217
437.969
437.745
437.546
436.663
436.383
436.254
436.143
436.054
435.981
435.907
435.834
435.755
435.761
436.1
436.506
437.17
437.996
438.785
439.551
439.516
440.243
441.177
442.079
442.946
443.774
444.574
445.339
445.307
445.843
446.526
447.175
447.794
447.497
447.897
447.69
447.861
448.362
448.839
449.291
449.719
450.126
450.51
450.869
450.463
450.704
451.007
451.289
451.549
451.784
452.001
452.195
452.365
452.509
452.625
451.933
451.79
451.825
451.845
452.009
451.368
451.41
451.557
451.67
451.747
451.796
451.819
451.813
451.764
451.709
451.628
451.523
450.702
450.507
450.353
450.181
449.986
449.77
449.538
449.292
449.024
448.743
448.446
448.132
447.803
447.459
447.094
446.723
446.342
445.951
445.544
445.138
444.733
444.334
443.94
443.556
443.182
442.831
442.501
442.196
441.916
441.656
441.428
441.225
440.316
439.983
439.863
439.758
438.949
438.091
437.96
437.903
437.866
438.078
438.703
439.302
439.931
440.722
440.667
441.369
442.334
443.264
444.16
445.021
445.039
445.675
446.443
446.4
447.064
447.753
448.408
449.031
449.624
450.18
450.707
451.203
451.671
452.112
450.909
451.162
450.704
450.851
450.356
450.546
450.868
451.165
451.445
451.683
451.92
452.133
452.327
452.497
452.643
452.011
451.974
452.06
451.387
450.603
449.812
449.613
449.59
449.526
449.477
449.623
449.736
449.82
449.035
448.809
447.993
447.796
447.769
447.724
446.972
446.638
446.548
446.433
446.299
446.149
445.978
445.788
445.579
445.354
445.113
444.857
443.918
443.574
443.277
442.963
442.644
442.316
441.978
441.637
441.294
440.957
440.627
440.302
439.991
439.689
438.68
438.302
438.061
437.844
437.647
437.479
437.337
437.221
437.122
437.031
436.258
436.067
435.998
435.937
436.165
436.574
437.089
436.995
437.394
437.975
437.838
438.373
439.13
439.858
439.881
440.566
441.462
442.33
443.138
443.938
444.703
445.435
446.131
446.793
447.422
448.015
448.583
449.117
449.625
450.079
450.525
450.946
451.337
451.701
452.033
451.602
451.669
451.941
451.372
451.46
451.68
451.071
450.53
450.498
450.658
450.791
450.902
450.991
450.331
449.559
449.532
449.552
448.786
448.555
448.496
447.68
447.447
447.339
447.321
446.582
445.872
445.739
445.768
445.77
445.745
445.702
445.636
445.552
445.443
445.317
445.173
445.012
444.161
443.786
443.582
443.366
443.132
442.88
441.85
441.516
441.237
440.95
440.652
440.35
440.041
439.085
438.727
438.447
438.175
437.92
436.93
436.536
436.334
436.148
435.981
435.846
435.73
435.623
435.557
435.505
435.455
435.394
435.338
435.289
434.644
435.088
435.764
436.428
437.068
437.685
438.268
438.819
439.365
440.228
441.197
441.331
441.435
442.08
442.145
442.736
443.535
444.301
445.031
444.851
445.438
446.084
446.696
447.278
447.829
448.349
448.837
449.289
448.961
449.285
449.659
450.009
450.332
450.629
450.893
451.13
451.346
451.534
451.706
451.852
451.975
452.076
452.155
452.217
452.26
452.283
452.282
452.258
452.213
452.139
451.302
451.007
450.169
449.902
449.013
448.699
448.492
448.34
448.348
447.642
447.422
447.365
446.609
446.39
446.29
446.169
446.031
445.875
445.695
445.499
445.289
445.054
444.041
443.637
443.376
443.098
442.81
442.514
442.202
441.891
441.571
441.258
440.95
440.652
440.368
440.097
439.837
439.598
439.385
439.193
439.017
438.867
438.748
438.641
438.558
438.489
438.423
437.648
437.374
437.517
437.792
438.226
437.793
438.148
437.787
438.254
438.844
439.559
440.591
441.584
441.702
441.719
442.539
443.417
444.264
445.07
445.051
445.529
446.25
446.944
446.79
447.31
447.92
448.5
449.046
449.563
449.291
449.515
449.949
450.355
450.73
451.076
451.391
451.676
451.93
452.157
452.354
452.53
452.676
451.99
452.025
452.115
452.189
452.24
452.268
451.553
451.403
451.372
451.319
451.246
451.157
451.035
450.906
450.758
450.592
450.396
450.178
449.931
449.667
449.406
449.351
449.286
449.197
449.088
448.278
448.011
447.854
447.675
447.483
447.272
447.035
446.793
446.533
446.261
445.976
445.678
445.37
445.054
443.97
442.827
442.347
442.05
441.758
441.475
441.209
440.184
439.877
439.653
439.452
438.629
438.314
437.51
437.234
437.158
437.099
437.047
437.004
437.05
437.259
436.637
436.027
436.228
436.685
437.125
437.56
437.374
437.94
438.568
439.517
440.547
441.533
442.484
443.396
443.357
444.129
444.95
445.738
446.492
447.209
447.891
448.541
448.274
448.714
449.281
449.819
450.324
450.795
450.495
449.869
450.039
450.401
450.755
451.081
451.37
451.632
451.866
452.073
452.252
451.602
451.591
451.703
451.788
451.856
451.903
451.919
451.903
451.884
451.84
451.777
450.974
450.043
449.878
449.042
448.833
447.976
447.632
447.45
447.251
447.031
446.79
446.528
446.255
446.047
445.988
445.91
444.996
444.762
444.632
444.482
444.321
444.143
443.947
443.732
443.505
443.26
443.004
442.735
442.452
442.16
441.863
441.567
441.272
440.988
440.709
440.442
440.189
439.949
439.727
439.535
439.357
439.198
439.059
438.953
438.878
438.819
438.766
438.716
437.917
437.836
437.858
438.277
438.739
439.169
439.584
440.126
440.74
441.512
441.576
442.513
443.49
444.443
444.549
445.191
446.048
446.873
447.66
448.418
449.136
449.82
450.476
450.311
450.722
451.289
451.828
452.331
451.962
452.339
452.009
451.43
451.594
451.96
451.559
451.728
452.011
452.269
452.498
452.695
452.863
453.001
452.304
452.256
452.33
452.373
452.39
452.383
452.351
451.606
451.37
451.267
451.158
451.027
450.88
450.714
450.529
450.316
450.09
449.85
449.594
449.328
449.05
448.761
448.456
448.129
447.094
446.681
446.383
446.256
446.108
445.948
444.377
443.962
443.772
443.566
443.346
443.109
442.866
442.609
442.341
442.065
441.009
440.679
440.422
440.168
439.919
438.924
438.535
438.34
438.167
437.999
437.875
437.781
437.705
437.65
437.624
436.106
435.859
435.098
434.344
434.313
434.362
434.615
435.093
435.609
436.235
436.926
437.592
438.321
439.338
440.417
440.525
441.445
441.584
442.297
442.398
443.157
444.022
444.022
443.922
443.718
444.374
445.092
445.776
446.426
447.043
447.632
448.187
448.708
449.2
449.656
449.337
449.566
449.942
450.291
450.612
450.9
451.16
449.907
449.971
450.163
450.328
450.463
450.56
450.632
450.672
450.683
450.67
449.87
449.739
448.947
448.634
447.765
447.394
447.242
447.069
446.882
446.675
446.458
446.23
445.989
445.732
445.471
444.515
444.12
443.131
442.781
442.487
442.185
441.855
441.517
441.163
440.798
439.797
439.598
439.449
438.624
438.281
438.103
437.916
437.72
437.521
437.314
437.112
436.914
436.724
436.542
436.375
436.221
435.412
434.395
434.175
433.411
433.295
433.269
433.261
433.272
433.305
433.336
433.368
433.39
433.483
433.755
434.159
434.849
435.61
435.58
436.101
436.784
437.434
438.065
438.888
439.779
440.81
441.806
442.761
443.68
444.559
445.404
446.21
446.98
447.713
447.623
448.069
448.714
449.326
449.904
450.454
450.963
451.443
451.891
452.306
452.688
452.222
451.596
451.693
451.989
452.253
452.481
452.674
452.839
452.978
453.09
453.175
453.226
453.25
453.245
453.212
453.141
453.055
452.252
451.946
451.782
451.595
451.397
451.176
450.2
449.894
449.636
449.363
449.075
448.78
448.476
448.156
447.831
447.501
447.159
446.813
446.458
446.092
445.711
445.314
444.9
443.813
443.271
443.042
442.846
442.636
442.421
442.194
441.959
441.719
441.478
440.594
440.249
440.037
439.84
439.656
439.49
439.333
439.182
439.065
438.962
438.88
438.834
438.813
438.091
437.884
437.876
437.85
437.846
438.058
438.465
438.976
439.708
440.414
441.087
441.724
442.332
443.004
443.82
444.781
445.771
446.724
447.637
448.513
449.351
450.156
450.919
451.649
452.338
452.984
452.809
453.33
453.899
454.436
454.939
455.404
454.991
453.721
452.991
453.304
453.68
454.02
453.579
453.688
453.952
454.187
453.583
453.626
453.048
453.128
453.239
453.319
453.374
452.694
452.494
452.479
452.431
452.353
452.241
452.109
451.949
451.768
451.566
451.337
451.095
450.835
450.555
450.263
449.957
449.638
449.309
448.972
448.623
448.27
447.908
447.541
447.165
446.782
446.383
445.977
445.554
445.117
444.667
444.226
443.991
442.332
441.958
441.741
441.514
441.287
441.054
440.173
439.733
439.53
438.61
438.359
438.206
438.061
437.143
436.862
436.78
436.729
436.706
436.711
436.736
436.76
436.787
436.816
436.861
437.122
437.425
437.96
438.694
439.423
440.11
440.749
441.395
442.235
443.246
444.285
445.285
445.401
446.249
447.153
447.171
447.765
448.577
449.35
450.088
450.79
451.457
452.088
452.687
453.251
453.783
454.28
454.744
454.401
454.669
454.202
454.418
454.752
455.055
455.326
455.567
455.777
455.956
456.11
456.231
455.58
454.853
454.834
454.858
454.851
454.818
453.987
453.769
453.663
453.528
453.356
453.16
452.94
452.698
451.745
451.274
450.981
450.672
449.676
448.553
448.153
447.811
447.462
447.103
446.737
446.36
445.985
445.603
445.214
444.82
444.418
444.009
443.599
443.183
442.752
441.665
441.061
440.61
440.183
439.969
439.768
438.766
438.416
437.442
437.178
437.02
436.894
435.326
434.386
434.265
433.557
433.358
433.37
433.4
433.448
433.504
433.569
432.933
433.039
433.366
433.681
433.998
434.383
434.22
434.857
435.638
436.387
436.26
436.856
436.753
437.542
438.655
439.722
440.758
441.757
442.721
443.644
444.53
444.484
445.016
445.809
446.566
447.285
447.974
447.755
448.303
448.898
448.668
448.986
449.493
449.969
450.413
450.822
451.2
450.738
450.994
451.291
451.557
451.796
451.997
452.169
452.31
452.424
452.509
452.561
452.581
452.577
451.753
450.006
449.703
449.621
449.509
449.366
449.198
449.009
448.797
448.565
448.311
448.03
447.736
446.74
446.36
446.041
445.708
444.693
444.147
443.803
443.452
443.097
442.733
442.363
441.992
441.609
441.219
440.829
440.433
440.029
439.613
439.189
438.115
437.489
437.332
436.514
436.182
436.035
435.898
435.128
434.904
434.14
433.997
433.116
433.019
433.001
432.197
432.004
432.062
432.131
431.51
430.879
430.892
431.175
431.537
431.419
431.808
432.376
432.927
433.472
434.159
434.891
435.591
436.342
436.411
437.047
438.096
439.159
440.182
441.167
442.114
443.017
443.887
444.721
445.522
446.285
447.011
447.705
448.365
448.986
449.568
450.111
450.63
451.114
451.558
451.974
452.36
452.715
453.038
453.329
453.589
453.068
453.064
453.243
452.607
451.857
451.814
451.911
451.974
452.004
452.008
451.976
451.911
451.131
450.907
450.776
449.27
448.933
448.75
448.542
448.31
448.051
447.774
447.481
446.492
446.053
445.725
445.385
445.033
444.007
443.471
443.106
442.731
441.683
441.183
440.799
440.415
440.027
439.638
439.25
438.856
438.46
438.063
437.663
437.263
436.862
436.482
436.284
436.165
436.048
435.946
435.852
435.765
435.692
435.648
435.625
435.623
435.631
435.65
435.679
435.719
435.803
436.1
436.42
436.961
437.511
438.046
438.56
438.232
438.597
439.186
439.859
440.553
441.443
442.517
442.635
443.423
443.489
444.292
445.232
446.134
446.999
447.826
448.617
449.379
450.079
449.89
450.394
451.021
451.624
452.188
452.721
453.22
453.681
454.112
454.51
454.87
455.205
455.505
455.769
456.006
456.212
456.383
456.53
455.905
455.789
455.857
455.898
455.91
455.893
455.125
454.986
454.892
454.768
454.618
454.446
454.248
454.024
453.777
453.505
453.201
452.195
451.668
451.32
450.255
449.749
449.367
448.975
448.575
448.166
447.749
447.325
446.895
446.459
446.025
445.586
445.146
444.702
444.263
443.826
443.389
442.953
442.523
442.093
441.012
440.466
440.064
439.843
439.709
439.578
439.448
439.334
439.238
439.152
439.082
439.025
438.979
438.946
438.933
439.086
439.313
439.549
439.834
439.392
439.523
440.03
439.734
440.161
439.859
438.647
438.7
439.184
439.706
440.787
441.897
442.966
443.997
444.991
445.949
446.864
447.743
448.591
449.403
449.33
449.142
449.789
450.484
450.333
450.748
451.35
451.103
451.487
452.005
452.489
452.931
453.332
453.71
453.212
452.524
452.699
452.982
453.23
453.451
453.641
453.798
453.927
454.024
454.089
454.123
454.125
454.1
453.32
453.169
453.066
452.938
452.786
452.606
451.659
451.314
451.074
450.809
450.52
449.528
449.028
448.018
446.797
446.334
445.978
445.609
445.228
444.834
444.429
444.023
443.614
443.203
442.788
442.373
441.955
441.537
441.117
440.699
440.281
439.866
439.45
439.045
438.644
438.247
437.855
437.489
436.621
436.454
436.362
436.288
436.225
436.188
436.175
436.176
436.192
436.216
436.243
436.27
436.457
436.052
436.193
435.911
436.303
436.852
437.406
437.142
437.588
438.08
438.62
438.451
439.164
440.309
441.408
442.476
442.623
442.626
443.356
443.401
444.09
444.976
445.001
445.688
446.482
446.424
447.077
446.911
447.36
448.009
448.62
448.349
448.747
449.273
449.762
450.218
450.644
451.034
451.391
450.938
451.088
450.533
450.706
450.936
451.129
451.289
451.421
451.523
451.589
451.628
451.638
451.618
451.569
451.487
451.379
451.245
451.084
450.892
450.678
450.438
450.169
449.199
448.698
448.378
448.044
447.694
447.329
446.948
446.556
446.147
445.042
444.562
444.137
443.709
443.28
442.846
442.402
441.964
441.528
441.09
440.656
440.23
439.813
439.4
438.997
438.602
438.22
437.845
437.475
437.113
436.803
436.728
436.669
436.64
436.611
436.598
436.603
436.614
436.646
436.875
437.166
437.461
437.763
438.086
438.624
439.18
439.71
439.503
439.912
440.369
440.921
441.746
442.633
443.688
444.755
445.784
445.904
446.787
447.718
448.614
449.471
450.29
451.072
451.82
452.535
453.217
453.862
454.477
455.052
455.594
456.102
456.573
457.013
456.63
456.885
457.245
457.568
457.858
458.117
457.522
457.495
456.896
456.918
457.048
457.147
457.217
457.254
457.263
457.236
457.185
457.106
457.001
456.869
455.942
455.682
455.479
455.258
455.004
454.729
454.426
454.104
453.758
453.395
453.013
452.615
452.2
451.103
450.482
450.036
449.579
449.113
448.638
448.158
447.675
447.192
446.706
446.219
445.73
445.252
444.777
444.306
443.842
443.391
442.945
442.506
442.091
441.01
440.503
440.132
439.782
439.445
437.749
437.429
437.407
437.398
437.402
437.438
437.672
437.972
438.26
438.551
438.844
439.155
439.666
440.217
440.757
441.28
440.982
441.306
440.907
441.738
442.644
443.691
444.776
445.819
446.824
447.793
448.719
449.616
450.452
451.275
452.065
452.816
452.674
453.13
453.793
454.421
455.016
454.77
455.235
455.74
456.211
456.648
456.198
456.428
456.783
457.104
456.623
456.816
457.053
457.257
457.428
457.564
457.667
457.74
457.777
457.789
457.769
457.721
457.648
457.54
457.401
456.52
456.218
456.009
455.787
455.539
454.554
454.058
453.751
453.423
453.079
452.711
452.324
451.919
451.501
451.063
450.607
450.139
449.659
449.168
448.673
447.509
446.882
446.366
445.192
444.63
443.476
442.821
442.344
441.218
440.655
440.225
439.806
439.39
438.996
438.623
438.275
437.948
437.642
437.348
437.074
436.808
436.551
436.331
436.364
436.515
436.822
437.099
437.399
437.72
438.26
438.825
439.371
439.903
440.419
440.001
440.266
440.981
441.661
442.329
443.209
444.253
444.374
445.165
445.273
445.997
446.059
446.82
447.711
448.57
448.509
449.221
449.988
450.719
451.414
452.067
452.691
452.44
452.931
453.468
453.97
454.439
454.875
455.274
455.642
455.978
456.278
456.543
456.778
456.981
457.15
457.288
457.391
457.46
457.497
457.501
457.477
457.424
457.344
457.236
457.104
456.94
456.75
456.534
456.292
456.027
455.059
454.694
454.375
454.029
453.659
453.269
452.861
452.44
452.01
451.564
451.103
450.626
450.138
448.973
448.286
447.788
446.614
445.977
444.821
444.262
443.76
443.268
442.789
442.323
441.222
439.98
439.419
439.014
438.63
438.265
437.922
437.593
435.905
435.265
435.025
434.801
433.903
433.636
433.454
433.429
433.531
433.833
434.174
434.519
434.185
434.666
435.267
435.85
436.418
436.992
437.769
437.709
438.318
439.021
439.748
440.657
441.676
442.761
443.813
444.821
445.795
446.73
447.631
448.494
449.318
450.11
450.021
450.674
451.372
451.191
451.594
452.202
452.782
453.323
453.833
453.511
453.881
454.305
454.697
455.051
455.373
455.66
455.912
456.131
456.318
456.471
455.837
455.734
455.037
454.877
454.9
454.888
454.848
454.776
454.679
454.555
454.404
454.228
453.318
452.967
452.73
452.465
452.181
451.876
451.551
450.532
449.998
449.624
449.236
448.837
448.419
447.984
447.537
447.079
446.605
445.466
444.803
444.316
443.823
443.328
442.835
442.339
441.846
441.358
440.886
440.421
439.975
439.538
438.452
438.003
437.64
437.295
436.296
435.83
434.895
434.535
434.313
433.402
433.216
433.32
433.433
432.852
432.785
432.931
432.471
431.957
431.492
431.056
431.625
432.272
432.174
432.839
433.652
434.429
435.251
436.285
437.481
438.641
439.756
440.838
441.88
442.884
443.851
444.785
445.682
446.54
447.363
448.148
448.032
448.449
449.148
449.809
450.439
451.032
451.596
452.122
452.612
453.069
453.475
453.044
453.196
452.706
452.874
453.162
453.415
453.637
453.82
453.967
454.088
454.178
454.233
454.259
454.256
454.22
454.154
453.336
453.154
453.017
452.848
451.923
451.586
450.67
450.302
450.035
449.754
449.446
449.121
448.779
448.42
448.046
447.655
447.249
446.824
446.393
445.298
444.79
444.337
443.871
443.387
442.237
441
440.418
439.949
439.485
439.026
438.573
437.487
436.882
436.464
436.068
435.691
435.339
435.015
434.039
433.574
433.301
432.376
432.048
432.032
432.128
432.241
431.55
431.605
431.753
431.903
432.046
432.266
431.962
432.248
432.862
433.553
434.393
435.197
435.967
436.81
436.967
438.007
439.149
440.273
441.357
442.406
443.417
444.393
444.44
445.116
446
446.845
447.652
448.43
449.17
449.874
450.545
451.176
451.773
452.336
452.868
453.367
453.83
454.262
454.661
455.024
454.556
454.639
454.92
455.169
454.576
454.686
454.848
454.977
455.068
454.351
454.192
454.208
454.195
453.427
453.237
453.145
453.023
452.148
451.273
450.908
450.706
450.477
449.525
449.131
448.849
448.541
448.22
447.878
447.522
447.143
446.757
446.358
445.944
445.512
445.073
444.618
444.152
443.015
442.369
441.904
441.434
440.96
440.489
440.018
439.548
439.085
438.64
438.203
437.776
437.374
436.303
435.832
435.502
435.196
434.908
434.633
434.393
434.196
434.23
434.314
434.412
433.827
433.891
434.036
434.326
434.721
435.11
434.773
435.046
435.707
435.615
436.348
436.201
436.745
437.797
438.999
440.16
441.281
442.362
443.401
444.41
445.381
446.308
447.202
447.193
447.792
448.602
448.512
449.115
449.833
450.509
450.309
450.696
451.291
451.849
452.376
452.868
453.325
453.752
454.144
454.499
454.824
455.115
455.372
455.597
455.787
455.945
456.072
456.165
456.225
456.256
456.256
456.224
456.158
456.065
455.941
455.792
455.615
455.41
455.181
454.929
454.649
454.343
454.02
453.679
453.32
452.94
452.546
452.134
451.707
451.262
450.118
449.538
449.066
447.911
447.345
446.853
446.352
445.851
445.344
444.834
444.322
443.811
443.307
442.81
442.315
441.163
440.63
440.181
439.761
439.355
438.98
438.63
438.304
437.997
437.705
437.439
437.24
437.287
437.339
437.421
437.514
437.605
437.734
437.254
437.345
437.691
438.06
438.626
439.18
439.878
440.677
441.637
442.578
443.67
444.788
445.865
446.901
447.899
448.865
449.794
450.688
451.541
452.361
453.143
453.89
454.6
455.271
455.914
456.522
457.097
457.64
458.153
457.775
458.005
458.432
458.021
458.247
458.588
458.893
459.169
459.413
459.621
459.797
459.943
460.053
460.134
460.181
459.432
459.35
459.315
459.247
458.406
458.094
457.941
457.781
457.596
456.644
456.345
456.091
455.808
455.503
455.168
454.128
453.594
453.22
452.832
452.422
451.998
451.559
451.102
450.634
450.154
449.658
449.156
448.641
448.119
447.591
447.063
446.53
446
445.472
444.948
444.431
443.919
442.77
442.227
441.769
440.674
440.087
439.045
438.487
438.15
437.186
436.774
436.498
436.266
435.391
434.52
434.415
434.501
433.906
433.958
434.34
434.72
435.101
435.481
435.87
436.446
436.212
436.53
437.151
437.941
438.928
440.128
441.288
442.409
442.56
443.325
444.35
444.458
445.252
446.181
447.076
447.926
448.747
449.533
450.285
450.995
451.675
452.319
452.927
453.502
454.02
454.527
455.003
455.444
455.852
456.223
456.564
456.872
457.15
457.394
457.603
457.783
457.927
458.036
457.359
457.293
456.565
456.438
456.413
456.359
455.535
455.251
455.129
454.982
454.805
454.606
453.671
453.155
451.461
450.133
449.68
449.393
448.37
447.213
446.76
445.733
444.633
444.218
443.849
442.789
442.226
441.832
441.43
441.017
439.938
439.452
439.024
438.6
438.17
437.74
437.315
436.895
435.831
435.316
434.93
434.554
433.523
433.115
432.79
431.805
431.325
431.04
430.764
430.525
430.336
429.701
429.727
429.832
429.948
429.272
428.447
428.474
428.766
429.176
429.61
430.281
430.133
430.609
431.239
431.83
431.528
432.112
433.148
434.145
435.128
436.276
436.482
437.357
438.444
439.494
440.508
441.482
442.421
443.323
443.299
443.914
444.725
445.502
446.243
446.066
446.43
447.08
447.697
447.443
447.742
448.274
448.759
449.218
449.646
450.038
450.397
450.725
451.016
451.271
451.492
451.682
451.844
451.975
451.273
451.272
451.324
451.342
451.33
451.288
450.468
450.254
450.143
450.002
449.837
449.642
449.426
449.188
448.929
448.65
448.351
448.035
447.7
446.629
446.207
445.831
445.442
445.039
444.619
444.193
443.106
442.549
442.099
441.649
441.2
440.753
440.304
439.86
439.42
438.987
438.565
438.149
437.095
435.958
435.354
434.348
433.853
433.562
433.29
433.024
432.782
432.624
432.687
432.759
432.841
432.917
432.992
433.078
433.357
433.155
433.644
434.241
433.885
434.36
434.118
433.736
434.32
435.087
435.847
436.796
436.939
437.78
438.673
437.818
438.173
438.986
438.968
439.627
439.665
440.553
441.479
442.366
443.218
444.04
444.82
445.561
446.273
446.947
446.736
447.285
447.011
447.359
447.058
447.335
447.819
448.268
448.685
449.064
449.41
449.714
449.988
450.232
450.444
450.62
449.968
449.939
450.029
449.301
449.269
449.279
449.264
449.221
449.148
449.051
448.929
448.784
448.615
448.422
448.208
447.968
447.709
447.432
447.136
446.077
445.622
445.285
444.933
444.563
444.183
443.782
443.369
442.947
442.516
442.085
441.65
441.211
440.774
439.661
439.062
438.641
438.239
437.858
437.479
437.132
436.806
435.817
435.346
435.073
434.822
434.583
434.363
434.191
434.26
433.529
433.544
433.618
433.684
433.768
434.04
434.594
435.131
434.982
435.438
436.103
436.849
436.889
437.424
438.095
438.749
439.397
440.146
440.991
441.811
442.603
443.37
444.114
444.827
445.521
446.183
446.814
447.407
447.967
448.508
449.18
449.903
450.583
450.347
450.121
450.587
451.162
451.699
452.202
451.859
452.089
452.506
452.889
453.24
453.556
453.834
454.076
454.287
454.466
454.601
454.721
454.807
454.867
454.89
454.883
454.849
454.79
453.995
453.715
453.593
453.442
452.532
452.214
451.252
450.974
450.735
450.47
449.449
448.985
448.682
448.36
448.023
447.67
447.302
446.919
446.524
446.116
445.695
445.267
444.831
443.129
442.457
442.029
441.6
440.484
439.893
439.492
438.42
437.866
436.831
436.376
436.059
435.768
435.499
435.248
435.021
434.805
434.598
433.722
433.473
433.559
433.644
433.735
433.957
434.288
434.604
434.924
435.437
435.963
435.808
436.384
437.117
437.815
438.484
438.361
438.194
438.904
439.753
440.574
441.373
442.144
442.896
443.619
444.32
444.986
445.632
446.258
446.862
447.426
447.975
447.721
447.909
448.376
447.945
448.135
448.692
449.304
449.885
450.431
450.135
450.55
451.006
451.428
451.811
452.166
452.485
451.931
452.117
452.345
452.54
452.704
452.837
452.933
453.003
452.243
451.33
451.272
451.255
451.206
451.133
451.033
450.219
449.956
449.798
448.931
447.906
446.954
445.939
445.491
445.259
445.006
444.734
443.72
443.306
442.265
441.894
441.573
440.584
440.069
439.726
438.681
438.106
437.747
437.385
436.376
435.965
435.618
435.276
434.289
433.78
433.473
433.183
432.906
432.654
432.417
432.187
431.975
431.778
431.613
430.966
430.952
431.088
430.538
430.614
430.757
430.886
431.002
431.233
430.879
431.114
431.748
432.559
433.338
434.08
434.798
434.755
435.489
436.386
437.253
438.088
438.901
439.687
440.444
440.401
440.892
441.585
442.258
442.907
443.528
444.121
444.697
445.243
444.987
445.271
445.756
446.212
446.638
447.025
447.382
447.72
447.293
447.753
446.603
446.689
447.156
447.59
447.987
448.347
448.675
448.967
449.227
449.453
449.65
449.011
449.027
449.135
448.407
448.401
448.437
448.436
447.631
447.314
447.246
447.161
447.051
446.222
445.996
445.835
445.65
444.691
444.303
444.081
443.842
443.588
443.316
443.029
442.731
442.416
441.441
440.383
439.88
438.821
438.363
438.02
437.016
436.618
435.641
435.244
434.219
433.737
433.448
433.179
432.927
432.693
432.477
432.28
432.094
431.221
430.873
430.73
430.633
430.768
430.934
431.115
431.298
431.467
431.624
431.77
431.987
432.529
433.382
434.193
434.972
434.801
435.454
436.386
437.31
438.201
439.056
439.881
440.674
441.437
442.167
442.872
443.545
444.197
444.821
445.415
445.989
446.547
447.078
446.839
447.255
447.726
448.174
448.599
448.999
449.378
449.73
450.058
450.353
450.613
450.091
450.1
449.549
449.606
449.996
450.349
450.667
450.95
451.2
451.42
450.762
450.728
450.866
450.125
450.075
450.127
450.153
450.155
450.132
450.079
450.003
449.901
449.775
449.61
449.442
449.253
449.042
448.815
448.572
448.313
448.036
447.07
446.653
446.293
445.879
445.54
445.188
444.085
443.546
443.18
442.155
441.027
440.554
440.201
439.848
439.502
439.154
438.828
438.519
438.219
437.941
437.675
437.435
437.219
437.007
436.803
436.618
436.462
436.498
436.632
436.766
436.902
437.021
437.108
436.378
436.41
436.991
437.56
438.305
439.06
439.78
440.474
441.286
442.172
443.022
443.831
444.611
445.358
446.076
446.762
447.42
448.05
448.651
448.482
448.814
448.477
448.757
449.259
449.732
450.185
450.619
451.031
451.42
451.787
452.131
452.451
452.754
453.031
452.478
452.644
452.857
453.03
453.153
452.483
452.492
452.815
453.103
453.357
453.58
452.999
453.089
453.226
453.338
453.415
453.458
453.47
453.454
453.407
453.336
453.244
453.118
452.968
452.788
452.593
452.391
452.17
451.928
451.669
451.391
451.094
450.113
449.617
449.286
448.943
448.589
448.22
447.836
447.445
447.036
446.627
446.219
445.807
444.669
444.148
443.753
443.37
442.999
442.645
442.314
442.003
440.995
440.554
440.312
439.406
439.062
438.856
437.969
437.769
437.889
438.009
438.133
437.539
437.519
437.622
437.723
437.306
437.775
438.511
439.285
440.016
440.724
441.497
442.401
443.266
444.093
444.891
445.656
445.497
445.948
446.63
447.285
447.895
448.488
448.195
448.656
449.179
449.678
450.155
450.605
451.035
451.448
451.836
452.206
451.817
452.087
451.589
451.674
451.955
452.215
452.453
451.909
452.022
451.432
451.51
451.621
451.698
451.752
451.911
451.299
451.349
451.546
451.711
451.008
450.919
451.001
450.229
450.142
450.152
450.131
449.288
449.17
448.287
447.315
447.028
446.909
446.77
446.611
446.43
446.232
446.014
445.778
445.528
445.268
444.992
443.942
443.531
443.222
442.253
441.126
440.746
440.421
440.093
439.764
439.436
439.114
438.095
437.671
437.381
437.104
436.84
436.597
434.958
434.4
434.247
434.11
433.996
433.888
433.797
433.723
433.044
433.049
433.255
433.467
433.674
433.139
433.264
433.733
433.658
434.085
434.815
435.809
435.885
436.705
436.739
437.594
438.503
439.375
440.215
440.24
440.848
441.592
442.311
442.999
443.648
444.268
444.854
445.411
445.937
446.432
446.9
447.345
447.021
446.477
446.8
447.16
447.497
447.813
448.107
448.375
448.628
448.858
448.282
448.407
448.585
448.74
448.873
448.978
449.06
449.116
449.144
449.138
449.108
449.061
449.124
448.392
448.323
448.405
448.471
448.506
448.513
448.494
448.45
448.381
447.61
447.338
447.219
447.076
446.915
446.736
445.766
445.505
445.289
445.051
444.798
444.534
444.252
443.956
443.644
443.319
442.973
442.64
442.302
441.965
441.625
441.294
440.973
439.996
439.568
439.288
439.031
438.125
437.802
437.613
437.453
437.309
437.178
437.063
436.224
436.089
436.048
436.223
436.41
436.581
436.74
436.923
437.321
437.923
438.509
439.101
440.064
441.062
442.023
442.946
443.838
444.695
445.521
446.305
447.06
447.781
448.466
449.117
448.753
449.122
448.952
449.201
449.731
450.228
450.687
451.125
450.686
450.855
451.228
451.57
451.889
452.181
452.451
451.887
451.07
451.088
451.303
451.495
451.669
451.822
451.951
452.058
452.147
452.208
452.246
452.263
451.52
451.365
450.588
450.394
449.567
449.376
448.538
448.426
448.488
448.512
448.521
448.509
448.472
448.412
447.538
447.368
447.25
447.114
446.958
446.787
446.595
446.389
446.165
445.927
445.667
445.394
444.348
443.887
442.926
442.499
442.19
441.871
441.545
441.222
440.9
440.578
440.266
439.236
438.821
438.559
438.316
438.092
437.902
437.739
437.597
437.473
437.367
437.266
437.181
437.117
437.228
437.434
437.63
437.085
437.07
437.244
437.609
437.509
437.849
438.463
439.318
440.334
441.313
441.326
442
442.893
443.747
444.569
445.355
446.109
446.829
447.515
448.169
448.789
449.38
449.936
450.463
450.186
449.796
449.926
450.359
450.757
450.379
449.687
449.138
448.665
448.893
449.174
449.417
449.637
449.84
450.017
450.171
449.575
449.551
448.87
448.876
448.945
448.993
449.019
449.027
449.008
448.971
448.913
448.832
448.007
447.602
447.463
447.292
447.095
446.881
446.734
446.73
446.703
445.83
445.708
445.632
445.529
445.41
444.483
444.211
444.051
443.872
442.166
441.852
441.647
440.779
440.382
440.143
439.242
438.223
437.858
437.604
437.348
437.091
436.832
436.583
436.342
436.103
435.205
434.886
434.707
434.557
434.429
434.315
434.232
434.16
432.643
432.388
431.644
431.536
431.583
431.787
431.373
430.738
430.856
431.133
431.428
431.943
432.85
433.763
434.708
435.803
436.856
436.934
437.681
437.82
438.611
439.508
440.371
441.2
441.216
441.904
442.644
443.35
444.02
444.659
444.397
444.831
445.391
445.918
446.415
446.131
446.354
446.772
447.162
447.522
447.022
447.256
446.734
446.927
447.165
447.37
447.551
447.705
447.837
447.943
448.029
448.092
448.13
448.146
448.142
448.12
448.075
448.013
447.193
446.965
446.851
446.716
446.564
445.678
445.3
445.086
443.449
442.858
442.703
442.703
441.848
441.748
441.695
441.624
441.533
441.427
441.299
441.155
440.994
440.814
440.611
440.406
440.184
439.145
438.782
438.535
438.28
438.024
437.768
437.512
437.261
437.022
436.037
435.713
434.772
434.492
433.603
433.437
433.36
433.281
433.251
433.232
433.219
433.221
433.242
432.678
432.887
433.16
432.71
432.069
432.229
432.724
433.252
434.129
435.031
435.898
436.73
437.681
438.701
439.68
440.618
441.524
442.393
443.223
443.226
443.935
444.67
445.373
446.041
445.896
446.363
446.166
446.568
447.1
447.608
448.082
447.681
447.873
448.271
448.637
448.973
449.282
449.561
449.807
450.023
450.207
450.362
450.491
450.592
450.667
450.712
450.728
450.725
450.694
450.64
450.57
450.48
450.369
450.246
450.1
449.936
449.755
449.561
449.352
448.417
447.994
447.748
447.486
447.205
446.904
445.907
445.521
445.298
444.382
444.095
443.971
443.822
443.655
443.466
443.272
443.063
442.839
442.599
442.347
442.087
441.821
441.554
440.633
439.598
439.291
439.052
438.82
438.595
438.391
438.2
438.025
437.881
437.757
437.654
437.564
437.481
437.42
437.374
437.349
437.433
437.665
437.882
438.097
438.407
438.842
439.258
438.938
439.411
440.279
441.108
441.907
442.729
443.709
444.653
444.725
444.523
443.666
442.633
442.405
443.051
443.841
444.594
445.312
445.997
446.65
447.268
447.851
448.402
448.925
449.416
449.874
450.306
450.703
451.07
451.407
450.883
450.95
450.377
450.466
450.684
450.166
450.263
449.679
449.531
448.921
448.79
448.843
448.125
448.003
447.987
447.946
447.877
447.772
447.657
446.819
446.564
446.407
445.55
445.298
445.105
444.893
444.671
444.441
444.198
443.945
443.683
443.409
443.118
442.815
442.493
442.151
441.798
441.496
440.715
440.466
440.315
440.145
439.966
439.772
439.566
439.356
439.141
438.918
438.699
437.843
437.513
437.319
437.133
436.962
436.799
436.657
436.53
436.433
436.353
436.287
436.251
436.225
436.207
434.736
434.401
433.946
434.044
434.327
434.618
435.057
435.567
436.057
435.772
436.139
436.811
437.535
438.649
439.722
440.755
441.747
442.703
443.619
443.598
444.164
443.257
442.82
443.446
444.21
444.034
443.849
444.448
445.1
445.72
446.3
446.856
446.532
446.88
446.503
446.88
447.307
447.704
448.072
448.408
448.71
448.983
449.223
449.435
449.616
449.768
449.89
449.983
450.045
450.077
450.081
450.061
449.257
449.125
449.038
448.929
448.796
447.939
447.056
446.209
445.178
444.873
444.675
443.767
443.492
443.27
443.037
442.794
442.54
442.279
442.004
441.714
441.405
441.077
440.738
440.436
439.506
439.199
439.063
438.266
437.997
437.027
436.797
436.622
436.441
436.256
436.062
435.872
435.686
435.503
435.339
435.182
435.034
434.908
434.791
434.702
434.633
434.578
434.553
434.545
434.546
434.551
434.577
434.728
434.983
435.23
434.733
435.095
434.849
435.484
436.21
436.9
437.551
438.164
438.102
437.974
438.876
439.907
440.042
440.92
441.848
442.738
443.595
444.411
445.194
445.943
446.65
446.516
447.09
447.709
448.29
448.841
449.357
449.835
450.281
450.692
451.073
451.428
451.745
452.042
451.552
451.578
451.802
451.995
452.159
452.291
451.567
451.561
451.615
451.645
451.643
451.592
450.786
450.558
450.438
450.306
450.153
449.975
449.781
449.568
448.589
448.219
447.249
446.735
446.478
446.209
445.93
445.641
445.346
445.029
444.711
444.386
444.053
443.708
443.352
442.301
441.748
441.35
440.953
440.675
440.512
440.332
440.145
439.954
439.758
439.562
438.72
437.555
437.254
437.088
436.92
436.775
436.63
436.513
435.633
435.379
433.896
433.571
433.57
433.575
433.598
433.613
433.627
432.992
432.395
432.496
432.245
432.644
433.158
433.74
434.493
435.22
435.916
436.583
437.237
438.059
438.885
439.688
440.609
441.59
442.531
443.433
444.3
445.132
445.921
446.681
447.402
448.088
448.739
449.357
449.939
450.491
450.18
450.44
450.909
451.344
451.745
452.118
452.46
452.77
452.22
452.257
452.487
452.693
452.872
453.008
453.119
452.485
452.472
452.51
452.519
452.497
452.44
451.56
451.33
450.491
450.273
450.117
449.935
449.722
448.832
447.719
447.355
447.105
446.844
446.576
446.289
445.991
445.68
445.363
445.037
444.691
444.354
444.01
443.658
442.636
442.205
441.819
441.415
441
440.599
440.375
440.195
440.003
439.8
439.596
439.392
439.191
438.995
438.808
438.628
438.464
438.313
438.162
438.039
437.125
436.86
436.801
436.77
436.751
436.735
436.719
436.698
436.712
436.149
436.408
436.912
437.407
437.906
438.572
439.269
439.932
440.577
441.206
442.02
442.82
443.593
444.464
445.425
446.346
447.23
448.079
448.891
448.833
449.34
450.061
450.746
451.399
452.015
452.598
453.147
453.662
454.144
454.589
455.002
455.383
455.734
456.054
456.344
456.602
456.829
457.024
456.463
456.404
456.524
456.616
456.676
456.702
456.003
455.928
455.865
454.345
453.862
453.758
453.629
453.467
453.278
453.065
452.836
452.588
452.325
451.345
450.854
450.55
450.23
449.901
449.56
449.207
448.845
448.48
448.108
447.726
447.336
446.939
446.535
446.125
445.704
445.278
444.848
444.402
443.941
443.477
443.026
442.815
442.602
442.388
441.379
441.018
440.84
440.671
440.518
440.369
439.423
439.248
439.155
439.094
439.05
438.215
438.02
438.038
438.06
438.081
438.108
438.186
437.752
438.172
438.768
439.508
440.232
440.935
441.608
442.254
442.915
443.754
444.554
445.339
446.273
447.229
448.144
449.025
448.975
449.71
450.5
451.25
451.966
450.977
449.728
450.096
449.862
450.299
450.886
451.44
451.956
452.441
452.892
453.308
453.689
454.04
452.782
452.949
453.232
452.719
452.129
452.16
452.343
452.494
452.617
452.708
451.25
450.426
450.397
450.41
449.697
449.454
449.388
449.292
449.168
449.019
448.85
448.656
448.437
448.194
447.259
446.089
445.671
445.371
445.053
444.722
444.383
443.35
442.817
442.455
442.084
441.705
440.653
440.159
439.779
439.39
438.999
438.608
438.218
437.826
437.436
437.047
436.006
435.375
434.993
434.617
434.273
433.493
433.234
433.163
432.445
432.272
432.234
432.206
432.205
432.23
432.276
432.343
431.647
431.597
431.698
431.792
431.18
430.547
430.936
431.671
432.488
433.306
434.111
434.891
435.638
436.343
437.015
437.726
438.631
439.721
440.776
441.79
442.772
443.715
444.619
445.491
445.456
446.175
446.952
447.691
448.391
449.057
449.674
450.271
450.836
451.367
451.862
452.328
452.756
453.149
453.51
453.841
454.14
454.407
453.829
453.972
454.159
453.511
453.436
453.545
453.627
453.677
453.697
453.689
453.648
453.575
452.724
451.686
451.353
450.438
450.136
449.953
449.743
449.515
449.261
448.99
447.983
447.491
447.174
446.839
446.491
446.136
445.771
444.718
444.167
443.779
443.387
442.313
441.788
441.389
440.987
440.584
440.18
439.772
439.366
438.965
438.564
438.174
437.784
437.38
437.005
436.664
436.572
436.484
436.413
436.355
436.314
436.28
436.25
436.241
436.248
436.267
436.287
436.315
436.361
436.534
437.041
437.56
438.074
438.599
439.343
440.081
440.799
441.492
442.163
441.204
441.482
442.099
442.783
443.802
444.809
444.865
445.524
445.589
445.448
446.146
446.979
447.777
447.687
447.524
448.015
448.702
449.35
449.961
450.54
451.088
451.6
452.078
452.522
452.933
453.312
453.655
453.969
454.25
454.495
454.713
454.897
455.049
455.173
455.264
455.322
455.355
455.36
455.329
455.269
455.18
454.336
453.183
452.788
451.941
451.574
451.375
451.149
450.898
450.63
450.339
450.027
448.987
448.445
448.087
447.721
447.342
446.949
446.546
446.133
445.707
445.277
444.843
444.403
443.963
443.521
443.074
442.628
442.183
441.743
441.312
440.888
439.828
438.633
438.133
437.083
436.671
436.326
434.653
434.127
434.087
434.078
434.073
434.075
434.099
434.14
434.192
434.248
434.306
434.379
433.965
434.118
434.634
435.191
435.75
436.487
437.268
438.029
438.764
439.482
440.171
440.83
441.463
442.093
443.041
444.074
445.07
446.024
446.945
447.828
448.675
449.487
450.259
450.994
451.698
452.367
453
453.602
454.168
454.697
454.366
454.695
455.14
455.554
455.933
456.274
456.588
456.866
457.109
457.318
457.497
457.649
457.75
457.843
457.902
457.923
457.917
457.881
457.074
456.865
456.755
456.617
456.455
456.265
456.048
455.122
454.679
453.02
452.504
452.212
451.896
451.561
451.203
450.83
449.084
448.321
447.926
447.519
447.105
446.677
446.242
445.795
445.356
444.914
443.785
443.166
442.725
442.287
441.852
441.419
440.995
439.901
439.441
439.055
438.681
438.313
437.954
437.602
437.264
436.967
436.914
436.874
436.015
435.83
435.14
435.032
435.062
435.103
435.193
435.501
435.812
436.147
436.707
437.248
437.776
438.295
438.806
439.467
440.194
440.882
440.648
441.006
441.779
442.829
443.887
444.91
445.887
446.832
446.806
447.438
448.29
449.092
449.87
449.764
450.348
451.037
451.694
452.314
452.896
453.447
453.961
454.441
454.086
454.357
454.751
455.115
454.685
454.917
455.194
455.438
455.642
455.821
455.963
456.077
456.164
456.218
455.471
455.259
455.232
455.174
455.094
454.987
454.853
454.693
454.506
454.295
454.056
453.121
452.649
452.359
450.72
449.469
449.081
448.741
447.71
447.275
446.889
446.492
446.078
445.652
445.216
444.094
443.591
443.142
442.689
441.589
440.94
440.487
440.045
439.61
439.172
438.745
438.334
437.929
437.541
437.162
436.802
436.451
436.118
435.801
435.498
435.222
435.076
435.095
435.126
434.335
434.27
434.346
433.61
433.642
433.927
434.298
434.867
435.469
436.05
436.616
437.184
437.912
438.665
439.383
440.081
440.839
441.898
442.994
444.056
445.082
446.072
447.023
447.938
448.814
449.655
450.46
450.356
450.858
451.574
452.256
452.901
453.516
454.096
454.637
454.328
454.616
455.071
455.499
455.894
456.252
455.804
455.242
455.459
455.715
455.938
456.126
456.282
456.407
456.5
456.565
456.598
456.596
456.561
456.488
456.391
456.266
456.118
455.947
455.748
455.523
455.271
454.995
454.691
454.365
454.019
453.654
453.27
452.862
452.441
452.003
451.552
451.086
450.611
450.121
449.625
448.466
447.834
447.322
446.805
446.281
445.761
445.238
444.721
444.195
443.699
443.214
442.738
442.281
441.835
441.417
441.02
440.647
440.29
439.96
438.967
438.609
438.351
438.151
437.364
437.233
437.295
437.362
437.545
437.181
437.438
438.035
438.622
439.193
439.742
440.262
440.755
441.277
441.975
441.987
442.804
442.939
443.944
445.008
446.034
447.02
447.971
448.883
449.758
450.601
451.402
452.17
452.055
452.552
452.368
452.876
452.67
453.123
452.888
452.56
453.017
453.513
453.985
453.605
453.877
454.262
454.614
454.933
455.218
455.468
455.688
455.875
456.032
456.153
456.246
456.307
456.331
456.322
455.536
455.408
455.324
455.209
455.063
454.158
453.848
453.622
453.385
453.127
452.829
451.832
451.324
450.989
449.931
449.442
449.066
448.672
448.263
447.838
447.402
446.952
446.486
446.016
445.534
444.396
443.844
443.344
442.844
442.345
441.851
441.365
440.881
440.415
439.96
439.525
439.112
438.711
438.333
437.286
436.778
436.487
436.22
435.255
434.91
434.727
434.56
433.683
432.836
431.865
431.86
432.281
432.692
433.097
433.507
434.064
434.676
435.271
435.154
435.769
436.816
437.826
438.794
439.723
440.622
441.59
442.672
443.72
443.815
444.549
444.593
445.346
446.239
447.1
447.925
448.711
449.465
449.313
449.782
450.439
451.071
451.666
451.396
451.862
452.369
452.842
453.28
453.677
454.049
454.369
454.672
454.143
454.313
454.534
454.72
454.877
454.997
455.084
455.138
455.163
455.154
455.116
455.047
454.954
454.827
454.677
454.497
454.292
454.065
453.808
453.531
453.23
452.903
452.559
452.189
451.131
449.928
449.413
448.348
447.868
447.444
447.007
446.553
446.086
445.607
445.121
444.626
444.123
443.616
443.109
442.6
441.437
440.761
440.276
439.81
438.694
438.148
437.728
436.643
436.209
435.869
434.887
433.79
433.372
433.153
432.965
432.809
431.972
431.778
430.97
430.691
430.785
431.049
431.49
432.144
432.793
433.418
434.027
434.629
435.45
436.293
437.317
438.304
439.249
440.158
441.049
442.084
443.146
444.155
445.146
446.097
447.012
447.891
448.732
448.673
449.377
450.127
450.837
451.514
452.156
452.764
453.339
453.883
454.393
454.026
454.393
454.815
455.204
455.555
455.875
456.166
456.418
456.637
456.815
456.96
457.071
457.163
457.225
457.244
457.231
457.191
457.122
456.29
456.096
455.956
455.787
455.587
455.35
455.098
454.825
454.524
454.206
453.865
453.508
453.13
452.737
452.322
451.892
451.451
450.998
450.527
450.041
449.544
449.036
448.517
447.987
447.45
446.911
446.367
445.824
445.284
444.749
444.224
443.06
442.401
441.921
441.465
441.026
440.61
440.223
439.209
438.822
438.528
438.265
438.029
437.819
436.913
436.589
435.722
435.575
435.718
435.145
435.08
435.476
436.091
436.69
437.315
438.109
438.89
438.744
438.565
439.31
440.261
441.175
442.097
443.206
444.273
445.306
445.372
446.239
447.17
447.189
447.819
448.66
449.466
450.232
450.968
451.669
451.495
451.911
452.524
453.099
452.814
453.175
452.841
453.236
453.678
453.283
453.447
452.992
453.105
453.415
453.681
453.907
454.112
454.274
454.41
454.523
454.595
454.637
454.645
454.609
454.543
453.707
453.523
453.382
453.206
452.279
451.869
450.934
450.455
450.205
449.931
449.633
449.32
448.987
448.639
448.276
447.892
447.497
447.09
446.664
446.224
445.767
444.626
443.972
443.479
442.993
442.487
441.981
441.47
440.964
440.451
439.948
439.459
438.981
437.864
437.31
436.903
436.52
436.169
435.837
434.872
434.423
433.509
432.422
432.118
431.981
431.86
431.752
431.659
431.643
431.142
431.293
431.738
432.168
432.607
432.505
433.242
434.099
435.039
435.148
435.923
435.988
436.71
437.667
438.806
439.929
441.013
442.061
443.072
444.043
444.091
444.758
444.751
445.445
446.267
447.053
447.802
448.514
449.199
449.846
450.46
451.036
450.748
451.124
451.614
452.07
452.494
452.055
452.149
452.486
451.966
452.111
452.363
452.583
452.774
452.932
452.316
452.212
452.28
452.316
452.325
452.303
452.246
452.144
451.311
451.103
450.939
450.754
450.541
450.31
450.061
449.787
449.492
449.174
448.839
448.49
448.122
447.737
447.342
446.931
446.5
446.057
444.948
443.765
443.126
442.655
442.18
441.694
440.556
439.952
439.464
438.982
437.851
437.324
436.87
436.429
436.005
435.602
435.227
434.877
434.561
434.276
433.329
432.919
432.722
432.538
432.372
432.235
432.172
432.358
432.544
431.9
431.838
432.02
431.506
431.789
431.684
432.243
433.223
434.319
435.376
436.395
437.382
438.437
439.605
440.733
441.826
442.879
442.989
443.892
443.951
444.641
445.538
446.396
447.223
448.014
448.764
449.483
450.168
450.817
451.43
452.011
452.537
453.05
453.532
453.977
454.393
454.774
455.12
455.434
455.716
455.164
455.254
455.451
455.617
454.977
455.008
455.086
455.132
455.146
455.125
454.35
454.158
453.338
453.147
453.006
452.091
451.716
451.502
451.268
449.597
449.085
448.811
448.52
448.209
447.88
446.835
446.289
445.923
445.539
444.477
443.954
443.535
443.11
442.673
442.222
441.763
441.294
440.158
439.568
438.434
437.85
437.388
436.929
436.477
435.39
434.784
434.368
433.331
432.845
431.852
431.485
431.213
430.966
430.741
429.156
427.802
427.474
427.371
427.413
427.614
427.831
428.054
428.276
428.494
428.725
428.425
428.775
429.384
430.297
431.196
431.125
431.891
433.077
434.347
434.675
435.722
436.886
438.012
439.102
440.153
441.165
442.14
443.077
443.975
444.832
444.771
445.397
446.169
446.91
447.611
448.276
448.909
449.504
449.215
449.608
450.119
450.596
451.039
451.445
451.818
452.162
452.47
452.749
452.992
452.414
452.525
452.682
452.806
452.896
452.958
452.985
452.983
452.948
452.882
452.782
452.654
452.495
452.309
452.098
451.863
451.588
451.299
450.292
449.849
449.515
449.164
448.798
448.416
448.016
447.602
447.176
446.742
446.295
445.837
445.368
444.885
444.398
443.905
443.406
442.903
442.401
441.903
441.407
440.918
440.438
439.316
438.693
438.262
437.851
437.466
437.094
436.765
436.464
436.181
435.922
435.69
435.624
435.704
435.806
435.929
436.056
436.191
436.319
436.439
435.87
435.971
436.584
436.479
437.125
437.913
438.701
439.688
440.718
440.961
440.894
441.762
442.847
442.989
443.854
443.958
444.002
444.865
445.773
446.648
446.611
447.195
447.978
448.725
449.432
450.112
450.754
451.351
451.925
452.465
452.969
453.443
453.883
453.453
453.754
454.107
454.427
454.712
454.969
455.189
454.594
454.617
454.751
454.853
454.93
454.22
454.039
454.035
453.995
453.923
453.065
452.793
452.648
452.478
452.283
452.06
451.818
451.553
451.263
450.955
449.918
449.445
449.081
448.712
447.625
447.032
446.626
446.205
445.775
445.332
444.877
444.417
443.947
443.471
442.995
442.516
442.035
441.557
441.082
440.597
440.131
439.674
439.224
438.793
438.39
438.007
437.648
437.313
436.987
436.685
436.408
436.25
436.277
436.332
435.687
435.656
435.758
435.861
435.157
435.177
435.31
435.73
436.332
437.03
437.829
437.79
437.492
438.332
439.311
440.25
441.15
442.025
442.092
442.9
443.009
443.86
444.835
445.774
446.678
447.537
448.365
448.276
448.806
448.653
448.317
448.862
449.528
450.156
450.752
451.312
451.836
452.327
452.78
453.205
453.589
453.947
454.27
454.562
454.82
455.043
455.234
455.392
455.518
455.614
455.669
455.705
455.708
455.682
455.624
454.788
454.471
454.335
454.175
453.987
453.779
453.54
453.279
452.998
452.695
452.374
452.034
450.989
450.497
450.114
449.715
449.302
448.219
447.609
447.165
446.705
446.242
445.119
444.586
443.447
442.915
442.441
441.968
441.502
441.034
440.562
440.096
439.639
439.197
438.784
438.391
438.02
437.666
437.329
437.009
436.705
436.441
436.378
436.399
436.436
436.506
436.594
435.998
435.401
434.672
434.63
434.714
434.952
435.41
436.096
436.894
437.668
438.555
439.544
440.499
441.428
441.398
442.184
443.018
443.815
444.597
444.606
445.409
446.341
447.239
448.094
448.92
449.704
450.452
451.147
451.825
452.47
453.08
453.659
454.203
454.715
455.193
455.634
456.046
455.608
454.176
454.247
453.749
453.976
454.243
454.473
454.667
454.097
453.256
453.248
452.541
452.488
452.546
452.574
451.78
451.553
451.504
450.724
450.505
450.39
450.249
450.083
449.893
449.679
449.439
449.177
448.894
448.591
448.271
447.934
447.577
447.198
446.114
445.476
445.073
443.976
443.381
442.957
442.531
442.097
441.661
441.218
440.767
440.324
439.22
438.609
438.19
437.77
437.364
436.974
436.615
436.271
435.941
434.961
434.469
433.508
433.07
433.087
433.124
433.172
432.532
431.77
431.681
431.793
431.896
431.317
431.28
431.395
431.817
432.413
432.337
432.092
432.639
433.409
434.182
435.166
436.119
437.047
437.941
437.892
438.505
439.346
440.15
440.922
441.655
442.354
443.039
443.9
444.755
445.576
446.356
447.1
447.809
448.485
449.124
449.729
450.297
450.831
451.336
451.804
452.235
452.635
452.999
453.331
453.631
453.899
454.13
454.337
454.509
454.651
454.763
454.845
454.895
454.912
454.902
454.859
454.787
454.685
454.554
454.396
454.217
454.012
453.778
453.525
453.25
452.958
452.647
451.604
451.092
450.021
449.544
449.174
448.788
448.392
447.98
446.903
446.303
445.868
445.428
444.982
444.531
443.427
442.717
442.268
441.819
441.373
440.939
440.496
440.087
439.69
439.309
438.276
437.863
437.529
437.224
437.072
436.371
436.242
436.252
435.468
434.644
434.65
434.73
434.816
434.899
434.967
435.021
434.305
434.63
435.372
436.152
436.902
437.631
438.345
439.2
440.112
441.001
441.864
442.7
443.513
444.293
445.051
445.781
446.476
447.128
447.75
448.347
449.008
449.795
450.544
451.26
451.943
452.592
453.202
453.778
454.319
454.825
455.302
455.745
456.153
456.527
456.866
457.169
457.443
456.881
456.957
457.145
457.3
457.425
456.757
456.642
456.699
456.72
456.711
456.671
455.803
455.644
455.531
455.389
455.224
455.028
454.812
454.573
454.31
454.024
453.711
453.371
453.03
452.674
451.583
451.02
450.628
450.223
449.805
449.376
448.934
448.484
448.029
446.875
446.233
445.09
444.52
444.067
443.614
443.169
442.718
441.614
441.024
440.621
440.236
439.864
439.508
439.165
438.841
438.54
438.47
438.452
438.46
438.48
438.512
437.893
436.861
436.838
436.895
436.934
436.981
437.168
437.649
438.336
439.071
438.988
439.575
440.243
440.974
441.847
442.697
443.523
444.327
445.107
444.965
445.625
445.477
446.1
446.778
446.538
446.932
447.536
448.104
448.641
449.194
449.929
450.619
451.283
451.906
452.498
453.05
453.572
454.064
454.519
454.941
455.33
454.827
454.111
454.201
454.488
454.729
454.955
455.147
455.306
455.435
455.533
455.602
454.842
453.891
452.98
452.839
452.798
451.221
451.006
450.157
449.822
448.926
448.588
448.421
448.233
448.024
447.099
446.788
446.53
445.535
445.087
444.791
444.482
444.159
443.82
443.472
443.117
442.082
441.539
441.163
440.775
440.386
439.992
439.593
439.197
438.124
437.493
437.12
436.77
436.432
436.109
435.806
435.519
435.232
434.966
434.043
433.944
433.991
434.058
434.134
433.539
433.507
433.587
432.851
432.862
433.067
433.4
432.943
433.24
433.791
434.468
435.217
435.931
435.859
436.475
436.477
437.114
437.982
438.822
439.64
440.429
441.197
441.936
441.863
442.312
442.993
442.816
443.325
443.176
443.627
444.203
444.753
444.438
444.716
445.176
445.615
445.346
445.838
446.436
447.001
447.534
448.032
447.632
447.014
447.232
447.624
447.982
447.559
447.724
447.992
448.228
448.435
448.611
448.754
448.864
448.945
448.994
449.014
449.006
448.971
448.122
447.857
447.757
447.633
447.486
447.323
447.134
446.925
446.7
445.713
445.212
444.94
444.653
444.351
444.029
443.697
443.352
442.992
442.621
442.242
441.862
441.476
441.084
440.695
440.31
439.246
438.798
438.424
437.397
436.878
436.56
436.253
435.964
435.703
435.455
435.21
434.982
434.782
434.619
434.666
434.763
434.841
434.915
434.986
434.411
434.654
434.982
435.35
435.904
436.419
436.93
437.616
438.309
438.998
439.884
439.992
439.833
440.422
441.223
441.997
442.747
443.471
444.171
444.85
445.505
446.136
446.743
447.324
447.882
448.422
448.937
449.422
449.884
448.689
448.811
449.207
449.568
449.898
450.297
449.996
450.35
450.824
451.266
451.671
451.186
450.517
450.641
450.944
451.212
451.448
451.652
451.821
451.954
452.059
451.389
451.235
451.265
451.269
450.433
450.322
450.255
450.164
450.045
449.12
448.196
447.906
447.726
447.532
447.313
447.078
446.821
446.546
446.257
445.948
445.626
445.294
444.945
444.587
444.216
443.837
443.449
443.062
442.658
442.269
441.876
441.494
441.118
440.754
440.396
440.05
439.721
439.411
439.111
438.809
438.528
438.259
438.027
437.993
438.035
438.087
438.153
436.927
436.614
436.676
436.76
436.503
436.981
437.522
438.046
438.55
438.199
438.404
438.831
439.256
439.888
440.692
441.526
442.334
442.195
442.713
443.45
444.163
444.851
445.513
446.151
446.764
447.36
447.159
447.488
448.021
448.527
449.014
449.479
449.921
450.335
450.721
451.07
451.388
450.867
449.349
449.407
449.016
449.338
449.022
449.376
449.76
450.109
450.426
450.705
450.958
451.179
451.368
450.76
450.827
450.936
450.204
449.265
449.081
449.102
449.103
449.077
449.013
448.217
448.052
447.927
447.786
447.624
447.437
447.233
447.011
446.769
446.517
446.246
445.961
445.661
445.352
445.031
444.702
444.365
444.018
443.668
443.311
442.945
441.919
440.902
440.367
440.02
439.674
439.338
439.016
438.699
438.384
436.726
436.062
435.784
435.711
435.711
435.723
435.751
435.79
435.84
435.895
435.952
436
436.035
436.071
436.228
436.626
437.172
437.693
438.191
438.664
439.109
439.569
440.217
440.921
441.766
442.579
443.362
444.112
444.052
444.502
445.17
445.814
446.437
447.035
447.608
448.162
448.69
448.43
448.05
448.289
448.752
449.193
449.604
449.993
450.362
450.704
451.014
450.524
450.54
449.948
450.033
450.457
450.867
450.496
450.774
451.101
451.392
451.652
451.882
451.227
451.251
451.401
451.512
451.595
451.647
451.673
451.666
451.638
451.586
451.505
451.4
451.27
451.119
450.943
450.745
449.745
449.334
449.101
448.849
448.585
448.307
448.011
447.703
447.39
447.065
446.731
446.388
446.042
445.693
445.339
444.987
444.631
443.561
443.043
442.702
442.367
442.036
441.703
439.955
439.479
438.516
438.098
438.077
438.067
438.065
437.254
437.165
437.204
437.259
437.317
437.375
437.432
437.483
437.564
438.076
438.596
439.101
438.653
439.054
439.513
439.951
439.455
439.842
440.476
440.302
440.956
440.882
441.564
441.436
441.956
442.665
442.621
443.127
443.766
444.379
444.968
445.532
446.062
446.582
446.214
446.472
446.937
447.379
447.797
447.416
447.711
448.07
447.647
447.744
447.311
447.382
447.609
446.984
447.09
446.528
446.839
447.204
447.54
447.835
448.109
448.352
447.708
447.83
447.989
447.279
446.495
446.417
446.492
446.535
446.552
446.549
444.964
444.785
444.717
444.63
444.523
444.399
443.558
443.286
443.113
442.925
442.721
442.499
442.264
442.019
441.767
441.504
441.234
440.954
440.668
440.375
440.08
439.783
439.481
439.187
438.895
438.606
438.326
438.051
437.777
437.5
437.226
436.284
436.099
436.106
436.124
436.126
436.169
436.228
435.597
435.605
435.663
435.712
435.77
435.925
435.487
435.686
436.22
436.741
437.255
437.747
438.213
438.659
439.246
439.88
439.708
440.225
440.116
440.818
441.578
442.312
443.015
443.684
443.42
443.881
444.48
445.056
445.608
446.133
445.885
446.148
445.742
445.177
444.001
443.308
443.669
444.091
444.488
444.865
445.211
445.537
445.834
446.105
446.339
446.54
446.72
447.001
447.371
447.709
448.013
448.282
448.527
448.737
448.916
449.065
449.185
449.278
449.343
449.377
448.704
448.565
448.534
448.472
448.388
448.279
448.147
447.995
447.823
447.635
446.757
446.412
446.181
445.935
445.68
445.415
445.13
444.848
444.553
444.257
443.953
442.985
442.612
442.304
441.991
441.674
440.057
439.398
439.102
438.802
438.495
438.195
437.916
437.863
437.832
437.798
437.778
437.761
436.931
436.13
436.1
435.458
435.445
435.496
435.542
434.893
434.062
434.097
434.407
434.823
435.362
435.884
436.379
436.858
437.356
438.036
438.682
439.294
439.895
440.659
441.443
442.194
442.918
443.608
444.265
444.894
445.495
446.069
446.617
447.14
447.638
448.113
448.566
448.996
448.651
448.895
449.268
449.622
449.953
450.261
450.545
450.807
451.04
451.247
450.667
450.705
450.833
450.939
450.327
450.419
450.701
450.954
451.168
450.608
449.586
449.603
449.021
449.06
449.135
449.184
449.203
449.188
448.454
448.272
448.196
448.096
447.979
447.153
446.817
446.653
445.802
444.944
444.627
444.418
444.2
443.97
443.729
443.477
443.208
442.936
442.66
441.711
441.299
440.341
439.985
439.702
439.414
439.128
438.839
438.55
438.26
437.97
437.678
437.407
437.302
437.301
437.294
437.296
437.303
437.315
437.343
437.378
437.421
436.767
436.644
436.709
436.766
436.857
437.171
437.597
438.116
438.616
439.105
439.567
440.009
440.429
440.134
440.394
440.771
441.349
441.914
441.661
442.092
442.593
443.067
443.514
443.937
443.505
443.788
444.163
444.519
444.855
445.172
445.473
445.74
445.226
444.599
444.701
444.159
444.311
444.535
444.74
444.929
444.311
444.28
444.43
444.554
444.65
444.718
444.765
444.902
445.154
445.389
445.597
444.937
444.86
445.002
445.122
445.22
445.298
445.352
445.382
445.386
444.632
443.643
443.488
443.442
443.381
443.304
442.424
442.255
442.137
442.008
441.867
441.72
441.564
440.725
440.503
440.27
440.019
439.844
439.664
439.478
439.29
438.921
438.607
437.705
436.878
436.643
436.454
436.265
436.075
435.895
435.844
435.92
435.997
436.074
436.153
436.225
436.294
436.363
436.437
435.872
435.818
435.885
435.948
435.304
435.448
435.749
436.024
436.292
436.631
436.32
436.644
437.108
437.584
438.037
438.462
438.174
438.371
438.722
439.08
438.839
439.024
439.482
439.209
438.774
439.052
439.519
439.963
440.378
440.556
440.78
440.337
439.843
440.118
440.436
440.738
441.026
441.291
441.544
441.78
441.18
440.55
440.695
440.89
441.07
441.236
440.604
440.588
440.708
440.806
440.872
440.917
440.954
441.158
441.381
441.585
441.764
441.924
442.056
442.164
442.251
442.315
442.36
442.384
442.389
441.759
441.113
440.959
440.907
440.838
440.754
440.654
440.541
440.418
440.288
440.151
440.005
439.852
439.694
439.533
439.363
439.19
439.017
438.838
438.661
438.479
437.67
437.365
437.192
437.006
436.825
436.629
436.583
436.022
435.393
435.364
434.616
434.559
434.668
434.767
434.857
434.95
435.035
435.121
435.312
435.644
435.97
436.276
436.567
436.846
437.123
437.58
438.075
438.551
438.224
438.547
438.971
439.371
439.744
440.097
440.446
440.987
441.524
442.031
442.515
442.968
443.4
443.807
444.192
444.553
444.893
445.208
445.499
445.776
446.031
446.266
446.487
446.691
446.876
447.046
447.201
447.335
447.457
447.565
447.659
447.736
447.798
447.845
447.874
447.882
447.864
447.817
447.759
447.786
447.727
447.792
447.904
447.987
448.045
448.079
448.089
448.075
448.043
447.995
447.123
446.376
446.024
445.928
445.817
445.695
445.538
445.389
445.236
445.073
444.901
444.717
444.528
444.338
444.144
443.945
443.743
443.541
443.338
443.132
442.024
441.692
441.341
440.934
440.746
440.549
440.353
440.213
440.276
440.337
440.397
440.452
440.5
440.55
439.862
439.772
439.809
439.865
440.141
440.417
440.69
440.955
441.216
441.459
441.682
441.881
442.082
442.42
442.852
443.267
443.66
444.03
443.602
443.746
444.05
444.353
444.832
445.332
445.806
446.253
446.674
446.317
446.462
446.82
447.157
447.471
447.76
448.029
448.27
448.496
448.707
448.156
448.165
448.333
448.484
448.618
448.739
448.844
448.935
449.014
449.08
449.128
449.158
449.173
448.445
448.291
448.259
448.202
448.119
448.027
448.01
448.127
447.929
447.841
447.899
447.935
447.946
447.939
447.913
447.866
447.801
447.716
447.614
446.708
446.462
446.324
446.179
446.024
445.858
445.685
445.507
445.326
445.142
443.653
443.324
443.14
442.949
442.753
442.555
442.357
442.161
441.973
441.788
440.905
440.649
440.464
439.585
439.201
439.038
438.879
438.067
437.789
437.669
437.544
437.422
437.311
437.275
437.251
437.302
436.643
436.58
436.626
436.693
436.752
436.821
436.914
436.989
437.159
437.336
437.493
437.641
437.769
437.908
438.039
438.169
438.288
438.408
438.522
438.631
438.731
438.826
438.918
439.007
439.096
439.131
439.14
439.152
439.164
439.178
439.194
439.214
439.24
439.271
439.309
439.353
439.396
439.453
439.511
439.577
439.63
439.727
439.829
439.935
440.043
440.142
440.231
440.319
440.427
440.78
441.131
441.472
441.791
442.08
442.363
442.672
442.956
443.248
443.533
443.808
444.075
444.334
444.584
444.827
445.064
445.293
445.481
445.695
445.901
446.098
446.288
446.472
446.642
446.808
446.968
447.123
447.274
447.419
447.555
447.684
447.807
447.923
448.029
448.121
448.237
448.38
448.517
448.648
448.771
448.88
448.986
449.083
449.169
449.245
449.313
449.377
449.433
449.484
449.531
449.571
449.606
449.637
449.663
449.686
449.699
449.713
449.708
449.712
449.442
449.37
449.369
449.365
449.356
449.342
449.327
449.31
449.294
449.278
449.261
449.244
449.234
449.227
449.226
449.232
449.245
449.267
449.293
449.33
449.375
449.422
449.482
449.545
449.613
449.675
449.731
449.773
449.815
449.999
450.334
450.661
450.978
450.929
451.125
451.421
451.701
451.98
452.25
452.509
452.76
453.003
453.235
453.462
453.682
453.893
454.093
454.287
454.473
454.651
454.821
454.985
455.137
455.284
455.423
455.557
455.683
455.801
455.911
456.012
456.108
456.193
456.271
456.341
456.403
456.455
456.505
456.548
456.581
456.609
456.623
456.626
456.626
456.62
456.608
456.594
456.575
456.552
456.521
456.486
456.448
456.406
456.056
455.858
455.809
455.755
455.702
455.645
455.585
455.523
455.457
455.386
455.313
455.237
455.162
455.087
455.014
454.942
454.873
454.808
454.75
454.693
454.65
454.611
454.582
454.557
454.54
454.525
454.524
454.532
454.544
454.549
454.556
454.552
454.541
454.546
454.551
