0.025852
0.0511959
0.076472
0.101746
0.126985
0.152223
0.177486
0.202724
0.227983
0.253227
0.278492
0.303757
0.329033
0.354312
0.3796
0.404892
0.43019
0.455476
0.480757
0.506057
0.531344
0.556641
0.581911
0.607181
0.632458
0.657732
0.683018
0.708281
0.733563
0.758846
0.784155
0.809426
0.834716
0.860024
0.88533
0.910626
0.935909
0.961198
0.98649
1.01179
1.03712
1.06249
1.0878
1.11309
1.13838
1.16365
1.18894
1.21421
1.23949
1.26476
1.29005
1.31535
1.34065
1.36595
1.39125
1.41655
1.44187
1.46717
1.49247
1.51778
1.54308
1.56838
1.59369
1.61899
1.64429
1.66959
1.69492
1.72021
1.74549
1.77076
1.79603
1.82133
1.84662
1.87193
1.89722
1.92249
1.94781
1.97313
1.99843
2.02373
2.04906
2.07437
2.09966
2.12496
2.15026
2.17557
2.20087
2.22617
2.25149
2.27679
2.30207
2.32736
2.35264
2.37795
2.40327
2.42864
2.45398
2.47929
2.5046
2.52989
2.55515
2.58041
2.60569
2.63099
2.65629
2.68157
2.70684
2.73213
2.75742
2.78273
2.80805
2.83336
2.85866
2.88395
2.90928
2.93459
2.95989
2.9852
3.0105
3.03578
3.06108
3.08638
3.11168
3.13696
3.16225
3.18754
3.21284
3.23814
3.26344
3.28874
3.31407
3.33938
3.36465
3.38995
3.41525
3.44053
3.4658
3.4911
3.51638
3.54168
3.56698
3.59228
3.61759
3.64287
3.66817
3.69348
3.71878
3.74407
3.76943
3.79478
3.8201
3.84541
3.87073
3.89603
3.92131
3.94661
3.9719
3.99721
4.0225
4.04779
4.0731
4.09841
4.12371
4.14902
4.17431
4.19961
4.22493
4.25024
4.27556
4.30087
4.32618
4.35149
4.3768
4.4021
4.42741
4.45271
4.47801
4.50331
4.52861
4.55392
4.57923
4.60454
4.62986
4.65513
4.68044
4.70573
4.73102
4.75632
4.78162
4.80693
4.83222
4.85752
4.88283
4.90813
4.93344
4.95875
4.98406
5.00942
5.03472
5.06001
5.08531
5.11061
5.13591
5.1612
5.18649
5.21177
5.23708
5.26239
5.28768
5.31299
5.3383
5.36361
5.38889
5.41418
5.43948
5.46479
5.4901
5.51542
5.54073
5.56604
5.59134
5.61664
5.64202
5.66735
5.69265
5.71796
5.74327
5.7686
5.79391
5.81923
5.84454
5.86985
5.89515
5.92046
5.94576
5.97105
5.99635
6.02165
6.04695
6.07226
6.09757
6.12286
6.14816
6.17344
6.19874
6.22402
6.24933
6.27464
6.29995
6.32527
6.3506
6.37591
6.40121
6.42651
6.45182
6.47714
6.5025
6.52783
6.55313
6.57842
6.60372
6.62901
6.6543
6.67963
6.70496
6.73028
6.75558
6.78089
6.80622
6.83153
6.85684
6.88213
6.90744
6.93274
6.95806
6.98335
7.00865
7.03396
7.05926
7.08458
7.10985
7.13514
7.16044
7.18575
7.21103
7.23637
7.26173
7.28703
7.31233
7.33759
7.36288
7.38824
7.41356
7.43885
7.46414
7.48945
7.51475
7.54004
7.56535
7.59063
7.61595
7.64126
7.66656
7.69189
7.71721
7.74251
7.76781
7.79312
7.81843
7.84374
7.86902
7.89431
7.9196
7.94492
7.97023
7.99553
8.02088
8.04623
8.07155
8.09686
8.12216
8.14746
8.17275
8.19805
8.22334
8.24865
8.27396
8.29927
8.32456
8.34985
8.37517
8.40045
8.42574
8.45103
8.47634
8.50164
8.52694
8.55225
8.57755
8.60287
8.62818
8.65349
8.67879
8.70409
8.7294
8.75469
8.77998
8.80527
8.83054
8.85584
8.88116
8.90646
8.93176
8.95705
8.98234
9.00764
9.03292
9.05819
9.08347
9.10877
9.13408
9.1594
9.1847
9.21
9.23528
9.2606
9.28592
9.31121
9.33651
9.36181
9.38712
9.41243
9.43774
9.46304
9.48835
9.51371
9.53906
9.56439
9.58971
9.615
9.64031
9.6656
9.6909
9.7162
9.74153
9.76684
9.79213
9.81743
9.84273
9.86804
9.89334
9.91864
9.94395
9.96927
9.99461
10.0199
10.0452
10.0705
10.0958
10.1211
10.1465
10.1717
10.197
10.2223
10.2476
10.2729
10.2982
10.3235
10.3488
10.3741
10.3994
10.4247
10.45
10.4753
10.5006
10.5259
10.5512
10.5765
10.6018
10.6271
10.6524
10.6777
10.703
10.7283
10.7536
10.7789
10.8043
10.8296
10.8549
10.8802
10.9055
10.9308
10.9561
10.9814
11.0067
11.032
11.0573
11.0826
11.108
11.1333
11.1586
11.1839
11.2092
11.2345
11.2598
11.2851
11.3104
11.3356
11.361
11.3863
11.4116
11.4369
11.4622
11.4875
11.5128
11.5381
11.5634
11.5886
11.6139
11.6393
11.6646
11.6899
11.7152
11.7406
11.7659
11.7912
11.8165
11.8418
11.8671
11.8924
11.9178
11.9431
11.9685
11.9938
12.0191
12.0444
12.0697
12.095
12.1203
12.1456
12.1709
12.1962
12.2215
12.2468
12.2721
12.2974
12.3227
12.348
12.3733
12.3986
12.4239
12.4492
12.4745
12.4998
12.5251
12.5504
12.5757
12.601
12.6263
12.6516
12.6769
12.7022
12.7274
12.7527
12.778
12.8033
12.8286
12.8539
12.8792
12.9045
12.9299
12.9552
12.9805
13.0058
13.0311
13.0564
13.0817
13.107
13.1324
13.1577
13.183
13.2083
13.2337
13.259
13.2843
13.3096
13.3349
13.3602
13.3855
13.4108
13.4361
13.4614
13.4867
13.5121
13.5374
13.5627
13.588
13.6133
13.6386
13.6639
13.6892
13.7145
13.7398
13.7651
13.7904
13.8157
13.841
13.8662
13.8916
13.9169
13.9421
13.9674
13.9927
14.0181
14.0434
14.0687
14.0939
14.1192
14.1445
14.1698
14.1952
14.2205
14.2458
14.271
14.2963
14.3217
14.347
14.3723
14.3976
14.4229
14.4482
14.4735
14.4988
14.5241
14.5494
14.5747
14.6
14.6253
14.6506
14.6758
14.7011
14.7264
14.7517
14.777
14.8023
14.8276
14.8529
14.8782
14.9035
14.9288
14.9541
14.9795
15.0047
15.0301
15.0554
15.0806
15.1059
15.1312
15.1565
15.1818
15.2071
15.2324
15.2576
15.2829
15.3082
15.3335
15.3588
15.3841
15.4094
15.4347
15.4599
15.4852
15.5105
15.5358
15.5611
15.5864
15.6117
15.637
15.6623
15.6876
15.7129
15.7382
15.7635
15.7888
15.8141
15.8393
15.8646
15.8899
15.9152
15.9405
15.9658
15.9911
16.0164
16.0417
16.067
16.0923
16.1176
16.1429
16.1682
16.1935
16.2188
16.2441
16.2694
16.2947
16.32
16.3453
16.3706
16.3959
16.4212
16.4465
16.4718
16.4971
16.5224
16.5477
16.573
16.5983
16.6236
16.6488
16.6741
16.6994
16.7247
16.75
16.7752
16.8005
16.8258
16.8511
16.8764
16.9017
16.927
16.9523
16.9776
17.0029
17.0282
17.0535
17.0788
17.1041
17.1294
17.1547
17.18
17.2054
17.2307
17.256
17.2813
17.3066
17.3319
17.3572
17.3826
17.4079
17.4332
17.4585
17.4838
17.5091
17.5344
17.5597
17.585
17.6103
17.6357
17.661
17.6863
17.7116
17.7369
17.7622
17.7875
17.8128
17.8381
17.8634
17.8886
17.914
17.9392
17.9646
17.9899
18.0152
18.0405
18.0658
18.0911
18.1164
18.1417
18.167
18.1923
18.2175
18.2428
18.2681
18.2934
18.3187
18.344
18.3693
18.3947
18.42
18.4453
18.4706
18.4959
18.5212
18.5465
18.5718
18.5971
18.6224
18.6477
18.673
18.6982
18.7235
18.7488
18.7741
18.7994
18.8247
18.85
18.8753
18.9006
18.9259
18.9512
18.9765
19.0018
19.0272
19.0525
19.0778
19.103
19.1283
19.1536
19.1789
19.2043
19.2296
19.2549
19.2802
19.3055
19.3308
19.3561
19.3814
19.4067
19.432
19.4573
19.4826
19.5079
19.5332
19.5585
19.5838
19.6091
19.6344
19.6597
19.685
19.7103
19.7356
19.7609
19.7862
19.8116
19.8369
19.8622
19.8875
19.9128
19.9381
19.9634
19.9887
20.014
20.0394
20.0647
20.09
20.1154
20.1407
20.166
20.1913
20.2166
20.242
20.2673
20.2925
20.3178
20.3431
20.3684
20.3937
20.419
20.4443
20.4696
20.4949
20.5202
20.5455
20.5708
20.5961
20.6215
20.6468
20.6721
20.6974
20.7227
20.748
20.7733
20.7986
20.8239
20.8492
20.8745
20.8998
20.9251
20.9504
20.9757
21.001
21.0263
21.0516
21.0769
21.1022
21.1275
21.1528
21.1781
21.2034
21.2286
21.254
21.2793
21.3046
21.3299
21.3552
21.3805
21.4058
21.4311
21.4564
21.4817
21.507
21.5323
21.5576
21.5829
21.6081
21.6334
21.6587
21.684
21.7093
21.7347
21.76
21.7853
21.8106
21.8359
21.8612
21.8865
21.9118
21.9371
21.9624
21.9877
22.013
22.0383
22.0636
22.0889
22.1142
22.1395
22.1648
22.1901
22.2154
22.2407
22.266
22.2913
22.3167
22.342
22.3673
22.3926
22.4179
22.4432
22.4685
22.4938
22.5191
22.5444
22.5697
22.595
22.6203
22.6456
22.6708
22.6961
22.7214
22.7467
22.772
22.7973
22.8226
22.8479
22.8732
22.8985
22.9238
22.9491
22.9744
22.9997
23.025
23.0503
23.0757
23.1009
23.1262
23.1515
23.1768
23.2021
23.2274
23.2527
23.278
23.3033
23.3286
23.3539
23.3792
23.4045
23.4298
23.4551
23.4804
23.5057
23.531
23.5563
23.5816
23.6069
23.6322
23.6575
23.6828
23.7081
23.7334
23.7587
23.784
23.8093
23.8346
23.8599
23.8852
23.9105
23.9357
23.961
23.9863
24.0116
24.0368
24.0621
24.0874
24.1126
24.1379
24.1632
24.1885
24.2137
24.239
24.2643
24.2896
24.3149
24.3402
24.3655
24.3908
24.4161
24.4414
24.4667
24.492
24.5173
24.5426
24.5679
24.5932
24.6186
24.6439
24.6692
24.6945
24.7198
24.7451
24.7704
24.7957
24.821
24.8464
24.8717
24.897
24.9223
24.9476
24.9729
24.9982
25.0235
25.0488
25.0741
25.0994
25.1247
25.15
25.1753
25.2006
25.2259
25.2512
25.2764
25.3017
25.327
25.3523
25.3776
25.4029
25.4282
25.4535
25.4788
25.5041
25.5294
25.5547
25.58
25.6054
25.6307
25.656
25.6813
25.7066
25.7319
25.7572
25.7825
25.8078
25.8331
25.8584
25.8837
25.909
25.9343
25.9597
25.985
26.0103
26.0356
26.0609
26.0862
26.1115
26.1369
26.1622
26.1875
26.2129
26.2382
26.2635
26.2888
26.3141
26.3394
26.3647
26.39
26.4153
26.4407
26.4661
26.4914
26.5167
26.542
26.5673
26.5926
26.6179
26.6432
26.6685
26.6938
26.7191
26.7444
26.7697
26.795
26.8203
26.8456
26.8709
26.8962
26.9215
26.9468
26.9721
26.9974
27.0227
27.048
27.0733
27.0986
27.1239
27.1493
27.1746
27.1999
27.2252
27.2505
27.2758
27.3011
27.3264
27.3517
27.377
27.4023
27.4276
27.4529
27.4783
27.5036
27.5288
27.5541
27.5794
27.6047
27.6301
27.6554
27.6807
27.706
27.7313
27.7566
27.7819
27.8072
27.8325
27.8578
27.8831
27.9084
27.9337
27.959
27.9843
28.0096
28.0349
28.0602
28.0855
28.1108
28.1361
28.1614
28.1867
28.212
28.2373
28.2627
28.288
28.3132
28.3385
28.3638
28.3891
28.4144
28.4397
28.465
28.4903
28.5156
28.5409
28.5663
28.5916
28.6169
28.6422
28.6675
28.6928
28.7181
28.7434
28.7687
28.794
28.8193
28.8446
28.8699
28.8952
28.9205
28.9458
28.971
28.9963
29.0216
29.0469
29.0722
29.0975
29.1228
29.1481
29.1734
29.1987
29.224
29.2493
29.2746
29.2999
29.3252
29.3505
29.3758
29.4011
29.4264
29.4517
29.477
29.5023
29.5276
29.5529
29.5782
29.6035
29.6288
29.6541
29.6794
29.7046
29.7299
29.7552
29.7805
29.8058
29.8311
29.8564
29.8817
29.9069
29.9323
29.9576
29.9829
30.0082
30.0335
30.0588
30.0841
30.1094
30.1347
30.16
30.1853
30.2106
30.2359
30.2612
30.2864
30.3117
30.337
30.3623
30.3876
30.4129
30.4381
30.4634
30.4886
30.5139
30.5391
30.5644
30.5897
30.615
30.6403
30.6656
30.6908
30.7161
30.7414
30.7667
30.792
30.8173
30.8426
30.8679
30.8932
30.9185
30.9437
30.969
30.9943
31.0196
31.0449
31.0702
31.0955
31.1208
31.1461
31.1714
31.1966
31.2219
31.2472
31.2725
31.2978
31.3231
31.3485
31.3738
31.399
31.4243
31.4496
31.4749
31.5002
31.5255
31.5508
31.5761
31.6014
31.6267
31.652
31.6773
31.7026
31.7279
31.7532
31.7785
31.8038
31.8291
31.8544
31.8797
31.905
31.9303
31.9556
31.9809
32.0062
32.0316
32.0569
32.0822
32.1075
32.1327
32.158
32.1833
32.2086
32.2339
32.2592
32.2845
32.3098
32.3351
32.3604
32.3857
32.411
32.4363
32.4617
32.487
32.5123
32.5376
32.5629
32.5882
32.6135
32.6388
32.6641
32.6894
32.7147
32.74
32.7653
32.7906
32.8158
32.8411
32.8664
32.8917
32.917
32.9423
32.9675
32.9928
33.0181
33.0434
33.0686
33.0939
33.1192
33.1445
33.1698
33.1951
33.2204
33.2457
33.271
33.2963
33.3216
33.3469
33.3722
33.3976
33.4229
33.4482
33.4735
33.4988
33.5242
33.5495
33.5748
33.6001
33.6254
33.6507
33.676
33.7013
33.7266
33.7519
33.7772
33.8025
33.8278
33.8531
33.8784
33.9037
33.929
33.9543
33.9796
34.0049
34.0302
34.0555
34.0808
34.1061
34.1315
34.1568
34.1821
34.2074
34.2326
34.2579
34.2833
34.3086
34.3339
34.3592
34.3846
34.4099
34.4352
34.4605
34.4857
34.511
34.5363
34.5616
34.5869
34.6122
34.6375
34.6628
34.6881
34.7134
34.7387
34.764
34.7893
34.8146
34.8399
34.8652
34.8905
34.9158
34.9411
34.9664
34.9916
35.0169
35.0423
35.0676
35.0929
35.1182
35.1435
35.1688
35.1941
35.2194
35.2447
35.27
35.2953
35.3206
35.3459
35.3712
35.3965
35.4218
35.4471
35.4723
35.4976
35.5229
35.5482
35.5736
35.5989
35.6241
35.6494
35.6746
35.6999
35.7251
35.7504
35.7757
35.8009
35.8262
35.8515
35.8767
35.902
35.9273
35.9526
35.9779
36.0031
36.0284
36.0537
36.079
36.1042
36.1295
36.1548
36.1801
36.2054
36.2307
36.256
36.2813
36.3066
36.3318
36.3571
36.3824
36.4077
36.433
36.4583
36.4836
36.5089
36.5342
36.5595
36.5848
36.6101
36.6354
36.6607
36.686
36.7113
36.7366
36.7619
36.7872
36.8125
36.8378
36.863
36.8883
36.9136
36.9389
36.9642
36.9895
37.0148
37.0401
37.0654
37.0907
37.116
37.1413
37.1665
37.1918
37.2171
37.2425
37.2678
37.2931
37.3184
37.3437
37.3689
37.3943
37.4196
37.4448
37.4701
37.4954
37.5206
37.5459
37.5712
37.5965
37.6218
37.6471
37.6723
37.6976
37.7229
37.7482
37.7734
37.7987
37.824
37.8493
37.8746
37.8999
37.9251
37.9504
37.9757
38.0009
38.0262
38.0515
38.0768
38.1021
38.1273
38.1526
38.1779
38.2032
38.2285
38.2538
38.2791
38.3043
38.3296
38.3549
38.3802
38.4054
38.4307
38.456
38.4814
38.5066
38.5319
38.5572
38.5825
38.6078
38.6331
38.6583
38.6836
38.7089
38.7342
38.7595
38.7848
38.8101
38.8354
38.8607
38.886
38.9113
38.9366
38.9619
38.9872
39.0125
39.0378
39.0631
39.0885
39.1138
39.1391
39.1644
39.1897
39.2149
39.2403
39.2656
39.2909
39.3162
39.3415
39.3668
39.3921
39.4173
39.4426
39.4679
39.4932
39.5185
39.5439
39.5692
39.5945
39.6198
39.6451
39.6704
39.6957
39.721
39.7463
39.7716
39.7969
39.8222
39.8475
39.8728
39.8982
39.9235
39.9488
39.9741
39.9993
40.0246
40.0499
40.0752
40.1006
40.1259
40.1512
40.1765
40.2018
40.2271
40.2524
40.2777
40.303
40.3283
40.3536
40.3789
40.4042
40.4295
40.4548
40.48
40.5053
40.5306
40.556
40.5813
40.6066
40.6319
40.6572
40.6825
40.7078
40.733
40.7583
40.7836
40.8089
40.8342
40.8596
40.8849
40.9101
40.9354
40.9607
40.986
41.0113
41.0366
41.0619
41.0872
41.1125
41.1378
41.1631
41.1884
41.2137
41.239
41.2643
41.2896
41.3149
41.3402
41.3655
41.3908
41.4161
41.4415
41.4668
41.4921
41.5174
41.5427
41.5681
41.5934
41.6187
41.644
41.6693
41.6946
41.7199
41.7453
41.7706
41.7959
41.8212
41.8465
41.8718
41.8971
41.9225
41.9478
41.9731
41.9984
42.0237
42.049
42.0743
42.0996
42.1249
42.1502
42.1755
42.2008
42.2261
42.2514
42.2767
42.302
42.3273
42.3526
42.3779
42.4032
42.4285
42.4538
42.4791
42.5044
42.5297
42.5549
42.5802
42.6055
42.6308
42.6561
42.6814
42.7067
42.7319
42.7572
42.7825
42.8078
42.8331
42.8584
42.8837
42.909
42.9343
42.9596
42.9849
43.0102
43.0355
43.0608
43.0861
43.1113
43.1366
43.1619
43.1871
43.2124
43.2377
43.263
43.2883
43.3136
43.3389
43.3642
43.3895
43.4148
43.4401
43.4654
43.4907
43.5161
43.5415
43.5669
43.5921
43.6174
43.6427
43.668
43.6934
43.7187
43.744
43.7693
43.7945
43.8198
43.8451
43.8704
43.8958
43.9211
43.9464
43.9717
43.997
44.0223
44.0476
44.0729
44.0982
44.1235
44.1488
44.1742
44.1995
44.2248
44.2501
44.2754
44.3007
44.326
44.3514
44.3766
44.4019
44.4272
44.4525
44.4778
44.5031
44.5284
44.5537
44.579
44.6043
44.6296
44.6549
44.6802
44.7055
44.7308
44.7561
44.7814
44.8067
44.832
44.8572
44.8826
44.9079
44.9332
44.9584
44.9837
45.009
45.0343
45.0596
45.0849
45.1102
45.1355
45.1608
45.1861
45.2114
45.2368
45.262
45.2873
45.3126
45.3379
45.3633
45.3886
45.4139
45.4392
45.4645
45.4897
45.515
45.5403
45.5656
45.5909
45.6162
45.6415
45.6668
45.6921
45.7174
45.7427
45.768
45.7933
45.8186
45.8439
45.8693
45.8946
45.9199
45.9452
45.9705
45.9958
46.0211
46.0464
46.0717
46.097
46.1223
46.1476
46.1729
46.1982
46.2235
46.2489
46.2742
46.2996
46.3249
46.3502
46.3755
46.4007
46.426
46.4513
46.4766
46.502
46.5272
46.5525
46.5778
46.6031
46.6284
46.6537
46.679
46.7043
46.7296
46.7549
46.7802
46.8055
46.8308
46.8561
46.8814
46.9067
46.932
46.9573
46.9826
47.0079
47.0332
47.0585
47.0838
47.1091
47.1344
47.1597
47.185
47.2103
47.2356
47.2609
47.2862
47.3115
47.3368
47.3621
47.3874
47.4127
47.438
47.4633
47.4887
47.5139
47.5392
47.5645
47.5898
47.6151
47.6404
47.6657
47.691
47.7163
47.7416
47.767
47.7923
47.8176
47.8429
47.8682
47.8935
47.9188
47.9441
47.9694
47.9947
48.02
48.0453
48.0705
48.0958
48.1211
48.1464
48.1717
48.197
48.2223
48.2476
48.2729
48.2982
48.3235
48.3488
48.3741
48.3994
48.4247
48.45
48.4753
48.5006
48.5259
48.5512
48.5765
48.6018
48.6271
48.6524
48.6777
48.703
48.7283
48.7536
48.7789
48.8042
48.8295
48.8548
48.8801
48.9054
48.9307
48.956
48.9813
49.0066
49.0319
49.0572
49.0825
49.1078
49.1331
49.1584
49.1837
49.209
49.2343
49.2596
49.2849
49.3103
49.3356
49.3609
49.3862
49.4115
49.4368
49.4621
49.4874
49.5127
49.538
49.5633
49.5886
49.6139
49.6393
49.6646
49.6899
49.7152
49.7405
49.7658
49.7911
49.8164
49.8417
49.867
49.8923
49.9176
49.9429
49.9682
49.9935
50.0188
50.0441
50.0694
50.0947
50.12
50.1453
50.1706
50.1959
50.2212
50.2465
50.2718
50.2971
50.3224
50.3477
50.373
50.3982
50.4235
50.4488
50.4741
50.4994
50.5247
50.55
50.5753
50.6006
50.6259
50.6512
50.6765
50.7018
50.7271
50.7524
50.7777
50.8029
50.8282
50.8535
50.8788
50.9041
50.9294
50.9547
50.98
51.0053
51.0306
51.0559
51.0812
51.1064
51.1317
51.157
51.1823
51.2076
51.2329
51.2582
51.2835
51.3088
51.3341
51.3594
51.3847
51.41
51.4353
51.4606
51.4859
51.5112
51.5365
51.5619
51.5872
51.6125
51.6378
51.6631
51.6884
51.7137
51.739
51.7643
51.7896
51.815
51.8403
51.8656
51.8909
51.9162
51.9415
51.9668
51.9921
52.0173
52.0426
52.0679
52.0932
52.1185
52.1438
52.1691
52.1944
52.2197
52.245
52.2703
52.2956
52.3209
52.3462
52.3715
52.3968
52.4221
52.4474
52.4726
52.498
52.5232
52.5485
52.5738
52.5991
52.6245
52.6497
52.675
52.7003
52.7256
52.751
52.7763
52.8016
52.8269
52.8522
52.8775
52.9028
52.9281
52.9534
52.9787
53.004
53.0293
53.0546
53.0799
53.1052
53.1305
53.1558
53.1811
53.2064
53.2317
53.2569
53.2822
53.3075
53.3328
53.358
53.3833
53.4086
53.4339
53.4592
53.4845
53.5098
53.5351
53.5604
53.5857
53.611
53.6363
53.6616
53.6869
53.7121
53.7374
53.7627
53.788
53.8133
53.8386
53.864
53.8893
53.9146
53.9399
53.9652
53.9905
54.0158
54.0411
54.0664
54.0917
54.117
54.1423
54.1676
54.1929
54.2182
54.2435
54.2688
54.2942
54.3195
54.3448
54.3701
54.3954
54.4206
54.4459
54.4712
54.4965
54.5218
54.5471
54.5724
54.5977
54.623
54.6483
54.6736
54.6989
54.7242
54.7494
54.7747
54.8
54.8254
54.8507
54.876
54.9013
54.9266
54.9519
54.9772
55.0025
55.0278
55.0531
55.0784
55.1037
55.129
55.1543
55.1796
55.2049
55.2301
55.2554
55.2807
55.306
55.3313
55.3566
55.3819
55.4072
55.4326
55.4579
55.4832
55.5085
55.5338
55.5591
55.5844
55.6097
55.635
55.6603
55.6856
55.7109
55.7362
55.7615
55.7868
55.812
55.8373
55.8626
55.8879
55.9132
55.9385
55.9638
55.9891
56.0144
56.0397
56.065
56.0903
56.1156
56.1409
56.1662
56.1915
56.2168
56.2421
56.2674
56.2927
56.318
56.3433
56.3686
56.3939
56.4192
56.4445
56.4698
56.4951
56.5205
56.5458
56.5711
56.5964
56.6217
56.647
56.6723
56.6976
56.7229
56.7482
56.7735
56.7987
56.824
56.8494
56.8747
56.9
56.9253
56.9506
56.9759
57.0012
57.0265
57.0518
57.0771
57.1024
57.1277
57.153
57.1783
57.2036
57.2289
57.2542
57.2795
57.3048
57.3301
57.3554
57.3807
57.406
57.4313
57.4566
57.4819
57.5072
57.5325
57.5579
57.5831
57.6084
57.6337
57.659
57.6842
57.7095
57.7348
57.7601
57.7854
57.8107
57.836
57.8613
57.8866
57.9119
57.9373
57.9626
57.9879
58.0133
58.0386
58.0639
58.0892
58.1144
58.1397
58.165
58.1903
58.2156
58.2409
58.2662
58.2914
58.3167
58.342
58.3673
58.3926
58.4179
58.4431
58.4684
58.4937
58.519
58.5443
58.5696
58.5949
58.6202
58.6456
58.6709
58.6962
58.7215
58.7468
58.7721
58.7974
58.8227
58.848
58.8733
58.8986
58.9239
58.9492
58.9745
58.9998
59.0251
59.0504
59.0757
59.101
59.1263
59.1516
59.1769
59.2022
59.2275
59.2528
59.2781
59.3034
59.3287
59.354
59.3793
59.4046
59.43
59.4553
59.4806
59.506
59.5313
59.5566
59.5819
59.6072
59.6325
59.6578
59.683
59.7083
59.7337
59.759
59.7842
59.8095
59.8348
59.8602
59.8855
59.9108
59.936
59.9613
59.9866
60.0119
60.0372
60.0625
60.0878
60.1131
60.1384
60.1637
60.189
60.2143
60.2396
60.2649
60.2902
60.3155
60.3408
60.3661
60.3914
60.4167
60.442
60.4673
60.4926
60.5179
60.5432
60.5685
60.5937
60.6191
60.6443
60.6696
60.6949
60.7202
60.7455
60.7708
60.7961
60.8214
60.8466
60.8719
60.8972
60.9225
60.9478
60.973
60.9983
61.0237
61.049
61.0743
61.0996
61.1249
61.1502
61.1754
61.2007
61.226
61.2513
61.2766
61.3019
61.3272
61.3525
61.3778
61.4031
61.4284
61.4537
61.479
61.5043
61.5296
61.5549
61.5802
61.6054
61.6307
61.656
61.6813
61.7066
61.7319
61.7572
61.7825
61.8078
61.833
61.8583
61.8836
61.9089
61.9342
61.9595
61.9847
62.01
62.0353
62.0606
62.0859
62.1112
62.1365
62.1618
62.1871
62.2124
62.2376
62.2629
62.2883
62.3135
62.3388
62.3642
62.3894
62.4147
62.4401
62.4654
62.4906
62.5159
62.5412
62.5665
62.5918
62.6171
62.6424
62.6677
62.693
62.7183
62.7436
62.7688
62.7941
62.8194
62.8447
62.8701
62.8953
62.9206
62.9459
62.9712
62.9965
63.0218
63.0471
63.0724
63.0977
63.123
63.1483
63.1736
63.1988
63.2241
63.2494
63.2747
63.3001
63.3254
63.3507
63.376
63.4013
63.4265
63.4518
63.4771
63.5024
63.5277
63.553
63.5782
63.6035
63.6288
63.6541
63.6794
63.7046
63.7299
63.7552
63.7805
63.8058
63.8311
63.8564
63.8816
63.9069
63.9322
63.9575
63.9828
64.008
64.0333
64.0586
64.0839
64.1092
64.1345
64.1598
64.1852
64.2105
64.2358
64.2611
64.2864
64.3117
64.337
64.3623
64.3877
64.413
64.4383
64.4636
64.4889
64.5142
64.5395
64.5648
64.5901
64.6154
64.6407
64.666
64.6913
64.7166
64.7419
64.7672
64.7925
64.8178
64.8431
64.8684
64.8937
64.919
64.9442
64.9695
64.9948
65.0201
65.0454
65.0706
65.0959
65.1212
65.1465
65.1718
65.1971
65.2224
65.2477
65.273
65.2983
65.3236
65.3489
65.3742
65.3995
65.4248
65.4501
65.4754
65.5006
65.5259
65.5512
65.5765
65.6018
65.6271
65.6524
65.6777
65.703
65.7283
65.7536
65.7789
65.8043
65.8296
65.8549
65.8802
65.9055
65.9308
65.9561
65.9814
66.0067
66.032
66.0573
66.0826
66.1078
66.1331
66.1584
66.1837
66.209
66.2343
66.2597
66.285
66.3103
66.3356
66.3609
66.3863
66.4116
66.4369
66.4622
66.4875
66.5128
66.5381
66.5634
66.5887
66.614
66.6393
66.6647
66.69
66.7153
66.7406
66.7659
66.7912
66.8164
66.8417
66.867
66.8923
66.9176
66.9429
66.9682
66.9935
67.0188
67.0441
67.0694
67.0947
67.1199
67.1452
67.1705
67.1958
67.2211
67.2464
67.2717
67.297
67.3223
67.3476
67.3729
67.3982
67.4235
67.4488
67.4741
67.4994
67.5246
67.5499
67.5752
67.6005
67.6258
67.6511
67.6764
67.7017
67.727
67.7523
67.7776
67.8029
67.8282
67.8535
67.8788
67.9041
67.9294
67.9547
67.98
68.0053
68.0306
68.0559
68.0811
68.1064
68.1317
68.157
68.1823
68.2076
68.2329
68.2582
68.2834
68.3087
68.334
68.3593
68.3846
68.4099
68.4352
68.4605
68.4858
68.5111
68.5363
68.5616
68.5869
68.6122
68.6375
68.6628
68.6881
68.7134
68.7387
68.764
68.7893
68.8146
68.8399
68.8652
68.8904
68.9158
68.9411
68.9663
68.9916
69.0169
69.0422
69.0676
69.093
69.1183
69.1436
69.1689
69.1942
69.2195
69.2448
69.2701
69.2954
69.3206
69.346
69.3713
69.3966
69.4219
69.4472
69.4725
69.4978
69.523
69.5483
69.5736
69.5989
69.6242
69.6495
69.6748
69.7001
69.7254
69.7507
69.776
69.8013
69.8266
69.8519
69.8772
69.9025
69.9278
69.9531
69.9783
70.0037
70.0289
70.0543
70.0795
70.1048
70.1301
70.1555
70.1807
70.206
70.2313
70.2567
70.282
70.3073
70.3326
70.3579
70.3832
70.4085
70.4338
70.4591
70.4844
70.5097
70.535
70.5603
70.5856
70.6109
70.6362
70.6615
70.6868
70.7122
70.7375
70.7628
70.7881
70.8133
70.8386
70.8639
70.8892
70.9145
70.9398
70.9651
70.9904
71.0157
71.041
71.0663
71.0916
71.1169
71.1422
71.1675
71.1928
71.2181
71.2434
71.2686
71.2939
71.3192
71.3446
71.3699
71.3952
71.4205
71.4458
71.4711
71.4965
71.5218
71.547
71.5723
71.5976
71.6229
71.6482
71.6735
71.6988
71.7241
71.7494
71.7747
71.8
71.8253
71.8506
71.8759
71.9012
71.9265
71.9517
71.977
72.0023
72.0276
72.0529
72.0783
72.1036
72.1289
72.1542
72.1796
72.2049
72.2302
72.2555
72.2808
72.3061
72.3314
72.3566
72.3819
72.4073
72.4326
72.4579
72.4832
72.5085
72.5337
72.559
72.5843
72.6096
72.6349
72.6602
72.6856
72.7109
72.7362
72.7614
72.7867
72.812
72.8374
72.8626
72.8879
72.9132
72.9385
72.9638
72.9891
73.0144
73.0397
73.065
73.0903
73.1156
73.1408
73.1661
73.1914
73.2167
73.242
73.2673
73.2926
73.3179
73.3432
73.3685
73.3937
73.419
73.4443
73.4696
73.4949
73.5202
73.5455
73.5708
73.5961
73.6215
73.6467
73.672
73.6973
73.7226
73.7479
73.7732
73.7985
73.8238
73.8491
73.8744
73.8998
73.9251
73.9504
73.9757
74.001
74.0263
74.0516
74.0769
74.1022
74.1275
74.1528
74.1781
74.2034
74.2286
74.2539
74.2792
74.3046
74.3299
74.3552
74.3805
74.4057
74.431
74.4563
74.4817
74.507
74.5323
74.5576
74.5828
74.6081
74.6334
74.6587
74.684
74.7093
74.7346
74.7599
74.7852
74.8105
74.8358
74.8611
74.8864
74.9117
74.937
74.9623
74.9876
75.0129
75.0382
75.0635
75.0888
75.1141
75.1394
75.1647
75.19
75.2153
75.2406
75.2659
75.2912
75.3165
75.3418
75.3671
75.3924
75.4177
75.443
75.4683
75.4936
75.5189
75.5442
75.5695
75.5948
75.6201
75.6455
75.6708
75.6961
75.7214
75.7467
75.772
75.7973
75.8226
75.8479
75.8732
75.8985
75.9237
75.949
75.9743
75.9996
76.0248
76.0501
76.0754
76.1006
76.1259
76.1512
76.1765
76.2018
76.2271
76.2524
76.2778
76.303
76.3283
76.3536
76.3789
76.4042
76.4296
76.4549
76.4802
76.5055
76.5308
76.5561
76.5814
76.6067
76.632
76.6573
76.6826
76.7079
76.7332
76.7585
76.7838
76.8091
76.8344
76.8596
76.8849
76.9102
76.9355
76.9608
76.9862
77.0115
77.0368
77.0621
77.0874
77.1127
77.1379
77.1632
77.1885
77.2139
77.2392
77.2645
77.2898
77.3151
77.3404
77.3657
77.3911
77.4164
77.4417
77.467
77.4923
77.5176
77.5429
77.5682
77.5935
77.6188
77.6441
77.6694
77.6947
77.72
77.7453
77.7706
77.7959
77.8213
77.8465
77.8718
77.8971
77.9224
77.9477
77.973
77.9983
78.0236
78.0489
78.0742
78.0995
78.1248
78.1501
78.1754
78.2006
78.2259
78.2512
78.2765
78.3018
78.3271
78.3524
78.3777
78.403
78.4283
78.4536
78.4789
78.5042
78.5295
78.5548
78.5801
78.6053
78.6306
78.6559
78.6812
78.7065
78.7318
78.7571
78.7824
78.8077
78.833
78.8583
78.8836
78.909
78.9343
78.9595
78.9848
79.0101
79.0354
79.0606
79.0859
79.1112
79.1365
79.1618
79.1871
79.2124
79.2377
79.263
79.2883
79.3135
79.3388
79.3641
79.3894
79.4147
79.44
79.4653
79.4906
79.5159
79.5413
79.5666
79.5919
79.6172
79.6425
79.6678
79.6931
79.7184
79.7437
79.769
79.7944
79.8196
79.8449
79.8702
79.8955
79.9208
79.9461
79.9714
79.9967
80.022
80.0473
80.0726
80.0979
80.1232
80.1485
80.1739
80.1992
80.2245
80.2498
80.2751
80.3004
80.3257
80.351
80.3763
80.4016
80.4269
80.4522
80.4775
80.5028
80.5281
80.5534
80.5787
80.6039
80.6293
80.6546
80.6799
80.7052
80.7305
80.7558
80.7811
80.8064
80.8317
80.857
80.8823
80.9076
80.9329
80.9582
80.9835
81.0089
81.0342
81.0595
81.0848
81.1101
81.1354
81.1606
81.1859
81.2112
81.2365
81.2618
81.2871
81.3124
81.3377
81.363
81.3883
81.4135
81.4388
81.4641
81.4895
81.5147
81.54
81.5653
81.5906
81.6159
81.6412
81.6665
81.6918
81.7171
81.7424
81.7677
81.793
81.8182
81.8435
81.8689
81.8941
81.9194
81.9447
81.97
81.9953
82.0206
82.0459
82.0712
82.0965
82.1218
82.1471
82.1724
82.1977
82.223
82.2483
82.2736
82.2989
82.3242
82.3496
82.3749
82.4002
82.4255
82.4508
82.4761
82.5014
82.5267
82.552
82.5773
82.6026
82.6278
82.6531
82.6784
82.7037
82.7289
82.7542
82.7795
82.8048
82.8301
82.8554
82.8807
82.9059
82.9312
82.9565
82.9818
83.0071
83.0324
83.0577
83.083
83.1083
83.1337
83.159
83.1843
83.2096
83.2349
83.2602
83.2855
83.3107
83.336
83.3614
83.3866
83.4119
83.4373
83.4626
83.4879
83.5132
83.5385
83.5638
83.5891
83.6144
83.6397
83.665
83.6903
83.7155
83.7408
83.7661
83.7914
83.8167
83.842
83.8673
83.8926
83.9179
83.9431
83.9684
83.9937
84.019
84.0443
84.0695
84.0948
84.1201
84.1454
84.1706
84.1959
84.2212
84.2465
84.2717
84.297
84.3223
84.3476
84.3728
84.3981
84.4234
84.4487
84.4739
84.4992
84.5245
84.5498
84.5751
84.6004
84.6257
84.6509
84.6762
84.7015
84.7268
84.7521
84.7774
84.8027
84.828
84.8533
84.8786
84.9038
84.9291
84.9544
84.9797
85.005
85.0303
85.0555
85.0808
85.1061
85.1314
85.1566
85.1819
85.2072
85.2325
85.2578
85.2831
85.3084
85.3337
85.359
85.3843
85.4096
85.4349
85.4602
85.4855
85.5108
85.5361
85.5614
85.5867
85.6121
85.6374
85.6627
85.688
85.7133
85.7386
85.7639
85.7892
85.8145
85.8398
85.8651
85.8904
85.9157
85.941
85.9663
85.9916
86.0169
86.0422
86.0675
86.0928
86.1181
86.1434
86.1686
86.194
86.2193
86.2446
86.2698
86.2951
86.3204
86.3457
86.371
86.3963
86.4216
86.4469
86.4722
86.4975
86.5228
86.5481
86.5734
86.5987
86.624
86.6493
86.6746
86.6998
86.7251
86.7505
86.7758
86.8011
86.8264
86.8517
86.877
86.9023
86.9276
86.9529
86.9782
87.0035
87.0288
87.0541
87.0794
87.1047
87.1301
87.1554
87.1806
87.206
87.2312
87.2565
87.2819
87.3072
87.3325
87.3577
87.383
87.4083
87.4336
87.4589
87.4842
87.5095
87.5348
87.5601
87.5854
87.6107
87.636
87.6613
87.6866
87.7119
87.7371
87.7624
87.7877
87.813
87.8383
87.8636
87.8889
87.9142
87.9395
87.9648
87.9901
88.0154
88.0407
88.066
88.0914
88.1166
88.1419
88.1672
88.1926
88.2179
88.2432
88.2685
88.2938
88.3191
88.3444
88.3697
88.395
88.4203
88.4456
88.4709
88.4962
88.5215
88.5468
88.5721
88.5974
88.6227
88.648
88.6733
88.6986
88.7239
88.7492
88.7745
88.7998
88.8251
88.8504
88.8757
88.9011
88.9264
88.9518
88.9771
89.0024
89.0277
89.053
89.0783
89.1036
89.1289
89.1542
89.1795
89.2048
89.2301
89.2554
89.2806
89.3059
89.3312
89.3565
89.3818
89.4071
89.4324
89.4577
89.483
89.5083
89.5336
89.5589
89.5842
89.6095
89.6348
89.6601
89.6854
89.7106
89.7359
89.7612
89.7865
89.8118
89.8371
89.8624
89.8877
89.913
89.9383
89.9636
89.9889
90.0142
90.0395
90.0648
90.0901
90.1154
90.1407
90.166
90.1914
90.2166
90.242
90.2673
90.2926
90.3178
90.3431
90.3685
90.3937
90.419
90.4443
90.4696
90.4949
90.5202
90.5456
90.5709
90.5962
90.6215
90.6468
90.6721
90.6974
90.7227
90.748
90.7733
90.7986
90.8239
90.8492
90.8744
90.8997
90.925
90.9503
90.9756
91.0009
91.0262
91.0515
91.0768
91.1021
91.1274
91.1526
91.178
91.2034
91.2287
91.254
91.2793
91.3046
91.3299
91.3552
91.3805
91.4058
91.4311
91.4564
91.4817
91.507
91.5323
91.5576
91.5829
91.6082
91.6335
91.6588
91.6841
91.7094
91.7347
91.7601
91.7856
91.8109
91.8362
91.8615
91.8868
91.9121
91.9375
91.9627
91.9881
92.0134
92.0387
92.064
92.0893
92.1146
92.1399
92.1652
92.1905
92.2158
92.2411
92.2664
92.2917
92.317
92.3423
92.3676
92.3929
92.4182
92.4434
92.4687
92.494
92.5193
92.5446
92.5699
92.5951
92.6204
92.6457
92.671
92.6962
92.7215
92.7468
92.7721
92.7974
92.8227
92.848
92.8733
92.8987
92.924
92.9493
92.9746
92.9999
93.0252
93.0505
93.0758
93.1011
93.1264
93.1517
93.1769
93.2022
93.2275
93.2529
93.2782
93.3035
93.3288
93.354
93.3793
93.4046
93.4299
93.4552
93.4806
93.5059
93.5311
93.5564
93.5817
93.607
93.6324
93.6577
93.683
93.7083
93.7337
93.7589
93.7843
93.8096
93.8349
93.8602
93.8856
93.9109
93.9362
93.9615
93.9868
94.012
94.0373
94.0627
94.088
94.1133
94.1386
94.1639
94.1892
94.2144
94.2397
94.265
94.2903
94.3156
94.3409
94.3662
94.3915
94.4168
94.4421
94.4675
94.4928
94.5181
94.5435
94.5688
94.5941
94.6194
94.6447
94.67
94.6953
94.7206
94.7459
94.7712
94.7965
94.8218
94.8471
94.8725
94.8978
94.923
94.9483
94.9736
94.9989
95.0242
95.0496
95.0748
95.1002
95.1254
95.1507
95.176
95.2014
95.2267
95.252
95.2773
95.3026
95.3279
95.3532
95.3785
95.4037
95.429
95.4543
95.4796
95.5049
95.5302
95.5555
95.5809
95.6062
95.6315
95.6568
95.6821
95.7074
95.7327
95.758
95.7833
95.8086
95.8339
95.8592
95.8846
95.9099
95.9351
95.9604
95.9857
96.011
96.0363
96.0617
96.087
96.1123
96.1376
96.1629
96.1882
96.2135
96.2388
96.2641
96.2894
96.3147
96.3401
96.3654
96.3907
96.416
96.4413
96.4666
96.4919
96.5172
96.5425
96.5678
96.5931
96.6184
96.6437
96.669
96.6944
96.7197
96.745
96.7702
96.7955
96.8208
96.8461
96.8714
96.8967
96.922
96.9473
96.9726
96.9979
97.0231
97.0484
97.0737
97.099
97.1243
97.1496
97.1749
97.2002
97.2256
97.2508
97.2761
97.3014
97.3267
97.352
97.3773
97.4026
97.4279
97.4532
97.4785
97.5038
97.5291
97.5544
97.5798
97.6051
97.6304
97.6557
97.681
97.7063
97.7316
97.7569
97.7822
97.8076
97.8329
97.8582
97.8835
97.9088
97.9341
97.9594
97.9847
98.0099
98.0353
98.0606
98.086
98.1113
98.1366
98.1619
98.1872
98.2125
98.2377
98.263
98.2883
98.3137
98.339
98.3643
98.3896
98.4149
98.4402
98.4655
98.4908
98.5161
98.5414
98.5667
98.592
98.6173
98.6426
98.6679
98.6932
98.7185
98.7438
98.769
98.7943
98.8196
98.8449
98.8702
98.8955
98.9208
98.9461
98.9714
98.9967
99.0219
99.0472
99.0725
99.0978
99.1231
99.1484
99.1737
99.199
99.2243
99.2496
99.2749
99.3002
99.3256
99.3509
99.3762
99.4015
99.4268
99.4522
99.4775
99.5028
99.5281
99.5534
99.5787
99.604
99.6293
99.6546
99.6799
99.7052
99.7306
99.7559
99.7812
99.8065
99.8318
99.857
99.8824
99.9077
99.933
99.9583
99.9836
100.009
100.034
100.06
100.085
100.11
100.135
100.161
100.186
100.211
100.237
100.262
100.287
100.313
100.338
100.363
100.389
100.414
100.439
100.464
100.49
100.515
100.54
100.566
100.591
100.616
100.641
100.667
100.692
100.717
100.743
100.768
100.793
100.819
100.844
100.869
100.894
100.92
100.945
100.97
100.996
101.021
101.046
101.072
101.097
101.122
101.148
101.173
101.198
101.223
101.249
101.274
101.299
101.325
101.35
101.375
101.401
101.426
101.451
101.477
101.502
101.527
101.553
101.578
101.603
101.629
101.654
101.679
101.705
101.73
101.755
101.78
101.806
101.831
101.856
101.882
101.907
101.932
101.958
101.983
102.008
102.034
102.059
102.084
102.109
102.135
102.16
102.185
102.211
102.236
102.261
102.287
102.312
102.337
102.362
102.388
102.413
102.438
102.464
102.489
102.514
102.54
102.565
102.59
102.616
102.641
102.666
102.691
102.717
102.742
102.767
102.793
102.818
102.843
102.869
102.894
102.919
102.944
102.97
102.995
103.02
103.046
103.071
103.096
103.122
103.147
103.172
103.197
103.223
103.248
103.273
103.299
103.324
103.349
103.375
103.4
103.425
103.451
103.476
103.501
103.526
103.552
103.577
103.602
103.628
103.653
103.678
103.704
103.729
103.754
103.78
103.805
103.83
103.855
103.881
103.906
103.931
103.957
103.982
104.007
104.033
104.058
104.083
104.108
104.134
104.159
104.184
104.21
104.235
104.26
104.286
104.311
104.336
104.361
104.387
104.412
104.437
104.463
104.488
104.513
104.539
104.564
104.589
104.615
104.64
104.665
104.69
104.716
104.741
104.767
104.792
104.817
104.842
104.868
104.893
104.918
104.944
104.969
104.994
105.019
105.045
105.07
105.095
105.121
105.146
105.171
105.197
105.222
105.247
105.273
105.298
105.323
105.348
105.374
105.399
105.424
105.45
105.475
105.5
105.526
105.551
105.576
105.601
105.627
105.652
105.677
105.703
105.728
105.753
105.779
105.804
105.829
105.854
105.88
105.905
105.93
105.956
105.981
106.006
106.032
106.057
106.082
106.107
106.133
106.158
106.183
106.209
106.234
106.259
106.284
106.31
106.335
106.36
106.386
106.411
106.436
106.462
106.487
106.512
106.537
106.563
106.588
106.613
106.639
106.664
106.689
106.714
106.74
106.765
106.79
106.816
106.841
106.866
106.892
106.917
106.942
106.967
106.993
107.018
107.043
107.069
107.094
107.119
107.145
107.17
107.195
107.221
107.246
107.271
107.296
107.322
107.347
107.372
107.398
107.423
107.448
107.474
107.499
107.524
107.549
107.575
107.6
107.625
107.651
107.676
107.701
107.727
107.752
107.777
107.803
107.828
107.853
107.878
107.904
107.929
107.954
107.98
108.005
108.03
108.055
108.081
108.106
108.131
108.157
108.182
108.207
108.233
108.258
108.283
108.309
108.334
108.359
108.385
108.41
108.435
108.46
108.486
108.511
108.536
108.562
108.587
108.612
108.637
108.663
108.688
108.713
108.739
108.764
108.789
108.815
108.84
108.865
108.89
108.916
108.941
108.966
108.992
109.017
109.042
109.067
109.093
109.118
109.143
109.169
109.194
109.219
109.244
109.27
109.295
109.32
109.346
109.371
109.396
109.422
109.447
109.472
109.497
109.523
109.548
109.573
109.599
109.624
109.649
109.675
109.7
109.725
109.751
109.776
109.801
109.827
109.852
109.877
109.903
109.928
109.953
109.979
110.004
110.029
110.054
110.08
110.105
110.13
110.156
110.181
110.206
110.231
110.257
110.282
110.307
110.333
110.358
110.383
110.409
110.434
110.459
110.485
110.51
110.535
110.56
110.586
110.611
110.636
110.662
110.687
110.712
110.738
110.763
110.788
110.813
110.839
110.864
110.889
110.915
110.94
110.965
110.991
111.016
111.041
111.067
111.092
111.117
111.142
111.168
111.193
111.218
111.244
111.269
111.294
111.32
111.345
111.37
111.395
111.421
111.446
111.471
111.497
111.522
111.547
111.572
111.598
111.623
111.648
111.674
111.699
111.724
111.75
111.775
111.8
111.826
111.851
111.876
111.902
111.927
111.952
111.977
112.003
112.028
112.053
112.079
112.104
112.129
112.155
112.18
112.205
112.231
112.256
112.281
112.306
112.332
112.357
112.382
112.408
112.433
112.458
112.484
112.509
112.534
112.56
112.585
112.61
112.635
112.661
112.686
112.711
112.737
112.762
112.787
112.812
112.838
112.863
112.888
112.914
112.939
112.964
112.99
113.015
113.04
113.065
113.091
113.116
113.141
113.167
113.192
113.217
113.242
113.268
113.293
113.318
113.344
113.369
113.394
113.42
113.445
113.47
113.495
113.521
113.546
113.571
113.597
113.622
113.647
113.672
113.698
113.723
113.748
113.774
113.799
113.824
113.85
113.875
113.9
113.925
113.951
113.976
114.001
114.027
114.052
114.077
114.102
114.128
114.153
114.178
114.204
114.229
114.254
114.28
114.305
114.33
114.356
114.381
114.406
114.431
114.457
114.482
114.507
114.533
114.558
114.583
114.609
114.634
114.659
114.685
114.71
114.735
114.76
114.786
114.811
114.836
114.862
114.887
114.912
114.938
114.963
114.988
115.013
115.039
115.064
115.09
115.115
115.14
115.165
115.191
115.216
115.241
115.267
115.292
115.317
115.343
115.368
115.393
115.419
115.444
115.469
115.494
115.52
115.545
115.57
115.595
115.621
115.646
115.671
115.697
115.722
115.747
115.773
115.798
115.823
115.849
115.874
115.899
115.924
115.95
115.975
116
116.026
116.051
116.076
116.102
116.127
116.152
116.178
116.203
116.228
116.254
116.279
116.304
116.329
116.355
116.38
116.405
116.431
116.456
116.481
116.507
116.532
116.557
116.582
116.608
116.633
116.658
116.684
116.709
116.734
116.76
116.785
116.81
116.836
116.861
116.886
116.911
116.937
116.962
116.987
117.013
117.038
117.063
117.089
117.114
117.139
117.164
117.19
117.215
117.24
117.266
117.291
117.316
117.342
117.367
117.392
117.418
117.443
117.468
117.493
117.519
117.544
117.569
117.595
117.62
117.645
117.671
117.696
117.721
117.747
117.772
117.797
117.822
117.848
117.873
117.898
117.924
117.949
117.974
118
118.025
118.05
118.076
118.101
118.126
118.151
118.177
118.202
118.227
118.253
118.278
118.303
118.329
118.354
118.379
118.405
118.43
118.455
118.48
118.506
118.531
118.556
118.582
118.607
118.632
118.657
118.683
118.708
118.733
118.759
118.784
118.809
118.834
118.86
118.885
118.91
118.936
118.961
118.986
119.011
119.037
119.062
119.087
119.113
119.138
119.163
119.188
119.214
119.239
119.264
119.29
119.315
119.34
119.366
119.391
119.416
119.442
119.467
119.492
119.517
119.543
119.568
119.593
119.619
119.644
119.669
119.695
119.72
119.745
119.77
119.796
119.821
119.846
119.872
119.897
119.922
119.947
119.973
119.998
120.023
120.049
120.074
120.099
120.125
120.15
120.175
120.2
120.226
120.251
120.276
120.302
120.327
120.352
120.377
120.403
120.428
120.453
120.479
120.504
120.529
120.555
120.58
120.605
120.63
120.656
120.681
120.706
120.732
120.757
120.782
120.808
120.833
120.858
120.883
120.909
120.934
120.959
120.985
121.01
121.035
121.061
121.086
121.111
121.136
121.162
121.187
121.212
121.238
121.263
121.288
121.314
121.339
121.364
121.389
121.415
121.44
121.465
121.491
121.516
121.541
121.567
121.592
121.617
121.642
121.668
121.693
121.718
121.744
121.769
121.794
121.82
121.845
121.87
121.896
121.921
121.946
121.972
121.997
122.022
122.047
122.073
122.098
122.123
122.149
122.174
122.199
122.225
122.25
122.275
122.3
122.326
122.351
122.376
122.402
122.427
122.452
122.478
122.503
122.528
122.553
122.579
122.604
122.629
122.655
122.68
122.705
122.73
122.756
122.781
122.806
122.832
122.857
122.882
122.908
122.933
122.958
122.983
123.009
123.034
123.059
123.085
123.11
123.135
123.16
123.186
123.211
123.236
123.262
123.287
123.312
123.337
123.363
123.388
123.413
123.439
123.464
123.489
123.515
123.54
123.565
123.591
123.616
123.641
123.666
123.692
123.717
123.742
123.768
123.793
123.818
123.843
123.869
123.894
123.919
123.945
123.97
123.995
124.02
124.046
124.071
124.096
124.122
124.147
124.172
124.197
124.223
124.248
124.273
124.299
124.324
124.349
124.375
124.4
124.425
124.451
124.476
124.501
124.526
124.552
124.577
124.602
124.628
124.653
124.678
124.704
124.729
124.754
124.779
124.805
124.83
124.855
124.881
124.906
124.931
124.957
124.982
125.007
125.032
125.058
125.083
125.108
125.134
125.159
125.184
125.209
125.235
125.26
125.285
125.311
125.336
125.361
125.387
125.412
125.437
125.462
125.488
125.513
125.538
125.564
125.589
125.614
125.639
125.665
125.69
125.715
125.741
125.766
125.791
125.816
125.842
125.867
125.892
125.918
125.943
125.968
125.993
126.019
126.044
126.069
126.095
126.12
126.145
126.17
126.196
126.221
126.246
126.272
126.297
126.322
126.347
126.373
126.398
126.423
126.448
126.474
126.499
126.524
126.55
126.575
126.6
126.626
126.651
126.676
126.701
126.727
126.752
126.777
126.803
126.828
126.853
126.878
126.904
126.929
126.954
126.98
127.005
127.03
127.055
127.081
127.106
127.131
127.157
127.182
127.207
127.233
127.258
127.283
127.308
127.334
127.359
127.384
127.41
127.435
127.46
127.486
127.511
127.536
127.561
127.587
127.612
127.637
127.663
127.688
127.713
127.739
127.764
127.789
127.814
127.84
127.865
127.89
127.916
127.941
127.966
127.991
128.017
128.042
128.067
128.093
128.118
128.143
128.169
128.194
128.219
128.244
128.27
128.295
128.32
128.346
128.371
128.396
128.421
128.447
128.472
128.497
128.523
128.548
128.573
128.598
128.624
128.649
128.674
128.7
128.725
128.75
128.776
128.801
128.826
128.851
128.877
128.902
128.927
128.953
128.978
129.003
129.029
129.054
129.079
129.105
129.13
129.155
129.18
129.206
129.231
129.256
129.282
129.307
129.332
129.358
129.383
129.408
129.433
129.459
129.484
129.509
129.535
129.56
129.585
129.611
129.636
129.661
129.687
129.712
129.737
129.762
129.788
129.813
129.838
129.864
129.889
129.914
129.94
129.965
129.99
130.015
130.041
130.066
130.091
130.117
130.142
130.167
130.193
130.218
130.243
130.269
130.294
130.319
130.344
130.37
130.395
130.42
130.446
130.471
130.496
130.522
130.547
130.572
130.598
130.623
130.648
130.674
130.699
130.724
130.749
130.775
130.8
130.825
130.851
130.876
130.901
130.926
130.952
130.977
131.002
131.028
131.053
131.078
131.104
131.129
131.154
131.18
131.205
131.23
131.256
131.281
131.306
131.331
131.357
131.382
131.407
131.433
131.458
131.483
131.508
131.534
131.559
131.584
131.61
131.635
131.66
131.686
131.711
131.736
131.762
131.787
131.812
131.837
131.863
131.888
131.913
131.939
131.964
131.989
132.015
132.04
132.065
132.091
132.116
132.141
132.166
132.192
132.217
132.242
132.268
132.293
132.318
132.344
132.369
132.394
132.419
132.445
132.47
132.495
132.521
132.546
132.571
132.597
132.622
132.647
132.672
132.698
132.723
132.748
132.774
132.799
132.824
132.85
132.875
132.9
132.925
132.951
132.976
133.001
133.027
133.052
133.077
133.103
133.128
133.153
133.178
133.204
133.229
133.254
133.28
133.305
133.33
133.356
133.381
133.406
133.432
133.457
133.482
133.508
133.533
133.558
133.583
133.609
133.634
133.659
133.685
133.71
133.735
133.761
133.786
133.811
133.836
133.862
133.887
133.912
133.938
133.963
133.988
134.014
134.039
134.064
134.089
134.115
134.14
134.165
134.191
134.216
134.241
134.267
134.292
134.317
134.342
134.368
134.393
134.418
134.444
134.469
134.494
134.52
134.545
134.57
134.596
134.621
134.646
134.671
134.697
134.722
134.747
134.773
134.798
134.823
134.849
134.874
134.899
134.924
134.95
134.975
135
135.026
135.051
135.076
135.102
135.127
135.152
135.178
135.203
135.228
135.254
135.279
135.304
135.33
135.355
135.38
135.405
135.431
135.456
135.481
135.507
135.532
135.557
135.583
135.608
135.633
135.659
135.684
135.709
135.734
135.76
135.785
135.81
135.836
135.861
135.886
135.912
135.937
135.962
135.988
136.013
136.038
136.063
136.089
136.114
136.139
136.165
136.19
136.215
136.241
136.266
136.291
136.317
136.342
136.367
136.392
136.418
136.443
136.468
136.494
136.519
136.544
136.569
136.595
136.62
136.645
136.671
136.696
136.721
136.747
136.772
136.797
136.822
136.848
136.873
136.898
136.924
136.949
136.974
137
137.025
137.05
137.075
137.101
137.126
137.151
137.177
137.202
137.227
137.253
137.278
137.303
137.329
137.354
137.379
137.405
137.43
137.455
137.48
137.506
137.531
137.556
137.582
137.607
137.632
137.658
137.683
137.708
137.734
137.759
137.784
137.81
137.835
137.86
137.885
137.911
137.936
137.961
137.987
138.012
138.037
138.062
138.088
138.113
138.138
138.164
138.189
138.214
138.24
138.265
138.29
138.315
138.341
138.366
138.391
138.417
138.442
138.467
138.493
138.518
138.543
138.568
138.594
138.619
138.644
138.67
138.695
138.72
138.746
138.771
138.796
138.821
138.847
138.872
138.897
138.923
138.948
138.973
138.998
139.024
139.049
139.074
139.1
139.125
139.15
139.176
139.201
139.226
139.251
139.277
139.302
139.327
139.353
139.378
139.403
139.428
139.454
139.479
139.504
139.53
139.555
139.58
139.605
139.631
139.656
139.681
139.707
139.732
139.757
139.783
139.808
139.833
139.858
139.884
139.909
139.934
139.96
139.985
140.01
140.035
140.061
140.086
140.111
140.137
140.162
140.187
140.212
140.238
140.263
140.288
140.314
140.339
140.364
140.39
140.415
140.44
140.465
140.491
140.516
140.541
140.567
140.592
140.617
140.642
140.668
140.693
140.718
140.743
140.769
140.794
140.819
140.845
140.87
140.895
140.921
140.946
140.971
140.997
141.022
141.047
141.072
141.098
141.123
141.148
141.174
141.199
141.224
141.25
141.275
141.3
141.325
141.351
141.376
141.401
141.427
141.452
141.477
141.503
141.528
141.553
141.579
141.604
141.629
141.654
141.68
141.705
141.73
141.756
141.781
141.806
141.831
141.857
141.882
141.907
141.933
141.958
141.983
142.008
142.034
142.059
142.084
142.11
142.135
142.16
142.186
142.211
142.236
142.262
142.287
142.312
142.337
142.363
142.388
142.413
142.439
142.464
142.489
142.514
142.54
142.565
142.59
142.616
142.641
142.666
142.691
142.717
142.742
142.767
142.793
142.818
142.843
142.869
142.894
142.919
142.944
142.97
142.995
143.02
143.046
143.071
143.096
143.122
143.147
143.172
143.197
143.223
143.248
143.273
143.299
143.324
143.349
143.374
143.4
143.425
143.45
143.476
143.501
143.526
143.552
143.577
143.602
143.627
143.653
143.678
143.703
143.729
143.754
143.779
143.805
143.83
143.855
143.88
143.906
143.931
143.956
143.982
144.007
144.032
144.057
144.083
144.108
144.133
144.159
144.184
144.209
144.234
144.26
144.285
144.31
144.335
144.361
144.386
144.411
144.437
144.462
144.487
144.513
144.538
144.563
144.588
144.614
144.639
144.664
144.689
144.715
144.74
144.765
144.791
144.816
144.841
144.866
144.892
144.917
144.942
144.968
144.993
145.018
145.043
145.069
145.094
145.119
145.145
145.17
145.195
145.22
145.246
145.271
145.296
145.322
145.347
145.372
145.398
145.423
145.448
145.473
145.499
145.524
145.549
145.575
145.6
145.625
145.65
145.676
145.701
145.726
145.752
145.777
145.802
145.827
145.853
145.878
145.903
145.929
145.954
145.979
146.005
146.03
146.055
146.08
146.106
146.131
146.156
146.182
146.207
146.232
146.258
146.283
146.308
146.334
146.359
146.384
146.409
146.435
146.46
146.485
146.511
146.536
146.561
146.587
146.612
146.637
146.663
146.688
146.713
146.738
146.764
146.789
146.814
146.84
146.865
146.89
146.915
146.941
146.966
146.991
147.017
147.042
147.067
147.093
147.118
147.143
147.168
147.194
147.219
147.244
147.27
147.295
147.32
147.346
147.371
147.396
147.422
147.447
147.472
147.497
147.523
147.548
147.573
147.599
147.624
147.649
147.675
147.7
147.725
147.75
147.776
147.801
147.826
147.852
147.877
147.902
147.928
147.953
147.978
148.003
148.029
148.054
148.079
148.105
148.13
148.155
148.181
148.206
148.231
148.256
148.282
148.307
148.332
148.358
148.383
148.408
148.434
148.459
148.484
148.509
148.535
148.56
148.585
148.611
148.636
148.661
148.687
148.712
148.737
148.763
148.788
148.813
148.838
148.864
148.889
148.914
148.94
148.965
148.99
149.016
149.041
149.066
149.091
149.117
149.142
149.167
149.193
149.218
149.243
149.269
149.294
149.319
149.344
149.37
149.395
149.42
149.446
149.471
149.496
149.522
149.547
149.572
149.598
149.623
149.648
149.673
149.699
149.724
149.749
149.775
149.8
149.825
149.851
149.876
149.901
149.926
149.952
149.977
150.002
150.028
150.053
150.078
150.104
150.129
150.154
150.179
150.205
150.23
150.255
150.281
150.306
150.331
150.357
150.382
150.407
150.432
150.458
150.483
150.508
150.534
150.559
150.584
150.61
150.635
150.66
150.685
150.711
150.736
150.761
150.787
150.812
150.837
150.863
150.888
150.913
150.938
150.964
150.989
151.014
151.04
151.065
151.09
151.115
151.141
151.166
151.191
151.217
151.242
151.267
151.293
151.318
151.343
151.369
151.394
151.419
151.444
151.47
151.495
151.52
151.546
151.571
151.596
151.622
151.647
151.672
151.698
151.723
151.748
151.773
151.799
151.824
151.849
151.875
151.9
151.925
151.951
151.976
152.001
152.027
152.052
152.077
152.102
152.128
152.153
152.178
152.204
152.229
152.254
152.28
152.305
152.33
152.356
152.381
152.406
152.431
152.457
152.482
152.507
152.533
152.558
152.583
152.609
152.634
152.659
152.685
152.71
152.735
152.76
152.786
152.811
152.836
152.862
152.887
152.912
152.937
152.963
152.988
153.013
153.039
153.064
153.089
153.114
153.14
153.165
153.19
153.216
153.241
153.266
153.292
153.317
153.342
153.368
153.393
153.418
153.444
153.469
153.494
153.519
153.545
153.57
153.595
153.621
153.646
153.671
153.697
153.722
153.747
153.772
153.798
153.823
153.848
153.874
153.899
153.924
153.95
153.975
154
154.025
154.051
154.076
154.101
154.127
154.152
154.177
154.203
154.228
154.253
154.278
154.304
154.329
154.354
154.38
154.405
154.43
154.455
154.481
154.506
154.531
154.556
154.582
154.607
154.632
154.658
154.683
154.708
154.734
154.759
154.784
154.809
154.835
154.86
154.885
154.911
154.936
154.961
154.987
155.012
155.037
155.063
155.088
155.113
155.138
155.164
155.189
155.214
155.24
155.265
155.29
155.315
155.341
155.366
155.391
155.417
155.442
155.467
155.493
155.518
155.543
155.568
155.594
155.619
155.644
155.67
155.695
155.72
155.746
155.771
155.796
155.821
155.847
155.872
155.897
155.923
155.948
155.973
155.999
156.024
156.049
156.075
156.1
156.125
156.15
156.176
156.201
156.226
156.252
156.277
156.302
156.327
156.353
156.378
156.403
156.429
156.454
156.479
156.504
156.53
156.555
156.58
156.606
156.631
156.656
156.682
156.707
156.732
156.757
156.783
156.808
156.833
156.859
156.884
156.909
156.935
156.96
156.985
157.01
157.036
157.061
157.086
157.112
157.137
157.162
157.188
157.213
157.238
157.263
157.289
157.314
157.339
157.365
157.39
157.415
157.441
157.466
157.491
157.516
157.542
157.567
157.592
157.618
157.643
157.668
157.694
157.719
157.744
157.77
157.795
157.82
157.846
157.871
157.896
157.921
157.947
157.972
157.997
158.023
158.048
158.073
158.099
158.124
158.149
158.174
158.2
158.225
158.25
158.276
158.301
158.326
158.352
158.377
158.402
158.428
158.453
158.478
158.503
158.529
158.554
158.579
158.605
158.63
158.655
158.681
158.706
158.731
158.756
158.782
158.807
158.832
158.858
158.883
158.908
158.934
158.959
158.984
159.009
159.035
159.06
159.085
159.111
159.136
159.161
159.187
159.212
159.237
159.262
159.288
159.313
159.338
159.364
159.389
159.414
159.439
159.465
159.49
159.515
159.541
159.566
159.591
159.617
159.642
159.667
159.692
159.718
159.743
159.768
159.794
159.819
159.844
159.87
159.895
159.92
159.945
159.971
159.996
160.021
160.047
160.072
160.097
160.123
160.148
160.173
160.199
160.224
160.249
160.274
160.3
160.325
160.35
160.376
160.401
160.426
160.452
160.477
160.502
160.527
160.553
160.578
160.603
160.629
160.654
160.679
160.705
160.73
160.755
160.78
160.806
160.831
160.856
160.882
160.907
160.932
160.957
160.983
161.008
161.033
161.059
161.084
161.109
161.134
161.16
161.185
161.21
161.236
161.261
161.286
161.312
161.337
161.362
161.388
161.413
161.438
161.463
161.489
161.514
161.539
161.565
161.59
161.615
161.641
161.666
161.691
161.716
161.742
161.767
161.792
161.818
161.843
161.868
161.894
161.919
161.944
161.969
161.995
162.02
162.045
162.071
162.096
162.121
162.147
162.172
162.197
162.223
162.248
162.273
162.298
162.324
162.349
162.374
162.4
162.425
162.45
162.476
162.501
162.526
162.551
162.577
162.602
162.627
162.653
162.678
162.703
162.728
162.754
162.779
162.804
162.83
162.855
162.88
162.905
162.931
162.956
162.981
163.007
163.032
163.057
163.083
163.108
163.133
163.159
163.184
163.209
163.234
163.26
163.285
163.31
163.336
163.361
163.386
163.412
163.437
163.462
163.487
163.513
163.538
163.563
163.589
163.614
163.639
163.665
163.69
163.715
163.741
163.766
163.791
163.816
163.842
163.867
163.892
163.918
163.943
163.968
163.994
164.019
164.044
164.069
164.095
164.12
164.145
164.171
164.196
164.221
164.247
164.272
164.297
164.323
164.348
164.373
164.398
164.424
164.449
164.474
164.5
164.525
164.55
164.576
164.601
164.626
164.651
164.677
164.702
164.727
164.753
164.778
164.803
164.829
164.854
164.879
164.904
164.93
164.955
164.98
165.006
165.031
165.056
165.082
165.107
165.132
165.157
165.183
165.208
165.233
165.259
165.284
165.309
165.335
165.36
165.385
165.41
165.436
165.461
165.486
165.512
165.537
165.562
165.588
165.613
165.638
165.664
165.689
165.714
165.739
165.765
165.79
165.815
165.841
165.866
165.891
165.917
165.942
165.967
165.993
166.018
166.043
166.068
166.094
166.119
166.144
166.17
166.195
166.22
166.246
166.271
166.296
166.321
166.347
166.372
166.397
166.423
166.448
166.473
166.499
166.524
166.549
166.575
166.6
166.625
166.65
166.676
166.701
166.726
166.752
166.777
166.802
166.828
166.853
166.878
166.903
166.929
166.954
166.979
167.005
167.03
167.055
167.081
167.106
167.131
167.156
167.182
167.207
167.232
167.258
167.283
167.308
167.333
167.359
167.384
167.409
167.435
167.46
167.485
167.511
167.536
167.561
167.586
167.612
167.637
167.662
167.688
167.713
167.738
167.764
167.789
167.814
167.84
167.865
167.89
167.915
167.941
167.966
167.991
168.017
168.042
168.067
168.093
168.118
168.143
168.168
168.194
168.219
168.244
168.27
168.295
168.32
168.345
168.371
168.396
168.421
168.447
168.472
168.497
168.523
168.548
168.573
168.598
168.624
168.649
168.674
168.7
168.725
168.75
168.776
168.801
168.826
168.851
168.877
168.902
168.927
168.953
168.978
169.003
169.028
169.054
169.079
169.104
169.13
169.155
169.18
169.205
169.231
169.256
169.281
169.307
169.332
169.357
169.383
169.408
169.433
169.458
169.484
169.509
169.534
169.56
169.585
169.61
169.635
169.661
169.686
169.711
169.737
169.762
169.787
169.812
169.838
169.863
169.888
169.914
169.939
169.964
169.99
170.015
170.04
170.065
170.091
170.116
170.141
170.167
170.192
170.217
170.243
170.268
170.293
170.319
170.344
170.369
170.394
170.42
170.445
170.47
170.496
170.521
170.546
170.572
170.597
170.622
170.648
170.673
170.698
170.723
170.749
170.774
170.799
170.825
170.85
170.875
170.901
170.926
170.951
170.976
171.002
171.027
171.052
171.078
171.103
171.128
171.154
171.179
171.204
171.229
171.255
171.28
171.305
171.331
171.356
171.381
171.407
171.432
171.457
171.482
171.508
171.533
171.558
171.584
171.609
171.634
171.66
171.685
171.71
171.736
171.761
171.786
171.811
171.837
171.862
171.887
171.913
171.938
171.963
171.989
172.014
172.039
172.064
172.09
172.115
172.14
172.166
172.191
172.216
172.242
172.267
172.292
172.317
172.343
172.368
172.393
172.419
172.444
172.469
172.495
172.52
172.545
172.57
172.596
172.621
172.646
172.672
172.697
172.722
172.748
172.773
172.798
172.823
172.849
172.874
172.899
172.925
172.95
172.975
173
173.026
173.051
173.076
173.102
173.127
173.152
173.178
173.203
173.228
173.254
173.279
173.304
173.329
173.355
173.38
173.405
173.431
173.456
173.481
173.507
173.532
173.557
173.582
173.608
173.633
173.658
173.684
173.709
173.734
173.759
173.785
173.81
173.835
173.861
173.886
173.911
173.937
173.962
173.987
174.013
174.038
174.063
174.089
174.114
174.139
174.164
174.19
174.215
174.24
174.266
174.291
174.316
174.341
174.367
174.392
174.417
174.443
174.468
174.493
174.519
174.544
174.569
174.595
174.62
174.645
174.67
174.696
174.721
174.746
174.772
174.797
174.822
174.848
174.873
174.898
174.923
174.949
174.974
174.999
175.025
175.05
175.075
175.1
175.126
175.151
175.176
175.202
175.227
175.252
175.278
175.303
175.328
175.353
175.379
175.404
175.429
175.455
175.48
175.505
175.531
175.556
175.581
175.607
175.632
175.657
175.683
175.708
175.733
175.758
175.784
175.809
175.834
175.86
175.885
175.91
175.936
175.961
175.986
176.011
176.037
176.062
176.087
176.113
176.138
176.163
176.189
176.214
176.239
176.264
176.29
176.315
176.34
176.366
176.391
176.416
176.442
176.467
176.492
176.518
176.543
176.568
176.593
176.619
176.644
176.669
176.695
176.72
176.745
176.771
176.796
176.821
176.847
176.872
176.897
176.923
176.948
176.973
176.998
177.024
177.049
177.074
177.1
177.125
177.15
177.176
177.201
177.226
177.251
177.277
177.302
177.327
177.353
177.378
177.403
177.429
177.454
177.479
177.504
177.53
177.555
177.58
177.606
177.631
177.656
177.682
177.707
177.732
177.757
177.783
177.808
177.833
177.859
177.884
177.909
177.934
177.96
177.985
178.01
178.036
178.061
178.086
178.112
178.137
178.162
178.187
178.213
178.238
178.263
178.289
178.314
178.339
178.364
178.39
178.415
178.44
178.466
178.491
178.516
178.541
178.567
178.592
178.617
178.643
178.668
178.693
178.719
178.744
178.769
178.794
178.82
178.845
178.87
178.896
178.921
178.946
178.971
178.997
179.022
179.047
179.073
179.098
179.123
179.148
179.174
179.199
179.224
179.25
179.275
179.3
179.326
179.351
179.376
179.401
179.427
179.452
179.477
179.503
179.528
179.553
179.578
179.604
179.629
179.654
179.68
179.705
179.73
179.756
179.781
179.806
179.831
179.857
179.882
179.907
179.933
179.958
179.983
180.008
180.034
180.059
180.084
180.11
180.135
180.16
180.185
180.211
180.236
180.261
180.287
180.312
180.337
180.363
180.388
180.413
180.438
180.464
180.489
180.514
180.54
180.565
180.59
180.616
180.641
180.666
180.692
180.717
180.742
180.767
180.793
180.818
180.843
180.869
180.894
180.919
180.944
180.97
180.995
181.02
181.046
181.071
181.096
181.122
181.147
181.172
181.197
181.223
181.248
181.273
181.299
181.324
181.349
181.375
181.4
181.425
181.45
181.476
181.501
181.526
181.552
181.577
181.602
181.627
181.653
181.678
181.703
181.729
181.754
181.779
181.805
181.83
181.855
181.88
181.906
181.931
181.956
181.982
182.007
182.032
182.058
182.083
182.108
182.133
182.159
182.184
182.209
182.235
182.26
182.285
182.311
182.336
182.361
182.386
182.412
182.437
182.462
182.488
182.513
182.538
182.564
182.589
182.614
182.639
182.665
182.69
182.715
182.741
182.766
182.791
182.817
182.842
182.867
182.892
182.918
182.943
182.968
182.994
183.019
183.044
183.07
183.095
183.12
183.146
183.171
183.196
183.222
183.247
183.272
183.297
183.323
183.348
183.373
183.399
183.424
183.449
183.475
183.5
183.525
183.551
183.576
183.601
183.627
183.652
183.677
183.703
183.728
183.753
183.779
183.804
183.829
183.854
183.88
183.905
183.93
183.956
183.981
184.006
184.032
184.057
184.082
184.107
184.133
184.158
184.183
184.209
184.234
184.259
184.285
184.31
184.335
184.36
184.386
184.411
184.436
184.462
184.487
184.512
184.538
184.563
184.588
184.614
184.639
184.664
184.689
184.715
184.74
184.765
184.791
184.816
184.841
184.867
184.892
184.917
184.942
184.968
184.993
185.018
185.044
185.069
185.094
185.12
185.145
185.17
185.195
185.221
185.246
185.271
185.297
185.322
185.347
185.373
185.398
185.423
185.449
185.474
185.499
185.525
185.55
185.575
185.601
185.626
185.651
185.676
185.702
185.727
185.752
185.778
185.803
185.828
185.854
185.879
185.904
185.93
185.955
185.98
186.005
186.031
186.056
186.081
186.107
186.132
186.157
186.183
186.208
186.233
186.258
186.284
186.309
186.334
186.36
186.385
186.41
186.436
186.461
186.486
186.511
186.537
186.562
186.587
186.613
186.638
186.663
186.689
186.714
186.739
186.764
186.79
186.815
186.84
186.866
186.891
186.916
186.942
186.967
186.992
187.018
187.043
187.068
187.093
187.119
187.144
187.169
187.195
187.22
187.245
187.271
187.296
187.321
187.347
187.372
187.397
187.422
187.448
187.473
187.498
187.524
187.549
187.574
187.599
187.625
187.65
187.675
187.701
187.726
187.751
187.777
187.802
187.827
187.853
187.878
187.903
187.929
187.954
187.979
188.004
188.03
188.055
188.08
188.106
188.131
188.156
188.181
188.207
188.232
188.257
188.283
188.308
188.333
188.359
188.384
188.409
188.434
188.46
188.485
188.51
188.536
188.561
188.586
188.611
188.637
188.662
188.687
188.713
188.738
188.763
188.788
188.814
188.839
188.864
188.89
188.915
188.94
188.965
188.991
189.016
189.041
189.066
189.092
189.117
189.142
189.168
189.193
189.218
189.243
189.269
189.294
189.319
189.345
189.37
189.395
189.42
189.446
189.471
189.496
189.522
189.547
189.572
189.598
189.623
189.648
189.673
189.699
189.724
189.749
189.775
189.8
189.825
189.85
189.876
189.901
189.926
189.952
189.977
190.002
190.028
190.053
190.078
190.103
190.129
190.154
190.179
190.205
190.23
190.255
190.281
190.306
190.331
190.356
190.382
190.407
190.432
190.458
190.483
190.508
190.534
190.559
190.584
190.609
190.635
190.66
190.685
190.711
190.736
190.761
190.787
190.812
190.837
190.862
190.888
190.913
190.938
190.964
190.989
191.014
191.04
191.065
191.09
191.116
191.141
191.166
191.192
191.217
191.242
191.267
191.293
191.318
191.343
191.369
191.394
191.419
191.445
191.47
191.495
191.52
191.546
191.571
191.596
191.622
191.647
191.672
191.698
191.723
191.748
191.773
191.799
191.824
191.849
191.875
191.9
191.925
191.951
191.976
192.001
192.026
192.052
192.077
192.102
192.128
192.153
192.178
192.204
192.229
192.254
192.28
192.305
192.33
192.355
192.381
192.406
192.431
192.457
192.482
192.507
192.532
192.558
192.583
192.608
192.634
192.659
192.684
192.71
192.735
192.76
192.785
192.811
192.836
192.861
192.887
192.912
192.937
192.963
192.988
193.013
193.038
193.064
193.089
193.114
193.14
193.165
193.19
193.216
193.241
193.266
193.291
193.317
193.342
193.367
193.393
193.418
193.443
193.469
193.494
193.519
193.545
193.57
193.595
193.62
193.646
193.671
193.696
193.722
193.747
193.772
193.798
193.823
193.848
193.873
193.899
193.924
193.949
193.975
194
194.025
194.051
194.076
194.101
194.126
194.152
194.177
194.202
194.228
194.253
194.278
194.304
194.329
194.354
194.379
194.405
194.43
194.455
194.481
194.506
194.531
194.557
194.582
194.607
194.632
194.658
194.683
194.708
194.734
194.759
194.784
194.81
194.835
194.86
194.886
194.911
194.936
194.961
194.987
195.012
195.037
195.063
195.088
195.113
195.139
195.164
195.189
195.214
195.24
195.265
195.29
195.316
195.341
195.366
195.392
195.417
195.442
195.468
195.493
195.518
195.544
195.569
195.594
195.62
195.645
195.67
195.695
195.721
195.746
195.772
195.797
195.822
195.848
195.873
195.898
195.923
195.949
195.974
195.999
196.025
196.05
196.075
196.101
196.126
196.151
196.177
196.202
196.227
196.253
196.278
196.303
196.328
196.354
196.379
196.404
196.43
196.455
196.48
196.506
196.531
196.556
196.581
196.607
196.632
196.657
196.683
196.708
196.733
196.759
196.784
196.809
196.835
196.86
196.885
196.91
196.936
196.961
196.986
197.012
197.037
197.062
197.088
197.113
197.138
197.164
197.189
197.214
197.239
197.265
197.29
197.315
197.341
197.366
197.391
197.417
197.442
197.467
197.492
197.518
197.543
197.568
197.594
197.619
197.644
197.669
197.695
197.72
197.745
197.771
197.796
197.821
197.847
197.872
197.897
197.923
197.948
197.973
197.998
198.024
198.049
198.074
198.1
198.125
198.15
198.176
198.201
198.226
198.252
198.277
198.302
198.328
198.353
198.378
198.403
198.429
198.454
198.479
198.505
198.53
198.555
198.581
198.606
198.631
198.656
198.682
198.707
198.732
198.758
198.783
198.808
198.834
198.859
198.884
198.91
198.935
198.96
198.986
199.011
199.036
199.061
199.087
199.112
199.137
199.163
199.188
199.213
199.239
199.264
199.289
199.314
199.34
199.365
199.39
199.416
199.441
199.466
199.492
199.517
199.542
199.567
199.593
199.618
199.643
199.669
199.694
199.719
199.744
199.77
199.795
199.82
199.846
199.871
199.896
199.922
199.947
199.972
199.998
200.023
200.048
200.073
200.099
200.124
200.149
200.175
200.2
200.225
200.251
200.276
200.301
200.327
200.352
200.377
200.402
200.428
200.453
200.478
200.504
200.529
200.554
200.58
200.605
200.63
200.656
200.681
200.706
200.732
200.757
200.782
200.807
200.833
200.858
200.883
200.909
200.934
200.959
200.985
201.01
201.035
201.06
201.086
201.111
201.136
201.162
201.187
201.212
201.238
201.263
201.288
201.314
201.339
201.364
201.39
201.415
201.44
201.465
201.491
201.516
201.541
201.567
201.592
201.617
201.643
201.668
201.693
201.718
201.744
201.769
201.794
201.82
201.845
201.87
201.896
201.921
201.946
201.972
201.997
202.022
202.048
202.073
202.098
202.124
202.149
202.174
202.199
202.225
202.25
202.275
202.301
202.326
202.351
202.377
202.402
202.427
202.452
202.478
202.503
202.528
202.554
202.579
202.604
202.629
202.655
202.68
202.705
202.731
202.756
202.781
202.806
202.832
202.857
202.882
202.907
202.933
202.958
202.983
203.009
203.034
203.059
203.084
203.11
203.135
203.16
203.186
203.211
203.236
203.261
203.287
203.312
203.337
203.363
203.388
203.413
203.438
203.464
203.489
203.514
203.539
203.565
203.59
203.615
203.64
203.666
203.691
203.716
203.741
203.767
203.792
203.817
203.842
203.868
203.893
203.918
203.943
203.969
203.994
204.019
204.044
204.07
204.095
204.12
204.145
204.171
204.196
204.221
204.246
204.272
204.297
204.322
204.347
204.373
204.398
204.423
204.449
204.474
204.499
204.524
204.55
204.575
204.6
204.626
204.651
204.676
204.701
204.727
204.752
204.777
204.802
204.828
204.853
204.878
204.903
204.929
204.954
204.979
205.004
205.03
205.055
205.08
205.106
205.131
205.156
205.181
205.207
205.232
205.257
205.282
205.308
205.333
205.358
205.384
205.409
205.434
205.459
205.485
205.51
205.535
205.56
205.586
205.611
205.636
205.662
205.687
205.712
205.737
205.763
205.788
205.813
205.838
205.864
205.889
205.914
205.94
205.965
205.99
206.015
206.041
206.066
206.091
206.116
206.142
206.167
206.192
206.218
206.243
206.268
206.293
206.319
206.344
206.369
206.394
206.42
206.445
206.47
206.495
206.521
206.546
206.571
206.597
206.622
206.647
206.672
206.698
206.723
206.748
206.773
206.799
206.824
206.849
206.874
206.9
206.925
206.95
206.975
207.001
207.026
207.051
207.077
207.102
207.127
207.152
207.178
207.203
207.228
207.253
207.279
207.304
207.329
207.354
207.38
207.405
207.43
207.456
207.481
207.506
207.531
207.557
207.582
207.607
207.632
207.658
207.683
207.708
207.733
207.759
207.784
207.809
207.834
207.86
207.885
207.91
207.936
207.961
207.986
208.011
208.037
208.062
208.087
208.112
208.138
208.163
208.188
208.213
208.239
208.264
208.289
208.315
208.34
208.365
208.39
208.416
208.441
208.466
208.491
208.517
208.542
208.567
208.593
208.618
208.643
208.668
208.694
208.719
208.744
208.769
208.795
208.82
208.845
208.87
208.896
208.921
208.946
208.971
208.997
209.022
209.047
209.073
209.098
209.123
209.148
209.174
209.199
209.224
209.249
209.275
209.3
209.325
209.35
209.376
209.401
209.426
209.452
209.477
209.502
209.527
209.553
209.578
209.603
209.628
209.654
209.679
209.704
209.729
209.755
209.78
209.805
209.83
209.856
209.881
209.906
209.932
209.957
209.982
210.007
210.033
210.058
210.083
210.108
210.134
210.159
210.184
210.209
210.235
210.26
210.285
210.31
210.336
210.361
210.386
210.412
210.437
210.462
210.487
210.513
210.538
210.563
210.588
210.614
210.639
210.664
210.689
210.715
210.74
210.765
210.79
210.816
210.841
210.866
210.892
210.917
210.942
210.967
210.993
211.018
211.043
211.068
211.094
211.119
211.144
211.17
211.195
211.22
211.245
211.271
211.296
211.321
211.346
211.372
211.397
211.422
211.448
211.473
211.498
211.523
211.549
211.574
211.599
211.624
211.65
211.675
211.7
211.726
211.751
211.776
211.801
211.827
211.852
211.877
211.902
211.928
211.953
211.978
212.003
212.029
212.054
212.079
212.104
212.13
212.155
212.18
212.205
212.231
212.256
212.281
212.307
212.332
212.357
212.382
212.407
212.433
212.458
212.483
212.508
212.534
212.559
212.584
212.609
212.635
212.66
212.685
212.71
212.735
212.761
212.786
212.811
212.836
212.861
212.887
212.912
212.937
212.962
212.987
213.012
213.037
213.063
213.088
213.113
213.138
213.163
213.188
213.213
213.239
213.264
213.289
213.314
213.339
213.364
213.389
213.415
213.44
213.465
213.49
213.515
213.54
213.565
213.591
213.616
213.641
213.666
213.691
213.716
213.741
213.767
213.792
213.817
213.842
213.867
213.892
213.917
213.943
213.968
213.993
214.018
214.043
214.068
214.093
214.119
214.144
214.169
214.194
214.219
214.244
214.269
214.295
214.32
214.345
214.37
214.395
214.42
214.445
214.471
214.496
214.521
214.546
214.571
214.596
214.621
214.647
214.672
214.697
214.722
214.747
214.772
214.797
214.823
214.848
214.873
214.898
214.923
214.948
214.974
214.999
215.024
215.049
215.074
215.099
215.124
215.149
215.175
215.2
215.225
215.25
215.275
215.3
215.326
215.351
215.376
215.401
215.426
215.451
215.477
215.502
215.527
215.552
215.577
215.602
215.627
215.653
215.678
215.703
215.728
215.753
215.778
215.803
215.829
215.854
215.879
215.904
215.929
215.954
215.979
216.005
216.03
216.055
216.08
216.105
216.13
216.155
216.181
216.206
216.231
216.256
216.281
216.306
216.331
216.357
216.382
216.407
216.432
216.457
216.482
216.507
216.533
216.558
216.583
216.608
216.633
216.658
216.683
216.708
216.734
216.759
216.784
216.809
216.834
216.859
216.884
216.91
216.935
216.96
216.985
217.01
217.035
217.06
217.085
217.111
217.136
217.161
217.186
217.211
217.236
217.261
217.287
217.312
217.337
217.362
217.387
217.412
217.438
217.463
217.488
217.513
217.538
217.563
217.588
217.613
217.639
217.664
217.689
217.714
217.739
217.764
217.789
217.815
217.84
217.865
217.89
217.915
217.94
217.965
217.99
218.016
218.041
218.066
218.091
218.116
218.141
218.166
218.192
218.217
218.242
