4.06926
13.3462
17.8527
17.1487
17.4995
17.0865
15.7727
14.7127
13.9125
13.3013
13.0681
12.8968
12.6555
12.4858
12.3381
12.1925
12.0862
11.9786
11.8719
11.7676
11.6957
11.661
11.6254
11.6211
11.6636
11.7288
11.8034
11.8088
11.8613
11.9586
12.0809
12.204
12.3072
12.4243
12.5511
12.6833
12.8298
12.9426
13.038
13.0765
13.1134
13.1524
13.171
13.1622
13.1397
13.1224
13.1072
13.0964
13.091
13.0883
13.0716
13.088
13.1191
13.1399
13.1643
13.1941
13.2267
13.2539
13.2746
13.3062
13.3471
13.3841
13.4188
13.4415
13.4748
13.4928
13.4894
13.4648
13.4355
13.4071
13.3713
13.3317
13.292
13.2576
13.2223
13.1945
13.1758
13.1747
13.1738
13.1792
13.1858
13.2031
13.2305
13.262
13.2912
13.3156
13.3336
13.3471
13.3521
13.3563
13.3573
13.3606
13.3622
13.3736
13.391
13.4151
13.4418
13.4666
13.4966
13.5231
13.5549
13.5884
13.615
13.633
13.6431
13.6508
13.6583
13.6584
13.6486
13.6336
13.6118
13.58
13.5438
13.5004
13.4652
13.4285
13.3978
13.3809
13.365
13.3497
13.3334
13.3101
13.2787
13.2492
13.2227
13.2008
13.1803
13.1641
13.161
13.1574
13.1558
13.1538
13.1502
13.148
13.1466
13.149
13.1511
13.161
13.1703
13.1811
13.1963
13.2114
13.2314
13.2508
13.2711
13.2909
13.3047
13.3138
13.323
13.3333
13.341
13.3488
13.3524
13.3552
13.3605
13.3687
13.3755
13.3874
13.4018
13.4198
13.4341
13.4409
13.4367
13.426
13.4125
13.3978
13.3813
13.3666
13.3487
13.3326
13.326
13.3178
13.3146
13.3166
13.3177
13.313
13.3059
13.295
13.2826
13.271
13.26
13.2528
13.2491
13.2487
13.2519
13.2629
13.2787
13.2969
13.3201
13.3416
13.3687
13.3961
13.4167
13.429
13.4323
13.4309
13.4261
13.4215
13.4165
13.4098
13.3996
13.3867
13.3708
13.3531
13.3358
13.3222
13.3135
13.3077
13.3054
13.3052
13.312
13.3223
13.3297
13.3365
13.3453
13.3524
13.361
13.3724
13.3804
13.3921
13.3965
13.3968
13.3923
13.3845
13.3733
13.3618
13.3514
13.3425
13.3412
13.3458
13.3536
13.361
13.3714
13.3831
13.3938
13.4065
13.4175
13.435
13.4575
13.472
13.4768
13.4779
13.4799
13.4877
13.494
13.4948
13.4937
13.4909
13.4858
13.4771
13.4661
13.459
13.455
13.4496
13.4416
13.4292
13.4151
13.4007
13.3869
13.3766
13.3682
13.3626
13.3624
13.3634
13.3637
13.3665
13.3715
13.3825
13.397
13.4126
13.4247
13.442
13.4579
13.4703
13.4761
13.4774
13.4836
13.4896
13.4928
13.4924
13.489
13.484
13.4772
13.4702
13.4643
13.4566
13.4523
13.4498
13.4465
13.4425
13.4377
13.4314
13.4281
13.4258
13.4287
13.4333
13.4371
13.4422
13.4466
13.4508
13.4538
13.4541
13.4509
13.4467
13.4399
13.4325
13.4301
13.4317
13.4351
13.4325
13.4313
13.4329
13.4382
13.4421
13.44
13.4402
13.4412
13.4444
13.449
13.456
13.4616
13.4663
13.4673
13.4668
13.47
13.4734
13.4717
13.4721
13.4738
13.474
13.4696
13.4628
13.4544
13.4443
13.4344
13.4243
13.4159
13.4082
13.4038
13.4008
13.402
13.4028
13.4029
13.4037
13.4058
13.4055
13.4082
13.4133
13.4191
13.4277
13.4236
13.4159
13.4112
13.4095
13.4062
13.3998
13.3913
13.3838
13.3731
13.367
13.36
13.3584
13.3587
13.3582
13.3561
13.3558
13.3586
13.357
13.3618
13.3682
13.3787
13.3889
13.4011
13.4147
13.4279
13.4375
13.4443
13.4445
13.4461
13.4477
13.4427
13.4331
13.4213
13.4101
13.3999
13.389
13.3791
13.3724
13.3665
13.3591
13.3481
13.3367
13.3278
13.3218
13.3188
13.3177
13.3183
13.3211
13.3243
13.3312
13.336
13.3445
13.3515
13.3569
13.3592
13.3613
13.3589
13.3577
13.3616
13.3659
13.3702
13.3754
13.3838
13.3941
13.4039
13.4131
13.4203
13.4285
13.4332
13.4341
13.4334
13.4352
13.4369
13.4342
13.4304
13.4217
13.4119
13.4013
13.3902
13.3797
13.3723
13.3677
13.3644
13.3617
13.3588
13.3535
13.3497
13.3474
13.3505
13.3575
13.3673
13.3784
13.3902
13.39
13.3895
13.387
13.385
13.3829
13.3934
13.4007
13.4077
13.4166
13.4258
13.4378
13.448
13.4508
13.4505
13.4472
13.4373
13.426
13.4132
13.3948
13.3748
13.3573
13.3463
13.3355
13.3215
13.3097
13.2999
13.2919
13.2885
13.2887
13.2909
13.298
13.3063
13.3157
13.3296
13.3497
13.3681
13.386
13.4056
13.4224
13.4322
13.4375
13.4441
13.4503
13.4586
13.4683
13.4768
13.4845
13.4885
13.4893
13.4879
13.4844
13.4782
13.4727
13.4631
13.4507
13.4373
13.4244
13.4128
13.4035
13.3958
13.3885
13.3801
13.3703
13.3616
13.353
13.3457
13.3411
13.3414
13.3452
13.3561
13.3581
13.3587
13.3565
13.3515
13.3482
13.3481
13.3507
13.3548
13.3601
13.366
13.3752
13.3862
13.3965
13.4067
13.4217
13.4332
13.444
13.4465
13.4422
13.4389
13.4346
13.4328
13.4304
13.4287
13.426
13.4235
13.4183
13.411
13.4041
13.4007
13.3974
13.3923
13.3857
13.3796
13.3739
13.3698
13.3643
13.3625
13.3641
13.3693
13.3768
13.3815
13.3867
13.3873
13.3893
13.3965
13.4065
13.4184
13.4236
13.431
13.4338
13.4378
13.445
13.452
13.4571
13.4627
13.4678
13.4704
13.4703
13.4697
13.4686
13.4697
13.469
13.4679
13.4686
13.4688
13.4676
13.4663
13.4613
13.4504
13.44
13.4352
13.4321
13.4273
13.424
13.4177
13.4112
13.4034
13.3967
13.3937
13.3944
13.4
13.4007
13.4076
13.4161
13.4236
13.4284
13.4357
13.4435
13.4502
13.4552
13.4617
13.4711
13.4774
13.485
13.4868
13.4807
13.4699
13.4553
13.4392
13.4219
13.4061
13.3985
13.3963
13.3931
13.3903
13.3884
13.3901
13.396
13.4028
13.4126
13.4245
13.4386
13.4514
13.4649
13.4775
13.4893
13.4943
13.4931
13.4894
13.4838
13.4758
13.4653
13.4504
13.4345
13.4206
13.4073
13.3989
13.3933
13.3907
13.3915
13.3969
13.4008
13.4089
13.4182
13.4328
13.4489
13.4657
13.4797
13.4943
13.5055
13.5154
13.5238
13.5293
13.5399
13.5433
13.5399
13.5313
13.5188
13.5038
13.4887
13.4734
13.4579
13.4455
13.4347
13.4275
13.4209
13.4109
13.4028
13.3972
13.3971
13.3999
13.4078
13.4182
13.4328
13.4464
13.4617
13.4762
13.491
13.5013
13.5056
13.5052
13.5086
13.5116
13.5134
13.5149
13.5156
13.513
13.5093
13.51
13.5133
13.5186
13.5275
13.533
13.5351
13.5326
13.5271
13.5205
13.5115
13.5027
13.4924
13.4817
13.4705
13.4576
13.4483
13.4419
13.4357
13.4289
13.424
13.4182
13.4169
13.4201
13.4252
13.4327
13.4438
13.4547
13.464
13.4727
13.4768
13.4787
13.4842
13.4848
13.4815
13.4747
13.4653
13.4587
13.4545
13.4524
13.4528
13.4561
13.4593
13.4614
13.4654
13.4683
13.4748
13.4782
13.4771
13.4759
13.4739
13.4705
13.4664
13.4638
13.4621
13.4582
13.4549
13.4483
13.4438
13.4417
13.4411
13.4436
13.4459
13.4515
13.457
13.4609
13.4625
13.4623
13.4672
13.4696
13.4691
13.473
13.4744
13.4818
13.4878
13.4896
13.4917
13.4903
13.4856
13.4789
13.469
13.4601
13.4492
13.4374
13.4254
13.4088
13.3948
13.3864
13.3822
13.3795
13.3845
13.3949
13.3994
13.397
13.396
13.3932
13.3921
13.3944
13.4056
13.4174
13.4292
13.4395
13.448
13.4536
13.4612
13.4665
13.469
13.4731
13.4764
13.4785
13.4779
13.4745
13.4713
13.4688
13.4693
13.4694
13.4718
13.4744
13.4778
13.4813
13.4846
13.4895
13.4884
13.4866
13.4882
13.4934
13.4949
13.4942
13.4932
13.4906
13.4844
13.4762
13.4655
13.4574
13.451
13.4439
13.4378
13.4324
13.4289
13.4279
13.4285
13.429
13.4351
13.4389
13.4405
13.4492
13.4572
13.4627
13.47
13.4776
13.4817
13.4845
13.4857
13.4841
13.4781
13.473
13.4733
13.4665
13.4565
13.4444
13.4338
13.4238
13.4184
13.4158
13.4166
13.4188
13.4218
13.4225
13.4265
13.4344
13.4438
13.4529
13.4611
13.4625
13.4705
13.4839
13.4948
13.5045
13.5143
13.5133
13.514
13.5142
13.5145
13.5122
13.5102
13.5043
13.4988
13.4918
13.4859
13.4792
13.4754
13.4708
13.4665
13.4627
13.4562
13.4527
13.4536
13.4546
13.4577
13.4614
13.4658
13.47
13.4707
13.4684
13.468
13.4664
13.4641
13.4625
13.4578
13.4506
13.4382
13.4259
13.4195
13.4149
13.412
13.4114
13.4096
13.4078
13.4047
13.4039
13.4052
13.4082
13.4137
13.4204
13.4264
13.433
13.4429
13.4571
13.4715
13.4913
13.5079
13.5226
13.534
13.5449
13.5503
13.5561
13.5622
13.5658
13.5679
13.567
13.5625
13.5558
13.5473
13.5377
13.5302
13.5237
13.5142
13.5055
13.5012
13.4948
13.4882
13.486
13.4871
13.4882
13.4861
13.4867
13.4895
13.4912
13.4895
13.4917
13.4954
13.4993
13.5007
13.4977
13.493
13.4863
13.478
13.469
13.4604
13.4489
13.4417
13.4358
13.4283
13.4216
13.4116
13.4029
13.3967
13.3907
13.3828
13.3787
13.3781
13.3762
13.3807
13.3915
13.4038
13.4091
13.4197
13.4289
13.4405
13.4531
13.4665
13.4798
13.4878
13.4936
13.4973
13.501
13.5087
13.5112
13.5089
13.5108
13.5143
13.5164
13.5193
13.5171
13.5147
13.5124
13.5123
13.5102
13.5058
13.5002
13.4969
13.4953
13.4985
13.5028
13.5066
13.5094
13.5144
13.5185
13.5239
13.5283
13.5318
13.5328
13.5328
13.5313
13.5256
13.5168
13.5102
13.5029
13.4963
13.4907
13.4849
13.4799
13.4756
13.4694
13.4651
13.4637
13.4629
13.4645
13.4667
13.4698
13.4685
13.4723
13.4754
13.4808
13.4826
13.4802
13.4785
13.4791
13.479
13.4802
13.4813
13.4754
13.474
13.4731
13.4726
13.469
13.4643
13.4597
13.4548
13.4517
13.4499
13.4476
13.4452
13.4438
13.4444
13.4473
13.4501
13.4551
13.4593
13.4631
13.4712
13.4705
13.4681
13.4675
13.4708
13.4717
13.4743
13.4787
13.482
13.4867
13.493
13.4966
13.499
13.5037
13.5071
13.5089
13.5073
13.5018
13.4986
13.4917
13.4821
13.4683
13.453
13.441
13.4328
13.4265
13.4246
13.4237
13.4169
13.4107
13.4108
13.4113
13.4133
13.4142
13.4173
13.422
13.4249
13.4312
13.4388
13.4467
13.4638
13.482
13.4991
13.515
13.5267
13.5361
13.5446
13.5513
13.5507
13.548
13.5431
13.5353
13.5278
13.5228
13.5137
13.5035
13.4939
13.4887
13.4841
13.4781
13.4721
13.4705
13.4735
13.478
13.4829
13.4875
13.4937
13.5017
13.5097
13.5172
13.5233
13.5298
13.5332
13.5339
13.533
13.5288
13.5232
13.5145
13.5037
13.493
13.4803
13.4666
13.4567
13.45
13.443
13.4377
13.434
13.431
13.4282
13.4287
13.4309
13.4341
13.4392
13.4415
13.4435
13.4452
13.4456
13.4454
13.4451
13.4461
13.4472
13.4495
13.4494
13.4515
13.4531
13.4545
13.4579
13.4602
13.4555
13.4509
13.4467
13.4434
13.4411
13.4374
13.4341
13.4281
13.4222
13.4185
13.4163
13.4148
13.4177
13.4224
13.4317
13.4449
13.4615
13.4787
13.4941
13.5041
13.512
13.5184
13.5235
13.5315
13.537
13.5409
13.5448
13.5458
13.5506
13.5549
13.5533
13.5457
13.5386
13.5302
13.5203
13.5086
13.4983
13.488
13.4822
13.4775
13.4742
13.4706
13.4681
13.4674
13.4636
13.4603
13.4573
13.4545
13.4499
13.4484
13.4514
13.4566
13.4637
13.4724
13.4806
13.4923
13.5023
13.5094
13.5153
13.5169
13.5157
13.5135
13.5099
13.5062
13.5011
13.4988
13.4978
13.4981
13.4931
13.4857
13.4794
13.4696
13.458
13.444
13.4289
13.414
13.4024
13.3943
13.3911
13.3916
13.3988
13.4091
13.4202
13.4326
13.4509
13.4678
13.486
13.5001
13.5069
13.5143
13.5152
13.5141
13.5133
13.5119
13.5133
13.5164
13.516
13.5121
13.5052
13.4944
13.4825
13.4702
13.4607
13.4518
13.4435
13.4382
13.4335
13.4289
13.4291
13.4269
13.4279
13.4292
13.4318
13.4335
13.4387
13.4432
13.4445
13.4457
13.4446
13.4449
13.4438
13.4477
13.4543
13.4625
13.4716
13.4792
13.4845
13.4874
13.4919
13.4995
13.5067
13.5062
13.5043
13.5036
13.5091
13.516
13.5183
13.5222
13.5268
13.5278
13.5283
13.525
13.5192
13.5101
13.5028
13.4975
13.4936
13.4901
13.4838
13.4782
13.4728
13.4703
13.4656
13.4679
13.4688
13.4658
13.4637
13.4626
13.466
13.4731
13.4802
13.4881
13.494
13.4917
13.4919
13.4949
13.4978
13.5038
13.5084
13.5132
13.5193
13.5248
13.5282
13.531
13.5338
13.5308
13.5248
13.5146
13.5066
13.4983
13.4901
13.4826
13.4781
13.4765
13.4705
13.4593
13.4503
13.4405
13.4351
13.4366
13.439
13.4442
13.4505
13.4619
13.4751
13.4861
13.4939
13.5015
13.5082
13.5102
13.5118
13.5136
13.5137
13.5142
13.5124
13.5106
13.5076
13.5061
13.5051
13.5041
13.503
13.4995
13.4942
13.4898
13.4848
13.4821
13.4792
13.4783
13.4809
13.4828
13.4852
13.4873
13.4928
13.4969
13.4995
13.4986
13.4918
13.4822
13.4736
13.4645
13.4558
13.4481
13.4405
13.434
13.4301
13.4314
13.4333
13.4349
13.4372
13.4384
13.4408
13.4497
13.4577
13.463
13.4655
13.4751
13.4813
13.4829
13.4881
13.4929
13.4941
13.4945
13.4986
13.5014
13.5042
13.5066
13.5056
13.5031
13.4979
13.4952
13.4936
13.494
13.4969
13.5002
13.5044
13.5113
13.5166
13.5225
13.5261
13.5272
13.526
13.5214
13.5149
13.5077
13.4983
13.4884
13.4801
13.4733
13.4665
13.4608
13.4552
13.4516
13.4479
13.443
13.4403
13.4386
13.4356
13.4335
13.4358
13.4401
13.4453
13.4506
13.4548
13.461
13.4682
13.4758
13.4857
13.4941
13.5006
13.5082
13.5178
13.5278
13.5371
13.5437
13.5491
13.5501
13.5527
13.5558
13.5601
13.564
13.5626
13.5527
13.5441
13.5342
13.5226
13.5117
13.5026
13.4928
13.4829
13.4727
13.4586
13.4471
13.4381
13.4313
13.4251
13.4219
13.4208
13.4227
13.4296
13.4343
13.4337
13.4324
13.4342
13.4403
13.4458
13.4528
13.4634
13.4779
13.495
13.5133
13.5304
13.5374
13.544
13.546
13.5414
13.5346
13.5255
13.5145
13.5008
13.4847
13.4681
13.4534
13.4398
13.4302
13.4253
13.4224
13.4196
13.4172
13.4154
13.418
13.4237
13.4295
13.4343
13.4348
13.4392
13.4433
13.4464
13.4493
13.4571
13.4667
13.4761
13.4887
13.5045
13.5167
13.5339
13.5483
13.5574
13.563
13.5685
13.5693
13.5648
13.5603
13.5549
13.5489
13.5399
13.5345
13.5264
13.5163
13.5052
13.4937
13.4832
13.4715
13.4597
13.4505
13.4434
13.4361
13.4278
13.4177
13.4048
13.3921
13.3821
13.3757
13.3724
13.369
13.3688
13.3673
13.3668
13.3691
13.3752
13.3826
13.389
13.3969
13.4068
13.4122
13.4189
13.4267
13.4382
13.4508
13.4625
13.4705
13.4788
13.4854
13.4911
13.4944
13.4954
13.4941
13.4908
13.4877
13.4877
13.4893
13.4852
13.4842
13.4841
13.4827
13.4819
13.483
13.4832
13.4801
13.4745
13.4673
13.4619
13.4573
13.455
13.4543
13.4512
13.4446
13.4407
13.4386
13.438
13.4406
13.4452
13.4529
13.4595
13.4618
13.4614
13.4593
13.458
13.4572
13.4574
13.4598
13.4612
13.4614
13.4582
13.4531
13.448
13.4412
13.4355
13.432
13.4304
13.4293
13.4252
13.4215
13.4216
13.4222
13.4287
13.4301
13.4299
13.4319
13.4333
13.4353
13.4372
13.4379
13.436
13.4355
13.4367
13.4408
13.4442
13.4474
13.4501
13.4538
13.4496
13.4485
13.4459
13.4449
13.4468
13.4495
13.4493
13.4512
13.4546
13.4568
13.4604
13.4625
13.4642
13.4667
13.4641
13.4595
13.4566
13.4568
13.4569
13.457
13.4547
13.4485
13.4432
13.4428
13.4407
13.4374
13.4375
13.4374
13.435
13.432
13.4275
13.4278
13.4317
13.4344
13.4355
13.4397
13.4434
13.4474
13.4522
13.455
13.4554
13.4547
13.4521
13.4491
13.4446
13.4417
13.4413
13.4401
13.4316
13.4254
13.4187
13.4149
13.411
13.4115
13.4143
13.4257
13.4416
13.4567
13.4682
13.4779
13.4831
13.4873
13.4865
13.4866
13.4888
13.4956
13.4979
13.5012
13.5037
13.507
13.5076
13.5092
13.5112
13.511
13.5099
13.5114
13.5116
13.5079
13.5008
13.4924
13.4824
13.4754
13.468
13.4617
13.4544
13.4464
13.4444
13.4438
13.4447
13.4465
13.4518
13.4535
13.4553
13.4603
13.4668
13.4758
13.4793
13.4815
13.4836
13.482
13.4808
13.4783
13.4803
13.4854
13.4895
13.4939
13.4963
13.4984
13.4989
13.4948
13.4872
13.4798
13.478
13.4727
13.4674
13.4621
13.4591
13.4538
13.4465
13.4408
13.4373
13.4375
13.4389
13.441
13.4416
13.4404
13.4399
13.4391
13.4403
13.4465
13.4586
13.4692
13.4824
13.4976
13.5104
13.5228
13.5345
13.545
13.5545
13.562
13.5656
13.565
13.5551
13.5421
13.5285
13.5165
13.5019
13.4877
13.4755
13.4636
13.4551
13.4456
13.4412
13.4459
13.4489
13.4504
13.4512
13.4518
13.4513
13.4551
13.4573
13.4585
13.4612
13.4614
13.4592
13.4568
13.4545
13.4619
13.4727
13.4848
13.5
13.5117
13.5172
13.5215
13.5197
13.5144
13.5104
13.5066
13.5044
13.5004
13.4938
13.4874
13.4816
13.4788
13.4772
13.476
13.4717
13.4654
13.4616
13.4572
13.4505
13.4442
13.4408
13.4385
13.4434
13.4441
13.4405
13.4359
13.4331
13.4345
13.4363
13.4445
13.4522
13.4617
13.4754
13.4863
13.4972
13.5084
13.5143
13.5136
13.5118
13.5088
13.5023
13.4935
13.4861
13.4792
13.4706
13.4613
13.4529
13.4457
13.438
13.4309
13.4227
13.4155
13.4112
13.4102
13.4113
13.4141
13.4208
13.4315
13.4437
13.4565
13.4676
13.4768
13.482
13.4879
13.4954
13.5003
13.5012
13.5053
13.5137
13.5245
13.5369
13.5418
13.5461
13.5458
13.5417
13.5349
13.5267
13.518
13.5075
13.4999
13.4904
13.4771
13.4605
13.4425
13.4245
13.4093
13.3967
13.3873
13.3766
13.3662
13.3578
13.3521
13.3503
13.3511
13.362
13.3792
13.3999
13.418
13.4371
13.4548
13.4688
13.4885
13.5032
13.5177
13.532
13.5405
13.542
13.5372
13.5285
13.5209
13.5112
13.5066
13.5065
13.5068
13.5017
13.4928
13.4815
13.4675
13.4539
13.4385
13.4261
13.4168
13.4103
13.4073
13.3983
13.387
13.3762
13.3682
13.3664
13.3705
13.3798
13.3926
13.4078
13.4205
13.4407
13.4583
13.4732
13.4904
13.5059
13.5179
13.5261
13.5315
13.5313
13.5241
13.5129
13.5001
13.4875
13.4771
13.4682
13.4632
13.4563
13.4482
13.441
13.436
13.4327
13.4313
13.431
13.4265
13.4184
13.4097
13.4027
13.3988
13.3981
13.4025
13.4135
13.4232
13.4311
13.4326
13.4352
13.4356
13.4375
13.4389
13.4417
13.4463
13.449
13.4488
13.4467
13.4505
13.4528
13.456
13.4548
13.4491
13.4427
13.441
13.4429
13.4489
13.4545
13.464
13.4722
13.4761
13.4744
13.4717
13.469
13.4702
13.4744
13.4798
13.4863
13.492
13.4955
13.4949
13.4952
13.4947
13.4896
13.4836
13.4789
13.4744
13.4632
13.4489
13.4325
13.418
13.4055
13.3956
13.3885
13.3809
13.3769
13.3758
13.3778
13.3876
13.4021
13.4209
13.4392
13.451
13.4631
13.4738
13.4822
13.486
13.4846
13.4752
13.4633
13.4495
13.4369
13.43
13.4248
13.4206
13.4183
13.415
13.417
13.4221
13.425
13.4291
13.4318
13.4383
13.4391
13.438
13.4301
13.4212
13.4152
13.4052
13.3958
13.3929
13.3931
13.3978
13.401
13.4099
13.418
13.4221
13.4271
13.4296
13.4412
13.4556
13.4642
13.4755
13.4808
13.4809
13.4803
13.4769
13.4765
13.4742
13.4714
13.464
13.4563
13.4458
13.4366
13.4294
13.425
13.4227
13.4279
13.4327
13.4376
13.4443
13.4463
13.4483
13.448
13.4457
13.4452
13.4454
13.4477
13.4521
13.4561
13.4621
13.4689
13.4821
13.4903
13.4897
13.4822
13.4727
13.4633
13.4535
13.4465
13.44
13.4306
13.4227
13.418
13.4162
13.4169
13.4234
13.4321
13.4387
13.4445
13.4482
13.4527
13.4596
13.4615
13.4651
13.4631
13.4627
13.4591
13.4557
13.4507
13.4485
13.448
13.4443
13.4414
13.4403
13.4392
13.4345
13.4316
13.4295
13.4298
13.4296
13.4305
13.4289
13.4277
13.4282
13.4283
13.4297
13.4322
13.4363
13.4379
13.4434
13.451
13.4603
13.4694
13.4755
13.4815
13.487
13.4914
13.4928
13.4955
13.5
13.5055
13.5106
13.5133
13.5112
13.5068
13.4978
13.4897
13.481
13.468
13.456
13.4433
13.4329
13.4291
13.4238
13.4157
13.4121
13.4096
13.4116
13.4149
13.4225
13.4293
13.4288
13.4246
13.4249
13.4264
13.433
13.4402
13.4507
13.4602
13.4648
13.4669
13.4674
13.4687
13.4679
13.4664
13.4656
13.4652
13.4669
13.4692
13.472
13.4762
13.4812
13.4857
13.4902
13.4957
13.5035
13.5112
13.5156
13.5218
13.5242
13.5255
13.5241
13.5224
13.5172
13.5094
13.5023
13.4937
13.4826
13.472
13.4604
13.4517
13.4486
13.444
13.4364
13.4323
13.4296
13.4263
13.4236
13.4239
13.4258
13.431
13.4346
13.4462
13.4565
13.4641
13.4747
13.4847
13.4951
13.5009
13.5022
13.4997
13.4961
13.492
13.4866
13.4776
13.4662
13.4592
13.4601
13.46
13.4574
13.4559
13.4535
13.4508
13.4457
13.4402
13.4357
13.4282
13.4233
13.4186
13.4136
13.4071
13.4006
13.3972
13.3982
13.4
13.4013
13.4014
13.4029
13.4074
13.4159
13.4269
13.4402
13.455
13.4699
13.4765
13.481
13.4903
13.496
13.4988
13.5023
13.5039
13.5022
13.4959
13.4863
13.4783
13.4727
13.4703
13.4699
13.4663
13.4576
13.4516
13.4488
13.4482
13.4507
13.4578
13.4658
13.4737
13.4805
13.4846
13.4859
13.4851
13.4809
13.4748
13.4692
13.4621
13.4512
13.4375
13.4273
13.4182
13.4086
13.3997
13.3918
13.3859
13.3822
13.3813
13.3841
13.3854
13.3886
13.3929
13.4004
13.4078
13.4135
13.4213
13.4348
13.4538
13.47
13.4846
13.499
13.5146
13.5265
13.5422
13.5585
13.5719
13.5751
13.5727
13.5668
13.5597
13.5514
13.5419
13.5292
13.5137
13.5007
13.4927
13.4887
13.487
13.4856
13.486
13.4874
13.486
13.4838
13.4796
13.4758
13.4724
13.4692
13.469
13.4718
13.4751
13.4791
13.4836
13.4864
13.49
13.4925
13.4903
13.485
13.478
13.4704
13.4623
13.4543
13.4467
13.4399
13.4313
13.422
13.4166
13.4118
13.4126
13.4126
13.4132
13.4136
13.4184
13.4255
13.4303
13.4343
13.4425
13.4472
13.4487
13.446
13.4476
13.4527
13.4645
13.4757
13.4887
13.4983
13.5092
13.5181
13.5238
13.5239
13.5183
13.5099
13.4999
13.4913
13.4828
13.4725
13.4646
13.4605
13.4567
13.4527
13.4521
13.4528
13.459
13.4658
13.4738
13.4823
13.4906
13.499
13.5059
13.5105
13.5139
13.5162
13.5192
13.5216
13.5235
13.5244
13.5272
13.5343
13.5355
13.534
13.5278
13.5218
13.5161
13.506
13.4962
13.4839
13.4728
13.4607
13.4474
13.4358
13.426
13.4203
13.4156
13.4112
13.407
13.4032
13.399
13.3998
13.4051
13.413
13.4208
13.4239
13.4266
13.431
13.436
13.4397
13.4436
13.4483
13.4523
13.4568
13.4603
13.4644
13.4672
13.4697
13.4726
13.4746
13.4844
13.4961
13.5068
13.5194
13.5317
13.5425
13.5494
13.5522
13.5543
13.5551
13.5535
13.5517
13.5469
13.5357
13.5291
13.5203
13.5095
13.4999
13.4942
13.491
13.4924
13.4942
13.4964
13.4997
13.5049
13.5107
13.5162
13.52
13.5221
13.5227
13.5238
13.5225
13.5121
13.5016
13.4946
13.4924
13.4913
13.4961
13.4992
13.5009
13.4969
13.4922
13.4825
13.4719
13.4614
13.4541
13.4501
13.4484
13.4498
13.456
13.4652
13.4762
13.4866
13.495
13.5016
13.5045
13.505
13.5038
13.5027
13.5059
13.5097
13.5134
13.5147
13.5132
13.5109
13.5057
13.5032
13.4996
13.4984
13.5012
13.4976
13.4927
13.4891
13.4832
13.4776
13.4742
13.4757
13.4769
13.4777
13.4762
13.4741
13.4714
13.4792
13.49
13.4984
13.5074
13.5134
13.5216
13.5276
13.5353
13.5438
13.5538
13.5585
13.5621
13.5699
13.5748
13.5759
13.5733
13.5612
13.5479
13.5308
13.5134
13.497
13.4812
13.4676
13.4544
13.4435
13.435
13.4301
13.4299
13.4319
13.4355
13.4385
13.4466
13.4554
13.4661
13.4737
13.4803
13.4826
13.4808
13.4807
13.481
13.4819
13.4854
13.4845
13.486
13.4896
13.4968
13.5038
13.5133
13.5172
13.516
13.5156
13.5159
13.5126
13.5044
13.4987
13.49
13.4828
13.4738
13.4631
13.4517
13.443
13.4389
13.4376
13.4387
13.4427
13.4454
13.4449
13.4462
13.4467
13.4446
13.4435
13.4452
13.451
13.4538
13.4581
13.4607
13.4616
13.4646
13.4683
13.476
13.4836
13.4923
13.5024
13.5122
13.5269
13.538
13.5444
13.5484
13.5523
13.551
13.5446
13.536
13.5248
13.5145
13.5035
13.4934
13.484
13.4789
13.4807
13.4818
13.4848
13.4854
13.4829
13.4792
13.4743
13.4679
13.4594
13.4527
13.4465
13.4394
13.4333
13.4289
13.4241
13.4237
13.4249
13.4249
13.4295
13.4367
13.4454
13.4578
13.4679
13.482
13.4963
13.5084
13.5175
13.5237
13.5314
13.5378
13.5428
13.5461
13.5478
13.5484
13.5444
13.5397
13.5365
13.5303
13.5245
13.5157
13.5044
13.4893
13.4737
13.4579
13.4398
13.4274
13.4171
13.4125
13.4112
13.4146
13.4231
13.4329
13.4448
13.4567
13.47
13.4821
13.4967
13.5116
13.5227
13.5311
13.537
13.5427
13.548
13.5483
13.5429
13.5385
13.5331
13.5249
13.5153
13.5019
13.4859
13.4714
13.458
13.4496
13.44
13.4316
13.4217
13.4163
13.4113
13.405
13.4019
13.4046
13.4083
13.4149
13.4228
13.4294
13.4412
13.4551
13.4692
13.4826
13.4986
13.5123
13.5226
13.5317
13.5376
13.5442
13.5514
13.5575
13.5631
13.5616
13.5539
13.5398
13.5221
13.5031
13.4839
13.4682
13.4573
13.456
13.457
13.4582
13.4636
13.4674
13.4692
13.4713
13.4745
13.478
13.4797
13.4821
13.4849
13.4914
13.4962
13.5007
13.5037
13.5076
13.5066
13.5039
13.5009
13.497
13.4964
13.4954
13.4905
13.4837
13.4776
13.4702
13.4564
13.4535
13.4488
13.4444
13.4384
13.4326
13.4306
13.4287
13.428
13.4284
13.4307
13.4352
13.4416
13.4493
13.455
13.4609
13.4644
13.4666
13.4681
13.4702
13.4709
13.4699
13.4716
13.4755
13.4804
13.4844
13.4854
13.4869
13.4887
13.4885
13.4885
13.4884
13.4919
13.4963
13.4964
13.4988
13.5048
13.5126
13.5199
13.5289
13.5333
13.5349
13.5354
13.5296
13.5245
13.52
13.5145
13.5125
13.5104
13.5036
13.4948
13.4895
13.4868
13.487
13.4884
13.4892
13.4841
13.4775
13.4689
13.4592
13.4525
13.4469
13.4443
13.4447
13.4503
13.4625
13.4707
13.4793
13.4908
13.5017
13.5099
13.5148
13.5198
13.5193
13.5197
13.5166
13.5125
13.501
13.4894
13.4783
13.4663
13.4565
13.4511
13.4476
13.4456
13.4482
13.4535
13.4586
13.4643
13.4717
13.4804
13.4875
13.492
13.4911
13.4916
13.4858
13.4792
13.4724
13.4626
13.452
13.4431
13.4338
13.4278
13.4294
13.4328
13.4381
13.4445
13.4525
13.4611
13.4681
13.472
13.4747
13.4751
13.4758
13.4769
13.4785
13.4766
13.4748
13.472
13.4683
13.4651
13.4614
13.4585
13.457
13.4569
13.4583
13.4616
13.4651
13.4676
13.4693
13.4681
13.4648
13.4614
13.4599
13.462
13.4662
13.4728
13.4786
13.488
13.498
13.5071
13.5153
13.5277
13.5402
13.5494
13.5585
13.5668
13.5741
13.5822
13.5786
13.5719
13.5643
13.5567
13.5506
13.5474
13.5431
13.5412
13.5311
13.5224
13.508
13.4922
13.4762
13.461
13.4494
13.441
13.434
13.4272
13.4212
13.4176
13.4173
13.4222
13.4245
13.4338
13.4469
13.4596
13.4679
13.4791
13.4916
13.5028
13.5144
13.5209
13.5249
13.5282
13.5307
13.532
13.5272
13.5216
13.5121
13.5034
13.498
13.4968
13.4958
13.4917
13.4846
13.4801
13.4739
13.4715
13.473
13.4712
13.4739
13.4768
13.4788
13.4763
13.4657
13.4551
13.4474
13.4439
13.4449
13.4446
13.4448
13.4437
13.4422
13.4402
13.4416
13.448
13.4604
13.4723
13.4832
13.4952
13.5048
13.5088
13.5134
13.5172
13.5214
13.5218
13.5239
13.5201
13.5175
13.5112
13.5036
13.4955
13.4911
13.4838
13.4743
13.4662
13.4595
13.4547
13.45
13.4463
13.4417
13.4374
13.4343
13.4361
13.4408
13.45
13.4598
13.4687
13.4751
13.4795
13.4795
13.4834
13.49
13.4956
13.4992
13.4965
13.4901
13.482
13.4744
13.4652
13.4573
13.4531
13.4591
13.4656
13.473
13.4814
13.4891
13.4866
13.4796
13.4764
13.4788
13.4815
13.4846
13.4834
13.479
13.4761
13.474
13.4723
13.469
13.4682
13.4694
13.4735
13.4764
13.4792
13.4806
13.478
13.473
13.4694
13.4682
13.4696
13.4691
13.4691
13.474
13.4832
13.4926
13.505
13.5186
13.5267
13.5261
13.5278
13.526
13.5236
13.5214
13.5151
13.5056
13.4924
13.4779
13.4633
13.4512
13.4415
13.4341
13.4308
13.4293
13.4292
13.4329
13.4389
13.4449
13.4525
13.4614
13.47
13.4801
13.4908
13.5005
13.507
13.5138
13.5184
13.524
13.5288
13.5332
13.5352
13.5352
13.5323
13.5294
13.5289
13.5265
13.5202
13.5139
13.5085
13.5039
13.496
13.4901
13.4856
13.4818
13.4769
13.4715
13.471
13.4687
13.466
13.4649
13.4637
13.4652
13.4625
13.4644
13.4654
13.4712
13.4756
13.479
13.4797
13.4818
13.4877
13.4953
13.5005
13.5068
13.5128
13.5143
13.5106
13.51
13.5062
13.5032
13.4958
13.4925
13.4924
13.4958
13.5006
13.5038
13.504
13.5022
13.5002
13.4967
13.4944
13.4867
13.4794
13.4802
13.4796
13.4745
13.4657
13.4587
13.4509
13.4411
13.4364
13.4339
13.4358
13.4402
13.4417
13.4376
13.4315
13.4279
13.4278
13.4293
13.4338
13.4452
13.4616
13.4683
13.4777
13.4863
13.495
13.5042
13.5103
13.5152
13.5162
13.5185
13.5185
13.5166
13.5185
13.5203
13.5209
13.522
13.5215
13.5229
13.5227
13.5267
13.5263
13.5252
13.5217
13.5196
13.5142
13.5071
13.5013
13.4912
13.483
13.474
13.4644
13.4608
13.4572
13.4528
13.4502
13.4487
13.4464
13.4467
13.4494
13.4543
13.4596
13.4669
13.4767
13.4863
13.4953
13.5069
13.5197
13.5301
13.5388
13.5445
13.5494
13.5515
13.5523
13.5523
13.5528
13.5513
13.5485
13.5472
13.5415
13.5307
13.5201
13.5081
13.4938
13.4813
13.4688
13.4584
13.4515
13.4458
13.4431
13.4402
13.4428
13.4507
13.4599
13.4672
13.4742
13.4796
13.4817
13.4777
13.4734
13.4682
13.4631
13.4557
13.4475
13.4378
13.4301
13.4241
13.4214
13.4215
13.4209
13.4207
13.4226
13.4252
13.4312
13.4383
13.4488
13.4611
13.4718
13.4815
13.4912
13.5
13.5045
13.5083
13.512
13.5127
13.5098
13.5105
13.5038
13.498
13.4931
13.486
13.4888
13.4962
13.5021
13.5054
13.5092
13.5124
13.5147
13.5196
13.5176
13.5117
13.5041
13.4934
13.4798
13.4661
13.4538
13.4448
13.4408
13.4419
13.4465
13.4534
13.4633
13.4719
13.4847
13.4944
13.4989
13.5072
13.5102
13.52
13.5304
13.5362
13.5376
13.5356
13.5287
13.5207
13.5092
13.4993
13.4988
13.5015
13.5043
13.5048
13.5078
13.5099
13.5117
13.5076
13.4992
13.4856
13.4716
13.4618
13.449
13.4394
13.4335
13.4315
13.4307
13.4358
13.4433
13.4522
13.4643
13.4761
13.489
13.5018
13.5149
13.5254
13.5268
13.5273
13.5262
13.5242
13.5193
13.5135
13.5093
13.5079
13.5051
13.5026
13.4954
13.4871
13.4784
13.4694
13.4595
13.4537
13.4486
13.4453
13.4447
13.4451
13.4458
13.4492
13.4494
13.4477
13.4488
13.4531
13.4578
13.4678
13.4813
13.4952
13.5052
13.5101
13.5093
13.5072
13.5028
13.5024
13.5009
13.4985
13.4945
13.487
13.4801
13.4718
13.4614
13.4552
13.4536
13.4563
13.4575
13.4584
13.4622
13.4644
13.4656
13.4618
13.4598
13.4603
13.46
13.4597
13.4651
13.473
13.4802
13.4878
13.4956
13.5027
13.5045
13.5071
13.5083
13.5074
13.5114
13.5123
13.512
13.5134
13.5135
13.5117
13.5082
13.5061
13.5065
13.5081
13.5093
13.5088
13.5055
13.5026
13.4987
13.4936
13.4908
13.4881
13.4859
13.4801
13.4707
13.4626
13.4593
13.4598
13.4605
13.4621
13.4641
13.4657
13.4694
13.4721
13.4754
13.4773
13.4759
13.477
13.4803
13.4856
13.4908
13.4957
13.5
13.503
13.5057
13.5074
13.5087
13.5113
13.5122
13.5119
13.51
13.5047
13.5026
13.503
13.5011
13.4986
13.4947
13.4918
13.4895
13.4918
13.4916
13.4934
13.4974
13.499
13.5001
13.4984
13.4964
13.494
13.4877
13.479
13.4701
13.4607
13.4545
13.4531
13.4525
13.456
13.4643
13.4739
13.482
13.49
13.4914
13.4904
13.4888
13.4869
13.4838
13.4788
13.4744
13.4713
13.4678
13.4627
13.4565
13.4518
13.4527
13.4571
13.4641
13.4704
13.4758
13.4827
13.4903
13.4987
13.5052
13.5094
13.5138
13.5172
13.5163
13.5174
13.5162
13.5192
13.5184
13.5149
13.5085
13.5004
13.4919
13.4805
13.4727
13.4702
13.4636
13.4612
13.4572
13.4576
13.4584
13.4569
13.4618
13.4687
13.478
13.4866
13.4946
13.5066
13.5171
13.5265
13.5362
13.5369
13.536
13.5313
13.5264
13.5207
13.5168
13.5123
13.5075
13.5025
13.4975
13.4923
13.4896
13.4879
13.4848
13.4817
13.4771
13.4746
13.4701
13.4651
13.462
13.4609
13.4609
13.4634
13.4669
13.4684
13.475
13.4834
13.4925
13.5033
13.5117
13.5188
13.522
13.5281
13.5346
13.5378
13.5387
13.5385
13.5379
13.5342
13.5264
13.5149
13.5046
13.4966
13.4899
13.4841
13.4825
13.4827
13.4837
13.4847
13.4832
13.4806
13.4812
13.4825
13.4851
13.4856
13.4875
13.4898
13.494
13.4996
13.5041
13.5066
13.5078
13.5025
13.4936
13.4866
13.4782
13.4728
13.4701
13.4656
13.4576
13.4516
13.4505
13.4545
13.4586
13.4612
13.465
13.4698
13.4735
13.4774
13.4773
13.4764
13.476
13.4779
13.4828
13.4864
13.49
13.4948
13.4987
13.5044
13.5098
13.5157
13.5231
13.5287
13.5361
13.5395
13.5391
13.5349
13.5304
13.5289
13.5278
13.5267
13.5192
13.5109
13.5005
13.4926
13.4922
13.4899
13.4867
13.4842
13.4846
13.4869
13.4944
13.4971
13.4989
13.5011
13.5014
13.4976
13.4961
13.4954
13.5002
13.5067
13.5158
13.5259
13.536
13.5435
13.5491
13.5504
13.5486
13.5495
13.5431
13.5359
13.5302
13.5219
13.5161
13.5139
13.5101
13.5029
13.4946
13.4882
13.4788
13.4695
13.4605
13.4538
13.4476
13.4417
13.4353
13.433
13.4327
13.4355
13.4372
13.4389
13.4395
13.4433
13.4444
13.446
13.4535
13.459
13.4618
13.4631
13.4628
13.4592
13.4542
13.4519
13.4494
13.4523
13.4541
13.4539
13.4549
13.4555
13.4625
13.4746
13.4838
13.4873
13.4902
13.495
13.5036
13.5077
13.5142
13.5168
13.5144
13.507
13.5009
13.4951
13.4965
13.5003
13.4999
13.4957
13.4926
13.4867
13.4809
13.4796
13.4796
13.484
13.4846
13.4832
13.4814
13.4787
13.4791
13.4812
13.4817
13.4824
13.4848
13.4859
13.4855
13.4823
13.4785
13.4733
13.4682
13.4654
13.462
13.4597
13.4577
13.4559
13.4522
13.4508
13.4521
13.4558
13.4563
13.4579
13.4622
13.4651
13.4714
13.4821
13.4932
13.5025
13.5072
13.513
13.5187
13.5228
13.528
13.5338
13.5406
13.5416
13.5432
13.542
13.5368
13.5302
13.5206
13.5089
13.4972
13.485
13.474
13.4653
13.4579
13.4542
13.4499
13.4465
13.4441
13.4439
13.444
13.4451
13.4442
13.4463
13.452
13.4586
13.464
13.4655
13.4694
13.4751
13.4827
13.4891
13.4985
13.5099
13.5169
13.5236
13.5256
13.5306
13.536
13.5429
13.549
13.5523
13.5497
13.5442
13.5363
13.5321
13.5254
13.5192
13.511
13.5008
13.4894
13.4787
13.4679
13.4568
13.4453
13.4323
13.4233
13.4128
13.4004
13.3889
13.3777
13.3725
13.3724
13.3762
13.3852
13.3962
13.409
13.4218
13.4325
13.4432
13.4537
13.4655
13.482
13.499
13.5166
13.531
13.538
13.5438
13.548
13.5552
13.5634
13.5677
13.5698
13.5679
13.5688
13.5606
13.5463
13.5325
13.5226
13.5111
13.4966
13.4821
13.4708
13.4622
13.453
13.4479
13.442
13.442
13.4397
13.4384
13.436
13.4347
13.438
13.4448
13.4535
13.4633
13.4719
13.4848
13.4989
13.5109
13.5254
13.5388
13.5463
13.5579
13.5709
13.5781
13.5803
13.5738
13.5622
13.5486
13.5322
13.5141
13.4976
13.4813
13.4637
13.4469
13.4305
13.4182
13.4106
13.4036
13.3981
13.3958
13.398
13.4052
13.4168
13.432
13.4515
13.4696
13.4776
13.4805
13.4828
13.4861
13.4902
13.4934
13.4996
13.5036
13.505
13.5025
13.4988
13.494
13.4872
13.483
13.4822
13.4813
13.4776
13.4761
13.473
13.4683
13.4668
13.4643
13.4622
13.4605
13.4607
13.4677
13.4757
13.4849
13.4951
13.5072
13.5205
13.5293
13.5338
13.5389
13.5413
13.5379
13.5322
13.5266
13.5183
13.5102
13.5005
13.4939
13.4886
13.4855
13.4796
13.4739
13.4669
13.4595
13.4545
13.4557
13.4615
13.4619
13.4653
13.4716
13.4758
13.4818
13.4904
13.4965
13.5007
13.5054
13.5092
13.5127
13.5187
13.5266
13.5329
13.5377
13.5412
13.5425
13.5421
13.5389
13.5323
13.5254
13.5226
13.5205
13.5143
13.5076
13.502
13.497
13.4921
13.4891
13.4881
13.4896
13.491
13.4915
13.4894
13.4834
13.4718
13.4618
13.4523
13.4488
13.4524
13.4564
13.4607
13.4663
13.4732
13.4779
13.4831
13.4872
13.4883
13.4914
13.4924
13.4912
13.487
13.4812
13.4739
13.4715
13.4678
13.4601
13.4541
13.4484
13.4454
13.4456
13.4473
13.4474
13.4454
13.4424
13.445
13.4451
13.4471
13.452
13.4577
13.4674
13.4771
13.491
13.5046
13.5186
13.5296
13.5341
13.5327
13.5242
13.5145
13.5063
13.4965
13.4879
13.4792
13.4701
13.4626
13.4567
13.4563
13.4569
13.4603
13.4669
13.472
13.4771
13.483
13.4884
13.4926
13.4947
13.4922
13.4896
13.488
13.4858
13.4832
13.4835
13.4834
13.4833
13.4834
13.483
13.477
13.4689
13.4601
13.4533
13.4484
13.4439
13.4432
13.4411
13.4408
13.4431
13.4474
13.453
13.4541
13.4555
13.4616
13.4695
13.4811
13.4932
13.5041
13.5068
13.5075
13.5076
13.5097
13.5167
13.525
13.5359
13.5475
13.5579
13.5682
13.5777
13.5848
13.5898
13.59
13.5886
13.5836
13.5768
13.5688
13.5606
13.5532
13.5465
13.5419
13.5345
13.5227
13.5111
13.4975
13.4866
13.4792
13.4727
13.4636
13.4531
13.4432
13.4331
13.4271
13.4271
13.4316
13.442
13.4518
13.4587
13.4648
13.4699
13.4795
13.4896
13.5012
13.5114
13.5176
13.5257
13.5315
13.5354
13.5391
13.5413
13.5402
13.5335
13.5239
13.5121
13.4993
13.4922
13.4759
13.4598
13.4437
13.4291
13.4185
13.4147
13.4172
13.4253
13.436
13.4452
13.4573
13.4715
13.486
13.5023
13.5189
13.5303
13.5425
13.5539
13.5562
13.5527
13.5431
13.5312
13.5218
13.5118
13.5032
13.4921
13.4837
13.476
13.4685
13.4594
13.4509
13.4442
13.4391
13.4347
13.4338
13.4331
13.4338
13.4364
13.4427
13.4503
13.457
13.4636
13.4689
13.4761
13.4803
13.4788
13.4848
13.491
13.5007
13.51
13.515
13.514
13.5091
13.5005
13.4941
13.4891
13.483
13.4754
13.4765
13.4779
13.4757
13.474
13.4686
13.4627
13.4621
13.464
13.4623
13.4616
13.4622
13.4626
13.4624
13.4633
13.4647
13.4721
13.4794
13.4833
13.4876
13.4898
13.4901
13.4941
13.4977
13.4992
13.4987
13.4982
13.4937
13.489
13.4856
13.4851
13.4859
13.486
13.4882
13.4948
13.5021
13.5079
13.5131
13.5187
13.5264
13.5316
13.5376
13.5398
13.5348
13.5254
13.5099
13.4926
13.4787
13.4642
13.452
13.4467
13.4414
13.4428
13.4413
13.4405
13.44
13.442
13.447
13.4536
13.462
13.4717
13.4812
13.49
13.496
13.498
13.4962
13.4954
13.4999
13.501
13.501
13.4994
13.4969
13.4937
13.4913
13.4921
13.4903
13.488
13.4871
13.4894
13.4925
13.4948
13.4961
13.4976
13.4967
13.4966
13.4949
13.4913
13.4872
13.4806
13.4768
13.4799
13.4815
13.4864
13.492
13.4956
13.496
13.495
13.4887
13.4839
13.4784
13.4727
13.4682
13.4653
13.4634
13.4635
13.4628
13.4595
13.4556
13.4521
13.4551
13.4625
13.4644
13.4668
13.4727
13.4794
13.485
13.4894
13.4928
13.4913
13.4878
13.4864
13.4821
13.4759
13.4695
13.4647
13.4646
13.4609
13.4606
13.4626
13.4669
13.4714
13.4793
13.4881
13.4969
13.5035
13.5074
13.5131
13.5173
13.5157
13.5131
13.5093
13.5044
13.5029
13.4986
13.4953
13.4988
13.5033
13.5087
13.5132
13.5182
13.5222
13.525
13.5261
13.5258
13.5239
13.5214
13.5179
13.5146
13.5089
13.4967
13.4851
13.474
13.4641
13.4577
13.4523
13.447
13.4441
13.4427
13.4469
13.452
13.4523
13.4539
13.4583
13.4607
13.4684
13.4794
13.489
13.4976
13.5014
13.5028
13.5052
13.5072
13.5083
13.5133
13.5173
13.5204
13.5217
13.5195
13.5113
13.5026
13.4987
13.4906
13.4842
13.4764
13.4651
13.4605
13.4589
13.4566
13.4542
13.45
13.4471
13.4463
13.4476
13.4507
13.457
13.4658
13.4761
13.4863
13.4927
13.4963
13.4961
13.4953
13.4938
13.4897
13.4877
13.4853
13.4819
13.4767
13.4722
13.4685
13.4652
13.463
13.4643
13.4648
13.4605
13.4597
13.4615
13.4611
13.4612
13.4625
13.4682
13.4755
13.484
13.4917
13.4944
13.4917
13.4897
13.4904
13.4918
13.4896
13.483
13.4741
13.4645
13.4553
13.4418
13.4329
13.4319
13.4275
13.4257
13.4242
13.426
13.4264
13.4268
13.4276
13.4298
13.4353
13.4442
13.4551
13.4628
13.4666
13.4707
13.4718
13.4704
13.4681
13.464
13.4593
13.4544
13.4481
13.4395
13.4368
13.4355
13.4335
13.4302
13.4278
13.4286
13.4312
13.4362
13.4435
13.4528
13.466
13.4785
13.4951
13.5093
13.5289
13.5485
13.565
13.5726
13.5747
13.5735
13.5752
13.5767
13.5734
13.5665
13.5601
13.5496
13.5354
13.5179
13.4998
13.4847
13.4677
13.4496
13.4294
13.4071
13.388
13.3763
13.3669
13.3566
13.3546
13.3594
13.3657
13.3723
13.3796
13.3963
13.4178
13.4444
13.4695
13.4933
13.513
13.5281
13.5432
13.5574
13.5653
13.5722
13.5798
13.5837
13.5833
13.5767
13.5651
13.5485
13.5345
13.5189
13.5025
13.4833
13.4679
13.4558
13.4458
13.437
13.431
13.4265
13.4242
13.4253
13.429
13.434
13.4403
13.442
13.4455
13.4512
13.457
13.4667
13.4806
13.4926
13.5032
13.517
13.5252
13.5311
13.5355
13.5371
13.5351
13.5305
13.5248
13.5178
13.5104
13.4992
13.4839
13.4697
13.4568
13.4461
13.4389
13.4335
13.4309
13.4275
13.4254
13.4262
13.432
13.443
13.4548
13.4636
13.4696
13.4699
13.4654
13.4598
13.457
13.4566
13.4559
13.4537
13.4537
13.4539
13.4542
13.4541
13.4513
13.4449
13.4379
13.4358
13.4381
13.4458
13.4542
13.4615
13.4708
13.4812
13.4872
13.489
13.4873
13.4825
13.475
13.4658
13.4574
13.4494
13.4427
13.4402
13.4375
13.4345
13.4321
13.4323
13.4348
13.4444
13.4582
13.4695
13.4837
13.497
13.5073
13.5172
13.5195
13.5211
13.524
13.5224
13.5161
13.508
13.4997
13.4917
13.4849
13.4792
13.4762
13.4764
13.4826
13.4847
13.4872
13.4907
13.4935
13.4931
13.4959
13.4954
13.4971
13.5033
13.5117
13.5134
13.5139
13.5125
13.507
13.5023
13.4971
13.4932
13.4859
13.4805
13.4765
13.4728
13.4706
13.4676
13.4693
13.4703
13.4726
13.4748
13.4764
13.4758
13.4748
13.4741
13.4732
13.4711
13.4663
13.4647
13.4629
13.458
13.4533
13.4457
13.44
13.431
13.4245
13.4189
13.4128
13.4082
13.4027
13.4008
13.4012
13.4009
13.4039
13.4061
13.4104
13.417
13.4249
13.4322
13.4395
13.447
13.4554
13.4611
13.4648
13.4694
13.4752
13.4813
13.4858
13.4899
13.4929
13.4953
13.5
13.5002
13.5002
13.493
13.4833
13.4748
13.4679
13.461
13.4581
13.4558
13.4538
13.4517
13.4493
13.4465
13.4461
13.4454
13.4433
13.4421
13.4446
13.4475
13.4501
13.4516
13.4496
13.4452
13.4386
13.4306
13.4228
13.4164
13.4123
13.4099
13.4096
13.4091
13.4086
13.4104
13.412
13.4131
13.4161
13.4218
13.4296
13.4387
13.4465
13.4574
13.4705
13.4871
13.5059
13.5206
13.5328
13.5418
13.5441
13.5376
13.5319
13.517
13.4993
13.4799
13.4605
13.4435
13.4282
13.4157
13.4062
13.4027
13.3993
13.4005
13.4049
13.4105
13.4113
13.4102
13.4062
13.4056
13.4057
13.4105
13.4189
13.4279
13.4364
13.4454
13.4463
13.4503
13.4547
13.4557
13.4551
13.4561
13.4566
13.4561
13.4532
13.4516
13.4554
13.4628
13.4668
13.4688
13.4685
13.4688
13.4704
13.4694
13.4673
13.4704
13.4715
13.4748
13.4763
13.4792
13.4837
13.4884
13.4945
13.5004
13.5047
13.508
13.5118
13.5141
13.5159
13.5143
13.5176
13.5196
13.5216
13.5207
13.5184
13.5217
13.527
13.5346
13.5456
13.5562
13.5663
13.5707
13.5799
13.5893
13.5968
13.6104
13.6265
13.6403
13.652
13.6598
13.6714
13.6797
13.6817
13.6818
13.6785
13.6744
13.6724
13.6693
13.6658
13.6622
13.6587
13.6585
13.6625
13.6687
13.676
13.6813
13.6907
13.7025
13.7177
13.7262
13.7359
13.7454
13.7561
13.7656
13.7759
13.7876
13.7996
13.8143
13.8269
13.8401
13.8523
13.8622
13.8728
13.8861
13.8985
13.912
13.9254
13.9307
13.9368
13.9489
13.9636
13.9844
14.0046
14.022
14.0355
14.0447
14.0495
14.0579
14.0657
14.0722
14.0814
14.0877
14.0989
14.1061
14.1086
14.1154
14.1278
14.1439
14.1598
14.1747
14.1827
14.1846
14.1854
14.1891
14.1931
14.198
14.2024
14.2078
14.2187
14.2284
14.2358
14.2422
14.2473
14.2567
14.2656
14.2769
14.3006
14.3219
14.3312
14.3389
14.3469
14.3557
14.3564
14.3535
14.3605
14.3692
14.3812
14.3933
14.4025
14.413
14.4251
14.4375
14.4493
14.4657
14.4791
14.4949
14.512
14.5259
14.5347
14.5428
14.5488
14.5542
14.5636
14.5803
14.5905
14.5955
14.6052
14.6169
14.6343
14.6587
14.6819
14.7095
14.7447
14.7799
14.8122
14.8455
14.8701
14.895
14.9076
14.9186
14.9304
14.9469
14.961
14.9728
14.9864
14.9997
15.011
15.0205
15.0264
15.0352
15.048
15.0626
15.0719
15.0827
15.089
15.0866
15.0815
15.0801
15.086
15.0953
15.1005
15.1046
15.1057
15.1091
15.1156
15.1273
15.1422
15.1645
15.1921
15.2222
15.25
15.2867
15.3204
15.3483
15.37
15.3838
15.3909
15.3939
15.3871
15.3723
15.3528
15.3321
15.3138
15.3017
15.2962
15.2991
15.3078
15.3221
15.3394
15.3583
15.3922
15.433
15.473
15.5078
15.5447
15.5811
15.6108
15.6327
15.6498
15.6721
15.6977
15.7106
15.7166
15.7178
15.7161
15.712
15.7049
15.7002
15.6973
15.7001
15.7088
15.7273
15.7531
15.7782
15.805
15.8343
15.8656
15.8958
15.9286
15.9617
15.9921
16.0221
16.0511
16.08
16.1179
16.1561
16.192
16.2257
16.2579
16.2822
16.2939
16.3072
16.3247
16.3578
16.4015
16.4471
16.4846
16.5157
16.5445
16.5828
16.6242
16.6854
16.7506
16.8209
16.8952
16.9549
17.0016
17.04
17.083
17.1121
17.1245
17.1283
17.131
17.1394
17.1515
17.1715
17.1944
17.2196
17.2539
17.2843
17.3214
17.363
17.4077
17.4549
17.506
17.5564
17.6056
17.6564
17.7026
17.7511
17.8205
17.8777
17.9075
17.936
17.9621
17.9905
18.0182
18.0481
18.0711
18.0825
18.0957
18.1235
18.1618
18.2266
18.3081
18.4004
18.475
18.5438
18.61
18.6725
18.7272
18.783
18.8332
18.885
18.9349
18.9868
19.0389
19.0791
19.1253
19.1634
19.2075
19.2431
19.315
19.3911
19.4671
19.5364
19.5951
19.6371
19.6937
19.7603
19.8366
19.9155
20.0125
20.1163
20.2304
20.3388
20.4301
20.5495
20.6717
20.7909
20.9223
21.0612
21.2163
21.352
21.5123
21.6547
21.7853
21.9067
22.0126
22.1304
22.2462
22.3872
22.5492
22.7393
22.9478
23.1647
23.4137
23.6141
23.7637
23.8798
23.9919
24.1176
24.2546
24.4135
24.592
24.7944
25.0241
25.2627
25.4658
25.6287
25.7706
25.8911
26.036
26.2291
26.4484
26.7391
27.0491
27.344
27.5787
27.7412
27.8537
27.9635
28.0986
28.2803
28.5156
28.7859
29.0684
29.3609
29.6234
29.8165
29.9469
30.047
30.1505
30.2816
30.441
30.6486
30.8906
31.1472
31.4028
31.5891
31.7013
31.7791
31.8473
31.9355
32.0548
32.2838
32.5732
32.8914
33.2461
33.5589
33.7125
33.7895
33.8737
33.9956
34.1056
34.3402
34.6853
35.0918
35.5582
35.886
35.9953
36.0299
36.0626
36.1364
36.2987
36.5741
36.9426
37.3486
37.7812
38.0167
38.0751
38.0833
38.1028
38.1756
38.3492
38.6315
38.9929
39.4011
39.7823
39.9306
39.9453
39.9323
39.9416
40.0172
40.2039
40.4987
40.8444
41.2613
41.5702
41.65
41.6332
41.6065
41.6158
41.7049
41.9041
42.2072
42.5608
42.9513
43.1749
43.2008
43.1591
43.1231
43.1316
43.2366
43.4359
43.677
43.963
44.3246
44.5144
44.5151
44.4552
44.4084
44.4099
44.5104
44.7248
45.026
45.3761
45.7082
45.7903
45.7498
45.6581
45.5819
45.5676
45.6593
45.857
46.1306
46.48
46.8024
46.8816
46.8296
46.7457
46.6869
46.6926
46.8123
47.0402
47.2874
47.6125
47.8817
47.913
47.8401
47.7436
47.6795
47.6874
47.8111
48.0358
48.2751
48.5929
48.8209
48.8179
48.7265
48.6222
48.5583
48.4918
48.5421
48.5946
48.7353
49.0071
49.298
49.3811
49.3141
49.2018
49.1115
49.0818
49.1566
49.3486
49.5804
49.7305
49.8208
49.9416
49.8959
49.7803
49.6749
49.6163
49.6563
49.8146
50.0595
50.349
50.6264
50.5705
50.4254
50.2375
50.041
49.8562
49.7813
49.7468
49.8338
50.0037
50.0874
50.4477
50.649
50.608
50.498
50.3859
50.3164
50.3406
50.4825
50.7461
50.2386
