0.0295479
0.0590701
0.0844901
0.109886
0.135239
0.160597
0.18597
0.211346
0.236741
0.262123
0.287479
0.312846
0.338245
0.363601
0.388964
0.414321
0.439687
0.465045
0.49042
0.515801
0.541201
0.566593
0.591997
0.617395
0.643056
0.668496
0.693938
0.719358
0.744791
0.770212
0.795644
0.821139
0.846652
0.872104
0.897537
0.922971
0.948432
0.973874
0.999357
1.02486
1.05035
1.07584
1.10137
1.12687
1.1524
1.17789
1.20339
1.22887
1.25438
1.27988
1.30538
1.33082
1.35627
1.38173
1.40722
1.43266
1.45814
1.48364
1.50912
1.53469
1.56015
1.5856
1.61106
1.63658
1.66207
1.68757
1.71307
1.73852
1.76401
1.78952
1.81503
1.84056
1.86606
1.89155
1.91708
1.94259
1.96806
1.99364
2.01918
2.04472
2.07022
2.09571
2.12119
2.14666
2.17215
2.19768
2.22317
2.2487
2.27417
2.29966
2.32511
2.35058
2.37609
2.4016
2.42709
2.45262
2.47808
2.50356
2.5291
2.5546
2.58009
2.6056
2.63109
2.65659
2.68208
2.70757
2.73305
2.75856
2.78403
2.80948
2.83498
2.86048
2.88595
2.91142
2.9369
2.9624
2.98792
3.01337
3.03884
3.06435
3.08985
3.11534
3.14083
3.16631
3.1918
3.21728
3.24277
3.2683
3.29378
3.31925
3.34468
3.37011
3.39556
3.42103
3.44651
3.47203
3.49755
3.52304
3.54851
3.57401
3.59948
3.62495
3.65043
3.67596
3.70149
3.72698
3.75244
3.77792
3.80341
3.82893
3.85439
3.87991
3.90541
3.93094
3.95641
3.98186
4.00743
4.03295
4.05843
4.08394
4.10942
4.13491
4.16038
4.18584
4.21135
4.23689
4.26239
4.28789
4.31335
4.33882
4.3643
4.38978
4.41522
4.44065
4.46609
4.49156
4.51704
4.54253
4.56798
4.59347
4.61898
4.6445
4.66997
4.69547
4.72093
4.74639
4.77182
4.79726
4.82272
4.84818
4.8736
4.89909
4.92455
4.95006
4.97553
5.00104
5.02651
5.05196
5.07742
5.10291
5.12836
5.15383
5.17933
5.20484
5.23029
5.25574
5.28122
5.30672
5.33219
5.35768
5.38312
5.40858
5.43406
5.4595
5.48495
5.51046
5.53593
5.56141
5.58692
5.61239
5.63784
5.66335
5.68882
5.7143
5.7398
5.76534
5.79087
5.81634
5.84182
5.86735
5.89282
5.91833
5.94381
5.96927
5.99472
6.02018
6.0456
6.07107
6.09654
6.12206
6.14755
6.17303
6.19855
6.22402
6.24952
6.27499
6.30047
6.32596
6.35144
6.37697
6.40247
6.42792
6.45341
6.4789
6.50437
6.5299
6.5554
6.58089
6.60638
6.63185
6.65734
6.6828
6.70824
6.73371
6.75918
6.78466
6.81015
6.83566
6.86115
6.88658
6.91205
6.93756
6.96306
6.98856
7.01404
7.03953
7.06501
7.09046
7.11592
7.14142
7.16694
7.19242
7.21791
7.2434
7.26886
7.29432
7.31978
7.34523
7.37072
7.39619
7.42161
7.44708
7.47257
7.49805
7.52354
7.54903
7.5745
7.59997
7.62545
7.65097
7.67651
7.70204
7.7275
7.75294
7.77841
7.80388
7.82934
7.85482
7.88033
7.90579
7.93132
7.95682
7.98228
8.00775
8.03324
8.05872
8.08419
8.10967
8.13516
8.1607
8.18618
8.21166
8.23713
8.26258
8.28806
8.3136
8.33917
8.36468
8.39019
8.41575
8.44124
8.46674
8.49222
8.51768
8.54316
8.56868
8.59417
8.61965
8.64517
8.67067
8.69618
8.72169
8.74717
8.77267
8.79819
8.8237
8.8492
8.87472
8.9002
8.92568
8.95118
8.97668
9.00215
9.02776
9.05359
9.07906
9.10452
9.12998
9.15546
9.18092
9.20642
9.23192
9.25741
9.28292
9.30843
9.33393
9.35942
9.38491
9.41037
9.43589
9.46137
9.48689
9.51237
9.53783
9.56329
9.58879
9.6143
9.63979
9.66531
9.6908
9.7163
9.74175
9.76723
9.79274
9.81823
9.84372
9.86923
9.89475
9.92025
9.94573
9.9712
9.99673
10.0222
10.0477
10.0732
10.0987
10.1242
10.1497
10.1751
10.2006
10.2261
10.2516
10.277
10.3025
10.328
10.3535
10.3789
10.4044
10.4299
10.4554
10.4809
10.5064
10.5319
10.5574
10.5829
10.6084
10.6339
10.6593
10.6848
10.7103
10.7357
10.7612
10.7866
10.8121
10.8376
10.8631
10.8886
10.9141
10.9396
10.9651
10.9906
11.0161
11.0416
11.0671
11.0926
11.1181
11.1436
11.1692
11.1947
11.2201
11.2456
11.2711
11.2965
11.322
11.3474
11.3729
11.3983
11.4238
11.4492
11.4747
11.5002
11.5256
11.5511
11.5765
11.602
11.6275
11.6529
11.6784
11.7039
11.7294
11.7549
11.7804
11.8059
11.8314
11.8569
11.8824
11.9079
11.9334
11.9589
11.9844
12.0098
12.0354
12.0609
12.0864
12.1119
12.1374
12.1628
12.1884
12.2139
12.2394
12.265
12.2905
12.316
12.3414
12.3669
12.3924
12.4179
12.4433
12.4688
12.4943
12.5197
12.5452
12.5708
12.5962
12.6217
12.6472
12.6726
12.6981
12.7236
12.749
12.7745
12.8
12.8255
12.851
12.8765
12.902
12.9275
12.9529
12.9784
13.0039
13.0293
13.0548
13.0803
13.1058
13.1312
13.1567
13.1822
13.2076
13.2331
13.2586
13.2841
13.3096
13.335
13.3605
13.386
13.4114
13.4369
13.4623
13.4878
13.5133
13.5387
13.5642
13.5896
13.6151
13.6406
13.666
13.6915
13.717
13.7424
13.7679
13.7933
13.8188
13.8443
13.8697
13.8952
13.9207
13.9461
13.9716
13.9971
14.0226
14.048
14.0735
14.099
14.1245
14.15
14.1754
14.2009
14.2263
14.2518
14.2773
14.3028
14.3282
14.3537
14.3791
14.4046
14.4301
14.4556
14.4811
14.5065
14.532
14.5575
14.583
14.6085
14.634
14.6595
14.685
14.7105
14.736
14.7615
14.787
14.8124
14.8379
14.8633
14.8888
14.9143
14.9397
14.9652
14.9907
15.0162
15.0417
15.0672
15.0927
15.1181
15.1436
15.1691
15.1946
15.2201
15.2455
15.2711
15.2966
15.322
15.3475
15.3729
15.3984
15.4239
15.4493
15.4748
15.5002
15.5257
15.5512
15.5767
15.6022
15.6276
15.6531
15.6786
15.7042
15.7297
15.7551
15.7807
15.8062
15.8317
15.8571
15.8826
15.9081
15.9336
15.9591
15.9846
16.01
16.0355
16.061
16.0865
16.112
16.1375
16.163
16.1885
16.2139
16.2394
16.2649
16.2904
16.3159
16.3414
16.3669
16.3924
16.4178
16.4434
16.4689
16.4944
16.5199
16.5454
16.5709
16.5963
16.6218
16.6473
16.6728
16.6983
16.7238
16.7493
16.7748
16.8003
16.8258
16.8513
16.8768
16.9023
16.9278
16.9533
16.9788
17.0042
17.0297
17.0552
17.0807
17.1062
17.1317
17.1572
17.1827
17.2082
17.2337
17.2592
17.2847
17.3102
17.3357
17.3612
17.3867
17.4121
17.4376
17.463
17.4886
17.514
17.5395
17.565
17.5905
17.6159
17.6414
17.6668
17.6923
17.7178
17.7432
17.7686
17.7941
17.8195
17.845
17.8705
17.896
17.9215
17.9469
17.9724
17.9979
18.0234
18.0489
18.0744
18.0999
18.1253
18.1508
18.1763
18.2018
18.2272
18.2527
18.2782
18.3036
18.3291
18.3546
18.3801
18.4056
18.4311
18.4566
18.4821
18.5076
18.5331
18.5586
18.5842
18.6097
18.6351
18.6606
18.6861
18.7116
18.7371
18.7626
18.7881
18.8136
18.8391
18.8646
18.8901
18.9156
18.9411
18.9666
18.9921
19.0176
19.0431
19.0686
19.0941
19.1195
19.145
19.1706
19.1961
19.2215
19.247
19.2725
19.298
19.3235
19.349
19.3744
19.3999
19.4254
19.4509
19.4763
19.5018
19.5273
19.5528
19.5783
19.6038
19.6293
19.6548
19.6803
19.7058
19.7313
19.7568
19.7823
19.8077
19.8332
19.8587
19.8843
19.9098
19.9352
19.9607
19.9862
20.0117
20.0372
20.0627
20.0883
20.1138
20.1392
20.1647
20.1902
20.2157
20.2412
20.2667
20.2922
20.3177
20.3432
20.3687
20.3942
20.4197
20.4452
20.4708
20.4963
20.5218
20.5473
20.5727
20.5983
20.6237
20.6492
20.6747
20.7001
20.7256
20.7511
20.7766
20.8021
20.8276
20.8532
20.8787
20.9042
20.9297
20.9552
20.9807
21.0062
21.0316
21.0572
21.0826
21.1081
21.1337
21.1592
21.1847
21.2102
21.2357
21.2612
21.2867
21.3122
21.3377
21.3632
21.3887
21.4142
21.4397
21.4652
21.4907
21.5161
21.5416
21.5671
21.5926
21.6181
21.6435
21.669
21.6945
21.72
21.7454
21.7709
21.7964
21.822
21.8478
21.8733
21.8988
21.9243
21.9497
21.9752
22.0006
22.0261
22.0515
22.077
22.1024
22.1279
22.1533
22.1788
22.2043
22.2297
22.2552
22.2807
22.3061
22.3316
22.3571
22.3825
22.4079
22.4334
22.4588
22.4843
22.5097
22.5352
22.5607
22.5861
22.6116
22.6371
22.6625
22.688
22.7134
22.7389
22.7644
22.7898
22.8154
22.8409
22.8663
22.8918
22.9173
22.9427
22.9682
22.9937
23.0192
23.0446
23.0701
23.0955
23.121
23.1464
23.1719
23.1973
23.2229
23.2484
23.2738
23.2993
23.3247
23.3502
23.3756
23.4011
23.4266
23.4522
23.4776
23.5031
23.5286
23.554
23.5795
23.605
23.6305
23.656
23.6814
23.7069
23.7324
23.7579
23.7833
23.8088
23.8342
23.8597
23.8853
23.9108
23.9363
23.9617
23.9872
24.0127
24.0382
24.0637
24.0892
24.1146
24.1401
24.1656
24.191
24.2165
24.2419
24.2674
24.2929
24.3184
24.3438
24.3693
24.3948
24.4202
24.4457
24.4712
24.4967
24.5221
24.5476
24.573
24.5985
24.624
24.6496
24.6751
24.7006
24.7261
24.7516
24.7771
24.8026
24.828
24.8535
24.879
24.9046
24.9301
24.9556
24.981
25.0066
25.0321
25.0576
25.083
25.1085
25.134
25.1595
25.185
25.2104
25.2359
25.2614
25.2869
25.3124
25.3378
25.3633
25.3888
25.4143
25.4398
25.4654
25.491
25.5165
25.542
25.5675
25.5929
25.6184
25.6439
25.6694
25.6949
25.7204
25.7459
25.7714
25.7969
25.8224
25.8479
25.8734
25.8989
25.9244
25.9499
25.9754
26.001
26.0266
26.0521
26.0776
26.1031
26.1286
26.1541
26.1796
26.2051
26.2306
26.2561
26.2816
26.3072
26.3327
26.3582
26.3838
26.4093
26.4348
26.4603
26.4859
26.5114
26.5369
26.5625
26.588
26.6216
26.6471
26.6726
26.6981
26.7236
26.7491
26.7746
26.8002
26.8257
26.8512
26.8767
26.9021
26.9277
26.9532
26.9787
27.0042
27.0297
27.0552
27.0807
27.1062
27.1317
27.1572
27.1828
27.2083
27.2338
27.2593
27.2849
27.3104
27.3358
27.3613
27.3868
27.4123
27.4378
27.4633
27.4889
27.5144
27.5399
27.5654
27.5909
27.6165
27.642
27.6675
27.6929
27.7185
27.744
27.7695
27.7949
27.8204
27.8458
27.8713
27.8968
27.9222
27.9477
27.9732
27.9987
28.0242
28.0496
28.0751
28.1006
28.1261
28.1516
28.1771
28.2026
28.2282
28.2536
28.2791
28.3046
28.33
28.3555
28.381
28.4064
28.4319
28.4573
28.4828
28.5083
28.5338
28.5593
28.5848
28.6102
28.6357
28.6612
28.6867
28.7123
28.7378
28.7633
28.7888
28.8142
28.8397
28.8652
28.8907
28.9161
28.9416
28.9671
28.9925
29.018
29.0436
29.0691
29.0946
29.1201
29.1455
29.171
29.1965
29.222
29.2475
29.273
29.2985
29.324
29.3494
29.3749
29.4004
29.4259
29.4514
29.4768
29.5023
29.5278
29.5533
29.5788
29.6043
29.6298
29.6553
29.6808
29.7062
29.7317
29.7572
29.7826
29.8081
29.8337
29.8591
29.8846
29.9101
29.9356
29.9611
29.9865
30.012
30.0375
30.063
30.0885
30.114
30.1395
30.165
30.1905
30.216
30.2414
30.2669
30.2924
30.3179
30.3434
30.3689
30.3943
30.4198
30.4453
30.4707
30.4962
30.5217
30.5471
30.5726
30.598
30.6234
30.6489
30.6744
30.6999
30.7254
30.7509
30.7763
30.8019
30.8274
30.8529
30.8784
30.9039
30.9295
30.955
30.9806
31.0061
31.0316
31.0572
31.0827
31.1082
31.1337
31.1592
31.1847
31.2102
31.2357
31.2612
31.2867
31.3121
31.3376
31.3631
31.3886
31.414
31.4395
31.465
31.4905
31.516
31.5415
31.567
31.5926
31.618
31.6436
31.6691
31.6946
31.72
31.7456
31.7712
31.7967
31.8222
31.8477
31.8732
31.8987
31.9242
31.9497
31.9752
32.0007
32.0262
32.0517
32.0772
32.1027
32.1282
32.1537
32.1792
32.2047
32.2302
32.2557
32.2811
32.3066
32.3321
32.3576
32.3831
32.4085
32.434
32.4595
32.485
32.5104
32.5359
32.5614
32.5869
32.6123
32.6378
32.6633
32.6888
32.7142
32.7397
32.7652
32.7907
32.8162
32.8417
32.8672
32.8927
32.9182
32.9437
32.9692
32.9947
33.0201
33.0456
33.0711
33.0966
33.1221
33.1476
33.1731
33.1986
33.2241
33.2496
33.275
33.3005
33.326
33.3515
33.3769
33.4024
33.4279
33.4534
33.4789
33.5043
33.5298
33.5553
33.5808
33.6063
33.6318
33.6573
33.6828
33.7083
33.7338
33.7593
33.7848
33.8102
33.8357
33.8612
33.8867
33.9122
33.9377
33.9632
33.9887
34.0141
34.0396
34.0651
34.0906
34.1161
34.1416
34.1671
34.1926
34.2181
34.2436
34.2691
34.2946
34.3201
34.3457
34.3712
34.3967
34.4222
34.4476
34.4731
34.4986
34.5241
34.5496
34.5751
34.6006
34.6261
34.6516
34.6771
34.7026
34.728
34.7536
34.7791
34.8046
34.8301
34.8556
34.8811
34.9066
34.9321
34.9576
34.9831
35.0086
35.0342
35.0597
35.0852
35.1107
35.1361
35.1616
35.1871
35.2126
35.2381
35.2636
35.2892
35.3147
35.3401
35.3656
35.3911
35.4166
35.442
35.4675
35.493
35.5185
35.5441
35.5696
35.5951
35.6206
35.646
35.6715
35.697
35.7225
35.748
35.7735
35.799
35.8245
35.85
35.8755
35.901
35.9265
35.952
35.9775
36.0029
36.0284
36.0539
36.0794
36.1049
36.1303
36.1558
36.1813
36.2068
36.2324
36.2579
36.2834
36.3089
36.3343
36.3598
36.3853
36.4107
36.4363
36.4617
36.4872
36.5126
36.5381
36.5636
36.5892
36.6147
36.6401
36.6656
36.6911
36.7166
36.7421
36.7676
36.793
36.8186
36.844
36.8695
36.895
36.9205
36.946
36.9715
36.997
37.0224
37.0479
37.0734
37.0989
37.1244
37.1499
37.1754
37.2008
37.2263
37.2519
37.2774
37.3029
37.3284
37.3539
37.3793
37.4048
37.4303
37.4558
37.4813
37.5068
37.5323
37.5578
37.5833
37.6087
37.6342
37.6597
37.6852
37.7106
37.7361
37.7616
37.787
37.8124
37.8379
37.8633
37.8888
37.9142
37.9396
37.9651
37.9907
38.0162
38.0417
38.0671
38.0926
38.1181
38.1436
38.1691
38.1946
38.2201
38.2455
38.271
38.2965
38.322
38.3476
38.373
38.3985
38.424
38.4495
38.4749
38.5004
38.5258
38.5513
38.5768
38.6023
38.6278
38.6533
38.6788
38.7043
38.7297
38.7552
38.7807
38.8062
38.8316
38.8571
38.8825
38.908
38.9334
38.9589
38.9844
39.0099
39.0354
39.0609
39.0864
39.1119
39.1374
39.1629
39.1884
39.2138
39.2393
39.2648
39.2902
39.3157
39.3411
39.3665
39.392
39.4174
39.4429
39.4683
39.4938
39.5193
39.5448
39.5702
39.5958
39.6213
39.6467
39.6723
39.6978
39.7232
39.7487
39.7742
39.7997
39.8251
39.8506
39.8761
39.9017
39.9272
39.9527
39.9782
40.0037
40.0292
40.0546
40.0801
40.1056
40.1311
40.1566
40.1821
40.2076
40.2331
40.2585
40.284
40.3095
40.335
40.3605
40.386
40.4115
40.437
40.4625
40.488
40.5135
40.5389
40.5644
40.59
40.6154
40.6409
40.6663
40.6918
40.7173
40.7427
40.7682
40.7937
40.8192
40.8446
40.8701
40.8956
40.9211
40.9466
40.9721
40.9976
41.0231
41.0486
41.0741
41.0996
41.125
41.1505
41.176
41.2015
41.2269
41.2525
41.2779
41.3034
41.3288
41.3543
41.3797
41.4052
41.4306
41.4561
41.4816
41.5071
41.5325
41.5581
41.5836
41.6091
41.6345
41.66
41.6855
41.711
41.7365
41.762
41.7875
41.813
41.8384
41.8639
41.8894
41.9148
41.9403
41.9658
41.9912
42.0167
42.0422
42.0677
42.0931
42.1186
42.1441
42.1696
42.195
42.2206
42.2461
42.2715
42.297
42.3224
42.3479
42.3734
42.3989
42.4243
42.4498
42.4752
42.5007
42.5262
42.5517
42.5772
42.6027
42.6282
42.6537
42.6791
42.7046
42.7301
42.7556
42.7811
42.8066
42.8321
42.8576
42.8831
42.9086
42.9341
42.9596
42.9851
43.0106
43.0361
43.0616
43.0871
43.1125
43.138
43.1634
43.1889
43.2143
43.2398
43.2653
43.2908
43.3163
43.3417
43.3672
43.3927
43.4182
43.4436
43.4691
43.4946
43.52
43.5455
43.5709
43.5964
43.6219
43.6474
43.6729
43.6984
43.7239
43.7494
43.7748
43.8003
43.8258
43.8513
43.8767
43.9022
43.9277
43.9532
43.9787
44.0042
44.0297
44.0552
44.0807
44.1063
44.1317
44.1572
44.1827
44.2082
44.2337
44.2592
44.2847
44.3102
44.3356
44.3611
44.3866
44.4121
44.4376
44.4631
44.4886
44.5141
44.5396
44.5651
44.5906
44.6161
44.6416
44.6671
44.6926
44.7182
44.7436
44.7691
44.7946
44.8201
44.8456
44.8711
44.8966
44.9221
44.9476
44.9731
44.9987
45.0242
45.0496
45.0751
45.1007
45.1261
45.1516
45.1771
45.2026
45.228
45.2535
45.279
45.3045
45.33
45.3554
45.3809
45.4063
45.4318
45.4573
45.4828
45.5083
45.5337
45.5592
45.5847
45.6102
45.6357
45.6611
45.6866
45.7121
45.7376
45.7631
45.7885
45.814
45.8394
45.8649
45.8904
45.9159
45.9415
45.967
45.9925
46.018
46.0435
46.069
46.0945
46.1201
46.1456
46.1711
46.1965
46.2221
46.2476
46.2731
46.2986
46.3241
46.3496
46.3751
46.4005
46.426
46.4515
46.477
46.5025
46.5279
46.5534
46.5789
46.6044
46.6299
46.6553
46.6808
46.7064
46.7319
46.7574
46.7829
46.8083
46.8338
46.8594
46.8849
46.9104
46.936
46.9615
46.987
47.0125
47.038
47.0635
47.0891
47.1146
47.1402
47.1657
47.1912
47.2167
47.2422
47.2676
47.2931
47.3186
47.3441
47.3696
47.395
47.4205
47.4459
47.4714
47.4969
47.5224
47.5479
47.5734
47.599
47.6245
47.6499
47.6754
47.7009
47.7263
47.7518
47.7772
47.8027
47.8281
47.8536
47.8791
47.9045
47.93
47.9554
47.9809
48.0063
48.0318
48.0572
48.0827
48.1082
48.1336
48.1591
48.1846
48.21
48.2355
48.261
48.2865
48.3119
48.3374
48.3629
48.3884
48.4138
48.4393
48.4647
48.4902
48.5157
48.5411
48.5666
48.5921
48.6176
48.643
48.6685
48.694
48.7195
48.745
48.7705
48.796
48.8216
48.8471
48.8726
48.8981
48.9236
48.9491
48.9746
49.0001
49.0256
49.0511
49.0765
49.102
49.1274
49.1529
49.1784
49.2039
49.2295
49.255
49.2805
49.3059
49.3314
49.3569
49.3824
49.4079
49.4334
49.4589
49.4844
49.5099
49.5353
49.5608
49.5863
49.6119
49.6374
49.6629
49.6884
49.7139
49.7394
49.7649
49.7904
49.8159
49.8414
49.8669
49.8923
49.9178
49.9433
49.9688
49.9942
50.0197
50.0452
50.0708
50.0962
50.1217
50.1473
50.1728
50.1983
50.2238
50.2493
50.2748
50.3004
50.3258
50.3513
50.3816
50.4071
50.4326
50.4581
50.4836
50.5091
50.5346
50.5601
50.5856
50.6111
50.6366
50.6621
50.6877
50.7132
50.7387
50.7642
50.7897
50.8152
50.8407
50.8662
50.8917
50.9172
50.9427
50.9682
50.9937
51.0192
51.0447
51.0702
51.0957
51.1212
51.1467
51.1722
51.1977
51.2233
51.2488
51.2743
51.2998
51.3253
51.3508
51.3763
51.4018
51.4273
51.4529
51.4784
51.5039
51.5295
51.555
51.5805
51.606
51.6315
51.657
51.6825
51.708
51.7336
51.7591
51.7846
51.8101
51.8356
51.8611
51.8866
51.9122
51.9376
51.9631
51.9886
52.0142
52.0397
52.0652
52.0907
52.1161
52.1416
52.1671
52.1927
52.2182
52.2437
52.2693
52.2948
52.3203
52.3458
52.3714
52.3968
52.4224
52.4479
52.4734
52.4989
52.5244
52.5499
52.5754
52.6009
52.6264
52.6519
52.6775
52.7029
52.7284
52.754
52.7795
52.805
52.8306
52.8561
52.8816
52.9071
52.9326
52.9581
52.9837
53.0092
53.0347
53.0603
53.0858
53.1113
53.1367
53.1623
53.1878
53.2133
53.2388
53.2644
53.2899
53.3154
53.3409
53.3664
53.3918
53.4174
53.4428
53.4683
53.4938
53.5193
53.5448
53.5702
53.5958
53.6213
53.6468
53.6723
53.6978
53.7234
53.7489
53.7744
53.7999
53.8254
53.8509
53.8764
53.9018
53.9274
53.9529
53.9784
54.0039
54.0294
54.0549
54.0804
54.1059
54.1314
54.1569
54.1825
54.2079
54.2334
54.2589
54.2844
54.3099
54.3354
54.3609
54.3864
54.4119
54.4373
54.4628
54.4883
54.5138
54.5394
54.5648
54.5903
54.6158
54.6414
54.667
54.6925
54.718
54.7435
54.769
54.7945
54.82
54.8455
54.871
54.8965
54.922
54.9475
54.973
54.9985
55.024
55.0495
55.0751
55.1006
55.1261
55.1516
55.1771
55.2026
55.2281
55.2536
55.2791
55.3046
55.3301
55.3556
55.3811
55.4066
55.4321
55.4576
55.4831
55.5086
55.5341
55.5597
55.5852
55.6107
55.6362
55.6617
55.6873
55.7128
55.7382
55.7638
55.7893
55.8148
55.8403
55.8658
55.8913
55.9168
55.9424
55.9679
55.9934
56.0189
56.0444
56.0699
56.0955
56.121
56.1465
56.1721
56.1976
56.2231
56.2486
56.2741
56.2997
56.3251
56.3506
56.3762
56.4016
56.4271
56.4526
56.4781
56.5036
56.5292
56.5548
56.5803
56.6058
56.6313
56.6568
56.6823
56.7078
56.7334
56.7588
56.7843
56.8099
56.8354
56.8609
56.8864
56.9119
56.9374
56.9629
56.9885
57.0139
57.0394
57.065
57.0905
57.116
57.1415
57.167
57.1925
57.218
57.2434
57.269
57.2944
57.32
57.3455
57.3711
57.3966
57.4221
57.4477
57.4732
57.4987
57.5242
57.5498
57.5752
57.6007
57.6262
57.6517
57.6772
57.7026
57.7281
57.7536
57.779
57.8045
57.8299
57.8554
57.8808
57.9063
57.9318
57.9572
57.9827
58.0082
58.0337
58.0591
58.0846
58.1101
58.1356
58.1611
58.1866
58.2121
58.2376
58.263
58.2886
58.3141
58.3396
58.3651
58.3905
58.416
58.4416
58.467
58.4925
58.5179
58.5434
58.5688
58.5943
58.6197
58.6452
58.6707
58.6962
58.7216
58.7471
58.7726
58.7981
58.8236
58.8491
58.8745
58.9
58.9255
58.9509
58.9764
59.0019
59.0273
59.0528
59.0783
59.1038
59.1293
59.1548
59.1803
59.2058
59.2313
59.2568
59.2823
59.3078
59.3332
59.3587
59.3841
59.4096
59.4351
59.4606
59.4861
59.5115
59.537
59.5625
59.588
59.6135
59.6389
59.6644
59.6899
59.7154
59.7408
59.7664
59.7918
59.8173
59.8428
59.8683
59.8938
59.9193
59.9447
59.9702
59.9957
60.0212
60.0467
60.0788
60.1043
60.1298
60.1553
60.1807
60.2062
60.2317
60.2572
60.2826
60.3081
60.3336
60.359
60.3845
60.41
60.4355
60.461
60.4865
60.512
60.5375
60.563
60.5885
60.6141
60.6395
60.665
60.6905
60.7159
60.7414
60.7669
60.7924
60.8179
60.8433
60.8689
60.8943
60.9199
60.9454
60.9709
60.9964
61.0218
61.0473
61.0728
61.0983
61.1238
61.1493
61.1748
61.2004
61.2259
61.2514
61.2769
61.3023
61.3278
61.3533
61.3789
61.4044
61.4299
61.4554
61.4808
61.5063
61.5318
61.5573
61.5828
61.6083
61.6339
61.6594
61.6849
61.7104
61.736
61.7614
61.7869
61.8124
61.8379
61.8634
61.8889
61.9144
61.94
61.9655
61.991
62.0165
62.042
62.0675
62.0929
62.1184
62.1439
62.1694
62.1948
62.2203
62.2458
62.2713
62.2968
62.3223
62.3478
62.3733
62.3988
62.4243
62.4498
62.4753
62.5008
62.5262
62.5517
62.5772
62.6027
62.6282
62.6537
62.6792
62.7047
62.7302
62.7556
62.7811
62.8066
62.8321
62.8575
62.883
62.9085
62.934
62.9595
62.9849
63.0104
63.0359
63.0614
63.0869
63.1124
63.1379
63.1634
63.1889
63.2144
63.2399
63.2654
63.2909
63.3165
63.342
63.3675
63.393
63.4185
63.444
63.4694
63.4949
63.5205
63.5459
63.5714
63.5969
63.6224
63.6479
63.6734
63.6989
63.7244
63.7499
63.7754
63.8008
63.8263
63.8518
63.8773
63.9028
63.9284
63.9539
63.9794
64.0049
64.0304
64.0559
64.0814
64.107
64.1324
64.1579
64.1834
64.2089
64.2344
64.2599
64.2855
64.311
64.3365
64.362
64.3875
64.4129
64.4385
64.464
64.4895
64.515
64.5405
64.566
64.5915
64.617
64.6425
64.668
64.6935
64.719
64.7445
64.77
64.7955
64.821
64.8464
64.8719
64.8974
64.9229
64.9484
64.9827
65.0082
65.0337
65.0591
65.0846
65.1101
65.1356
65.1611
65.1866
65.2121
65.2376
65.2631
65.2885
65.314
65.3394
65.3649
65.3904
65.4159
65.4414
65.4669
65.4924
65.5179
65.5434
65.5689
65.5944
65.6199
65.6454
65.6712
65.6968
65.7223
65.7477
65.7732
65.7987
65.8242
65.8496
65.8751
65.9006
65.926
65.9515
65.977
66.0025
66.028
66.0535
66.079
66.1044
66.1299
66.1554
66.1809
66.2063
66.2318
66.2573
66.2828
66.3082
66.3337
66.3591
66.3846
66.4101
66.4356
66.4612
66.4867
66.5122
66.5377
66.5633
66.5887
66.6142
66.6397
66.6652
66.6907
66.7163
66.7417
66.7672
66.7927
66.8182
66.8437
66.8692
66.8948
66.9203
66.9459
66.9714
66.9969
67.0223
67.0479
67.0734
67.0989
67.1307
67.1562
67.1817
67.2072
67.2326
67.2581
67.2835
67.309
67.3344
67.3599
67.3853
67.4108
67.4364
67.4619
67.4874
67.5129
67.5384
67.5639
67.5895
67.6149
67.6404
67.6659
67.6914
67.7169
67.7424
67.7678
67.7933
67.8188
67.8442
67.8697
67.8951
67.9206
67.9461
67.9716
67.9971
68.0226
68.0481
68.0736
68.0991
68.1246
68.1501
68.1756
68.2011
68.2266
68.2521
68.2776
68.303
68.3285
68.354
68.3795
68.405
68.4305
68.4559
68.4814
68.5069
68.5325
68.558
68.5835
68.609
68.6346
68.66
68.6855
68.711
68.7365
68.7621
68.7876
68.8131
68.8386
68.864
68.8895
68.915
68.9405
68.966
68.9915
69.017
69.0425
69.068
69.0935
69.1191
69.1446
69.1701
69.1956
69.2211
69.2466
69.2721
69.2976
69.3231
69.3485
69.374
69.3994
69.4249
69.4504
69.4758
69.5012
69.5267
69.5522
69.5778
69.6033
69.6288
69.6543
69.6798
69.7053
69.7308
69.7562
69.7817
69.8073
69.8328
69.8583
69.8838
69.9093
69.9348
69.9603
69.9858
70.0113
70.0368
70.0623
70.0878
70.1133
70.1387
70.1642
70.1897
70.2151
70.2406
70.2661
70.2916
70.3171
70.3426
70.3681
70.3936
70.4191
70.4446
70.4701
70.4956
70.5211
70.5466
70.5721
70.5976
70.6231
70.6486
70.6741
70.6996
70.7251
70.7505
70.776
70.8016
70.8271
70.8526
70.8781
70.9036
70.9291
70.9546
70.9801
71.0056
71.0311
71.0565
71.0821
71.1076
71.1331
71.1585
71.184
71.2096
71.2351
71.2605
71.286
71.3115
71.337
71.3624
71.3879
71.4134
71.4389
71.4643
71.4898
71.5152
71.5407
71.5661
71.5916
71.6171
71.6427
71.6682
71.6937
71.7192
71.7447
71.7702
71.7956
71.8211
71.8466
71.8721
71.8976
71.9231
71.9486
71.9741
71.9996
72.0251
72.0505
72.0761
72.1016
72.127
72.1525
72.178
72.2035
72.2289
72.2544
72.28
72.3055
72.331
72.3565
72.382
72.4074
72.433
72.4585
72.484
72.5096
72.535
72.5605
72.586
72.6115
72.637
72.6625
72.688
72.7135
72.739
72.7645
72.79
72.8155
72.841
72.8664
72.892
72.9175
72.943
72.9685
72.994
73.0194
73.0449
73.0704
73.0959
73.1214
73.147
73.1725
73.1979
73.2234
73.249
73.2745
73.2999
73.3254
73.3508
73.3763
73.4018
73.4273
73.4528
73.4783
73.5038
73.5294
73.5549
73.5804
73.6059
73.6314
73.6569
73.6824
73.7079
73.7334
73.7589
73.7843
73.8098
73.8353
73.8608
73.8863
73.9118
73.9373
73.9627
73.9882
74.0137
74.0391
74.0646
74.0901
74.1156
74.1411
74.1666
74.1921
74.2176
74.2431
74.2686
74.2941
74.3196
74.345
74.3705
74.396
74.4216
74.4471
74.4726
74.4981
74.5236
74.5491
74.5746
74.6001
74.6256
74.6511
74.6766
74.7021
74.7275
74.753
74.7785
74.804
74.8294
74.8549
74.8804
74.9058
74.9313
74.9567
74.9822
75.0077
75.0332
75.0587
75.0843
75.1098
75.1353
75.1608
75.1863
75.2118
75.2373
75.2631
75.2886
75.314
75.3395
75.3649
75.3904
75.4159
75.4414
75.4668
75.4923
75.5179
75.5434
75.5689
75.5944
75.6199
75.6453
75.6708
75.6964
75.7218
75.7473
75.7728
75.7982
75.8237
75.8493
75.8749
75.9004
75.9259
75.9514
75.9769
76.0024
76.0279
76.0534
76.0793
76.1048
76.1303
76.1559
76.1813
76.2068
76.2323
76.2578
76.2832
76.3087
76.3342
76.3597
76.3852
76.4107
76.4362
76.4617
76.4871
76.5126
76.5381
76.5635
76.589
76.6145
76.6401
76.6656
76.691
76.7165
76.742
76.7675
76.7929
76.8184
76.8439
76.8693
76.8948
76.9203
76.9458
76.9713
76.9968
77.0222
77.0477
77.0733
77.0987
77.1242
77.1497
77.1752
77.2007
77.2262
77.2517
77.2772
77.3026
77.3281
77.3536
77.3791
77.4046
77.4301
77.4556
77.4811
77.5066
77.5321
77.5576
77.5832
77.6087
77.6342
77.6598
77.6852
77.7107
77.7362
77.7616
77.7871
77.8127
77.8467
77.8722
77.8977
77.9231
77.9487
77.9742
77.9997
78.0251
78.0506
78.0761
78.1016
78.1271
78.1526
78.1781
78.2036
78.2291
78.2546
78.2801
78.3056
78.3311
78.3566
78.3821
78.4075
78.433
78.4585
78.484
78.5096
78.5351
78.5606
78.5861
78.6116
78.6371
78.6626
78.6882
78.7136
78.7392
78.7646
78.7901
78.8157
78.8412
78.8667
78.8922
78.9177
78.9431
78.9687
78.9941
79.0197
79.0452
79.0707
79.0962
79.1217
79.1472
79.1727
79.1982
79.2237
79.2492
79.2747
79.3002
79.3257
79.3511
79.3766
79.4021
79.4276
79.4531
79.4786
79.5041
79.5296
79.5551
79.5806
79.6061
79.6316
79.6571
79.6826
79.7081
79.7335
79.759
79.7845
79.8101
79.8356
79.861
79.8865
79.912
79.9375
79.963
79.9885
80.014
80.0394
80.0649
80.0904
80.1159
80.1414
80.1669
80.1924
80.2179
80.2434
80.269
80.2945
80.32
80.3455
80.371
80.3965
80.422
80.4475
80.4731
80.4986
80.5241
80.5496
80.5751
80.6006
80.6261
80.6516
80.6771
80.7026
80.7281
80.7536
80.7792
80.8047
80.8302
80.8556
80.8811
80.9066
80.9321
80.9576
80.9831
81.0086
81.0341
81.0595
81.085
81.1105
81.1361
81.1616
81.1871
81.2126
81.238
81.2636
81.2891
81.3146
81.3401
81.3656
81.3911
81.4167
81.4422
81.4677
81.4932
81.5187
81.5442
81.5697
81.5953
81.6208
81.6463
81.6718
81.6972
81.7227
81.7482
81.7737
81.7992
81.8247
81.8502
81.8757
81.9012
81.9267
81.9523
81.9777
82.0033
82.0288
82.0543
82.0798
82.1053
82.1308
82.1563
82.1818
82.2073
82.2427
82.2683
82.2938
82.3192
82.3447
82.3702
82.3957
82.4212
82.4468
82.4723
82.4978
82.5233
82.5489
82.5744
82.5999
82.6253
82.6509
82.6764
82.7019
82.7274
82.7529
82.7784
82.8039
82.8294
82.8549
82.8803
82.9058
82.9313
82.9568
82.9823
83.0078
83.0333
83.0588
83.0843
83.1098
83.1353
83.1609
83.1864
83.2119
83.2374
83.2628
83.2883
83.3138
83.3392
83.3647
83.3902
83.4156
83.4411
83.4666
83.4921
83.5175
83.543
83.5685
83.594
83.6195
83.6451
83.6705
83.696
83.7215
83.747
83.7726
83.7981
83.8236
83.8491
83.8746
83.9001
83.9257
83.9511
83.9767
84.0022
84.0277
84.0532
84.0788
84.1043
84.1298
84.1552
84.1807
84.2062
84.2317
84.2573
84.2831
84.3086
84.3341
84.3596
84.3851
84.4105
84.436
84.4615
84.4871
84.5126
84.5381
84.5636
84.5892
84.6147
84.6402
84.6657
84.6976
84.7231
84.7486
84.7741
84.7996
84.8251
84.8506
84.8761
84.9017
84.9272
84.9527
84.9783
85.0038
85.0293
85.0548
85.0802
85.1058
85.1313
85.1568
85.1823
85.2078
85.2333
85.2587
85.2842
85.3097
85.3352
85.3607
85.3861
85.4116
85.4371
85.4627
85.4882
85.5138
85.5393
85.5649
85.5987
85.6242
85.6497
85.6752
85.7007
85.7262
85.7517
85.7771
85.8027
85.8307
85.8562
85.8817
85.9072
85.9327
85.9582
85.9837
86.0092
86.0347
86.0602
86.0857
86.1112
86.1368
86.1623
86.1878
86.2133
86.2388
86.2643
86.2898
86.3153
86.3409
86.3663
86.3918
86.4173
86.4434
86.4688
86.4943
86.5198
86.5453
86.5707
86.5962
86.6217
86.6472
86.6727
86.6982
86.7237
86.7492
86.7748
86.8003
86.8258
86.8512
86.8767
86.9022
86.9277
86.9532
86.9786
87.0042
87.0297
87.0552
87.0806
87.1062
87.1317
87.1572
87.1828
87.2083
87.2339
87.2594
87.2849
87.3104
87.3358
87.3612
87.3868
87.4122
87.4377
87.4632
87.4887
87.5142
87.5397
87.5652
87.5907
87.6162
87.6417
87.6671
87.6926
87.7181
87.7435
87.769
87.7944
87.8199
87.8454
87.8787
87.9042
87.9297
87.9551
87.9806
88.0061
88.0316
88.0571
88.0827
88.1082
88.1337
88.1592
88.1847
88.2101
88.2357
88.2612
88.2866
88.3121
88.3376
88.3631
88.3886
88.4141
88.4396
88.4651
88.4906
88.5161
88.5416
88.5671
88.5926
88.6181
88.6436
88.6691
88.6946
88.72
88.7455
88.771
88.7964
88.8219
88.8473
88.8728
88.8983
88.9237
88.9492
88.9747
89.0002
89.0258
89.0512
89.0768
89.1023
89.1277
89.1533
89.1788
89.2043
89.2298
89.2553
89.2809
89.3063
89.3318
89.3574
89.3829
89.4084
89.4339
89.4594
89.4849
89.5104
89.5358
89.5614
89.5868
89.6124
89.6379
89.6633
89.6888
89.7143
89.7398
89.7653
89.7908
89.8163
89.8419
89.8674
89.8929
89.9184
89.9439
89.9694
89.9949
90.0203
90.0458
90.0713
90.0968
90.1223
90.1477
90.1732
90.1988
90.2243
90.2498
90.2752
90.3008
90.3263
90.3518
90.3773
90.4028
90.4283
90.4538
90.4793
90.5048
90.5303
90.5558
90.5813
90.6068
90.6323
90.6578
90.6833
90.7088
90.7343
90.7599
90.7854
90.8109
90.8364
90.8619
90.8874
90.9128
90.9383
90.9638
90.9893
91.0148
91.0403
91.0658
91.0913
91.1168
91.1423
91.1677
91.1932
91.2187
91.2442
91.2697
91.2952
91.3206
91.3461
91.3716
91.3971
91.4225
91.448
91.4735
91.499
91.5244
91.5499
91.5754
91.6008
91.6263
91.6518
91.6773
91.7029
91.7283
91.7538
91.7793
91.8048
91.8303
91.8558
91.8812
91.9067
91.9322
91.9577
91.9832
92.0087
92.0342
92.0597
92.0852
92.1106
92.1361
92.1616
92.1871
92.2126
92.238
92.2636
92.289
92.3145
92.34
92.3655
92.3909
92.4165
92.4419
92.4674
92.4928
92.5183
92.5438
92.5693
92.5948
92.6203
92.6458
92.6713
92.6968
92.7223
92.7478
92.7733
92.7988
92.8242
92.8497
92.8752
92.9007
92.9262
92.9517
92.9771
93.0026
93.0281
93.0536
93.079
93.1045
93.1299
93.1554
93.1809
93.2064
93.2319
93.2574
93.2829
93.3084
93.3338
93.3593
93.3848
93.4102
93.4357
93.4612
93.4867
93.5122
93.5377
93.5631
93.5886
93.6142
93.6397
93.6652
93.6907
93.7162
93.7417
93.7671
93.7926
93.818
93.8435
93.869
93.8945
93.92
93.9454
93.9709
93.9964
94.0219
94.0473
94.0728
94.0983
94.1237
94.1492
94.1747
94.2002
94.2256
94.2511
94.2765
94.302
94.3275
94.3529
94.3784
94.4038
94.4293
94.4548
94.4803
94.5058
94.5312
94.5567
94.5822
94.6076
94.6331
94.6586
94.684
94.7095
94.7349
94.7604
94.7859
94.8113
94.8368
94.8623
94.8878
94.9133
94.9387
94.9642
94.9897
95.0152
95.0407
95.0661
95.0916
95.1171
95.1425
95.168
95.1934
95.2188
95.2443
95.2697
95.2952
95.3207
95.3462
95.3716
95.3971
95.4226
95.448
95.4735
95.499
95.5245
95.5499
95.5754
95.6009
95.6264
95.6519
95.6774
95.7028
95.7283
95.7538
95.7793
95.8048
95.8303
95.8558
95.8812
95.9067
95.9322
95.9577
95.9831
96.0086
96.0341
96.0596
96.085
96.1105
96.136
96.1615
96.187
96.2125
96.2379
96.2634
96.2889
96.3143
96.3398
96.3653
96.3908
96.4163
96.4417
96.4672
96.4926
96.5181
96.5436
96.5692
96.5947
96.6202
96.6457
96.6712
96.6967
96.7222
96.7477
96.7731
96.7986
96.8241
96.8496
96.875
96.9005
96.9259
96.9515
96.977
97.0025
97.0279
97.0534
97.0789
97.1043
97.1298
97.1553
97.1808
97.2063
97.2318
97.2572
97.2827
97.3081
97.3336
97.359
97.3844
97.4099
97.4353
97.4608
97.4863
97.5117
97.5372
97.5626
97.5881
97.6136
97.6391
97.6645
97.69
97.7154
97.7409
97.7664
97.7919
97.8174
97.8429
97.8683
97.8938
97.9193
97.9448
97.9703
97.9957
98.0212
98.0467
98.0721
98.0976
98.123
98.1485
98.174
98.1995
98.2249
98.2504
98.2759
98.3014
98.3268
98.3523
98.3778
98.4032
98.4287
98.4542
98.4797
98.5051
98.5306
98.556
98.5815
98.607
98.6324
98.6579
98.6834
98.7089
98.7344
98.7598
98.7853
98.8107
98.8362
98.8617
98.8872
98.9126
98.9381
98.9635
98.989
99.0145
99.0399
99.0654
99.0909
99.1164
99.1419
99.1673
99.1928
99.2182
99.2437
99.2692
99.2947
99.3202
99.3458
99.3712
99.3967
99.4221
99.4476
99.473
99.4985
99.5239
99.5494
99.5749
99.6004
99.6259
99.6514
99.6769
99.7024
99.7279
99.7534
99.7788
99.8043
99.8298
99.8552
99.8807
99.9062
99.9317
99.9572
99.9826
100.008
100.034
100.059
100.085
100.11
100.136
100.161
100.186
100.212
100.237
100.263
100.288
100.314
100.339
100.365
100.39
100.416
100.441
100.467
100.492
100.518
100.543
100.569
100.594
100.62
100.645
100.671
100.696
100.722
100.747
100.773
100.798
100.824
100.849
100.875
100.9
100.926
100.951
100.977
101.002
101.028
101.053
101.079
101.104
101.13
101.155
101.181
101.206
101.232
101.257
101.283
101.308
101.334
101.359
101.385
101.41
101.435
101.461
101.486
101.512
101.537
101.563
101.588
101.614
101.639
101.665
101.69
101.716
101.741
101.767
101.792
101.818
101.843
101.869
101.894
101.92
101.945
101.97
101.996
102.021
102.047
102.072
102.098
102.123
102.149
102.174
102.2
102.225
102.251
102.276
102.302
102.327
102.353
102.378
102.403
102.429
102.454
102.48
102.505
102.531
102.556
102.582
102.607
102.633
102.658
102.684
102.709
102.735
102.76
102.786
102.811
102.837
102.862
102.888
102.913
102.939
102.964
102.99
103.015
103.041
103.066
103.092
103.117
103.143
103.168
103.194
103.219
103.245
103.27
103.295
103.321
103.346
103.372
103.397
103.423
103.448
103.474
103.499
103.525
103.55
103.576
103.601
103.627
103.652
103.678
103.703
103.728
103.754
103.779
103.805
103.83
103.856
103.881
103.907
103.932
103.958
103.983
104.009
104.034
104.059
104.085
104.11
104.136
104.161
104.187
104.212
104.238
104.263
104.289
104.314
104.34
104.365
104.391
104.416
104.442
104.467
104.493
104.518
104.544
104.569
104.595
104.62
104.646
104.671
104.697
104.722
104.747
104.773
104.798
104.824
104.849
104.875
104.9
104.926
104.951
104.977
105.002
105.028
105.053
105.079
105.104
105.13
105.155
105.181
105.206
105.232
105.257
105.283
105.308
105.333
105.359
105.384
105.41
105.435
105.461
105.486
105.512
105.537
105.563
105.588
105.614
105.639
105.665
105.69
105.716
105.741
105.767
105.792
105.818
105.844
105.869
105.894
105.92
105.945
105.971
105.996
106.022
106.047
106.073
106.098
106.124
106.149
106.175
106.2
106.226
106.251
106.277
106.302
106.328
106.354
106.379
106.405
106.43
106.456
106.481
106.507
106.532
106.558
106.583
106.609
106.634
106.66
106.685
106.711
106.736
106.762
106.787
106.813
106.838
106.864
106.889
106.915
106.94
106.965
106.991
107.016
107.042
107.067
107.093
107.119
107.144
107.17
107.195
107.221
107.246
107.272
107.297
107.323
107.348
107.374
107.399
107.424
107.45
107.476
107.501
107.527
107.552
107.578
107.603
107.629
107.654
107.679
107.705
107.73
107.756
107.781
107.807
107.832
107.858
107.883
107.909
107.934
107.96
107.985
108.01
108.036
108.061
108.087
108.112
108.138
108.163
108.189
108.214
108.24
108.265
108.291
108.316
108.342
108.367
108.392
108.418
108.443
108.469
108.494
108.52
108.545
108.571
108.596
108.621
108.647
108.672
108.698
108.723
108.749
108.774
108.8
108.825
108.851
108.876
108.902
108.927
108.952
108.978
109.003
109.029
109.054
109.08
109.105
109.131
109.156
109.182
109.207
109.232
109.258
109.283
109.309
109.334
109.36
109.385
109.411
109.436
109.462
109.487
109.512
109.538
109.563
109.589
109.614
109.64
109.665
109.691
109.716
109.741
109.767
109.792
109.818
109.843
109.869
109.894
109.92
109.945
109.971
109.996
110.022
110.047
110.072
110.098
110.123
110.149
110.174
110.2
110.225
110.251
110.276
110.302
110.327
110.352
110.378
110.403
110.429
110.454
110.48
110.505
110.531
110.556
110.582
110.607
110.632
110.658
110.683
110.709
110.734
110.76
110.785
110.811
110.836
110.862
110.887
110.912
110.938
110.963
110.989
111.014
111.04
111.065
111.091
111.116
111.142
111.167
111.192
111.218
111.243
111.269
111.294
111.32
111.345
111.371
111.396
111.422
111.447
111.472
111.498
111.523
111.549
111.574
111.6
111.625
111.651
111.676
111.702
111.727
111.753
111.778
111.804
111.829
111.854
111.88
111.905
111.931
111.956
111.982
112.007
112.033
112.058
112.084
112.109
112.135
112.16
112.186
112.211
112.237
112.262
112.287
112.313
112.338
112.364
112.389
112.415
112.44
112.466
112.491
112.517
112.542
112.568
112.593
112.619
112.644
112.67
112.695
112.721
112.746
112.771
112.797
112.822
112.848
112.873
112.899
112.924
112.95
112.975
113.001
113.026
113.052
113.077
113.103
113.128
113.154
113.179
113.205
113.23
113.256
113.281
113.307
113.332
113.358
113.383
113.409
113.434
113.459
113.485
113.51
113.536
113.562
113.587
113.613
113.638
113.664
113.689
113.715
113.74
113.765
113.791
113.816
113.842
113.867
113.893
113.918
113.944
113.969
113.995
114.02
114.046
114.071
114.097
114.122
114.148
114.173
114.199
114.224
114.25
114.275
114.301
114.326
114.351
114.377
114.402
114.428
114.453
114.479
114.504
114.53
114.555
114.581
114.606
114.632
114.657
114.683
114.708
114.734
114.759
114.784
114.81
114.835
114.861
114.886
114.912
114.937
114.963
114.988
115.014
115.039
115.064
115.09
115.115
115.141
115.166
115.192
115.217
115.243
115.268
115.294
115.319
115.345
115.37
115.396
115.421
115.447
115.472
115.498
115.523
115.549
115.574
115.6
115.625
115.651
115.676
115.702
115.727
115.753
115.778
115.804
115.829
115.854
115.88
115.905
115.931
115.956
115.982
116.007
116.033
116.058
116.084
116.109
116.135
116.16
116.186
116.211
116.237
116.262
116.288
116.313
116.339
116.364
116.39
116.415
116.441
116.466
116.492
116.517
116.542
116.568
116.593
116.619
116.644
116.67
116.695
116.721
116.746
116.772
116.797
116.823
116.848
116.874
116.899
116.924
116.95
116.975
117.001
117.026
117.052
117.077
117.103
117.128
117.154
117.179
117.205
117.23
117.256
117.281
117.306
117.332
117.357
117.383
117.408
117.434
117.459
117.485
117.51
117.536
117.561
117.587
117.612
117.638
117.663
117.689
117.714
117.74
117.765
117.79
117.816
117.841
117.867
117.892
117.918
117.943
117.969
117.994
118.02
118.045
118.07
118.096
118.121
118.147
118.172
118.198
118.223
118.249
118.274
118.3
118.325
118.351
118.376
118.402
118.427
118.453
118.478
118.504
118.529
118.555
118.58
118.606
118.631
118.657
118.682
118.708
118.733
118.759
118.784
118.809
118.835
118.86
118.886
118.911
118.937
118.962
118.988
119.013
119.039
119.064
119.09
119.115
119.14
119.166
119.191
119.217
119.242
119.268
119.293
119.319
119.344
119.37
119.395
119.421
119.446
119.472
119.497
119.523
119.548
119.574
119.599
119.625
119.65
119.676
119.701
119.727
119.752
119.777
119.803
119.828
119.854
119.879
119.905
119.93
119.956
119.982
120.007
120.032
120.058
120.083
120.109
120.134
120.16
120.185
120.211
120.236
120.262
120.287
120.313
120.338
120.364
120.389
120.415
120.44
120.465
120.491
120.516
120.542
120.567
120.593
120.618
120.644
120.669
120.695
120.72
120.746
120.771
120.797
120.822
120.848
120.873
120.899
120.924
120.95
120.975
121
121.026
121.051
121.077
121.102
121.128
121.153
121.179
121.204
121.23
121.255
121.281
121.306
121.331
121.357
121.382
121.408
121.433
121.459
121.484
121.51
121.535
121.561
121.586
121.612
121.637
121.663
121.688
121.714
121.739
121.765
121.79
121.816
121.841
121.867
121.892
121.918
121.943
121.968
121.994
122.019
122.045
122.07
122.096
122.121
122.147
122.172
122.198
122.223
122.249
122.274
122.3
122.325
122.35
122.376
122.401
122.427
122.452
122.478
122.503
122.529
122.554
122.58
122.605
122.631
122.656
122.682
122.707
122.733
122.758
122.784
122.809
122.835
122.86
122.886
122.911
122.937
122.962
122.988
123.013
123.039
123.064
123.09
123.115
123.141
123.166
123.191
123.217
123.242
123.268
123.293
123.319
123.344
123.37
123.395
123.421
123.446
123.472
123.497
123.523
123.548
123.574
123.599
123.625
123.65
123.676
123.701
123.727
123.752
123.778
123.803
123.829
123.854
123.88
123.905
123.931
123.956
123.982
124.007
124.033
124.058
124.084
124.109
124.135
124.16
124.186
124.211
124.237
124.262
124.288
124.313
124.339
124.364
124.39
124.415
124.441
124.466
124.492
124.517
124.543
124.568
124.594
124.619
124.645
124.67
124.696
124.721
124.747
124.772
124.798
124.823
124.849
124.874
124.9
124.925
124.951
124.976
125.002
125.027
125.053
125.078
125.104
125.129
125.155
125.18
125.206
125.231
125.257
125.282
125.308
125.333
125.358
125.384
125.409
125.435
125.46
125.486
125.511
125.537
125.562
125.588
125.613
125.639
125.664
125.69
125.715
125.741
125.766
125.792
125.817
125.843
125.868
125.894
125.919
125.945
125.97
125.996
126.021
126.047
126.072
126.098
126.123
126.149
126.174
126.199
126.225
126.25
126.276
126.301
126.327
126.352
126.378
126.404
126.429
126.454
126.48
126.505
126.531
126.556
126.582
126.607
126.633
126.658
126.684
126.709
126.735
126.76
126.786
126.811
126.837
126.862
126.888
126.913
126.939
126.964
126.99
127.015
127.041
127.066
127.092
127.117
127.143
127.168
127.194
127.219
127.244
127.27
127.295
127.321
127.347
127.372
127.397
127.423
127.448
127.474
127.499
127.525
127.55
127.576
127.601
127.627
127.652
127.678
127.703
127.729
127.754
127.78
127.805
127.831
127.856
127.882
127.907
127.933
127.958
127.984
128.009
128.035
128.06
128.086
128.111
128.137
128.162
128.188
128.213
128.239
128.264
128.29
128.315
128.341
128.366
128.391
128.417
128.442
128.468
128.493
128.519
128.544
128.57
128.595
128.621
128.651
128.676
128.702
128.727
128.753
128.778
128.804
128.829
128.855
128.88
128.906
128.931
128.957
128.982
129.008
129.033
129.059
129.084
129.109
129.135
129.16
129.186
129.211
129.237
129.262
129.288
129.313
129.339
129.364
129.39
129.415
129.441
129.466
129.492
129.517
129.543
129.568
129.594
129.619
129.645
129.67
129.696
129.721
129.746
129.772
129.797
129.823
129.848
129.874
129.899
129.925
129.95
129.976
130.001
130.035
130.06
130.086
130.111
130.137
130.162
130.188
130.213
130.239
130.264
130.29
130.315
130.34
130.366
130.391
130.417
130.442
130.468
130.493
130.519
130.544
130.57
130.595
130.621
130.646
130.672
130.697
130.723
130.748
130.774
130.799
130.825
130.85
130.876
130.901
130.927
130.952
130.978
131.003
131.029
131.054
131.08
131.105
131.131
131.156
131.182
131.207
131.233
131.258
131.284
131.309
131.335
131.36
131.385
131.411
131.436
131.462
131.487
131.513
131.538
131.564
131.589
131.615
131.64
131.666
131.691
131.717
131.743
131.768
131.794
131.819
131.845
131.87
131.896
131.921
131.947
131.972
131.998
132.023
132.049
132.074
132.1
132.125
132.151
132.176
132.202
132.227
132.253
132.278
132.304
132.329
132.354
132.38
132.405
132.431
132.457
132.482
132.508
132.533
132.558
132.584
132.609
132.635
132.66
132.686
132.711
132.737
132.762
132.788
132.813
132.839
132.864
132.89
132.915
132.941
132.966
132.992
133.017
133.043
133.068
133.094
133.119
133.145
133.17
133.195
133.221
133.246
133.272
133.297
133.323
133.348
133.374
133.399
133.425
133.45
133.476
133.501
133.527
133.552
133.578
133.603
133.629
133.654
133.68
133.705
133.731
133.756
133.782
133.807
133.833
133.858
133.883
133.909
133.934
133.96
133.985
134.011
134.036
134.062
134.087
134.113
134.138
134.164
134.189
134.215
134.24
134.266
134.291
134.317
134.342
134.368
134.393
134.419
134.444
134.47
134.495
134.521
134.546
134.572
134.597
134.623
134.648
134.674
134.699
134.725
134.75
134.776
134.801
134.827
134.852
134.878
134.903
134.929
134.954
134.98
135.005
135.031
135.056
135.082
135.107
135.133
135.158
135.184
135.209
135.235
135.26
135.286
135.311
135.337
135.362
135.388
135.413
135.439
135.464
135.49
135.515
135.541
135.566
135.592
135.617
135.643
135.668
135.694
135.719
135.745
135.77
135.796
135.821
135.847
135.872
135.898
135.923
135.949
135.974
136
136.025
136.051
136.076
136.102
136.127
136.153
136.178
136.203
136.229
136.254
136.28
136.305
136.331
136.356
136.382
136.407
136.433
136.458
136.484
136.509
136.535
136.56
136.585
136.611
136.636
136.662
136.687
136.713
136.738
136.764
136.789
136.815
136.84
136.866
136.891
136.917
136.942
136.968
136.993
137.019
137.044
137.07
137.095
137.121
137.146
137.171
137.197
137.222
137.248
137.274
137.299
137.324
137.35
137.375
137.401
137.426
137.452
137.477
137.503
137.528
137.554
137.579
137.605
137.63
137.656
137.681
137.707
137.732
137.758
137.783
137.809
137.834
137.859
137.885
137.91
137.936
137.961
137.987
138.012
138.038
138.063
138.089
138.114
138.14
138.165
138.191
138.216
138.242
138.267
138.292
138.318
138.343
138.369
138.394
138.42
138.445
138.471
138.496
138.522
138.547
138.573
138.598
138.624
138.649
138.675
138.7
138.726
138.751
138.776
138.802
138.827
138.853
138.878
138.904
138.929
138.955
138.98
139.006
139.031
139.057
139.082
139.108
139.133
139.159
139.184
139.21
139.235
139.261
139.286
139.311
139.337
139.362
139.388
139.413
139.439
139.464
139.49
139.515
139.541
139.566
139.592
139.617
139.643
139.668
139.694
139.719
139.745
139.77
139.796
139.821
139.847
139.872
139.898
139.923
139.949
139.974
140
140.025
140.051
140.076
140.102
140.127
140.153
140.178
140.204
140.229
140.255
140.28
140.306
140.331
140.357
140.382
140.408
140.433
140.458
140.484
140.509
140.535
140.56
140.586
140.611
140.637
140.662
140.688
140.713
140.739
140.764
140.79
140.815
140.841
140.866
140.892
140.917
140.943
140.968
140.994
141.019
141.045
141.071
141.096
141.121
141.147
141.172
141.198
141.224
141.249
141.275
141.3
141.326
141.351
141.376
141.402
141.427
141.453
141.478
141.504
141.529
141.555
141.58
141.606
141.632
141.657
141.683
141.708
141.733
141.759
141.784
141.81
141.836
141.861
141.887
141.912
141.938
141.963
141.989
142.014
142.04
142.065
142.091
142.116
142.142
142.167
142.193
142.218
142.244
142.269
142.294
142.32
142.345
142.371
142.396
142.422
142.447
142.473
142.498
142.524
142.549
142.575
142.6
142.626
142.651
142.677
142.702
142.728
142.753
142.779
142.804
142.83
142.855
142.881
142.906
142.932
142.957
142.983
143.008
143.034
143.059
143.085
143.11
143.136
143.161
143.187
143.212
143.238
143.263
143.289
143.314
143.34
143.365
143.391
143.416
143.442
143.467
143.493
143.518
143.544
143.569
143.594
143.62
143.645
143.671
143.696
143.722
143.747
143.773
143.798
143.824
143.849
143.875
143.9
143.926
143.951
143.977
144.002
144.028
144.053
144.079
144.104
144.13
144.155
144.181
144.206
144.232
144.257
144.283
144.308
144.334
144.359
144.385
144.41
144.436
144.461
144.487
144.512
144.538
144.563
144.589
144.614
144.64
144.665
144.691
144.716
144.742
144.767
144.793
144.818
144.844
144.869
144.895
144.92
144.946
144.971
144.997
145.022
145.048
145.073
145.099
145.124
145.15
145.175
145.201
145.226
145.252
145.277
145.303
145.328
145.353
145.379
145.404
145.43
145.455
145.481
145.506
145.532
145.557
145.583
145.608
145.634
145.659
145.685
145.71
145.736
145.761
145.787
145.812
145.838
145.863
145.889
145.914
145.939
145.965
145.99
146.016
146.041
146.067
146.092
146.118
146.143
146.169
146.194
146.22
146.245
146.271
146.296
146.322
146.347
146.373
146.398
146.424
146.449
146.475
146.5
146.526
146.551
146.577
146.602
146.628
146.653
146.679
146.704
146.73
146.755
146.781
146.806
146.832
146.857
146.883
146.908
146.934
146.959
146.985
147.01
147.035
147.061
147.087
147.112
147.138
147.163
147.189
147.214
147.24
147.265
147.29
147.316
147.342
147.367
147.392
147.418
147.443
147.469
147.494
147.52
147.545
147.571
147.596
147.622
147.647
147.673
147.698
147.724
147.749
147.775
147.8
147.825
147.851
147.876
147.902
147.927
147.953
147.978
148.004
148.029
148.055
148.08
148.106
148.131
148.157
148.182
148.208
148.233
148.259
148.284
148.31
148.335
148.361
148.386
148.412
148.437
148.462
148.488
148.513
148.539
148.564
148.59
148.615
148.641
148.666
148.692
148.717
148.743
148.768
148.794
148.819
148.845
148.87
148.896
148.921
148.947
148.972
148.997
149.023
149.048
149.074
149.099
149.125
149.15
149.176
149.201
149.227
149.252
149.278
149.303
149.329
149.354
149.38
149.405
149.431
149.456
149.482
149.507
149.533
149.558
149.584
149.609
149.635
149.66
149.686
149.711
149.737
149.762
149.788
149.813
149.839
149.864
149.89
149.915
149.941
149.966
149.992
150.017
150.043
150.068
150.094
150.119
150.145
150.17
150.196
150.221
150.247
150.272
150.298
150.323
150.349
150.374
150.4
150.425
150.451
150.476
150.502
150.527
150.553
150.578
150.604
150.629
150.655
150.68
150.706
150.731
150.757
150.782
150.808
150.833
150.859
150.884
150.91
150.935
150.96
150.986
151.011
151.037
151.062
151.088
151.113
151.139
151.164
151.19
151.215
151.241
151.266
151.292
151.317
151.343
151.368
151.393
151.419
151.444
151.47
151.495
151.521
151.546
151.572
151.597
151.623
151.648
151.674
151.699
151.725
151.75
151.776
151.801
151.827
151.852
151.878
151.903
151.928
151.954
151.979
152.005
152.03
152.056
152.081
152.107
152.132
152.158
152.183
152.209
152.234
152.26
152.285
152.311
152.336
152.362
152.387
152.413
152.438
152.464
152.489
152.515
152.54
152.566
152.591
152.617
152.642
152.668
152.693
152.719
152.744
152.769
152.795
152.82
152.846
152.871
152.897
152.922
152.948
152.973
152.999
153.024
153.05
153.075
153.101
153.126
153.152
153.177
153.203
153.228
153.254
153.279
153.305
153.33
153.356
153.381
153.407
153.432
153.458
153.483
153.509
153.534
153.56
153.585
153.611
153.636
153.661
153.687
153.712
153.738
153.763
153.789
153.814
153.84
153.865
153.891
153.916
153.942
153.967
153.993
154.018
154.044
154.069
154.095
154.12
154.146
154.171
154.197
154.222
154.248
154.273
154.299
154.324
154.35
154.375
154.401
154.426
154.452
154.477
154.503
154.528
154.554
154.579
154.605
154.63
154.656
154.681
154.707
154.732
154.758
154.783
154.809
154.834
154.86
154.885
154.911
154.936
154.962
154.987
155.013
155.038
155.064
155.089
155.115
155.14
155.165
155.191
155.217
155.242
155.268
155.293
155.319
155.344
155.37
155.395
155.42
155.446
155.471
155.497
155.522
155.548
155.573
155.599
155.624
155.65
155.675
155.701
155.726
155.752
155.777
155.803
155.828
155.854
155.879
155.905
155.93
155.956
155.981
156.007
156.032
156.058
156.083
156.109
156.134
156.159
156.185
156.211
156.236
156.261
156.287
156.312
156.338
156.364
156.389
156.415
156.44
156.466
156.491
156.516
156.542
156.568
156.593
156.618
156.644
156.669
156.695
156.72
156.746
156.771
156.797
156.822
156.848
156.873
156.899
156.924
156.95
156.975
157.001
157.026
157.052
157.077
157.103
157.128
157.154
157.179
157.205
157.23
157.256
157.281
157.307
157.332
157.358
157.383
157.408
157.434
157.459
157.485
157.51
157.536
157.561
157.587
157.612
157.638
157.663
157.689
157.714
157.74
157.765
157.79
157.816
157.841
157.867
157.893
157.918
157.944
157.969
157.995
158.02
158.046
158.071
158.097
158.122
158.147
158.173
158.198
158.224
158.249
158.275
158.3
158.326
158.351
158.377
158.402
158.428
158.453
158.479
158.504
158.53
158.555
158.581
158.606
158.632
158.657
158.683
158.708
158.734
158.759
158.785
158.81
158.836
158.861
158.887
158.912
158.938
158.963
158.989
159.014
159.04
159.065
159.091
159.116
159.142
159.167
159.193
159.218
159.244
159.269
159.295
159.32
159.345
159.371
159.396
159.422
159.447
159.473
159.498
159.524
159.549
159.575
159.6
159.626
159.651
159.677
159.702
159.727
159.753
159.778
159.804
159.829
159.855
159.88
159.906
159.931
159.957
159.982
160.008
160.033
160.059
160.084
160.11
160.135
160.161
160.186
160.212
160.237
160.263
160.288
160.314
160.339
160.364
160.39
160.415
160.441
160.466
160.492
160.517
160.543
160.568
160.594
160.619
160.645
160.67
160.696
160.721
160.747
160.772
160.798
160.823
160.849
160.874
160.9
160.925
160.951
160.976
161.002
161.027
161.053
161.078
161.104
161.129
161.155
161.18
161.206
161.231
161.256
161.282
161.308
161.333
161.358
161.384
161.409
161.435
161.46
161.486
161.511
161.537
161.562
161.588
161.613
161.639
161.664
161.69
161.715
161.741
161.766
161.792
161.817
161.842
161.868
161.893
161.919
161.944
161.97
161.995
162.021
162.046
162.072
162.097
162.123
162.148
162.174
162.199
162.224
162.25
162.275
162.301
162.326
162.352
162.377
162.403
162.428
162.454
162.479
162.505
162.53
162.556
162.581
162.607
162.632
162.658
162.683
162.709
162.734
162.759
162.785
162.81
162.836
162.861
162.887
162.912
162.938
162.963
162.989
163.014
163.04
163.065
163.091
163.116
163.142
163.167
163.193
163.218
163.244
163.269
163.295
163.32
163.346
163.371
163.397
163.422
163.448
163.473
163.499
163.524
163.549
163.575
163.6
163.626
163.651
163.677
163.702
163.728
163.753
163.779
163.804
163.83
163.855
163.881
163.906
163.932
163.957
163.983
164.008
164.033
164.059
164.084
164.11
164.135
164.161
164.186
164.212
164.237
164.263
164.288
164.314
164.339
164.365
164.39
164.416
164.441
164.467
164.492
164.518
164.543
164.569
164.594
164.62
164.645
164.671
164.696
164.722
164.747
164.773
164.798
164.824
164.849
164.875
164.9
164.926
164.951
164.977
165.002
165.028
165.053
165.079
165.104
165.13
165.155
165.181
165.206
165.231
165.257
165.282
165.308
165.333
165.359
165.384
165.41
165.435
165.461
165.486
165.512
165.537
165.563
165.588
165.614
165.639
165.665
165.69
165.716
165.741
165.767
165.792
165.818
165.843
165.869
165.894
165.92
165.945
165.971
165.996
166.022
166.047
166.073
166.098
166.123
166.149
166.174
166.2
166.225
166.251
166.276
166.302
166.327
166.353
166.378
166.404
166.429
166.455
166.48
166.506
166.531
166.557
166.582
166.608
166.633
166.659
166.684
166.71
166.735
166.761
166.786
166.812
166.837
166.863
166.888
166.914
166.939
166.965
166.99
167.016
167.041
167.067
167.092
167.118
167.143
167.168
167.194
167.219
167.245
167.27
167.296
167.321
167.347
167.372
167.398
167.423
167.449
167.474
167.5
167.525
167.551
167.576
167.602
167.627
167.653
167.678
167.704
167.729
167.755
167.78
167.806
167.831
167.857
167.882
167.908
167.933
167.959
167.984
168.01
168.035
168.061
168.086
168.112
168.137
168.162
168.188
168.213
168.239
168.264
168.29
168.315
168.341
168.366
168.392
168.417
168.443
168.468
168.494
168.519
168.545
168.57
168.596
168.621
168.647
168.672
168.698
168.723
168.749
168.774
168.8
168.825
168.851
168.876
168.902
168.927
168.952
168.978
169.003
169.029
169.054
169.08
169.105
169.131
169.156
169.182
169.208
169.233
169.258
169.284
169.309
169.335
169.36
169.386
169.411
169.437
169.462
169.488
169.513
169.539
169.564
169.59
169.615
169.641
169.666
169.692
169.717
169.743
169.768
169.794
169.819
169.845
169.87
169.896
169.921
169.947
169.972
169.998
170.023
170.049
170.074
170.099
170.125
170.15
170.176
170.201
170.227
170.252
170.278
170.303
170.329
170.354
170.38
170.405
170.431
170.456
170.482
170.507
170.533
170.558
170.584
170.609
170.635
170.66
170.686
170.711
170.737
170.762
170.788
170.813
170.839
170.864
170.89
170.915
170.941
170.966
170.992
171.017
171.043
171.068
171.094
171.119
171.145
171.17
171.196
171.221
171.247
171.272
171.298
171.323
171.349
171.374
171.4
171.425
171.451
171.476
171.502
171.527
171.553
171.578
171.604
171.629
171.655
171.68
171.706
171.731
171.757
171.782
171.808
171.833
171.859
171.884
171.91
171.935
171.961
171.986
172.012
172.037
172.063
172.088
172.114
172.139
172.165
172.19
172.216
172.241
172.267
172.292
172.318
172.343
172.369
172.394
172.42
172.445
172.471
172.496
172.522
172.547
172.573
172.598
172.624
172.649
172.675
172.7
172.726
172.751
172.777
172.802
172.828
172.853
172.879
172.904
172.929
172.955
172.98
173.006
173.031
173.057
173.085
173.11
173.136
173.161
173.187
173.212
173.238
173.263
173.289
173.314
173.34
173.365
173.391
173.416
173.443
173.468
173.494
173.519
173.545
173.57
173.596
173.621
173.647
173.672
173.698
173.723
173.749
173.774
173.8
173.825
173.85
173.876
173.901
173.927
173.952
173.978
174.003
174.029
174.054
174.08
174.105
174.131
174.156
174.182
174.207
174.233
174.258
174.284
174.309
174.335
174.36
174.386
174.411
174.437
174.462
174.488
174.513
174.539
174.564
174.59
174.615
174.641
174.666
174.691
174.717
174.742
174.768
174.793
174.819
174.844
174.87
174.895
174.921
174.946
174.972
174.997
175.023
175.048
175.074
175.099
175.125
175.15
175.176
175.201
175.227
175.252
175.278
175.303
175.329
175.354
175.38
175.405
175.431
175.456
175.482
175.507
175.533
175.558
175.584
175.609
175.634
175.66
175.685
175.711
175.736
175.762
175.787
175.813
175.838
175.864
175.889
175.915
175.94
175.966
175.991
176.017
176.042
176.068
176.093
176.119
176.144
176.17
176.195
176.221
176.246
176.272
176.297
176.323
176.348
176.374
176.399
176.425
176.45
176.476
176.501
176.527
176.552
176.578
176.603
176.629
176.654
176.68
176.705
176.731
176.756
176.782
176.807
176.832
176.858
176.884
176.909
176.935
176.96
176.986
177.011
177.036
177.062
177.087
177.113
177.139
177.164
177.189
177.215
177.24
177.266
177.291
177.317
177.342
177.368
177.393
177.419
177.444
177.47
177.495
177.521
177.546
177.572
177.597
177.623
177.648
177.674
177.699
177.725
177.75
177.776
177.801
177.827
177.852
177.877
177.903
177.928
177.954
177.979
178.005
178.03
178.056
178.081
178.107
178.132
178.158
178.183
178.209
178.234
178.26
178.285
178.311
178.336
178.362
178.387
178.413
178.438
178.464
178.489
178.515
178.54
178.566
178.591
178.617
178.642
178.668
178.693
178.719
178.744
178.77
178.795
178.821
178.846
178.872
178.897
178.923
178.948
178.974
178.999
179.025
179.05
179.076
179.101
179.126
179.152
179.179
179.204
179.23
179.255
179.281
179.306
179.332
179.357
179.383
179.408
179.434
179.459
179.485
179.51
179.536
179.561
179.587
179.612
179.638
179.663
179.689
179.714
179.74
179.765
179.791
179.816
179.842
179.867
179.893
179.918
179.944
179.969
179.995
180.02
180.046
180.071
180.097
180.122
180.148
180.173
180.199
180.224
180.25
180.275
180.301
180.326
180.352
180.377
180.403
180.428
180.454
180.479
180.505
180.53
180.556
180.581
180.607
180.632
180.658
180.683
180.709
180.734
180.76
180.785
180.811
180.836
180.862
180.887
180.913
180.938
180.964
180.989
181.015
181.04
181.066
181.091
181.117
181.142
181.168
181.193
181.219
181.244
181.27
181.295
181.321
181.346
181.371
181.397
181.422
181.448
181.473
181.499
181.524
181.55
181.575
181.601
181.626
181.652
181.677
181.703
181.728
181.754
181.779
181.805
181.831
181.856
181.881
181.907
181.932
181.958
181.983
182.009
182.034
182.06
182.085
182.111
182.136
182.162
182.187
182.213
182.238
182.264
182.289
182.315
182.34
182.366
182.391
182.417
182.442
182.468
182.493
182.519
182.544
182.57
182.595
182.621
182.646
182.672
182.697
182.723
182.748
182.774
182.799
182.824
182.85
182.875
182.901
182.926
182.952
182.977
183.003
183.028
183.054
183.079
183.105
183.13
183.156
183.181
183.207
183.232
183.258
183.283
183.309
183.334
183.359
183.385
183.41
183.436
183.461
183.487
183.512
183.538
183.563
183.589
183.614
183.64
183.665
183.691
183.716
183.742
183.767
183.793
183.818
183.844
183.869
183.895
183.92
183.946
183.971
183.997
184.022
184.048
184.073
184.099
184.124
184.15
184.175
184.201
184.226
184.252
184.277
184.303
184.328
184.354
184.379
184.405
184.43
184.456
184.481
184.507
184.532
184.558
184.583
184.608
184.634
184.659
184.685
184.71
184.736
184.761
184.787
184.812
184.838
184.863
184.889
184.914
184.94
184.965
184.991
185.016
185.042
185.067
185.093
185.118
185.144
185.169
185.195
185.22
185.246
185.271
185.297
185.322
185.348
185.373
185.399
185.424
185.45
185.475
185.501
185.526
185.551
185.577
185.602
185.628
185.653
185.679
185.704
185.73
185.755
185.781
185.806
185.832
185.857
185.883
185.908
185.934
185.959
185.985
186.01
186.036
186.061
186.087
186.112
186.138
186.171
186.199
186.224
186.25
186.275
186.301
186.326
186.352
186.377
186.403
186.428
186.454
186.479
186.505
186.53
186.556
186.581
186.607
186.632
186.658
186.683
186.709
186.734
186.76
186.785
186.811
186.836
186.862
186.887
186.913
186.938
186.964
186.989
187.015
187.04
187.066
187.091
187.117
187.142
187.168
187.193
187.219
187.244
187.27
187.295
187.321
187.346
187.372
187.397
187.422
187.448
187.473
187.499
187.524
187.55
187.575
187.601
187.626
187.652
187.677
187.703
187.728
187.754
187.779
187.805
187.83
187.855
187.881
187.906
187.932
187.957
187.983
188.008
188.034
188.059
188.085
188.11
188.136
188.161
188.187
188.212
188.238
188.263
188.289
188.314
188.34
188.365
188.391
188.416
188.442
188.467
188.493
188.518
188.544
188.569
188.595
188.62
188.646
188.671
188.697
188.722
188.748
188.773
188.799
188.824
188.85
188.875
188.901
188.926
188.952
188.977
189.003
189.028
189.054
189.079
189.105
189.13
189.156
189.181
189.207
189.232
189.258
189.283
189.309
189.334
189.36
189.385
189.411
189.436
189.462
189.487
189.513
189.538
189.564
189.589
189.615
189.64
189.666
189.691
189.717
189.742
189.768
189.793
189.818
189.844
189.869
189.895
189.92
189.946
189.971
189.997
190.022
190.048
190.073
190.099
190.124
190.15
190.175
190.201
190.226
190.252
190.277
190.303
190.328
190.354
190.379
190.405
190.43
190.456
190.481
190.507
190.532
190.558
190.583
190.609
190.634
190.66
190.685
190.711
190.736
190.761
190.787
190.812
190.838
190.863
190.889
190.914
190.94
190.965
190.991
191.016
191.042
191.067
191.093
191.118
191.144
191.169
191.195
191.22
191.246
191.271
191.297
191.322
191.348
191.373
191.399
191.424
191.45
191.475
191.5
191.526
191.551
191.577
191.602
191.628
191.653
191.679
191.704
191.73
191.755
191.781
191.806
191.832
191.857
191.883
191.908
191.934
191.959
191.985
192.01
192.035
192.061
192.086
192.112
192.137
192.163
192.188
192.214
192.239
192.265
192.29
192.316
192.341
192.367
192.392
192.418
192.443
192.469
192.494
192.52
192.545
192.571
192.596
192.622
192.647
192.673
192.698
192.724
192.749
192.775
192.8
192.826
192.851
192.877
192.902
192.928
192.953
192.979
193.004
193.03
193.055
193.081
193.106
193.132
193.157
193.182
193.208
193.233
193.259
193.284
193.31
193.335
193.361
193.386
193.412
193.437
193.463
193.488
193.514
193.539
193.564
193.59
193.615
193.641
193.666
193.692
193.717
193.743
193.768
193.794
193.819
193.844
193.87
193.895
193.921
193.946
193.972
193.997
194.023
194.048
194.074
194.099
194.125
194.15
194.176
194.201
194.226
194.252
194.277
194.303
194.328
194.354
194.379
194.405
194.43
194.455
194.481
194.506
194.532
194.557
194.583
194.608
194.634
194.659
194.685
194.71
194.736
194.761
194.787
194.812
194.838
194.863
194.889
194.914
194.939
194.965
194.99
195.016
195.041
195.067
195.092
195.118
195.143
195.169
195.194
195.22
195.245
195.27
195.296
195.321
195.347
195.372
195.398
195.423
195.449
195.474
195.499
195.525
195.55
195.576
195.601
195.627
195.652
195.678
195.703
195.728
195.754
195.779
195.805
195.83
195.856
195.881
195.907
195.932
195.957
195.983
196.008
196.034
196.059
196.085
196.11
196.135
196.161
196.186
196.212
196.237
196.263
196.288
196.314
196.339
196.364
196.39
196.415
196.441
196.466
196.492
196.517
196.542
196.568
196.593
196.619
196.644
196.67
196.695
196.72
196.746
196.771
196.797
196.822
196.848
196.873
196.899
196.924
196.949
196.975
197
197.026
197.051
197.077
197.102
197.127
197.153
197.178
197.204
197.229
197.255
197.28
197.305
197.331
197.356
197.382
197.407
197.433
197.458
197.483
197.509
197.534
197.56
197.585
197.611
197.636
197.662
197.687
197.712
197.738
197.763
197.789
197.814
197.84
197.865
197.89
197.916
197.941
197.967
197.992
198.018
198.043
198.068
198.103
198.128
198.154
198.179
198.205
198.23
198.256
198.281
198.306
198.332
198.357
198.383
198.408
198.434
198.459
198.485
198.51
198.536
198.561
198.586
198.612
198.637
198.663
198.688
198.714
198.739
198.764
198.79
198.816
198.841
198.867
198.892
198.918
198.943
198.968
198.994
199.019
199.045
199.07
199.096
199.121
199.147
199.172
199.198
199.223
199.249
199.274
199.3
199.325
199.351
199.376
199.401
199.427
199.452
199.478
199.503
199.529
199.554
199.58
199.605
199.631
199.656
199.682
199.707
199.733
199.758
199.784
199.809
199.835
199.86
199.885
199.911
199.936
199.962
199.987
200.013
200.038
200.064
200.089
200.115
200.14
200.165
200.191
200.216
200.242
200.267
200.293
200.318
200.344
200.369
200.395
200.42
200.446
200.471
200.497
200.522
200.548
200.573
200.599
200.624
200.65
200.675
200.701
200.726
200.751
200.777
200.802
200.828
200.853
200.879
200.904
200.93
200.955
200.981
201.006
201.032
201.057
201.082
201.108
201.133
201.159
201.184
201.21
201.235
201.261
201.286
201.312
201.337
201.363
201.388
201.413
201.439
201.464
201.49
201.515
201.541
201.566
201.592
201.617
201.643
201.668
201.694
201.719
201.745
201.77
201.796
201.821
201.847
201.872
201.898
201.923
201.948
201.974
201.999
202.025
202.05
202.076
202.101
202.127
202.152
202.178
202.203
202.228
202.254
202.279
202.305
202.33
202.356
202.381
202.407
202.432
202.457
202.483
202.508
202.534
202.559
202.585
202.61
202.636
202.661
202.687
202.712
202.737
202.763
202.788
202.814
202.839
202.865
202.89
202.916
202.941
202.966
202.992
203.017
203.043
203.068
203.094
203.119
203.145
203.17
203.195
203.221
203.246
203.272
203.297
203.323
203.348
203.373
203.399
203.424
203.45
203.475
203.501
203.526
203.552
203.577
203.602
203.628
203.653
203.679
203.704
203.729
203.755
203.78
203.806
203.831
203.856
203.882
203.907
203.933
203.958
203.983
204.009
204.034
204.06
204.085
204.11
204.136
204.161
204.187
204.212
204.237
204.263
204.288
204.314
204.339
204.364
204.39
204.415
204.44
204.466
204.491
204.517
204.542
204.567
204.593
204.618
204.643
204.669
204.694
204.719
204.745
204.77
204.796
204.821
204.846
204.872
204.897
204.922
204.948
204.973
204.998
205.024
205.049
205.074
205.1
205.125
205.151
205.176
205.201
205.227
205.252
205.277
205.303
205.328
205.353
205.379
205.404
205.43
205.455
205.48
205.506
205.531
205.556
205.582
205.607
205.632
205.658
205.683
205.708
205.734
205.759
205.784
205.81
205.835
205.86
205.886
205.911
205.936
205.961
205.987
206.012
206.037
206.062
206.088
206.113
206.138
206.163
206.189
206.214
206.239
206.264
206.29
206.315
206.34
206.365
206.391
206.416
206.441
206.467
206.492
206.517
206.542
206.568
206.593
206.618
206.643
206.669
206.694
206.719
206.745
206.77
206.795
206.82
206.846
206.871
206.896
206.921
206.947
206.972
206.997
207.022
207.048
207.073
207.098
207.123
207.149
207.174
207.199
207.224
207.25
207.275
207.3
207.325
207.351
207.376
207.401
207.426
207.451
207.477
207.502
207.527
207.552
207.578
207.603
207.628
207.653
207.678
207.704
207.729
207.754
207.779
207.805
207.83
207.855
207.88
207.905
207.931
207.956
207.981
208.006
208.032
208.057
208.082
208.107
208.132
208.158
208.183
208.208
208.233
208.258
208.284
208.309
208.334
208.359
208.385
208.41
208.435
208.46
208.485
208.511
208.536
208.561
208.586
208.612
208.637
208.662
208.687
208.713
208.738
208.763
208.788
208.813
208.839
208.864
208.889
208.914
208.94
208.965
208.99
209.015
209.04
209.066
209.091
209.116
209.141
209.167
209.192
209.217
209.242
209.267
209.293
209.318
209.343
209.368
209.393
209.419
209.444
209.469
209.494
209.52
209.545
209.57
209.595
209.62
209.646
209.671
209.696
209.721
209.747
209.772
209.797
209.822
209.848
209.873
209.898
209.923
209.949
209.974
209.999
210.024
210.05
210.075
210.1
210.125
210.151
210.176
210.201
210.226
210.251
210.277
210.302
210.327
210.352
210.378
210.403
210.428
210.453
210.478
210.504
210.529
210.554
210.579
210.604
210.63
210.655
210.68
210.705
210.731
210.756
210.781
210.806
210.832
210.857
210.882
210.907
210.932
210.958
210.983
211.008
211.033
211.059
211.084
211.109
211.134
211.159
211.185
211.21
211.235
211.26
211.286
211.311
211.336
211.361
