0.025624
0.0510881
0.0764101
0.101721
0.127032
0.152345
0.177688
0.203029
0.228347
0.253669
0.27898
0.304274
0.329569
0.354876
0.380241
0.405621
0.430975
0.456327
0.481719
0.507161
0.53251
0.557845
0.583185
0.608524
0.633865
0.659205
0.684532
0.709854
0.735184
0.76052
0.785861
0.811204
0.836579
0.861917
0.887255
0.912589
0.93792
0.963241
0.988563
1.01389
1.03925
1.06461
1.08999
1.11537
1.14074
1.16609
1.19145
1.2168
1.24213
1.26746
1.29282
1.31821
1.34358
1.36891
1.39425
1.4196
1.44495
1.47031
1.49566
1.52099
1.54641
1.57182
1.59725
1.62259
1.64795
1.67328
1.69862
1.72395
1.74931
1.77466
1.80009
1.8255
1.85087
1.87622
1.90158
1.92693
1.95227
1.97768
2.0031
2.02849
2.05384
2.07919
2.10455
2.12996
2.15537
2.18076
2.20612
2.23147
2.25683
2.28219
2.30755
2.33289
2.35823
2.38358
2.40895
2.4343
2.45965
2.485
2.51034
2.53573
2.56108
2.58644
2.61179
2.63715
2.66252
2.68787
2.71328
2.73869
2.76405
2.7895
2.81487
2.84019
2.86557
2.89095
2.91628
2.94162
2.96699
2.99232
3.01764
3.04309
3.06846
3.09383
3.11916
3.14449
3.16982
3.19517
3.22051
3.24585
3.27126
3.29665
3.322
3.34742
3.37282
3.39817
3.42351
3.44885
3.4742
3.49953
3.52487
3.55021
3.57558
3.60094
3.62629
3.65166
3.677
3.70233
3.72767
3.75302
3.77836
3.80371
3.82905
3.85441
3.87977
3.90512
3.93047
3.95585
3.98121
4.00655
4.03191
4.05726
4.08259
4.10794
4.13327
4.15861
4.18394
4.20927
4.23461
4.25998
4.28537
4.3107
4.33605
4.3614
4.38675
4.41209
4.43744
4.46281
4.48817
4.51353
4.53888
4.56423
4.58958
4.61493
4.64028
4.66562
4.69099
4.71634
4.74168
4.76704
4.7924
4.81775
4.84311
4.86845
4.8938
4.91914
4.94448
4.96982
4.99516
5.02055
5.04594
5.07128
5.09662
5.12196
5.14731
5.17263
5.19796
5.2233
5.24863
5.27399
5.29934
5.32467
5.35002
5.37538
5.40074
5.4261
5.45142
5.47674
5.50214
5.52755
5.55295
5.5783
5.60366
5.62902
5.65442
5.67989
5.70523
5.73057
5.75593
5.78131
5.80665
5.832
5.85735
5.8827
5.90805
5.93339
5.95875
5.9841
6.00944
6.03485
6.0603
6.08566
6.11107
6.13647
6.16182
6.18715
6.21246
6.23782
6.26319
6.28857
6.31402
6.33942
6.36481
6.39017
6.41557
6.44097
6.46633
6.49168
6.51705
6.54241
6.56777
6.59312
6.61847
6.64381
6.66917
6.69451
6.71987
6.74522
6.77057
6.7959
6.82124
6.84661
6.87207
6.89744
6.92278
6.94812
6.97346
6.99881
7.02415
7.0495
7.07486
7.10021
7.12556
7.15091
7.17628
7.2016
7.22696
7.2523
7.27765
7.30298
7.32832
7.35366
7.37899
7.40431
7.42965
7.45498
7.48031
7.50569
7.53104
7.55639
7.58172
7.6071
7.63244
7.65779
7.68314
7.70848
7.73382
7.75917
7.78452
7.80986
7.83521
7.86055
7.88589
7.91123
7.93658
7.96192
7.98726
8.01266
8.03811
8.06346
8.08883
8.11418
8.13952
8.16486
8.1902
8.21556
8.24095
8.26627
8.2916
8.31695
8.34228
8.36763
8.39301
8.41835
8.4437
8.46904
8.49443
8.51978
8.54512
8.57046
8.59581
8.62115
8.64649
8.67183
8.69717
8.72257
8.74797
8.77332
8.79868
8.82403
8.84937
8.87472
8.90008
8.92543
8.95078
8.97612
9.00147
9.02682
9.05216
9.0775
9.10287
9.12821
9.15357
9.17891
9.20425
9.2296
9.25494
9.28034
9.30582
9.33119
9.35656
9.38192
9.40727
9.43262
9.45801
9.48339
9.50874
9.53407
9.55941
9.58475
9.61008
9.63544
9.66077
9.68612
9.71145
9.73682
9.76217
9.7875
9.81283
9.83818
9.86353
9.88889
9.91423
9.93959
9.96496
9.99034
10.0157
10.041
10.0664
10.0917
10.1171
10.1424
10.1678
10.1931
10.2184
10.2438
10.2691
10.2945
10.3198
10.3452
10.3706
10.3959
10.4213
10.4466
10.472
10.4973
10.5227
10.5481
10.5734
10.5988
10.6241
10.6495
10.6748
10.7002
10.7255
10.7509
10.7762
10.8015
10.8269
10.8522
10.8775
10.9029
10.9282
10.9535
10.9789
11.0042
11.0296
11.0549
11.0803
11.1056
11.1309
11.1563
11.1817
11.2071
11.2325
11.2578
11.2831
11.3085
11.3338
11.3592
11.3845
11.4099
11.4352
11.4606
11.4859
11.5113
11.5366
11.5619
11.5873
11.6126
11.6381
11.6634
11.6888
11.7142
11.7395
11.7648
11.7902
11.8155
11.8408
11.8662
11.8915
11.9168
11.9422
11.9675
11.9928
12.0182
12.0436
12.069
12.0943
12.1197
12.1451
12.1704
12.1958
12.2212
12.2466
12.272
12.2973
12.3227
12.348
12.3734
12.3987
12.4241
12.4494
12.4748
12.5001
12.5255
12.5508
12.5762
12.6015
12.6269
12.6523
12.6777
12.7031
12.7285
12.7539
12.7792
12.8045
12.8299
12.8552
12.8805
12.9059
12.9312
12.9566
12.982
13.0074
13.0328
13.0581
13.0835
13.1088
13.1341
13.1595
13.1849
13.2103
13.2357
13.261
13.2864
13.3117
13.3371
13.3625
13.3879
13.4132
13.4385
13.4639
13.4893
13.5147
13.54
13.5654
13.5907
13.6161
13.6414
13.6668
13.6921
13.7175
13.7429
13.7683
13.7936
13.819
13.8444
13.8697
13.8951
13.9205
13.9459
13.9713
13.9967
14.0221
14.0475
14.0728
14.0981
14.1235
14.1488
14.1742
14.1995
14.2249
14.2503
14.2756
14.301
14.3263
14.3516
14.377
14.4024
14.4277
14.453
14.4785
14.5038
14.5292
14.5545
14.5799
14.6052
14.6305
14.6559
14.6812
14.7065
14.7319
14.7572
14.7825
14.8079
14.8332
14.8585
14.8839
14.9092
14.9346
14.9599
14.9853
15.0106
15.0359
15.0613
15.0866
15.1119
15.1373
15.1626
15.188
15.2133
15.2386
15.264
15.2893
15.3147
15.34
15.3654
15.3907
15.4161
15.4414
15.4668
15.4921
15.5174
15.5428
15.5681
15.5935
15.6188
15.6442
15.6695
15.6948
15.7202
15.7455
15.7709
15.7963
15.8216
15.847
15.8723
15.8976
15.923
15.9483
15.9736
15.999
16.0243
16.0497
16.075
16.1003
16.1257
16.151
16.1764
16.2018
16.2272
16.2526
16.2779
16.3032
16.3286
16.3539
16.3793
16.4046
16.43
16.4554
16.4808
16.5061
16.5315
16.5568
16.5822
16.6075
16.6329
16.6582
16.6836
16.709
16.7344
16.7597
16.7851
16.8104
16.8358
16.8611
16.8865
16.9118
16.9372
16.9625
16.9879
17.0133
17.0386
17.064
17.0893
17.1147
17.14
17.1654
17.1907
17.2161
17.2415
17.2669
17.2922
17.3175
17.3429
17.3682
17.3936
17.4189
17.4443
17.4697
17.495
17.5203
17.5457
17.571
17.5964
17.6217
17.6471
17.6725
17.6978
17.7232
17.7485
17.7739
17.7992
17.8246
17.8499
17.8752
17.9006
17.9259
17.9513
17.9766
18.002
18.0273
18.0527
18.078
18.1033
18.1287
18.154
18.1793
18.2046
18.23
18.2553
18.2807
18.306
18.3313
18.3567
18.382
18.4074
18.4327
18.4581
18.4834
18.5088
18.5341
18.5594
18.5848
18.6101
18.6355
18.6608
18.6862
18.7115
18.7369
18.7622
18.7876
18.8129
18.8383
18.8637
18.889
18.9144
18.9397
18.965
18.9904
19.0157
19.0411
19.0664
19.0918
19.1171
19.1425
19.1678
19.1932
19.2185
19.2439
19.2692
19.2945
19.3199
19.3452
19.3705
19.3959
19.4212
19.4466
19.4719
19.4973
19.5226
19.548
19.5734
19.5988
19.6242
19.6495
19.6749
19.7002
19.7257
19.7511
19.7765
19.8018
19.8272
19.8525
19.8779
19.9032
19.9286
19.9539
19.9793
20.0046
20.03
20.0553
20.0806
20.106
20.1313
20.1567
20.182
20.2074
20.2327
20.258
20.2834
20.3087
20.334
20.3594
20.3847
20.41
20.4354
20.4607
20.4861
20.5114
20.5368
20.5621
20.5874
20.6128
20.6381
20.6635
20.6888
20.7142
20.7395
20.7649
20.7902
20.8156
20.841
20.8663
20.8917
20.917
20.9424
20.9677
20.9931
21.0184
21.0438
21.0691
21.0945
21.1198
21.1452
21.1705
21.1959
21.2212
21.2465
21.2719
21.2972
21.3226
21.3479
21.3733
21.3986
21.4239
21.4493
21.4746
21.5
21.5253
21.5506
21.576
21.6013
21.6267
21.652
21.6774
21.7027
21.728
21.7534
21.7787
21.804
21.8293
21.8547
21.88
21.9053
21.9307
21.956
21.9813
22.0067
22.032
22.0574
22.0827
22.108
22.1334
22.1587
22.184
22.2094
22.2347
22.2601
22.2854
22.3107
22.3361
22.3614
22.3867
22.4121
22.4374
22.4628
22.4881
22.5134
22.5388
22.5641
22.5895
22.6148
22.6402
22.6655
22.6909
22.7162
22.7416
22.7669
22.7923
22.8176
22.8429
22.8683
22.8936
22.9189
22.9443
22.9696
22.995
23.0203
23.0457
23.071
23.0964
23.1217
23.1471
23.1724
23.1977
23.2231
23.2484
23.2738
23.2991
23.3244
23.3498
23.3751
23.4005
23.4258
23.4512
23.4765
23.5019
23.5272
23.5526
23.5779
23.6033
23.6286
23.654
23.6793
23.7047
23.73
23.7554
23.7807
23.8061
23.8314
23.8567
23.8821
23.9074
23.9328
23.9581
23.9834
24.0089
24.0343
24.0596
24.085
24.1103
24.1357
24.161
24.1864
24.2117
24.2371
24.2624
24.2878
24.3131
24.3385
24.3638
24.3892
24.4145
24.4399
24.4652
24.4905
24.5158
24.5412
24.5665
24.5918
24.6172
24.6425
24.6678
24.6932
24.7185
24.7439
24.7692
24.7946
24.8199
24.8453
24.8706
24.8959
24.9213
24.9466
24.972
24.9973
25.0227
25.048
25.0734
25.0987
25.1241
25.1494
25.1748
25.2001
25.2255
25.2508
25.2761
25.3015
25.3268
25.3522
25.3775
25.4029
25.4282
25.4536
25.4789
25.5042
25.5296
25.5549
25.5803
25.6056
25.6309
25.6563
25.6816
25.707
25.7323
25.7577
25.783
25.8084
25.8337
25.859
25.8844
25.9097
25.9358
25.9611
25.9865
26.0118
26.0372
26.0625
26.0879
26.1132
26.1385
26.1638
26.1892
26.2146
26.24
26.2654
26.2907
26.3162
26.3416
26.367
26.3923
26.4176
26.443
26.4684
26.4937
26.519
26.5444
26.5697
26.5951
26.6204
26.6458
26.6711
26.6964
26.7218
26.7471
26.7724
26.7978
26.8231
26.8484
26.8738
26.8991
26.9244
26.9498
26.9752
27.0005
27.0259
27.0512
27.0765
27.1019
27.1272
27.1526
27.178
27.2034
27.2288
27.2542
27.2795
27.3049
27.3302
27.3556
27.3809
27.4062
27.4316
27.4569
27.4823
27.5076
27.533
27.5583
27.5837
27.609
27.6344
27.6597
27.6851
27.7104
27.7358
27.7612
27.7865
27.8119
27.8372
27.8625
27.8879
27.9132
27.9386
27.9639
27.9893
28.0146
28.04
28.0653
28.0907
28.116
28.1414
28.1667
28.1921
28.2174
28.2428
28.2681
28.2935
28.3189
28.3442
28.3696
28.395
28.4203
28.4457
28.471
28.4964
28.5218
28.5472
28.5726
28.5979
28.6233
28.6486
28.674
28.6994
28.7247
28.7501
28.7754
28.8008
28.8261
28.8515
28.8768
28.9021
28.9274
28.9528
28.9781
29.0034
29.0289
29.0542
29.0796
29.1049
29.1302
29.1556
29.1809
29.2063
29.2316
29.257
29.2823
29.3077
29.333
29.3584
29.3838
29.4091
29.4345
29.4598
29.4851
29.5105
29.5358
29.5612
29.5865
29.6118
29.6372
29.6625
29.6879
29.7132
29.7386
29.7639
29.7892
29.8146
29.84
29.8654
29.8907
29.9161
29.9414
29.9667
29.992
30.0174
30.0427
30.068
30.0934
30.1187
30.1441
30.1694
30.1947
30.2201
30.2454
30.2708
30.2961
30.3215
30.3468
30.3722
30.3976
30.423
30.4483
30.4736
30.499
30.5243
30.5496
30.575
30.6003
30.6257
30.651
30.6764
30.7017
30.7271
30.7524
30.7778
30.8031
30.8285
30.8538
30.8792
30.9046
30.93
30.9554
30.9807
31.0061
31.0314
31.0567
31.082
31.1074
31.1327
31.1581
31.1834
31.2088
31.2341
31.2595
31.2848
31.3101
31.3355
31.3608
31.3862
31.4115
31.4369
31.4622
31.4876
31.5129
31.5383
31.5636
31.589
31.6143
31.6397
31.665
31.6904
31.7157
31.7411
31.7664
31.7917
31.817
31.8424
31.8677
31.893
31.9184
31.9438
31.9691
31.9945
32.0198
32.0452
32.0705
32.0959
32.1212
32.1466
32.1719
32.1973
32.2226
32.248
32.2733
32.2987
32.324
32.3493
32.3747
32.4
32.4253
32.4507
32.476
32.5014
32.5267
32.552
32.5774
32.6027
32.6281
32.6534
32.6788
32.7041
32.7294
32.7548
32.7801
32.8055
32.8308
32.8562
32.8815
32.9069
32.9322
32.9576
32.9829
33.0083
33.0336
33.059
33.0843
33.1097
33.135
33.1603
33.1857
33.211
33.2364
33.2617
33.287
33.3124
33.3377
33.3631
33.3884
33.4138
33.4391
33.4645
33.4898
33.5152
33.5405
33.5658
33.5912
33.6165
33.6419
33.6673
33.6926
33.7179
33.7433
33.7687
33.794
33.8193
33.8447
33.87
33.8954
33.9207
33.9461
33.9714
33.9968
34.0221
34.0475
34.0728
34.0982
34.1236
34.1489
34.1743
34.1997
34.225
34.2504
34.2757
34.3011
34.3266
34.352
34.3774
34.4028
34.4282
34.4536
34.479
34.5044
34.5297
34.555
34.5804
34.6057
34.6311
34.6564
34.6817
34.7071
34.7324
34.7578
34.7832
34.8085
34.8339
34.8592
34.8845
34.9099
34.9353
34.9606
34.986
35.0113
35.0367
35.062
35.0874
35.1127
35.1381
35.1634
35.1888
35.2141
35.2395
35.2648
35.2902
35.3155
35.3408
35.3662
35.3915
35.4168
35.4422
35.4675
35.4928
35.5182
35.5435
35.5689
35.5942
35.6196
35.6449
35.6703
35.6956
35.721
35.7463
35.7717
35.797
35.8224
35.8477
35.8731
35.8984
35.9238
35.9491
35.9745
35.9998
36.0252
36.0505
36.0759
36.1012
36.1265
36.1519
36.1772
36.2026
36.2279
36.2532
36.2786
36.3039
36.3293
36.3546
36.38
36.4053
36.4307
36.456
36.4814
36.5067
36.532
36.5574
36.5827
36.6081
36.6334
36.6588
36.6841
36.7095
36.7348
36.7602
36.7855
36.8108
36.8362
36.8616
36.8869
36.9123
36.9376
36.963
36.9883
37.0136
37.039
37.0643
37.0897
37.115
37.1404
37.1657
37.191
37.2164
37.2417
37.2671
37.2924
37.3178
37.3431
37.3684
37.3938
37.4191
37.4445
37.4698
37.4952
37.5205
37.5458
37.5712
37.5965
37.6218
37.6472
37.6725
37.6979
37.7232
37.7486
37.7739
37.7993
37.8247
37.85
37.8753
37.9007
37.926
37.9514
37.9767
38.0021
38.0274
38.0528
38.0781
38.1034
38.1288
38.1541
38.1794
38.2048
38.2301
38.2554
38.2808
38.3061
38.3315
38.3569
38.3822
38.4076
38.4329
38.4583
38.4836
38.509
38.5343
38.5597
38.585
38.6103
38.6357
38.661
38.6864
38.7117
38.7371
38.7625
38.7878
38.8132
38.8385
38.8639
38.8892
38.9145
38.9399
38.9652
38.9906
39.0159
39.0413
39.0666
39.092
39.1173
39.1427
39.1681
39.1936
39.2189
39.2443
39.2696
39.2949
39.3203
39.3456
39.371
39.3963
39.4217
39.447
39.4724
39.4978
39.5232
39.5485
39.5739
39.5992
39.6246
39.6499
39.6752
39.7006
39.7259
39.7513
39.7766
39.8019
39.8273
39.8526
39.878
39.9033
39.9287
39.954
39.9794
40.0048
40.0301
40.0554
40.0808
40.1061
40.1315
40.1568
40.1821
40.2075
40.2328
40.2582
40.2835
40.3089
40.3342
40.3595
40.3849
40.4102
40.4356
40.4609
40.4863
40.5117
40.537
40.5623
40.5877
40.613
40.6384
40.6637
40.6891
40.7144
40.7398
40.7651
40.7905
40.8158
40.8412
40.8665
40.8918
40.9172
40.9426
40.9679
40.9933
41.0186
41.0439
41.0693
41.0946
41.12
41.1453
41.1707
41.196
41.2213
41.2467
41.272
41.2974
41.3227
41.3481
41.3734
41.3987
41.4241
41.4494
41.4747
41.5001
41.5254
41.5508
41.5761
41.6014
41.6267
41.6521
41.6774
41.7027
41.7281
41.7534
41.7787
41.804
41.8294
41.8547
41.88
41.9054
41.9307
41.956
41.9814
42.0067
42.032
42.0574
42.0827
42.1081
42.1334
42.1588
42.1842
42.2096
42.2349
42.2603
42.2856
42.3109
42.3363
42.3616
42.387
42.4124
42.4377
42.463
42.4884
42.5138
42.5391
42.5645
42.5898
42.6151
42.6405
42.6658
42.6912
42.7165
42.7419
42.7672
42.7926
42.818
42.8433
42.8686
42.894
42.9193
42.9447
42.97
42.9954
43.0207
43.0461
43.0714
43.0968
43.1221
43.1474
43.1728
43.1981
43.2235
43.2488
43.2742
43.2995
43.3249
43.3502
43.3756
43.4009
43.4263
43.4516
43.477
43.5023
43.5277
43.553
43.5783
43.6037
43.629
43.6544
43.6798
43.7051
43.7305
43.7558
43.7812
43.8065
43.8318
43.8572
43.8825
43.9079
43.9332
43.9585
43.9839
44.0092
44.0345
44.0598
44.0852
44.1105
44.1359
44.1612
44.1865
44.2119
44.2372
44.2625
44.2879
44.3132
44.3385
44.3639
44.3892
44.4145
44.4399
44.4652
44.4906
44.5159
44.5413
44.5666
44.592
44.6173
44.6427
44.668
44.6933
44.7187
44.744
44.7694
44.7947
44.8201
44.8454
44.8708
44.8961
44.9215
44.9468
44.9722
44.9975
45.0229
45.0482
45.0735
45.0989
45.1242
45.1496
45.1749
45.2003
45.2256
45.251
45.2763
45.3017
45.327
45.3524
45.3777
45.4031
45.4285
45.4538
45.4792
45.5045
45.5298
45.5552
45.5805
45.6059
45.6312
45.6566
45.6819
45.7073
45.7326
45.7579
45.7833
45.8086
45.834
45.8593
45.8847
45.91
45.9354
45.9607
45.986
46.0114
46.0367
46.0621
46.0874
46.1127
46.1381
46.1634
46.1887
46.2141
46.2394
46.2647
46.29
46.3154
46.3407
46.3661
46.3914
46.4167
46.4421
46.4674
46.4928
46.5181
46.5435
46.5688
46.5941
46.6195
46.6448
46.6702
46.6955
46.7209
46.7462
46.7716
46.7969
46.8222
46.8476
46.8729
46.8983
46.9237
46.949
46.9744
46.9997
47.0251
47.0504
47.0758
47.1011
47.1264
47.1518
47.1771
47.2025
47.2278
47.2532
47.2785
47.3039
47.3292
47.3546
47.3799
47.4053
47.4306
47.4559
47.4813
47.5066
47.532
47.5573
47.5827
47.608
47.6333
47.6587
47.684
47.7094
47.7348
47.7601
47.7855
47.8108
47.8362
47.8615
47.8869
47.9122
47.9376
47.9629
47.9883
48.0136
48.039
48.0643
48.0897
48.115
48.1403
48.1657
48.191
48.2163
48.2417
48.2671
48.2925
48.3178
48.3431
48.3685
48.3938
48.4191
48.4445
48.4698
48.4952
48.5205
48.5459
48.5712
48.5966
48.6219
48.6473
48.6726
48.698
48.7233
48.7487
48.7741
48.7995
48.8248
48.8502
48.8756
48.9009
48.9263
48.9519
48.9772
49.0026
49.0279
49.0533
49.0786
49.104
49.1293
49.1547
49.18
49.2054
49.2307
49.2561
49.2814
49.3068
49.3321
49.3575
49.3828
49.4081
49.4335
49.4588
49.4842
49.5095
49.5349
49.5602
49.5856
49.6109
49.6362
49.6616
49.6869
49.7122
49.7375
49.7629
49.7882
49.8136
49.8389
49.8642
49.8895
49.9149
49.9402
49.9655
49.9908
50.0161
50.0415
50.0668
50.0921
50.1175
50.1428
50.1682
50.1935
50.2188
50.2442
50.2695
50.2948
50.3202
50.3455
50.3709
50.3962
50.4216
50.4469
50.4722
50.4976
50.5229
50.5482
50.5736
50.5989
50.6242
50.6496
50.675
50.7004
50.7258
50.7512
50.7766
50.8019
50.8273
50.8527
50.878
50.9033
50.9287
50.954
50.9794
51.0048
51.0301
51.0555
51.0808
51.1061
51.1315
51.1568
51.1822
51.2075
51.2329
51.2582
51.2836
51.3089
51.3343
51.3596
51.385
51.4103
51.4357
51.461
51.4864
51.5117
51.5371
51.5624
51.5878
51.6131
51.6385
51.6638
51.6892
51.7145
51.7398
51.7652
51.7905
51.8158
51.8412
51.8665
51.8918
51.9172
51.9425
51.9678
51.9932
52.0185
52.0438
52.0692
52.0945
52.1199
52.1452
52.1705
52.1959
52.2212
52.2465
52.2719
52.2972
52.3225
52.3479
52.3732
52.3986
52.4239
52.4493
52.4746
52.5
52.5253
52.5507
52.5761
52.6014
52.6268
52.6521
52.6774
52.7028
52.7281
52.7535
52.7788
52.8042
52.8295
52.8548
52.8802
52.9055
52.9308
52.9562
52.9815
53.0068
53.0322
53.0575
53.0829
53.1082
53.1336
53.1589
53.1843
53.2097
53.2351
53.2604
53.2858
53.3111
53.3365
53.3619
53.3872
53.4126
53.4379
53.4632
53.4886
53.5139
53.5393
53.5646
53.59
53.6153
53.6407
53.666
53.6913
53.7167
53.742
53.7674
53.7927
53.818
53.8434
53.8687
53.8941
53.9194
53.9447
53.9701
53.9955
54.0208
54.0462
54.0715
54.0969
54.1222
54.1476
54.1729
54.1983
54.2236
54.249
54.2743
54.2997
54.325
54.3504
54.3757
54.4011
54.4264
54.4518
54.4771
54.5025
54.5278
54.5532
54.5785
54.6038
54.6292
54.6545
54.6799
54.7052
54.7305
54.7558
54.7812
54.8065
54.8318
54.8572
54.8825
54.9079
54.9332
54.9585
54.9839
55.0092
55.0346
55.0599
55.0853
55.1106
55.136
55.1613
55.1866
55.212
55.2374
55.2627
55.2881
55.3134
55.3387
55.3641
55.3895
55.4149
55.4402
55.4655
55.4909
55.5162
55.5415
55.5669
55.5922
55.6176
55.6429
55.6683
55.6936
55.719
55.7443
55.7697
55.7952
55.8205
55.8458
55.8712
55.8965
55.9219
55.9473
55.9726
55.998
56.0233
56.0487
56.0741
56.0995
56.1248
56.1502
56.1755
56.2009
56.2262
56.2515
56.2769
56.3022
56.3276
56.353
56.3783
56.4037
56.4291
56.4544
56.4798
56.5051
56.5305
56.5558
56.5812
56.6065
56.6318
56.6572
56.6825
56.7079
56.7332
56.7585
56.7839
56.8092
56.8345
56.8598
56.8852
56.9105
56.9358
56.9612
56.9865
57.0119
57.0372
57.0625
57.0879
57.1132
57.1385
57.1639
57.1894
57.2147
57.2401
57.2654
57.2908
57.3161
57.3415
57.3668
57.3922
57.4175
57.4429
57.4682
57.4936
57.5189
57.5442
57.5696
57.595
57.6203
57.6457
57.671
57.6964
57.7217
57.7471
57.7724
57.7977
57.8231
57.8484
57.8738
57.8991
57.9245
57.9498
57.9752
58.0006
58.026
58.0514
58.0767
58.1021
58.1274
58.1527
58.1781
58.2034
58.2287
58.2541
58.2794
58.3048
58.3301
58.3555
58.3808
58.4061
58.4315
58.4568
58.4822
58.5075
58.5329
58.5582
58.5836
58.6089
58.6343
58.6596
58.685
58.7103
58.7357
58.761
58.7863
58.8117
58.837
58.8624
58.8877
58.9131
58.9384
58.9637
58.9891
59.0144
59.0398
59.0651
59.0904
59.1158
59.1411
59.1664
59.1918
59.2171
59.2425
59.2678
59.2931
59.3185
59.3438
59.3692
59.3945
59.4199
59.4452
59.4706
59.4959
59.5213
59.5466
59.572
59.5973
59.6226
59.648
59.6733
59.6987
59.724
59.7494
59.7747
59.8001
59.8254
59.8508
59.8761
59.9015
59.9268
59.9521
59.9775
60.0029
60.0282
60.0536
60.0789
60.1042
60.1296
60.1549
60.1802
60.2056
60.2309
60.2562
60.2816
60.3069
60.3323
60.3576
60.383
60.4083
60.4337
60.459
60.4844
60.5097
60.5351
60.5604
60.5857
60.6111
60.6364
60.6618
60.6871
60.7125
60.7378
60.7631
60.7885
60.8138
60.8391
60.8645
60.8899
60.9153
60.9406
60.966
60.9913
61.0167
61.042
61.0674
61.0927
61.1181
61.1434
61.1687
61.1941
61.2194
61.2448
61.2701
61.2954
61.3208
61.3461
61.3715
61.3968
61.4221
61.4475
61.4728
61.4982
61.5235
61.5489
61.5742
61.5996
61.6249
61.6503
61.6756
61.7009
61.7263
61.7516
61.777
61.8023
61.8277
61.853
61.8783
61.9037
61.929
61.9543
61.9797
62.005
62.0304
62.0557
62.0811
62.1064
62.1318
62.1571
62.1824
62.2078
62.2331
62.2585
62.2838
62.3092
62.3345
62.3598
62.3852
62.4105
62.4359
62.4612
62.4865
62.5119
62.5372
62.5625
62.5879
62.6132
62.6385
62.6639
62.6892
62.7146
62.7399
62.7653
62.7906
62.8159
62.8413
62.8666
62.892
62.9173
62.9427
62.968
62.9934
63.0187
63.0441
63.0694
63.0948
63.1201
63.1455
63.1708
63.1961
63.2215
63.2468
63.2722
63.2975
63.3228
63.3482
63.3735
63.3988
63.4242
63.4495
63.4748
63.5002
63.5255
63.5509
63.5762
63.6016
63.6269
63.6522
63.6776
63.7029
63.7283
63.7536
63.779
63.8043
63.8297
63.855
63.8804
63.9057
63.9311
63.9583
63.9836
64.009
64.0343
64.0597
64.085
64.1104
64.1357
64.1611
64.1864
64.2117
64.2371
64.2624
64.2878
64.3131
64.3385
64.3638
64.3892
64.4145
64.4399
64.4652
64.4905
64.5159
64.5412
64.5665
64.5919
64.6172
64.6425
64.6679
64.6932
64.7185
64.7439
64.7692
64.7945
64.8199
64.8453
64.8706
64.896
64.9213
64.9467
64.972
64.9974
65.0227
65.0481
65.0734
65.0987
65.1241
65.1494
65.1748
65.2001
65.2255
65.2508
65.2761
65.3015
65.3268
65.3522
65.3775
65.4029
65.4282
65.4536
65.4789
65.5042
65.5296
65.5549
65.5802
65.6056
65.6309
65.6562
65.6816
65.707
65.7323
65.7577
65.7831
65.8084
65.8338
65.8591
65.8845
65.9098
65.9352
65.9605
65.9859
66.0112
66.0365
66.0619
66.0872
66.1126
66.1379
66.1632
66.1885
66.2139
66.2393
66.2647
66.2901
66.3154
66.3408
66.3661
66.3915
66.4168
66.4422
66.4675
66.4929
66.5182
66.5436
66.5689
66.5943
66.6196
66.645
66.6703
66.6957
66.721
66.7464
66.7717
66.7971
66.8224
66.8477
66.8731
66.8984
66.9238
66.9491
66.9745
66.9998
67.0252
67.0505
67.0759
67.1012
67.1265
67.1519
67.1772
67.2025
67.2279
67.2532
67.2785
67.3038
67.3292
67.3545
67.3799
67.4052
67.4306
67.4559
67.4813
67.5066
67.532
67.5573
67.5827
67.608
67.6334
67.6587
67.684
67.7094
67.7347
67.76
67.7854
67.8107
67.8361
67.8614
67.8868
67.9122
67.9376
67.9629
67.9883
68.0136
68.039
68.0643
68.0897
68.115
68.1403
68.1657
68.1911
68.2164
68.2417
68.2671
68.2924
68.3178
68.3431
68.3685
68.3938
68.4192
68.4445
68.4699
68.4953
68.5206
68.5459
68.5713
68.5966
68.622
68.6473
68.6727
68.698
68.7234
68.7487
68.774
68.7994
68.8247
68.8501
68.8754
68.9008
68.9261
68.9515
68.9769
69.0023
69.0276
69.053
69.0783
69.1037
69.129
69.1544
69.1798
69.2052
69.2306
69.2559
69.2813
69.3067
69.332
69.3574
69.3827
69.4081
69.4335
69.4589
69.4842
69.5096
69.5349
69.5603
69.5856
69.611
69.6363
69.6617
69.687
69.7123
69.7377
69.763
69.7883
69.8137
69.839
69.8644
69.8897
69.915
69.9403
69.9657
69.991
70.0163
70.0417
70.067
70.0923
70.1177
70.143
70.1683
70.1936
70.219
70.2444
70.2697
70.2951
70.3204
70.3457
70.3712
70.3966
70.422
70.4473
70.4726
70.498
70.5234
70.5487
70.5741
70.5994
70.6249
70.6503
70.6756
70.701
70.7264
70.7518
70.7772
70.8025
70.8279
70.8532
70.8785
70.9039
70.9292
70.9546
70.9799
71.0053
71.0307
71.056
71.0814
71.1067
71.132
71.1574
71.1827
71.2081
71.2334
71.2588
71.2841
71.3095
71.3348
71.3602
71.3855
71.4109
71.4362
71.4616
71.4869
71.5123
71.5377
71.563
71.5884
71.6137
71.6391
71.6644
71.6897
71.7151
71.7404
71.7657
71.7911
71.8164
71.8418
71.8672
71.8926
71.9179
71.9433
71.9686
71.9939
72.0193
72.0447
72.07
72.0954
72.1207
72.1461
72.1714
72.1967
72.2221
72.2474
72.2728
72.2981
72.3235
72.3488
72.3742
72.3995
72.4248
72.4501
72.4755
72.5008
72.5261
72.5515
72.5769
72.6022
72.6276
72.653
72.6784
72.7037
72.7291
72.7544
72.7798
72.8051
72.8304
72.8558
72.8811
72.9065
72.9319
72.9573
72.9827
73.0081
73.0334
73.0588
73.0841
73.1095
73.1348
73.1602
73.1855
73.2109
73.2362
73.2616
73.2869
73.3122
73.3376
73.3629
73.3883
73.4137
73.4391
73.4644
73.4898
73.5151
73.5405
73.5658
73.5912
73.6165
73.6419
73.6672
73.6926
73.7179
73.7433
73.7686
73.7939
73.8193
73.8446
73.87
73.8953
73.9206
73.946
73.9714
73.9967
74.022
74.0474
74.0727
74.0981
74.1234
74.1487
74.1741
74.1994
74.2247
74.2501
74.2754
74.3008
74.3261
74.3515
74.3768
74.4022
74.4275
74.4529
74.4782
74.5036
74.5289
74.5543
74.5797
74.6051
74.6304
74.6558
74.6812
74.7066
74.732
74.7573
74.7827
74.808
74.8334
74.8587
74.8841
74.9094
74.9347
74.9601
74.9854
75.0108
75.0361
75.0615
75.0868
75.1122
75.1375
75.1628
75.1882
75.2136
75.2389
75.2643
75.2896
75.315
75.3403
75.3657
75.391
75.4164
75.4417
75.4671
75.4924
75.5177
75.5431
75.5685
75.5938
75.6192
75.6445
75.6699
75.6952
75.7205
75.7459
75.7712
75.7966
75.8219
75.8473
75.8727
75.898
75.9233
75.9487
75.974
75.9994
76.0247
76.0501
76.0754
76.1008
76.1261
76.1515
76.1768
76.2022
76.2275
76.2528
76.2781
76.3035
76.3288
76.3541
76.3795
76.4048
76.4302
76.4555
76.4809
76.5062
76.5316
76.5569
76.5823
76.6076
76.633
76.6583
76.6837
76.709
76.7344
76.76
76.7854
76.8107
76.8361
76.8614
76.8868
76.9121
76.9375
76.9628
76.9882
77.0135
77.0388
77.0642
77.0895
77.1149
77.1402
77.1655
77.1909
77.2162
77.2415
77.2668
77.2922
77.3175
77.3428
77.3682
77.3935
77.419
77.4443
77.4697
77.495
77.5204
77.5457
77.5711
77.5964
77.6218
77.6471
77.6725
77.6978
77.7232
77.7486
77.7739
77.7993
77.8246
77.8499
77.8753
77.9006
77.926
77.9513
77.9767
78.002
78.0274
78.0527
78.0781
78.1034
78.1288
78.1541
78.1794
78.2047
78.2301
78.2554
78.2808
78.3061
78.3314
78.3568
78.3821
78.4075
78.4328
78.4582
78.4835
78.5089
78.5342
78.5595
78.5849
78.6102
78.6356
78.6611
78.6864
78.7118
78.7371
78.7625
78.7878
78.8132
78.8386
78.864
78.8893
78.9146
78.94
78.9653
78.9906
79.0161
79.0414
79.0667
79.0921
79.1175
79.1428
79.1681
79.1935
79.2188
79.2442
79.2695
79.2949
79.3202
79.3456
79.3709
79.3963
79.4216
79.4469
79.4723
79.4976
79.523
79.5483
79.5736
79.599
79.6243
79.6497
79.675
79.7004
79.7258
79.7511
79.7765
79.8018
79.8272
79.8525
79.8779
79.9032
79.9286
79.9539
79.9793
80.0046
80.03
80.0553
80.0806
80.106
80.1314
80.1567
80.182
80.2074
80.2327
80.2581
80.2834
80.3087
80.3341
80.3594
80.3848
80.4101
80.4355
80.4608
80.4862
80.5115
80.5369
80.5622
80.5875
80.6128
80.6382
80.6635
80.6889
80.7142
80.7395
80.7649
80.7902
80.8156
80.841
80.8663
80.8917
80.917
80.9424
80.9677
80.9931
81.0185
81.0438
81.0692
81.0945
81.1198
81.1452
81.1705
81.1958
81.2212
81.2466
81.2719
81.2973
81.3226
81.348
81.3733
81.3986
81.424
81.4493
81.4747
81.5001
81.5255
81.5509
81.5762
81.6016
81.6269
81.6522
81.6776
81.7029
81.7283
81.7537
81.7791
81.8044
81.8297
81.8551
81.8804
81.9057
81.9311
81.9564
81.9818
82.0072
82.0326
82.058
82.0833
82.1086
82.134
82.1593
82.1846
82.21
82.2353
82.2606
82.286
82.3113
82.3367
82.362
82.3874
82.4127
82.4381
82.4634
82.4888
82.5141
82.5395
82.5648
82.5902
82.6155
82.6408
82.6662
82.6915
82.7168
82.7422
82.7675
82.7929
82.8182
82.8436
82.8689
82.8943
82.9196
82.945
82.9703
82.9957
83.021
83.0464
83.0718
83.0972
83.1225
83.1479
83.1732
83.1985
83.2239
83.2492
83.2746
83.3
83.3253
83.3507
83.3761
83.4014
83.4268
83.4521
83.4774
83.5028
83.5282
83.5535
83.5789
83.6042
83.6296
83.6549
83.6803
83.7056
83.731
83.7564
83.7818
83.8071
83.8325
83.8578
83.8832
83.9085
83.9339
83.9592
83.9846
84.0099
84.0352
84.0606
84.0859
84.1113
84.1366
84.1619
84.1873
84.2126
84.238
84.2633
84.2887
84.314
84.3394
84.3647
84.3901
84.4154
84.4408
84.4662
84.4915
84.5169
84.5422
84.5675
84.5929
84.6182
84.6436
84.6689
84.6943
84.7196
84.745
84.7703
84.7957
84.821
84.8464
84.8717
84.897
84.9224
84.9477
84.973
84.9984
85.0237
85.0491
85.0744
85.0998
85.1252
85.1505
85.1758
85.2012
85.2266
85.252
85.2774
85.3028
85.3281
85.3535
85.3788
85.4041
85.4295
85.4548
85.4802
85.5056
85.5309
85.5563
85.5816
85.607
85.6323
85.6577
85.6831
85.7084
85.7337
85.7591
85.7844
85.8098
85.8351
85.8604
85.8858
85.9111
85.9365
85.9618
85.9872
86.0125
86.0379
86.0632
86.0886
86.114
86.1393
86.1646
86.1899
86.2153
86.2406
86.266
86.2913
86.3166
86.342
86.3673
86.3927
86.418
86.4433
86.4687
86.494
86.5194
86.5448
86.5701
86.5955
86.6208
86.6461
86.6715
86.6968
86.7222
86.7475
86.7728
86.7982
86.8235
86.8489
86.8742
86.8996
86.9249
86.9503
86.9756
87.001
87.0263
87.0516
87.077
87.1023
87.1277
87.153
87.1784
87.2039
87.2292
87.2546
87.2799
87.3053
87.3306
87.356
87.3813
87.4067
87.432
87.4574
87.4828
87.5082
87.5336
87.5589
87.5843
87.6096
87.635
87.6603
87.6857
87.711
87.7364
87.7618
87.7872
87.8125
87.8379
87.8632
87.8886
87.9139
87.9393
87.9646
87.99
88.0154
88.0407
88.0661
88.0914
88.1168
88.1421
88.1675
88.1928
88.2182
88.2435
88.2689
88.2942
88.3196
88.3449
88.3703
88.3956
88.421
88.4463
88.4717
88.4971
88.5225
88.5478
88.5732
88.5985
88.6238
88.6492
88.6745
88.6999
88.7252
88.7506
88.776
88.8014
88.8267
88.8521
88.8774
88.9028
88.9281
88.9535
88.9788
89.0042
89.0295
89.0549
89.0803
89.1057
89.131
89.1564
89.1817
89.2071
89.2324
89.2577
89.2831
89.3084
89.3337
89.3591
89.3844
89.4098
89.4351
89.4605
89.4858
89.5112
89.5365
89.5619
89.5872
89.6125
89.6379
89.6632
89.6886
89.7139
89.7393
89.7646
89.7899
89.8153
89.8406
89.866
89.8913
89.9166
89.9419
89.9673
89.9926
90.018
90.0433
90.0686
90.094
90.1193
90.1446
90.17
90.1953
90.2206
90.246
90.2713
90.2967
90.322
90.3474
90.3727
90.3981
90.4234
90.4488
90.4741
90.4995
90.5248
90.5502
90.5755
90.6008
90.6262
90.6515
90.6769
90.7022
90.7276
90.753
90.7783
90.8036
90.829
90.8543
90.8797
90.905
90.9304
90.9558
90.9811
91.0065
91.0318
91.0572
91.0825
91.1078
91.1332
91.1585
91.1839
91.2092
91.2345
91.2599
91.2852
91.3106
91.3359
91.3612
91.3866
91.4119
91.4373
91.4626
91.488
91.5133
91.5386
91.564
91.5893
91.6147
91.64
91.6654
91.6907
91.716
91.7414
91.7667
91.792
91.8174
91.8427
91.868
91.8933
91.9187
91.944
91.9693
91.9947
92.02
92.0454
92.0707
92.0961
92.1214
92.1467
92.1721
92.1974
92.2228
92.2481
92.2735
92.2988
92.3241
92.3495
92.3748
92.4002
92.4255
92.4509
92.4762
92.5015
92.5269
92.5522
92.5776
92.6029
92.6283
92.6536
92.679
92.7043
92.7296
92.755
92.7803
92.8056
92.831
92.8563
92.8817
92.907
92.9323
92.9577
92.983
93.0084
93.0337
93.0591
93.0844
93.1098
93.1351
93.1605
93.1858
93.2111
93.2365
93.2618
93.2872
93.3125
93.3379
93.3632
93.3886
93.4139
93.4392
93.4646
93.4899
93.5153
93.5406
93.5659
93.5913
93.6166
93.642
93.6673
93.6927
93.718
93.7434
93.7688
93.7942
93.8195
93.8449
93.8702
93.8956
93.9209
93.9463
93.9716
93.997
94.0223
94.0477
94.073
94.0984
94.1237
94.1491
94.1744
94.1998
94.2251
94.2504
94.2758
94.3011
94.3265
94.3518
94.3772
94.4025
94.4278
94.4532
94.4785
94.5039
94.5292
94.5546
94.5799
94.6053
94.6306
94.656
94.6813
94.7067
94.7321
94.7574
94.7828
94.8081
94.8334
94.8588
94.8841
94.9095
94.9348
94.9602
94.9856
95.0109
95.0363
95.0616
95.0869
95.1123
95.1376
95.1629
95.1883
95.2136
95.239
95.2643
95.2896
95.315
95.3403
95.3657
95.391
95.4164
95.4418
95.4671
95.4925
95.5178
95.5431
95.5685
95.5938
95.6191
95.6445
95.6698
95.6952
95.7205
95.7458
95.7712
95.7965
95.8219
95.8473
95.8726
95.898
95.9233
95.9487
95.974
95.9994
96.0247
96.0501
96.0754
96.1008
96.1262
96.1516
96.177
96.2023
96.2276
96.253
96.2783
96.3037
96.329
96.3544
96.3798
96.4051
96.4305
96.4561
96.4814
96.5068
96.5321
96.5575
96.5829
96.6082
96.6336
96.6589
96.6843
96.7096
96.735
96.7604
96.7858
96.8111
96.8365
96.8618
96.8872
96.9126
96.9379
96.9633
96.9887
97.014
97.0394
97.0647
97.0901
97.1154
97.1408
97.1661
97.1914
97.2168
97.2421
97.2675
97.2928
97.3182
97.3435
97.3689
97.3942
97.4195
97.445
97.4704
97.4957
97.5211
97.5464
97.5718
97.5971
97.6225
97.6479
97.6733
97.6987
97.7241
97.7494
97.7747
97.8001
97.8254
97.8508
97.8761
97.9014
97.9268
97.9521
97.9775
98.0028
98.0281
98.0535
98.0788
98.1042
98.1295
98.1548
98.1802
98.2055
98.2309
98.2562
98.2816
98.3069
98.3323
98.3576
98.383
98.4083
98.4337
98.459
98.4844
98.5097
98.5351
98.5604
98.5858
98.6111
98.6365
98.6618
98.6872
98.7125
98.7379
98.7632
98.7886
98.8139
98.8393
98.8646
98.89
98.9153
98.9406
98.966
98.9913
99.0167
99.0421
99.0674
99.0927
99.1181
99.1434
99.1688
99.1941
99.2195
99.2448
99.2702
99.2955
99.3208
99.3462
99.3715
99.3969
99.4222
99.4475
99.4729
99.4982
99.5236
99.5489
99.5743
99.5996
99.625
99.6503
99.6757
99.701
99.7263
99.7517
99.777
99.8023
99.8277
99.853
99.8784
99.9037
99.9291
99.9544
99.9797
100.005
100.03
100.056
100.081
100.106
100.132
100.157
100.182
100.208
100.233
100.258
100.284
100.309
100.335
100.36
100.385
100.411
100.436
100.461
100.487
100.512
100.537
100.563
100.588
100.613
100.639
100.664
100.689
100.715
100.74
100.765
100.791
100.816
100.841
100.867
100.892
100.917
100.943
100.968
100.993
101.019
101.044
101.069
101.095
101.12
101.145
101.171
101.196
101.221
101.247
101.272
101.297
101.323
101.348
101.373
101.399
101.424
101.449
101.475
101.5
101.525
101.551
101.576
101.602
101.627
101.652
101.678
101.703
101.728
101.754
101.779
101.804
101.83
101.855
101.88
101.906
101.931
101.956
101.982
102.007
102.032
102.058
102.083
102.109
102.134
102.159
102.185
102.21
102.235
102.261
102.286
102.311
102.337
102.362
102.387
102.413
102.438
102.463
102.489
102.514
102.539
102.565
102.59
102.616
102.641
102.666
102.692
102.717
102.742
102.768
102.793
102.818
102.844
102.869
102.894
102.92
102.945
102.97
102.996
103.021
103.046
103.072
103.097
103.122
103.148
103.173
103.198
103.224
103.249
103.275
103.3
103.325
103.351
103.376
103.401
103.427
103.452
103.477
103.503
103.528
103.553
103.579
103.604
103.629
103.655
103.68
103.705
103.731
103.756
103.781
103.807
103.832
103.858
103.883
103.908
103.934
103.959
103.984
104.01
104.035
104.06
104.086
104.111
104.136
104.162
104.187
104.212
104.238
104.263
104.288
104.314
104.339
104.364
104.39
104.415
104.44
104.466
104.491
104.516
104.542
104.567
104.593
104.618
104.643
104.669
104.694
104.719
104.745
104.77
104.795
104.821
104.846
104.871
104.897
104.922
104.947
104.973
104.998
105.023
105.049
105.074
105.099
105.125
105.15
105.176
105.201
105.226
105.252
105.277
105.302
105.328
105.353
105.378
105.404
105.429
105.454
105.48
105.505
105.53
105.556
105.581
105.606
105.632
105.657
105.682
105.708
105.733
105.758
105.784
105.809
105.834
105.86
105.885
105.911
105.936
105.961
105.987
106.012
106.037
106.063
106.088
106.113
106.139
106.164
106.189
106.215
106.24
106.265
106.291
106.316
106.341
106.367
106.392
106.417
106.443
106.468
106.494
106.519
106.544
106.57
106.595
106.62
106.646
106.671
106.697
106.722
106.747
106.773
106.798
106.823
106.849
106.874
106.899
106.925
106.95
106.976
107.001
107.026
107.052
107.077
107.102
107.128
107.153
107.178
107.204
107.229
107.255
107.28
107.305
107.331
107.356
107.381
107.407
107.432
107.457
107.483
107.508
107.533
107.559
107.584
107.609
107.635
107.66
107.685
107.711
107.736
107.762
107.787
107.812
107.838
107.863
107.888
107.914
107.939
107.964
107.99
108.015
108.04
108.066
108.091
108.116
108.142
108.167
108.192
108.218
108.243
108.268
108.294
108.319
108.344
108.37
108.395
108.42
108.446
108.471
108.496
108.522
108.547
108.572
108.598
108.623
108.648
108.674
108.699
108.725
108.75
108.775
108.801
108.826
108.851
108.877
108.902
108.927
108.953
108.978
109.003
109.029
109.054
109.079
109.105
109.13
109.155
109.181
109.206
109.231
109.257
109.282
109.307
109.333
109.358
109.383
109.409
109.434
109.46
109.485
109.51
109.536
109.561
109.586
109.612
109.637
109.662
109.688
109.713
109.738
109.764
109.789
109.814
109.84
109.865
109.89
109.916
109.941
109.966
109.992
110.017
110.042
110.068
110.093
110.118
110.144
110.169
110.195
110.22
110.245
110.271
110.296
110.321
110.347
110.372
110.397
110.423
110.448
110.473
110.499
110.524
110.549
110.575
110.6
110.625
110.651
110.676
110.701
110.727
110.752
110.777
110.803
110.828
110.854
110.879
110.904
110.93
110.955
110.98
111.006
111.031
111.056
111.082
111.107
111.133
111.158
111.183
111.209
111.234
111.259
111.285
111.31
111.335
111.361
111.386
111.411
111.437
111.462
111.487
111.513
111.538
111.563
111.589
111.614
111.639
111.665
111.69
111.715
111.741
111.766
111.791
111.817
111.842
111.867
111.893
111.918
111.944
111.969
111.994
112.02
112.045
112.07
112.096
112.121
112.146
112.172
112.197
112.222
112.248
112.273
112.298
112.324
112.349
112.375
112.4
112.425
112.451
112.476
112.501
112.527
112.552
112.577
112.603
112.628
112.653
112.679
112.704
112.73
112.755
112.78
112.805
112.831
112.856
112.881
112.907
112.932
112.957
112.983
113.008
113.033
113.059
113.084
113.109
113.135
113.16
113.186
113.211
113.236
113.262
113.287
113.312
113.338
113.363
113.388
113.414
113.439
113.464
113.49
113.515
113.54
113.566
113.591
113.616
113.642
113.667
113.692
113.718
113.743
113.768
113.794
113.819
113.845
113.87
113.895
113.921
113.946
113.971
113.997
114.022
114.047
114.073
114.098
114.123
114.149
114.174
114.199
114.225
114.25
114.275
114.301
114.326
114.351
114.377
114.402
114.428
114.453
114.478
114.504
114.529
114.554
114.58
114.605
114.63
114.656
114.681
114.706
114.732
114.757
114.782
114.808
114.833
114.858
114.884
114.909
114.935
114.96
114.985
115.011
115.036
115.061
115.087
115.112
115.137
115.163
115.188
115.213
115.239
115.264
115.289
115.315
115.34
115.365
115.391
115.416
115.441
115.467
115.492
115.517
115.543
115.568
115.593
115.619
115.644
115.669
115.695
115.72
115.746
115.771
115.796
115.822
115.847
115.872
115.898
115.923
115.948
115.974
115.999
116.025
116.05
116.075
116.101
116.126
116.151
116.177
116.202
116.227
116.253
116.278
116.304
116.329
116.354
116.38
116.405
116.43
116.456
116.481
116.506
116.532
116.557
116.582
116.608
116.633
116.658
116.684
116.709
116.734
116.76
116.785
116.81
116.836
116.861
116.887
116.912
116.937
116.963
116.988
117.013
117.039
117.064
117.089
117.115
117.14
117.165
117.191
117.216
117.241
117.267
117.292
117.317
117.343
117.368
117.393
117.419
117.444
117.469
117.495
117.52
117.545
117.571
117.596
117.621
117.647
117.672
117.698
117.723
117.748
117.774
117.799
117.824
117.85
117.875
117.9
117.926
117.951
117.976
118.002
118.027
118.052
118.078
118.103
118.128
118.154
118.179
118.204
118.23
118.255
118.281
118.306
118.331
118.357
118.382
118.407
118.433
118.458
118.483
118.509
118.534
118.559
118.585
118.61
118.635
118.661
118.686
118.711
118.737
118.762
118.787
118.813
118.838
118.864
118.889
118.914
118.94
118.965
118.99
119.016
119.041
119.066
119.092
119.117
119.142
119.168
119.193
119.218
119.244
119.269
119.294
119.32
119.345
119.371
119.396
119.421
119.447
119.472
119.497
119.523
119.548
119.573
119.599
119.624
119.649
119.675
119.7
119.725
119.751
119.776
119.802
119.827
119.852
119.878
119.903
119.928
119.954
119.979
120.004
120.03
120.055
120.08
120.106
120.131
120.157
120.182
120.207
120.233
120.258
120.283
120.309
120.334
120.359
120.385
120.41
120.436
120.461
120.486
120.512
120.537
120.562
120.588
120.613
120.638
120.664
120.689
120.714
120.74
120.765
120.79
120.816
120.841
120.866
120.892
120.917
120.943
120.968
120.993
121.019
121.044
121.069
121.095
121.12
121.145
121.171
121.196
121.221
121.247
121.272
121.297
121.323
121.348
121.373
121.399
121.424
121.449
121.475
121.5
121.526
121.551
121.576
121.602
121.627
121.652
121.678
121.703
121.728
121.754
121.779
121.804
121.83
121.855
121.88
121.906
121.931
121.956
121.982
122.007
122.033
122.058
122.083
122.109
122.134
122.159
122.185
122.21
122.235
122.261
122.286
122.311
122.337
122.362
122.388
122.413
122.438
122.464
122.489
122.514
122.54
122.565
122.59
122.616
122.641
122.667
122.692
122.718
122.743
122.768
122.794
122.819
122.844
122.87
122.895
122.92
122.946
122.971
122.996
123.022
123.047
123.072
123.098
123.123
123.149
123.174
123.199
123.225
123.25
123.275
123.301
123.326
123.351
123.377
123.402
123.427
123.453
123.478
123.503
123.529
123.554
123.579
123.605
123.63
123.656
123.681
123.706
123.732
123.757
123.782
123.808
123.833
123.859
123.884
123.909
123.935
123.96
123.985
124.011
124.036
124.062
124.087
124.112
124.138
124.163
124.188
124.214
124.239
124.264
124.29
124.315
124.341
124.366
124.391
124.417
124.442
124.467
124.493
124.518
124.543
124.569
124.594
124.619
124.645
124.67
124.695
124.721
124.746
124.772
124.797
124.822
124.848
124.873
124.898
124.924
124.949
124.974
125
125.025
125.05
125.076
125.101
125.126
125.152
125.177
125.202
125.228
125.253
125.278
125.304
125.329
125.354
125.38
125.405
125.43
125.456
125.481
125.506
125.532
125.557
125.582
125.608
125.633
125.658
125.684
125.709
125.734
125.76
125.785
125.81
125.836
125.861
125.886
125.912
125.937
125.962
125.988
126.013
126.038
126.064
126.089
126.115
126.14
126.165
126.191
126.216
126.241
126.267
126.292
126.317
126.343
126.368
126.393
126.419
126.444
126.469
126.495
126.52
126.545
126.571
126.596
126.621
126.647
126.672
126.697
126.723
126.748
126.773
126.799
126.824
126.849
126.875
126.9
126.925
126.951
126.976
127.001
127.027
127.052
127.078
127.103
127.128
127.154
127.179
127.204
127.23
127.255
127.28
127.306
127.331
127.356
127.382
127.407
127.432
127.458
127.483
127.508
127.534
127.559
127.584
127.61
127.635
127.66
127.686
127.711
127.736
127.762
127.787
127.812
127.838
127.863
127.888
127.914
127.939
127.964
127.99
128.015
128.04
128.066
128.091
128.116
128.142
128.167
128.192
128.218
128.243
128.268
128.294
128.319
128.344
128.37
128.395
128.42
128.446
128.471
128.496
128.522
128.547
128.572
128.598
128.623
128.648
128.674
128.699
128.724
128.75
128.775
128.8
128.826
128.851
128.876
128.902
128.927
128.952
128.978
129.003
129.028
129.054
129.079
129.104
129.13
129.155
129.18
129.206
129.231
129.256
129.282
129.307
129.333
129.358
129.383
129.409
129.434
129.459
129.485
129.51
129.535
129.561
129.586
129.612
129.637
129.662
129.688
129.713
129.738
129.764
129.789
129.814
129.84
129.865
129.89
129.916
129.941
129.967
129.992
130.017
130.043
130.068
130.093
130.119
130.144
130.169
130.195
130.22
130.245
130.271
130.296
130.321
130.347
130.372
130.397
130.423
130.448
130.473
130.499
130.524
130.55
130.575
130.6
130.626
130.651
130.676
130.702
130.727
130.752
130.778
130.803
130.828
130.854
130.879
130.904
130.93
130.955
130.98
131.006
131.031
131.056
131.082
131.107
131.132
131.158
131.183
131.208
131.234
131.259
131.285
131.31
131.335
131.361
131.386
131.411
131.437
131.462
131.487
131.513
131.538
131.563
131.589
131.614
131.64
131.665
131.69
131.716
131.741
131.766
131.792
131.817
131.842
131.868
131.893
131.918
131.944
131.969
131.994
132.02
132.045
132.07
132.096
132.121
132.146
132.172
132.197
132.222
132.248
132.273
132.298
132.324
132.349
132.374
132.4
132.425
132.45
132.476
132.501
132.526
132.552
132.577
132.602
132.628
132.653
132.678
132.704
132.729
132.754
132.78
132.805
132.83
132.856
132.881
132.906
132.932
132.957
132.982
133.008
133.033
133.058
133.084
133.109
133.134
133.16
133.185
133.211
133.236
133.261
133.287
133.312
133.337
133.363
133.388
133.413
133.439
133.464
133.489
133.515
133.54
133.565
133.591
133.616
133.641
133.667
133.692
133.718
133.743
133.768
133.794
133.819
133.844
133.87
133.895
133.92
133.946
133.971
133.996
134.022
134.047
134.072
134.098
134.123
134.148
134.174
134.199
134.224
134.25
134.275
134.3
134.326
134.351
134.376
134.402
134.427
134.452
134.478
134.503
134.528
134.554
134.579
134.604
134.63
134.655
134.681
134.706
134.731
134.757
134.782
134.807
134.833
134.858
134.883
134.909
134.934
134.959
134.985
135.01
135.035
135.061
135.086
135.111
135.137
135.162
135.187
135.213
135.238
135.263
135.289
135.314
135.339
135.365
135.39
135.416
135.441
135.466
135.492
135.517
135.542
135.568
135.593
135.618
135.644
135.669
135.694
135.72
135.745
135.77
135.796
135.821
135.846
135.872
135.897
135.923
135.948
135.973
135.999
136.024
136.049
136.075
136.1
136.125
136.151
136.176
136.201
136.227
136.252
136.278
136.303
136.328
136.354
136.379
136.404
136.43
136.455
136.48
136.506
136.531
136.556
136.582
136.607
136.632
136.658
136.683
136.708
136.734
136.759
136.784
136.81
136.835
136.86
136.886
136.911
136.937
136.962
136.987
137.013
137.038
137.063
137.089
137.114
137.139
137.165
137.19
137.215
137.241
137.266
137.291
137.317
137.342
137.367
137.393
137.418
137.444
137.469
137.494
137.52
137.545
137.57
137.596
137.621
137.646
137.672
137.697
137.722
137.748
137.773
137.799
137.824
137.849
137.875
137.9
137.925
137.951
137.976
138.002
138.027
138.052
138.078
138.103
138.128
138.154
138.179
138.204
138.23
138.255
138.28
138.306
138.331
138.356
138.382
138.407
138.433
138.458
138.483
138.509
138.534
138.559
138.585
138.61
138.635
138.661
138.686
138.711
138.737
138.762
138.787
138.813
138.838
138.863
138.889
138.914
138.939
138.965
138.99
139.016
139.041
139.066
139.092
139.117
139.142
139.168
139.193
139.218
139.244
139.269
139.294
139.32
139.345
139.37
139.396
139.421
139.446
139.472
139.497
139.523
139.548
139.573
139.599
139.624
139.649
139.675
139.7
139.725
139.751
139.776
139.801
139.827
139.852
139.877
139.903
139.928
139.953
139.979
140.004
140.029
140.055
140.08
140.105
140.131
140.156
140.181
140.207
140.232
140.257
140.283
140.308
140.334
140.359
140.384
140.41
140.435
140.46
140.486
140.511
140.536
140.562
140.587
140.612
140.638
140.663
140.688
140.714
140.739
140.764
140.79
140.815
140.84
140.866
140.891
140.916
140.942
140.967
140.992
141.018
141.043
141.068
141.094
141.119
141.144
141.17
141.195
141.22
141.246
141.271
141.297
141.322
141.347
141.373
141.398
141.423
141.449
141.474
141.499
141.525
141.55
141.575
141.601
141.626
141.651
141.677
141.702
141.727
141.753
141.778
141.803
141.829
141.854
141.879
141.905
141.93
141.955
141.981
142.006
142.032
142.057
142.082
142.108
142.133
142.158
142.184
142.209
142.234
142.26
142.285
142.31
142.336
142.361
142.386
142.412
142.437
142.462
142.488
142.513
142.538
142.564
142.589
142.614
142.64
142.665
142.691
142.716
142.741
142.767
142.792
142.817
142.843
142.868
142.893
142.919
142.944
142.969
142.995
143.02
143.045
143.071
143.096
143.121
143.147
143.172
143.197
143.223
143.248
143.273
143.299
143.324
143.349
143.375
143.4
143.425
143.451
143.476
143.502
143.527
143.552
143.578
143.603
143.628
143.654
143.679
143.704
143.73
143.755
143.78
143.806
143.831
143.856
143.882
143.907
143.932
143.958
143.983
144.009
144.034
144.059
144.085
144.11
144.135
144.161
144.186
144.211
144.237
144.262
144.287
144.313
144.338
144.363
144.389
144.414
144.44
144.465
144.49
144.516
144.541
144.566
144.592
144.617
144.642
144.668
144.693
144.718
144.744
144.769
144.794
144.82
144.845
144.87
144.896
144.921
144.946
144.972
144.997
145.023
145.048
145.073
145.099
145.124
145.149
145.175
145.2
145.225
145.251
145.276
145.301
145.327
145.352
145.377
145.403
145.428
145.453
145.479
145.504
145.529
145.555
145.58
145.605
145.631
145.656
145.681
145.707
145.732
145.757
145.783
145.808
145.833
145.859
145.884
145.91
145.935
145.96
145.986
146.011
146.036
146.062
146.087
146.112
146.138
146.163
146.188
146.214
146.239
146.264
146.29
146.315
146.34
146.366
146.391
146.416
146.442
146.467
146.492
146.518
146.543
146.568
146.594
146.619
146.645
146.67
146.695
146.721
146.746
146.771
146.797
146.822
146.848
146.873
146.898
146.924
146.949
146.974
147
147.025
147.05
147.076
147.101
147.126
147.152
147.177
147.202
147.228
147.253
147.278
147.304
147.329
147.354
147.38
147.405
147.431
147.456
147.482
147.507
147.532
147.558
147.583
147.608
147.634
147.659
147.684
147.71
147.735
147.76
147.786
147.811
147.836
147.862
147.887
147.913
147.938
147.963
147.989
148.014
148.039
148.065
148.09
148.115
148.141
148.166
148.191
148.217
148.242
148.267
148.293
148.318
148.343
148.369
148.394
148.419
148.445
148.47
148.495
148.521
148.546
148.572
148.597
148.622
148.648
148.673
148.698
148.724
148.749
148.774
148.8
148.825
148.85
148.876
148.901
148.926
148.952
148.977
149.002
149.028
149.053
149.078
149.104
149.129
149.154
149.18
149.205
149.231
149.256
149.281
149.307
149.332
149.357
149.383
149.408
149.433
149.459
149.484
149.509
149.535
149.56
149.585
149.611
149.636
149.661
149.687
149.712
149.738
149.763
149.788
149.814
149.839
149.864
149.89
149.915
149.94
149.966
149.991
150.016
150.042
150.067
150.092
150.118
150.143
150.168
150.194
150.219
150.244
150.27
150.295
150.32
150.346
150.371
150.397
150.422
150.447
150.473
150.498
150.523
150.549
150.574
150.599
150.625
150.65
150.675
150.701
150.726
150.751
150.777
150.802
150.827
150.853
150.878
150.903
150.929
150.954
150.979
151.005
151.03
151.056
151.081
151.106
151.132
151.157
151.182
151.208
151.233
151.258
151.284
151.309
151.334
151.36
151.385
151.41
151.436
151.461
151.486
151.512
151.537
151.562
151.588
151.613
151.638
151.664
151.689
151.714
151.74
151.765
151.79
151.816
151.841
151.866
151.892
151.917
151.942
151.968
151.993
152.019
152.044
152.069
152.095
152.12
152.145
152.171
152.196
152.221
152.247
152.272
152.297
152.323
152.348
152.373
152.399
152.424
152.449
152.475
152.5
152.526
152.551
152.576
152.602
152.627
152.652
152.678
152.703
152.728
152.754
152.779
152.804
152.83
152.855
152.88
152.906
152.931
152.956
152.982
153.007
153.032
153.058
153.083
153.109
153.134
153.159
153.185
153.21
153.235
153.261
153.286
153.311
153.337
153.362
153.387
153.413
153.438
153.464
153.489
153.514
153.54
153.565
153.59
153.616
153.641
153.667
153.692
153.717
153.743
153.768
153.793
153.819
153.844
153.869
153.895
153.92
153.945
153.971
153.996
154.021
154.047
154.072
154.097
154.123
154.148
154.174
154.199
154.224
154.25
154.275
154.3
154.326
154.351
154.376
154.402
154.427
154.453
154.478
154.503
154.529
154.554
154.58
154.605
154.63
154.656
154.681
154.706
154.732
154.757
154.783
154.808
154.833
154.859
154.884
154.91
154.935
154.96
154.986
155.011
155.036
155.062
155.087
155.113
155.138
155.163
155.189
155.214
155.239
155.265
155.29
155.315
155.341
155.366
155.392
155.417
155.442
155.468
155.493
155.518
155.544
155.569
155.594
155.62
155.645
155.67
155.696
155.721
155.747
155.772
155.797
155.823
155.848
155.873
155.899
155.924
155.949
155.975
156
156.025
156.051
156.076
156.101
156.126
156.152
156.177
156.202
156.228
156.253
156.279
156.304
156.329
156.355
156.38
156.405
156.431
156.456
156.482
156.507
156.532
156.558
156.583
156.608
156.634
156.659
156.684
156.71
156.735
156.76
156.786
156.811
156.836
156.862
156.887
156.912
156.938
156.963
156.988
157.014
157.039
157.065
157.09
157.115
157.141
157.166
157.191
157.217
157.242
157.267
157.293
157.318
157.343
157.369
157.394
157.419
157.445
157.47
157.495
157.521
157.546
157.571
157.597
157.622
157.647
157.673
157.698
157.724
157.749
157.774
157.8
157.825
157.85
157.876
157.901
157.926
157.952
157.977
158.003
158.028
158.053
158.079
158.104
158.129
158.155
158.18
158.205
158.231
158.256
158.281
158.307
158.332
158.357
158.383
158.408
158.433
158.459
158.484
158.509
158.535
158.56
158.585
158.611
158.636
158.661
158.687
158.712
158.737
158.763
158.788
158.813
158.839
158.864
158.889
158.915
158.94
158.965
158.991
159.016
159.041
159.067
159.092
159.117
159.143
159.168
159.193
159.219
159.244
159.269
159.295
159.32
159.346
159.371
159.396
159.422
159.447
159.472
159.498
159.523
159.548
159.574
159.599
159.624
159.65
159.675
159.7
159.726
159.751
159.776
159.802
159.827
159.852
159.878
159.903
159.929
159.954
159.979
160.005
160.03
160.055
160.081
160.106
160.131
160.157
160.182
160.207
160.233
160.258
160.283
160.309
160.334
160.359
160.385
160.41
160.435
160.461
160.486
160.511
160.537
160.562
160.587
160.613
160.638
160.664
160.689
160.714
160.74
160.765
160.79
160.816
160.841
160.866
160.892
160.917
160.942
160.968
160.993
161.019
161.044
161.069
161.095
161.12
161.145
161.171
161.196
161.221
161.247
161.272
161.297
161.323
161.348
161.373
161.399
161.424
161.449
161.475
161.5
161.525
161.551
161.576
161.601
161.627
161.652
161.677
161.703
161.728
161.753
161.779
161.804
161.829
161.855
161.88
161.905
161.931
161.956
161.982
162.007
162.032
162.058
162.083
162.108
162.134
162.159
162.184
162.21
162.235
162.26
162.286
162.311
162.336
162.362
162.387
162.412
162.438
162.463
162.488
162.514
162.539
162.564
162.59
162.615
162.64
162.666
162.691
162.716
162.742
162.767
162.792
162.818
162.843
162.868
162.894
162.919
162.944
162.97
162.995
163.021
163.046
163.071
163.097
163.122
163.147
163.173
163.198
163.223
163.249
163.274
163.299
163.325
163.35
163.375
163.401
163.426
163.451
163.477
163.502
163.527
163.553
163.578
163.603
163.629
163.654
163.679
163.705
163.73
163.755
163.781
163.806
163.832
163.857
163.882
163.908
163.933
163.958
163.984
164.009
164.034
164.06
164.085
164.11
164.136
164.161
164.186
164.212
164.237
164.262
164.288
164.313
164.338
164.364
164.389
164.414
164.44
164.465
164.491
164.516
164.541
164.567
164.592
164.617
164.643
164.668
164.693
164.719
164.744
164.769
164.795
164.82
164.845
164.871
164.896
164.921
164.947
164.972
164.997
165.023
165.048
165.073
165.099
165.124
165.149
165.175
165.2
165.225
165.251
165.276
165.301
165.327
165.352
165.377
165.403
165.428
165.453
165.479
165.504
165.529
165.555
165.58
165.605
165.631
165.656
165.681
165.707
165.732
165.757
165.784
165.809
165.834
165.86
165.885
165.911
165.936
165.961
165.987
166.012
166.037
166.063
166.088
166.113
166.139
166.164
166.189
166.215
166.24
166.265
166.291
166.316
166.341
166.367
166.392
166.417
166.443
166.468
166.493
166.519
166.544
166.569
166.595
166.62
166.645
166.671
166.696
166.721
166.747
166.772
166.797
166.823
166.848
166.873
166.899
166.924
166.949
166.975
167
167.025
167.051
167.076
167.101
167.127
167.152
167.177
167.203
167.228
167.254
167.279
167.304
167.33
167.355
167.38
167.406
167.431
167.456
167.482
167.507
167.532
167.558
167.583
167.608
167.634
167.659
167.684
167.71
167.735
167.76
167.786
167.811
167.836
167.862
167.887
167.912
167.938
167.963
167.989
168.014
168.039
168.065
168.09
168.115
168.141
168.166
168.191
168.217
168.242
168.267
168.293
168.318
168.343
168.369
168.394
168.419
168.445
168.47
168.495
168.521
168.546
168.572
168.597
168.622
168.648
168.673
168.698
168.724
168.749
168.774
168.8
168.825
168.85
168.876
168.901
168.926
168.952
168.977
169.002
169.028
169.053
169.078
169.104
169.129
169.154
169.18
169.205
169.23
169.256
169.281
169.307
169.332
169.357
169.383
169.408
169.433
169.459
169.484
169.509
169.535
169.56
169.585
169.611
169.636
169.661
169.687
169.712
169.737
169.763
169.788
169.813
169.839
169.864
169.889
169.915
169.94
169.965
169.991
170.016
170.042
170.067
170.092
170.118
170.143
170.168
170.194
170.219
170.244
170.27
170.295
170.32
170.346
170.371
170.396
170.422
170.447
170.472
170.498
170.523
170.549
170.574
170.599
170.625
170.65
170.675
170.701
170.726
170.751
170.777
170.802
170.827
170.853
170.878
170.903
170.929
170.954
170.979
171.005
171.03
171.055
171.081
171.106
171.132
171.157
171.182
171.208
171.233
171.258
171.284
171.309
171.334
171.36
171.385
171.41
171.436
171.461
171.486
171.512
171.537
171.562
171.588
171.613
171.638
171.664
171.689
171.714
171.74
171.765
171.79
171.816
171.841
171.866
171.892
171.917
171.942
171.968
171.993
172.018
172.044
172.069
172.094
172.12
172.145
172.17
172.196
172.221
172.247
172.272
172.297
172.323
172.348
172.373
172.399
172.424
172.449
172.475
172.5
172.525
172.551
172.576
172.601
172.627
172.652
172.677
172.703
172.728
172.753
172.779
172.804
172.829
172.855
172.88
172.905
172.931
172.956
172.981
173.007
173.032
173.057
173.083
173.108
173.133
173.159
173.184
173.209
173.235
173.26
173.285
173.311
173.336
173.361
173.387
173.412
173.437
173.463
173.488
173.513
173.539
173.564
173.589
173.615
173.64
173.666
173.691
173.716
173.742
173.767
173.792
173.818
173.843
173.868
173.894
173.919
173.944
173.97
173.995
174.02
174.046
174.071
174.096
174.122
174.147
174.172
174.198
174.223
174.248
174.274
174.299
174.324
174.35
174.375
174.4
174.426
174.451
174.477
174.502
174.527
174.553
174.578
174.604
174.629
174.654
174.68
174.705
174.73
174.756
174.781
174.806
174.832
174.857
174.882
174.908
174.933
174.959
174.984
175.009
175.035
175.06
175.086
175.111
175.136
175.162
175.187
175.213
175.238
175.263
175.289
175.314
175.339
175.365
175.39
175.415
175.441
175.466
175.491
175.517
175.542
175.567
175.593
175.618
175.643
175.669
175.694
175.72
175.745
175.77
175.796
175.821
175.846
175.872
175.897
175.923
175.948
175.973
175.999
176.024
176.049
176.075
176.1
176.125
176.151
176.176
176.201
176.227
176.252
176.277
176.303
176.328
176.353
176.379
176.404
176.429
176.455
176.48
176.506
176.531
176.556
176.582
176.607
176.632
176.658
176.683
176.708
176.734
176.759
176.784
176.81
176.835
176.86
176.886
176.911
176.936
176.962
176.987
177.012
177.038
177.063
177.089
177.114
177.139
177.165
177.19
177.215
177.241
177.266
177.291
177.317
177.342
177.367
177.393
177.418
177.443
177.469
177.494
177.519
177.545
177.57
177.595
177.621
177.646
177.671
177.697
177.722
177.747
177.773
177.798
177.823
177.849
177.874
177.9
177.925
177.95
177.976
178.001
178.026
178.052
178.077
178.102
178.128
178.153
178.178
178.204
178.229
178.254
178.28
178.305
178.331
178.356
178.381
178.407
178.432
178.457
178.483
178.508
178.533
178.559
178.584
178.609
178.635
178.66
178.685
178.711
178.736
178.761
178.787
178.812
178.837
178.863
178.888
178.914
178.939
178.964
178.99
179.015
179.04
179.066
179.091
179.116
179.142
179.167
179.192
179.218
179.243
179.268
179.294
179.319
179.344
179.37
179.395
179.42
179.446
179.471
179.497
179.522
179.547
179.573
179.598
179.623
179.649
179.674
179.699
179.725
179.75
179.775
179.801
179.826
179.851
179.877
179.902
179.927
179.953
179.978
180.003
180.029
180.054
180.079
180.105
180.13
180.155
180.181
180.206
180.231
180.257
180.282
180.307
180.333
180.358
180.384
180.409
180.434
180.46
180.485
180.51
180.536
180.561
180.586
180.612
180.637
180.662
180.688
180.713
180.738
180.764
180.789
180.814
180.84
180.865
180.89
180.916
180.941
180.967
180.992
181.017
181.043
181.068
181.093
181.119
181.144
181.169
181.195
181.22
181.245
181.271
181.296
181.321
181.347
181.372
181.397
181.423
181.448
181.473
181.499
181.524
181.55
181.575
181.6
181.626
181.651
181.676
181.702
181.727
181.752
181.778
181.803
181.828
181.854
181.879
181.904
181.93
181.955
181.98
182.006
182.031
182.056
182.082
182.107
182.133
182.158
182.183
182.209
182.234
182.259
182.285
182.31
182.336
182.361
182.386
182.412
182.437
182.462
182.488
182.513
182.539
182.564
182.589
182.615
182.64
182.665
182.691
182.716
182.741
182.767
182.792
182.817
182.843
182.868
182.894
182.919
182.944
182.97
182.995
183.02
183.046
183.071
183.096
183.122
183.147
183.172
183.198
183.223
183.248
183.274
183.299
183.325
183.35
183.375
183.401
183.426
183.451
183.477
183.502
183.527
183.553
183.578
183.603
183.629
183.654
183.679
183.705
183.73
183.756
183.781
183.806
183.832
183.857
183.882
183.908
183.933
183.958
183.984
184.009
184.034
184.06
184.085
184.11
184.136
184.161
184.186
184.212
184.237
184.262
184.288
184.313
184.339
184.364
184.389
184.415
184.44
184.465
184.491
184.516
184.541
184.567
184.592
184.617
184.643
184.668
184.693
184.719
184.744
184.769
184.795
184.82
184.845
184.871
184.896
184.921
184.947
184.972
184.997
185.023
185.048
185.074
185.099
185.124
185.15
185.175
185.2
185.226
185.251
185.276
185.302
185.327
185.352
185.378
185.403
185.428
185.454
185.479
185.504
185.53
185.555
185.58
185.606
185.631
185.657
185.682
185.707
185.733
185.758
185.783
185.809
185.834
185.859
185.885
185.91
185.935
185.961
185.986
186.011
186.037
186.062
186.087
186.113
186.138
186.163
186.189
186.214
186.239
186.265
186.29
186.315
186.341
186.366
186.391
186.417
186.442
186.468
186.493
186.518
186.544
186.569
186.594
186.62
186.645
186.67
186.696
186.721
186.746
186.772
186.797
186.822
186.848
186.873
186.899
186.924
186.949
186.975
187
187.025
187.051
187.076
187.101
187.127
187.152
187.177
187.203
187.228
187.253
187.279
187.304
187.329
187.355
187.38
187.405
187.431
187.456
187.482
187.507
187.532
187.558
187.583
187.608
187.634
187.659
187.684
187.71
187.735
187.76
187.786
187.811
187.836
187.862
187.887
187.913
187.938
187.963
187.989
188.014
188.039
188.065
188.09
188.115
188.141
188.166
188.191
188.217
188.242
188.267
188.293
188.318
188.343
188.369
188.394
188.419
188.445
188.47
188.496
188.521
188.546
188.572
188.597
188.622
188.648
188.673
188.698
188.724
188.749
188.774
188.8
188.825
188.85
188.876
188.901
188.926
188.952
188.977
189.003
189.028
189.053
189.079
189.104
189.129
189.155
189.18
189.205
189.231
189.256
189.281
189.307
189.332
189.357
189.383
189.408
189.433
189.459
189.484
189.509
189.535
189.56
189.585
189.611
189.636
189.661
189.687
189.712
189.737
189.763
189.788
189.813
189.839
189.864
189.89
189.915
189.94
189.966
189.991
190.016
190.042
190.067
190.092
190.118
190.143
190.168
190.194
190.219
190.244
190.27
190.295
190.32
190.346
190.371
190.396
190.422
190.447
190.472
190.498
190.523
190.548
190.574
190.599
190.624
190.65
190.675
190.7
190.726
190.751
190.776
190.802
190.827
190.852
190.878
190.903
190.928
190.954
190.979
191.005
191.03
191.055
191.081
191.106
191.131
191.157
191.182
191.207
191.233
191.258
191.283
191.309
191.334
191.359
191.385
191.41
191.436
191.461
191.486
191.512
191.537
191.562
191.588
191.613
191.638
191.664
191.689
191.715
191.74
191.765
191.791
191.816
191.841
191.867
191.892
191.917
191.943
191.968
191.993
192.019
192.044
192.069
192.095
192.12
192.145
192.171
192.196
192.221
192.247
192.272
192.297
192.323
192.348
192.373
192.399
192.424
192.449
192.475
192.5
192.525
192.551
192.576
192.601
192.627
192.652
192.677
192.703
192.728
192.753
192.779
192.804
192.829
192.855
192.88
192.905
192.931
192.956
192.981
193.007
193.032
193.057
193.083
193.108
193.133
193.159
193.184
193.21
193.235
193.26
193.286
193.311
193.336
193.362
193.387
193.412
193.438
193.463
193.488
193.514
193.539
193.564
193.59
193.615
193.64
193.666
193.691
193.717
193.742
193.767
193.793
193.818
193.843
193.869
193.894
193.919
193.945
193.97
193.996
194.021
194.046
194.072
194.097
194.122
194.148
194.173
194.198
194.224
194.249
194.274
194.3
194.325
194.35
194.376
194.401
194.426
194.452
194.477
194.502
194.528
194.553
194.579
194.604
194.629
194.655
194.68
194.705
194.73
194.756
194.781
194.807
194.832
194.857
194.883
194.908
194.933
194.959
194.984
195.009
195.035
195.06
195.085
195.111
195.136
195.161
195.187
195.212
195.237
195.263
195.288
195.313
195.339
195.364
195.39
195.415
195.44
195.466
195.491
195.516
195.542
195.567
195.592
195.618
195.643
195.668
195.694
195.719
195.744
195.77
195.795
195.82
195.846
195.871
195.897
195.922
195.947
195.973
195.998
196.023
196.049
196.074
196.099
196.125
196.15
196.175
196.201
196.226
196.251
196.277
196.302
196.327
196.353
196.378
196.404
196.429
196.454
196.48
196.505
196.53
196.556
196.581
196.606
196.632
196.657
196.682
196.708
196.733
196.758
196.784
196.809
196.834
196.86
196.885
196.91
196.936
196.961
196.986
197.012
197.037
197.062
197.088
197.113
197.139
197.164
197.189
197.215
197.24
197.265
197.291
197.316
197.341
197.367
197.392
197.417
197.443
197.468
197.493
197.519
197.544
197.569
197.595
197.62
197.645
197.671
197.696
197.721
197.747
197.772
197.797
197.823
197.848
197.873
197.899
197.924
197.949
197.975
198
198.025
198.051
198.076
198.101
198.127
198.152
198.177
198.203
198.228
198.253
198.279
198.304
198.33
198.355
198.38
198.406
198.431
198.456
198.482
198.507
198.532
198.558
198.583
198.608
198.634
198.659
198.684
198.71
198.735
198.76
198.786
198.811
198.836
198.862
198.887
198.912
198.938
198.963
198.988
199.014
199.039
199.064
199.09
199.115
199.141
199.166
199.191
199.217
199.242
199.267
199.293
199.318
199.343
199.369
199.394
199.419
199.445
199.47
199.495
199.521
199.546
199.571
199.597
199.622
199.647
199.673
199.698
199.724
199.749
199.774
199.8
199.825
199.85
199.876
199.901
199.926
199.952
199.977
200.003
200.028
200.053
200.079
200.104
200.129
200.155
200.18
200.205
200.231
200.256
200.281
200.307
200.332
200.357
200.383
200.408
200.433
200.459
200.484
200.509
200.535
200.56
200.585
200.611
200.636
200.661
200.687
200.712
200.738
200.763
200.788
200.814
200.839
200.864
200.89
200.915
200.94
200.966
200.991
201.016
201.042
201.067
201.092
201.118
201.143
201.168
201.194
201.219
201.245
201.27
201.295
201.321
201.346
201.371
201.397
201.422
201.447
201.473
201.498
201.523
201.549
201.574
201.599
201.625
201.65
201.675
201.701
201.726
201.751
201.777
201.802
201.827
201.853
201.878
201.903
201.929
201.954
201.979
202.005
202.03
202.055
202.081
202.106
202.131
202.157
202.182
202.207
202.233
202.258
202.283
202.309
202.334
202.36
202.385
202.41
202.436
202.461
202.486
202.512
202.537
202.562
202.588
202.613
202.638
202.664
202.689
202.714
202.74
202.765
202.79
202.816
202.841
202.867
202.892
202.917
202.943
202.968
202.993
203.019
203.044
203.069
203.095
203.12
203.145
203.171
203.196
203.221
203.247
203.272
203.297
203.323
203.348
203.373
203.399
203.424
203.449
203.475
203.5
203.525
203.551
203.576
203.601
203.627
203.652
203.677
203.703
203.728
203.754
203.779
203.804
203.83
203.855
203.88
203.906
203.931
203.956
203.982
204.007
204.032
204.058
204.083
204.108
204.134
204.159
204.184
204.21
204.235
204.26
204.286
204.311
204.336
204.362
204.387
204.412
204.438
204.463
204.489
204.514
204.539
204.565
204.59
204.615
204.641
204.666
204.691
204.717
204.742
204.768
204.793
204.818
204.844
204.869
204.894
204.92
204.945
204.97
204.996
205.021
205.046
205.072
205.097
205.122
205.148
205.173
205.198
205.224
205.249
205.274
205.3
205.325
205.35
205.376
205.401
205.426
205.451
205.477
205.502
205.527
205.553
205.578
205.603
205.629
205.654
205.679
205.705
205.73
205.755
205.781
205.806
205.831
205.856
205.882
205.907
205.932
205.958
205.983
206.008
206.034
206.059
206.084
206.11
206.135
206.16
206.186
206.211
206.236
206.262
206.287
206.312
206.338
206.363
206.388
206.414
206.439
206.464
206.489
206.515
206.54
206.565
206.591
206.616
206.641
206.667
206.692
206.717
206.743
206.768
206.793
206.818
206.844
206.869
206.894
206.92
206.945
206.97
206.996
207.021
207.046
207.072
207.097
207.122
207.147
207.173
207.198
207.223
207.249
207.274
207.299
207.325
207.35
207.375
207.4
207.426
207.451
207.476
207.502
207.527
207.552
207.578
207.603
207.628
207.653
207.679
207.704
207.729
207.755
207.78
207.805
207.831
207.856
207.881
207.907
207.932
207.957
207.983
208.008
208.033
208.058
208.084
208.109
208.134
208.16
208.185
208.21
208.236
208.261
208.286
208.312
208.337
208.362
208.388
208.413
208.438
208.464
208.489
208.514
208.54
208.565
208.59
208.616
208.641
208.666
208.692
208.717
208.742
208.768
208.793
208.818
208.844
208.869
208.894
208.92
208.945
208.97
208.996
209.021
209.046
209.072
209.097
209.122
209.147
209.173
209.198
209.223
209.249
209.274
209.299
209.325
209.35
209.375
209.401
209.426
209.451
209.477
209.502
209.527
209.553
209.578
209.603
209.629
209.654
209.679
209.705
209.73
209.755
209.78
209.806
209.831
209.856
209.882
209.907
209.932
209.958
209.983
210.008
210.034
210.059
210.084
210.11
210.135
210.161
210.186
210.211
210.237
210.262
210.287
210.313
210.338
210.363
210.389
210.414
210.439
210.465
210.49
210.515
210.541
210.566
210.592
210.617
210.642
210.668
210.693
210.718
210.744
210.769
210.794
210.819
210.845
210.87
210.895
210.921
210.946
210.972
210.997
211.022
211.048
211.073
211.098
211.124
211.149
211.174
211.2
211.225
211.251
211.276
211.301
211.327
211.352
211.377
211.403
211.428
211.453
211.479
211.504
211.529
211.554
211.58
211.605
211.63
211.656
211.681
211.706
211.732
211.757
211.782
211.808
211.833
211.858
211.884
211.909
211.934
211.96
211.985
212.01
212.036
212.061
212.086
212.112
212.137
212.162
212.188
212.213
212.238
212.264
212.289
212.314
212.34
212.365
212.39
212.416
212.441
212.466
212.492
212.517
212.542
212.568
212.593
212.619
212.644
212.669
212.695
212.72
212.745
212.771
212.796
212.821
212.847
212.872
212.897
212.923
212.948
212.973
212.999
213.024
213.049
213.075
213.1
213.125
213.151
213.176
213.201
213.227
213.252
213.277
213.302
213.328
213.353
213.378
213.404
213.429
213.454
213.48
213.505
213.53
213.555
213.581
213.606
213.631
213.657
213.682
213.707
213.733
213.758
213.783
213.809
213.834
213.859
213.884
213.91
213.935
213.96
213.986
214.011
214.036
214.062
214.087
214.112
214.137
214.163
214.188
214.213
214.238
214.264
214.289
214.314
214.34
214.365
214.391
214.416
214.442
214.467
214.493
214.518
214.544
214.569
214.595
214.62
214.646
214.671
214.696
214.722
214.747
214.773
214.798
214.824
214.849
214.875
214.9
214.926
214.951
214.977
215.002
215.027
215.053
215.078
215.104
215.129
215.155
215.18
215.206
215.231
215.257
215.282
215.307
215.333
215.358
215.384
215.409
215.435
215.46
215.485
215.511
215.536
215.562
215.587
215.613
215.638
215.664
215.689
215.714
215.739
