79.4128
112.476
261.187
259.97
259.882
263.417
271.429
281.892
285.854
284.657
284.296
284.291
284.278
284.259
284.232
284.199
284.159
284.116
284.063
284.001
283.932
283.857
283.776
283.688
283.592
283.49
283.382
283.268
283.15
283.026
282.898
282.754
282.609
282.461
282.297
282.124
281.948
281.784
281.613
281.44
281.263
281.076
280.882
280.686
280.486
280.283
280.072
279.855
279.632
279.406
279.17
278.935
278.695
278.45
278.201
277.951
277.688
277.426
277.153
276.878
276.597
276.311
276.022
275.726
275.424
275.12
274.811
274.499
274.183
273.854
273.527
273.19
272.85
272.508
272.161
271.808
271.452
271.088
270.724
270.352
269.977
269.594
269.218
268.823
268.423
268.019
267.609
267.195
266.77
266.35
265.918
265.497
265.072
264.636
264.198
263.757
263.315
262.872
262.411
261.962
261.506
261.058
260.599
260.148
259.684
259.221
258.759
258.3
257.833
257.363
256.891
256.417
255.947
255.467
254.992
254.516
254.039
253.563
253.102
252.58
252.108
251.642
251.168
250.71
250.249
249.795
249.335
248.88
248.419
247.97
247.51
247.044
246.591
246.134
245.671
245.205
244.75
244.278
243.818
243.351
242.893
242.437
241.98
241.534
241.094
240.651
240.227
239.809
239.389
238.989
238.6
238.22
237.844
237.485
237.139
236.794
236.458
236.123
235.788
235.45
235.103
234.772
234.548
234.497
234.336
234.195
234.036
233.92
233.756
233.62
233.486
233.384
233.276
233.175
233.079
232.982
232.889
232.788
232.646
232.486
232.323
232.116
231.952
231.806
231.623
231.491
231.324
231.207
231.14
231.061
231.006
230.916
230.847
230.803
230.744
230.723
230.728
230.855
230.981
231.104
231.28
231.523
231.765
231.948
232.229
232.509
232.774
233.055
233.303
233.529
233.791
234.036
234.379
234.728
235.036
235.363
235.687
235.982
236.314
236.714
237.06
237.426
237.765
238.054
238.366
238.697
238.988
239.308
239.546
239.84
240.089
240.343
240.605
240.823
241.046
241.252
241.455
241.647
241.828
242.001
242.179
242.33
242.471
242.599
242.718
242.835
242.917
243.032
243.143
243.25
243.37
243.445
243.511
243.595
243.643
243.689
243.723
243.763
243.769
243.758
243.766
243.759
243.729
243.71
243.693
243.68
243.665
243.616
243.584
243.541
243.467
243.387
243.306
243.22
243.114
243.02
242.914
242.785
242.658
242.531
242.385
242.222
242.07
241.915
241.758
241.595
241.443
241.283
241.104
240.912
240.71
240.503
240.285
240.064
239.837
239.605
239.37
239.121
238.857
238.602
238.324
238.064
237.793
237.521
237.253
236.982
236.717
236.435
236.151
235.879
235.604
235.326
235.043
234.764
234.483
234.202
233.919
233.647
233.362
233.073
232.789
232.505
232.223
231.939
231.654
231.369
231.087
230.803
230.523
230.243
229.964
229.687
229.412
229.14
228.883
228.617
228.351
228.084
227.818
227.551
227.281
227.017
226.749
226.484
226.229
225.972
225.723
225.5
225.326
225.118
224.947
224.778
224.609
224.432
224.257
224.012
223.828
223.667
223.498
223.376
223.295
223.224
223.149
223.09
223.016
222.949
222.832
222.761
222.682
222.599
222.511
222.401
222.341
222.299
222.275
222.306
222.394
222.536
222.704
222.726
222.731
222.858
222.995
223.128
223.346
223.603
223.852
224.041
224.255
224.602
224.897
225.236
225.551
225.819
226.098
226.451
226.758
226.986
227.284
227.614
227.922
228.243
228.546
228.811
229.073
229.363
229.607
229.823
230.097
230.318
230.554
230.815
230.988
231.227
231.41
231.626
231.868
232.102
232.358
232.648
233.029
233.363
233.719
234.057
234.378
234.679
234.971
235.24
235.505
235.754
236.024
236.276
236.505
236.736
236.933
237.121
237.334
237.502
237.658
237.833
237.974
238.098
238.261
238.36
238.467
238.567
238.658
238.743
238.798
238.866
238.91
238.942
238.971
238.962
238.988
239.009
239.021
239.026
239.011
238.994
238.964
238.91
238.864
238.822
238.758
238.692
238.611
238.517
238.415
238.312
238.2
238.067
237.954
237.842
237.735
237.635
237.519
237.414
237.263
237.133
236.989
236.836
236.685
236.514
236.348
236.186
236.031
235.857
235.707
235.523
235.335
235.144
234.949
234.753
234.55
234.317
234.109
233.905
233.678
233.473
233.243
233.002
232.765
232.513
232.236
231.987
231.738
231.483
231.238
230.979
230.743
230.498
230.241
229.999
229.757
229.507
229.25
229.011
228.76
228.525
228.279
228.039
227.805
227.577
227.336
227.105
226.87
226.629
226.394
226.153
225.904
225.668
225.432
225.182
224.937
224.708
224.475
224.25
224.014
223.783
223.555
223.325
223.115
222.908
222.71
222.585
222.527
222.461
222.36
222.235
222.128
222.033
221.932
221.883
221.836
221.752
221.647
221.551
221.475
221.504
221.526
221.503
221.481
221.458
221.4
221.424
221.468
221.496
221.528
221.604
221.69
221.769
221.85
221.941
222.057
222.162
222.306
222.455
222.65
222.849
223.056
223.23
223.504
223.889
224.202
224.496
224.818
225.167
225.426
225.653
225.939
226.204
226.461
226.789
227.118
227.415
227.717
228.038
228.314
228.569
228.847
229.085
229.281
229.527
229.747
229.974
230.334
230.653
230.971
231.3
231.588
231.868
232.032
232.263
232.585
232.912
233.206
233.492
233.758
234.011
234.272
234.515
234.741
234.984
235.178
235.348
235.493
235.635
235.759
235.862
235.997
236.134
236.252
236.369
236.488
236.59
236.68
236.77
236.857
236.918
236.977
237.038
237.142
237.222
237.297
237.366
237.45
237.503
237.52
237.564
237.603
237.629
237.685
237.677
237.683
237.688
237.644
237.625
237.587
237.516
237.463
237.371
237.302
237.269
237.218
237.135
237.024
236.928
236.781
236.655
236.511
236.4
236.251
236.117
235.994
235.853
235.698
235.553
235.407
235.286
235.118
234.971
234.804
234.641
234.474
234.307
234.148
233.977
233.822
233.66
233.47
233.282
233.095
232.908
232.717
232.526
232.328
232.129
231.954
231.762
231.575
231.379
231.174
230.952
230.729
230.511
230.283
230.048
229.806
229.571
229.337
229.163
228.927
228.751
228.57
228.409
228.193
228.02
227.84
227.624
227.462
227.272
227.073
226.888
226.71
226.542
226.36
226.139
225.96
225.726
225.498
225.368
225.323
225.247
225.154
225.083
224.958
224.907
224.923
224.91
224.882
224.853
224.825
224.81
224.839
224.793
224.751
224.724
224.747
224.811
224.894
225.063
225.207
225.233
225.257
225.181
225.152
225.085
225.017
224.953
224.886
224.836
224.78
224.741
224.771
224.801
224.817
224.842
224.896
224.941
225.026
225.087
225.147
225.208
225.249
225.27
225.327
225.375
225.52
225.681
225.889
226.061
226.208
226.358
226.551
226.745
226.935
227.155
227.37
227.548
227.766
227.989
228.214
228.387
228.578
228.785
228.963
229.165
229.402
229.628
229.83
230.006
230.209
230.362
230.532
230.698
230.833
230.992
231.145
231.253
231.437
231.586
231.743
231.906
232.057
232.202
232.378
232.51
232.61
232.704
232.783
232.901
233.029
233.165
233.278
233.394
233.468
233.583
233.735
233.849
233.974
234.097
234.184
234.325
234.419
234.537
234.638
234.698
234.808
234.89
234.97
235.004
235.067
235.106
235.136
235.158
235.184
235.169
235.107
235.039
234.974
234.895
234.817
234.73
234.625
234.517
234.454
234.362
234.219
234.164
234.045
233.917
233.809
233.697
233.504
233.417
233.329
233.271
233.211
233.108
233.046
232.957
232.814
232.675
232.498
232.366
232.199
232.049
231.885
231.719
231.538
231.34
231.191
231.016
230.861
230.675
230.515
230.354
230.18
230.035
229.9
229.777
229.669
229.524
229.372
229.23
229.097
228.948
228.803
228.703
228.59
228.49
228.41
228.359
228.304
228.248
228.198
228.119
228.023
227.92
227.913
228.036
228.209
228.422
228.646
228.795
228.971
229.148
229.336
229.475
229.647
229.773
229.922
230.025
230.165
230.275
230.387
230.46
230.549
230.64
230.683
230.735
230.781
230.831
230.9
230.965
230.975
231.043
230.997
231.017
230.995
231.016
231.012
231.014
230.967
230.959
230.965
230.871
230.815
230.796
230.736
230.662
230.566
230.477
230.377
230.312
230.267
230.233
230.19
230.126
230.127
230.024
230.01
229.889
229.839
229.791
229.739
229.706
229.708
229.767
229.751
229.75
229.765
229.756
229.731
229.763
229.759
229.731
229.687
229.673
229.629
229.58
229.629
229.724
229.813
229.868
229.955
230.004
230.04
230.083
230.114
230.125
230.134
230.11
230.098
230.069
230.067
230.065
230.002
229.972
229.965
229.951
229.939
229.864
229.859
229.798
229.746
229.716
229.662
229.53
229.43
229.348
229.258
229.144
229.037
228.938
228.85
228.751
228.628
228.569
228.537
228.49
228.445
228.411
228.421
228.437
228.43
228.449
228.45
228.423
228.374
228.344
228.291
228.232
228.167
228.125
228.072
227.974
227.897
227.83
227.757
227.726
227.878
227.981
227.999
228.004
228.078
228.133
228.171
228.224
228.202
228.182
228.105
228.083
228.066
228.029
228.038
228.058
228.013
227.998
228.054
228.026
228.013
228.039
228.04
228.016
228.017
228.031
227.971
228.037
228.245
228.346
228.448
228.501
228.541
228.657
228.805
228.966
229.1
229.228
229.301
229.392
229.479
229.538
229.683
229.781
229.83
229.93
230.033
230.112
230.156
230.22
230.274
230.335
230.387
230.443
230.523
230.592
230.668
230.733
230.8
230.868
230.929
230.98
231.04
231.018
231.049
231.08
231.148
231.097
231.097
231.068
231.002
230.986
230.952
230.934
230.899
230.94
230.957
230.966
230.923
230.928
230.93
230.898
230.878
230.823
230.808
230.789
230.778
230.809
230.856
230.918
230.99
231.102
231.272
231.454
231.639
231.801
231.938
232.121
232.232
232.335
232.414
232.476
232.561
232.608
232.649
232.688
232.733
232.757
232.754
232.776
232.782
232.78
232.75
232.692
232.644
232.567
232.478
232.402
232.33
232.24
232.132
232.025
231.944
231.842
231.752
231.684
231.623
231.508
231.426
231.327
231.249
231.157
231.05
231.022
230.998
230.986
230.951
230.912
230.827
230.82
230.74
230.657
230.601
230.545
230.464
230.372
230.328
230.189
230.113
229.975
229.85
229.762
229.599
229.504
229.471
229.42
229.394
229.33
229.273
229.2
229.131
229.013
228.889
228.786
228.639
228.522
228.5
228.4
228.298
228.185
228.071
227.969
227.895
227.925
227.851
227.826
227.792
227.755
227.778
227.674
227.592
227.508
227.445
227.421
227.382
227.342
227.3
227.256
227.21
227.131
227.082
227.032
226.982
226.991
226.96
227.007
227.008
227.004
226.941
226.93
226.912
226.888
226.817
226.89
226.997
227.045
227.219
227.359
227.567
227.714
227.827
227.94
227.719
227.858
227.981
228.107
228.213
228.245
228.314
228.358
228.438
228.556
228.619
228.75
228.858
229.002
229.165
229.242
229.371
229.494
229.607
229.714
229.799
229.879
229.974
230.057
230.173
230.256
230.409
230.592
230.805
230.993
231.214
231.37
231.554
231.736
231.878
232.042
232.155
232.318
232.424
232.525
232.646
232.741
232.813
232.883
232.95
232.937
232.94
232.965
232.969
232.96
232.939
232.9
232.879
232.881
232.942
232.985
232.999
232.983
233.007
233.007
232.997
232.992
233.039
233.066
233.077
233.103
233.123
233.119
233.147
233.139
233.109
233.094
233.071
232.992
232.988
232.976
232.952
232.837
232.766
232.757
232.65
232.549
232.429
232.261
232.127
232.029
231.922
231.82
231.661
231.529
231.419
231.281
231.158
231.005
230.846
230.712
230.579
230.533
230.538
230.517
230.497
230.503
230.459
230.429
230.417
230.369
230.354
230.314
230.263
230.22
229.88
229.806
229.763
229.691
229.612
229.552
229.474
229.369
229.306
229.263
229.247
229.231
229.185
229.137
229.087
229.122
229.143
229.123
229.131
229.133
229.09
229.099
229.064
229.025
229.007
228.943
228.907
228.843
228.784
228.71
228.652
228.596
228.393
228.333
228.229
228.167
228.049
227.896
227.851
227.804
227.733
227.675
227.682
227.628
227.589
227.575
227.497
227.46
227.432
227.377
227.35
227.318
227.309
227.213
227.177
227.12
227.078
227.003
226.921
226.858
226.791
226.743
226.679
226.623
226.597
226.499
226.396
226.296
226.151
226.053
225.961
225.83
225.719
225.628
225.51
225.365
225.273
225.128
225.069
225.011
224.974
224.954
224.945
224.949
224.925
224.938
224.902
225
225.158
225.328
225.564
225.794
226.008
226.218
226.36
226.53
226.658
226.82
226.964
227.035
227.145
227.232
227.444
227.681
227.939
228.19
228.441
228.654
228.943
229.249
229.478
229.711
229.907
230.132
230.348
230.546
230.742
230.958
231.153
231.355
231.517
231.615
231.722
231.837
231.95
232.061
232.217
232.354
232.468
232.56
232.65
232.71
232.763
232.852
232.941
233.021
233.098
233.167
233.332
233.512
233.684
233.843
234.001
234.144
234.292
234.446
234.57
234.691
234.801
234.852
234.939
235.021
235.095
235.162
235.221
235.273
235.316
235.351
235.378
235.39
235.406
235.402
235.398
235.384
235.367
235.324
235.306
235.282
235.254
235.235
235.189
235.145
235.099
235.027
234.952
234.894
234.803
234.708
234.616
234.535
234.419
234.29
234.148
234.022
233.857
233.671
233.508
233.335
233.142
232.959
232.791
232.599
232.399
232.216
232.027
231.829
231.635
231.462
231.266
231.081
230.895
230.7
230.497
230.301
230.098
229.878
229.664
229.463
229.247
229.082
228.948
228.816
228.662
228.522
228.403
228.26
228.123
228
227.853
227.73
227.612
227.488
227.396
227.295
227.216
227.119
227.025
226.95
226.832
226.714
226.59
226.538
226.599
226.661
226.858
227.012
227.215
227.375
227.532
227.694
227.843
227.998
228.14
228.314
228.485
228.621
228.789
228.944
229.054
229.196
229.288
229.385
229.514
229.619
229.669
229.786
229.828
229.921
230.013
230.064
230.134
230.184
230.2
230.245
230.276
230.276
230.252
230.214
230.192
230.183
230.103
230.067
230
229.922
229.866
229.813
229.743
229.692
229.703
229.692
229.66
229.665
229.713
229.769
229.807
229.836
229.871
229.876
229.822
229.888
229.889
229.923
229.917
229.968
230.02
230.058
230.036
230.076
230.105
230.131
230.146
230.163
230.131
230.094
230.073
230.022
229.966
229.928
229.883
229.807
229.751
229.731
229.65
229.585
229.533
229.52
229.48
229.43
229.345
229.29
229.255
229.187
229.119
229.058
229.008
228.957
228.907
228.849
228.766
228.695
228.655
228.724
228.84
228.96
229.116
229.292
229.343
229.401
229.43
229.502
229.518
229.52
229.577
229.564
229.534
229.528
229.527
229.476
229.455
229.424
229.367
229.343
229.319
229.296
229.279
229.251
229.261
229.29
229.32
229.341
229.363
229.365
229.331
229.299
229.248
229.21
229.252
229.279
229.303
229.463
229.634
229.745
229.848
229.943
230.054
230.139
230.207
230.264
230.348
230.371
230.47
230.596
230.761
230.902
231.075
231.196
231.264
231.352
231.472
231.587
231.673
231.762
231.866
231.929
231.982
232.097
232.138
232.15
232.2
232.215
232.221
232.218
232.238
232.26
232.234
232.196
232.155
232.091
232.019
231.978
231.979
231.97
231.967
231.968
231.961
231.942
231.921
231.829
231.781
231.755
231.704
231.66
231.606
231.554
231.5
231.451
231.416
231.405
231.379
231.345
231.307
231.319
231.317
231.321
231.301
231.284
231.268
231.229
231.156
231.061
230.969
230.915
230.881
230.834
230.804
230.799
230.856
230.855
230.9
230.871
230.838
230.8
230.756
230.677
230.619
230.566
230.507
230.444
230.361
230.285
230.219
230.129
230.031
229.939
229.84
229.726
229.626
229.513
229.417
229.295
229.209
229.094
228.973
228.847
228.715
228.637
228.583
228.501
228.397
228.346
228.283
228.215
228.132
228.053
227.953
227.849
227.784
227.684
227.639
227.574
227.47
227.367
227.209
227.117
227.078
227.11
227.093
227.123
227.158
227.153
227.192
227.25
227.336
227.418
227.442
227.52
227.487
227.562
227.633
227.599
227.642
227.671
227.653
227.691
227.696
227.726
227.7
227.704
227.723
227.707
227.727
227.731
227.704
227.707
227.703
227.674
227.638
227.633
227.632
227.641
227.694
227.693
227.718
227.748
227.721
227.691
227.708
227.691
227.628
227.64
227.701
227.824
227.922
228.073
228.173
228.257
228.339
228.417
228.496
228.57
228.681
228.804
228.921
229.025
229.079
229.287
229.435
229.57
229.717
229.797
229.936
230.083
230.155
230.197
230.304
230.389
230.453
230.495
230.618
230.73
230.747
230.819
230.878
230.932
230.974
231.03
231.086
231.132
231.164
231.213
231.324
231.424
231.531
231.603
231.651
231.736
231.801
231.821
231.87
231.913
231.923
231.919
231.946
231.953
231.969
231.934
231.914
231.94
231.934
231.922
231.902
231.901
231.885
231.852
231.811
231.8
231.788
231.763
231.771
231.811
231.745
231.747
231.75
231.728
231.706
231.69
231.667
231.625
231.598
231.566
231.508
231.46
231.42
231.36
231.281
231.216
231.139
231.041
230.959
230.866
230.8
230.751
230.734
230.725
230.773
230.814
230.849
230.908
230.959
230.969
231.055
231.046
231.036
231.082
231.047
231.012
230.938
230.864
230.816
230.752
230.652
230.626
230.556
230.544
230.505
230.487
230.477
230.52
230.566
230.611
230.64
230.682
230.65
230.564
230.512
230.426
230.335
230.306
230.237
230.186
230.157
230.097
230.052
230.005
229.951
229.893
229.833
229.759
229.674
229.603
229.529
229.457
229.426
229.413
229.399
229.333
229.3
229.269
229.236
229.197
229.151
229.106
229.069
229.077
229.083
229.065
229.069
229.075
229.107
229.202
229.265
229.322
229.373
229.423
229.465
229.503
229.536
229.554
229.57
229.579
229.575
229.574
229.588
229.576
229.536
229.538
229.591
229.658
229.736
229.803
229.858
229.93
229.948
230.007
230.064
230.119
230.162
230.201
230.237
230.265
230.272
230.188
230.187
230.16
230.087
230.062
230.042
230.04
230.022
230.002
229.913
229.839
229.749
229.661
229.559
229.511
229.573
229.606
229.618
229.578
229.133
229.151
229.204
229.239
229.264
229.304
229.321
229.408
229.423
229.427
229.407
229.41
229.385
229.34
229.336
229.348
229.418
229.478
229.534
229.583
229.632
229.672
229.704
229.737
229.772
229.803
229.819
229.817
229.874
229.901
229.875
229.854
229.827
229.827
229.889
229.944
230.021
230.05
230.065
230.114
230.187
230.257
230.326
230.412
230.494
230.59
230.699
230.816
230.867
230.947
230.956
230.961
230.905
230.892
230.899
230.892
230.875
230.855
230.843
230.834
230.797
230.764
230.734
230.713
230.705
230.685
230.665
230.67
230.707
230.712
230.709
230.724
230.701
230.669
230.655
230.645
230.633
230.706
230.737
230.766
230.829
230.846
230.862
230.895
230.952
230.944
230.933
230.913
230.897
230.855
230.877
230.983
231.009
231.067
231.147
231.158
231.165
231.169
231.165
231.131
231.128
231.112
231.07
231.047
231.016
230.976
230.933
230.897
230.856
230.81
230.754
230.672
230.616
230.558
230.484
230.386
230.305
230.197
230.129
230.045
229.957
229.865
229.777
229.69
229.617
229.587
229.565
229.577
229.568
229.516
229.463
229.42
229.358
229.311
229.271
229.211
229.152
229.087
229.02
228.945
228.872
228.799
228.726
228.64
228.564
228.561
228.555
228.545
228.529
228.508
228.493
228.453
228.412
228.371
228.329
228.32
228.347
228.326
228.327
228.334
228.303
228.349
228.414
228.463
228.537
228.577
228.63
228.677
228.726
228.775
228.827
228.773
228.798
228.812
228.92
229.006
229.08
229.15
229.213
229.272
229.325
229.38
229.366
229.486
229.471
229.486
229.424
229.427
229.425
229.42
229.415
229.45
229.545
229.715
229.835
229.936
230.015
230.091
230.139
230.237
230.219
230.24
230.353
230.44
230.498
230.548
230.601
230.626
230.673
230.688
230.737
230.764
230.788
230.808
230.824
230.889
230.899
230.97
231.013
231.035
231.038
231.016
230.989
230.962
230.928
230.893
230.853
230.811
230.763
230.717
230.662
230.6
230.532
230.445
230.36
230.291
230.214
230.165
230.125
230.117
230.122
230.108
230.159
230.209
230.23
230.249
230.277
230.305
230.303
230.294
230.292
230.288
230.261
230.257
230.269
230.253
230.252
230.229
230.204
230.177
230.149
230.173
230.197
230.213
230.224
230.23
230.231
230.232
230.228
230.288
230.346
230.371
230.389
230.409
230.477
230.467
230.409
230.414
230.407
230.442
230.498
230.563
230.603
230.675
230.739
230.811
230.871
230.883
230.934
230.977
230.997
231
230.989
230.983
230.967
230.954
230.933
230.911
230.895
230.867
230.832
230.79
230.743
230.654
230.55
230.463
230.373
230.287
230.201
230.107
230.017
229.937
229.838
229.736
229.643
229.545
229.455
229.37
229.354
229.326
229.313
229.282
229.251
229.228
229.195
229.152
229.1
229.04
228.985
228.939
228.957
229.012
229.077
229.126
229.179
229.161
229.167
229.194
229.189
229.182
229.203
229.204
229.132
229.103
229.151
229.169
229.179
229.213
229.243
229.235
229.275
229.256
229.255
229.307
229.415
229.488
229.556
229.591
229.673
229.721
229.785
229.834
229.901
230.002
230.041
230.128
230.236
230.33
230.354
230.413
230.47
230.551
230.602
230.671
230.734
230.775
230.792
230.849
230.873
230.875
230.894
230.915
230.894
230.899
230.903
230.854
230.786
230.746
230.688
230.593
230.545
230.449
230.409
230.307
230.234
230.193
230.086
229.978
229.951
229.862
229.747
229.672
229.589
229.542
229.477
229.462
229.327
229.374
229.366
229.381
229.403
229.386
229.398
229.336
229.314
229.275
229.245
229.181
229.146
229.105
229.018
228.973
228.896
228.793
228.686
228.562
228.488
228.361
228.264
228.17
228.058
227.927
227.827
227.734
227.621
227.476
227.398
227.238
227.147
227.037
226.928
226.839
226.754
226.754
226.703
226.65
226.571
226.596
226.561
226.604
226.688
226.782
226.944
227.061
227.19
227.298
227.424
227.582
227.741
227.848
227.961
228.131
228.268
228.405
228.584
228.755
228.893
229.038
229.146
229.243
229.399
229.49
229.594
229.669
229.845
229.981
230.206
230.382
230.552
230.7
230.859
230.998
231.189
231.234
231.307
231.374
231.443
231.482
231.458
231.52
231.52
231.603
231.676
231.761
231.79
231.816
231.922
232.029
232.092
232.053
232.086
232.157
232.16
232.226
232.243
232.287
232.305
232.342
232.37
232.39
232.374
232.394
232.434
232.461
232.486
232.516
232.527
232.54
232.557
232.553
232.548
232.532
232.539
232.596
232.632
232.637
232.641
232.687
232.674
232.664
232.654
232.74
232.907
233.025
233.127
233.126
233.177
233.226
233.268
233.304
233.291
233.305
233.265
233.234
233.226
233.168
233.161
233.133
233.105
233.085
233.05
233.009
232.958
232.902
232.821
232.713
232.635
232.5
232.393
232.339
232.273
232.254
232.229
232.197
232.16
232.119
232.021
231.96
231.901
231.82
231.673
231.594
231.487
231.343
231.249
231.101
231.01
230.924
230.815
230.698
230.607
230.501
230.445
230.344
230.194
230.076
229.964
229.847
229.739
229.592
229.43
229.304
229.191
229.053
228.926
228.788
228.665
228.554
228.415
228.262
228.117
227.958
227.971
227.989
227.804
227.803
227.766
227.794
227.803
227.765
227.755
227.742
227.703
227.655
227.615
227.528
227.442
227.357
227.267
227.181
227.089
226.984
226.911
226.852
226.917
226.951
226.97
226.979
226.989
226.986
226.988
226.984
226.984
226.978
226.991
226.998
227.036
227.108
227.242
227.284
227.405
227.46
227.546
227.62
227.704
227.819
227.828
227.868
227.938
227.946
228.002
228.058
228.12
228.152
228.196
228.242
228.236
228.278
228.347
228.325
228.365
228.391
228.44
228.432
228.404
228.379
228.332
228.259
228.233
228.177
228.139
228.156
228.197
228.324
228.503
228.637
228.714
228.854
228.931
229.061
229.105
229.33
229.549
229.704
229.882
230.023
230.222
230.328
230.504
230.623
230.802
230.969
231.123
231.255
231.378
231.497
231.642
231.735
231.821
231.887
231.955
232.03
232.1
232.157
232.22
232.274
232.28
232.298
232.307
232.326
232.337
232.323
232.306
232.305
232.267
232.215
232.171
232.178
232.196
232.225
232.223
232.23
232.264
232.332
232.376
232.439
232.497
232.561
232.603
232.639
232.711
232.76
232.819
232.866
232.895
232.925
232.92
232.912
232.874
232.897
233.034
233.173
233.368
233.541
233.693
233.82
233.976
234.047
234.016
234.043
234.075
234.098
234.079
234.075
234.046
234.011
233.968
233.928
233.881
233.858
233.796
233.716
233.64
233.561
233.475
233.386
233.294
233.197
233.082
232.967
232.887
232.802
232.745
232.652
232.557
232.45
232.36
232.253
232.139
232.027
231.893
231.721
231.558
231.39
231.195
231.032
230.89
230.78
230.68
230.568
230.451
230.362
230.245
230.125
230
229.917
229.852
229.766
229.698
229.607
229.525
229.452
229.345
229.254
229.151
229.043
228.916
228.795
228.679
228.595
228.536
228.491
228.433
228.429
228.416
228.414
228.408
228.389
228.358
228.346
228.322
228.29
228.262
228.207
228.166
228.109
228.045
227.978
227.914
227.835
227.764
227.682
227.644
227.542
227.496
227.411
227.323
227.233
227.14
227.051
227.063
226.994
226.979
226.845
226.845
226.791
226.729
226.662
226.639
226.682
226.747
226.738
226.717
226.692
226.661
226.654
226.69
226.748
226.791
226.789
226.822
226.873
226.874
226.871
226.899
226.92
226.847
226.857
226.866
226.923
226.933
226.937
226.9
226.907
226.886
226.916
226.917
226.919
226.908
226.835
226.801
226.775
226.743
226.745
226.751
226.802
226.837
226.841
226.872
226.885
226.844
226.862
227.046
227.216
227.391
227.567
227.689
227.831
228.002
228.135
228.269
228.348
228.446
228.545
228.615
228.687
228.767
228.843
228.908
228.969
229.029
229.087
229.146
229.191
229.191
229.246
229.247
229.263
229.265
229.377
229.509
229.662
229.763
229.849
230.045
230.17
230.271
230.383
230.508
230.599
230.619
230.713
230.847
230.905
230.973
231.103
231.202
231.32
231.431
231.554
231.731
231.892
232.036
232.218
232.394
232.609
232.768
232.885
233.059
233.225
233.337
233.469
233.567
233.702
233.792
233.845
233.921
233.939
233.946
233.968
234.012
234
233.983
233.972
233.939
233.917
233.87
233.896
233.817
233.757
233.713
233.657
233.598
233.489
233.37
233.272
233.165
233.033
232.9
232.782
232.676
232.575
232.493
232.413
232.354
232.295
232.167
232.051
231.995
231.933
231.798
231.731
231.639
231.567
231.472
231.375
231.272
231.168
231.061
230.949
230.808
230.683
230.546
230.421
230.245
230.097
229.975
229.807
229.683
229.575
229.457
229.399
229.306
229.202
229.157
229.045
228.909
228.763
228.624
228.486
228.351
228.219
228.077
227.944
227.841
227.804
227.82
227.811
227.797
227.773
227.757
227.688
227.653
227.56
227.443
227.488
227.507
227.55
227.576
227.61
227.627
227.617
227.619
227.656
227.822
227.966
228.126
228.288
228.412
228.52
228.667
228.779
228.857
228.976
229.083
229.143
229.205
229.288
229.361
229.463
229.601
229.636
229.686
229.774
229.832
229.833
229.9
229.931
229.973
230.05
230.117
230.171
230.234
230.333
230.366
230.378
230.472
230.506
230.51
230.542
230.567
230.599
230.592
230.583
230.584
230.562
230.531
230.512
230.475
230.419
230.39
230.375
230.297
230.259
230.193
230.124
230.075
229.976
229.917
229.803
229.704
229.636
229.52
229.391
229.328
229.277
229.21
229.191
229.126
229.059
229.024
229.003
228.964
229.002
229.049
229.079
229.06
229.055
229.056
229.032
229.006
228.967
228.963
228.939
228.934
228.941
228.992
228.997
229.018
229.038
229.028
229.043
229.073
229.049
229.082
229.111
229.134
229.149
229.166
229.184
229.204
229.23
229.311
229.39
229.467
229.537
229.606
229.636
229.693
229.756
229.809
229.839
229.866
229.91
229.905
229.919
229.928
229.93
229.927
229.917
229.906
229.97
230.02
230.106
230.185
230.286
230.371
230.473
230.547
230.619
230.682
230.804
230.916
231.027
231.131
231.21
231.284
231.362
231.448
231.525
231.617
231.672
231.744
231.813
231.828
231.886
231.917
231.962
232.004
232.041
232.105
232.117
232.145
232.145
232.105
232.129
232.041
232.026
232.021
231.999
231.969
231.95
231.904
231.857
231.803
231.796
231.776
231.791
231.751
231.751
231.679
231.74
231.723
231.767
231.759
231.693
231.7
231.62
231.608
231.563
231.541
231.549
231.507
231.433
231.395
231.342
231.297
231.241
231.204
231.151
231.093
231.055
231.016
230.949
230.857
230.787
230.73
230.587
230.47
230.299
230.218
230.175
230.108
230.067
230.09
230.123
230.163
230.158
230.16
230.177
230.154
230.155
230.145
230.121
230.084
230.053
229.996
229.947
229.939
229.925
229.915
229.835
229.825
229.792
229.756
229.727
229.724
229.717
229.673
229.679
229.738
229.737
229.719
229.726
229.737
229.716
229.716
229.734
229.776
229.77
229.795
229.797
229.822
229.821
229.783
229.79
229.8
229.743
229.728
229.722
229.673
229.659
229.579
229.558
229.529
229.422
229.367
229.305
229.199
229.084
229
228.89
228.722
228.635
228.545
228.474
228.491
228.565
228.638
228.68
228.77
228.826
228.896
228.967
229.036
229.094
229.185
229.222
229.308
229.343
229.358
229.38
229.419
229.412
229.458
229.44
229.573
229.697
229.798
229.932
230.057
230.14
230.203
230.264
230.412
230.504
230.535
230.639
230.737
230.828
230.899
230.943
231.017
231.069
231.129
231.171
231.26
231.315
231.309
231.359
231.361
231.363
231.367
231.352
231.29
231.25
231.207
231.103
230.961
230.866
230.774
230.64
230.521
230.421
230.33
230.288
230.311
230.356
230.374
230.377
230.439
230.483
230.501
230.503
230.503
230.47
230.452
230.539
230.594
230.673
230.722
230.726
230.747
230.772
230.78
230.785
230.802
230.812
230.828
230.8
230.759
230.661
230.616
230.532
230.462
230.398
230.326
230.253
230.155
230.011
229.867
229.748
229.641
229.528
229.409
229.285
229.16
229.029
228.911
228.813
228.72
228.67
228.624
228.57
228.52
228.454
228.38
228.333
228.279
228.218
228.106
228.044
227.982
227.952
227.919
227.831
227.763
227.718
227.685
227.683
227.695
227.709
227.75
227.8
227.826
227.897
227.902
227.936
228.01
228.025
228.134
228.222
228.351
228.453
228.419
228.416
228.356
228.351
228.356
228.419
228.396
228.388
228.393
228.37
228.413
228.299
228.26
228.359
228.407
228.556
228.684
228.743
228.828
228.841
228.905
228.98
229.116
229.206
229.257
229.328
229.346
229.324
229.358
229.406
229.36
229.319
229.309
229.289
229.308
229.321
229.359
229.318
229.284
229.244
229.27
229.287
229.279
229.285
229.267
229.226
229.195
229.145
229.07
229.12
229.131
229.15
229.188
229.217
229.248
229.326
229.367
229.37
229.49
229.568
229.538
229.042
229.043
229.142
229.183
229.22
229.276
229.355
229.434
229.518
229.494
229.52
229.505
229.458
229.49
229.492
229.479
229.466
229.491
229.501
229.6
229.827
230.064
230.284
230.487
230.656
230.84
230.97
231.084
231.171
231.197
231.295
231.366
231.437
231.499
231.587
231.627
231.669
231.702
231.796
231.845
231.89
231.963
232.05
232.131
232.232
232.309
232.399
232.435
232.503
232.52
232.56
232.523
232.597
232.561
232.527
232.492
232.509
232.463
232.433
232.403
232.313
232.325
232.285
232.23
232.165
232.093
232.053
231.995
231.935
231.892
231.806
231.798
231.803
231.804
231.843
231.803
231.782
231.753
231.675
231.594
231.5
231.419
231.341
231.249
231.124
231.05
230.923
230.827
230.724
230.588
230.485
230.366
230.237
230.066
229.881
229.725
229.604
229.466
229.354
229.289
229.214
229.149
229.047
228.963
228.935
228.903
228.894
228.9
228.91
228.9
228.916
228.895
228.907
228.899
228.897
228.884
228.879
228.887
228.858
228.871
228.793
228.722
228.647
228.563
228.523
228.411
228.358
228.304
228.203
228.181
228.094
228.046
227.99
227.924
227.936
227.873
227.808
227.785
227.727
227.663
227.585
227.548
227.521
227.397
227.352
227.319
227.242
227.261
227.214
227.157
227.153
227.05
227.103
227.209
227.281
227.41
227.46
227.534
227.551
227.527
227.595
227.6
227.674
227.833
227.978
228.078
228.176
228.28
228.37
228.46
228.548
228.654
228.709
228.795
228.885
228.964
229.013
229.06
229.144
229.178
229.234
229.267
229.305
229.307
229.327
229.355
229.378
229.476
229.633
229.839
230.129
230.367
230.551
230.764
230.957
231.15
231.301
231.417
231.612
231.741
231.908
231.949
232.026
232.165
232.319
232.425
232.583
232.691
232.842
232.903
232.993
233.097
233.157
233.242
233.331
233.364
233.439
233.492
233.497
233.531
233.505
233.484
233.523
233.489
233.511
233.51
233.475
233.455
233.402
233.392
233.317
233.268
233.232
233.073
232.964
232.874
232.779
232.647
232.493
232.396
232.279
232.12
231.963
231.833
231.68
231.505
231.343
231.17
231.027
230.923
230.767
230.651
230.537
230.422
230.319
230.19
230.101
230.019
229.912
229.795
229.667
229.592
229.523
229.536
229.548
229.569
229.571
229.71
229.865
230.094
230.317
230.482
230.711
230.913
231.13
231.273
231.43
231.591
231.719
231.84
231.952
232.043
232.037
231.936
232.022
232.118
232.201
232.227
232.253
232.267
232.29
232.302
232.312
232.323
232.309
232.279
232.316
232.233
232.142
232.021
231.911
231.829
231.709
231.553
231.461
231.333
231.252
231.156
231.039
230.962
230.866
230.829
230.747
230.643
230.58
230.508
230.475
230.364
230.273
230.22
230.11
230.01
229.901
229.85
229.742
229.65
229.533
229.443
229.306
229.186
229.073
228.904
228.786
228.637
228.619
228.636
228.649
228.682
228.665
228.695
228.67
228.64
228.668
228.638
228.634
228.609
228.583
228.694
228.771
228.861
228.945
229.048
229.104
229.205
229.216
229.265
229.275
229.267
229.284
229.335
229.371
229.363
229.344
229.311
229.306
229.325
229.333
229.296
229.281
229.297
229.336
229.326
229.327
229.346
229.349
229.319
229.317
229.287
229.24
229.207
229.16
229.09
229.044
228.992
228.908
228.825
228.74
228.661
228.563
228.451
228.4
228.273
228.171
228.051
227.954
227.834
227.72
227.588
227.486
227.355
227.234
227.19
227.095
227.135
227.097
227.07
227.057
226.991
226.852
226.75
226.671
226.586
226.473
226.4
226.298
226.228
226.093
226.007
225.905
225.813
225.814
225.815
225.829
225.853
225.868
225.9
225.966
226.025
226.084
226.152
226.322
226.543
226.715
226.886
227.061
227.213
227.378
227.475
227.581
227.714
227.801
227.877
227.992
228.086
228.199
228.34
228.49
228.615
228.787
228.924
229.065
229.255
229.442
229.625
229.684
229.812
229.91
230.015
230.097
230.167
230.214
230.291
230.368
230.43
230.492
230.596
230.673
230.788
230.819
230.934
230.999
231.1
231.149
231.24
231.428
231.586
231.754
231.905
232.004
232.093
232.239
232.469
232.613
232.756
232.897
233.012
233.099
233.188
233.281
233.34
233.461
233.59
233.677
233.704
233.747
233.768
233.774
233.8
233.847
233.871
233.886
233.899
233.911
233.901
233.88
233.857
233.848
233.825
233.802
233.8
233.681
233.694
233.713
233.692
233.644
233.629
233.598
233.514
233.483
233.401
233.297
233.202
233.113
232.998
232.896
232.793
232.726
232.685
232.649
232.575
232.493
232.408
232.343
232.273
232.182
232.12
231.978
231.863
231.773
231.789
231.798
231.789
231.806
231.783
231.786
231.746
231.723
231.718
231.675
231.651
231.609
231.504
231.438
231.347
231.22
231.136
231.028
230.905
230.766
230.644
230.545
230.418
230.27
230.156
230
229.806
229.684
229.701
229.759
229.799
229.868
229.92
229.977
229.966
229.968
229.933
229.971
230.002
230.015
230.028
230.032
230.007
230.031
230.015
229.999
229.938
229.91
229.927
229.913
229.823
229.675
229.657
229.59
229.528
229.459
229.388
229.309
229.225
229.146
229.04
228.939
228.853
228.764
228.668
228.55
228.449
228.328
228.213
228.103
227.985
227.873
227.762
227.701
227.646
227.593
227.561
227.528
227.482
227.447
227.395
227.338
227.254
227.168
227.073
226.982
226.878
226.773
226.669
226.561
226.448
226.345
226.203
226.113
225.993
225.85
225.767
225.682
225.627
225.675
225.726
225.766
225.775
225.818
225.812
225.853
225.882
225.892
225.918
225.907
225.824
225.762
225.781
225.776
225.78
225.764
225.794
225.849
225.87
225.855
225.892
225.916
225.876
225.921
226.067
226.323
226.613
226.818
227.084
227.321
227.518
227.7
227.903
228.095
228.251
228.464
228.641
228.767
228.824
228.879
228.958
229.098
229.187
229.261
229.38
229.476
229.572
229.673
229.818
229.912
230.001
230.147
230.26
230.405
230.544
230.722
230.885
231.049
231.215
231.373
231.489
231.585
231.746
231.825
231.929
232.052
232.131
232.229
232.316
232.358
232.431
232.534
232.667
232.829
232.966
233.093
233.178
233.288
233.377
233.459
233.526
233.604
233.66
233.704
233.751
233.864
233.968
234.083
234.175
234.238
234.318
234.37
234.441
234.498
234.555
234.601
234.638
234.648
234.657
234.646
234.62
234.586
234.536
234.502
234.456
234.4
234.369
234.289
234.256
234.207
234.105
234.036
233.932
233.842
233.769
233.692
233.614
233.574
233.506
233.43
233.371
233.31
233.218
233.116
233.02
232.886
232.821
232.746
232.665
232.649
232.535
232.505
232.456
232.375
232.235
232.17
232.134
232.099
232.077
231.979
231.964
231.855
231.757
231.681
231.571
231.466
231.376
231.393
231.383
231.341
231.335
231.317
231.288
231.253
231.235
231.215
231.159
231.123
231.094
231.023
230.968
230.897
230.844
230.821
230.752
230.744
230.653
230.622
230.593
230.573
230.483
230.425
230.321
230.249
230.128
230.072
230.003
229.894
229.766
229.647
229.505
229.409
229.244
229.114
229.013
228.872
228.764
228.701
228.567
228.493
228.366
228.24
228.143
228.029
227.894
227.773
227.692
227.54
227.455
227.383
227.315
227.285
227.269
227.251
227.219
227.201
227.213
227.237
227.203
227.226
227.262
227.278
227.256
227.207
227.225
227.303
227.438
227.544
227.647
227.759
227.857
227.921
228.017
228.099
228.159
228.216
228.281
228.322
228.348
228.391
228.414
228.438
228.414
228.405
228.41
228.413
228.451
228.509
228.547
228.582
228.59
228.596
228.521
228.508
228.432
228.399
228.423
228.408
228.402
228.347
228.411
228.415
228.439
228.479
228.532
228.509
228.492
228.441
228.4
228.427
228.395
228.335
228.319
228.295
228.315
228.392
228.437
228.436
228.431
228.462
228.557
228.602
228.639
228.665
228.732
228.793
228.919
228.988
229.146
229.212
229.307
229.41
229.523
229.651
229.786
229.914
230.035
230.138
230.245
230.339
230.431
230.539
230.591
230.531
230.429
230.513
230.592
230.654
230.728
230.791
230.864
230.947
230.977
231.038
231.06
231.077
231.089
231.139
231.193
231.226
231.308
231.347
231.383
231.42
231.452
231.479
231.501
231.518
231.529
231.538
231.551
231.546
231.534
231.475
231.456
231.384
231.358
231.324
231.31
231.343
231.365
231.387
231.389
231.386
231.399
231.409
231.415
231.424
231.418
231.415
231.402
231.392
231.416
231.388
231.36
231.337
231.304
231.272
231.23
231.185
231.121
231.052
230.975
230.968
231.039
231.075
231.077
231.121
231.089
231.09
231.099
231.075
231.071
231.071
231.071
231.073
231.145
231.092
231.117
231.123
231.097
231.087
231.08
231.049
231.003
230.982
230.939
230.848
230.9
230.901
230.866
230.855
230.84
230.78
230.7
230.63
230.539
230.485
230.463
230.438
230.445
230.412
230.384
230.277
230.232
230.157
230.096
230.061
229.996
229.936
229.907
229.846
229.845
229.746
229.663
229.585
229.445
229.365
229.278
229.225
229.202
229.164
229.11
229.064
229.011
228.967
228.935
228.933
228.908
228.895
228.838
228.811
228.783
228.753
228.731
228.723
228.734
228.685
228.668
228.633
228.599
228.592
228.624
228.632
228.595
228.562
228.527
228.491
228.467
228.415
228.372
228.321
228.255
228.186
228.111
228.049
227.969
227.917
227.845
227.821
227.838
227.87
227.936
227.985
228.037
228.033
228.07
228.097
228.135
228.169
228.143
228.153
228.164
228.176
228.213
228.255
228.299
228.317
228.36
228.401
228.483
228.537
228.714
228.802
228.893
228.97
229.109
229.229
229.359
229.408
229.452
229.56
229.652
229.736
229.846
229.949
230.069
230.15
230.24
230.365
230.447
230.511
230.553
230.625
230.666
230.724
230.762
230.804
230.845
230.881
230.911
230.939
230.968
230.981
230.995
230.967
230.968
230.968
230.956
230.914
230.893
230.826
230.807
230.784
230.765
230.782
230.801
230.834
231.01
231.203
231.382
231.564
231.68
231.814
231.976
232.112
232.245
232.38
232.476
232.647
232.756
232.83
232.922
233.008
233.073
233.144
233.18
233.245
233.248
233.231
233.235
233.237
233.231
233.223
233.207
233.189
233.163
233.209
233.175
233.194
233.168
233.151
233.111
233.086
233.07
233.029
232.991
232.927
232.873
232.888
232.884
232.866
232.817
232.754
232.674
232.61
232.557
232.491
232.432
232.359
232.292
232.147
232.052
231.955
231.85
231.793
231.683
231.618
231.505
231.434
231.303
231.175
231.043
230.908
230.767
230.624
230.488
230.337
230.185
230.032
229.879
229.738
229.638
229.556
229.527
229.489
229.459
229.419
229.337
229.229
229.113
229.019
228.907
228.823
228.841
228.855
228.858
228.835
228.831
228.812
228.799
228.767
228.81
228.878
228.911
228.938
228.928
228.883
228.838
228.791
228.733
228.675
228.611
228.513
228.386
228.235
228.088
227.945
227.858
227.801
227.816
227.829
227.827
227.811
227.81
227.87
227.915
227.879
227.894
227.92
227.896
227.844
227.812
227.794
227.753
227.687
227.616
227.552
227.426
227.37
227.273
227.199
227.068
226.976
226.893
226.771
226.675
226.57
226.482
226.432
226.526
226.518
226.568
226.555
226.57
226.62
226.636
226.668
226.704
226.754
226.798
226.809
226.843
226.861
226.851
226.88
226.931
226.931
226.994
227.027
227.093
227.14
227.204
227.263
227.253
227.24
227.222
227.205
227.19
227.222
227.32
227.423
227.529
227.672
227.838
227.953
228.085
228.219
228.416
228.553
228.732
228.899
229.059
229.208
229.344
229.481
229.65
229.772
229.898
230.029
230.162
230.341
230.512
230.68
230.835
230.997
231.115
231.258
231.454
231.59
231.455
231.598
231.718
231.894
231.961
232.035
232.123
232.204
232.282
232.351
232.467
232.548
232.595
232.659
232.723
232.764
232.835
232.838
232.899
232.896
232.885
232.918
232.92
232.968
233.019
233.108
233.136
233.21
233.253
233.29
233.299
233.307
233.313
233.304
233.268
233.244
233.229
233.2
233.183
233.129
233.101
233.101
233.094
233.104
233.095
233.127
233.171
233.187
233.19
233.116
233.058
232.972
232.899
232.821
232.768
232.708
232.644
232.573
232.5
232.408
232.436
232.44
232.471
232.474
232.44
232.344
232.287
232.222
232.145
232.074
231.934
231.851
231.824
231.74
231.655
231.589
231.472
231.375
231.226
231.101
230.987
230.871
230.751
230.632
230.514
230.39
230.27
230.151
230.027
229.867
229.689
229.499
229.363
229.189
229.012
228.857
228.695
228.525
228.362
228.213
228.057
227.901
227.768
227.622
227.458
227.291
227.123
226.948
226.805
226.66
226.516
226.406
226.281
226.153
226.064
225.972
225.906
225.828
225.772
225.728
225.633
225.571
225.486
225.46
225.393
225.286
225.27
225.329
225.451
225.6
225.777
225.953
226.117
226.433
226.585
226.788
226.971
227.112
227.256
227.422
227.555
227.653
227.798
227.945
228.106
228.271
228.434
228.585
228.745
228.907
228.967
229.033
229.154
229.233
229.313
229.385
229.439
229.526
229.58
229.635
229.721
229.757
229.753
229.794
229.897
230.049
230.192
230.374
230.516
230.659
230.769
230.91
231.027
231.121
231.242
231.335
231.406
231.505
231.647
231.767
231.897
231.997
232.116
232.196
232.287
232.377
232.437
232.495
232.559
232.595
232.631
232.66
232.712
232.688
232.691
232.671
232.662
232.628
232.616
232.605
232.543
232.508
232.481
232.43
232.373
232.325
232.23
232.205
232.179
232.111
232.051
232.003
231.952
231.878
231.793
231.726
231.681
231.579
231.492
231.405
231.315
231.283
231.343
231.417
231.471
231.494
231.537
231.542
231.557
231.539
231.485
231.456
231.408
231.364
231.328
231.317
231.197
231.274
231.339
231.319
231.312
231.287
231.294
231.269
231.232
231.215
231.207
231.167
231.157
231.125
231.113
231.093
231.071
231.051
231.076
231.091
231.103
231.109
231.113
231.122
231.176
231.226
231.267
231.304
231.333
231.366
231.392
231.415
231.426
231.435
231.44
231.467
231.515
231.482
231.442
231.39
231.375
231.34
231.281
231.235
231.183
231.132
231.082
231.027
231.012
230.947
230.878
230.778
230.695
230.616
230.539
230.458
230.334
230.249
230.158
230.074
229.988
229.898
229.807
229.727
229.633
229.537
229.437
229.337
229.233
229.088
228.954
228.852
228.729
228.623
228.499
228.381
228.266
228.139
228.023
227.886
227.767
227.703
227.645
227.589
227.544
227.57
227.573
227.573
227.574
227.525
227.504
227.532
227.547
227.586
227.561
227.559
227.587
227.616
227.65
227.718
227.788
227.87
227.937
228.006
228.026
228.04
228.051
228.075
228.172
228.27
228.313
228.349
228.418
228.403
228.345
228.313
228.268
228.188
228.097
228.035
228.082
228.113
228.138
228.151
228.238
228.361
228.433
228.533
228.616
228.691
228.767
228.755
228.715
228.727
228.717
228.731
228.725
228.716
228.722
228.713
228.705
228.702
228.694
228.666
228.679
228.613
228.687
228.752
228.786
228.894
228.953
229.049
229.14
229.27
229.41
229.557
229.7
229.845
229.97
230.082
230.173
230.285
230.367
230.476
230.569
230.662
230.743
230.829
230.917
230.99
231.053
231.092
231.127
231.168
231.199
231.211
231.222
231.239
231.304
231.36
231.372
231.39
231.379
231.423
231.485
231.533
231.609
231.699
231.81
231.915
232
232.088
232.127
232.198
232.264
232.309
232.346
232.326
232.337
232.309
232.306
232.326
232.37
232.4
232.406
232.43
232.444
232.542
232.534
232.532
232.542
232.53
232.491
232.481
232.594
232.672
232.76
232.862
232.943
232.991
233.115
233.151
233.196
233.227
233.257
233.278
233.223
233.172
233.11
233.102
233.081
233.052
233.046
232.998
232.934
232.892
232.803
232.743
232.679
232.61
232.502
232.439
232.386
232.303
232.26
232.169
232.09
231.987
231.847
231.792
231.702
231.596
231.518
231.41
231.294
231.247
231.245
231.218
231.227
231.322
231.35
231.406
231.458
231.451
231.481
231.461
231.41
231.358
231.285
231.202
231.083
231
230.916
230.774
230.715
230.641
230.543
230.506
230.463
230.387
230.288
230.178
230.071
229.961
229.858
229.76
229.611
229.502
229.386
229.225
229.101
228.957
228.816
228.682
228.543
228.425
228.305
228.197
228.08
227.957
227.813
227.686
227.562
227.479
227.364
227.254
227.129
227.056
227.022
226.975
226.943
226.854
226.786
226.696
226.695
226.774
226.834
226.873
226.925
226.947
227.023
227.038
227.078
227.133
227.125
227.113
227.125
227.105
227.115
227.166
227.23
227.29
227.382
227.432
227.481
227.533
227.626
227.734
227.842
227.943
228.11
228.244
228.37
228.499
228.636
228.776
228.848
228.979
229.089
229.202
229.306
229.37
229.433
229.516
229.61
229.649
229.72
229.694
229.681
229.69
229.655
229.649
229.645
229.685
229.739
229.778
229.844
229.941
229.989
230.075
230.13
230.21
230.288
230.303
230.371
230.402
230.449
230.468
230.52
230.55
230.541
230.549
230.562
230.544
230.536
230.521
230.49
230.461
230.437
230.387
230.4
230.302
230.304
230.266
230.224
230.202
230.269
230.269
230.265
230.27
230.252
230.305
230.32
230.277
230.253
230.258
230.253
230.274
230.294
230.346
230.318
230.318
230.331
230.31
230.29
230.299
230.252
230.245
230.162
230.139
230.071
230.016
229.989
230.13
230.17
230.247
230.316
230.36
230.394
230.458
230.494
230.504
230.515
230.545
230.558
230.544
230.571
230.587
230.603
230.65
230.681
230.714
230.711
230.727
230.727
230.719
230.701
230.673
230.662
230.685
230.699
230.72
230.746
230.727
230.804
230.832
230.859
230.906
230.941
230.961
231.005
231.026
231.031
231.041
231.023
230.993
231.008
231
230.995
230.982
230.935
230.888
230.856
230.794
230.727
230.621
230.608
230.55
230.557
230.533
230.529
230.509
230.502
230.472
230.475
230.412
230.387
230.328
230.292
230.189
230.14
230.088
230.026
229.931
229.884
229.861
229.87
229.87
229.866
229.829
229.804
229.744
229.681
229.608
229.702
229.702
229.74
229.827
229.856
229.847
229.901
229.946
229.98
230.032
230.007
230.034
230.073
230.07
230.086
230.061
230.092
230.004
230.058
230.065
230.106
230.159
230.172
230.205
230.196
230.192
230.165
230.085
230.045
229.951
229.93
229.87
229.81
229.776
229.673
229.65
229.582
229.551
229.53
229.489
229.473
229.418
229.378
229.329
229.251
229.197
229.137
228.695
228.559
228.539
228.52
228.459
228.394
228.353
228.316
228.254
228.334
228.501
228.657
228.74
228.842
228.883
228.88
228.964
229.049
229.183
229.234
229.347
229.45
229.497
229.569
229.681
229.754
229.831
229.874
229.929
229.926
229.942
230
230.147
230.3
230.401
230.503
230.624
230.717
230.78
230.877
230.896
230.917
230.951
230.915
230.921
230.919
230.903
230.892
230.877
230.921
230.946
230.944
231.016
231.047
231.115
231.14
231.17
231.17
231.203
231.179
231.208
231.231
231.218
231.195
231.21
231.229
231.21
231.195
231.187
231.158
231.112
231.001
231.016
230.986
230.958
230.967
230.928
230.912
230.828
230.731
230.636
230.555
230.524
230.497
230.462
230.407
230.359
230.319
230.263
230.203
230.148
229.987
229.87
229.726
229.6
229.493
229.361
229.205
229.113
228.992
228.886
228.772
228.651
228.525
228.414
228.409
228.413
228.427
228.409
228.395
228.41
228.307
228.274
228.2
228.16
228.109
228.184
228.294
228.386
228.537
228.628
228.766
228.875
228.955
229.064
229.137
229.259
229.249
229.313
229.405
229.398
229.476
229.422
229.382
229.314
229.316
229.277
229.304
229.306
229.336
229.397
229.426
229.514
229.549
229.568
229.567
229.568
229.616
229.612
229.61
229.626
229.639
229.651
229.633
229.638
229.632
229.638
229.641
229.637
229.632
229.617
229.601
229.59
229.551
229.598
229.662
229.777
229.89
229.976
230.052
230.116
230.209
230.266
230.381
230.459
230.533
230.597
230.626
230.723
230.687
230.754
230.79
230.756
230.818
230.821
230.847
230.859
230.916
230.922
230.909
230.926
230.926
230.821
230.756
230.721
230.625
230.528
230.462
230.427
230.371
230.35
230.315
230.23
230.205
230.204
230.101
230.052
230.039
229.971
229.885
229.846
229.798
229.719
229.612
229.565
229.427
229.332
229.297
229.361
229.38
229.488
229.523
229.557
229.58
229.642
229.669
229.719
229.763
229.837
229.907
229.963
229.988
230.017
230.017
230.042
230.074
230.053
230.043
230.033
230.007
229.944
229.909
229.84
229.72
229.709
229.609
229.532
229.499
229.427
229.33
229.353
229.337
229.291
229.322
229.291
229.244
229.198
229.251
229.3
229.317
229.368
229.441
229.48
229.518
229.535
229.568
229.593
229.622
229.631
229.648
229.611
229.626
229.639
229.646
229.64
229.675
229.721
229.787
229.805
229.803
229.849
229.88
229.86
229.873
229.888
229.884
229.866
229.856
229.889
229.92
229.964
230.044
230.076
230.13
230.231
230.288
230.424
230.508
230.571
230.634
230.676
230.734
230.809
230.885
230.917
230.929
230.956
230.979
231.008
231.029
230.98
230.959
230.949
230.884
230.86
230.898
230.902
230.823
230.786
230.741
230.653
230.607
230.564
230.538
230.545
230.55
230.566
230.577
230.587
230.59
230.591
230.583
230.573
230.555
230.52
230.46
230.401
230.362
230.326
230.298
230.319
230.335
230.355
230.376
230.349
230.335
230.324
230.271
230.212
230.207
230.16
230.118
230.096
230.044
229.983
229.936
229.881
229.794
229.71
229.661
229.578
229.57
229.55
229.51
229.516
229.46
229.439
229.389
229.319
229.274
229.294
229.296
229.301
229.257
229.258
229.265
229.223
229.208
229.201
229.193
229.181
229.151
229.168
229.127
229.076
229.022
228.934
228.859
228.844
228.792
228.735
228.72
228.656
228.616
228.575
228.494
228.45
228.469
228.507
228.514
228.513
228.552
228.519
228.476
228.404
228.353
228.298
228.216
228.151
228.106
228.066
228.026
228.022
227.98
227.97
227.931
227.982
228.113
228.157
228.22
228.366
228.416
228.463
228.578
228.641
228.707
228.779
228.837
228.884
228.964
228.972
229.161
229.348
229.489
229.625
229.776
229.955
230.119
230.224
230.378
230.533
230.626
230.714
230.847
230.931
231.064
231.175
231.284
231.396
231.481
231.563
231.59
231.618
231.676
231.756
231.88
232.007
232.156
232.276
232.414
232.533
232.643
232.717
232.84
232.945
233.02
233.099
233.126
233.21
233.244
233.288
233.346
233.397
233.413
233.434
233.438
233.457
233.452
233.418
233.372
233.41
233.442
233.42
233.441
233.457
233.432
233.442
233.442
233.44
233.395
233.344
233.291
233.219
233.153
233.09
233.02
232.942
232.856
232.744
232.66
232.529
232.425
232.327
232.23
232.143
232.101
232.056
232.027
231.976
231.908
231.832
231.759
231.641
231.572
231.598
231.65
231.664
231.645
231.633
231.6
231.509
231.474
231.469
231.387
231.324
231.295
231.245
231.146
231.118
231.082
231.031
230.949
230.879
230.845
230.79
230.688
230.644
230.59
230.473
230.38
230.314
230.228
230.183
230.213
230.248
230.24
230.255
230.252
230.229
230.203
230.198
230.18
230.158
230.122
230.092
230.04
229.973
229.923
229.875
229.761
229.697
229.626
229.519
229.412
229.344
229.24
229.132
228.985
228.865
228.746
228.52
228.37
228.16
228.064
227.963
227.863
227.765
227.702
227.6
227.495
227.371
227.268
227.215
227.205
227.268
227.29
227.293
227.304
227.249
227.193
227.109
227.024
226.898
226.825
226.823
226.847
226.926
226.919
226.954
226.994
226.985
226.945
226.919
226.878
226.851
226.773
226.76
226.717
226.654
226.56
226.483
226.417
226.35
226.247
226.229
226.266
226.286
226.34
226.389
226.456
226.483
226.463
226.479
226.501
226.492
226.503
226.522
226.55
226.626
226.629
226.718
226.94
227.082
227.266
227.409
227.547
227.682
227.802
227.939
228.12
228.402
228.64
228.894
229.099
229.371
229.583
229.811
230.075
230.347
230.551
230.826
231.131
231.438
231.681
231.885
232.124
232.347
232.558
232.772
232.988
233.159
233.36
233.526
233.713
233.933
234.05
234.198
234.288
234.461
234.519
234.585
234.669
234.744
234.81
234.87
234.926
234.975
235.015
235.05
235.028
234.993
234.942
234.896
234.845
234.778
234.752
234.731
234.7
234.666
234.617
234.599
234.542
234.524
234.49
234.394
234.295
234.233
234.147
234.052
233.97
233.881
233.791
233.738
233.617
233.519
233.416
233.309
233.21
233.121
233.007
232.89
232.769
232.645
232.525
232.391
232.266
232.137
231.985
231.858
231.721
231.577
231.428
231.259
231.082
230.909
230.744
230.561
230.374
230.197
229.995
229.817
229.677
229.629
229.576
229.537
229.499
229.4
229.31
229.136
229.056
228.985
228.913
228.758
228.685
228.555
228.439
228.367
228.252
228.136
228
227.867
227.902
227.929
227.95
227.923
227.904
227.909
227.866
227.863
227.863
227.861
227.863
227.852
227.846
227.829
227.815
227.756
227.787
227.815
227.789
227.779
227.763
227.742
227.731
227.721
227.664
227.682
227.637
227.596
227.551
227.512
227.467
227.418
227.323
227.286
227.243
227.201
227.155
227.111
227.058
227.009
226.974
226.898
226.877
226.825
226.771
226.79
226.745
226.763
226.769
226.728
226.727
226.722
226.708
226.694
226.686
226.756
226.789
226.81
226.828
226.851
226.933
227.044
227.181
227.313
227.443
227.58
227.778
227.965
228.148
228.323
228.491
228.654
228.811
228.964
229.119
229.271
229.417
229.558
229.693
229.821
229.945
230.062
230.166
230.264
230.328
230.379
230.46
230.539
230.609
230.688
230.793
230.951
231.116
231.249
231.376
231.424
231.504
231.613
231.688
231.795
231.868
231.981
232.168
232.326
232.439
232.572
232.695
232.814
232.948
233.035
233.149
233.22
233.298
233.332
233.393
233.433
233.461
233.494
233.536
233.605
233.643
233.776
233.847
233.957
234.051
234.109
234.178
234.227
234.26
234.302
234.36
234.348
234.353
234.346
234.344
234.375
234.386
234.397
234.382
234.345
234.299
234.261
234.205
234.143
234.077
234.038
234.003
233.901
233.876
233.773
233.68
233.561
233.442
233.322
233.18
233.064
232.919
232.782
232.635
232.459
232.298
232.197
232.166
232.157
232.163
232.129
232.117
232.111
232.071
232.018
231.998
231.955
231.853
231.76
231.634
231.483
231.355
231.206
231.069
230.82
230.724
230.554
230.355
230.187
230.012
229.89
229.699
229.555
229.373
229.263
229.083
228.924
228.784
228.648
228.435
228.307
228.19
227.993
227.847
227.731
227.576
227.387
227.268
227.14
227.009
226.84
226.7
226.703
226.724
226.698
226.69
226.71
226.67
226.656
226.632
226.665
226.631
226.548
226.524
226.439
226.397
226.314
226.254
226.206
226.146
226.142
226.225
226.254
226.277
226.345
226.412
226.4
226.461
226.478
226.471
226.498
226.625
226.8
226.979
227.139
227.239
227.402
227.542
227.637
227.793
227.914
227.998
228.086
228.125
228.164
228.229
228.259
228.247
228.268
228.29
228.287
228.305
228.276
228.279
228.266
228.227
228.179
228.174
228.133
228.101
228.062
227.998
227.975
227.95
227.905
227.836
227.757
227.68
227.688
227.619
227.575
227.478
227.388
227.383
227.357
227.293
227.257
227.311
227.328
227.304
227.38
227.415
227.416
227.453
227.507
227.517
227.516
227.509
227.519
227.482
227.515
227.669
227.79
227.921
228.044
228.144
228.246
228.373
228.45
228.628
228.784
228.944
229.068
229.208
229.384
229.554
229.725
229.891
230.048
230.255
230.445
230.665
230.898
231.119
231.304
231.527
231.762
232.008
232.238
232.506
232.737
232.927
233.109
233.283
233.453
233.619
233.715
233.825
233.858
233.92
233.969
234.025
234.088
234.173
234.246
234.291
234.349
234.403
234.413
234.416
234.408
234.462
234.52
234.519
234.486
234.468
234.4
234.366
234.335
234.353
234.411
234.429
234.421
234.448
234.451
234.418
234.451
234.476
234.481
234.48
234.503
234.491
234.534
234.565
234.578
234.57
234.583
234.603
234.64
234.681
234.674
234.685
234.629
234.567
234.493
234.43
234.333
234.258
234.151
234.071
233.988
233.878
233.771
233.68
233.581
233.485
233.414
233.381
233.355
233.323
233.283
233.249
233.176
233.11
233.047
232.981
232.902
232.828
232.749
232.661
232.567
232.464
232.345
232.216
232.097
231.969
231.843
231.709
231.614
231.518
231.447
231.365
231.349
231.285
231.197
231.165
231.112
231.083
231.011
230.965
230.907
230.852
230.782
230.726
230.664
230.581
230.491
230.375
230.275
230.166
230.059
229.993
229.945
229.905
229.869
229.79
229.679
229.587
229.501
229.392
229.229
229.101
228.948
228.748
228.59
228.461
228.294
228.146
227.98
227.845
227.671
227.54
227.403
227.267
227.13
226.955
226.821
226.693
226.568
226.479
226.37
226.282
226.227
226.177
226.071
226.033
225.957
225.836
225.763
225.683
225.617
225.489
225.46
225.327
225.272
225.132
225.023
224.926
224.794
224.704
224.551
224.478
224.408
224.381
224.34
224.285
224.263
224.252
224.326
224.392
224.381
224.472
224.619
224.728
224.943
225.107
225.26
225.392
225.534
225.683
225.825
225.965
226.1
226.256
226.338
226.469
226.641
226.794
226.908
227.02
227.134
227.234
227.273
227.345
227.437
227.492
227.614
227.735
227.841
227.959
228.113
228.263
228.363
228.515
228.675
228.819
228.914
229.065
229.213
229.339
229.531
229.677
229.792
229.973
230.148
230.339
230.546
230.797
231.049
231.348
231.666
231.921
232.161
232.423
232.629
232.867
233.066
233.241
233.454
233.608
233.794
233.939
234.075
234.194
234.312
234.418
234.507
234.591
234.728
234.789
234.871
234.953
235.033
235.081
235.129
235.188
235.252
235.305
235.312
235.307
235.335
235.304
235.307
235.295
235.273
235.245
235.203
235.167
235.131
235.086
235.036
234.977
234.917
234.821
234.402
234.252
234.225
234.161
234.084
234.026
233.939
233.835
233.751
233.64
233.551
233.423
233.316
233.244
233.165
233.093
233.086
233.019
232.92
232.806
232.642
232.49
232.405
232.262
232.122
231.941
231.823
231.688
231.502
231.343
231.202
231.036
230.856
230.707
230.552
230.337
230.161
229.979
229.854
229.784
229.724
229.637
229.583
229.524
229.405
229.267
229.153
228.986
228.861
228.691
228.584
228.471
228.316
228.194
228.085
227.956
227.824
227.72
227.609
227.455
227.346
227.228
227.081
226.977
226.939
226.937
226.858
226.825
226.71
226.651
226.558
226.484
226.429
226.369
226.301
226.228
226.163
226.098
226.031
225.959
225.884
225.804
225.724
225.568
225.487
225.4
225.246
225.203
225.159
225.121
225.064
225.034
225.058
225.128
225.153
225.195
225.309
225.397
225.502
225.619
225.732
225.798
225.907
226.033
226.062
226.072
226.113
226.17
226.176
226.208
226.248
226.275
226.296
226.358
226.437
226.486
226.582
226.649
226.693
226.781
226.867
226.953
227.041
227.189
227.334
227.482
227.59
227.748
227.88
228.041
228.242
228.484
228.71
228.933
229.157
229.37
229.577
229.775
229.976
230.183
230.35
230.551
230.715
230.86
230.981
231.089
231.211
231.336
231.469
231.69
231.93
232.147
232.358
232.567
232.759
232.941
233.114
233.278
233.433
233.579
233.722
233.813
233.906
233.993
234.042
234.076
234.122
234.211
234.301
234.41
234.468
234.533
234.592
234.647
234.692
234.731
234.766
234.798
234.816
234.822
234.831
234.822
234.795
234.781
234.763
234.743
234.705
234.678
234.645
234.616
234.571
234.526
234.459
234.41
234.342
234.257
234.169
234.063
233.942
233.813
233.68
233.519
233.412
233.299
233.178
233.062
232.908
232.762
232.615
232.468
232.435
232.348
232.254
232.189
232.123
232.053
231.985
231.852
231.745
231.656
231.541
231.411
231.306
231.213
231.07
231.025
230.97
230.905
230.86
230.783
230.69
230.828
231.098
231.362
231.675
231.923
232.156
232.439
232.66
232.88
233.095
233.295
233.494
233.688
233.878
234.065
234.248
234.426
234.599
234.776
234.947
235.106
235.255
235.397
235.55
235.823
236.089
236.33
236.569
236.8
237.024
237.239
237.451
237.659
237.86
238.06
238.26
238.493
238.678
238.861
239.07
239.248
239.443
239.594
239.742
239.884
240.003
240.113
240.223
240.32
240.436
240.527
240.603
240.684
240.802
240.886
241.001
241.128
241.247
241.36
241.462
241.561
241.641
241.682
241.716
241.757
241.801
241.844
241.877
241.928
241.966
242.034
242.079
242.184
242.301
242.403
242.528
242.641
242.795
242.902
243.033
243.152
243.286
243.507
243.77
243.869
244.127
244.304
244.564
244.86
245.054
245.363
245.674
245.898
246.165
246.354
246.528
246.774
247.012
247.232
247.501
247.764
248.032
248.388
248.713
249.034
249.38
249.754
250.101
250.449
250.791
251.149
251.491
251.818
252.089
252.374
252.651
252.907
253.168
253.482
253.776
254.062
254.351
254.643
254.936
255.209
255.493
255.741
255.954
256.165
256.375
256.581
256.785
256.982
257.174
257.358
257.556
257.748
257.905
258.088
258.264
258.36
258.468
258.626
258.881
259.106
259.319
259.526
259.72
259.91
260.109
260.27
260.429
260.559
260.716
260.829
260.951
261.092
261.198
261.302
261.418
261.558
261.71
261.844
261.977
262.089
262.151
262.227
262.305
262.37
262.415
262.48
262.526
262.647
262.77
262.883
262.989
263.08
263.187
263.245
263.329
263.412
263.463
263.523
263.57
263.589
263.602
263.625
263.676
263.728
263.758
263.787
263.804
263.821
263.802
263.802
263.781
263.732
263.704
263.685
263.642
263.602
263.562
263.563
263.553
263.549
263.549
263.537
263.516
263.471
263.444
263.408
263.36
263.306
263.301
263.231
263.158
263.106
263.077
262.988
262.899
262.831
262.742
262.643
262.597
262.496
262.395
262.272
262.127
262.022
261.804
261.691
261.557
261.447
261.333
261.241
261.172
261.042
260.915
260.82
260.827
260.833
260.791
260.797
260.773
260.745
260.702
260.656
260.593
260.68
260.95
261.221
261.46
261.71
261.95
262.18
262.443
262.658
262.861
263.064
263.16
263.281
263.427
263.579
263.731
263.884
264.037
264.194
264.247
264.463
264.66
264.849
265.025
265.149
265.322
265.491
265.662
265.834
266.011
266.22
266.459
266.757
266.972
267.177
267.377
267.586
267.787
268.09
268.4
268.679
268.977
269.265
269.545
269.81
270.022
270.223
270.415
270.607
270.784
270.983
271.233
271.486
271.767
272.028
272.308
272.561
272.792
273.161
273.538
273.887
274.21
274.556
274.889
275.156
275.382
275.714
276.048
276.349
276.652
276.961
277.312
277.632
277.873
278.167
278.439
278.685
278.943
279.227
279.474
279.715
280
280.318
280.597
280.901
281.176
281.41
281.61
281.791
282.032
282.263
282.888
283.532
284.167
284.78
285.367
285.917
286.494
287.058
287.641
288.245
288.894
289.595
290.285
290.954
291.636
292.305
292.953
293.588
294.195
294.804
295.38
295.952
296.506
296.663
296.778
297.275
297.788
298.29
298.764
299.223
299.667
300.095
300.508
300.918
301.31
301.689
302.053
302.363
302.667
302.958
303.23
303.502
303.756
304
304.258
304.473
304.701
304.918
305.123
305.313
305.509
305.704
305.887
306.065
306.226
306.397
306.563
306.718
306.877
307.033
307.18
307.337
307.104
307.149
307.034
307.273
307.562
307.847
308.126
308.387
308.669
308.525
308.534
308.737
308.937
309.15
309.46
309.397
309.383
309.57
309.885
309.955
310.309
310.711
311.074
311.428
311.761
312.106
312.414
312.72
313.026
313.298
313.564
313.812
314.048
314.271
314.47
314.71
314.952
315.112
315.327
315.482
315.678
315.808
315.957
316.126
316.272
316.074
315.846
315.642
315.408
315.205
314.946
314.739
314.48
314.503
314.6
314.698
314.781
314.859
314.892
314.942
314.986
315.02
315.051
315.098
315.192
315.279
315.334
315.422
315.439
315.583
315.629
315.701
315.738
315.798
315.85
315.887
315.875
315.903
315.939
316.007
316.154
316.312
316.517
316.697
316.941
317.173
317.334
317.551
317.701
317.84
317.962
318.087
318.157
318.281
318.393
318.507
318.627
318.732
318.888
319.013
319.083
319.141
319.272
319.412
319.524
319.624
319.715
319.8
319.928
319.657
319.548
319.752
319.963
320.156
320.389
320.522
320.825
321.287
321.736
322.123
322.543
322.911
323.273
323.284
323.528
323.866
324.195
324.517
324.826
325.129
325.423
325.71
325.61
325.784
326.031
326.259
326.47
326.673
326.91
327.229
327.53
327.822
328.097
328.363
328.635
328.5
328.379
328.624
328.898
329.157
329.405
329.638
329.862
330.071
329.856
330.003
329.75
329.804
329.973
330.125
330.27
330.406
330.537
330.66
330.365
330.415
330.533
330.643
330.318
330.417
330.513
330.602
330.683
330.752
330.809
330.853
330.494
330.22
330.357
330.51
330.674
330.83
330.968
331.093
331.213
331.281
331.393
331.49
331.575
331.653
331.722
331.783
331.836
331.867
331.903
331.936
331.969
331.649
331.737
331.955
332.171
332.379
332.582
332.78
332.968
333.147
333.315
333.475
333.64
333.508
333.109
332.769
332.948
333.178
333.472
333.755
334.027
334.288
334.537
334.78
335.014
335.244
335.474
335.729
336.128
336.523
336.912
337.297
337.68
337.703
338.04
338.398
338.744
339.082
339.421
339.741
340.052
340.362
340.68
340.949
341.255
341.47
341.883
342.309
342.724
343.122
343.511
343.887
344.247
344.6
344.942
345.273
345.592
345.906
346.212
346.507
346.797
347.085
347.369
347.654
347.94
348.225
348.505
348.785
349.059
349.258
349.498
349.767
349.716
349.882
350.121
350.341
350.554
350.766
351.005
351.342
351.681
351.941
352.29
352.627
352.854
353.111
353.421
353.72
354.014
354.295
354.571
354.838
355.099
355.357
355.61
355.858
356.102
356.342
356.541
356.674
356.904
357.125
357.349
357.564
357.775
357.969
357.798
357.931
358.098
358.267
358.466
358.674
358.875
359.07
359.263
359.446
359.622
359.71
359.791
359.955
360.119
360.223
360.341
360.504
360.665
360.824
360.978
361.133
361.29
361.444
361.592
361.731
361.856
361.971
362.086
362.299
362.571
362.834
363.088
363.334
363.574
363.806
364.031
364.252
364.464
364.667
364.864
365.056
365.24
365.425
365.606
365.787
365.967
366.145
366.319
366.495
366.669
366.841
367.011
367.179
367.342
367.504
367.467
367.52
367.653
367.774
367.786
367.796
367.805
367.813
367.815
367.814
367.809
367.799
367.787
367.77
367.75
367.728
367.702
367.674
367.643
367.612
367.577
367.541
367.382
367.302
367.259
367.218
367.177
367.134
367.088
367.043
366.996
366.947
366.899
366.848
366.796
366.741
366.685
366.628
366.57
366.512
366.455
366.402
366.35
366.303
366.256
366.215
366.178
366.145
366.117
366.092
366.072
366.056
366.042
366.029
366.011
365.978
365.941
365.908
365.875
