4.41205
32.4766
30.1116
28.6043
24.6321
23.7028
20.7254
18.1473
15.8298
16.1459
14.8008
14.8181
14.9705
15.1551
15.1714
15.3652
15.5002
15.603
15.7295
15.9196
16.1418
16.3485
16.5922
16.9073
17.2911
17.7061
18.1068
18.4941
18.8066
19.1181
19.3417
19.6105
19.9046
20.1809
20.4403
20.6741
20.8692
20.9993
21.0664
21.072
21.0251
20.9265
20.8209
20.6778
20.4683
20.3246
20.1951
20.0947
19.9504
19.8551
19.7768
19.7058
19.6542
19.644
19.661
19.7056
19.7889
19.8822
19.9651
20.0316
20.1064
20.1653
20.2094
20.2577
20.3182
20.407
20.5174
20.6461
20.7769
20.8394
20.8668
20.8657
20.8443
20.8079
20.7817
20.7465
20.7461
20.685
20.6614
20.6044
20.5114
20.406
20.3317
20.2681
20.2096
20.1723
20.1582
20.161
20.1815
20.2065
20.215
20.2213
20.2281
20.2464
20.2809
20.3276
20.378
20.4464
20.5114
20.6031
20.6913
20.7396
20.7682
20.7717
20.7672
20.7565
20.7393
20.7225
20.7059
20.6928
20.6804
20.656
20.6142
20.5562
20.4852
20.43
20.3848
20.3639
20.3715
20.3928
20.432
20.478
20.5182
20.5487
20.5572
20.5908
20.6102
20.6574
20.7123
20.7642
20.8108
20.8532
20.9002
20.9355
20.9525
20.9386
20.9069
20.8672
20.8301
20.805
20.7791
20.7561
20.7423
20.722
20.6957
20.6542
20.6058
20.553
20.5073
20.4736
20.4463
20.4388
20.4432
20.4607
20.4847
20.5081
20.5331
20.547
20.5748
20.6046
20.6489
20.6946
20.7471
20.8069
20.8649
20.9188
20.9286
20.9459
20.9522
20.9504
20.9438
20.9285
20.9177
20.9046
20.8956
20.8819
20.8683
20.8476
20.819
20.7646
20.729
20.694
20.6632
20.6361
20.6205
20.6072
20.5987
20.5859
20.5781
20.5578
20.5603
20.5753
20.5933
20.619
20.6451
20.6787
20.7185
20.7539
20.7836
20.8135
20.8409
20.8624
20.8806
20.8968
20.9153
20.9296
20.9374
20.9401
20.9322
20.9137
20.8897
20.8607
20.8385
20.8166
20.7971
20.779
20.7603
20.7465
20.7337
20.7204
20.7065
20.6971
20.6908
20.692
20.7019
20.7195
20.7451
20.7795
20.8171
20.8493
20.8714
20.8894
20.9083
20.9229
20.9391
20.9512
20.959
20.9627
20.9677
20.9654
20.9599
20.9473
20.9393
20.9237
20.9123
20.9043
20.8954
20.8887
20.8741
20.8602
20.8392
20.8266
20.8135
20.8064
20.8015
20.8052
20.8148
20.8261
20.8433
20.8668
20.8902
20.919
20.9501
20.9794
21.0047
21.0234
21.0292
21.0241
21.0115
20.993
20.9719
20.9463
20.9186
20.8988
20.882
20.8664
20.8538
20.8467
20.8348
20.8311
20.8241
20.8219
20.821
20.8254
20.8333
20.8423
20.8556
20.8681
20.8813
20.9005
20.9224
20.9438
20.967
20.9929
21.0186
21.0372
21.0541
21.0673
21.0715
21.0693
21.0615
21.0508
21.0379
21.028
21.0171
21.0097
21.0028
20.9892
20.9793
20.9659
20.9584
20.942
20.9244
20.9107
20.8943
20.8821
20.8729
20.8668
20.87
20.8706
20.87
20.8708
20.8806
20.8911
20.8974
20.9205
20.9566
20.9952
21.0343
21.0721
21.1029
21.1298
21.1414
21.142
21.1341
21.1192
21.1
21.0757
21.0372
21.0095
20.9858
20.9665
20.9516
20.9355
20.9144
20.8981
20.8832
20.869
20.859
20.8557
20.8577
20.8658
20.8773
20.8995
20.9251
20.9534
20.9759
20.9868
21.0016
21.0132
21.0203
21.0232
21.0314
21.0378
21.0386
21.0336
21.0287
21.0192
21.0096
20.9989
20.9915
20.9871
20.9848
20.9826
20.985
20.9879
20.9926
20.9985
21.0012
21.001
21.0018
20.9991
20.9974
20.9905
20.9797
20.9668
20.9584
20.9527
20.9525
20.9564
20.9678
20.9872
21.0057
21.0304
21.054
21.0726
21.0849
21.094
21.1012
21.0983
21.0886
21.0752
21.058
21.0368
21.0118
20.9867
20.9618
20.9406
20.9279
20.9161
20.907
20.906
20.9075
20.9165
20.9306
20.9466
20.967
20.9877
21.0075
21.0338
21.0554
21.0757
21.0934
21.1031
21.1044
21.1002
21.0915
21.0826
21.0735
21.0627
21.0524
21.0431
21.0317
21.0218
21.0122
21.0037
20.9989
20.996
20.994
20.9953
20.9995
21.0055
21.0114
21.0187
21.0249
21.0254
21.0221
21.0165
21.0094
21.0011
20.9964
20.9928
20.9979
21.0027
21.0081
21.0208
21.0364
21.0516
21.0631
21.0745
21.084
21.0923
21.0989
21.104
21.1058
21.1047
21.0988
21.0916
21.073
21.0545
21.0342
21.0128
20.9947
20.9719
20.9583
20.9493
20.9434
20.9394
20.9409
20.9499
20.9623
20.9801
21.0018
21.024
21.0451
21.0636
21.0838
21.1002
21.116
21.1278
21.1345
21.1364
21.1326
21.1225
21.1131
21.1014
21.0911
21.0799
21.0677
21.055
21.0413
21.0308
21.0231
21.0193
21.0209
21.0241
21.0286
21.0344
21.0374
21.0391
21.0363
21.0362
21.0376
21.0357
21.0297
21.0276
21.0261
21.0257
21.0349
21.0473
21.0612
21.0779
21.0966
21.1141
21.1312
21.1462
21.1617
21.1699
21.1736
21.173
21.162
21.1471
21.1256
21.1052
21.0819
21.0599
21.0289
21
20.9742
20.9509
20.9376
20.93
20.9292
20.94
20.9587
20.9834
21.0134
21.0465
21.0774
21.1025
21.125
21.1439
21.1566
21.1633
21.1679
21.1683
21.1615
21.1549
21.1368
21.1199
21.1045
21.0892
21.0794
21.0743
21.0708
21.0739
21.0776
21.0824
21.0903
21.0968
21.1005
21.0987
21.0957
21.0897
21.0851
21.0758
21.0661
21.056
21.0478
21.0355
21.0278
21.0192
21.0137
21.0148
21.0192
21.027
21.0389
21.0534
21.0766
21.1013
21.1256
21.1362
21.1505
21.1666
21.1712
21.1701
21.1661
21.1554
21.1407
21.1208
21.0986
21.0754
21.0547
21.0361
21.022
21.0072
20.9992
20.997
20.9989
21.008
21.0225
21.0453
21.0591
21.0752
21.0913
21.1063
21.1161
21.122
21.1268
21.1243
21.1229
21.1201
21.1155
21.1086
21.1023
21.0949
21.0908
21.0853
21.0808
21.0806
21.0834
21.0874
21.0945
21.0986
21.099
21.0995
21.0949
21.0882
21.0809
21.076
21.0715
21.0654
21.0582
21.0525
21.0513
21.0492
21.0512
21.059
21.0632
21.072
21.0823
21.0959
21.1185
21.1364
21.1524
21.1648
21.1741
21.1735
21.1757
21.1704
21.1648
21.157
21.1367
21.1211
21.1049
21.0864
21.0744
21.062
21.0528
21.0439
21.041
21.0416
21.0484
21.0584
21.0699
21.0799
21.0958
21.1098
21.121
21.1319
21.1396
21.1415
21.1409
21.1365
21.1292
21.1227
21.1108
21.1034
21.0987
21.0926
21.0936
21.0974
21.1036
21.1103
21.119
21.1282
21.1376
21.1456
21.1489
21.1466
21.1428
21.1363
21.1256
21.1181
21.1063
21.0939
21.0818
21.0674
21.0615
21.051
21.0514
21.0515
21.0571
21.0658
21.0736
21.0903
21.1066
21.1226
21.1428
21.1589
21.1588
21.1651
21.1634
21.1582
21.143
21.1319
21.118
21.1024
21.0862
21.0682
21.047
21.0326
21.0221
21.0163
21.0177
21.0206
21.0308
21.0446
21.0637
21.0825
21.0931
21.1073
21.1163
21.1149
21.1109
21.1004
21.0874
21.0728
21.053
21.037
21.0251
21.0251
21.0248
21.033
21.0417
21.0501
21.0626
21.0771
21.0864
21.0994
21.1125
21.1251
21.1182
21.122
21.1245
21.1199
21.1072
21.0838
21.0571
21.0275
20.9975
20.9763
20.9608
20.9494
20.9427
20.9494
20.9606
20.9784
20.9984
21.0211
21.0452
21.0714
21.1001
21.1266
21.1486
21.1701
21.1872
21.1943
21.1899
21.1719
21.1448
21.114
21.0832
21.055
21.0313
21.0137
21.0025
20.9971
20.999
21.0046
21.0097
21.0187
21.0299
21.0481
21.072
21.0913
21.0993
21.1084
21.1185
21.1202
21.1148
21.1074
21.0925
21.0821
21.0744
21.0661
21.0595
21.0521
21.0486
21.0443
21.0358
21.046
21.0585
21.0763
21.0942
21.1119
21.1274
21.1409
21.147
21.1486
21.1432
21.1323
21.1115
21.0934
21.0751
21.0585
21.0426
21.0161
21.0071
21.0011
20.9934
20.9918
20.9946
21.0043
21.0191
21.0381
21.0536
21.0658
21.0762
21.0913
21.1008
21.101
21.0997
21.0986
21.0947
21.0882
21.0822
21.0802
21.0789
21.0748
21.0703
21.0688
21.0684
21.0614
21.0605
21.0571
21.0595
21.0629
21.0687
21.0592
21.0589
21.0587
21.0602
21.0598
21.0626
21.0669
21.0658
21.0616
21.058
21.06
21.0628
21.0671
21.0711
21.0753
21.0803
21.0855
21.0878
21.0892
21.0872
21.0884
21.0857
21.0869
21.0909
21.0897
21.0899
21.0889
21.09
21.0832
21.0697
21.0563
21.048
21.0342
21.0306
21.0327
21.0383
21.0471
21.0606
21.075
21.0924
21.1061
21.1161
21.125
21.126
21.1274
21.1273
21.1254
21.1181
21.1109
21.1012
21.0902
21.0796
21.0702
21.0657
21.0613
21.0603
21.0616
21.0647
21.0702
21.0758
21.0807
21.0872
21.0953
21.0985
21.1008
21.0972
21.0927
21.0876
21.0846
21.0827
21.0849
21.0919
21.0975
21.1085
21.1135
21.1175
21.1199
21.1244
21.1326
21.1373
21.1426
21.145
21.1474
21.1496
21.1504
21.1448
21.1346
21.1234
21.1088
21.09
21.0725
21.0591
21.0531
21.0486
21.0528
21.0632
21.072
21.0833
21.0884
21.096
21.1059
21.1138
21.1257
21.1407
21.1545
21.1682
21.1806
21.1837
21.1819
21.1788
21.1713
21.1627
21.1449
21.1279
21.1112
21.0954
21.0852
21.0774
21.071
21.0655
21.0625
21.063
21.0679
21.0748
21.0877
21.1017
21.116
21.1344
21.151
21.1609
21.1667
21.1685
21.1706
21.1669
21.1572
21.1426
21.1314
21.1147
21.1041
21.0934
21.0822
21.0749
21.0681
21.0664
21.0628
21.0639
21.0754
21.0889
21.1003
21.112
21.1212
21.131
21.1426
21.1431
21.1461
21.1472
21.1501
21.1536
21.1566
21.1586
21.1569
21.1581
21.155
21.1492
21.1396
21.1284
21.1229
21.1137
21.1038
21.0962
21.0949
21.0925
21.0968
21.0905
21.0869
21.0808
21.0772
21.0731
21.0778
21.0827
21.0934
21.1071
21.1229
21.1341
21.1396
21.1417
21.1422
21.14
21.129
21.12
21.1137
21.1086
21.1025
21.101
21.0995
21.0937
21.0889
21.0838
21.086
21.0904
21.0988
21.1106
21.1221
21.1285
21.1353
21.1324
21.1275
21.1215
21.1058
21.104
21.097
21.09
21.0794
21.0701
21.0509
21.0446
21.0369
21.0303
21.0293
21.0292
21.031
21.0236
21.0327
21.0472
21.0643
21.0667
21.0819
21.0931
21.1005
21.1063
21.1062
21.1028
21.094
21.0826
21.0688
21.0559
21.045
21.0337
21.0237
21.018
21.017
21.0188
21.0241
21.0222
21.0214
21.023
21.0275
21.0327
21.038
21.0455
21.0553
21.068
21.0824
21.0904
21.0917
21.0898
21.0803
21.0704
21.0605
21.0535
21.0496
21.05
21.0577
21.0696
21.0754
21.0787
21.0815
21.0882
21.0933
21.098
21.1046
21.1093
21.1112
21.1163
21.1129
21.1006
21.0822
21.0636
21.0454
21.0294
21.0172
21.0121
21.0141
21.0199
21.0299
21.0448
21.0586
21.0704
21.0853
21.1023
21.1189
21.133
21.1422
21.1478
21.1478
21.147
21.1427
21.1329
21.1183
21.0992
21.0796
21.0604
21.0409
21.0255
21.0177
21.0136
21.0151
21.0217
21.0286
21.0418
21.0563
21.0724
21.0913
21.1096
21.1286
21.1388
21.1503
21.1579
21.1628
21.16
21.1507
21.1392
21.1279
21.1145
21.1011
21.0922
21.0859
21.0845
21.0839
21.0813
21.0827
21.0831
21.0825
21.087
21.0928
21.0982
21.1029
21.1022
21.1032
21.1043
21.087
21.0844
21.0794
21.0739
21.0672
21.0658
21.0643
21.0703
21.0789
21.0846
21.0939
21.1006
21.1068
21.1087
21.1123
21.1185
21.1205
21.1249
21.1292
21.1248
21.1186
21.1083
21.094
21.0817
21.0702
21.0593
21.0496
21.0482
21.047
21.0461
21.0478
21.0478
21.0522
21.0599
21.0663
21.0731
21.076
21.0789
21.0828
21.089
21.0941
21.0956
21.0949
21.092
21.0877
21.0864
21.0868
21.094
21.0994
21.1041
21.107
21.1104
21.1098
21.1059
21.1027
21.0972
21.0927
21.0836
21.0794
21.0764
21.0751
21.0738
21.0726
21.0722
21.0715
21.0673
21.0704
21.0729
21.071
21.0678
21.0714
21.0796
21.0918
21.1051
21.1175
21.1307
21.1428
21.1498
21.1494
21.1438
21.1397
21.1293
21.1199
21.1085
21.0929
21.0804
21.0647
21.051
21.0408
21.0278
21.0137
21.0042
21.0027
21.005
21.011
21.0231
21.0391
21.0589
21.0814
21.1053
21.1202
21.1299
21.1319
21.1274
21.1235
21.1197
21.1136
21.1106
21.1094
21.1096
21.1019
21.0869
21.0746
21.0619
21.0532
21.0462
21.0454
21.0467
21.0535
21.0601
21.0691
21.0722
21.0734
21.0728
21.0684
21.0643
21.0581
21.0502
21.0467
21.0481
21.0551
21.067
21.0623
21.073
21.0802
21.0891
21.0948
21.1008
21.108
21.1106
21.1177
21.1255
21.1328
21.134
21.1315
21.1212
21.1071
21.0878
21.0616
21.0433
21.0274
21.0167
21.0108
21.0079
21.0104
21.0116
21.0133
21.0151
21.0233
21.0345
21.0467
21.0637
21.0753
21.0989
21.1213
21.1412
21.1575
21.1625
21.1513
21.138
21.1215
21.1005
21.0814
21.0649
21.0523
21.0466
21.0391
21.0333
21.0309
21.0351
21.0417
21.0473
21.0555
21.0651
21.0724
21.0837
21.0894
21.1
21.107
21.1058
21.0965
21.0827
21.0662
21.0517
21.04
21.0342
21.0327
21.0363
21.0472
21.0574
21.0713
21.0882
21.1028
21.1163
21.1275
21.1379
21.1479
21.1544
21.1566
21.1544
21.1467
21.1314
21.1125
21.0888
21.0679
21.0485
21.0338
21.0266
21.0222
21.0208
21.0255
21.032
21.042
21.054
21.0687
21.0871
21.1046
21.1214
21.1386
21.1546
21.1656
21.172
21.174
21.1652
21.1489
21.1291
21.1061
21.0884
21.0724
21.0629
21.053
21.0489
21.0493
21.0536
21.0602
21.0722
21.0849
21.0994
21.1138
21.1305
21.1463
21.1607
21.1732
21.1769
21.1776
21.1692
21.1562
21.1429
21.1302
21.1169
21.1087
21.1053
21.1028
21.1
21.1026
21.1058
21.11
21.1101
21.1042
21.1022
21.102
21.1031
21.1043
21.1105
21.1173
21.1193
21.1179
21.1141
21.1126
21.11
21.11
21.1093
21.1126
21.1207
21.1267
21.1343
21.1419
21.1498
21.1588
21.1626
21.1683
21.167
21.1676
21.162
21.1555
21.1554
21.1502
21.1414
21.1254
21.1069
21.0927
21.081
21.0716
21.0718
21.0722
21.0837
21.0981
21.1106
21.1255
21.1417
21.1561
21.1723
21.1825
21.1917
21.195
21.1928
21.1865
21.1824
21.1719
21.1586
21.144
21.13
21.1152
21.0996
21.0816
21.0702
21.064
21.0672
21.0726
21.0795
21.0884
21.0962
21.1041
21.1163
21.129
21.1411
21.151
21.1601
21.1672
21.1735
21.1752
21.1763
21.1764
21.1706
21.1634
21.1533
21.1426
21.1357
21.1247
21.1174
21.114
21.1078
21.1109
21.1161
21.1251
21.1308
21.1388
21.1435
21.1485
21.1496
21.1491
21.1452
21.1384
21.1303
21.1185
21.1046
21.0949
21.0838
21.0795
21.0789
21.0822
21.0902
21.1007
21.1167
21.1337
21.1525
21.1713
21.1897
21.2044
21.2129
21.2143
21.2129
21.2023
21.19
21.176
21.1582
21.1404
21.1228
21.1031
21.0866
21.0762
21.0714
21.0711
21.0762
21.0849
21.0955
21.1111
21.124
21.1404
21.1504
21.1593
21.1692
21.1777
21.1811
21.1853
21.1926
21.192
21.1825
21.1729
21.16
21.1438
21.129
21.1159
21.1069
21.1023
21.0984
21.1014
21.1103
21.1249
21.1405
21.1552
21.1667
21.1722
21.1726
21.1725
21.169
21.164
21.1545
21.1449
21.1359
21.126
21.116
21.1106
21.0996
21.0908
21.0849
21.0802
21.0811
21.09
21.1042
21.1215
21.1404
21.1405
21.1386
21.1341
21.1279
21.1197
21.1065
21.0915
21.0673
21.0414
21.0174
20.993
20.9669
20.9433
20.9219
20.9017
20.8854
20.8713
20.8593
20.8537
20.8498
20.858
20.8554
20.8665
20.8661
20.8744
20.8789
20.8835
20.8863
20.8883
20.8894
20.8852
20.8831
20.8814
20.8799
20.8758
20.8662
20.8557
20.8495
20.8417
20.8286
20.8257
20.8239
20.8285
20.8347
20.843
20.8513
20.8604
20.8712
20.8833
20.8965
20.9043
20.9102
20.9135
20.9162
20.9168
20.9196
20.923
20.9275
20.9288
20.9304
20.9284
20.929
20.929
20.9307
20.9369
20.9395
20.9415
20.9448
20.9426
20.9405
20.9384
20.9349
20.932
20.9236
20.9132
20.9033
20.8968
20.8909
20.8873
20.8909
20.8927
20.8968
20.8998
20.9037
20.9088
20.9173
20.9279
20.9448
20.961
20.976
20.9946
21.0114
21.0218
21.0282
21.025
21.022
21.0151
21.0074
21.001
20.9877
20.9713
20.9578
20.9311
20.9169
20.9083
20.8997
20.8951
20.8964
20.9028
20.9186
20.9363
20.9559
20.9769
20.9994
21.019
21.0375
21.0512
21.0611
21.0609
21.0572
21.0485
21.0386
21.0235
21.0032
20.9821
20.9594
20.9369
20.9198
20.9051
20.8942
20.8951
20.8988
20.9089
20.9228
20.9414
20.9648
20.9898
21.0097
21.0326
21.0511
21.0652
21.0747
21.0826
21.0872
21.0875
21.0819
21.0684
21.0517
21.0313
21.0117
20.9903
20.9734
20.9544
20.9478
20.9407
20.9396
20.938
20.9348
20.9342
20.9354
20.9429
20.9501
20.9553
20.9571
20.9665
20.976
20.9856
20.994
21.0035
21.0101
21.0199
21.022
21.0311
21.0408
21.0513
21.0649
21.0767
21.0885
21.0906
21.0893
21.0845
21.0791
21.0706
21.0577
21.0428
21.0209
20.9991
20.9796
20.9638
20.9484
20.9399
20.9321
20.9237
20.9252
20.9337
20.9476
20.9661
20.9879
21.0099
21.0349
21.0577
21.0783
21.0985
21.1117
21.1212
21.1248
21.1204
21.114
21.1059
21.101
21.0931
21.0826
21.0663
21.0473
21.0307
21.0181
21.0075
20.9979
20.9925
20.9867
20.9851
20.9804
20.9791
20.9795
20.9869
20.996
21.0059
21.0126
21.0153
21.0184
21.0264
21.0375
21.048
21.0568
21.0638
21.0658
21.0692
21.0752
21.0834
21.096
21.107
21.1153
21.1195
21.1172
21.1129
21.1116
21.1075
21.102
21.0891
21.07
21.0472
21.0291
21.0095
20.9919
20.9743
20.9631
20.9578
20.9566
20.9629
20.9753
20.9943
21.0183
21.0413
21.0685
21.0919
21.1131
21.1318
21.1432
21.1511
21.1575
21.1543
21.1475
21.1459
21.1395
21.1307
21.1262
21.1167
21.0982
21.0772
21.0554
21.034
21.0176
21.0025
20.9926
20.9949
20.9981
21.0094
21.0165
21.0203
21.0268
21.0364
21.0509
21.0646
21.0815
21.1013
21.12
21.1382
21.1544
21.1661
21.1665
21.1606
21.1423
21.1322
21.1238
21.1188
21.1156
21.1147
21.1157
21.1141
21.1069
21.0988
21.0869
21.072
21.0539
21.0361
21.023
21.0121
21.0051
21.0054
21.0138
21.0223
21.0359
21.052
21.063
21.0724
21.0854
21.097
21.1116
21.1287
21.1445
21.1619
21.1697
21.1745
21.1756
21.1714
21.1631
21.1513
21.1359
21.1206
21.1053
21.0905
21.0798
21.0726
21.0657
21.0575
21.0446
21.0328
21.025
21.0199
21.021
21.0278
21.0376
21.0519
21.066
21.0755
21.0896
21.1073
21.1245
21.138
21.145
21.1513
21.1508
21.1504
21.152
21.1549
21.1568
21.1505
21.1421
21.133
21.126
21.1201
21.1111
21.103
21.0966
21.0863
21.0801
21.0736
21.0685
21.0668
21.0632
21.0594
21.0562
21.0549
21.0573
21.0657
21.0758
21.0847
21.0934
21.1028
21.1127
21.1242
21.1339
21.1449
21.1528
21.1575
21.1615
21.1643
21.1661
21.1686
21.1689
21.1656
21.1633
21.1527
21.141
21.1294
21.1174
21.1059
21.096
21.0879
21.0771
21.0688
21.0613
21.061
21.0579
21.0619
21.0667
21.0717
21.0801
21.0876
21.0997
21.1155
21.1307
21.1466
21.1558
21.1622
21.1673
21.1707
21.1729
21.1738
21.1742
21.1728
21.1682
21.1624
21.1559
21.1442
21.1368
21.1284
21.1183
21.1076
21.0999
21.0933
21.0889
21.0875
21.0953
21.0988
21.0972
21.0888
21.0831
21.0747
21.0659
21.0661
21.0742
21.0842
21.0983
21.1192
21.1341
21.1515
21.1649
21.1732
21.1759
21.177
21.1802
21.1844
21.1867
21.1898
21.1896
21.1821
21.1694
21.1359
21.1122
21.0862
21.0608
21.041
21.0242
21.0166
21.0165
21.023
21.035
21.045
21.0503
21.0622
21.0763
21.0916
21.1083
21.1309
21.1537
21.1759
21.1969
21.2068
21.2109
21.2021
21.1741
21.153
21.1295
21.1078
21.0878
21.073
21.0551
21.0485
21.0456
21.0413
21.037
21.0377
21.0442
21.0516
21.0662
21.0806
21.0992
21.1157
21.1313
21.1417
21.1441
21.1413
21.1389
21.1355
21.135
21.1394
21.1383
21.1363
21.1368
21.1356
21.1365
21.1299
21.1196
21.1066
21.0957
21.0822
21.0675
21.0588
21.0509
21.0467
21.0512
21.0533
21.058
21.0638
21.0724
21.0817
21.0942
21.1048
21.1189
21.1307
21.1409
21.1473
21.1523
21.1582
21.1658
21.1698
21.1717
21.1683
21.1636
21.1589
21.1521
21.1464
21.1418
21.1345
21.1274
21.1178
21.1117
21.1038
21.0952
21.0859
21.0777
21.0714
21.0648
21.0573
21.0516
21.0563
21.0646
21.0743
21.0847
21.0946
21.1037
21.1131
21.1223
21.1358
21.1451
21.1537
21.161
21.1691
21.1748
21.1771
21.1791
21.1783
21.1762
21.1694
21.1615
21.1519
21.1435
21.137
21.1329
21.1258
21.1183
21.1042
21.089
21.0739
21.0643
21.0574
21.0509
21.0494
21.0519
21.059
21.0704
21.0858
21.1013
21.1197
21.1382
21.1571
21.1682
21.1805
21.1934
21.2046
21.2094
21.206
21.1968
21.1843
21.1685
21.1502
21.1325
21.1195
21.1077
21.0955
21.0864
21.082
21.0807
21.0778
21.0783
21.0798
21.0822
21.0822
21.0864
21.0945
21.0961
21.1048
21.1134
21.1224
21.13
21.1366
21.1458
21.1576
21.1676
21.1723
21.1788
21.1782
21.1795
21.1791
21.1781
21.1717
21.1639
21.1552
21.1462
21.137
21.1279
21.1182
21.1079
21.0991
21.0883
21.0828
21.0773
21.0765
21.0798
21.0837
21.0867
21.0903
21.0909
21.1039
21.1186
21.1353
21.1473
21.1579
21.1634
21.1737
21.178
21.177
21.1712
21.1629
21.1543
21.1406
21.1305
21.1243
21.1197
21.1202
21.1193
21.1228
21.1208
21.119
21.118
21.1185
21.1189
21.12
21.1198
21.1177
21.1164
21.113
21.1116
21.1118
21.1153
21.1183
21.1206
21.1191
21.1126
21.1116
21.1113
21.1131
21.116
21.1191
21.1221
21.1267
21.1343
21.1455
21.1514
21.1564
21.1566
21.158
21.1599
21.1585
21.1549
21.151
21.1466
21.1392
21.133
21.1265
21.1215
21.1122
21.1095
21.1053
21.1056
21.1057
21.106
21.1106
21.1194
21.123
21.1254
21.13
21.1337
21.1342
21.1384
21.143
21.1437
21.1448
21.147
21.1477
21.1476
21.1477
21.1481
21.1533
21.1542
21.1539
21.1513
21.1479
21.1447
21.1458
21.1423
21.1396
21.138
21.1355
21.1313
21.1284
21.1273
21.1253
21.1267
21.1253
21.1234
21.1194
21.1177
21.1183
21.1238
21.1323
21.1426
21.1569
21.1668
21.1764
21.1848
21.1901
21.1948
21.1987
21.1992
21.197
21.1918
21.18
21.1665
21.1492
21.1299
21.1131
21.1001
21.0909
21.0822
21.0775
21.0755
21.0775
21.0831
21.0979
21.114
21.1308
21.1501
21.1636
21.1746
21.1862
21.1943
21.2002
21.203
21.199
21.1922
21.1814
21.1724
21.1628
21.1521
21.1459
21.1446
21.1438
21.1429
21.143
21.143
21.1432
21.1458
21.1473
21.149
21.1489
21.1457
21.1445
21.1426
21.1397
21.1406
21.1327
21.1253
21.1172
21.115
21.1171
21.1236
21.1318
21.1465
21.1596
21.168
21.1726
21.1768
21.1661
21.168
21.1733
21.1813
21.1862
21.1923
21.196
21.1988
21.1941
21.1815
21.1613
21.1427
21.1235
21.1045
21.0953
21.0921
21.0925
21.0956
21.0956
21.0906
21.087
21.0916
21.0935
21.1028
21.1159
21.1345
21.1541
21.1762
21.1942
21.2105
21.2184
21.2213
21.2195
21.2126
21.1984
21.1891
21.1851
21.179
21.1775
21.1764
21.171
21.1598
21.1431
21.1242
21.1104
21.1014
21.0951
21.1012
21.0914
21.1001
21.1072
21.1138
21.1156
21.1185
21.1202
21.1259
21.128
21.1342
21.1395
21.1427
21.1461
21.1519
21.1567
21.165
21.175
21.1761
21.1727
21.1693
21.1627
21.1597
21.1545
21.146
21.1387
21.1334
21.1215
21.1125
21.1057
21.1002
21.1003
21.1015
21.1066
21.112
21.1185
21.1267
21.1315
21.1367
21.1364
21.1411
21.1441
21.1403
21.1349
21.1328
21.1292
21.123
21.1219
21.1189
21.1162
21.1138
21.1165
21.1212
21.1274
21.1354
21.1408
21.1462
21.144
21.1439
21.1414
21.141
21.1365
21.131
21.1238
21.1106
21.0997
21.0913
21.0857
21.0817
21.0787
21.0769
21.0789
21.0856
21.0921
21.1015
21.1139
21.125
21.1355
21.1453
21.1485
21.1545
21.1619
21.1686
21.1715
21.1668
21.1574
21.1447
21.1353
21.1232
21.114
21.1099
21.1045
21.0881
21.0832
21.0821
21.0828
21.082
21.0822
21.0873
21.0903
21.0925
21.0929
21.0955
21.0999
21.1034
21.1075
21.1138
21.1126
21.1103
21.1114
21.1065
21.1014
21.0988
21.0949
21.0918
21.0892
21.0851
21.0836
21.0845
21.0913
21.0958
21.1006
21.1115
21.1186
21.1235
21.1305
21.1362
21.1409
21.1405
21.1325
21.1287
21.1286
21.1275
21.1293
21.1246
21.1158
21.1027
21.0956
21.0874
21.0856
21.0864
21.0838
21.0817
21.0777
21.075
21.075
21.0784
21.0843
21.094
21.1029
21.1099
21.1167
21.1254
21.1365
21.1487
21.1573
21.1601
21.1626
21.1631
21.1655
21.1624
21.1576
21.1533
21.1462
21.1373
21.1261
21.1111
21.0964
21.0855
21.0754
21.0693
21.0602
21.0526
21.0512
21.0525
21.0591
21.0653
21.0729
21.0834
21.0955
21.1077
21.1239
21.1376
21.158
21.1788
21.1921
21.2031
21.2077
21.2082
21.2077
21.2032
21.1984
21.1854
21.1667
21.1434
21.1234
21.1073
21.0926
21.0803
21.0697
21.0617
21.0544
21.052
21.0523
21.0556
21.0641
21.0765
21.0901
21.1014
21.12
21.1338
21.1469
21.1595
21.1695
21.1769
21.1813
21.1799
21.1794
21.1769
21.1691
21.1617
21.1538
21.1463
21.1392
21.1351
21.1332
21.1338
21.137
21.1353
21.1342
21.1256
21.1125
21.0996
21.0876
21.0754
21.0704
21.0664
21.0631
21.0634
21.0679
21.0716
21.0799
21.0924
21.1046
21.1241
21.146
21.1657
21.1894
21.2141
21.2368
21.2494
21.2476
21.2399
21.2269
21.2097
21.1921
21.1759
21.1584
21.1431
21.1269
21.1137
21.098
21.0785
21.0642
21.0532
21.0496
21.0513
21.0573
21.0692
21.0814
21.1001
21.1144
21.1231
21.1297
21.1333
21.1407
21.1485
21.1616
21.1732
21.1813
21.1887
21.1905
21.1981
21.1997
21.1998
21.1975
21.192
21.1873
21.1811
21.1715
21.1606
21.1532
21.1464
21.1381
21.1358
21.1221
21.1123
21.0997
21.0934
21.0869
21.0881
21.0946
21.1028
21.1136
21.1335
21.1554
21.1792
21.1984
21.22
21.2419
21.2644
21.2865
21.3014
21.3139
21.3197
21.3176
21.3105
21.3071
21.2986
21.2946
21.2898
21.2817
21.2703
21.2582
21.2477
21.2427
21.239
21.2401
21.2394
21.2396
21.246
21.2538
21.2642
21.2728
21.277
21.2792
21.2858
21.2923
21.303
21.3138
21.3272
21.3458
21.362
21.3744
21.3826
21.3916
21.3988
21.4052
21.4104
21.4089
21.4046
21.4068
21.4077
21.4095
21.4062
21.4014
21.3936
21.3839
21.3717
21.3683
21.3653
21.3654
21.3677
21.3705
21.3682
21.3628
21.3584
21.3565
21.3635
21.3744
21.3821
21.3955
21.4081
21.4175
21.4241
21.4309
21.4415
21.4506
21.4584
21.4652
21.4736
21.4821
21.4863
21.4917
21.489
21.4844
21.4746
21.4644
21.451
21.4423
21.4373
21.4384
21.435
21.4343
21.4317
21.4288
21.4247
21.4214
21.4161
21.4123
21.4061
21.4111
21.4207
21.4356
21.4568
21.483
21.5104
21.5387
21.5664
21.591
21.5997
21.6047
21.6012
21.5927
21.5808
21.5655
21.5456
21.524
21.5049
21.4892
21.4834
21.469
21.4617
21.4606
21.4652
21.4721
21.4822
21.4899
21.4969
21.5101
21.5241
21.5359
21.5458
21.5578
21.5618
21.5684
21.5733
21.5704
21.5706
21.5729
21.576
21.5861
21.5928
21.5967
21.6022
21.6065
21.6132
21.6164
21.6221
21.6317
21.6487
21.6625
21.6731
21.6878
21.6986
21.7059
21.7126
21.7125
21.7097
21.7067
21.7026
21.7011
21.7008
21.7033
21.7051
21.709
21.7112
21.7141
21.717
21.7289
21.7382
21.7432
21.7509
21.7607
21.7697
21.7828
21.7952
21.8067
21.8198
21.8343
21.8493
21.8588
21.8646
21.8638
21.864
21.8574
21.8605
21.8601
21.8553
21.8555
21.8477
21.8385
21.8273
21.8161
21.8056
21.8039
21.8058
21.8118
21.8226
21.8364
21.8535
21.8741
21.8949
21.9074
21.9202
21.9319
21.944
21.949
21.9536
21.9564
21.9633
21.9595
21.9554
21.9462
21.9343
21.9228
21.9114
21.9065
21.907
21.9083
21.9158
21.9253
21.9338
21.9423
21.9501
21.9543
21.9601
21.9634
21.9678
21.9737
21.9777
21.9801
21.989
21.9929
21.9956
21.9955
21.9967
21.998
22.0051
22.0131
22.0248
22.0369
22.0485
22.0633
22.0751
22.0895
22.1035
22.1055
22.0973
22.0858
22.0659
22.0513
22.0341
22.0195
22.0101
22.0031
21.9957
21.9874
21.9867
21.9924
22.007
22.0276
22.0477
22.0673
22.0938
22.122
22.1495
22.1863
22.2197
22.2463
22.2687
22.2861
22.2908
22.2899
22.2858
22.2798
22.2739
22.2541
22.2484
22.2462
22.2383
22.2438
22.2531
22.2555
22.2564
22.2555
22.261
22.2694
22.2869
22.3129
22.3454
22.3658
22.3888
22.4142
22.4477
22.4741
22.4992
22.5171
22.5387
22.5555
22.571
22.5953
22.6132
22.6322
22.6719
22.706
22.7274
22.76
22.7945
22.8317
22.8675
22.8961
22.9176
22.9403
22.9421
22.9637
22.9914
23.0192
23.0485
23.0807
23.1189
23.1603
23.2056
23.2477
23.2886
23.3366
23.384
23.4248
23.4567
23.4847
23.5088
23.531
23.5524
23.5738
23.5969
23.6238
23.649
23.6836
23.7218
23.7577
23.7897
23.8235
23.8604
23.9086
23.9312
23.9796
24.0226
24.0677
24.1149
24.159
24.1905
24.2146
24.2287
24.2475
24.2661
24.2866
24.3105
24.3329
24.366
24.4009
24.4313
24.4557
24.4756
24.5013
24.5316
24.5652
24.6048
24.6427
24.6766
24.7122
24.7479
24.7887
24.8256
24.8479
24.8739
24.9074
24.9236
24.9498
24.9754
25.0121
25.0649
25.1244
25.1823
25.2371
25.2896
25.3342
25.3763
25.4187
25.4671
25.5184
25.5709
25.6264
25.6779
25.7062
25.7384
25.7714
25.8005
25.8348
25.8702
25.904
25.9472
26.0016
26.0544
26.1065
26.1351
26.1564
26.1838
26.2129
26.2592
26.3089
26.3564
26.3982
26.45
26.4993
26.5341
26.5952
26.6466
26.6906
26.727
26.7915
26.8687
26.9486
27.0196
27.0932
27.1662
27.2336
27.286
27.2979
27.3332
27.3657
27.3964
27.4268
27.4785
27.5319
27.6006
27.6857
27.7424
27.8394
27.9026
27.9933
28.0834
28.1762
28.2613
28.3278
28.3549
28.4136
28.4762
28.5381
28.5879
28.6654
28.7315
28.7939
28.8426
28.8825
28.9035
28.9317
28.9687
28.9756
29.0608
29.1432
29.2365
29.3381
29.4106
29.4937
29.564
29.638
29.7069
29.7573
29.8239
29.9015
29.9789
30.0277
30.0857
30.0945
30.144
30.1966
30.2597
30.3139
30.3674
30.4228
30.4972
30.5504
30.649
30.7518
30.8702
30.98
31.0442
31.1767
31.2425
31.3133
31.3934
31.4635
31.5686
31.6717
31.7827
31.8913
32.012
32.1379
32.2601
32.3735
32.4129
32.4828
32.5953
32.7307
32.8881
33.0853
33.325
33.5717
33.8052
34.0145
34.1252
34.2051
34.258
34.3411
34.4463
34.594
34.7869
35.03
35.3123
35.612
35.8633
36.0357
36.1504
36.1984
36.2708
36.3664
36.5015
36.6606
36.8781
37.0999
37.3781
37.6045
37.7722
37.9132
38.0196
38.1073
38.2197
38.3539
38.5169
38.7296
38.9914
39.2212
39.391
39.4995
39.5782
39.6617
39.7864
39.9307
40.1201
40.3187
40.5929
40.8493
41.0181
41.1676
41.2517
41.2523
41.2778
41.3967
41.5926
41.871
42.2213
42.514
42.5761
42.5484
42.5044
42.489
42.5419
42.7059
42.9687
43.2467
43.6107
43.8846
43.9399
43.8781
43.8144
43.7718
43.7832
43.8953
44.0982
44.3893
44.7616
45.087
45.1643
45.1277
45.0634
45.0225
45.0546
45.1984
45.4492
45.7458
46.1167
46.3703
46.3845
46.3156
46.2433
46.2046
46.2524
46.4187
46.6828
46.216
