0.027092
0.0525529
0.0779331
0.103285
0.12863
0.153995
0.179382
0.204783
0.23022
0.255677
0.281096
0.306533
0.331972
0.357439
0.382909
0.408347
0.433778
0.45923
0.48467
0.510122
0.535562
0.560998
0.586475
0.611914
0.637346
0.662767
0.688183
0.713614
0.739051
0.764459
0.789912
0.815377
0.840817
0.866261
0.891722
0.917171
0.942608
0.968053
0.993494
1.01893
1.0444
1.06987
1.09528
1.12072
1.14616
1.17159
1.19702
1.22246
1.24788
1.27329
1.29875
1.3242
1.34964
1.37508
1.4005
1.42595
1.45139
1.47683
1.50228
1.52774
1.55321
1.57867
1.60411
1.62957
1.655
1.68045
1.7059
1.73134
1.75677
1.7822
1.80762
1.83306
1.85849
1.88392
1.90934
1.93476
1.96019
1.98561
2.01106
2.03652
2.06197
2.08744
2.11289
2.13833
2.16379
2.18926
2.21471
2.24016
2.2656
2.29106
2.31651
2.34194
2.36738
2.39283
2.41828
2.44372
2.46917
2.49461
2.52005
2.54549
2.57093
2.59636
2.62178
2.64722
2.67265
2.69807
2.72349
2.7489
2.77431
2.79973
2.82522
2.85066
2.87609
2.90154
2.92699
2.95245
2.9779
3.00337
3.02884
3.0543
3.07978
3.10522
3.13066
3.1561
3.18153
3.20695
3.2324
3.25782
3.28325
3.30869
3.33411
3.35956
3.385
3.41044
3.43589
3.46129
3.48672
3.51217
3.5376
3.56305
3.58848
3.6139
3.63935
3.6648
3.69025
3.71569
3.74113
3.76655
3.79199
3.81741
3.84286
3.8683
3.89374
3.91919
3.94465
3.97011
3.99555
4.021
4.04647
4.07192
4.09735
4.12281
4.14825
4.17369
4.19915
4.2246
4.25004
4.27548
4.30092
4.32635
4.35179
4.37727
4.40273
4.42816
4.4536
4.47905
4.50449
4.52993
4.55536
4.58079
4.60625
4.63168
4.65711
4.68256
4.708
4.73345
4.75888
4.78433
4.80979
4.83524
4.86069
4.88613
4.91158
4.93702
4.96246
4.98788
5.01328
5.03871
5.06414
5.08957
5.11501
5.14048
5.16593
5.19136
5.21681
5.24227
5.26772
5.29318
5.31863
5.34406
5.36948
5.39493
5.42038
5.44581
5.47125
5.4967
5.52217
5.54762
5.57308
5.59854
5.624
5.64945
5.67491
5.70035
5.72579
5.75124
5.7767
5.80215
5.82759
5.85302
5.87849
5.90394
5.9294
5.95486
5.98029
6.00574
6.03117
6.0566
6.08206
6.1075
6.13295
6.15842
6.18389
6.20929
6.23471
6.26017
6.28561
6.31105
6.33651
6.36195
6.38739
6.41283
6.43828
6.46371
6.48915
6.51459
6.54003
6.56547
6.59093
6.61637
6.64181
6.66726
6.6927
6.71815
6.7436
6.76904
6.79446
6.81991
6.84534
6.87078
6.89623
6.92166
6.94711
6.97262
6.99811
7.02356
7.04901
7.07447
7.09989
7.12535
7.15075
7.17618
7.20161
7.22703
7.25245
7.27788
7.30329
7.32871
7.35413
7.37955
7.405
7.43044
7.45589
7.48129
7.50673
7.5322
7.55766
7.58311
7.60855
7.634
7.65944
7.68489
7.71035
7.7358
7.76123
7.78666
7.8121
7.83754
7.86297
7.88841
7.91385
7.9393
7.96475
7.99022
8.01567
8.0411
8.06654
8.09199
8.11743
8.14288
8.16832
8.19377
8.21923
8.24469
8.27015
8.29562
8.32109
8.34656
8.37202
8.39748
8.42291
8.44835
8.4738
8.49925
8.52471
8.55015
8.5756
8.60104
8.62648
8.65193
8.67737
8.70282
8.72828
8.75372
8.77916
8.80463
8.8301
8.85555
8.881
8.90646
8.93192
8.95737
8.98281
9.00826
9.03371
9.05917
9.08462
9.11006
9.13552
9.16096
9.18641
9.21185
9.23728
9.26271
9.28816
9.31359
9.33903
9.36447
9.38991
9.41537
9.44081
9.46625
9.49168
9.51711
9.54254
9.56796
9.59337
9.61882
9.64425
9.66969
9.69514
9.72059
9.74604
9.77149
9.79693
9.82239
9.84783
9.87328
9.89875
9.9242
9.94967
9.97512
10.0006
10.026
10.0515
10.0769
10.1024
10.1279
10.1533
10.1787
10.2042
10.2296
10.2551
10.2805
10.306
10.3314
10.3569
10.3823
10.4078
10.4332
10.4587
10.4841
10.5096
10.535
10.5605
10.5859
10.6114
10.6368
10.6623
10.6877
10.7132
10.7387
10.7641
10.7895
10.815
10.8405
10.8659
10.8913
10.9168
10.9422
10.9677
10.9931
11.0185
11.044
11.0694
11.0948
11.1203
11.1457
11.1712
11.1966
11.2221
11.2475
11.2729
11.2984
11.3238
11.3492
11.3746
11.4
11.4254
11.4509
11.4763
11.5017
11.5271
11.5525
11.578
11.6034
11.6289
11.6543
11.6797
11.7052
11.7306
11.756
11.7815
11.8069
11.8324
11.8578
11.8833
11.9087
11.9342
11.9597
11.9851
12.0105
12.036
12.0614
12.0869
12.1124
12.1378
12.1633
12.1887
12.2142
12.2396
12.2651
12.2906
12.316
12.3414
12.3669
12.3923
12.4178
12.4432
12.4687
12.4941
12.5196
12.545
12.5705
12.5959
12.6213
12.6467
12.6722
12.6976
12.723
12.7485
12.7739
12.7993
12.8248
12.8502
12.8756
12.9011
12.9266
12.952
12.9775
13.003
13.0284
13.0539
13.0793
13.1048
13.1302
13.1557
13.1811
13.2066
13.232
13.2575
13.2829
13.3084
13.3338
13.3592
13.3847
13.4101
13.4356
13.461
13.4865
13.5119
13.5374
13.5628
13.5883
13.6137
13.6391
13.6646
13.69
13.7155
13.7409
13.7664
13.7918
13.8173
13.8427
13.8682
13.8936
13.9191
13.9445
13.97
13.9954
14.0209
14.0464
14.0718
14.0972
14.1226
14.1481
14.1735
14.199
14.2245
14.2499
14.2753
14.3008
14.3262
14.3516
14.3771
14.4025
14.428
14.4534
14.4788
14.5043
14.5297
14.5551
14.5806
14.606
14.6315
14.6569
14.6824
14.7078
14.7333
14.7587
14.7843
14.8098
14.8352
14.8606
14.8861
14.9115
14.937
14.9624
14.9878
15.0133
15.0387
15.0642
15.0896
15.115
15.1405
15.1659
15.1914
15.2168
15.2423
15.2677
15.2931
15.3186
15.3441
15.3695
15.3949
15.4204
15.4458
15.4713
15.4967
15.5221
15.5476
15.573
15.5985
15.6239
15.6493
15.6748
15.7002
15.7256
15.7511
15.7765
15.8019
15.8273
15.8528
15.8782
15.9036
15.9291
15.9545
15.98
16.0054
16.0308
16.0563
16.0817
16.1072
16.1326
16.1581
16.1835
16.2089
16.2344
16.2598
16.2853
16.3107
16.3362
16.3616
16.3871
16.4125
16.438
16.4634
16.4889
16.5143
16.5398
16.5652
16.5907
16.6161
16.6415
16.667
16.6924
16.7179
16.7433
16.7688
16.7942
16.8197
16.8451
16.8706
16.896
16.9214
16.9469
16.9723
16.9978
17.0232
17.0487
17.0741
17.0996
17.125
17.1504
17.1759
17.2013
17.2267
17.2521
17.2776
17.303
17.3285
17.3539
17.3793
17.4047
17.4302
17.4557
17.4811
17.5066
17.532
17.5574
17.5829
17.6083
17.6338
17.6592
17.6847
17.7101
17.7356
17.7611
17.7865
17.8119
17.8374
17.8628
17.8883
17.9137
17.9391
17.9646
17.99
18.0155
18.041
18.0664
18.0919
18.1173
18.1427
18.1682
18.1936
18.2191
18.2446
18.27
18.2954
18.3209
18.3463
18.3718
18.3972
18.4227
18.4481
18.4735
18.499
18.5244
18.5499
18.5753
18.6007
18.6262
18.6516
18.677
18.7025
18.7279
18.7533
18.7788
18.8042
18.8297
18.8551
18.8805
18.906
18.9314
18.9569
18.9823
19.0077
19.0332
19.0586
19.084
19.1095
19.1349
19.1604
19.1858
19.2112
19.2366
19.2621
19.2875
19.313
19.3384
19.3638
19.3893
19.4147
19.4402
19.4656
19.491
19.5165
19.542
19.5675
19.5929
19.6184
19.6438
19.6693
19.6947
19.7202
19.7456
19.7711
19.7965
19.822
19.8474
19.8728
19.8983
19.9237
19.9492
19.9746
20.0001
20.0255
20.051
20.0764
20.1018
20.1273
20.1527
20.1782
20.2036
20.2291
20.2545
20.28
20.3054
20.3309
20.3563
20.3817
20.4072
20.4326
20.4581
20.4835
20.509
20.5344
20.5599
20.5853
20.6107
20.6362
20.6616
20.6871
20.7125
20.738
20.7634
20.7889
20.8144
20.8398
20.8653
20.8908
20.9162
20.9417
20.9671
20.9926
21.018
21.0434
21.0689
21.0943
21.1198
21.1453
21.1707
21.1962
21.2216
21.2471
21.2726
21.298
21.3234
21.3489
21.3743
21.3998
21.4252
21.4507
21.4761
21.5016
21.527
21.5525
21.5779
21.6034
21.6289
21.6543
21.6798
21.7052
21.7307
21.7561
21.7816
21.8071
21.8325
21.8579
21.8834
21.9088
21.9343
21.9597
21.9852
22.0107
22.0361
22.0616
22.087
22.1125
22.1379
22.1634
22.1888
22.2143
22.2397
22.2651
22.2906
22.316
22.3414
22.3669
22.3924
22.4178
22.4433
22.4687
22.4942
22.5196
22.5451
22.5705
22.596
22.6214
22.6468
22.6723
22.6977
22.7231
22.7486
22.774
22.7995
22.8249
22.8503
22.8758
22.9012
22.9266
22.9521
22.9775
23.003
23.0284
23.0539
23.0793
23.1048
23.1302
23.1557
23.1811
23.2066
23.232
23.2575
23.2829
23.3084
23.3338
23.3592
23.3847
23.4101
23.4356
23.461
23.4864
23.5119
23.5373
23.5628
23.5882
23.6137
23.6391
23.6646
23.69
23.7155
23.7409
23.7664
23.7918
23.8173
23.8427
23.8682
23.8936
23.9191
23.9445
23.97
23.9955
24.0209
24.0464
24.0718
24.0972
24.1227
24.1481
24.1735
24.1989
24.2244
24.2498
24.2752
24.3007
24.3261
24.3515
24.3769
24.4024
24.4278
24.4532
24.4786
24.5041
24.5295
24.555
24.5805
24.6059
24.6313
24.6568
24.6822
24.7077
24.7331
24.7586
24.784
24.8095
24.8349
24.8603
24.8857
24.9112
24.9366
24.9621
24.9875
25.013
25.0385
25.0639
25.0894
25.1148
25.1403
25.1657
25.1911
25.2166
25.242
25.2675
25.2929
25.3184
25.3438
25.3693
25.3947
25.4202
25.4456
25.4711
25.4965
25.522
25.5475
25.5729
25.5984
25.6239
25.6493
25.6747
25.7002
25.7256
25.7511
25.7765
25.802
25.8274
25.8529
25.8783
25.9038
25.9292
25.9546
25.9801
26.0056
26.031
26.0565
26.0819
26.1074
26.1328
26.1583
26.1837
26.2092
26.2347
26.2601
26.2856
26.311
26.3364
26.3619
26.3874
26.4128
26.4384
26.4638
26.4892
26.5147
26.5401
26.5656
26.591
26.6164
26.6419
26.6673
26.6928
26.7183
26.7437
26.7692
26.7946
26.82
26.8455
26.871
26.8964
26.9218
26.9473
26.9727
26.9981
27.0236
27.0491
27.0745
27.1
27.1254
27.1509
27.1763
27.2018
27.2272
27.2527
27.2781
27.3036
27.329
27.3545
27.3799
27.4054
27.4308
27.4563
27.4817
27.5072
27.5326
27.5581
27.5835
27.609
27.6344
27.6599
27.6853
27.7107
27.7362
27.7616
27.7871
27.8125
27.838
27.8634
27.8889
27.9143
27.9398
27.9653
27.9907
28.0161
28.0416
28.067
28.0925
28.118
28.1434
28.1689
28.1943
28.2198
28.2452
28.2707
28.2961
28.3215
28.347
28.3724
28.3978
28.4233
28.4487
28.4742
28.4996
28.5251
28.5505
28.576
28.6014
28.6268
28.6523
28.6777
28.7031
28.7286
28.754
28.7795
28.8049
28.8303
28.8558
28.8812
28.9066
28.9321
28.9575
28.983
29.0084
29.0339
29.0593
29.0847
29.1102
29.1356
29.161
29.1865
29.212
29.2374
29.2629
29.2883
29.3137
29.3392
29.3646
29.3901
29.4155
29.441
29.4664
29.4918
29.5173
29.5427
29.5682
29.5936
29.6191
29.6446
29.67
29.6955
29.7209
29.7464
29.7718
29.7973
29.8227
29.8482
29.8736
29.8991
29.9246
29.95
29.9754
30.0009
30.0263
30.0518
30.0773
30.1027
30.1282
30.1536
30.1791
30.2045
30.23
30.2554
30.2809
30.3063
30.3318
30.3572
30.3827
30.4081
30.4335
30.459
30.4844
30.5099
30.5353
30.5607
30.5862
30.6116
30.637
30.6625
30.6879
30.7134
30.7389
30.7643
30.7897
30.8151
30.8406
30.866
30.8914
30.9169
30.9423
30.9677
30.9934
31.0188
31.0442
31.0697
31.0952
31.1206
31.1461
31.1715
31.1969
31.2224
31.2478
31.2732
31.2987
31.3241
31.3495
31.3749
31.4003
31.4258
31.4512
31.4767
31.5021
31.5275
31.553
31.5784
31.6039
31.6293
31.6547
31.6802
31.7056
31.731
31.7565
31.7819
31.8073
31.8328
31.8582
31.8837
31.9091
31.9346
31.96
31.9855
32.0109
32.0363
32.0618
32.0872
32.1127
32.1381
32.1636
32.189
32.2145
32.2399
32.2654
32.2908
32.3163
32.3417
32.3672
32.3926
32.4181
32.4435
32.469
32.4945
32.5199
32.5453
32.5708
32.5962
32.6217
32.6471
32.6725
32.6979
32.7233
32.7487
32.7741
32.7996
32.825
32.8504
32.8759
32.9013
32.9267
32.9521
32.9775
33.003
33.0284
33.0538
33.0793
33.1047
33.1301
33.1556
33.181
33.2065
33.2319
33.2574
33.2828
33.3083
33.3337
33.3591
33.3846
33.4101
33.4355
33.461
33.4864
33.5118
33.5373
33.5628
33.5882
33.6136
33.6391
33.6645
33.69
33.7154
33.7409
33.7663
33.7918
33.8172
33.8426
33.8681
33.8936
33.919
33.9445
33.9699
33.9954
34.0208
34.0462
34.0717
34.0971
34.1226
34.148
34.1735
34.1989
34.2244
34.2498
34.2753
34.3007
34.3261
34.3516
34.377
34.4025
34.4279
34.4534
34.4788
34.5043
34.5297
34.5552
34.5806
34.6061
34.6315
34.6569
34.6824
34.7078
34.7332
34.7587
34.7841
34.8095
34.835
34.8605
34.8859
34.9113
34.9368
34.9622
34.9877
35.0131
35.0385
35.0639
35.0894
35.1148
35.1402
35.1657
35.1911
35.2165
35.242
35.2674
35.2928
35.3183
35.3437
35.3691
35.3946
35.42
35.4454
35.471
35.4965
35.5219
35.5473
35.5728
35.5982
35.6237
35.6491
35.6745
35.7
35.7254
35.7509
35.7763
35.8018
35.8272
35.8527
35.8781
35.9036
35.929
35.9545
35.9799
36.0054
36.0308
36.0562
36.0817
36.1071
36.1325
36.158
36.1834
36.2089
36.2343
36.2598
36.2852
36.3107
36.3361
36.3616
36.387
36.4125
36.4379
36.4634
36.4888
36.5143
36.5397
36.5651
36.5906
36.616
36.6415
36.6669
36.6924
36.7178
36.7433
36.7687
36.7942
36.8196
36.8451
36.8705
36.896
36.9215
36.9469
36.9724
36.9979
37.0233
37.0488
37.0742
37.0997
37.1251
37.1506
37.176
37.2015
37.2269
37.2523
37.2778
37.3032
37.3287
37.3541
37.3796
37.4051
37.4306
37.456
37.4815
37.5069
37.5324
37.5579
37.5833
37.6088
37.6342
37.6597
37.6851
37.7106
37.736
37.7615
37.7869
37.8123
37.8378
37.8633
37.8887
37.9142
37.9396
37.965
37.9905
38.016
38.0414
38.0669
38.0923
38.1178
38.1432
38.1687
38.1941
38.2196
38.245
38.2705
38.2959
38.3214
38.3468
38.3723
38.3978
38.4232
38.4487
38.4741
38.4995
38.525
38.5504
38.5759
38.6013
38.6267
38.6522
38.6776
38.703
38.7285
38.7539
38.7794
38.8048
38.8302
38.8557
38.8811
38.9066
38.932
38.9575
38.9829
39.0084
39.0338
39.0593
39.0847
39.1102
39.1356
39.1611
39.1865
39.212
39.2374
39.2629
39.2884
39.3138
39.3392
39.3647
39.3901
39.4156
39.441
39.4665
39.4919
39.5173
39.5428
39.5682
39.5937
39.6191
39.6446
39.67
39.6955
39.7209
39.7463
39.7718
39.7972
39.8227
39.8481
39.8735
39.899
39.9244
39.9499
39.9754
40.0008
40.0263
40.0517
40.0772
40.1027
40.1281
40.1536
40.179
40.2045
40.2299
40.2554
40.2808
40.3063
40.3317
40.3571
40.3826
40.408
40.4334
40.4589
40.4843
40.5098
40.5352
40.5607
40.5861
40.6116
40.637
40.6625
40.6879
40.7134
40.7388
40.7642
40.7897
40.8151
40.8406
40.866
40.8915
40.9169
40.9424
40.9678
40.9933
41.0187
41.0442
41.0696
41.0951
41.1205
41.146
41.1714
41.1969
41.2224
41.2478
41.2733
41.2987
41.3242
41.3496
41.375
41.4005
41.4259
41.4514
41.4768
41.5022
41.5277
41.5531
41.5786
41.604
41.6294
41.6549
41.6803
41.7058
41.7312
41.7567
41.7822
41.8076
41.8331
41.8585
41.884
41.9094
41.9349
41.9603
41.9858
42.0112
42.0367
42.0622
42.0876
42.1131
42.1385
42.164
42.1894
42.2148
42.2403
42.2658
42.2912
42.3167
42.3421
42.3675
42.393
42.4185
42.4439
42.4694
42.4948
42.5203
42.5457
42.5712
42.5966
42.622
42.6475
42.6729
42.6983
42.7238
42.7492
42.7746
42.8001
42.8255
42.851
42.8764
42.9019
42.9273
42.9528
42.9782
43.0037
43.0291
43.0546
43.08
43.1055
43.1309
43.1564
43.1818
43.2072
43.2327
43.2581
43.2836
43.309
43.3345
43.3599
43.3854
43.4108
43.4363
43.4617
43.4872
43.5126
43.5381
43.5635
43.589
43.6144
43.6399
43.6653
43.6907
43.7162
43.7416
43.7671
43.7925
43.818
43.8434
43.8689
43.8943
43.9198
43.9452
43.9707
43.9962
44.0216
44.0471
44.0725
44.0979
44.1234
44.1489
44.1743
44.1998
44.2253
44.2507
44.2761
44.3016
44.327
44.3524
44.3779
44.4033
44.4288
44.4542
44.4796
44.5051
44.5306
44.5561
44.5815
44.6069
44.6324
44.6578
44.6833
44.7087
44.7342
44.7596
44.785
44.8105
44.8359
44.8614
44.8868
44.9123
44.9377
44.9632
44.9887
45.0141
45.0396
45.065
45.0904
45.1159
45.1413
45.1667
45.1922
45.2177
45.2431
45.2686
45.294
45.3195
45.3449
45.3703
45.3958
45.4212
45.4467
45.4721
45.4976
45.5231
45.5485
45.5739
45.5994
45.6248
45.6503
45.6757
45.7011
45.7266
45.752
45.7775
45.8029
45.8284
45.8538
45.8793
45.9047
45.9301
45.9556
45.981
46.0065
46.0319
46.0574
46.0828
46.1083
46.1338
46.1592
46.1847
46.2101
46.2355
46.261
46.2864
46.3119
46.3373
46.3627
46.3881
46.4136
46.4391
46.4645
46.4899
46.5154
46.5408
46.5663
46.5918
46.6172
46.6426
46.6681
46.6935
46.719
46.7445
46.7699
46.7954
46.8208
46.8463
46.8717
46.8972
46.9226
46.9481
46.9735
47.0024
47.0278
47.0533
47.0788
47.1042
47.1297
47.1551
47.1806
47.206
47.2314
47.2569
47.2824
47.3078
47.3333
47.3587
47.3842
47.4096
47.4351
47.4606
47.486
47.5115
47.5369
47.5624
47.5879
47.6133
47.6387
47.6642
47.6896
47.7151
47.7405
47.7659
47.7914
47.8169
47.8423
47.8678
47.8932
47.9187
47.9441
47.9695
47.995
48.0204
48.0459
48.0713
48.0968
48.1222
48.1476
48.1731
48.1986
48.224
48.2494
48.2749
48.3003
48.3258
48.3512
48.3767
48.4021
48.4276
48.453
48.4785
48.5039
48.5294
48.5548
48.5803
48.6057
48.6312
48.6567
48.6821
48.7076
48.733
48.7585
48.7839
48.8093
48.8348
48.8602
48.8857
48.9111
48.9366
48.9621
48.9876
49.013
49.0385
49.0639
49.0894
49.1148
49.1403
49.1657
49.1912
49.2166
49.2421
49.2675
49.2929
49.3184
49.3438
49.3692
49.3947
49.4201
49.4455
49.471
49.4964
49.5218
49.5473
49.5727
49.5982
49.6236
49.6491
49.6745
49.6999
49.7254
49.7508
49.7762
49.8017
49.8271
49.8526
49.878
49.9034
49.9289
49.9543
49.9798
50.0052
50.0307
50.0561
50.0816
50.107
50.1324
50.1579
50.1833
50.2087
50.2341
50.2596
50.285
50.3104
50.3359
50.3613
50.3867
50.4121
50.4376
50.463
50.4884
50.5139
50.5393
50.5647
50.5902
50.6156
50.6411
50.6665
50.6919
50.7174
50.7428
50.7683
50.7937
50.8192
50.8447
50.8702
50.8956
50.9211
50.9465
50.972
50.9974
51.0229
51.0483
51.0738
51.0993
51.1247
51.1502
51.1756
51.201
51.2265
51.2519
51.2774
51.3028
51.3283
51.3537
51.3791
51.4046
51.43
51.4555
51.4809
51.5064
51.5318
51.5572
51.5827
51.6081
51.6336
51.659
51.6845
51.7099
51.7353
51.7608
51.7862
51.8117
51.8371
51.8625
51.888
51.9134
51.9389
51.9643
51.9897
52.0152
52.0406
52.0661
52.0915
52.117
52.1424
52.1679
52.1933
52.2187
52.2441
52.2696
52.295
52.3204
52.3459
52.3713
52.3967
52.4222
52.4476
52.4731
52.4985
52.524
52.5494
52.5749
52.6003
52.6258
52.6512
52.6766
52.7021
52.7275
52.7529
52.7783
52.8038
52.8292
52.8547
52.8802
52.9056
52.9311
52.9565
52.9819
53.0074
53.0328
53.0583
53.0837
53.1092
53.1346
53.1601
53.1855
53.2109
53.2364
53.2618
53.2873
53.3127
53.3382
53.3636
53.3891
53.4146
53.44
53.4654
53.4908
53.5163
53.5417
53.5672
53.5926
53.6181
53.6435
53.6689
53.6944
53.7198
53.7453
53.7707
53.7962
53.8216
53.847
53.8725
53.8979
53.9234
53.9488
53.9743
53.9997
54.0252
54.0506
54.076
54.1015
54.1269
54.1524
54.1778
54.2033
54.2288
54.2542
54.2797
54.3051
54.3306
54.3561
54.3815
54.4069
54.4324
54.4578
54.4832
54.5087
54.5341
54.5595
54.585
54.6104
54.6359
54.6613
54.6867
54.7122
54.7376
54.7631
54.7885
54.814
54.8394
54.8648
54.8903
54.9157
54.9412
54.9666
54.9921
55.0175
55.043
55.0684
55.0938
55.1193
55.1447
55.1702
55.1956
55.2211
55.2465
55.2719
55.2974
55.3228
55.3483
55.3737
55.3992
55.4246
55.4501
55.4755
55.501
55.5264
55.5519
55.5773
55.6028
55.6282
55.6537
55.6791
55.7046
55.7301
55.7555
55.781
55.8065
55.8319
55.8574
55.8828
55.9083
55.9337
55.9592
55.9846
56.0101
56.0355
56.0609
56.0864
56.1118
56.1373
56.1627
56.1882
56.2136
56.2391
56.2645
56.2899
56.3154
56.3408
56.3662
56.3917
56.4171
56.4426
56.468
56.4934
56.5189
56.5443
56.5697
56.5952
56.6206
56.646
56.6714
56.6968
56.7223
56.7477
56.7732
56.7986
56.8241
56.8495
56.875
56.9004
56.9258
56.9513
56.9767
57.0021
57.0276
57.053
57.0785
57.1039
57.1294
57.1548
57.1803
57.2057
57.2312
57.2566
57.282
57.3075
57.3329
57.3583
57.3838
57.4092
57.4346
57.4601
57.4855
57.5109
57.5364
57.5618
57.5873
57.6127
57.6382
57.6636
57.689
57.7145
57.7399
57.7654
57.7908
57.8162
57.8417
57.8671
57.8925
57.918
57.9434
57.9689
57.9943
58.0198
58.0452
58.0707
58.0961
58.1216
58.147
58.1725
58.198
58.2234
58.2489
58.2744
58.2999
58.3253
58.3507
58.3762
58.4016
58.4271
58.4525
58.478
58.5034
58.5289
58.5543
58.5798
58.6052
58.6307
58.6561
58.6816
58.707
58.7324
58.7578
58.7833
58.8087
58.8341
58.8595
58.885
58.9104
58.9359
58.9613
58.9868
59.0122
59.0377
59.0631
59.0885
59.114
59.1394
59.1649
59.1903
59.2158
59.2412
59.2666
59.2921
59.3175
59.3429
59.3684
59.3938
59.4192
59.4446
59.4701
59.4956
59.521
59.5464
59.5719
59.5973
59.6227
59.6482
59.6736
59.699
59.7245
59.7499
59.7754
59.8008
59.8263
59.8517
59.8772
59.9026
59.928
59.9535
59.9789
60.0044
60.0299
60.0553
60.0807
60.1061
60.1316
60.157
60.1825
60.2079
60.2333
60.2588
60.2842
60.3097
60.3351
60.3606
60.386
60.4114
60.4369
60.4624
60.4878
60.5132
60.5387
60.5641
60.5896
60.615
60.6405
60.6659
60.6914
60.7168
60.7422
60.7676
60.7931
60.8185
60.844
60.8694
60.8949
60.9203
60.9457
60.9711
60.9966
61.022
61.0474
61.0729
61.0983
61.1238
61.1492
61.1747
61.2001
61.2256
61.251
61.2765
61.3019
61.3274
61.3528
61.3782
61.4037
61.4291
61.4546
61.48
61.5055
61.5309
61.5564
61.5818
61.6073
61.6327
61.6582
61.6836
61.7091
61.7345
61.76
61.7854
61.8109
61.8363
61.8618
61.8873
61.9127
61.9382
61.9636
61.989
62.0145
62.0399
62.0654
62.0908
62.1163
62.1417
62.1672
62.1926
62.218
62.2435
62.269
62.2944
62.3199
62.3453
62.3707
62.3962
62.4216
62.4471
62.4725
62.498
62.5234
62.5489
62.5743
62.5998
62.6252
62.6506
62.6761
62.7015
62.7269
62.7523
62.7777
62.8032
62.8286
62.854
62.8795
62.9049
62.9303
62.9558
62.9812
63.0066
63.0321
63.0575
63.0829
63.1083
63.1337
63.1592
63.1846
63.21
63.2355
63.2609
63.2864
63.3118
63.3373
63.3627
63.3881
63.4136
63.4391
63.4645
63.4899
63.5154
63.5408
63.5663
63.5917
63.6172
63.6426
63.6681
63.6936
63.719
63.7444
63.7699
63.7953
63.8207
63.8462
63.8716
63.8971
63.9226
63.948
63.9735
63.9989
64.0244
64.0498
64.0753
64.1007
64.1262
64.1516
64.1771
64.2025
64.228
64.2534
64.2788
64.3043
64.3297
64.3552
64.3806
64.406
64.4314
64.4568
64.4823
64.5077
64.5331
64.5585
64.5839
64.6093
64.6347
64.6601
64.6855
64.7109
64.7363
64.7618
64.7872
64.8126
64.838
64.8634
64.8889
64.9143
64.9398
64.9652
64.9906
65.0161
65.0415
65.067
65.0924
65.1179
65.1433
65.1688
65.1942
65.2196
65.245
65.2705
65.2959
65.3214
65.3468
65.3722
65.3977
65.4231
65.4486
65.474
65.4995
65.525
65.5504
65.5759
65.6013
65.6267
65.6522
65.6776
65.7031
65.7286
65.754
65.7795
65.8049
65.8304
65.8558
65.8813
65.9067
65.9322
65.9576
65.9831
66.0085
66.0424
66.0679
66.0933
66.1187
66.1442
66.1697
66.1951
66.2206
66.2461
66.2715
66.297
66.3224
66.3479
66.3733
66.3987
66.4242
66.4496
66.4751
66.5005
66.526
66.5514
66.5769
66.6023
66.6278
66.6533
66.6787
66.7042
66.7296
66.7551
66.7805
66.806
66.8314
66.8569
66.8824
66.9078
66.9333
66.9587
66.9842
67.0097
67.0351
67.0606
67.0861
67.1115
67.137
67.1624
67.1878
67.2133
67.2387
67.2642
67.2896
67.315
67.3404
67.3659
67.3913
67.4167
67.4421
67.4676
67.493
67.5185
67.5439
67.5693
67.5948
67.6202
67.6457
67.6711
67.6965
67.722
67.7474
67.7729
67.7983
67.8238
67.8492
67.8747
67.9001
67.9256
67.951
67.9765
68.0019
68.0273
68.0528
68.0782
68.1037
68.1291
68.1546
68.18
68.2054
68.2309
68.2563
68.2817
68.3072
68.3326
68.3581
68.3835
68.4089
68.4344
68.4598
68.4853
68.5107
68.5362
68.5616
68.587
68.6125
68.6379
68.6633
68.6888
68.7142
68.7397
68.7651
68.7906
68.8161
68.8415
68.867
68.8924
68.9179
68.9433
68.9688
68.9942
69.0197
69.0451
69.0706
69.096
69.1214
69.1469
69.1723
69.1978
69.2232
69.2486
69.2741
69.2995
69.3249
69.3504
69.3758
69.4013
69.4267
69.4521
69.4776
69.503
69.5285
69.5539
69.5793
69.6048
69.6302
69.6557
69.6811
69.7066
69.732
69.7575
69.7829
69.8084
69.8338
69.8593
69.8847
69.9101
69.9356
69.961
69.9865
70.0119
70.0374
70.0628
70.0882
70.1137
70.1391
70.1646
70.19
70.2154
70.2409
70.2663
70.2918
70.3172
70.3426
70.3681
70.3935
70.4189
70.4444
70.4698
70.4952
70.5207
70.5462
70.5716
70.5971
70.6225
70.648
70.6734
70.6988
70.7243
70.7497
70.7752
70.8006
70.8261
70.8515
70.877
70.9024
70.9279
70.9533
70.9787
71.0042
71.0297
71.0551
71.0806
71.106
71.1315
71.1569
71.1824
71.2079
71.2333
71.2587
71.2842
71.3096
71.3351
71.3605
71.386
71.4114
71.4368
71.4623
71.4877
71.5132
71.5387
71.5641
71.5896
71.615
71.6405
71.6659
71.6913
71.7168
71.7422
71.7676
71.7931
71.8186
71.844
71.8694
71.8949
71.9204
71.9458
71.9712
71.9967
72.0221
72.0476
72.073
72.0985
72.1239
72.1493
72.1748
72.2003
72.2257
72.2511
72.2766
72.302
72.3275
72.3529
72.3784
72.4039
72.4293
72.4547
72.4802
72.5056
72.5311
72.5565
72.5819
72.6074
72.6328
72.6582
72.6836
72.7091
72.7345
72.7599
72.7854
72.8108
72.8363
72.8617
72.8871
72.9126
72.938
72.9634
72.9889
73.0143
73.0397
73.0652
73.0906
73.1161
73.1415
73.1669
73.1924
73.2178
73.2433
73.2687
73.2942
73.3196
73.3451
73.3705
73.396
73.4215
73.4469
73.4724
73.4978
73.5232
73.5487
73.5742
73.5996
73.625
73.6505
73.6759
73.7014
73.7268
73.7522
73.7777
73.8031
73.8285
73.8539
73.8794
73.9048
73.9303
73.9557
73.9811
74.0066
74.0321
74.0575
74.0829
74.1084
74.1338
74.1593
74.1847
74.2102
74.2356
74.2611
74.2865
74.312
74.3375
74.3629
74.3884
74.4138
74.4393
74.4647
74.4902
74.5156
74.5411
74.5665
74.592
74.6174
74.6429
74.6683
74.6938
74.7192
74.7447
74.7701
74.7956
74.821
74.8465
74.872
74.8974
74.9229
74.9483
74.9738
74.9992
75.0247
75.0501
75.0756
75.101
75.1265
75.1519
75.1773
75.2027
75.2282
75.2536
75.279
75.3045
75.3299
75.3553
75.3807
75.4062
75.4316
75.457
75.4825
75.5079
75.5333
75.5588
75.5842
75.6097
75.6351
75.6605
75.686
75.7114
75.7368
75.7623
75.7877
75.8132
75.8386
75.864
75.8895
75.9149
75.9403
75.9658
75.9912
76.0166
76.0421
76.0675
76.0929
76.1184
76.1438
76.1693
76.1947
76.2202
76.2456
76.271
76.2965
76.322
76.3474
76.3728
76.3983
76.4237
76.4492
76.4746
76.5001
76.5256
76.551
76.5765
76.6019
76.6273
76.6528
76.6782
76.7037
76.7292
76.7546
76.7801
76.8055
76.831
76.8564
76.8819
76.9073
76.9328
76.9582
76.9837
77.0091
77.0346
77.06
77.0855
77.1109
77.1364
77.1619
77.1873
77.2128
77.2382
77.2637
77.2891
77.3146
77.34
77.3654
77.3909
77.4163
77.4418
77.4672
77.4927
77.5181
77.5436
77.569
77.5945
77.6199
77.6454
77.6708
77.6963
77.7217
77.7472
77.7726
77.7981
77.8235
77.849
77.8745
77.9
77.9254
77.9509
77.9763
78.0018
78.0272
78.0527
78.0781
78.1035
78.1289
78.1544
78.1798
78.2053
78.2307
78.2561
78.2816
78.307
78.3325
78.358
78.3834
78.4088
78.4343
78.4597
78.4852
78.5106
78.5361
78.5615
78.587
78.6124
78.6379
78.6633
78.6888
78.7142
78.7397
78.7652
78.7906
78.8161
78.8415
78.867
78.8925
78.9179
78.9434
78.9689
78.9943
79.0198
79.0453
79.0707
79.0961
79.1216
79.147
79.1725
79.1979
79.2234
79.2489
79.2744
79.2999
79.3253
79.3507
79.3762
79.4016
79.4271
79.4525
79.478
79.5034
79.5289
79.5543
79.5798
79.6053
79.6307
79.6562
79.6816
79.7071
79.7325
79.758
79.7834
79.8089
79.8343
79.8598
79.8852
79.9107
79.9361
79.9616
79.987
80.0125
80.0379
80.0634
80.0888
80.1143
80.1397
80.1652
80.1906
80.2161
80.2415
80.2669
80.2924
80.3178
80.3432
80.3687
80.3941
80.4196
80.445
80.4705
80.4959
80.5213
80.5467
80.5722
80.5976
80.6231
80.6485
80.674
80.6994
80.7249
80.7503
80.7757
80.8012
80.8267
80.8521
80.8776
80.903
80.9285
80.9539
80.9794
81.0048
81.0303
81.0557
81.0812
81.1066
81.1321
81.1575
81.183
81.2084
81.2338
81.2593
81.2847
81.3101
81.3356
81.361
81.3865
81.4119
81.4373
81.4628
81.4883
81.5137
81.5392
81.5646
81.59
81.6155
81.641
81.6664
81.6918
81.7173
81.7428
81.7682
81.7937
81.8191
81.8446
81.87
81.8954
81.9209
81.9463
81.9718
81.9972
82.0227
82.0481
82.0736
82.0991
82.1245
82.15
82.1754
82.2009
82.2264
82.2518
82.2773
82.3027
82.3282
82.3536
82.3791
82.4045
82.4299
82.4554
82.4808
82.5062
82.5317
82.5571
82.5825
82.6079
82.6334
82.6588
82.6843
82.7097
82.7352
82.7606
82.786
82.8115
82.837
82.8624
82.8878
82.9133
82.9387
82.9642
82.9896
83.0151
83.0405
83.066
83.0914
83.1169
83.1424
83.1678
83.1933
83.2187
83.2441
83.2696
83.295
83.3205
83.3459
83.3713
83.3968
83.4223
83.4477
83.4732
83.4986
83.5241
83.5495
83.575
83.6003
83.6258
83.6512
83.6766
83.702
83.7274
83.7529
83.7783
83.8036
83.8291
83.8545
83.8799
83.9053
83.9307
83.9562
83.9817
84.0071
84.0325
84.058
84.0834
84.1089
84.1343
84.1598
84.1852
84.2107
84.2361
84.2615
84.287
84.3124
84.3379
84.3633
84.3887
84.4142
84.4396
84.465
84.4905
84.5159
84.5414
84.5668
84.5923
84.6177
84.6431
84.6685
84.694
84.7194
84.7448
84.7703
84.7957
84.8212
84.8466
84.872
84.8975
84.9229
84.9484
84.9739
84.9993
85.0247
85.0502
85.0756
85.1011
85.1265
85.152
85.1774
85.2029
85.2283
85.2538
85.2792
85.3047
85.3301
85.3556
85.381
85.4064
85.4319
85.4573
85.4828
85.5082
85.5337
85.5591
85.5846
85.61
85.6354
85.6609
85.6863
85.7118
85.7372
85.7626
85.7881
85.8135
85.8389
85.8644
85.8898
85.9153
85.9407
85.9662
85.9916
86.0171
86.0425
86.068
86.0934
86.1189
86.1444
86.1698
86.1953
86.2207
86.2462
86.2716
86.2971
86.3225
86.348
86.3734
86.3988
86.4243
86.4497
86.4752
86.5007
86.5261
86.5515
86.577
86.6024
86.6279
86.6533
86.6788
86.7042
86.7297
86.7551
86.7805
86.806
86.8315
86.8569
86.8824
86.9079
86.9333
86.9587
86.9842
87.0096
87.0351
87.0605
87.086
87.1115
87.1369
87.1624
87.1878
87.2133
87.2387
87.2642
87.2896
87.315
87.3405
87.3659
87.3914
87.4168
87.4423
87.4677
87.4932
87.5186
87.5441
87.5695
87.595
87.6204
87.6459
87.6713
87.6967
87.7222
87.7477
87.7731
87.7986
87.824
87.8495
87.8749
87.9004
87.9258
87.9513
87.9768
88.0022
88.0277
88.0531
88.0786
88.104
88.1295
88.1549
88.1803
88.2058
88.2312
88.2567
88.2821
88.3076
88.333
88.3585
88.3839
88.4094
88.4348
88.4603
88.4857
88.5112
88.5366
88.5621
88.5875
88.613
88.6384
88.6639
88.6893
88.7147
88.7401
88.7656
88.791
88.8165
88.8419
88.8673
88.8928
88.9182
88.9437
88.9691
88.9946
89.02
89.0455
89.071
89.0964
89.1218
89.1473
89.1728
89.1982
89.2237
89.2491
89.2746
89.3001
89.3255
89.351
89.3765
89.4019
89.4274
89.4528
89.4783
89.5037
89.5292
89.5547
89.5802
89.6056
89.6311
89.6565
89.682
89.7074
89.7329
89.7583
89.7838
89.8093
89.8347
89.8602
89.8856
89.9111
89.9365
89.962
89.9875
90.0129
90.0384
90.0638
90.0893
90.1147
90.1402
90.1656
90.1911
90.2165
90.242
90.2674
90.2929
90.3183
90.3437
90.3692
90.3946
90.4201
90.4455
90.471
90.4964
90.5219
90.5473
90.5728
90.5982
90.6237
90.6491
90.6746
90.7
90.7255
90.7509
90.7764
90.8018
90.8273
90.8527
90.8782
90.9036
90.929
90.9545
90.9799
91.0054
91.0308
91.0563
91.0817
91.1071
91.1326
91.1581
91.1835
91.209
91.2344
91.2598
91.2853
91.3107
91.3362
91.3616
91.387
91.4125
91.438
91.4635
91.4889
91.5144
91.5398
91.5653
91.5907
91.6162
91.6416
91.6671
91.6925
91.718
91.7434
91.7689
91.7943
91.8198
91.8452
91.8707
91.8961
91.9216
91.947
91.9725
91.998
92.0234
92.0489
92.0743
92.0998
92.1252
92.1507
92.1761
92.2016
92.227
92.2525
92.2779
92.3034
92.3289
92.3543
92.3798
92.4052
92.4307
92.4562
92.4816
92.5071
92.5326
92.558
92.5834
92.6089
92.6343
92.6597
92.6851
92.7106
92.736
92.7614
92.7869
92.8123
92.8378
92.8632
92.8887
92.9141
92.9396
92.965
92.9905
93.0159
93.0413
93.0668
93.0922
93.1177
93.1431
93.1685
93.194
93.2195
93.2449
93.2704
93.2958
93.3213
93.3467
93.3722
93.3976
93.423
93.4485
93.474
93.4994
93.5248
93.5503
93.5758
93.6012
93.6266
93.6521
93.6775
93.703
93.7284
93.7539
93.7793
93.8048
93.8302
93.8557
93.8811
93.9066
93.9321
93.9575
93.983
94.0084
94.0339
94.0594
94.0848
94.1102
94.1357
94.1612
94.1866
94.2121
94.2375
94.263
94.2884
94.3139
94.3393
94.3648
94.3902
94.4157
94.4411
94.4666
94.492
94.5175
94.5429
94.5684
94.5938
94.6193
94.6448
94.6702
94.6957
94.7212
94.7466
94.772
94.7975
94.8229
94.8483
94.8738
94.8992
94.9247
94.9501
94.9755
95.001
95.0264
95.0519
95.0773
95.1028
95.1283
95.1537
95.1792
95.2046
95.2301
95.2555
95.281
95.3064
95.3319
95.3573
95.3827
95.4082
95.4336
95.4591
95.4846
95.51
95.5355
95.561
95.5864
95.6119
95.6373
95.6627
95.6882
95.7136
95.739
95.7645
95.7899
95.8154
95.8408
95.8663
95.8917
95.9172
95.9427
95.9681
95.9936
96.019
96.0445
96.0699
96.0954
96.1208
96.1463
96.1717
96.1972
96.2226
96.2481
96.2735
96.299
96.3244
96.3498
96.3753
96.4007
96.4262
96.4516
96.4771
96.5026
96.528
96.5535
96.5789
96.6044
96.6299
96.6553
96.6808
96.7062
96.7317
96.7571
96.7826
96.808
96.8335
96.8589
96.8843
96.9098
96.9352
96.9607
96.9861
97.0116
97.037
97.0625
97.088
97.1134
97.1389
97.1643
97.1897
97.2152
97.2406
97.2661
97.2915
97.317
97.3424
97.3679
97.3933
97.4188
97.4441
97.4696
97.495
97.5205
97.5459
97.5713
97.5968
97.6223
97.6477
97.6732
97.6986
97.7241
97.7495
97.775
97.8005
97.8259
97.8514
97.8769
97.9023
97.9278
97.9533
97.9787
98.0042
98.0296
98.0551
98.0805
98.106
98.1315
98.1569
98.1824
98.2078
98.2333
98.2587
98.2841
98.3096
98.3351
98.3605
98.386
98.4114
98.4369
98.4623
98.4877
98.5132
98.5386
98.5641
98.5895
98.615
98.6404
98.6659
98.6913
98.7168
98.7422
98.7677
98.7932
98.8186
98.8441
98.8695
98.895
98.9204
98.9459
98.9713
98.9968
99.0222
99.0477
99.0731
99.0986
99.124
99.1495
99.175
99.2004
99.2259
99.2513
99.2768
99.3022
99.3277
99.3531
99.3786
99.404
99.4294
99.4549
99.4804
99.5058
99.5313
99.5567
99.5822
99.6076
99.633
99.6584
99.6839
99.7093
99.7347
99.7602
99.7857
99.8112
99.8366
99.8621
99.8876
99.913
99.9385
99.9639
99.9893
100.015
100.04
100.066
100.091
100.117
100.142
100.168
100.193
100.218
100.244
100.269
100.295
100.32
100.346
100.371
100.397
100.422
100.447
100.473
100.498
100.524
100.549
100.575
100.6
100.626
100.651
100.677
100.702
100.727
100.753
100.778
100.804
100.829
100.855
100.88
100.905
100.931
100.956
100.982
101.007
101.033
101.058
101.084
101.109
101.135
101.16
101.185
101.211
101.236
101.262
101.287
101.313
101.338
101.364
101.389
101.414
101.44
101.465
101.491
101.516
101.542
101.567
101.593
101.618
101.643
101.669
101.694
101.72
101.745
101.771
101.796
101.822
101.847
101.872
101.898
101.923
101.949
101.974
102
102.025
102.051
102.076
102.101
102.127
102.152
102.178
102.203
102.229
102.254
102.279
102.305
102.33
102.356
102.381
102.407
102.432
102.458
102.483
102.508
102.534
102.559
102.585
102.61
102.636
102.661
102.686
102.712
102.737
102.763
102.788
102.814
102.839
102.865
102.89
102.915
102.941
102.966
102.992
103.017
103.043
103.068
103.094
103.119
103.145
103.17
103.195
103.221
103.246
103.272
103.297
103.323
103.348
103.374
103.399
103.424
103.45
103.475
103.501
103.526
103.552
103.577
103.603
103.628
103.654
103.679
103.705
103.73
103.755
103.781
103.806
103.832
103.857
103.883
103.908
103.934
103.959
103.984
104.01
104.035
104.061
104.086
104.112
104.137
104.163
104.188
104.214
104.239
104.264
104.29
104.315
104.341
104.366
104.392
104.417
104.443
104.468
104.494
104.519
104.544
104.57
104.595
104.621
104.646
104.672
104.697
104.723
104.748
104.774
104.799
104.824
104.85
104.875
104.901
104.926
104.952
104.977
105.003
105.028
105.053
105.079
105.104
105.13
105.155
105.181
105.206
105.232
105.257
105.282
105.308
105.333
105.359
105.384
105.41
105.435
105.461
105.486
105.511
105.537
105.562
105.588
105.613
105.639
105.664
105.69
105.715
105.741
105.766
105.791
105.817
105.842
105.868
105.893
105.919
105.944
105.97
105.995
106.02
106.046
106.071
106.097
106.122
106.148
106.173
106.199
106.224
106.249
106.275
106.3
106.326
106.351
106.377
106.402
106.428
106.453
106.478
106.504
106.529
106.555
106.58
106.606
106.631
106.657
106.682
106.708
106.733
106.758
106.784
106.809
106.835
106.86
106.886
106.911
106.937
106.962
106.988
107.013
107.038
107.064
107.089
107.115
107.14
107.166
107.191
107.217
107.242
107.267
107.293
107.318
107.344
107.369
107.395
107.42
107.446
107.471
107.496
107.522
107.547
107.573
107.598
107.624
107.649
107.675
107.7
107.725
107.751
107.776
107.802
107.827
107.853
107.878
107.904
107.929
107.955
107.98
108.005
108.031
108.056
108.082
108.107
108.133
108.158
108.184
108.209
108.234
108.26
108.285
108.311
108.336
108.362
108.387
108.413
108.438
108.463
108.489
108.514
108.54
108.565
108.591
108.616
108.642
108.667
108.693
108.718
108.743
108.769
108.794
108.82
108.845
108.871
108.896
108.922
108.947
108.972
108.998
109.023
109.049
109.074
109.1
109.125
109.151
109.176
109.202
109.227
109.252
109.278
109.303
109.329
109.354
109.38
109.405
109.431
109.456
109.481
109.507
109.532
109.558
109.583
109.609
109.634
109.66
109.685
109.711
109.736
109.761
109.787
109.812
109.838
109.863
109.889
109.914
109.94
109.965
109.99
110.016
110.041
110.067
110.092
110.118
110.143
110.169
110.194
110.219
110.245
110.27
110.296
110.321
110.347
110.372
110.398
110.423
110.449
110.474
110.499
110.525
110.55
110.576
110.601
110.627
110.652
110.678
110.703
110.728
110.754
110.779
110.805
110.83
110.856
110.881
110.907
110.932
110.958
110.983
111.008
111.034
111.059
111.085
111.11
111.136
111.161
111.187
111.212
111.237
111.263
111.288
111.314
111.339
111.365
111.39
111.416
111.441
111.466
111.492
111.517
111.543
111.568
111.594
111.619
111.645
111.67
111.696
111.721
111.746
111.772
111.797
111.823
111.848
111.874
111.899
111.925
111.95
111.976
112.001
112.026
112.052
112.077
112.103
112.128
112.154
112.179
112.205
112.23
112.255
112.281
112.306
112.332
112.357
112.383
112.408
112.434
112.459
112.484
112.51
112.535
112.561
112.586
112.612
112.637
112.663
112.688
112.713
112.739
112.764
112.79
112.815
112.841
112.866
112.892
112.917
112.942
112.968
112.993
113.019
113.044
113.07
113.095
113.121
113.146
113.171
113.197
113.222
113.248
113.273
113.299
113.324
113.35
113.375
113.401
113.426
113.451
113.477
113.502
113.528
113.553
113.579
113.604
113.63
113.655
113.681
113.706
113.731
113.757
113.782
113.808
113.833
113.859
113.884
113.91
113.935
113.96
113.986
114.011
114.037
114.062
114.088
114.113
114.139
114.164
114.189
114.215
114.24
114.266
114.291
114.317
114.342
114.368
114.393
114.419
114.444
114.469
114.495
114.52
114.546
114.571
114.597
114.622
114.648
114.673
114.698
114.724
114.749
114.775
114.8
114.826
114.851
114.876
114.902
114.927
114.953
114.978
115.004
115.029
115.055
115.08
115.105
115.131
115.156
115.182
115.207
115.233
115.258
115.283
115.309
115.334
115.36
115.385
115.411
115.436
115.462
115.487
115.512
115.538
115.563
115.589
115.614
115.64
115.665
115.691
115.716
115.741
115.767
115.792
115.818
115.843
115.869
115.894
115.92
115.945
115.97
115.996
116.021
116.047
116.072
116.098
116.123
116.149
116.174
116.199
116.225
116.25
116.276
116.301
116.327
116.352
116.377
116.403
116.428
116.454
116.479
116.505
116.53
116.556
116.581
116.606
116.632
116.657
116.683
116.708
116.734
116.759
116.785
116.81
116.835
116.861
116.886
116.912
116.937
116.963
116.988
117.014
117.039
117.064
117.09
117.115
117.141
117.166
117.192
117.217
117.243
117.268
117.294
117.319
117.344
117.37
117.395
117.421
117.446
117.472
117.497
117.523
117.548
117.574
117.599
117.624
117.65
117.675
117.701
117.726
117.752
117.777
117.803
117.828
117.854
117.879
117.904
117.93
117.955
117.981
118.006
118.032
118.057
118.083
118.108
118.133
118.159
118.184
118.21
118.235
118.261
118.286
118.312
118.337
118.363
118.388
118.414
118.439
118.464
118.49
118.515
118.541
118.566
118.592
118.617
118.643
118.668
118.694
118.719
118.744
118.77
118.795
118.821
118.846
118.872
118.897
118.923
118.948
118.973
118.999
119.024
119.05
119.075
119.101
119.126
119.152
119.177
119.203
119.228
119.254
119.279
119.304
119.33
119.355
119.381
119.406
119.432
119.457
119.483
119.508
119.533
119.559
119.584
119.61
119.635
119.661
119.686
119.712
119.737
119.763
119.788
119.813
119.839
119.864
119.89
119.915
119.941
119.966
119.992
120.017
120.042
120.068
120.093
120.119
120.144
120.17
120.195
120.221
120.246
120.271
120.297
120.322
120.348
120.373
120.399
120.424
120.45
120.475
120.5
120.526
120.551
120.577
120.602
120.628
120.653
120.679
120.704
120.729
120.755
120.78
120.806
120.831
120.857
120.882
120.908
120.933
120.958
120.984
121.009
121.035
121.06
121.086
121.111
121.136
121.162
121.187
121.213
121.238
121.264
121.289
121.315
121.34
121.365
121.391
121.416
121.442
121.467
121.493
121.518
121.544
121.569
121.594
121.62
121.645
121.671
121.696
121.722
121.747
121.773
121.798
121.823
121.849
121.874
121.9
121.925
121.951
121.976
122.001
122.027
122.052
122.078
122.103
122.129
122.154
122.18
122.205
122.23
122.256
122.281
122.307
122.332
122.358
122.383
122.409
122.434
122.459
122.485
122.51
122.536
122.561
122.587
122.612
122.638
122.663
122.688
122.714
122.739
122.765
122.79
122.816
122.841
122.867
122.892
122.917
122.943
122.968
122.994
123.019
123.045
123.07
123.096
123.121
123.147
123.172
123.197
123.223
123.248
123.274
123.299
123.325
123.35
123.376
123.401
123.426
123.452
123.477
123.503
123.528
123.554
123.579
123.604
123.63
123.655
123.681
123.706
123.732
123.757
123.783
123.808
123.833
123.859
123.884
123.91
123.935
123.961
123.986
124.012
124.037
124.062
124.088
124.113
124.139
124.164
124.19
124.215
124.241
124.266
124.292
124.317
124.342
124.368
124.393
124.419
124.444
124.47
124.495
124.52
124.546
124.571
124.597
124.622
124.648
124.673
124.699
124.724
124.75
124.775
124.801
124.826
124.852
124.877
124.902
124.928
124.953
124.979
125.004
125.03
125.055
125.081
125.106
125.132
125.157
125.183
125.208
125.233
125.259
125.284
125.31
125.335
125.361
125.386
125.411
125.437
125.462
125.488
125.513
125.539
125.564
125.59
125.615
125.64
125.666
125.691
125.717
125.742
125.768
125.793
125.819
125.844
125.87
125.895
125.92
125.946
125.971
125.997
126.022
126.048
126.073
126.099
126.124
126.15
126.175
126.2
126.226
126.251
126.277
126.302
126.328
126.353
126.379
126.404
126.429
126.455
126.48
126.506
126.531
126.557
126.582
126.608
126.633
126.659
126.684
126.709
126.735
126.76
126.786
126.811
126.837
126.862
126.888
126.913
126.939
126.964
126.989
127.015
127.04
127.066
127.091
127.117
127.142
127.168
127.193
127.218
127.244
127.269
127.295
127.32
127.346
127.371
127.397
127.422
127.447
127.473
127.498
127.524
127.549
127.575
127.6
127.625
127.651
127.676
127.702
127.727
127.753
127.778
127.804
127.829
127.855
127.88
127.905
127.931
127.956
127.982
128.007
128.033
128.058
128.084
128.109
128.135
128.16
128.185
128.211
128.236
128.262
128.287
128.313
128.338
128.364
128.389
128.414
128.44
128.465
128.491
128.516
128.542
128.567
128.593
128.618
128.644
128.669
128.694
128.72
128.745
128.771
128.796
128.822
128.847
128.873
128.898
128.924
128.949
128.974
129
129.025
129.051
129.076
129.102
129.127
129.153
129.178
129.204
129.229
129.254
129.28
129.305
129.331
129.356
129.382
129.407
129.433
129.458
129.484
129.509
129.534
129.56
129.585
129.611
129.636
129.662
129.687
129.713
129.738
129.763
129.789
129.814
129.84
129.865
129.891
129.916
129.941
129.967
129.992
130.018
130.043
130.069
130.094
130.12
130.145
130.171
130.196
130.221
130.247
130.272
130.298
130.323
130.349
130.374
130.399
130.425
130.45
130.476
130.501
130.527
130.552
130.578
130.603
130.628
130.654
130.679
130.705
130.73
130.756
130.781
130.807
130.832
130.857
130.883
130.908
130.934
130.959
130.985
131.01
131.036
131.061
131.086
131.112
131.137
131.163
131.188
131.214
131.239
131.265
131.29
131.316
131.341
131.366
131.392
131.417
131.443
131.468
131.494
131.519
131.545
131.57
131.595
131.621
131.646
131.672
131.697
131.723
131.748
131.774
131.799
131.824
131.85
131.875
131.901
131.926
131.952
131.977
132.003
132.028
132.053
132.079
132.104
132.13
132.155
132.181
132.206
132.232
132.257
132.283
132.308
132.334
132.359
132.384
132.41
132.435
132.461
132.486
132.512
132.537
132.562
132.588
132.613
132.639
132.664
132.689
132.715
132.74
132.766
132.791
132.817
132.842
132.867
132.893
132.918
132.944
132.969
132.995
133.02
133.045
133.071
133.096
133.122
133.147
133.173
133.198
133.224
133.249
133.275
133.3
133.325
133.351
133.376
133.402
133.427
133.453
133.478
133.504
133.529
133.555
133.58
133.605
133.631
133.656
133.682
133.707
133.733
133.758
133.784
133.809
133.834
133.86
133.885
133.911
133.936
133.962
133.987
134.013
134.038
134.063
134.089
134.114
134.14
134.165
134.191
134.216
134.242
134.267
134.293
134.318
134.343
134.369
134.394
134.42
134.445
134.471
134.496
134.522
134.547
134.573
134.598
134.623
134.649
134.674
134.7
134.725
134.751
134.776
134.802
134.827
134.853
134.878
134.903
134.929
134.954
134.98
135.005
135.031
135.056
135.082
135.107
135.132
135.158
135.183
135.209
135.234
135.26
135.285
135.31
135.336
135.361
135.387
135.412
135.438
135.463
135.489
135.514
135.54
135.565
135.59
135.616
135.641
135.667
135.692
135.718
135.743
135.769
135.794
135.82
135.845
135.871
135.896
135.921
135.947
135.972
135.998
136.023
136.049
136.074
136.1
136.125
136.15
136.176
136.201
136.227
136.252
136.278
136.303
136.329
136.354
136.38
136.405
136.43
136.456
136.481
136.507
136.532
136.558
136.583
136.609
136.634
136.66
136.685
136.71
136.736
136.761
136.787
136.812
136.838
136.863
136.889
136.914
136.939
136.965
136.99
137.016
137.041
137.067
137.092
137.118
137.143
137.168
137.194
137.219
137.245
137.27
137.296
137.321
137.347
137.372
137.397
137.423
137.448
137.474
137.499
137.525
137.55
137.576
137.601
137.626
137.652
137.677
137.703
137.728
137.754
137.779
137.804
137.83
137.855
137.881
137.906
137.932
137.957
137.983
138.008
138.033
138.059
138.084
138.11
138.135
138.161
138.186
138.212
138.237
138.262
138.288
138.313
138.339
138.364
138.39
138.415
138.44
138.466
138.491
138.517
138.542
138.568
138.593
138.618
138.644
138.669
138.695
138.72
138.746
138.771
138.797
138.822
138.847
138.873
138.898
138.924
138.949
138.975
139
139.026
139.051
139.076
139.102
139.127
139.153
139.178
139.204
139.229
139.255
139.28
139.305
139.331
139.356
139.382
139.407
139.433
139.458
139.484
139.509
139.534
139.56
139.585
139.611
139.636
139.662
139.687
139.713
139.738
139.763
139.789
139.814
139.84
139.865
139.891
139.916
139.942
139.967
139.992
140.018
140.043
140.069
140.094
140.12
140.145
140.171
140.196
140.221
140.247
140.272
140.298
140.323
140.349
140.374
140.4
140.425
140.45
140.476
140.501
140.527
140.552
140.578
140.603
140.629
140.654
140.679
140.705
140.73
140.756
140.781
140.807
140.832
140.858
140.883
140.909
140.934
140.959
140.985
141.01
141.036
141.061
141.087
141.112
141.138
141.163
141.189
141.214
141.239
141.265
141.29
141.316
141.341
141.367
141.392
141.418
141.443
141.468
141.494
141.519
141.545
141.57
141.596
141.621
141.647
141.672
141.697
141.723
141.748
141.774
141.799
141.825
141.85
141.876
141.901
141.926
141.952
141.977
142.003
142.028
142.054
142.079
142.105
142.13
142.155
142.181
142.206
142.232
142.257
142.283
142.308
142.334
142.359
142.384
142.41
142.435
142.461
142.486
142.512
142.537
142.562
142.588
142.613
142.639
142.664
142.69
142.715
142.74
142.766
142.791
142.817
142.842
142.867
142.893
142.918
142.944
142.969
142.995
143.02
143.046
143.071
143.096
143.122
143.147
143.173
143.198
143.224
143.249
143.275
143.3
143.325
143.351
143.376
143.402
143.427
143.453
143.478
143.503
143.529
143.554
143.58
143.605
143.631
143.656
143.682
143.707
143.732
143.758
143.783
143.809
143.834
143.86
143.885
143.911
143.936
143.961
143.987
144.012
144.038
144.063
144.089
144.114
144.139
144.165
144.19
144.216
144.241
144.267
144.292
144.318
144.343
144.369
144.394
144.419
144.445
144.47
144.496
144.521
144.547
144.572
144.597
144.623
144.648
144.674
144.699
144.725
144.75
144.776
144.801
144.826
144.852
144.877
144.903
144.928
144.954
144.979
145.005
145.03
145.056
145.081
145.107
145.132
145.157
145.183
145.208
145.234
145.259
145.285
145.31
145.336
145.361
145.387
145.412
145.437
145.463
145.488
145.514
145.539
145.565
145.59
145.615
145.641
145.666
145.692
145.717
145.743
145.768
145.794
145.819
145.844
145.87
145.895
145.921
145.946
145.972
145.997
146.023
146.048
146.074
146.099
146.124
146.15
146.175
146.201
146.226
146.252
146.277
146.303
146.328
146.353
146.379
146.404
146.43
146.455
146.481
146.506
146.532
146.557
146.583
146.608
146.633
146.659
146.684
146.71
146.735
146.761
146.786
146.812
146.837
146.862
146.888
146.913
146.939
146.964
146.99
147.015
147.04
147.066
147.091
147.117
147.142
147.168
147.193
147.219
147.244
147.269
147.295
147.32
147.346
147.371
147.397
147.422
147.448
147.473
147.498
147.524
147.549
147.575
147.6
147.626
147.651
147.677
147.702
147.727
147.753
147.778
147.804
147.829
147.855
147.88
147.906
147.931
147.957
147.982
148.007
148.033
148.058
148.084
148.109
148.135
148.16
148.186
148.211
148.237
148.262
148.287
148.313
148.338
148.364
148.389
148.415
148.44
148.466
148.491
148.517
148.542
148.567
148.593
148.618
148.644
148.669
148.695
148.72
148.745
148.771
148.796
148.822
148.847
148.873
148.898
148.924
148.949
148.974
149
149.025
149.051
149.076
149.102
149.127
149.152
149.178
149.203
149.229
149.254
149.28
149.305
149.331
149.356
149.382
149.407
149.432
149.458
149.483
149.509
149.534
149.56
149.585
149.611
149.636
149.661
149.687
149.712
149.738
149.763
149.789
149.814
149.84
149.865
149.891
149.916
149.942
149.967
149.992
150.018
150.043
150.069
150.094
150.12
150.145
150.171
150.196
150.222
150.247
150.272
150.298
150.323
150.349
150.374
150.4
150.425
150.451
150.476
150.502
150.527
150.552
150.578
150.603
150.629
150.654
150.68
150.705
150.731
150.756
150.782
150.807
150.832
150.858
150.883
150.909
150.934
150.96
150.985
151.011
151.036
151.062
151.087
151.112
151.138
151.163
151.189
151.214
151.24
151.265
151.291
151.316
151.341
151.367
151.392
151.418
151.443
151.469
151.494
151.52
151.545
151.571
151.596
151.621
151.647
151.672
151.698
151.723
151.749
151.774
151.8
151.825
151.85
151.876
151.901
151.927
151.952
151.978
152.003
152.029
152.054
152.079
152.105
152.13
152.156
152.181
152.207
152.232
152.258
152.283
152.309
152.334
152.359
152.385
152.41
152.436
152.461
152.487
152.512
152.538
152.563
152.588
152.614
152.639
152.665
152.69
152.716
152.741
152.766
152.792
152.817
152.843
152.868
152.894
152.919
152.944
152.97
152.995
153.021
153.046
153.072
153.097
153.123
153.148
153.173
153.199
153.224
153.25
153.275
153.301
153.326
153.351
153.377
153.402
153.428
153.453
153.479
153.504
153.53
153.555
153.58
153.606
153.631
153.657
153.682
153.708
153.733
153.759
153.784
153.809
153.835
153.86
153.886
153.911
153.937
153.962
153.988
154.013
154.038
154.064
154.089
154.115
154.14
154.166
154.191
154.216
154.242
154.267
154.293
154.318
154.344
154.369
154.395
154.42
154.445
154.471
154.496
154.522
154.547
154.573
154.598
154.624
154.649
154.674
154.7
154.725
154.751
154.776
154.802
154.827
154.853
154.878
154.904
154.929
154.954
154.98
155.005
155.031
155.056
155.082
155.107
155.133
155.158
155.183
155.209
155.234
155.26
155.285
155.311
155.336
155.362
155.387
155.412
155.438
155.463
155.489
155.514
155.54
155.565
155.59
155.616
155.641
155.667
155.692
155.718
155.743
155.769
155.794
155.819
155.845
155.87
155.896
155.921
155.947
155.972
155.998
156.023
156.049
156.074
156.099
156.125
156.15
156.176
156.201
156.227
156.252
156.278
156.303
156.329
156.354
156.38
156.405
156.43
156.456
156.481
156.507
156.532
156.558
156.583
156.608
156.634
156.659
156.685
156.71
156.736
156.761
156.787
156.812
156.837
156.863
156.888
156.914
156.939
156.965
156.99
157.016
157.041
157.066
157.092
157.117
157.143
157.168
157.194
157.219
157.245
157.27
157.295
157.321
157.346
157.372
157.397
157.423
157.448
157.474
157.499
157.524
157.55
157.575
157.601
157.626
157.652
157.677
157.703
157.728
157.753
157.779
157.804
157.83
157.855
157.881
157.906
157.932
157.957
157.983
158.008
158.033
158.059
158.084
158.11
158.135
158.161
158.186
158.212
158.237
158.263
158.288
158.313
158.339
158.364
158.39
158.415
158.441
158.466
158.492
158.517
158.542
158.568
158.593
158.619
158.644
158.67
158.695
158.721
158.746
158.772
158.797
158.823
158.848
158.873
158.899
158.924
158.95
158.975
159.001
159.026
159.052
159.077
159.103
159.128
159.154
159.179
159.204
159.23
159.255
159.281
159.306
159.332
159.357
159.383
159.408
159.434
159.459
159.484
159.51
159.535
159.561
159.586
159.612
159.637
159.662
159.688
159.713
159.739
159.764
159.79
159.815
159.84
159.866
159.891
159.917
159.942
159.968
159.993
160.019
160.044
160.069
160.095
160.12
160.146
160.171
160.197
160.222
160.248
160.273
160.298
160.324
160.349
160.375
160.4
160.426
160.451
160.477
160.502
160.527
160.553
160.578
160.604
160.629
160.655
160.68
160.706
160.731
160.757
160.782
160.807
160.833
160.858
160.884
160.909
160.935
160.96
160.986
161.011
161.036
161.062
161.087
161.113
161.138
161.164
161.189
161.215
161.24
161.266
161.291
161.317
161.342
161.367
161.393
161.418
161.444
161.469
161.495
161.52
161.546
161.571
161.596
161.622
161.647
161.673
161.698
161.724
161.749
161.775
161.8
161.825
161.851
161.876
161.902
161.927
161.953
161.978
162.003
162.029
162.054
162.08
162.105
162.131
162.156
162.182
162.207
162.232
162.258
162.283
162.309
162.334
162.36
162.385
162.411
162.436
162.461
162.487
162.512
162.538
162.563
162.589
162.614
162.639
162.665
162.69
162.716
162.741
162.767
162.792
162.817
162.843
162.868
162.894
162.919
162.945
162.97
162.995
163.021
163.046
163.072
163.097
163.122
163.148
163.173
163.199
163.224
163.25
163.275
163.301
163.326
163.351
163.377
163.402
163.428
163.453
163.479
163.504
163.53
163.555
163.58
163.606
163.631
163.657
163.682
163.708
163.733
163.759
163.784
163.809
163.835
163.86
163.886
163.911
163.937
163.962
163.988
164.013
164.038
164.064
164.089
164.115
164.14
164.166
164.191
164.217
164.242
164.267
164.293
164.318
164.344
164.369
164.395
164.42
164.446
164.471
164.496
164.522
164.547
164.573
164.598
164.624
164.649
164.675
164.7
164.726
164.751
164.777
164.802
164.827
164.853
164.878
164.904
164.929
164.955
164.98
165.006
165.031
165.057
165.082
165.107
165.133
165.158
165.184
165.209
165.235
165.26
165.286
165.311
165.337
165.362
165.387
165.413
165.438
165.464
165.489
165.515
165.54
165.566
165.591
165.616
165.642
165.667
165.693
165.718
165.744
165.769
165.795
165.82
165.845
165.871
165.896
165.922
165.947
165.973
165.998
166.024
166.049
166.075
166.1
166.125
166.151
166.176
166.202
166.227
166.253
166.278
166.303
166.329
166.354
166.38
166.405
166.431
166.456
166.482
166.507
166.533
166.558
166.583
166.609
166.634
166.66
166.685
166.711
166.736
166.762
166.787
166.812
166.838
166.863
166.889
166.914
166.94
166.965
166.991
167.016
167.041
167.067
167.092
167.118
167.143
167.169
167.194
167.22
167.245
167.271
167.296
167.321
167.347
167.372
167.398
167.423
167.449
167.474
167.5
167.525
167.551
167.576
167.601
167.627
167.652
167.678
167.703
167.729
167.754
167.78
167.805
167.831
167.856
167.881
167.907
167.932
167.958
167.983
168.009
168.034
168.06
168.085
168.111
168.136
168.161
168.187
168.212
168.238
168.263
168.289
168.314
168.34
168.365
168.39
168.416
168.441
168.467
168.492
168.518
168.543
168.568
168.594
168.619
168.645
168.67
168.696
168.721
168.747
168.772
168.798
168.823
168.848
168.874
168.899
168.925
168.95
168.976
169.001
169.027
169.052
169.078
169.103
169.128
169.154
169.179
169.205
169.23
169.256
169.281
169.307
169.332
169.358
169.383
169.408
169.434
169.459
169.485
169.51
169.536
169.561
169.587
169.612
169.638
169.663
169.688
169.714
169.739
169.765
169.79
169.816
169.841
169.867
169.892
169.917
169.943
169.968
169.994
170.019
170.045
170.07
170.096
170.121
170.147
170.172
170.197
170.223
170.248
170.274
170.299
170.325
170.35
170.376
170.401
170.427
170.452
170.477
170.503
170.528
170.554
170.579
170.605
170.63
170.655
170.681
170.706
170.732
170.757
170.783
170.808
170.834
170.859
170.885
170.91
170.935
170.961
170.986
171.012
171.037
171.063
171.088
171.114
171.139
171.164
171.19
171.215
171.241
171.266
171.292
171.317
171.343
171.368
171.393
171.419
171.444
171.47
171.495
171.521
171.546
171.572
171.597
171.622
171.648
171.673
171.699
171.724
171.75
171.775
171.801
171.826
171.851
171.877
171.902
171.928
171.953
171.979
172.004
172.03
172.055
172.08
172.106
172.131
172.157
172.182
172.208
172.233
172.259
172.284
172.309
172.335
172.36
172.386
172.411
172.437
172.462
172.488
172.513
172.539
172.564
172.589
172.615
172.64
172.666
172.691
172.717
172.742
172.767
172.793
172.818
172.844
172.869
172.894
172.92
172.945
172.971
172.996
173.022
173.047
173.073
173.098
173.123
173.149
173.174
173.2
173.225
173.251
173.276
173.302
173.327
173.352
173.378
173.403
173.429
173.454
173.48
173.505
173.531
173.556
173.581
173.607
173.632
173.658
173.683
173.709
173.734
173.76
173.785
173.81
173.836
173.861
173.887
173.912
173.938
173.963
173.988
174.014
174.039
174.065
174.09
174.116
174.141
174.167
174.192
174.217
174.243
174.268
174.294
174.319
174.345
174.37
174.396
174.421
174.446
174.472
174.497
174.523
174.548
174.574
174.599
174.625
174.65
174.676
174.701
174.726
174.752
174.777
174.803
174.828
174.854
174.879
174.905
174.93
174.955
174.981
175.006
175.032
175.057
175.083
175.108
175.134
175.159
175.185
175.21
175.235
175.261
175.286
175.312
175.337
175.363
175.388
175.414
175.439
175.464
175.49
175.515
175.541
175.566
175.592
175.617
175.643
175.668
175.693
175.719
175.744
175.77
175.795
175.821
175.846
175.872
175.897
175.923
175.948
175.973
175.999
176.024
176.05
176.075
176.101
176.126
176.152
176.177
176.202
176.228
176.253
176.279
176.304
176.33
176.355
176.381
176.406
176.432
176.457
176.482
176.508
176.533
176.559
176.584
176.61
176.635
176.661
176.686
176.712
176.737
176.762
176.788
176.813
176.839
176.864
176.89
176.915
176.941
176.966
176.992
177.017
177.043
177.068
177.094
177.119
177.145
177.17
177.195
177.221
177.246
177.272
177.297
177.323
177.348
177.374
177.399
177.425
177.45
177.475
177.501
177.526
177.552
177.577
177.603
177.628
177.654
177.679
177.704
177.73
177.755
177.781
177.806
177.832
177.857
177.883
177.908
177.934
177.959
177.984
178.01
178.035
178.061
178.086
178.112
178.137
178.163
178.188
178.213
178.239
178.264
178.29
178.315
178.341
178.366
178.391
178.417
178.442
178.468
178.493
178.519
178.544
178.57
178.595
178.62
178.646
178.671
178.697
178.722
178.748
178.773
178.799
178.824
178.849
178.875
178.9
178.926
178.951
178.977
179.002
179.028
179.053
179.078
179.104
179.129
179.155
179.18
179.206
179.231
179.256
179.282
179.307
179.333
179.358
179.384
179.409
179.435
179.46
179.485
179.511
179.536
179.562
179.587
179.613
179.638
179.663
179.689
179.714
179.74
179.765
179.798
179.824
179.849
179.875
179.9
179.926
179.951
179.976
180.002
180.027
180.053
180.078
180.104
180.129
180.155
180.18
180.206
180.231
180.256
180.282
180.307
180.333
180.358
180.384
180.409
180.435
180.46
180.485
180.511
180.536
180.562
180.587
180.613
180.638
180.664
180.689
180.714
180.74
180.765
180.791
180.816
180.842
180.867
180.893
180.918
180.944
180.969
180.994
181.02
181.045
181.071
181.096
181.122
181.147
181.173
181.198
181.223
181.249
181.274
181.3
181.325
181.351
181.376
181.402
181.427
181.452
181.478
181.503
181.529
181.554
181.58
181.605
181.631
181.656
181.682
181.707
181.732
181.758
181.783
181.809
181.834
181.86
181.885
181.911
181.936
181.962
181.987
182.012
182.038
182.063
182.089
182.114
182.14
182.165
182.191
182.216
182.242
182.267
182.292
182.318
182.343
182.369
182.394
182.42
182.445
182.471
182.496
182.521
182.547
182.572
182.598
182.623
182.649
182.674
182.699
182.725
182.75
182.776
182.801
182.827
182.852
182.878
182.903
182.928
182.954
182.979
183.005
183.03
183.056
183.081
183.107
183.132
183.158
183.183
183.209
183.234
183.259
183.285
183.31
183.336
183.361
183.387
183.412
183.437
183.463
183.488
183.514
183.539
183.565
183.59
183.616
183.641
183.667
183.692
183.717
183.743
183.768
183.794
183.819
183.845
183.87
183.895
183.921
183.946
183.972
183.997
184.023
184.048
184.073
184.099
184.124
184.15
184.175
184.201
184.226
184.252
184.277
184.302
184.328
184.353
184.379
184.404
184.43
184.455
184.481
184.506
184.532
184.557
184.582
184.608
184.633
184.659
184.684
184.71
184.735
184.76
184.786
184.811
184.837
184.862
184.888
184.913
184.939
184.964
184.99
185.015
185.04
185.066
185.091
185.117
185.142
185.168
185.193
185.219
185.244
185.269
185.295
185.32
185.346
185.371
185.397
185.422
185.448
185.473
185.498
185.524
185.549
185.575
185.6
185.626
185.651
185.677
185.702
185.727
185.753
185.778
185.804
185.829
185.855
185.88
185.906
185.931
185.957
185.982
186.007
186.033
186.058
186.084
186.109
186.135
186.16
186.186
186.211
186.236
186.262
186.287
186.313
186.338
186.364
186.389
186.415
186.44
186.465
186.491
186.516
186.542
186.567
186.593
186.618
186.643
186.669
186.694
186.72
186.745
186.771
186.796
186.822
186.847
186.872
186.898
186.923
186.949
186.974
187
187.025
187.05
187.076
187.101
187.127
187.152
187.178
187.203
187.229
187.254
187.279
187.305
187.33
187.356
187.381
187.407
187.432
187.458
187.483
187.508
187.534
187.559
187.585
187.61
187.636
187.661
187.687
187.712
187.737
187.763
187.788
187.814
187.839
187.865
187.89
187.916
187.941
187.966
187.992
188.017
188.043
188.068
188.094
188.119
188.145
188.17
188.195
188.221
188.246
188.272
188.297
188.323
188.348
188.374
188.399
188.424
188.45
188.475
188.501
188.526
188.552
188.577
188.603
188.628
188.653
188.679
188.704
188.73
188.755
188.781
188.806
188.832
188.857
188.882
188.908
188.933
188.959
188.984
189.01
189.035
189.061
189.086
189.111
189.137
189.162
189.188
189.213
189.239
189.264
189.289
189.315
189.34
189.366
189.391
189.417
189.442
189.467
189.493
189.518
189.544
189.569
189.595
189.62
189.645
189.671
189.696
189.722
189.747
189.773
189.798
189.823
189.849
189.874
189.9
189.925
189.951
189.976
190.001
190.027
190.052
190.078
190.103
190.129
190.154
190.179
190.205
190.23
190.256
190.281
190.307
190.332
190.358
190.383
190.408
190.434
190.459
190.485
190.51
190.536
190.561
190.586
190.612
190.637
190.663
190.688
190.714
190.739
190.764
190.79
190.815
190.841
190.866
190.892
190.917
190.942
190.968
190.993
191.019
191.044
191.07
191.095
191.12
191.146
191.171
191.197
191.222
191.248
191.273
191.298
191.324
191.349
191.375
191.4
191.426
191.451
191.476
191.502
191.527
191.553
191.578
191.604
191.629
191.654
191.68
191.705
191.731
191.756
191.782
191.807
191.833
191.858
191.883
191.909
191.934
191.96
191.985
192.011
192.036
192.061
192.087
192.112
192.138
192.163
192.189
192.214
192.239
192.265
192.29
192.316
192.341
192.367
192.392
192.417
192.443
192.468
192.494
192.519
192.545
192.57
192.595
192.621
192.646
192.672
192.697
192.723
192.748
192.774
192.799
192.824
192.85
192.875
192.901
192.926
192.952
192.977
193.002
193.028
193.053
193.079
193.104
193.13
193.155
193.18
193.206
193.231
193.257
193.282
193.308
193.333
193.358
193.384
193.409
193.435
193.46
193.486
193.511
193.536
193.562
193.587
193.613
193.638
193.663
193.689
193.714
193.74
193.765
193.791
193.816
193.841
193.867
193.892
193.918
193.943
193.968
193.994
194.019
194.045
194.07
194.096
194.121
194.146
194.172
194.197
194.223
194.248
194.274
194.299
194.324
194.35
194.375
194.401
194.426
194.452
194.477
194.502
194.528
194.553
194.579
194.604
194.63
194.655
194.68
194.706
194.731
194.757
194.782
194.808
194.833
194.858
194.884
194.909
194.935
194.96
194.986
195.011
195.036
195.062
195.087
195.113
195.138
195.164
195.189
195.214
195.24
195.265
195.291
195.316
195.342
195.367
195.393
195.418
195.443
195.469
195.494
195.52
195.545
195.571
195.596
195.621
195.647
195.672
195.698
195.723
195.749
195.774
195.799
195.825
195.85
195.876
195.901
195.927
195.952
195.977
196.003
196.028
196.054
196.079
196.105
196.13
196.155
196.181
196.206
196.232
196.257
196.283
196.308
196.333
196.359
196.384
196.41
196.435
196.46
196.486
196.511
196.537
196.562
196.588
196.613
196.638
196.664
196.689
196.715
196.74
196.766
196.791
196.816
196.842
196.867
196.893
196.918
196.944
196.969
196.994
197.02
197.045
197.071
197.096
197.122
197.147
197.173
197.198
197.223
197.249
197.274
197.3
197.325
197.351
197.376
197.401
197.427
197.452
197.478
197.503
197.529
197.554
197.579
197.605
197.63
197.656
197.681
197.707
197.732
197.757
197.783
197.808
197.834
197.859
197.885
197.91
197.935
197.961
197.986
198.012
198.037
198.063
198.088
198.113
198.139
198.164
198.19
198.215
198.241
198.266
198.291
198.317
198.342
198.368
198.393
198.419
198.444
198.469
198.495
198.52
198.546
198.571
198.596
198.622
198.647
198.673
198.698
198.724
198.749
198.774
198.8
198.825
198.851
198.876
198.901
198.927
198.952
198.978
199.003
199.028
199.054
199.079
199.105
199.13
199.156
199.181
199.206
199.232
199.257
199.283
199.308
199.333
199.359
199.384
199.41
199.435
199.461
199.486
199.511
199.537
199.562
199.588
199.613
199.638
199.664
199.689
199.715
199.74
199.765
199.791
199.816
199.842
199.867
199.892
199.918
199.943
199.969
199.994
200.019
200.045
200.07
200.096
200.121
200.146
200.172
200.197
200.223
200.248
200.273
200.299
200.324
200.35
200.375
200.4
200.426
200.451
200.477
200.502
200.527
200.553
200.578
200.603
200.629
200.654
200.679
200.705
200.73
200.755
200.781
200.806
200.832
200.857
200.882
200.908
200.933
200.958
200.984
201.009
201.034
201.06
201.085
201.11
201.136
201.161
201.186
201.212
201.237
201.262
201.288
201.313
201.338
201.364
201.389
201.414
201.44
201.465
201.49
201.516
201.541
201.566
201.592
201.617
201.642
201.668
201.693
201.718
201.744
201.769
201.794
201.82
201.845
201.87
201.896
201.921
201.946
201.972
201.997
202.022
202.048
202.073
202.098
202.124
202.149
202.174
202.2
202.225
202.25
202.276
202.301
202.326
202.352
202.377
202.402
202.428
202.453
202.478
202.504
202.529
202.554
202.58
202.605
202.63
202.656
202.681
202.706
202.732
202.757
202.782
202.808
202.833
202.859
202.884
202.909
202.935
202.96
202.985
203.011
203.036
203.061
203.087
203.112
203.137
203.163
203.188
203.213
203.239
203.264
203.289
203.315
203.34
203.365
203.391
203.416
203.441
203.467
203.492
203.517
203.543
203.568
203.593
203.619
203.644
203.669
203.695
203.72
203.745
203.771
203.796
203.821
203.847
203.872
203.897
203.923
203.948
203.973
203.999
204.024
204.049
204.075
204.1
204.125
204.151
204.176
204.201
204.227
204.252
204.277
204.303
204.328
204.353
204.379
204.404
204.429
204.455
204.48
204.505
204.53
204.556
204.581
204.606
204.632
204.657
204.682
204.708
204.733
204.758
204.784
204.809
204.834
204.86
204.885
204.91
204.936
204.961
204.986
205.012
205.037
205.062
205.088
205.113
205.138
205.164
205.189
205.214
205.24
205.265
205.29
205.315
205.341
205.366
205.391
205.417
205.442
205.467
205.493
205.518
205.543
205.569
205.594
205.619
205.645
205.67
205.695
205.721
205.746
205.771
205.797
205.822
205.847
205.873
205.898
205.923
205.949
205.974
205.999
206.025
206.05
206.075
206.101
206.126
206.151
206.177
206.202
206.227
206.253
206.278
206.303
206.328
206.354
206.379
206.404
206.43
206.455
206.48
206.506
206.531
206.556
206.582
206.607
206.632
206.658
206.683
206.708
206.734
206.759
206.784
206.81
206.835
206.86
206.886
206.911
206.936
206.962
206.987
207.012
207.037
207.063
207.088
207.113
207.138
207.164
207.189
207.215
207.24
207.265
207.291
207.316
207.342
207.367
207.392
207.418
207.443
207.469
207.494
207.52
207.545
207.57
207.596
207.621
207.647
207.672
207.697
207.723
207.748
207.774
207.799
207.824
207.85
207.875
207.901
207.926
207.951
207.977
208.002
208.027
208.053
208.078
208.104
208.129
208.154
208.18
208.205
208.231
208.256
208.281
208.307
208.332
208.358
208.383
208.408
208.434
208.459
208.484
208.51
208.535
208.561
208.586
208.611
208.637
208.662
208.688
208.713
208.738
208.764
208.79
208.816
208.841
208.866
208.891
208.917
208.942
208.967
208.993
209.018
209.043
209.068
209.094
209.119
209.144
209.17
209.195
209.22
209.245
209.271
209.296
209.321
209.346
209.372
209.397
209.422
