4.06113
21.5965
20.8461
20.2429
18.9083
18.5475
17.6436
16.1568
14.385
12.9452
11.8093
11.7378
11.6182
11.4576
11.2622
11.0655
10.8717
10.6899
10.5379
10.4087
10.3014
10.2148
10.1434
10.1084
10.1006
10.1155
10.1593
10.2324
10.3344
10.4587
10.6004
10.7642
10.9439
11.1267
11.318
11.5317
11.7593
11.9995
12.2398
12.4933
12.7461
13.0008
13.2544
13.5094
13.7311
13.936
14.1
14.2176
14.2837
14.3038
14.2796
14.2251
14.1555
14.0565
13.9416
13.8196
13.6849
13.546
13.4031
13.2728
13.1395
13.0134
12.8978
12.7898
12.6953
12.6141
12.5479
12.4925
12.4578
12.4379
12.4281
12.4314
12.4534
12.4914
12.5447
12.6078
12.6878
12.7733
12.8771
12.985
13.0978
13.2181
13.3376
13.4521
13.5381
13.6167
13.6798
13.7334
13.7714
13.7966
13.8032
13.8061
13.8017
13.7768
13.7333
13.69
13.6391
13.5832
13.5234
13.4621
13.3977
13.3271
13.2612
13.1935
13.1286
13.0719
13.0235
12.9806
12.9438
12.9025
12.8774
12.8615
12.8528
12.8548
12.8658
12.8841
12.9077
12.941
12.9801
13.0219
13.0677
13.1173
13.1662
13.2159
13.2597
13.3046
13.34
13.3715
13.3987
13.4209
13.4367
13.4515
13.4648
13.4722
13.4716
13.4584
13.4361
13.4124
13.3835
13.3572
13.3292
13.2994
13.2691
13.2435
13.2165
13.1962
13.1779
13.1612
13.1471
13.1384
13.1308
13.1267
13.1244
13.1255
13.1256
13.1323
13.1407
13.149
13.1554
13.1662
13.1802
13.1941
13.2057
13.2183
13.2288
13.2402
13.2494
13.2594
13.2628
13.2642
13.2595
13.2548
13.2446
13.2369
13.2222
13.2082
13.1917
13.1745
13.1603
13.1393
13.1221
13.1056
13.0885
13.0756
13.067
13.0643
13.0622
13.0615
13.0702
13.0781
13.0928
13.1158
13.1337
13.1509
13.1638
13.17
13.1718
13.1683
13.1681
13.1661
13.1628
13.1582
13.1506
13.1435
13.1346
13.1261
13.1217
13.1171
13.1157
13.1155
13.1166
13.1264
13.1387
13.149
13.1561
13.162
13.1684
13.1744
13.1806
13.1863
13.1901
13.1955
13.1984
13.2038
13.2069
13.2094
13.2054
13.2024
13.1974
13.1896
13.1771
13.1689
13.162
13.1541
13.1428
13.1305
13.1178
13.1074
13.0968
13.0865
13.0762
13.0668
13.0571
13.0479
13.0391
13.0318
13.0238
13.0202
13.0183
13.0208
13.0261
13.0369
13.0506
13.0672
13.0863
13.1062
13.1264
13.1456
13.1664
13.187
13.206
13.2261
13.2435
13.2598
13.2748
13.2874
13.2978
13.3026
13.3001
13.2991
13.2913
13.279
13.2649
13.248
13.2291
13.2087
13.1891
13.1699
13.1511
13.1335
13.1139
13.1011
13.0892
13.0791
13.07
13.061
13.0549
13.0517
13.0505
13.043
13.0255
12.9936
12.9609
12.9297
12.9004
12.873
12.8498
12.8277
12.8093
12.7887
12.7722
12.7625
12.75
12.7365
12.7211
12.7075
12.6948
12.673
12.6547
12.6386
12.6239
12.6094
12.5951
12.5809
12.564
12.5446
12.5199
12.4958
12.4684
12.4394
12.4081
12.3759
12.3437
12.3086
12.2748
12.2413
12.2074
12.1727
12.1353
12.1009
12.0671
12.027
11.9857
11.9465
11.9062
11.8641
11.8221
11.7876
11.7542
11.7189
11.6894
11.6648
11.6412
11.6138
11.5916
11.5721
11.5535
11.5257
11.5092
11.4967
11.4797
11.4615
11.4545
11.4456
11.44
11.4362
11.4342
11.4293
11.422
11.4186
11.4154
11.4139
11.4104
11.4115
11.408
11.4027
11.3957
11.3883
11.3811
11.3708
11.3617
11.352
11.3335
11.3188
11.2968
11.2752
11.2566
11.236
11.2145
11.1902
11.1672
11.1426
11.1179
11.0864
11.0594
11.0329
11.0071
10.9804
10.9555
10.9296
10.905
10.8822
10.86
10.8385
10.8174
10.7979
10.7789
10.7609
10.7439
10.7255
10.7098
10.6977
10.6883
10.6804
10.669
10.6528
10.6479
10.6433
10.6422
10.639
10.6388
10.6373
10.637
10.6343
10.6283
10.6229
10.6235
10.6213
10.6161
10.6185
10.6211
10.6231
10.6238
10.6264
10.6291
10.628
10.6304
10.6307
10.628
10.628
10.6279
10.626
10.6236
10.62
10.6146
10.6011
10.592
10.5748
10.5543
10.5432
10.5233
10.5106
10.496
10.4773
10.4602
10.4428
10.4231
10.406
10.3885
10.3731
10.3564
10.3415
10.3272
10.3119
10.2999
10.2864
10.2777
10.2702
10.2597
10.2521
10.2467
10.2395
10.2337
10.2305
10.2277
10.2265
10.2273
10.229
10.2311
10.2306
10.2325
10.2365
10.237
10.2421
10.2417
10.2431
10.23
10.2367
10.2415
10.2405
10.2437
10.2379
10.2329
10.2393
10.244
10.2465
10.2495
10.2498
10.2445
10.2445
10.2454
10.2459
10.2434
10.2457
10.2453
10.2447
10.2422
10.2408
10.2327
10.2266
10.219
10.214
10.2057
10.1975
10.1905
10.1812
10.1722
10.1631
10.1546
10.1468
10.1398
10.1322
10.1295
10.1219
10.1166
10.1097
10.1003
10.094
10.087
10.0804
10.0704
10.0627
10.0546
10.0473
10.0396
10.035
10.031
10.0258
10.0228
10.0192
10.0167
10.009
10.0098
10.0102
10.0154
10.0084
10.0106
10.0182
10.0271
10.0338
10.0428
10.0516
10.0607
10.0685
10.0772
10.0865
10.0937
10.1007
10.1054
10.1107
10.1166
10.1211
10.1245
10.1179
10.1201
10.1209
10.1212
10.1227
10.1223
10.1229
10.1262
10.129
10.125
10.1217
10.1234
10.1244
10.1249
10.125
10.1234
10.1202
10.1191
10.1168
10.1132
10.109
10.1044
10.0978
10.0926
10.0881
10.0848
10.0811
10.0707
10.0713
10.0711
10.0687
10.0665
10.0663
10.0652
10.0627
10.0606
10.0561
10.053
10.0493
10.0462
10.0437
10.0389
10.0358
10.0308
10.0283
10.0154
10.0136
10.0114
10.0081
10.0058
10.0038
10.0028
10.0054
10.0086
10.007
10.0122
10.0122
10.0189
10.0233
10.0249
10.0295
10.0348
10.0406
10.0439
10.0485
10.0502
10.048
10.0517
10.0539
10.0526
10.0524
10.0526
10.0521
10.0499
10.0471
10.0445
10.0441
10.0419
10.0385
10.031
10.0253
10.0189
10.0121
10.004
9.99674
9.99024
9.985
9.98051
9.97435
9.97165
9.96733
9.9638
9.96135
9.96077
9.95868
9.95666
9.95114
9.95027
9.95131
9.9514
9.95064
9.94973
9.95068
9.95072
9.94443
9.94483
9.94413
9.94504
9.94163
9.9416
9.94189
9.94075
9.93964
9.9395
9.93553
9.93963
9.93961
9.93786
9.93859
9.93874
9.93207
9.92492
9.92253
9.91339
9.91187
9.90998
9.90318
9.90258
9.89851
9.8956
9.89268
9.88684
9.88218
9.87723
9.8735
9.87161
9.86791
9.86468
9.861
9.8574
9.85582
9.85297
9.85108
9.84719
9.84513
9.84527
9.84567
9.84168
9.84152
9.84343
9.84556
9.8377
9.84279
9.84755
9.85227
9.85601
9.86076
9.86569
9.87043
9.87554
9.88073
9.88578
9.89106
9.89612
9.90048
9.89983
9.90375
9.90642
9.91004
9.91455
9.9158
9.91846
9.91783
9.91679
9.91439
9.91229
9.90506
9.90542
9.89964
9.89688
9.89092
9.8854
9.87976
9.87359
9.86943
9.86536
9.85458
9.84117
9.83151
9.82482
9.82016
9.81632
9.8104
9.80562
9.79207
9.78717
9.77292
9.76538
9.76321
9.75991
9.75546
9.75327
9.75075
9.74867
9.74085
9.74124
9.74039
9.74073
9.73541
9.74175
9.74118
9.74621
9.74279
9.74786
9.75066
9.74661
9.74656
9.74531
9.75591
9.76651
9.77839
9.79088
9.80349
9.81462
9.82524
9.83472
9.82903
9.8388
9.8443
9.84693
9.8463
9.84908
9.84692
9.85067
9.84988
9.84655
9.84996
9.85425
9.85519
9.85023
9.84742
9.84314
9.83865
9.83618
9.83016
9.82624
9.81575
9.81075
9.80529
9.80214
9.79179
9.79102
9.78709
9.78301
9.77839
9.7763
9.76701
9.75796
9.75986
9.75944
9.75996
9.75979
9.76165
9.76186
9.76763
9.77218
9.77671
9.7814
9.78572
9.79357
9.79834
9.80604
9.81022
9.81689
9.82419
9.82522
9.8357
9.84407
9.8536
9.85926
9.86368
9.86941
9.8774
9.88632
9.89337
9.89985
9.90488
9.91279
9.91845
9.917
9.92415
9.9275
9.93087
9.93163
9.92943
9.91906
9.91864
9.9158
9.9131
9.90796
9.90366
9.89943
9.89285
9.88889
9.88394
9.87921
9.86774
9.86384
9.85756
9.84779
9.84458
9.84082
9.83654
9.83156
9.82816
9.82437
9.82281
9.8221
9.82195
9.8224
9.82144
9.82271
9.82338
9.82734
9.83107
9.83663
9.84227
9.84296
9.85031
9.8597
9.86796
9.87546
9.88427
9.89466
9.90092
9.9066
9.91925
9.93051
9.94238
9.95586
9.9674
9.97775
9.98749
9.99692
10.0058
10.0134
10.014
10.0197
10.0248
10.0275
10.0272
10.0264
10.0228
10.019
10.0139
10.0057
9.99697
9.98261
9.97103
9.95897
9.94663
9.93153
9.91811
9.90073
9.88655
9.86796
9.85544
9.84526
9.83406
9.81821
9.81366
9.80669
9.80345
9.79993
9.79784
9.79894
9.80062
9.80446
9.80904
9.81503
9.82187
9.82987
9.83731
9.84592
9.85499
9.86348
9.87396
9.8844
9.88362
9.88999
9.90308
9.91583
9.92754
9.94247
9.9594
9.97536
9.98711
10.0037
10.0198
10.0342
10.0471
10.0592
10.0689
10.0776
10.0835
10.0849
10.0889
10.0903
10.0897
10.0835
10.0826
10.0802
10.0743
10.0672
10.0584
10.0484
10.0306
10.015
10.0028
9.99007
9.97756
9.96495
9.95253
9.94381
9.93246
9.92424
9.91939
9.90906
9.90628
9.90316
9.90124
9.90127
9.90231
9.90465
9.90765
9.91252
9.91905
9.9267
9.93375
9.93966
9.94099
9.9516
9.95641
9.9671
9.97788
9.98621
9.99924
10.0129
10.0253
10.0388
10.0474
10.058
10.0708
10.0822
10.0936
10.1029
10.1094
10.1187
10.1258
10.1322
10.1373
10.1426
10.1447
10.143
10.1407
10.1375
10.1326
10.1259
10.1173
10.1086
10.0971
10.086
10.075
10.0621
10.0493
10.0375
10.0267
10.0158
9.99984
9.98784
9.97781
9.96478
9.95484
9.94674
9.93864
9.92248
9.91728
9.91264
9.91269
9.91293
9.91465
9.91728
9.92041
9.92572
9.92761
9.94151
9.95188
9.96323
9.97289
9.97884
9.98901
9.9995
10.0091
10.0182
10.028
10.0406
10.0499
10.0596
10.0687
10.0768
10.0886
10.0937
10.1006
10.1056
10.1071
10.1092
10.1038
10.1053
10.1047
10.0985
10.0939
10.0907
10.0812
10.0753
10.0661
10.0577
10.0469
10.0357
10.02
10.0094
9.99798
9.98172
9.97032
9.95901
9.94324
9.93295
9.92322
9.91374
9.90595
9.89962
9.89563
9.89084
9.87271
9.86856
9.86701
9.86801
9.86954
9.86866
9.87034
9.8737
9.87816
9.88028
9.88621
9.89122
9.90018
9.91144
9.92157
9.93091
9.94079
9.94935
9.95371
9.96238
9.97077
9.97809
9.98595
9.99187
9.9991
10.0075
10.013
10.0112
10.0128
10.0122
10.0138
10.0109
10.0118
10.0111
10.0117
10.0111
10.0086
10.0029
9.99845
9.99248
9.98625
9.97857
9.96928
9.96102
9.95122
9.9426
9.93143
9.92079
9.90851
9.89851
9.88751
9.87742
9.86251
9.85431
9.8444
9.83833
9.83246
9.82945
9.82718
9.82589
9.82563
9.82353
9.82339
9.82651
9.82789
9.83253
9.83315
9.83548
9.84006
9.84549
9.85104
9.85695
9.86142
9.86106
9.86696
9.87432
9.8823
9.877
9.88656
9.89342
9.8926
9.89593
9.90017
9.89672
9.90022
9.89819
9.90108
9.90272
9.90169
9.90176
9.89914
9.89611
9.89263
9.88984
9.88555
9.87947
9.87587
9.87204
9.8667
9.86228
9.85676
9.84882
9.84401
9.83935
9.8344
9.82868
9.82438
9.8199
9.8168
9.81241
9.81158
9.81205
9.81487
9.81676
9.815
9.81708
9.82157
9.82153
9.82673
9.83212
9.83876
9.84647
9.8562
9.8656
9.87731
9.88937
9.89661
9.90669
9.9184
9.92835
9.93794
9.93876
9.94547
9.95268
9.95757
9.96191
9.96243
9.96028
9.96356
9.96553
9.96049
9.96074
9.96153
9.95986
9.95434
9.95122
9.94757
9.94281
9.93983
9.93643
9.93103
9.92145
9.9184
9.91419
9.91102
9.90901
9.90726
9.90418
9.89132
9.89265
9.89166
9.88975
9.88946
9.88987
9.88992
9.89082
9.89097
9.89466
9.89607
9.89965
9.90422
9.90903
9.91533
9.91363
9.91837
9.92338
9.92791
9.93537
9.94293
9.95037
9.95558
9.95989
9.96156
9.96689
9.96243
9.96751
9.97065
9.97226
9.97194
9.97261
9.97222
9.97202
9.95954
9.95958
9.95805
9.95449
9.95134
9.94612
9.9414
9.93531
9.93148
9.92413
9.91907
9.91475
9.91147
9.90686
9.90306
9.89898
9.8964
9.8931
9.89014
9.88126
9.87934
9.8794
9.87933
9.87679
9.87482
9.86791
9.87221
9.87394
9.86649
9.86767
9.87166
9.87578
9.88045
9.88623
9.89385
9.89918
9.90629
9.91109
9.91861
9.92777
9.93826
9.94803
9.95795
9.96796
9.97529
9.98188
9.98007
9.98488
9.98829
9.9882
9.98843
9.98736
9.98496
9.97583
9.97059
9.96385
9.95005
9.9424
9.933
9.9202
9.90912
9.90118
9.89188
9.88278
9.87309
9.86297
9.85285
9.84502
9.83698
9.83102
9.82818
9.82529
9.82184
9.82047
9.81925
9.81864
9.82135
9.82162
9.81969
9.82425
9.82822
9.83292
9.83813
9.84338
9.84957
9.85601
9.86203
9.8709
9.8802
9.88984
9.90194
9.90607
9.9172
9.92756
9.93482
9.9406
9.94604
9.95179
9.95643
9.95916
9.96217
9.96482
9.96785
9.95477
9.95453
9.95001
9.94473
9.94019
9.93653
9.93482
9.93014
9.92558
9.91875
9.91185
9.89748
9.89174
9.88488
9.87827
9.87275
9.86621
9.86087
9.85567
9.85128
9.84823
9.84484
9.84197
9.83948
9.83748
9.83474
9.83377
9.83214
9.83231
9.82916
9.8296
9.83009
9.83207
9.83336
9.83243
9.83373
9.83166
9.83578
9.83851
9.84188
9.8463
9.8531
9.86069
9.86887
9.87602
9.88444
9.89427
9.90388
9.91384
9.92645
9.9357
9.94507
9.94543
9.95503
9.96212
9.9673
9.97152
9.97629
9.98019
9.98242
9.98373
9.9829
9.98335
9.98494
9.98644
9.98346
9.98177
9.9798
9.97686
9.97374
9.97082
9.96791
9.96284
9.96084
9.95644
9.95322
9.95063
9.94318
9.93927
9.93533
9.93154
9.92928
9.92592
9.92435
9.92243
9.91709
9.91681
9.91667
9.91679
9.91945
9.92327
9.92146
9.9261
9.93163
9.92854
9.93989
9.94848
9.95918
9.9666
9.97591
9.98701
9.99734
10.0073
10.0197
10.0299
10.0394
10.0502
10.0604
10.0689
10.0758
10.0818
10.0849
10.0881
10.0908
10.0907
10.0897
10.0878
10.0864
10.0828
10.0797
10.0751
10.0651
10.0508
10.0331
10.0163
10.0052
9.98708
9.97225
9.9625
9.95188
9.94217
9.93471
9.92685
9.91841
9.91307
9.90694
9.90451
9.90249
9.90108
9.89451
9.89382
9.89174
9.89298
9.89441
9.89722
9.90081
9.90672
9.91383
9.92175
9.92859
9.92871
9.9326
9.93998
9.94656
9.95316
9.95662
9.96353
9.9702
9.97917
9.98637
9.99259
9.99834
10.0051
10.0109
10.0155
10.019
10.0194
10.0178
10.018
10.0186
10.0164
10.0139
10.0107
10.0065
10.002
9.99689
9.99233
9.98904
9.98263
9.97656
9.96923
9.96601
9.95465
9.95395
9.95082
9.9484
9.9473
9.94502
9.94654
9.94661
9.94283
9.94158
9.93778
9.93723
9.93186
9.932
9.93353
9.93472
9.93703
9.9395
9.944
9.94905
9.95302
9.95864
9.96382
9.96995
9.9772
9.98404
9.99156
9.98671
9.99344
9.99884
9.99973
10.0029
10.0086
10.0158
10.0164
10.0154
10.0191
10.0224
10.0228
10.028
10.0281
10.0301
10.0306
10.0241
10.0253
10.0267
10.0276
10.0275
10.03
10.0277
10.0259
10.0258
10.0246
10.0236
10.0213
10.0111
10.0092
10.0039
9.999
9.99539
9.99083
9.98453
9.97971
9.9745
9.97054
9.96699
9.96365
9.9634
9.96387
9.96392
9.95897
9.96047
9.9622
9.96385
9.95548
9.95703
9.96336
9.96838
9.97241
9.9766
9.98279
9.98939
9.99377
9.99857
10.0046
10.0107
10.0177
10.023
10.0262
10.0211
10.0258
10.0278
10.0244
10.0248
10.0246
10.0239
10.0224
10.0214
10.02
10.0179
10.0156
10.0035
9.9979
9.98595
9.97926
9.972
9.96625
9.96193
9.95412
9.94731
9.93322
9.9226
9.91746
9.91361
9.91026
9.9106
9.90866
9.90845
9.90893
9.91243
9.91331
9.91632
9.9182
9.91879
9.92011
9.9224
9.92623
9.92861
9.93255
9.9368
9.94179
9.94289
9.95219
9.96295
9.96403
9.96419
9.97349
9.98172
9.99073
9.99507
9.99819
9.99386
10.0001
10.0024
10.006
10.0109
10.0135
10.0139
10.0151
10.0161
10.0159
10.0117
10.0085
10.0072
10.0011
10.0007
9.99631
9.99188
9.98685
9.9815
9.97717
9.97255
9.96359
9.95811
9.95262
9.94383
9.93653
9.93199
9.92773
9.92496
9.92243
9.91987
9.91774
9.91533
9.91378
9.91292
9.9098
9.9099
9.91011
9.91067
9.90881
9.90837
9.90938
9.91167
9.91288
9.91635
9.92032
9.92409
9.93017
9.92967
9.93619
9.94198
9.94729
9.95364
9.95966
9.96626
9.97426
9.98163
9.98829
9.99432
9.99856
10.0042
10.0077
10.0101
10.0073
10.0101
10.0045
10.0074
10.0081
10.0081
10.0029
9.99917
10.0008
10.0038
10.0027
10.0016
9.99978
9.99672
9.99329
9.98881
9.97971
9.97627
9.97125
9.96678
9.96352
9.95964
9.95726
9.95404
9.95193
9.94846
9.94411
9.93782
9.93488
9.93153
9.92837
9.92528
9.92386
9.92342
9.92261
9.91551
9.91801
9.91823
9.92011
9.91359
9.92236
9.92815
9.93142
9.93884
9.94664
9.95225
9.96021
9.9685
9.97515
9.98118
9.98207
9.98703
9.99046
9.99291
9.99242
9.99251
9.9923
9.98555
9.98667
9.98683
9.98606
9.98392
9.97525
9.97473
9.9708
9.96607
9.96216
9.95906
9.95435
9.95014
9.94853
9.94257
9.93856
9.93191
9.92432
9.92151
9.91656
9.91308
9.909
9.90622
9.90025
9.8887
9.88825
9.88848
9.88716
9.88673
9.8896
9.88456
9.88932
9.89464
9.90017
9.90167
9.90841
9.91573
9.9241
9.93281
9.9421
9.95154
9.95932
9.95992
9.96881
9.97565
9.98101
9.98725
9.99246
9.99649
10.0019
10.0063
10.008
10.0091
10.0122
10.0143
10.0092
10.0081
10.0068
10.0051
10.0044
10.004
10.004
9.99757
9.99546
9.99344
9.98743
9.98741
9.98398
9.98217
9.97868
9.97352
9.97201
9.97195
9.97324
9.97315
9.97231
9.97158
9.96464
9.96092
9.94277
9.93905
9.93489
9.93195
9.92906
9.92717
9.9268
9.92689
9.92761
9.92715
9.92832
9.92933
9.92364
9.92767
9.93179
9.93584
9.93947
9.94179
9.94672
9.95165
9.9542
9.95404
9.95468
9.95483
9.9532
9.94892
9.94502
9.94103
9.93566
9.9212
9.91821
9.9129
9.90777
9.90245
9.89382
9.88643
9.87824
9.86253
9.8534
9.84307
9.83684
9.83139
9.82414
9.81714
9.8118
9.80964
9.80556
9.80327
9.80227
9.80066
9.80096
9.80121
9.80239
9.80597
9.81049
9.81415
9.81563
9.82024
9.82808
9.83604
9.84559
9.84722
9.85776
9.87071
9.88011
9.89324
9.90341
9.91271
9.92246
9.92427
9.92866
9.9328
9.93762
9.9291
9.93677
9.93792
9.93928
9.93952
9.93199
9.92845
9.92691
9.92541
9.92542
9.92545
9.92348
9.92373
9.91735
9.9176
9.91627
9.91708
9.91548
9.9137
9.91259
9.91203
9.91066
9.90823
9.9076
9.90782
9.90576
9.89881
9.8918
9.88492
9.8821
9.87376
9.871
9.8668
9.86264
9.86097
9.85924
9.86064
9.86102
9.8613
9.86145
9.86453
9.86209
9.86501
9.86854
9.87062
9.8756
9.88029
9.8692
9.86734
9.87342
9.87389
9.87705
9.88018
9.88249
9.88176
9.88362
9.88278
9.88328
9.88247
9.88141
9.86996
9.86448
9.85306
9.85319
9.84623
9.846
9.84245
9.84012
9.83755
9.83789
9.83652
9.8399
9.83741
9.8404
9.84365
9.84954
9.85237
9.85416
9.85759
9.8608
9.86456
9.86436
9.86366
9.86455
9.86481
9.86455
9.86207
9.85296
9.85146
9.85024
9.84168
9.83933
9.83834
9.83669
9.83536
9.83557
9.83668
9.83762
9.84197
9.84736
9.84783
9.8423
9.84475
9.8477
9.85127
9.85257
9.84757
9.85049
9.85529
9.85989
9.86201
9.8652
9.8684
9.87031
9.86102
9.86002
9.85856
9.85539
9.85513
9.85593
9.85294
9.85474
9.85424
9.85765
9.86052
9.86229
9.86714
9.86863
9.87325
9.88066
9.88669
9.89333
9.89946
9.90379
9.90296
9.90597
9.90896
9.91206
9.9114
9.91261
9.91412
9.91378
9.91523
9.91506
9.9107
9.90848
9.90669
9.90382
9.90471
9.90768
9.90546
9.90555
9.90637
9.9013
9.90312
9.90382
9.90417
9.90447
9.90308
9.8993
9.89771
9.89596
9.89449
9.88914
9.88482
9.878
9.87789
9.87582
9.87439
9.87452
9.87519
9.87489
9.87443
9.87516
9.8748
9.87632
9.87853
9.88425
9.88355
9.88881
9.89164
9.89556
9.90447
9.90744
9.91585
9.92345
9.93285
9.93458
9.9416
9.94785
9.95033
9.94694
9.95059
9.95289
9.95306
9.95291
9.9508
9.95001
9.94193
9.94167
9.94025
9.93708
9.93495
9.93132
9.92753
9.92545
9.92189
9.91909
9.91635
9.9054
9.90409
9.90176
9.89943
9.89429
9.88554
9.88149
9.87428
9.86793
9.86496
9.85678
9.85494
9.85391
9.85288
9.85332
9.85473
9.85574
9.85839
9.85809
9.86337
9.86974
9.87176
9.8778
9.87959
9.8843
9.889
9.89324
9.89297
9.89549
9.88884
9.89077
9.89386
9.89619
9.89648
9.89731
9.89547
9.89118
9.89317
9.89328
9.8943
9.8979
9.89963
9.89263
9.89621
9.89322
9.89411
9.89488
9.89205
9.88885
9.8854
9.88256
9.87743
9.87312
9.86962
9.86541
9.86012
9.85596
9.85314
9.84866
9.8467
9.84632
9.84722
9.84696
9.84511
9.84307
9.84159
9.83989
9.83788
9.83712
9.83702
9.83246
9.83073
9.83102
9.82792
9.82886
9.82857
9.83117
9.83345
9.83447
9.84182
9.84543
9.85331
9.85994
9.86623
9.86042
9.86877
9.86881
9.87211
9.87577
9.87857
9.88024
9.88226
9.8849
9.88669
9.88455
9.88579
9.88191
9.87949
9.88007
9.88172
9.88317
9.88273
9.88111
9.8784
9.87422
9.87015
9.87039
9.86294
9.8643
9.8636
9.8619
9.8616
9.85976
9.85669
9.85515
9.85361
9.8522
9.85495
9.85348
9.8478
9.84841
9.84816
9.84858
9.84985
9.84691
9.84753
9.85123
9.85315
9.85507
9.86016
9.86573
9.87017
9.87342
9.87621
9.87813
9.87992
9.88498
9.88511
9.8863
9.88858
9.88923
9.8853
9.8864
9.87408
9.87988
9.88181
9.88404
9.88663
9.88723
9.89128
9.89344
9.89608
9.89526
9.89803
9.89956
9.90256
9.89504
9.89971
9.9035
9.90975
9.91705
9.92294
9.92696
9.93145
9.93594
9.93911
9.94009
9.93995
9.93727
9.93432
9.92934
9.92467
9.91928
9.91459
9.90953
9.90286
9.89839
9.89532
9.8922
9.89242
9.88886
9.88167
9.87927
9.87758
9.87504
9.87148
9.86895
9.86304
9.86151
9.8556
9.8467
9.84563
9.83591
9.83413
9.83329
9.83105
9.82749
9.82433
9.8221
9.81346
9.81036
9.81185
9.80965
9.80851
9.81163
9.80962
9.80954
9.80837
9.80463
9.8065
9.80938
9.80869
9.8106
9.81056
9.81123
9.8133
9.81212
9.81257
9.81272
9.81323
9.80851
9.81149
9.81298
9.8117
9.8143
9.81567
9.81641
9.81874
9.81846
9.81909
9.81887
9.8163
9.81505
9.8089
9.80354
9.79924
9.79615
9.79193
9.78864
9.78243
9.78012
9.77818
9.77502
9.77381
9.77351
9.76668
9.76645
9.7674
9.76885
9.77075
9.77113
9.76381
9.76253
9.76299
9.76219
9.75697
9.75068
9.74673
9.74122
9.73879
9.73604
9.73258
9.72852
9.72507
9.72466
9.72144
9.72043
9.72435
9.72937
9.73407
9.74245
9.75131
9.76138
9.76991
9.77282
9.77901
9.78449
9.79493
9.80381
9.81433
9.82497
9.83264
9.84162
9.84781
9.85366
9.85002
9.85392
9.85762
9.86075
9.86425
9.86747
9.86832
9.86942
9.87053
9.87151
9.87138
9.87025
9.8685
9.86584
9.86251
9.86026
9.85935
9.85676
9.85461
9.84559
9.84349
9.83852
9.83383
9.8318
9.82087
9.82058
9.81926
9.81674
9.81527
9.81309
9.81371
9.81151
9.80629
9.80507
9.80337
9.80171
9.80237
9.80434
9.80588
9.80814
9.81013
9.81084
9.81591
9.8167
9.82467
9.83121
9.83606
9.83733
9.83153
9.83515
9.84117
9.84537
9.8433
9.84982
9.8546
9.85435
9.85386
9.85671
9.8576
9.85966
9.86213
9.86336
9.86702
9.87321
9.8769
9.88249
9.88863
9.89002
9.87954
9.88219
9.88007
9.87938
9.87946
9.87622
9.87679
9.87308
9.87253
9.871
9.87072
9.87077
9.86826
9.86672
9.86609
9.86606
9.86545
9.86545
9.86553
9.86536
9.86235
9.85863
9.85856
9.85959
9.85864
9.85729
9.85761
9.85724
9.85119
9.85246
9.85264
9.8542
9.85529
9.85612
9.8586
9.86299
9.86544
9.86878
9.87363
9.8774
9.88342
9.89061
9.89457
9.90072
9.90737
9.91479
9.92097
9.93087
9.94188
9.94851
9.95796
9.96591
9.97528
9.98398
9.98776
9.99174
9.99428
9.98886
9.97942
9.97315
9.96672
9.96074
9.95543
9.94806
9.94276
9.9344
9.92563
9.91265
9.90559
9.89677
9.88906
9.87767
9.87115
9.86593
9.86418
9.86247
9.85978
9.85783
9.85973
9.85674
9.85756
9.8601
9.86038
9.86184
9.8643
9.86756
9.86149
9.86312
9.86431
9.86313
9.86528
9.8706
9.8723
9.8775
9.87729
9.87988
9.88155
9.88098
9.88058
9.8796
9.87881
9.87793
9.87246
9.86763
9.8682
9.86721
9.86549
9.85903
9.86053
9.85859
9.86175
9.86459
9.86509
9.86568
9.86759
9.86658
9.86739
9.87077
9.87323
9.86758
9.86965
9.86886
9.86838
9.87173
9.87207
9.87283
9.87462
9.8763
9.87794
9.87857
9.87991
9.88217
9.88229
9.88319
9.88406
9.88724
9.88199
9.87663
9.87707
9.8719
9.87291
9.87364
9.87378
9.87247
9.87302
9.87386
9.87441
9.87282
9.87162
9.87035
9.85809
9.85387
9.85003
9.84771
9.84577
9.84562
9.83892
9.83551
9.83277
9.8316
9.83192
9.83089
9.82877
9.82893
9.83046
9.83296
9.83596
9.84169
9.847
9.85336
9.85995
9.86655
9.87417
9.88282
9.88782
9.89179
9.89828
9.90342
9.9109
9.91457
9.91951
9.91381
9.91928
9.92181
9.92166
9.92193
9.92166
9.91981
9.91843
9.91739
9.9162
9.91447
9.9089
9.90715
9.90511
9.90688
9.90691
9.90552
9.90825
9.9077
9.90681
9.8954
9.89837
9.89793
9.89778
9.89572
9.89557
9.89495
9.89342
9.88984
9.88971
9.88856
9.88753
9.87686
9.87604
9.8787
9.87903
9.87994
9.87962
9.87896
9.87926
9.87978
9.87751
9.87847
9.87804
9.87752
9.87687
9.8752
9.87729
9.87761
9.87915
9.88137
9.88012
9.87886
9.87961
9.88001
9.8792
9.87876
9.87962
9.8799
9.87969
9.87944
9.87922
9.88117
9.88463
9.88832
9.8924
9.88926
9.89229
9.89789
9.90186
9.90698
9.91502
9.92091
9.92751
9.93508
9.94277
9.94857
9.95418
9.95833
9.9548
9.95628
9.95813
9.96014
9.96126
9.96299
9.96662
9.9682
9.97078
9.97308
9.97248
9.97372
9.97136
9.97035
9.96909
9.96857
9.9686
9.9675
9.9675
9.96645
9.96164
9.95757
9.95456
9.95183
9.9485
9.94585
9.9443
9.94149
9.9311
9.92045
9.91653
9.91286
9.90838
9.90401
9.90027
9.89765
9.89506
9.89308
9.88719
9.88415
9.88199
9.88061
9.87931
9.8775
9.88148
9.88672
9.88776
9.89515
9.9023
9.90998
9.91737
9.92594
9.92976
9.93713
9.93969
9.9457
9.95167
9.95665
9.9455
9.94801
9.95025
9.95067
9.94736
9.94762
9.94649
9.94567
9.94454
9.94443
9.93643
9.93521
9.93407
9.93294
9.93187
9.93116
9.9326
9.93428
9.93523
9.93281
9.9327
9.93363
9.93408
9.93265
9.93159
9.92772
9.92356
9.91981
9.91754
9.91518
9.91215
9.90993
9.90723
9.90336
9.90006
9.89735
9.88896
9.88722
9.88378
9.88427
9.88243
9.88208
9.88336
9.88405
9.88087
9.88359
9.88513
9.88942
9.89713
9.9014
9.90568
9.90577
9.90891
9.91198
9.9144
9.91749
9.92036
9.92302
9.92781
9.93243
9.93275
9.93595
9.93443
9.93709
9.93814
9.9394
9.9372
9.93962
9.93853
9.94073
9.93888
9.94039
9.94013
9.94047
9.93886
9.94073
9.93634
9.93652
9.93373
9.93346
9.93265
9.93186
9.9293
9.92386
9.92213
9.92145
9.914
9.91281
9.91183
9.91018
9.90959
9.90842
9.90736
9.90099
9.89938
9.89609
9.89553
9.89691
9.89624
9.89661
9.8944
9.89526
9.897
9.89708
9.89469
9.89578
9.89445
9.89515
9.89472
9.89536
9.89483
9.89278
9.89438
9.89182
9.88881
9.88698
9.8881
9.89217
9.89467
9.89519
9.89808
9.9021
9.90473
9.90084
9.90194
9.90289
9.90773
9.90992
9.9133
9.90892
9.90497
9.90006
9.90199
9.90558
9.89654
9.89859
9.89429
9.89604
9.88563
9.88403
9.88026
9.87808
9.87369
9.86883
9.8641
9.8536
9.8531
9.8493
9.84734
9.84598
9.8454
9.84663
9.83765
9.83951
9.83975
9.84083
9.84026
9.84176
9.84277
9.84353
9.84193
9.84256
9.84341
9.84431
9.84564
9.84731
9.84875
9.85129
9.85298
9.85444
9.85687
9.85987
9.86256
9.86603
9.86853
9.87278
9.87913
9.88672
9.89451
9.90303
9.91086
9.91773
9.92535
9.93501
9.94278
9.94922
9.94365
9.94728
9.95068
9.95506
9.95648
9.95962
9.96268
9.96239
9.96155
9.96036
9.96037
9.95796
9.94649
9.94346
9.94282
9.93902
9.93667
9.93676
9.93712
9.93647
9.9375
9.93965
9.92358
9.9225
9.92401
9.92616
9.92854
9.9291
9.9334
9.93682
9.93923
9.94239
9.94554
9.94779
9.94948
9.95119
9.95243
9.95586
9.95908
9.96329
9.96642
9.97059
9.97506
9.9788
9.98111
9.98404
9.98786
9.98966
9.98923
9.99
9.99113
9.99294
9.99407
9.99476
9.9942
9.99516
9.99748
9.99961
10.0017
10.0023
10.0041
10.0079
10.0115
10.0127
10.0134
10.0147
10.0154
10.014
10.0119
10.0086
10.0114
10.0108
10.0099
10.0105
10.0095
10.0115
10.0121
10.0152
10.0175
10.0185
10.0186
10.0189
10.0106
10.0124
10.0118
10.0099
10.0068
10.0033
10.0013
10.0007
10.0003
9.9986
9.99707
9.99487
9.99306
9.99051
9.98987
9.98822
9.98478
9.98425
9.98541
9.9857
9.98581
9.98504
9.98472
9.98483
9.98382
9.98204
9.982
9.98203
9.98406
9.98498
9.98045
9.98002
9.979
9.98017
9.97747
9.97709
9.97413
9.97233
9.97173
9.96364
9.96363
9.96141
9.95933
9.95943
9.95629
9.95407
9.95165
9.94454
9.94491
9.94678
9.94256
9.93333
9.93656
9.9371
9.93617
9.93498
9.93256
9.93424
9.93622
9.94057
9.94149
9.94412
9.94685
9.94491
9.94947
9.95372
9.95514
9.95753
9.96001
9.9631
9.9658
9.96917
9.96903
9.97216
9.97449
9.97768
9.97859
9.98156
9.98517
9.98881
9.99165
9.99038
9.99129
9.99184
9.98824
9.98278
9.97832
9.97429
9.97199
9.96646
9.96271
9.95869
9.9564
9.95575
9.95085
9.9453
9.94371
9.94389
9.94566
9.94687
9.94427
9.94444
9.9472
9.95089
9.95385
9.95877
9.96383
9.9715
9.9788
9.98735
9.99286
9.99677
10.002
10.0097
10.0164
10.0193
10.0244
10.029
10.0368
10.0431
10.0487
10.0553
10.0601
10.062
10.0671
10.072
10.0668
10.0657
10.0656
10.0649
10.0629
10.0611
10.0595
10.0574
10.0508
10.0467
10.0404
10.0339
10.0298
10.0224
10.0168
10.0096
10.0007
9.99127
9.98441
9.97771
9.9741
9.96952
9.96274
9.95628
9.95196
9.95032
9.94934
9.94959
9.94935
9.94067
9.94518
9.9451
9.95103
9.95813
9.96688
9.97688
9.98409
9.99157
10.0008
10.01
10.011
10.015
10.0227
10.0308
10.0376
10.0445
10.0512
10.043
10.0462
10.0517
10.0551
10.0564
10.0563
10.0546
10.0501
10.0453
10.0386
10.0336
10.0267
10.0196
9.99844
9.9871
9.97523
9.96577
9.95005
9.94128
9.93143
9.91892
9.90551
9.89005
9.8807
9.86843
9.8632
9.85498
9.84951
9.84298
9.83572
9.83334
9.83201
9.83381
9.83602
9.8392
9.84283
9.84617
9.85339
9.86047
9.86768
9.8767
9.88611
9.89478
9.9051
9.91238
9.92235
9.9301
9.93552
9.92982
9.93845
9.94477
9.95164
9.95664
9.96301
9.96999
9.97634
9.98207
9.98466
9.98737
9.98881
9.98655
9.98681
9.98505
9.98183
9.9801
9.9787
9.97669
9.97177
9.96849
9.96497
9.95993
9.95668
9.94242
9.93556
9.9263
9.92154
9.9098
9.90573
9.89893
9.89287
9.88764
9.88399
9.88195
9.88054
9.88216
9.88596
9.88919
9.89341
9.89866
9.90247
9.90846
9.91658
9.92462
9.93458
9.94455
9.95752
9.96943
9.98249
9.98866
10.0011
10.0124
10.0236
10.0346
10.0437
10.0522
10.0572
10.0622
10.0657
10.0688
10.0711
10.0725
10.0705
10.0679
10.0661
10.0629
10.0588
10.0539
10.0469
10.0433
10.037
10.0279
10.0172
10.0115
10.0012
9.99757
9.99382
9.99054
9.98544
9.98378
9.98188
9.97721
9.97468
9.97276
9.97134
9.96786
9.96917
9.96891
9.95919
9.96144
9.96493
9.95995
9.96483
9.96759
9.96933
9.9744
9.9772
9.98131
9.98348
9.98737
9.98305
9.97918
9.9851
9.99156
9.99422
9.99834
10.0025
10.0038
10.0059
10.0078
10.0068
10.0048
10.004
9.99934
9.9948
9.99211
9.98664
9.97987
9.97262
9.96479
9.95775
9.9481
9.94158
9.93513
9.92878
9.92382
9.92253
9.92144
9.91349
9.90963
9.90818
9.90581
9.90676
9.90349
9.90474
9.90791
9.91435
9.92236
9.92808
9.93752
9.94533
9.94847
9.95824
9.96621
9.97493
9.98408
9.9835
9.99005
9.99473
9.99345
9.99865
10.0031
10.0076
10.0117
10.0198
10.0276
10.0355
10.0377
10.0437
10.0487
10.0544
10.0587
10.0595
10.0611
10.0647
10.0682
10.0688
10.0636
10.0629
10.0613
10.0568
10.0493
10.0435
10.0381
10.0338
10.0306
10.0245
10.018
10.0118
10.0052
10.0001
9.99409
9.99077
9.9872
9.98347
9.97978
9.97603
9.9755
9.96701
9.967
9.96574
9.9665
9.96521
9.96952
9.9612
9.969
9.97165
9.97384
9.97816
9.98012
9.98351
9.98609
9.98277
9.98315
9.98574
9.98103
9.98042
9.97603
9.97549
9.97401
9.97278
9.97213
9.97211
9.97262
9.97417
9.97499
9.97975
9.98168
9.98334
9.98056
9.98654
9.98825
9.9903
9.98909
9.98352
9.98141
9.97923
9.97471
9.973
9.96804
9.96415
9.96119
9.95657
9.95313
9.95112
9.94888
9.94401
9.93952
9.93655
9.93605
9.93571
9.93693
9.93813
9.93865
9.94203
9.94514
9.94948
9.95279
9.9573
9.96029
9.9636
9.96751
9.9721
9.97264
9.97634
9.97854
9.9797
9.97987
9.98056
9.98225
9.98118
9.98256
9.98378
9.98537
9.98157
9.98116
9.983
9.98487
9.98756
9.98982
9.99426
9.99637
9.99713
9.99681
10.0024
10.0075
10.0068
10.0089
10.0046
10.0027
10.0023
10.0006
10.0012
9.99914
9.99839
9.99718
9.994
9.99123
9.98778
9.98658
9.98549
9.98329
9.9818
9.97981
9.97626
9.97163
9.96758
9.96439
9.96179
9.96021
9.95765
9.95542
9.95268
9.95162
9.95072
9.95018
9.9484
9.94711
9.94503
9.94382
9.94348
9.94385
9.94448
9.94454
9.94381
9.94274
9.93977
9.93022
9.92343
9.91682
9.91127
9.90501
9.90131
9.8979
9.89623
9.89301
9.8922
9.89125
9.8928
9.89328
9.89444
9.89345
9.89271
9.8924
9.89319
9.89265
9.89204
9.89
9.88868
9.88201
9.87477
9.8726
9.86907
9.8655
9.86439
9.86076
9.85093
9.85087
9.84805
9.84707
9.84479
9.84416
9.84004
9.83972
9.84018
9.83591
9.83641
9.83624
9.8353
9.83573
9.83468
9.83019
9.8312
9.82996
9.8296
9.83151
9.83268
9.83836
9.84112
9.83833
9.84004
9.83675
9.83525
9.83605
9.83641
9.83355
9.83335
9.83424
9.83561
9.83824
9.84014
9.84039
9.84411
9.84792
9.85044
9.85483
9.85703
9.86123
9.86591
9.86887
9.87293
9.87577
9.8773
9.87977
9.88293
9.88554
9.88904
9.89317
9.89547
9.89761
9.9001
9.9025
9.90463
9.90383
9.89986
9.90054
9.9016
9.89561
9.90009
9.90143
9.9049
9.90753
9.91133
9.91524
9.91871
9.92379
9.92726
9.93175
9.92516
9.93131
9.93269
9.93672
9.94006
9.94342
9.94416
9.94327
9.94001
9.93812
9.93559
9.93442
9.92401
9.91273
9.9134
9.91097
9.91083
9.91185
9.91053
9.9065
9.90248
9.89653
9.88647
9.88221
9.87623
9.87183
9.86463
9.85786
9.85379
9.84693
9.83155
9.82677
9.81691
9.809
9.80044
9.78913
9.7819
9.76878
9.75971
9.75325
9.74712
9.74115
9.72185
9.72041
9.7167
9.71509
9.71086
9.71228
9.7123
9.71271
9.7154
9.71451
9.72334
9.73228
9.7338
9.7445
9.74711
9.76039
9.7677
9.76712
9.77415
9.78123
9.78622
9.78243
9.78199
9.77741
9.78351
9.78755
9.79135
9.79227
9.79608
9.80013
9.8049
9.81121
9.81627
9.82059
9.82404
9.82703
9.82792
9.82873
9.8257
9.82696
9.82324
9.82067
9.81782
9.81749
9.81013
9.80738
9.80145
9.79593
9.78971
9.78215
9.76867
9.76171
9.75443
9.75011
9.74457
9.73884
9.735
9.73275
9.73145
9.73112
9.73093
9.73342
9.73565
9.74002
9.74469
9.74866
9.75337
9.7585
9.76373
9.76633
9.77196
9.77723
9.78185
9.79128
9.80098
9.80993
9.81431
9.82285
9.83095
9.8409
9.84433
9.85297
9.86355
9.8683
9.87505
9.88142
9.88634
9.89245
9.8933
9.89245
9.89026
9.88983
9.88743
9.88652
9.87852
9.86669
9.86058
9.85301
9.84343
9.83645
9.8301
9.82251
9.8145
9.8051
9.79209
9.77519
9.77255
9.76569
9.75827
9.74249
9.73807
9.73344
9.72733
9.72278
9.72137
9.72161
9.72209
9.72265
9.72342
9.72138
9.72198
9.72368
9.72791
9.73339
9.73511
9.74201
9.75025
9.75263
9.75851
9.76619
9.76484
9.77974
9.7944
9.80889
9.82485
9.83902
9.85041
9.86376
9.8759
9.88895
9.89404
9.90154
9.91026
9.91714
9.92191
9.92317
9.92246
9.92075
9.91699
9.91175
9.90517
9.89837
9.88929
9.87929
9.86837
9.85779
9.84477
9.83034
9.81665
9.8056
9.79255
9.77862
9.76388
9.74971
9.74111
9.73172
9.72524
9.72206
9.71903
9.71639
9.71556
9.71453
9.71741
9.71975
9.72037
9.72458
9.73164
9.73998
9.74862
9.75846
9.76949
9.76996
9.78488
9.79468
9.81114
9.82328
9.83643
9.84915
9.86344
9.87484
9.88565
9.89583
9.90684
9.91522
9.92517
9.93241
9.93814
9.94498
9.94292
9.94189
9.93978
9.93168
9.92727
9.92171
9.90856
9.90242
9.89137
9.88225
9.8643
9.85431
9.84281
9.82915
9.81544
9.79683
9.78324
9.76768
9.7545
9.74053
9.72697
9.70362
9.69597
9.68756
9.6811
9.67483
9.67082
9.66649
9.6636
9.66297
9.66299
9.6654
9.67068
9.67519
9.68134
9.68551
9.69039
9.68726
9.69636
9.70281
9.71555
9.72851
9.7441
9.76028
9.77524
9.78399
9.8007
9.81956
9.83701
9.85471
9.87135
9.88471
9.89944
9.91284
9.92547
9.92507
9.93869
9.94549
9.9492
9.94931
9.94784
9.9463
9.94163
9.93629
9.93226
9.92515
9.91886
9.91059
9.89852
9.88697
9.87583
9.86518
9.85407
9.84325
9.83334
9.82266
9.80861
9.79783
9.788
9.77901
9.77528
9.77128
9.77027
9.76927
9.77145
9.77423
9.77961
9.78528
9.78995
9.79466
9.80145
9.80932
9.82005
9.83077
9.84163
9.85393
9.86652
9.87999
9.89007
9.89946
9.90844
9.91517
9.92217
9.92559
9.93083
9.93451
9.93703
9.9385
9.93088
9.93059
9.92869
9.92625
9.92131
9.91873
9.91581
9.91182
9.9074
9.90235
9.89506
9.88966
9.8841
9.87875
9.87365
9.86988
9.86464
9.85931
9.8546
9.84134
9.83906
9.83311
9.82835
9.8247
9.82019
9.81692
9.81532
9.81446
9.81257
9.81155
9.81207
9.81176
9.81311
9.81471
9.81414
9.81642
9.81772
9.81351
9.81457
9.81725
9.82061
9.82429
9.82956
9.83333
9.83788
9.8406
9.8448
9.84868
9.85016
9.8511
9.85643
9.85942
9.86379
9.86166
9.85657
9.86127
9.86544
9.87129
9.87672
9.88053
9.8831
9.88763
9.88718
9.89102
9.89503
9.90173
9.90508
9.90847
9.91157
9.91491
9.91986
9.92248
9.92317
9.92379
9.92519
9.92681
9.92239
9.92109
9.91928
9.91373
9.90869
9.90506
9.90098
9.89682
9.89528
9.89369
9.88301
9.88119
9.8782
9.86971
9.86676
9.86411
9.86062
9.85661
9.85694
9.85599
9.85722
9.8573
9.85664
9.85654
9.85334
9.85107
9.84903
9.84753
9.84548
9.84435
9.84797
9.85116
9.85335
9.85972
9.86479
9.87151
9.8777
9.88177
9.88691
9.8944
9.90164
9.9033
9.90728
9.91113
9.91212
9.90974
9.90912
9.9095
9.91105
9.91399
9.91934
9.923
9.92672
9.93042
9.93435
9.94094
9.94774
9.95495
9.95905
9.96634
9.97333
9.98047
9.98615
9.98847
9.99391
9.99816
10.0014
10.0055
10.0097
10.0142
10.0116
10.0158
10.0191
10.0258
10.0282
10.03
10.0187
10.0228
10.0254
10.0226
10.0246
10.0273
10.0253
10.0219
10.0162
10.0132
10.0107
10.0074
10.0019
9.99796
9.99195
9.98494
9.97792
9.96844
9.96133
9.95496
9.94935
9.94366
9.93963
9.93763
9.93761
9.9371
9.93788
9.93975
9.9429
9.94427
9.93985
9.94002
9.9448
9.95084
9.95496
9.96168
9.96764
9.97541
9.98314
9.99313
10.0012
10.0079
10.003
10.0106
10.0185
10.0248
10.0323
10.0386
10.0414
10.0476
10.0528
10.0549
10.0595
10.0652
10.0636
10.0604
10.0608
10.057
10.0532
10.0503
10.0461
10.0377
10.0292
10.0236
10.0186
10.0105
10.0037
9.99645
9.98471
9.97754
9.97141
9.96652
9.96117
9.95467
9.95051
9.94889
9.94632
9.94272
9.94057
9.93791
9.9375
9.93817
9.93521
9.9375
9.93959
9.94301
9.94617
9.95074
9.94848
9.95386
9.96172
9.96702
9.97482
9.98177
9.98966
9.99858
10.0075
10.0164
10.0235
10.0323
10.0392
10.0429
10.0467
10.0506
10.0544
10.0586
10.0628
10.066
10.0666
10.0585
10.0559
10.0493
10.0444
10.0417
10.0395
10.0378
10.0353
10.0307
10.0217
10.021
10.0198
10.0176
10.0164
10.0172
10.0083
10.0087
10.0079
10.0079
10.0084
10.0086
10.008
10.0116
10.0136
10.0096
10.013
10.017
10.0206
10.0237
10.0201
10.0237
10.0267
10.0265
10.0315
10.0365
10.0424
10.0477
10.0543
10.0603
10.0663
10.0721
10.0773
10.0819
10.0866
10.0892
10.0908
10.0928
10.0937
10.093
10.0912
10.0847
10.0807
10.0758
10.0703
10.0684
10.063
10.0611
10.0578
10.0542
10.0513
10.0501
10.049
10.049
10.0502
10.0496
10.0488
10.0488
10.0451
10.0456
10.0442
10.0348
10.0331
10.0315
10.0305
10.0298
10.028
10.0235
10.0217
10.0109
10.0105
10.0077
10.0048
10.0011
9.99896
9.99021
9.98953
9.98939
9.98884
9.98716
9.98496
9.98143
9.97887
9.97695
9.97391
9.96655
9.96459
9.95827
9.95488
9.95153
9.95117
9.95113
9.95207
9.95248
9.95404
9.94827
9.94719
9.94218
9.94683
9.95195
9.95422
9.95688
9.96179
9.9586
9.9561
9.95835
9.95943
9.95459
9.94767
9.93507
9.93484
9.93589
9.93968
9.94151
9.93799
9.93652
9.93683
9.93794
9.93979
9.93915
9.93573
9.94051
9.94274
9.94539
9.94892
9.95117
9.95423
9.95581
9.9564
9.95706
9.94837
9.95107
9.95247
9.95458
9.95269
9.9555
9.9572
9.95854
9.96309
9.96761
9.97213
9.97747
9.98295
9.9898
9.99608
10.0063
10.0144
10.0214
10.0295
10.0313
10.0372
10.0447
10.0488
10.0528
10.0576
10.0617
10.0614
10.0647
10.0635
10.0571
10.0602
10.0598
10.0606
10.0572
10.0579
10.0581
10.0561
10.0561
10.0555
10.0544
10.0536
10.0526
10.0496
10.045
10.0414
10.0379
10.0362
10.0358
10.036
10.0346
10.0272
10.0271
10.0281
10.0291
10.0312
10.0333
10.0356
10.0393
10.0406
10.0443
10.0495
10.0559
10.0607
10.0664
10.0733
10.0794
10.0879
10.096
10.1047
10.114
10.1232
10.1353
10.1447
10.1532
10.1628
10.1703
10.1775
10.1845
10.1901
10.1901
10.1899
10.1892
10.1859
10.1849
10.1807
10.1797
10.1773
10.1655
10.1624
10.1501
10.1427
10.1343
10.1297
10.1236
10.1146
10.1088
10.1036
10.0984
10.0931
10.0878
10.0837
10.0818
10.0811
10.0762
10.0737
10.071
10.071
10.0703
10.0707
10.0717
10.0737
10.0761
10.0802
10.0843
10.0889
10.0946
10.1015
10.1086
10.1161
10.1234
10.1305
10.142
10.1526
10.1632
10.1693
10.1786
10.1858
10.1944
10.2018
10.2081
10.2141
10.216
10.218
10.2194
10.2152
10.2129
10.2108
10.2062
10.2018
10.1947
10.1861
10.1791
10.1695
10.1563
10.1457
10.1357
10.1227
10.1139
10.105
10.0968
10.0899
10.0852
10.0792
10.0749
10.0744
10.0741
10.0743
10.0744
10.0763
10.0701
10.0694
10.0697
10.0682
10.0698
10.0731
10.0695
10.0741
10.0776
10.0788
10.0839
10.0894
10.0961
10.0993
10.1097
10.1184
10.1283
10.1405
10.1503
10.1602
10.1662
10.1696
10.1758
10.1789
10.1823
10.1784
10.1741
10.1742
10.1712
10.169
10.1629
10.1609
10.1582
10.1553
10.1525
10.152
10.1416
10.1352
10.1291
10.1233
10.1149
10.1062
10.0978
10.0908
10.0846
10.0782
10.075
10.0709
10.0701
10.0656
10.0591
10.0592
10.0591
10.0604
10.0624
10.066
10.0669
10.0699
10.0719
10.073
10.0774
10.0817
10.0865
10.0883
10.0894
10.092
10.097
10.0995
10.1016
10.1032
10.1053
10.1039
10.1031
10.0997
10.0964
10.0934
10.0911
10.0776
10.0741
10.0708
10.0667
10.0654
10.063
10.0616
10.0579
10.0596
10.0604
10.0618
10.0532
10.0599
10.0617
10.0654
10.0692
10.0744
10.0806
10.0867
10.094
10.1023
10.1117
10.1192
10.1263
10.1311
10.1354
10.1355
10.1432
10.1504
10.1557
10.16
10.165
10.165
10.1634
10.1638
10.1625
10.1612
10.1601
10.1564
10.154
10.1453
10.1387
10.1321
10.1258
10.1195
10.1145
10.1096
10.098
10.0933
10.0874
10.077
10.0734
10.0707
10.0627
10.063
10.0642
10.0657
10.0673
10.069
10.0718
10.0741
10.0757
10.079
10.0819
10.0854
10.0902
10.0941
10.0937
10.0975
10.1012
10.1065
10.1126
10.1193
10.1232
10.1315
10.1407
10.1488
10.1552
10.164
10.1722
10.1726
10.1788
10.1832
10.1868
10.189
10.1896
10.1905
10.19
10.1885
10.1866
10.1833
10.1763
10.1728
10.1678
10.1625
10.1573
10.1527
10.149
10.1444
10.1388
10.1353
10.1308
10.1255
10.1219
10.1188
10.1146
10.1081
10.1063
10.1053
10.1042
10.104
10.1046
10.1063
10.1089
10.1105
10.1036
10.1069
10.1102
10.1101
10.1136
10.1151
10.1166
10.1211
10.1238
10.1262
10.1305
10.1373
10.1455
10.1503
10.1558
10.163
10.1686
10.1756
10.184
10.1869
10.1897
10.1911
10.1946
10.1954
10.1899
10.1886
10.1861
10.1848
10.1819
10.179
10.1748
10.1732
10.1704
10.1672
10.1545
10.1545
10.1498
10.1432
10.1371
10.1336
10.1299
10.1261
10.1172
10.1106
10.0947
10.0825
10.0799
10.0762
10.0676
10.0578
10.0537
10.0518
10.0505
10.0507
10.0504
10.0437
10.0438
10.0431
10.0447
10.0468
10.0502
10.0527
10.0552
10.0572
10.0597
10.062
10.063
10.0672
10.0727
10.0779
10.0808
10.0847
10.0894
10.0944
10.099
10.1046
10.108
10.1115
10.1169
10.1191
10.1231
10.1265
10.1295
10.1331
10.1337
10.1329
10.1317
10.132
10.1242
10.1223
10.1213
10.1222
10.122
10.1238
10.1231
10.1235
10.1236
10.1232
10.1225
10.1187
10.1161
10.1145
10.1123
10.1098
10.1058
10.1012
10.0988
10.0957
10.0953
10.0939
10.0923
10.0907
10.09
10.085
10.0848
10.0846
10.084
10.0835
10.0825
10.0835
10.0834
10.0846
10.0872
10.0879
10.0872
10.0878
10.0888
10.0887
10.0893
10.0776
10.0792
10.08
10.0818
10.0817
10.0774
10.0701
10.0721
10.0686
10.068
10.0659
10.0676
10.0705
10.0719
10.0717
10.075
10.078
10.0804
10.0836
10.0858
10.0843
10.084
10.0854
10.0875
10.0887
10.0903
10.0905
10.0896
10.0882
10.0877
10.0868
10.083
10.0833
10.0834
10.0756
10.0761
10.0763
10.0775
10.0757
10.0759
10.0688
10.0612
10.0593
10.0551
10.0509
10.0434
10.0405
10.0374
10.0327
10.0293
10.0248
10.0219
10.0198
10.0182
10.015
10.0132
10.0113
10.0112
10.0084
10.0077
10.0007
10.0002
9.99974
10.0003
9.99575
9.98649
9.98663
9.98703
9.9892
9.98507
9.98762
9.98921
9.99163
9.99483
9.99168
9.99774
10.0019
10.0068
10.011
10.0085
10.0146
10.022
10.0313
10.0382
10.0397
10.0457
10.0549
10.0572
10.0648
10.073
10.0824
10.0918
10.1007
10.1097
10.116
10.1228
10.1282
10.1332
10.1362
10.1387
10.1386
10.137
10.1352
10.1249
10.1142
10.1088
10.103
10.0968
10.0911
10.0843
10.079
10.0732
10.0681
10.0627
10.0574
10.0541
10.0494
10.0441
10.0322
10.0279
10.0204
10.0133
10.0098
10.0078
10.006
10.007
9.99984
10.0008
10.0038
10.0023
10.0067
10.0133
10.0214
10.0297
10.0368
10.0434
10.0531
10.0631
10.0712
10.0806
10.0875
10.0939
10.1001
10.1054
10.1111
10.1177
10.1176
10.1196
10.1213
10.118
10.1123
10.1102
10.106
10.1021
10.0975
10.0908
10.0849
10.0786
10.0728
10.0635
10.0559
10.044
10.037
10.0291
10.0219
10.0102
9.99963
9.99112
9.98196
9.96697
9.95497
9.94689
9.94197
9.93699
9.93017
9.92366
9.91028
9.89553
9.89317
9.88937
9.88436
9.88426
9.88457
9.88523
9.89069
9.89652
9.89952
9.90594
9.91439
9.92306
9.93436
9.94397
9.95572
9.96031
9.97023
9.98028
9.98753
9.99036
9.99859
10.008
10.0122
10.0196
10.0199
10.024
10.0118
10.0166
10.0171
10.0089
10.0079
10.0059
10.0015
9.99981
9.99713
9.99442
9.99095
9.98688
9.9824
9.9781
9.97404
9.96896
9.96494
9.95787
9.9543
9.95048
9.94681
9.9415
9.93954
9.93754
9.937
9.93625
9.93568
9.93696
9.93925
9.94169
9.94335
9.94616
9.949
9.95154
9.9559
9.96096
9.96434
9.96974
9.97543
9.98093
9.98724
9.99433
10.002
10.0087
10.0158
10.022
10.027
10.0266
10.0253
10.0288
10.0324
10.034
10.0379
10.0397
10.0403
10.0366
10.038
10.0352
10.0358
10.0346
10.0267
10.0222
10.0158
10.0047
10.0011
9.99063
9.98677
9.98264
9.97992
9.9762
9.97191
9.96718
9.9641
9.96183
9.96095
9.95376
9.95004
9.94992
9.9422
9.93963
9.93908
9.93532
9.93526
9.93621
9.93739
9.93311
9.93653
9.9424
9.94791
9.95384
9.96104
9.96815
9.97463
9.98009
9.98637
9.98855
9.9907
9.99801
10.003
10.0047
10.009
10.0019
10.01
10.0112
10.015
10.0184
10.0229
10.0136
10.0154
10.0154
10.017
10.0169
10.0146
10.0069
10.0067
10.0081
10.0076
10.002
10.0028
10.0003
10.0007
9.99869
10.0006
10.0004
9.99984
9.99947
9.99999
10.0014
10.0016
9.99627
9.99664
9.99766
10.0017
10.0046
10.0079
10.0095
10.0142
10.0195
10.0248
10.0305
10.0335
10.0339
10.0351
10.0378
10.0283
10.0335
10.0354
10.0409
10.044
10.0472
10.0522
10.0568
10.0616
10.0673
10.0718
10.0763
10.0766
10.079
10.0823
10.0867
10.0885
10.0879
10.0878
10.0898
10.0902
10.0858
10.0851
10.0832
10.0838
10.0779
10.0776
10.0652
10.0649
10.0649
10.0625
10.0603
10.0576
10.056
10.0534
10.0512
10.0307
10.0306
10.0266
10.022
10.019
10.0099
10.0092
10.0086
10.0098
10.0092
10.0089
10.0116
10.0119
10.0127
10.0161
10.0136
10.0121
10.0118
10.0098
10.0113
10.0142
10.0163
10.0185
10.0205
10.0235
10.0269
10.0288
10.031
10.0305
10.0246
10.0267
10.0191
10.0199
10.0168
10.0206
10.0206
10.0255
10.028
10.0316
10.0351
10.0386
10.0413
10.0445
10.0476
10.0466
10.0463
10.048
10.0527
10.0551
10.0554
10.0552
10.0553
10.0534
10.0534
10.052
10.0482
10.0441
10.035
10.0282
10.0203
10.0156
10.009
10.0033
9.99792
9.99391
9.9875
9.98223
9.97692
9.97422
9.97188
9.96885
9.96756
9.96388
9.96308
9.96287
9.96343
9.96245
9.96385
9.9667
9.97133
9.97706
9.98261
9.98834
9.99584
10.0051
10.015
10.022
10.0293
10.0387
10.0386
10.0444
10.0478
10.0448
10.0478
10.0458
10.0491
10.0517
10.053
10.057
10.0554
10.0566
10.0555
10.0533
10.0508
10.0478
10.0439
10.0414
10.0401
10.0359
10.0309
10.0259
10.0173
10.0089
10.0007
9.99225
9.98322
9.97701
9.96505
9.95523
9.94646
9.93993
9.93307
9.92674
9.9181
9.91091
9.90552
9.90274
9.89822
9.89664
9.89598
9.89706
9.8976
9.89779
9.90009
9.90422
9.90707
9.91329
9.92041
9.9269
9.93578
9.94465
9.95537
9.96699
9.97789
9.98894
9.99659
10.007
10.0164
10.025
10.0325
10.0398
10.0449
10.0399
10.0428
10.0456
10.0476
10.0475
10.048
10.0468
10.046
10.0458
10.0432
10.0354
10.0314
10.0268
10.0195
10.0162
10.0127
10.0095
9.99431
9.99365
9.98819
9.98428
9.97935
9.97619
9.97305
9.96866
9.96474
9.96126
9.9584
9.95558
9.95282
9.95151
9.95151
9.94057
9.94164
9.94438
9.94119
9.94623
9.94997
9.95548
9.96076
9.96651
9.97252
9.97925
9.98582
9.9934
9.99972
10.0067
10.0147
10.0211
10.0262
10.0297
10.0339
10.0383
10.03
10.0143
10.019
10.0151
10.0131
10.0136
10.0126
10.0081
10.009
10.0084
10.0092
10.013
10.0163
10.0191
10.0192
10.019
10.0182
10.0182
10.0171
10.0139
10.0107
10.005
10.0012
9.99713
9.99384
9.98942
9.98609
9.98276
9.97799
9.97417
9.95925
9.95524
9.95207
9.9459
9.94031
9.93674
9.93304
9.93118
9.92555
9.91997
9.92206
9.91677
9.91697
9.91912
9.92207
9.9265
9.93158
9.93461
9.93732
9.93948
9.94091
9.94171
9.94435
9.94122
9.94812
9.95658
9.96432
9.97019
9.97597
9.98369
9.98966
9.99627
10.0018
10.0067
10.0122
10.0172
10.0214
10.0229
10.0234
10.0239
10.024
10.0249
10.0216
10.0206
10.0209
10.0199
10.0193
10.0143
10.0108
10.0077
10.0045
10.0022
9.99995
9.99855
9.99529
9.9916
9.98678
9.98601
9.98634
9.98737
9.98854
9.98927
9.99148
9.99306
9.9954
9.99738
10.0002
10.0027
9.99976
10.0016
10.0047
10.0095
10.0097
10.01
10.0122
10.013
10.0169
10.0201
10.0261
10.0295
10.0311
10.0361
10.0422
10.0466
10.0512
10.056
10.0459
10.0395
10.0426
10.0447
10.0459
10.0455
10.0449
10.0455
10.0389
10.0331
10.0298
10.025
10.0181
10.0125
10.0061
9.99533
9.98895
9.98475
9.98023
9.97965
9.97963
9.97801
9.9763
9.97653
9.9778
9.97725
9.97765
9.97726
9.98052
9.97923
9.98132
9.98328
9.97988
9.9837
9.98969
9.98386
9.99425
10.0008
10.0087
10.0165
10.0244
10.0329
10.0397
10.0455
10.0427
10.0548
10.0628
10.0693
10.0755
10.0809
10.0854
10.0903
10.095
10.0895
10.0863
10.0847
10.0819
10.0742
10.0644
10.0582
10.0509
10.0373
10.0315
10.0241
10.0158
10.0088
10.0006
9.99175
9.98344
9.97587
9.96949
9.96278
9.95572
9.94838
9.93877
9.93092
9.91578
9.91311
9.91012
9.90933
9.90881
9.91093
9.91469
9.92023
9.9259
9.93627
9.94823
9.95403
9.96657
9.98069
9.99346
10.0067
10.0153
10.0315
10.0474
10.0621
10.0756
10.088
10.0999
10.1092
10.1188
10.1287
10.1375
10.1385
10.1452
10.1487
10.1515
10.1519
10.15
10.1465
10.1419
10.1365
10.1291
10.1206
10.1118
10.0992
10.0796
10.0706
10.0602
10.0498
10.0385
10.0296
10.0201
10.008
10.0006
9.99319
9.98873
9.9838
9.97924
9.97674
9.97705
9.97746
9.97668
9.98213
9.98667
9.99342
9.99315
10.0007
10.0092
10.0188
10.0267
10.0267
10.0352
10.0452
10.0542
10.0631
10.0731
10.0821
10.0897
10.0982
10.105
10.1136
10.1203
10.1256
10.1241
10.1217
10.1205
10.1193
10.118
10.1162
10.1087
10.1049
10.1
10.0942
10.0913
10.0778
10.0702
10.0624
10.056
10.0498
10.0428
10.031
10.0233
10.0141
9.99658
9.99344
9.9899
9.98511
9.98246
9.97974
9.98051
9.98135
9.98382
9.98553
9.98229
9.98534
9.98688
9.98284
9.98433
9.98764
9.99003
9.99354
9.99558
9.99892
9.99959
9.99849
9.99614
9.99467
9.99151
9.98351
9.97462
9.97106
9.96861
9.96401
9.96008
9.95677
9.95409
9.95102
9.94819
9.94614
9.94741
9.94881
9.95274
9.95763
9.96467
9.97108
9.9778
9.98648
9.99546
10.0033
10.0088
10.0165
10.0128
10.0153
10.0197
10.0198
10.0215
10.0164
10.0169
10.0182
10.0197
10.0217
10.0233
10.0255
10.0245
10.0255
10.0251
10.0206
10.0218
10.02
10.0171
10.0113
10.0092
10.008
10.0067
10.0031
9.99941
9.98952
9.98434
9.97823
9.97219
9.96303
9.95557
9.95016
9.94577
9.9448
9.94375
9.94113
9.94087
9.9403
9.94121
9.93704
9.93804
9.9344
9.93646
9.9393
9.94391
9.94788
9.94449
9.95323
9.96006
9.96834
9.97839
9.98864
9.99836
10.0104
10.022
10.0315
10.0396
10.0514
10.06
10.0667
10.074
10.0794
10.0826
10.087
10.0913
10.0891
10.0925
10.0962
10.0981
10.0996
10.1005
10.1029
10.1017
10.1058
10.1065
10.1091
10.1127
10.1138
10.1188
10.1169
10.1195
10.1211
10.1205
10.1193
10.1157
10.1115
10.1074
10.1054
10.1024
10.0961
10.0929
10.0908
10.0889
10.0892
10.0813
10.0818
10.0825
10.0827
10.0842
10.0838
10.0835
10.0857
10.0865
10.0854
10.0847
10.084
10.0843
10.086
10.0876
10.0893
10.0913
10.0944
10.0962
10.0943
10.0949
10.0974
10.0963
10.0946
10.0953
10.0972
10.1004
10.1036
10.1054
10.1139
10.1183
10.1197
10.1189
10.118
10.1154
10.1134
10.11
10.1048
10.1017
10.0916
10.0869
10.0811
10.0777
10.073
10.0696
10.0658
10.0616
10.0613
10.0617
10.0653
10.0655
10.066
10.066
10.0672
10.0683
10.0704
10.0606
10.0624
10.052
10.0589
10.0594
10.0598
10.0596
10.0588
10.0599
10.063
10.0673
10.0696
10.0715
10.0731
10.0679
10.0687
10.0669
10.069
10.0634
10.063
10.0639
10.0587
10.0586
10.0586
10.0573
10.0535
10.0533
10.0524
10.0517
10.0511
10.0502
10.051
10.051
10.0478
10.0451
10.0468
10.0469
10.0455
10.0428
10.0418
10.0335
10.0371
10.0376
10.038
10.0399
10.0396
10.0421
10.0454
10.049
10.0535
10.0571
10.0608
10.0664
10.0699
10.0725
10.0753
10.0769
10.073
10.0755
10.0771
10.0773
10.0769
10.0798
10.0821
10.0797
10.0791
10.0742
10.0731
10.0722
10.0711
10.0709
10.0641
10.0629
10.062
10.0568
10.0545
10.0517
10.0505
10.0509
10.0493
10.0483
10.0505
10.0526
10.0534
10.0487
10.0504
10.0516
10.0494
10.0511
10.053
10.0533
10.0574
10.0601
10.0539
10.0555
10.0561
10.0522
10.0527
10.0508
10.0491
10.0476
10.044
10.042
10.041
10.0384
10.0309
10.0303
10.0195
10.0224
10.0247
10.0286
10.0338
10.0376
10.0361
10.0417
10.0467
10.0533
10.0617
10.0686
10.0748
10.0809
10.0881
10.0945
10.0952
10.0955
10.097
10.0941
10.0936
10.0932
10.0931
10.0935
10.0926
10.0912
10.0776
10.0723
10.0667
10.064
10.0619
10.0597
10.0574
10.0548
10.055
10.0537
10.0555
10.0563
10.0565
10.0529
10.0547
10.0563
10.056
10.0607
10.0635
10.0614
10.06
10.0601
10.0594
10.0587
10.0588
10.0589
10.0613
10.0644
10.0661
10.0655
10.0673
10.0712
10.0727
10.0735
10.073
10.0679
10.0652
10.064
10.0605
10.0576
10.0553
10.0456
10.044
10.0404
10.0382
10.0356
10.0329
10.0304
10.0291
10.025
10.0234
10.0215
10.017
10.0169
10.0173
10.017
10.0138
10.0142
10.0165
10.0178
10.0203
10.0199
10.023
10.0169
10.0181
10.0198
10.0212
10.024
10.026
10.0266
10.026
10.021
10.0231
10.0244
10.0244
10.0239
10.0219
10.0249
10.027
10.0304
10.0346
10.0382
10.0417
10.0464
10.0509
10.0506
10.0519
10.0561
10.058
10.0611
10.063
10.0626
10.0629
10.0633
10.0636
10.0588
10.0578
10.0584
10.0586
10.0611
10.0632
10.0635
10.0644
10.066
10.066
10.0611
10.0591
10.059
10.0599
10.0597
10.0578
10.0546
10.0541
10.0549
10.0512
10.0468
10.0455
10.0452
10.0455
10.0455
10.0396
10.039
10.0379
10.0373
10.0363
10.0357
10.0363
10.0351
10.0366
10.0384
10.038
10.0397
10.0249
10.028
10.0289
10.021
10.0262
10.0316
10.0395
10.0475
10.0509
10.0567
10.0593
10.0632
10.059
10.0635
10.0648
10.0677
10.0706
10.0726
10.0742
10.0746
10.0726
10.0723
10.0697
10.0685
10.0686
10.0693
10.0692
10.0615
10.0618
10.0597
10.0582
10.0569
10.0537
10.0517
10.0381
10.0353
10.0287
10.0254
10.0234
10.0201
10.0152
10.0133
10.0096
10.0069
10.0052
10.0039
10.0012
9.99771
9.99379
9.99344
9.9942
9.99335
9.99527
9.99686
9.99954
9.99946
10.001
10.0049
10.0094
10.0141
10.0182
10.0223
10.0231
10.0249
10.0306
10.0372
10.0446
10.0496
10.0506
10.0556
10.0604
10.0652
10.069
10.0728
10.0776
10.0743
10.0781
10.081
10.0732
10.0757
10.0746
10.0758
10.076
10.0763
10.0772
10.0758
10.0755
10.0749
10.0735
10.0699
10.0672
10.065
10.0621
10.0572
10.0527
10.05
10.0387
10.034
10.028
10.0217
10.0157
10.0099
10.0033
9.99939
9.99519
9.99161
9.99055
9.98697
9.98688
9.98616
9.98618
9.97817
9.97842
9.9804
9.98262
9.98397
9.98716
9.98753
9.99176
9.99615
10.001
10.0051
10.0105
10.0165
10.0125
10.0177
10.0198
10.024
10.0291
10.0336
10.0361
10.0385
10.0421
10.0432
10.0438
10.0452
10.0474
10.0471
10.0472
10.0486
10.0498
10.0487
10.0497
10.0507
10.0498
10.0407
10.0391
10.0358
10.032
10.0291
10.0257
10.0239
10.0206
10.0162
10.012
10.0101
10.008
10.0043
10.0037
10.0034
10.0046
10.008
10.0071
10.0113
10.0159
10.0236
10.0301
10.0355
10.0373
10.0381
10.0476
10.0451
10.0574
10.0678
10.076
10.0886
10.0948
10.105
10.1123
10.1201
10.1219
10.1268
10.1291
10.1289
10.1291
10.1287
10.1239
10.1222
10.1213
10.1206
10.1196
10.1191
10.1184
10.1173
10.117
10.118
10.1192
10.1204
10.121
10.1196
10.1195
10.1212
10.1245
10.1286
10.1352
10.141
10.1472
10.1542
10.1628
10.1692
10.1721
10.1804
10.191
10.1982
10.2043
10.2129
10.2205
10.2282
10.2362
10.2399
10.2437
10.2488
10.2508
10.2537
10.2503
10.2518
10.2527
10.2532
10.2495
10.2464
10.2414
10.2387
10.2372
10.2349
10.2311
10.2282
10.2237
10.2199
10.2156
10.2124
10.2091
10.2059
10.2028
10.1999
10.1979
10.1965
10.1918
10.1896
10.1835
10.1807
10.1809
10.1844
10.1928
10.1978
10.2059
10.2111
10.2205
10.2246
10.2281
10.2365
10.242
10.2338
10.2405
10.2441
10.2498
10.2525
10.2546
10.2578
10.2564
10.2577
10.2569
10.2579
10.2578
10.2579
10.255
10.2526
10.2542
10.2554
10.2525
10.2535
10.253
10.2526
10.2531
10.2503
10.2515
10.2526
10.254
10.2547
10.2542
10.2552
10.2543
10.2523
10.2434
10.2422
10.239
10.2391
10.2395
10.2381
10.2409
10.2404
10.2478
10.2532
10.2577
10.2566
10.2561
10.2584
10.2652
10.2694
10.2737
10.2797
10.2893
10.2974
10.3049
10.3098
10.317
10.3232
10.3309
10.3402
10.3482
10.3552
10.3638
10.3714
10.3771
10.382
10.3884
10.3929
10.3984
10.4042
10.4117
10.4162
10.4183
10.4239
10.4234
10.4247
10.4268
10.4273
10.4273
10.4236
10.4146
10.4164
10.4152
10.4129
10.4099
10.4107
10.4103
10.4083
10.4076
10.4081
10.4001
10.3977
10.3954
10.3936
10.3939
10.3948
10.398
10.4041
10.4092
10.417
10.4225
10.4296
10.4379
10.4477
10.4552
10.4683
10.4813
10.4911
10.5013
10.5135
10.5258
10.5365
10.5529
10.5693
10.583
10.5981
10.6033
10.6147
10.6233
10.6289
10.6322
10.6327
10.6322
10.6311
10.6291
10.6269
10.625
10.6238
10.6212
10.6191
10.6173
10.6149
10.6148
10.6145
10.6152
10.6174
10.6225
10.629
10.6375
10.6478
10.6612
10.6735
10.6848
10.6943
10.7087
10.7189
10.7283
10.744
10.7538
10.7687
10.7806
10.7949
10.8064
10.8194
10.8323
10.8465
10.8571
10.8731
10.8869
10.8976
10.9091
10.9214
10.929
10.9352
10.9422
10.9538
10.9618
10.9708
10.9752
10.981
10.9865
10.992
10.9988
11.0059
11.0063
11.0098
11.0219
11.0204
11.0341
11.0435
11.0537
11.0661
11.0802
11.0983
11.1154
11.1373
11.1607
11.1855
11.2086
11.235
11.2605
11.2839
11.3099
11.3295
11.3535
11.3723
11.3903
11.4057
11.4298
11.4498
11.4694
11.4879
11.5039
11.5303
11.547
11.5691
11.5957
11.6201
11.6473
11.675
11.7126
11.7441
11.7681
11.8023
11.8326
11.8722
11.9122
11.9545
11.983
12.0197
12.0571
12.0865
12.1172
12.1468
12.1726
12.2099
12.2412
12.2681
12.2992
12.3302
12.3626
12.3892
12.4177
12.4461
12.4797
12.5076
12.5337
12.5561
12.5702
12.586
12.5992
12.6167
12.6344
12.6458
12.6537
12.6665
12.6868
12.7077
12.7254
12.7545
12.7881
12.8281
12.8762
12.9242
12.9714
13.0037
13.0578
13.1086
13.1438
13.184
13.2228
13.2619
13.3033
13.3485
13.3817
13.418
13.4626
13.5042
13.5434
13.583
13.6319
13.6724
13.7147
13.7586
13.8066
13.8551
13.9014
13.9482
13.9988
14.0436
14.0809
14.1179
14.1544
14.1918
14.2318
14.2734
14.3128
14.3556
14.3982
14.445
14.4938
14.5427
14.5927
14.643
14.6978
14.7717
14.8449
14.9343
15.0118
15.0893
15.1622
15.2287
15.2841
15.3264
15.3681
15.4316
15.491
15.5516
15.6262
15.7208
15.8215
15.9002
15.9897
16.0879
16.1886
16.308
16.459
16.5991
16.7343
16.8912
17.049
17.2191
17.3754
17.5355
17.6789
17.8543
18.0079
18.1337
18.2343
18.3384
18.4525
18.5688
18.6803
18.8063
18.9045
19.0239
19.1632
19.3419
19.5386
19.7585
19.9804
20.1681
20.3334
20.459
20.5827
20.7098
20.8183
20.9161
21.0016
21.0695
21.1174
21.1842
21.2564
21.3456
21.4695
21.6438
21.8491
22.0937
22.2974
22.5049
22.6959
22.8749
23.0128
23.1153
23.0898
23.1684
23.2513
23.3525
23.4731
23.4201
23.3703
23.3258
23.2859
23.2633
23.2768
23.305
23.3385
23.3931
23.4895
23.4753
23.6054
-nan
