0.0292141
0.0546761
0.0799971
0.105295
0.130592
0.155885
0.181162
0.206447
0.231722
0.257006
0.282299
0.307586
0.332854
0.358125
0.383397
0.408695
0.43397
0.459237
0.484521
0.509842
0.53516
0.560462
0.585754
0.611043
0.636328
0.661604
0.686969
0.712469
0.737835
0.763363
0.788665
0.81396
0.839264
0.864628
0.889986
0.915348
0.940697
0.966026
0.991356
1.01669
1.04204
1.06736
1.09268
1.11801
1.14333
1.16866
1.19399
1.2193
1.24466
1.27
1.29535
1.32069
1.34603
1.37135
1.39667
1.42199
1.4473
1.47261
1.49792
1.52323
1.54858
1.57391
1.59923
1.62455
1.64988
1.67521
1.70052
1.72586
1.75118
1.77649
1.80186
1.8272
1.85252
1.87783
1.90315
1.92847
1.95381
1.97913
2.00445
2.02978
2.05513
2.08048
2.10581
2.13116
2.15649
2.18183
2.20716
2.23254
2.25787
2.28324
2.30859
2.33393
2.35927
2.38465
2.41
2.43539
2.46078
2.48612
2.51145
2.53679
2.56227
2.58767
2.61296
2.63825
2.66356
2.68886
2.71415
2.73945
2.76475
2.79017
2.81554
2.84089
2.86622
2.89156
2.91686
2.94215
2.96743
2.99272
3.018
3.04333
3.06868
3.09398
3.11929
3.1446
3.16991
3.19522
3.22054
3.24583
3.27113
3.29642
3.32172
3.347
3.37229
3.39757
3.42286
3.44815
3.47348
3.4988
3.52413
3.54948
3.57482
3.60014
3.62545
3.65076
3.67606
3.70135
3.72665
3.75196
3.77726
3.80264
3.82795
3.85323
3.87855
3.90385
3.92921
3.95456
3.9799
4.00523
4.03057
4.05588
4.0812
4.10653
4.13186
4.15719
4.18253
4.20784
4.23316
4.25847
4.28378
4.30908
4.3344
4.3597
4.38499
4.41032
4.43564
4.46098
4.48629
4.51158
4.5369
4.5622
4.5875
4.61279
4.63809
4.66339
4.6887
4.71401
4.73936
4.76471
4.79004
4.81539
4.84072
4.86605
4.89137
4.91669
4.94202
4.96739
4.9927
5.01802
5.04338
5.06873
5.09403
5.11932
5.14467
5.17003
5.19532
5.22061
5.24589
5.27119
5.29655
5.32186
5.34718
5.37252
5.39784
5.42314
5.44845
5.47376
5.49909
5.52443
5.54979
5.57513
5.60044
5.62574
5.65106
5.67635
5.70164
5.72693
5.75222
5.77753
5.80282
5.82812
5.85342
5.87872
5.90401
5.92931
5.9546
5.97989
6.00518
6.03047
6.05577
6.0811
6.10652
6.13184
6.15717
6.1825
6.20782
6.23313
6.25848
6.28381
6.30914
6.33447
6.35979
6.3851
6.41043
6.43576
6.46108
6.48639
6.51168
6.53699
6.56228
6.58759
6.61293
6.63825
6.66356
6.68892
6.71422
6.73951
6.76486
6.79016
6.81546
6.84081
6.86613
6.89142
6.91672
6.94202
6.96731
6.99262
7.01793
7.04326
7.06857
7.09386
7.11917
7.14447
7.16977
7.19507
7.22037
7.24567
7.27098
7.29628
7.32158
7.34689
7.37221
7.39753
7.42283
7.44813
7.47349
7.49879
7.5241
7.54941
7.57473
7.60004
7.62536
7.65069
7.676
7.70132
7.72664
7.75203
7.77736
7.80268
7.828
7.85336
7.87871
7.90404
7.92937
7.95471
7.98003
8.00536
8.03071
8.05604
8.08137
8.10669
8.13206
8.15741
8.18274
8.2081
8.23343
8.25876
8.28409
8.30942
8.33475
8.36007
8.3854
8.41072
8.43603
8.46136
8.48673
8.51204
8.53735
8.56265
8.58795
8.61324
8.63854
8.66384
8.68914
8.71445
8.73975
8.76505
8.79035
8.81565
8.84096
8.86626
8.89156
8.91686
8.94216
8.96746
8.99275
9.01806
9.04337
9.06868
9.09398
9.11928
9.14464
9.17
9.19533
9.22064
9.24596
9.27127
9.29664
9.32201
9.34736
9.3727
9.39804
9.42338
9.4487
9.47404
9.49937
9.5247
9.55004
9.57537
9.60071
9.62605
9.65138
9.67674
9.7021
9.72743
9.75276
9.77809
9.80341
9.82875
9.85409
9.87945
9.90477
9.9301
9.95544
9.98077
10.0061
10.0314
10.0568
10.0821
10.1074
10.1327
10.158
10.1833
10.2086
10.2339
10.2593
10.2846
10.31
10.3353
10.3606
10.3859
10.4112
10.4365
10.4618
10.4871
10.5124
10.5377
10.563
10.5883
10.6136
10.639
10.6643
10.6896
10.7149
10.7403
10.7656
10.791
10.8163
10.8417
10.867
10.8923
10.9176
10.943
10.9683
10.9936
11.019
11.0443
11.0696
11.095
11.1203
11.1456
11.1709
11.1962
11.2215
11.2469
11.2722
11.2975
11.3228
11.3482
11.3735
11.3988
11.4241
11.4494
11.4747
11.5001
11.5254
11.5507
11.576
11.6012
11.6265
11.6518
11.6771
11.7024
11.7277
11.753
11.7783
11.8036
11.8289
11.8542
11.8795
11.9048
11.9301
11.9554
11.9808
12.0061
12.0314
12.0567
12.082
12.1074
12.1327
12.1581
12.1834
12.2087
12.2341
12.2594
12.2848
12.3101
12.3354
12.3608
12.3861
12.4115
12.4368
12.4622
12.4875
12.5128
12.5382
12.5635
12.5888
12.6141
12.6394
12.6647
12.69
12.7154
12.7407
12.766
12.7913
12.8166
12.8419
12.8672
12.8926
12.9179
12.9432
12.9685
12.9938
13.0191
13.0444
13.0698
13.0951
13.1204
13.1458
13.1711
13.1964
13.2217
13.2471
13.2724
13.2977
13.3231
13.3484
13.3737
13.3991
13.4244
13.4497
13.4751
13.5004
13.5257
13.5511
13.5764
13.6018
13.6271
13.6524
13.6778
13.7031
13.7284
13.7538
13.7791
13.8044
13.8297
13.8551
13.8804
13.9057
13.9311
13.9564
13.9817
14.007
14.0324
14.0577
14.083
14.1083
14.1337
14.159
14.1843
14.2097
14.235
14.2604
14.2858
14.3111
14.3365
14.3618
14.3872
14.4125
14.4378
14.4632
14.4885
14.5138
14.5392
14.5645
14.5898
14.6152
14.6405
14.6659
14.6912
14.7165
14.7419
14.7672
14.7926
14.8179
14.8433
14.8686
14.894
14.9193
14.9446
14.97
14.9953
15.0206
15.046
15.0713
15.0966
15.1219
15.1472
15.1726
15.198
15.2233
15.2486
15.274
15.2993
15.3247
15.35
15.3753
15.4007
15.426
15.4514
15.4767
15.502
15.5273
15.5527
15.5781
15.6034
15.6288
15.6541
15.6795
15.7048
15.7301
15.7555
15.7808
15.8061
15.8315
15.8568
15.8821
15.9075
15.9328
15.9581
15.9835
16.0088
16.0342
16.0596
16.0849
16.1102
16.1356
16.1609
16.1863
16.2116
16.2369
16.2623
16.2877
16.313
16.3384
16.3637
16.389
16.4144
16.4397
16.465
16.4904
16.5157
16.541
16.5664
16.5917
16.617
16.6424
16.6677
16.693
16.7184
16.7437
16.7691
16.7944
16.8199
16.8452
16.8706
16.8959
16.9212
16.9466
16.9719
16.9972
17.0226
17.0479
17.0732
17.0986
17.124
17.1493
17.1747
17.2001
17.2254
17.2508
17.2761
17.3015
17.3268
17.3522
17.3776
17.4029
17.4283
17.4536
17.4789
17.5043
17.5296
17.5549
17.5803
17.6056
17.6309
17.6562
17.6816
17.7069
17.7322
17.7576
17.7829
17.8082
17.8336
17.8589
17.8843
17.9096
17.935
17.9603
17.9856
18.011
18.0364
18.0617
18.0871
18.1124
18.1378
18.1631
18.1884
18.2138
18.2391
18.2645
18.2898
18.3152
18.3406
18.3659
18.3913
18.4166
18.4419
18.4673
18.4926
18.518
18.5434
18.5687
18.594
18.6194
18.6447
18.6701
18.6955
18.7208
18.7462
18.7716
18.7969
18.8222
18.8476
18.8729
18.8983
18.9236
18.9489
18.9742
18.9996
19.0249
19.0503
19.0756
19.101
19.1263
19.1517
19.177
19.2023
19.2277
19.253
19.2784
19.3037
19.329
19.3544
19.3797
19.405
19.4304
19.4557
19.481
19.5064
19.5317
19.5571
19.5824
19.6077
19.6331
19.6585
19.6838
19.7092
19.7345
19.7598
19.7852
19.8106
19.8359
19.8612
19.8866
19.9119
19.9372
19.9626
19.9879
20.0132
20.0386
20.0639
20.0892
20.1145
20.1399
20.1652
20.1905
20.2158
20.2411
20.2664
20.2918
20.3171
20.3424
20.3677
20.3931
20.4184
20.4437
20.469
20.4943
20.5197
20.545
20.5703
20.5956
20.6209
20.6463
20.6716
20.697
20.7223
20.7476
20.773
20.7983
20.8237
20.849
20.8744
20.8997
20.9251
20.9504
20.9757
21.0011
21.0264
21.0518
21.0771
21.1024
21.1278
21.1531
21.1785
21.2038
21.2292
21.2545
21.2798
21.3051
21.3304
21.3558
21.3811
21.4065
21.4319
21.4573
21.4826
21.5079
21.5332
21.5586
21.5839
21.6093
21.6346
21.66
21.6853
21.7106
21.736
21.7614
21.7867
21.812
21.8374
21.8627
21.8881
21.9134
21.9387
21.9641
21.9894
22.0147
22.0401
22.0654
22.0907
22.1161
22.1414
22.1668
22.1921
22.2175
22.2428
22.2681
22.2934
22.3188
22.3441
22.3695
22.3948
22.4201
22.4455
22.4708
22.4961
22.5215
22.5468
22.5721
22.5974
22.6228
22.6481
22.6734
22.6987
22.724
22.7493
22.7747
22.8001
22.8254
22.8508
22.8761
22.9014
22.9268
22.9521
22.9775
23.0028
23.0282
23.0535
23.0789
23.1042
23.1295
23.1549
23.1802
23.2055
23.2309
23.2562
23.2816
23.3069
23.3322
23.3576
23.3829
23.4082
23.4336
23.4589
23.4843
23.5096
23.535
23.5603
23.5856
23.611
23.6363
23.6616
23.687
23.7123
23.7376
23.763
23.7883
23.8137
23.839
23.8643
23.8897
23.915
23.9403
23.9657
23.991
24.0164
24.0417
24.067
24.0924
24.1177
24.143
24.1684
24.1938
24.2191
24.2444
24.2697
24.295
24.3204
24.3457
24.371
24.3963
24.4217
24.447
24.4724
24.4977
24.5231
24.5484
24.5737
24.5991
24.6244
24.6497
24.675
24.7004
24.7257
24.751
24.7763
24.8017
24.827
24.8523
24.8776
24.903
24.9283
24.9536
24.979
25.0043
25.0297
25.0551
25.0804
25.1058
25.1311
25.1564
25.1818
25.2071
25.2324
25.2578
25.2831
25.3085
25.3338
25.3592
25.3845
25.4099
25.4352
25.4605
25.4859
25.5112
25.5365
25.5619
25.5872
25.6125
25.6379
25.6632
25.6886
25.7139
25.7392
25.7645
25.7899
25.8152
25.8405
25.8658
25.8912
25.9165
25.9418
25.9671
25.9924
26.0178
26.0431
26.0684
26.0937
26.119
26.1444
26.1697
26.195
26.2204
26.2457
26.2711
26.2964
26.3217
26.347
26.3723
26.3977
26.423
26.4484
26.4737
26.4991
26.5244
26.5497
26.575
26.6004
26.6258
26.6511
26.6764
26.7017
26.7271
26.7524
26.7777
26.803
26.8283
26.8537
26.879
26.9043
26.9296
26.955
26.9803
27.0056
27.031
27.0563
27.0817
27.107
27.1323
27.1577
27.183
27.2083
27.2337
27.2591
27.2844
27.3098
27.3351
27.3604
27.3858
27.4111
27.4365
27.4618
27.4871
27.5125
27.5379
27.5633
27.5886
27.614
27.6394
27.6647
27.69
27.7154
27.7407
27.766
27.7913
27.8167
27.842
27.8673
27.8926
27.9179
27.9432
27.9685
27.9938
28.0191
28.0444
28.0697
28.095
28.1203
28.1456
28.1709
28.1962
28.2215
28.2469
28.2722
28.2975
28.3228
28.3482
28.3735
28.3989
28.4242
28.4496
28.4749
28.5003
28.5257
28.551
28.5764
28.6017
28.627
28.6523
28.6777
28.703
28.7284
28.7537
28.7791
28.8044
28.8298
28.8551
28.8804
28.9058
28.9311
28.9564
28.9818
29.0071
29.0324
29.0577
29.083
29.1083
29.1336
29.159
29.1843
29.2096
29.2349
29.2602
29.2856
29.3109
29.3362
29.3615
29.3868
29.4121
29.4374
29.4628
29.4881
29.5134
29.5387
29.564
29.5894
29.6147
29.64
29.6652
29.6905
29.7158
29.7411
29.7664
29.7917
29.817
29.8424
29.8677
29.893
29.9184
29.9437
29.969
29.9944
30.0197
30.0451
30.0704
30.0957
30.121
30.1464
30.1717
30.1971
30.2224
30.2478
30.2731
30.2985
30.3238
30.3491
30.3745
30.3998
30.4251
30.4505
30.4758
30.5012
30.5265
30.5518
30.5772
30.6025
30.6278
30.6532
30.6785
30.7038
30.7292
30.7545
30.7799
30.8052
30.8306
30.8559
30.8812
30.9066
30.932
30.9573
30.9827
31.008
31.0334
31.0587
31.084
31.1093
31.1347
31.16
31.1854
31.2107
31.236
31.2613
31.2867
31.312
31.3373
31.3628
31.3881
31.4135
31.4388
31.4642
31.4895
31.5149
31.5402
31.5656
31.5909
31.6163
31.6416
31.6669
31.6923
31.7176
31.743
31.7683
31.7936
31.819
31.8443
31.8696
31.895
31.9203
31.9457
31.971
31.9963
32.0217
32.047
32.0723
32.0977
32.123
32.1483
32.1737
32.199
32.2243
32.2497
32.275
32.3004
32.3257
32.3511
32.3764
32.4017
32.4271
32.4524
32.4777
32.5031
32.5284
32.5537
32.5791
32.6044
32.6297
32.655
32.6803
32.7057
32.731
32.7563
32.7816
32.807
32.8323
32.8576
32.883
32.9083
32.9336
32.959
32.9843
33.0097
33.035
33.0603
33.0856
33.111
33.1363
33.1617
33.187
33.2124
33.2377
33.263
33.2883
33.3136
33.339
33.3643
33.3896
33.4149
33.4402
33.4656
33.4909
33.5162
33.5416
33.5669
33.5922
33.6175
33.6429
33.6682
33.6935
33.7188
33.7442
33.7695
33.7949
33.8202
33.8455
33.8709
33.8962
33.9215
33.9469
33.9722
33.9975
34.0229
34.0482
34.0735
34.0989
34.1242
34.1495
34.1749
34.2002
34.2256
34.2509
34.2762
34.3016
34.3269
34.3522
34.3776
34.4029
34.4283
34.4536
34.479
34.5043
34.5296
34.5549
34.5803
34.6056
34.631
34.6563
34.6817
34.707
34.7324
34.7577
34.783
34.8084
34.8337
34.859
34.8844
34.9097
34.9351
34.9604
34.9857
35.0111
35.0364
35.0617
35.0871
35.1124
35.1377
35.1631
35.1884
35.2137
35.239
35.2643
35.2897
35.315
35.3404
35.3657
35.391
35.4164
35.4417
35.4671
35.4925
35.5178
35.5432
35.5685
35.5938
35.6192
35.6445
35.6698
35.6952
35.7205
35.7458
35.7712
35.7965
35.8219
35.8472
35.8726
35.8979
35.9232
35.9486
35.9739
35.9992
36.0246
36.0499
36.0752
36.1006
36.1259
36.1513
36.1766
36.2019
36.2273
36.2526
36.278
36.3034
36.3287
36.354
36.3794
36.4047
36.4301
36.4554
36.4807
36.5061
36.5314
36.5568
36.5821
36.6074
36.6327
36.6581
36.6834
36.7087
36.7341
36.7594
36.7848
36.8101
36.8354
36.8608
36.8861
36.9114
36.9368
36.9621
36.9875
37.0128
37.0382
37.0635
37.0888
37.1142
37.1395
37.1648
37.1902
37.2155
37.2408
37.2661
37.2914
37.3168
37.3421
37.3674
37.3927
37.418
37.4434
37.4687
37.494
37.5194
37.5447
37.57
37.5953
37.6206
37.6459
37.6713
37.6966
37.7219
37.7472
37.7725
37.7978
37.8232
37.8485
37.8738
37.8991
37.9244
37.9497
37.975
38.0004
38.0257
38.051
38.0764
38.1017
38.127
38.1523
38.1776
38.2029
38.2282
38.2535
38.2788
38.3041
38.3294
38.3547
38.3801
38.4054
38.4307
38.456
38.4813
38.5066
38.5319
38.5572
38.5826
38.6079
38.6332
38.6585
38.6838
38.7091
38.7344
38.7597
38.7851
38.8104
38.8357
38.861
38.8863
38.9117
38.937
38.9623
38.9876
39.0129
39.0382
39.0636
39.0889
39.1142
39.1396
39.1649
39.1902
39.2155
39.2409
39.2662
39.2916
39.3169
39.3422
39.3675
39.3929
39.4182
39.4435
39.4688
39.4942
39.5195
39.5449
39.5702
39.5956
39.6209
39.6463
39.6717
39.697
39.7224
39.7477
39.773
39.7984
39.8237
39.8491
39.8744
39.8997
39.9251
39.9504
39.9758
40.0011
40.0265
40.0518
40.0771
40.1025
40.1278
40.1531
40.1784
40.2038
40.2291
40.2544
40.2797
40.305
40.3303
40.3556
40.381
40.4063
40.4316
40.457
40.4823
40.5076
40.533
40.5583
40.5837
40.609
40.6343
40.6596
40.685
40.7103
40.7357
40.761
40.7864
40.8117
40.837
40.8624
40.8877
40.913
40.9384
40.9637
40.9891
41.0144
41.0398
41.0651
41.0904
41.1158
41.1411
41.1664
41.1918
41.2172
41.2428
41.2682
41.2935
41.3188
41.3442
41.3695
41.3948
41.4202
41.4457
41.471
41.4964
41.5217
41.547
41.5724
41.5977
41.6231
41.6484
41.6737
41.6991
41.7244
41.7498
41.7751
41.8005
41.8258
41.8511
41.8765
41.9018
41.9271
41.9525
41.9778
42.0031
42.0284
42.0538
42.0791
42.1045
42.1299
42.1552
42.1806
42.206
42.2314
42.2567
42.2821
42.3074
42.3328
42.3582
42.3835
42.4089
42.4342
42.4595
42.4849
42.5102
42.5356
42.5609
42.5863
42.6116
42.6369
42.6623
42.6876
42.7129
42.7383
42.7636
42.789
42.8143
42.8397
42.865
42.8904
42.9157
42.9411
42.9664
42.9917
43.0171
43.0424
43.0678
43.0931
43.1185
43.1438
43.1691
43.1945
43.2198
43.2452
43.2705
43.2959
43.3212
43.3465
43.3719
43.3972
43.4226
43.4479
43.4732
43.4986
43.5239
43.5493
43.5746
43.6
43.6253
43.6507
43.676
43.7013
43.7267
43.752
43.7774
43.8027
43.828
43.8534
43.8787
43.904
43.9294
43.9547
43.98
44.0054
44.0307
44.056
44.0814
44.1067
44.1321
44.1574
44.1827
44.2081
44.2334
44.2587
44.2841
44.3094
44.3347
44.3601
44.3854
44.4107
44.4361
44.4614
44.4868
44.5122
44.5376
44.5629
44.5883
44.6136
44.639
44.6643
44.6896
44.715
44.7403
44.7656
44.791
44.8163
44.8417
44.867
44.8924
44.9177
44.9431
44.9684
44.9937
45.0191
45.0444
45.0697
45.0951
45.1204
45.1457
45.1711
45.1964
45.2217
45.247
45.2724
45.2977
45.323
45.3483
45.3737
45.399
45.4243
45.4496
45.475
45.5003
45.5256
45.551
45.5763
45.6016
45.627
45.6523
45.6777
45.703
45.7284
45.7537
45.7791
45.8045
45.8298
45.8552
45.8805
45.9059
45.9312
45.9566
45.9819
46.0072
46.0326
46.0579
46.0833
46.1086
46.1339
46.1593
46.1847
46.21
46.2354
46.2607
46.2861
46.3115
46.3368
46.3621
46.3875
46.4128
46.4382
46.4635
46.4889
46.5142
46.5395
46.5649
46.5902
46.6155
46.6409
46.6662
46.6915
46.7169
46.7422
46.7676
46.793
46.8184
46.8437
46.8691
46.8944
46.9197
46.9451
46.9704
46.9958
47.0211
47.0465
47.0718
47.0972
47.1225
47.1478
47.1732
47.1985
47.2239
47.2492
47.2746
47.2999
47.3252
47.3506
47.3759
47.4012
47.4266
47.4519
47.4772
47.5026
47.5279
47.5532
47.5786
47.6039
47.6292
47.6546
47.6799
47.7052
47.7306
47.7559
47.7812
47.8065
47.8319
47.8572
47.8826
47.9079
47.9332
47.9586
47.9839
48.0092
48.0346
48.0599
48.0852
48.1106
48.1359
48.1612
48.1866
48.2119
48.2372
48.2626
48.288
48.3132
48.3386
48.3639
48.3892
48.4146
48.4399
48.4652
48.4906
48.5159
48.5412
48.5665
48.5919
48.6172
48.6425
48.6679
48.6932
48.7185
48.7439
48.7692
48.7945
48.8199
48.8452
48.8705
48.8959
48.9213
48.9466
48.972
48.9973
49.0226
49.048
49.0733
49.0986
49.124
49.1493
49.1746
49.2
49.2253
49.2507
49.276
49.3013
49.3267
49.352
49.3774
49.4027
49.428
49.4534
49.4787
49.5041
49.5294
49.5547
49.5801
49.6054
49.6307
49.6561
49.6814
49.7067
49.7321
49.7574
49.7827
49.808
49.8334
49.8588
49.8841
49.9094
49.9348
49.9601
49.9854
50.0108
50.0361
50.0615
50.0868
50.1122
50.1375
50.1628
50.1881
50.2134
50.2388
50.2641
50.2894
50.3147
50.34
50.3654
50.3907
50.416
50.4413
50.4667
50.492
50.5173
50.5427
50.568
50.5934
50.6187
50.644
50.6693
50.6946
50.72
50.7454
50.7708
50.7961
50.8215
50.8468
50.8722
50.8975
50.9229
50.9482
50.9736
50.9989
51.0242
51.0496
51.0749
51.1003
51.1256
51.1509
51.1763
51.2016
51.227
51.2523
51.2776
51.303
51.3283
51.3537
51.379
51.4044
51.4297
51.4551
51.4804
51.5057
51.5311
51.5565
51.5818
51.6072
51.6325
51.6578
51.6832
51.7085
51.7338
51.7592
51.7845
51.8099
51.8352
51.8606
51.8859
51.9112
51.9366
51.962
51.9874
52.0127
52.038
52.0634
52.0888
52.1141
52.1395
52.1648
52.1901
52.2155
52.2408
52.2662
52.2915
52.3168
52.3422
52.3675
52.3929
52.4182
52.4436
52.4689
52.4943
52.5197
52.545
52.5704
52.5957
52.6211
52.6464
52.6717
52.6971
52.7225
52.7478
52.7731
52.7985
52.8239
52.8492
52.8745
52.8999
52.9252
52.9505
52.9759
53.0012
53.0266
53.0519
53.0772
53.1026
53.1279
53.1532
53.1786
53.2041
53.2294
53.2547
53.2801
53.3054
53.3308
53.3561
53.3815
53.4069
53.4322
53.4576
53.4829
53.5082
53.5336
53.5589
53.5843
53.6096
53.635
53.6603
53.6857
53.711
53.7364
53.7618
53.7872
53.8125
53.8379
53.8632
53.8886
53.9139
53.9392
53.9646
53.9899
54.0153
54.0406
54.0659
54.0913
54.1166
54.142
54.1673
54.1927
54.218
54.2434
54.2687
54.2941
54.3194
54.3447
54.3701
54.3954
54.4208
54.4461
54.4715
54.4968
54.5221
54.5475
54.5728
54.5981
54.6234
54.6487
54.6741
54.6994
54.7247
54.7501
54.7754
54.8008
54.8261
54.8515
54.8769
54.9023
54.9276
54.9529
54.9782
55.0036
55.0289
55.0542
55.0796
55.1049
55.1302
55.1556
55.1809
55.2063
55.2316
55.2569
55.2823
55.3076
55.333
55.3583
55.3836
55.409
55.4343
55.4597
55.485
55.5104
55.5358
55.5612
55.5866
55.6119
55.6372
55.6626
55.688
55.7134
55.7388
55.7641
55.7895
55.8148
55.8402
55.8655
55.8909
55.9163
55.9416
55.967
55.9924
56.0177
56.043
56.0684
56.0938
56.1191
56.1444
56.1698
56.1952
56.2205
56.2458
56.2712
56.2965
56.3218
56.3472
56.3725
56.3979
56.4232
56.4486
56.4741
56.4994
56.5247
56.5501
56.5754
56.6008
56.6261
56.6514
56.6768
56.7021
56.7275
56.7528
56.7781
56.8035
56.8288
56.8542
56.8795
56.9049
56.9302
56.9555
56.9809
57.0062
57.0315
57.0569
57.0822
57.1075
57.1329
57.1582
57.1835
57.2089
57.2342
57.2596
57.2849
57.3103
57.3356
57.3609
57.3863
57.4116
57.437
57.4623
57.4877
57.513
57.5384
57.5638
57.5891
57.6144
57.6398
57.6651
57.6904
57.7158
57.7411
57.7664
57.7918
57.8171
57.8425
57.8678
57.8932
57.9185
57.9438
57.9692
57.9945
58.0198
58.0452
58.0705
58.0959
58.1212
58.1466
58.1719
58.1972
58.2226
58.2479
58.2732
58.2986
58.3239
58.3492
58.3746
58.4
58.4252
58.4506
58.4759
58.5012
58.5266
58.5519
58.5772
58.6026
58.6279
58.6532
58.6786
58.7039
58.7292
58.7546
58.78
58.8052
58.8306
58.8559
58.8812
58.9066
58.9319
58.9572
58.9826
59.0079
59.0333
59.0586
59.0839
59.1092
59.1346
59.1599
59.1852
59.2105
59.2359
59.2612
59.2865
59.3119
59.3372
59.3625
59.3879
59.4132
59.4386
59.4639
59.4892
59.5146
59.5399
59.5652
59.5906
59.6159
59.6412
59.6666
59.6919
59.7172
59.7426
59.7679
59.7932
59.8186
59.8439
59.8692
59.8946
59.9199
59.9452
59.9706
59.9959
60.0212
60.0466
60.0719
60.0972
60.1225
60.1479
60.1732
60.1985
60.2238
60.2491
60.2745
60.2998
60.3251
60.3504
60.3758
60.4011
60.4264
60.4518
60.4771
60.5024
60.5277
60.5531
60.5784
60.6037
60.6291
60.6544
60.6797
60.7051
60.7304
60.7557
60.7811
60.8064
60.8318
60.8571
60.8824
60.9078
60.9331
60.9585
60.9838
61.0091
61.0345
61.0598
61.0852
61.1105
61.1358
61.1612
61.1865
61.2119
61.2372
61.2625
61.2879
61.3132
61.3386
61.3639
61.3892
61.4145
61.4399
61.4652
61.4905
61.5159
61.5412
61.5665
61.5919
61.6172
61.6426
61.6679
61.6932
61.7186
61.7439
61.7692
61.7946
61.8199
61.8452
61.8706
61.8959
61.9212
61.9466
61.972
61.9973
62.0227
62.048
62.0733
62.0987
62.124
62.1494
62.1747
62.2
62.2253
62.2507
62.276
62.3014
62.3267
62.352
62.3774
62.4028
62.4282
62.4536
62.4789
62.5042
62.5296
62.5549
62.5802
62.6056
62.6309
62.6562
62.6816
62.7069
62.7322
62.7576
62.7829
62.8083
62.8336
62.8589
62.8843
62.9096
62.9349
62.9603
62.9856
63.011
63.0363
63.0616
63.087
63.1123
63.1377
63.163
63.1883
63.2137
63.239
63.2644
63.2897
63.3151
63.3404
63.3657
63.3911
63.4164
63.4417
63.4671
63.4924
63.5178
63.5431
63.5685
63.5938
63.6192
63.6445
63.6699
63.6953
63.7206
63.746
63.7713
63.7967
63.822
63.8474
63.8727
63.8981
63.9234
63.9488
63.9741
63.9994
64.0248
64.0501
64.0754
64.1007
64.1261
64.1514
64.1768
64.2021
64.2274
64.2527
64.2781
64.3034
64.3288
64.3541
64.3795
64.4048
64.4302
64.4555
64.4808
64.5061
64.5314
64.5568
64.5821
64.6074
64.6327
64.6581
64.6834
64.7087
64.7341
64.7594
64.7847
64.8101
64.8354
64.8608
64.8862
64.9116
64.9369
64.9623
64.9876
65.0129
65.0383
65.0636
65.0889
65.1143
65.1396
65.165
65.1903
65.2156
65.2409
65.2663
65.2916
65.3169
65.3422
65.3676
65.3929
65.4183
65.4436
65.469
65.4943
65.5197
65.545
65.5703
65.5957
65.621
65.6463
65.6717
65.697
65.7223
65.7477
65.773
65.7983
65.8237
65.849
65.8744
65.8997
65.9251
65.9505
65.9758
66.0012
66.0265
66.0519
66.0772
66.1025
66.1278
66.1532
66.1785
66.2038
66.2292
66.2545
66.2799
66.3052
66.3305
66.3559
66.3812
66.4066
66.4319
66.4572
66.4826
66.5079
66.5332
66.5586
66.5839
66.6092
66.6346
66.6599
66.6852
66.7106
66.7359
66.7612
66.7866
66.8119
66.8372
66.8626
66.888
66.9133
66.9386
66.964
66.9892
67.0146
67.04
67.0652
67.0906
67.1159
67.1412
67.1666
67.1919
67.2172
67.2426
67.2679
67.2932
67.3186
67.3439
67.3693
67.3946
67.4199
67.4452
67.4706
67.4959
67.5212
67.5466
67.5719
67.5972
67.6226
67.6479
67.6732
67.6985
67.7239
67.7492
67.7745
67.7998
67.8251
67.8504
67.8758
67.9011
67.9264
67.9518
67.9771
68.0024
68.0278
68.0532
68.0785
68.1039
68.1292
68.1546
68.1799
68.2052
68.2306
68.2559
68.2812
68.3066
68.3319
68.3572
68.3826
68.4079
68.4332
68.4586
68.4839
68.5092
68.5346
68.5599
68.5852
68.6106
68.6359
68.6612
68.6866
68.7119
68.7372
68.7626
68.7879
68.8132
68.8386
68.8639
68.8892
68.9146
68.9399
68.9652
68.9906
69.0159
69.0412
69.0666
69.092
69.1173
69.1427
69.168
69.1933
69.2187
69.244
69.2694
69.2948
69.3201
69.3455
69.3708
69.3961
69.4215
69.4468
69.4721
69.4975
69.5228
69.5481
69.5735
69.5988
69.6242
69.6495
69.6748
69.7002
69.7255
69.7509
69.7762
69.8015
69.8269
69.8522
69.8776
69.9029
69.9282
69.9536
69.9789
70.0042
70.0296
70.0549
70.0802
70.1055
70.1309
70.1562
70.1815
70.2068
70.2322
70.2575
70.2828
70.3081
70.3334
70.3588
70.3841
70.4094
70.4347
70.4601
70.4854
70.5107
70.5361
70.5614
70.5867
70.6121
70.6374
70.6627
70.6881
70.7134
70.7387
70.7641
70.7895
70.8148
70.8401
70.8655
70.8908
70.9162
70.9415
70.9669
70.9922
71.0175
71.0429
71.0682
71.0935
71.1189
71.1442
71.1696
71.1949
71.2202
71.2456
71.2709
71.2963
71.3216
71.347
71.3723
71.3977
71.423
71.4484
71.4737
71.4991
71.5244
71.5497
71.5751
71.6004
71.6257
71.6511
71.6764
71.7017
71.7271
71.7524
71.7778
71.8031
71.8284
71.8538
71.8791
71.9045
71.9298
71.9551
71.9805
72.0058
72.0312
72.0565
72.0818
72.1071
72.1325
72.1578
72.1831
72.2084
72.2338
72.2591
72.2844
72.3098
72.3351
72.3604
72.3858
72.4111
72.4365
72.4618
72.4872
72.5125
72.5379
72.5632
72.5885
72.6139
72.6392
72.6645
72.6898
72.7152
72.7405
72.7658
72.7912
72.8165
72.8418
72.8671
72.8925
72.9178
72.9431
72.9685
72.9938
73.0192
73.0445
73.0699
73.0952
73.1205
73.1459
73.1712
73.1966
73.2219
73.2473
73.2726
73.298
73.3233
73.3486
73.374
73.3993
73.4246
73.45
73.4753
73.5007
73.526
73.5514
73.5767
73.602
73.6274
73.6527
73.6781
73.7034
73.7288
73.7541
73.7795
73.8048
73.8302
73.8555
73.8809
73.9062
73.9316
73.9569
73.9822
74.0076
74.0329
74.0582
74.0836
74.109
74.1343
74.1596
74.185
74.2103
74.2357
74.261
74.2863
74.3117
74.337
74.3623
74.3877
74.413
74.4384
74.4637
74.4891
74.5144
74.5397
74.5651
74.5904
74.6158
74.6411
74.6664
74.6918
74.7171
74.7424
74.7678
74.7932
74.8187
74.844
74.8693
74.8947
74.92
74.9453
74.9706
74.996
75.0213
75.0466
75.072
75.0973
75.1226
75.148
75.1732
75.1986
75.2239
75.2492
75.2746
75.2999
75.3252
75.3505
75.3758
75.4012
75.4268
75.4521
75.4774
75.5028
75.5282
75.5535
75.5788
75.6042
75.6295
75.6549
75.6803
75.7056
75.731
75.7564
75.7817
75.8071
75.8324
75.8577
75.8832
75.9086
75.9339
75.9593
75.9846
76.01
76.0353
76.0606
76.086
76.1113
76.1366
76.162
76.1873
76.2126
76.238
76.2633
76.2887
76.314
76.3394
76.3648
76.3901
76.4155
76.4408
76.4661
76.4914
76.5168
76.5421
76.5674
76.5928
76.6181
76.6434
76.6687
76.694
76.7194
76.7448
76.7701
76.7954
76.8208
76.8462
76.8715
76.8968
76.9222
76.9475
76.9729
76.9982
77.0236
77.0489
77.0742
77.0996
77.1249
77.1503
77.1756
77.2009
77.2263
77.2516
77.2769
77.3023
77.3276
77.353
77.3783
77.4036
77.429
77.4544
77.4797
77.505
77.5304
77.5558
77.5811
77.6064
77.6318
77.6571
77.6824
77.7078
77.7331
77.7584
77.7838
77.8091
77.8344
77.8598
77.8851
77.9104
77.9358
77.9611
77.9864
78.0117
78.0371
78.0624
78.0877
78.1131
78.1384
78.1637
78.1891
78.2144
78.2398
78.2651
78.2904
78.3158
78.3411
78.3664
78.3918
78.4171
78.4424
78.4678
78.4931
78.5184
78.5438
78.5691
78.5945
78.6198
78.6451
78.6705
78.6958
78.7211
78.7464
78.7718
78.7972
78.8225
78.8478
78.8732
78.8985
78.9238
78.9491
78.9745
78.9998
79.0252
79.0505
79.0759
79.1012
79.1266
79.1519
79.1772
79.2026
79.2279
79.2532
79.2786
79.3039
79.3292
79.3546
79.3799
79.4052
79.4306
79.4559
79.4812
79.5066
79.5319
79.5572
79.5826
79.6079
79.6332
79.6586
79.6839
79.7092
79.7346
79.7599
79.7852
79.8106
79.8359
79.8612
79.8866
79.9119
79.9372
79.9626
79.9879
80.0133
80.0387
80.064
80.0893
80.1147
80.14
80.1653
80.1906
80.216
80.2413
80.2666
80.2919
80.3172
80.3425
80.3679
80.3932
80.4185
80.4438
80.4691
80.4945
80.5198
80.5452
80.5705
80.5958
80.6212
80.6465
80.6718
80.6971
80.7224
80.7478
80.7731
80.7984
80.8238
80.8491
80.8744
80.8998
80.9251
80.9504
80.9758
81.0012
81.0265
81.0519
81.0772
81.1025
81.1279
81.1532
81.1785
81.2038
81.2292
81.2545
81.2799
81.3052
81.3306
81.3559
81.3812
81.4066
81.4319
81.4572
81.4826
81.5079
81.5332
81.5586
81.5839
81.6093
81.6347
81.6601
81.6855
81.7108
81.7362
81.7615
81.7869
81.8122
81.8375
81.8629
81.8882
81.9135
81.9389
81.9642
81.9896
82.0149
82.0402
82.0655
82.0909
82.1162
82.1415
82.1669
82.1922
82.2176
82.2429
82.2683
82.2936
82.319
82.3443
82.3696
82.395
82.4203
82.4456
82.471
82.4963
82.5216
82.547
82.5723
82.5976
82.623
82.6483
82.6736
82.6989
82.7243
82.7496
82.7749
82.8003
82.8256
82.8509
82.8762
82.9015
82.9268
82.9521
82.9775
83.0028
83.0281
83.0534
83.0788
83.1041
83.1294
83.1547
83.1801
83.2054
83.2307
83.2561
83.2814
83.3067
83.3321
83.3574
83.3828
83.4081
83.4334
83.4587
83.484
83.5094
83.5347
83.56
83.5853
83.6107
83.636
83.6613
83.6866
83.7119
83.7372
83.7626
83.7879
83.8132
83.8385
83.8639
83.8892
83.9146
83.9399
83.9652
83.9906
84.0159
84.0412
84.0666
84.0919
84.1172
84.1426
84.1679
84.1932
84.2186
84.2439
84.2692
84.2946
84.3199
84.3452
84.3706
84.3959
84.4212
84.4465
84.4719
84.4972
84.5225
84.5478
84.5732
84.5985
84.6238
84.6491
84.6745
84.6998
84.7251
84.7505
84.7758
84.8012
84.8265
84.8518
84.8772
84.9025
84.9279
84.9532
84.9785
85.0039
85.0292
85.0546
85.0799
85.1052
85.1306
85.1559
85.1812
85.2066
85.2319
85.2572
85.2826
85.3079
85.3332
85.3586
85.3839
85.4092
85.4346
85.4599
85.4852
85.5106
85.5359
85.5612
85.5866
85.6119
85.6372
85.6626
85.6879
85.7132
85.7386
85.7639
85.7892
85.8146
85.8399
85.8652
85.8906
85.9159
85.9412
85.9666
85.9919
86.0172
86.0426
86.0679
86.0932
86.1186
86.1439
86.1693
86.1947
86.22
86.2453
86.2707
86.2961
86.3214
86.3468
86.3721
86.3975
86.4228
86.4481
86.4735
86.4988
86.5242
86.5495
86.5748
86.6002
86.6255
86.6508
86.6762
86.7015
86.7269
86.7522
86.7775
86.8029
86.8282
86.8536
86.8789
86.9042
86.9296
86.9549
86.9802
87.0056
87.0309
87.0562
87.0816
87.1069
87.1322
87.1575
87.1829
87.2082
87.2336
87.2589
87.2842
87.3095
87.3348
87.3602
87.3855
87.4108
87.4361
87.4615
87.4868
87.5121
87.5375
87.5628
87.5881
87.6135
87.6388
87.6641
87.6895
87.7149
87.7403
87.7656
87.7909
87.8163
87.8416
87.867
87.8923
87.9176
87.943
87.9683
87.9936
88.0189
88.0443
88.0696
88.0949
88.1204
88.1458
88.1711
88.1965
88.2218
88.2471
88.2725
88.2978
88.3231
88.3485
88.3738
88.3991
88.4245
88.4498
88.4752
88.5005
88.5259
88.5512
88.5766
88.6019
88.6272
88.6526
88.6779
88.7032
88.7286
88.7539
88.7793
88.8046
88.83
88.8553
88.8806
88.906
88.9313
88.9566
88.9819
89.0073
89.0327
89.058
89.0833
89.1087
89.1341
89.1595
89.1848
89.2101
89.2355
89.2608
89.2862
89.3115
89.3369
89.3622
89.3876
89.4129
89.4382
89.4636
89.4889
89.5142
89.5395
89.5649
89.5902
89.6156
89.6409
89.6662
89.6916
89.7169
89.7423
89.7676
89.793
89.8183
89.8437
89.869
89.8943
89.9197
89.945
89.9704
89.9957
90.021
90.0464
90.0717
90.0971
90.1224
90.1477
90.173
90.1984
90.2237
90.249
90.2743
90.2997
90.325
90.3503
90.3757
90.401
90.4263
90.4516
90.477
90.5023
90.5277
90.553
90.5783
90.6036
90.629
90.6543
90.6797
90.705
90.7304
90.7557
90.7811
90.8065
90.8319
90.8572
90.8826
90.9079
90.9332
90.9586
90.9839
91.0092
91.0345
91.0599
91.0852
91.1105
91.1359
91.1612
91.1865
91.2119
91.2372
91.2625
91.2878
91.3132
91.3385
91.3638
91.3892
91.4145
91.4398
91.4652
91.4905
91.5158
91.5411
91.5665
91.5918
91.6171
91.6424
91.6678
91.6931
91.7185
91.7438
91.7691
91.7944
91.8198
91.8451
91.8704
91.8958
91.9211
91.9464
91.9718
91.9971
92.0224
92.0478
92.0731
92.0985
92.1238
92.1492
92.1745
92.1998
92.2252
92.2505
92.2759
92.3012
92.3265
92.3519
92.3772
92.4026
92.4279
92.4532
92.4786
92.5039
92.5293
92.5546
92.5799
92.6052
92.6306
92.6559
92.6812
92.7066
92.7319
92.7572
92.7826
92.8079
92.8332
92.8586
92.8839
92.9092
92.9346
92.9599
92.9852
93.0105
93.0359
93.0612
93.0866
93.1119
93.1372
93.1626
93.1879
93.2132
93.2386
93.2639
93.2892
93.3146
93.3399
93.3652
93.3906
93.4159
93.4412
93.4666
93.492
93.5173
93.5427
93.568
93.5933
93.6187
93.644
93.6693
93.6946
93.72
93.7453
93.7706
93.796
93.8213
93.8467
93.8721
93.8974
93.9227
93.9481
93.9735
93.9988
94.0241
94.0495
94.0748
94.1002
94.1256
94.1509
94.1762
94.2016
94.2269
94.2523
94.2777
94.3031
94.3285
94.3538
94.3792
94.4045
94.4299
94.4553
94.4806
94.506
94.5314
94.5567
94.582
94.6074
94.6327
94.658
94.6834
94.7087
94.7341
94.7594
94.7848
94.8101
94.8354
94.8608
94.8861
94.9115
94.9368
94.9622
94.9875
95.0128
95.0382
95.0635
95.0888
95.1142
95.1395
95.1648
95.1902
95.2155
95.2409
95.2662
95.2916
95.317
95.3424
95.3677
95.393
95.4184
95.4437
95.469
95.4944
95.5197
95.545
95.5703
95.5957
95.621
95.6463
95.6716
95.697
95.7223
95.7476
95.773
95.7983
95.8236
95.8489
95.8743
95.8996
95.9249
95.9502
95.9756
96.0009
96.0263
96.0516
96.077
96.1023
96.1276
96.1529
96.1782
96.2036
96.2289
96.2542
96.2796
96.3049
96.3302
96.3556
96.3809
96.4062
96.4316
96.4569
96.4822
96.5076
96.5329
96.5583
96.5836
96.6089
96.6342
96.6596
96.6849
96.7102
96.7355
96.7609
96.7862
96.8115
96.8369
96.8622
96.8875
96.9129
96.9382
96.9635
96.9889
97.0142
97.0395
97.0649
97.0902
97.1156
97.1409
97.1662
97.1916
97.2169
97.2422
97.2675
97.2929
97.3182
97.3436
97.369
97.3943
97.4196
97.445
97.4703
97.4956
97.521
97.5463
97.5716
97.597
97.6223
97.6476
97.673
97.6983
97.7236
97.749
97.7743
97.7997
97.825
97.8504
97.8758
97.9011
97.9265
97.9518
97.9771
98.0025
98.0278
98.0531
98.0784
98.1038
98.1291
98.1544
98.1797
98.2051
98.2306
98.256
98.2814
98.3067
98.3321
98.3574
98.3828
98.4081
98.4335
98.4588
98.4842
98.5095
98.5348
98.5602
98.5856
98.6109
98.6363
98.6616
98.6869
98.7123
98.7376
98.7629
98.7883
98.8136
98.839
98.8643
98.8896
98.915
98.9403
98.9656
98.9909
99.0163
99.0416
99.0669
99.0923
99.1176
99.1429
99.1683
99.1936
99.219
99.2444
99.2697
99.2951
99.3204
99.3457
99.3711
99.3964
99.4217
99.4471
99.4724
99.4978
99.5231
99.5484
99.5738
99.5991
99.6245
99.6498
99.6751
99.7005
99.7258
99.7511
99.7765
99.8018
99.8272
99.8525
99.8779
99.9032
99.9286
99.9539
99.9792
100.005
100.03
100.055
100.081
100.106
100.131
100.156
100.182
100.207
100.232
100.258
100.283
100.308
100.334
100.359
100.384
100.41
100.435
100.46
100.486
100.511
100.536
100.562
100.587
100.612
100.638
100.663
100.688
100.714
100.739
100.764
100.79
100.815
100.84
100.866
100.891
100.916
100.942
100.967
100.992
101.018
101.043
101.068
101.094
101.119
101.144
101.17
101.195
101.22
101.246
101.271
101.296
101.322
101.347
101.372
101.398
101.423
101.448
101.474
101.499
101.524
101.55
101.575
101.6
101.626
101.651
101.676
101.702
101.727
101.752
101.778
101.803
101.828
101.854
101.879
101.904
101.93
101.955
101.98
102.006
102.031
102.056
102.082
102.107
102.132
102.158
102.183
102.208
102.234
102.259
102.284
102.31
102.335
102.36
102.386
102.411
102.436
102.462
102.487
102.512
102.538
102.563
102.588
102.614
102.639
102.664
102.69
102.715
102.74
102.766
102.791
102.816
102.842
102.867
102.892
102.918
102.943
102.968
102.994
103.019
103.044
103.07
103.095
103.12
103.146
103.171
103.196
103.222
103.247
103.272
103.298
103.323
103.348
103.374
103.399
103.424
103.45
103.475
103.5
103.526
103.551
103.576
103.602
103.627
103.652
103.678
103.703
103.728
103.754
103.779
103.804
103.83
103.855
103.88
103.906
103.931
103.956
103.982
104.007
104.032
104.058
104.083
104.108
104.134
104.159
104.184
104.21
104.235
104.261
104.286
104.311
104.337
104.362
104.387
104.413
104.438
104.463
104.489
104.514
104.539
104.565
104.59
104.615
104.641
104.666
104.691
104.717
104.742
104.767
104.793
104.818
104.843
104.869
104.894
104.919
104.945
104.97
104.995
105.021
105.046
105.071
105.097
105.122
105.148
105.173
105.198
105.224
105.249
105.274
105.3
105.325
105.35
105.376
105.401
105.426
105.452
105.477
105.502
105.528
105.553
105.578
105.604
105.629
105.654
105.68
105.705
105.73
105.756
105.781
105.806
105.832
105.857
105.882
105.908
105.933
105.958
105.984
106.009
106.034
106.06
106.085
106.11
106.136
106.161
106.186
106.212
106.237
106.262
106.288
106.313
106.339
106.364
106.389
106.415
106.44
106.465
106.491
106.516
106.541
106.567
106.592
106.617
106.643
106.668
106.693
106.719
106.744
106.769
106.795
106.82
106.845
106.871
106.896
106.921
106.947
106.972
106.997
107.023
107.048
107.073
107.099
107.124
107.149
107.175
107.2
107.225
107.251
107.276
107.301
107.327
107.352
107.377
107.403
107.428
107.454
107.479
107.504
107.53
107.555
107.58
107.606
107.631
107.656
107.682
107.707
107.732
107.758
107.783
107.808
107.834
107.859
107.884
107.91
107.935
107.96
107.986
108.011
108.036
108.062
108.087
108.113
108.138
108.163
108.189
108.214
108.239
108.265
108.29
108.315
108.341
108.366
108.391
108.417
108.442
108.467
108.493
108.518
108.543
108.569
108.594
108.619
108.645
108.67
108.695
108.721
108.746
108.771
108.797
108.822
108.847
108.873
108.898
108.923
108.949
108.974
108.999
109.025
109.05
109.075
109.101
109.126
109.151
109.177
109.202
109.227
109.253
109.278
109.304
109.329
109.354
109.38
109.405
109.43
109.456
109.481
109.506
109.532
109.557
109.582
109.608
109.633
109.658
109.684
109.709
109.734
109.76
109.785
109.81
109.836
109.861
109.887
109.912
109.937
109.963
109.988
110.013
110.039
110.064
110.089
110.115
110.14
110.165
110.191
110.216
110.241
110.267
110.292
110.317
110.343
110.368
110.393
110.419
110.444
110.469
110.495
110.52
110.545
110.571
110.596
110.621
110.647
110.672
110.697
110.723
110.748
110.773
110.799
110.824
110.849
110.875
110.9
110.925
110.951
110.976
111.001
111.027
111.052
111.078
111.103
111.128
111.154
111.179
111.204
111.23
111.255
111.28
111.306
111.331
111.356
111.382
111.407
111.432
111.458
111.483
111.508
111.534
111.559
111.584
111.61
111.635
111.66
111.686
111.711
111.736
111.762
111.787
111.812
111.838
111.863
111.889
111.914
111.939
111.965
111.99
112.015
112.041
112.066
112.091
112.117
112.142
112.167
112.193
112.218
112.243
112.269
112.294
112.319
112.345
112.37
112.395
112.421
112.446
112.471
112.497
112.522
112.547
112.573
112.598
112.623
112.649
112.674
112.699
112.725
112.75
112.775
112.801
112.826
112.851
112.877
112.902
112.927
112.953
112.978
113.003
113.029
113.054
113.079
113.105
113.13
113.155
113.181
113.206
113.232
113.257
113.282
113.308
113.333
113.358
113.384
113.409
113.434
113.46
113.485
113.51
113.536
113.561
113.586
113.612
113.637
113.662
113.688
113.713
113.738
113.764
113.789
113.814
113.84
113.865
113.89
113.916
113.941
113.966
113.992
114.017
114.042
114.068
114.093
114.118
114.144
114.169
114.194
114.22
114.245
114.27
114.296
114.321
114.346
114.372
114.397
114.422
114.448
114.473
114.499
114.524
114.549
114.575
114.6
114.625
114.651
114.676
114.701
114.727
114.752
114.777
114.803
114.828
114.853
114.879
114.904
114.929
114.955
114.98
115.005
115.031
115.056
115.081
115.107
115.132
115.157
115.183
115.208
115.233
115.259
115.284
115.309
115.335
115.36
115.385
115.411
115.436
115.461
115.487
115.512
115.537
115.563
115.588
115.613
115.639
115.664
115.689
115.715
115.74
115.765
115.791
115.816
115.841
115.867
115.892
115.917
115.943
115.968
115.994
116.019
116.044
116.07
116.095
116.12
116.146
116.171
116.196
116.222
116.247
116.272
116.298
116.323
116.348
116.373
116.399
116.424
116.45
116.475
116.5
116.526
116.551
116.576
116.602
116.627
116.652
116.678
116.703
116.728
116.754
116.779
116.804
116.83
116.855
116.88
116.906
116.931
116.956
116.981
117.007
117.032
117.057
117.083
117.108
117.133
117.159
117.184
117.209
117.235
117.26
117.285
117.311
117.336
117.361
117.387
117.412
117.437
117.463
117.488
117.513
117.539
117.564
117.589
117.615
117.64
117.666
117.691
117.716
117.742
117.767
117.792
117.818
117.843
117.868
117.894
117.919
117.944
117.97
117.995
118.02
118.046
118.071
118.096
118.122
118.147
118.172
118.198
118.223
118.248
118.274
118.299
118.324
118.35
118.375
118.4
118.426
118.451
118.476
118.502
118.527
118.553
118.578
118.603
118.629
118.654
118.679
118.705
118.73
118.755
118.781
118.806
118.831
118.857
118.882
118.908
118.933
118.958
118.984
119.009
119.034
119.06
119.085
119.11
119.136
119.161
119.186
119.212
119.237
119.262
119.288
119.313
119.339
119.364
119.389
119.415
119.44
119.465
119.491
119.516
119.541
119.567
119.592
119.617
119.643
119.668
119.693
119.719
119.744
119.769
119.795
119.82
119.845
119.871
119.896
119.921
119.947
119.972
119.997
120.023
120.048
120.073
120.099
120.124
120.15
120.175
120.2
120.226
120.251
120.276
120.301
120.327
120.352
120.377
120.403
120.428
120.453
120.479
120.504
120.529
120.555
120.58
120.605
120.631
120.656
120.681
120.707
120.732
120.757
120.783
120.808
120.833
120.859
120.884
120.91
120.935
120.96
120.986
121.011
121.036
121.062
121.087
121.112
121.138
121.163
121.188
121.214
121.239
121.264
121.29
121.315
121.34
121.366
121.391
121.416
121.442
121.467
121.493
121.518
121.543
121.569
121.594
121.619
121.645
121.67
121.695
121.721
121.746
121.771
121.797
121.822
121.847
121.873
121.898
121.923
121.949
121.974
121.999
122.025
122.05
122.075
122.101
122.126
122.151
122.177
122.202
122.227
122.253
122.278
122.303
122.329
122.354
122.379
122.405
122.43
122.455
122.481
122.506
122.531
122.557
122.582
122.607
122.633
122.658
122.683
122.709
122.734
122.759
122.785
122.81
122.835
122.861
122.886
122.911
122.937
122.962
122.988
123.013
123.038
123.064
123.089
123.114
123.14
123.165
123.19
123.216
123.241
123.266
123.292
123.317
123.342
123.368
123.393
123.418
123.444
123.469
123.494
123.52
123.545
123.57
123.596
123.621
123.646
123.672
123.697
123.723
123.748
123.773
123.799
123.824
123.849
123.875
123.9
123.925
123.951
123.976
124.001
124.027
124.052
124.077
124.103
124.128
124.153
124.179
124.204
124.229
124.255
124.28
124.305
124.331
124.356
124.381
124.407
124.432
124.457
124.483
124.508
124.533
124.559
124.584
124.609
124.635
124.66
124.685
124.711
124.736
124.761
124.787
124.812
124.837
124.863
124.888
124.913
124.939
124.964
124.989
125.015
125.04
125.065
125.091
125.116
125.141
125.167
125.192
125.217
125.243
125.268
125.293
125.319
125.344
125.369
125.395
125.42
125.445
125.471
125.496
125.521
125.547
125.572
125.597
125.623
125.648
125.673
125.699
125.724
125.749
125.775
125.8
125.825
125.851
125.876
125.901
125.927
125.952
125.977
126.003
126.028
126.053
126.079
126.104
126.129
126.155
126.18
126.205
126.231
126.256
126.281
126.307
126.332
126.358
126.383
126.408
126.434
126.459
126.484
126.51
126.535
126.56
126.586
126.611
126.636
126.662
126.687
126.712
126.738
126.763
126.788
126.814
126.839
126.864
126.89
126.915
126.94
126.966
126.991
127.017
127.042
127.067
127.093
127.118
127.143
127.169
127.194
127.219
127.245
127.27
127.295
127.321
127.346
127.371
127.397
127.422
127.447
127.473
127.498
127.523
127.549
127.574
127.599
127.625
127.65
127.675
127.701
127.726
127.751
127.777
127.802
127.827
127.853
127.878
127.903
127.929
127.954
127.979
128.005
128.03
128.055
128.081
128.106
128.131
128.157
128.182
128.207
128.233
128.258
128.283
128.309
128.334
128.359
128.385
128.41
128.435
128.461
128.486
128.511
128.537
128.562
128.587
128.613
128.638
128.663
128.689
128.714
128.739
128.765
128.79
128.815
128.841
128.866
128.891
128.917
128.942
128.968
128.993
129.018
129.044
129.069
129.094
129.12
129.145
129.17
129.196
129.221
129.246
129.272
129.297
129.322
129.348
129.373
129.398
129.424
129.449
129.474
129.5
129.525
129.55
129.576
129.601
129.626
129.652
129.677
129.702
129.728
129.753
129.778
129.804
129.829
129.855
129.88
129.905
129.931
129.956
129.981
130.007
130.032
130.057
130.083
130.108
130.133
130.159
130.184
130.209
130.235
130.26
130.285
130.311
130.336
130.361
130.387
130.412
130.437
130.463
130.488
130.513
130.539
130.564
130.589
130.615
130.64
130.665
130.691
130.716
130.741
130.767
130.792
130.817
130.843
130.868
130.893
130.919
130.944
130.969
130.995
131.02
131.045
131.071
131.096
131.121
131.147
131.172
131.197
131.223
131.248
131.273
131.299
131.324
131.35
131.375
131.4
131.426
131.451
131.476
131.502
131.527
131.552
131.578
131.603
131.628
131.654
131.679
131.704
131.73
131.755
131.78
131.806
131.831
131.856
131.882
131.907
131.932
131.958
131.983
132.008
132.034
132.059
132.084
132.11
132.135
132.16
132.186
132.211
132.236
132.262
132.287
132.312
132.338
132.363
132.389
132.414
132.439
132.465
132.49
132.515
132.541
132.566
132.591
132.617
132.642
132.667
132.693
132.718
132.743
132.769
132.794
132.819
132.845
132.87
132.895
132.921
132.946
132.971
132.997
133.022
133.047
133.073
133.098
133.123
133.149
133.174
133.199
133.225
133.25
133.275
133.301
133.326
133.351
133.377
133.402
133.427
133.453
133.478
133.503
133.529
133.554
133.579
133.605
133.63
133.656
133.681
133.706
133.732
133.757
133.782
133.808
133.833
133.858
133.884
133.909
133.934
133.96
133.985
134.01
134.036
134.061
134.086
134.112
134.137
134.162
134.188
134.213
134.238
134.264
134.289
134.314
134.34
134.365
134.39
134.416
134.441
134.466
134.492
134.517
134.542
134.568
134.593
134.618
134.644
134.669
134.694
134.72
134.745
134.77
134.796
134.821
134.846
134.872
134.897
134.922
134.948
134.973
134.998
135.024
135.049
135.074
135.1
135.125
135.15
135.176
135.201
135.226
135.252
135.277
135.302
135.328
135.353
135.378
135.404
135.429
135.454
135.48
135.505
135.53
135.556
135.581
135.606
135.632
135.657
135.682
135.708
135.733
135.758
135.784
135.809
135.834
135.86
135.885
135.91
135.936
135.961
135.986
136.012
136.037
136.062
136.088
136.113
136.138
136.164
136.189
136.214
136.24
136.265
136.29
136.316
136.341
136.366
136.392
136.417
136.443
136.468
136.493
136.519
136.544
136.569
136.595
136.62
136.645
136.67
136.696
136.721
136.746
136.772
136.797
136.822
136.848
136.873
136.898
136.924
136.949
136.974
137
137.025
137.05
137.076
137.101
137.127
137.152
137.177
137.203
137.228
137.253
137.279
137.304
137.329
137.355
137.38
137.405
137.431
137.456
137.481
137.507
137.532
137.557
137.583
137.608
137.633
137.659
137.684
137.709
137.735
137.76
137.785
137.811
137.836
137.861
137.887
137.912
137.937
137.963
137.988
138.013
138.039
138.064
138.089
138.115
138.14
138.165
138.191
138.216
138.241
138.267
138.292
138.317
138.343
138.368
138.393
138.419
138.444
138.469
138.495
138.52
138.545
138.571
138.596
138.621
138.647
138.672
138.697
138.723
138.748
138.773
138.799
138.824
138.85
138.875
138.9
138.926
138.951
138.976
139.002
139.027
139.052
139.078
139.103
139.128
139.154
139.179
139.204
139.23
139.255
139.28
139.306
139.331
139.356
139.382
139.407
139.432
139.458
139.483
139.508
139.534
139.559
139.584
139.61
139.635
139.66
139.686
139.711
139.736
139.762
139.787
139.812
139.838
139.863
139.888
139.914
139.939
139.964
139.99
140.015
140.04
140.066
140.091
140.116
140.141
140.167
140.192
140.217
140.243
140.268
140.293
140.319
140.344
140.369
140.395
140.42
140.445
140.471
140.496
140.521
140.547
140.572
140.597
140.623
140.648
140.673
140.699
140.724
140.749
140.775
140.8
140.826
140.851
140.876
140.902
140.927
140.952
140.978
141.003
141.028
141.054
141.079
141.104
141.13
141.155
141.18
141.206
141.231
141.256
141.282
141.307
141.332
141.358
141.383
141.408
141.434
141.459
141.484
141.51
141.535
141.56
141.586
141.611
141.636
141.662
141.687
141.712
141.738
141.763
141.788
141.814
141.839
141.864
141.89
141.915
141.94
141.966
141.991
142.017
142.042
142.067
142.093
142.118
142.143
142.169
142.194
142.219
142.245
142.27
142.295
142.321
142.346
142.371
142.397
142.422
142.448
142.473
142.498
142.524
142.549
142.574
142.6
142.625
142.65
142.676
142.701
142.726
142.752
142.777
142.802
142.828
142.853
142.878
142.904
142.929
142.954
142.98
143.005
143.03
143.056
143.081
143.106
143.132
143.157
143.182
143.208
143.233
143.258
143.284
143.309
143.334
143.36
143.385
143.41
143.436
143.461
143.486
143.512
143.537
143.562
143.588
143.613
143.639
143.664
143.689
143.715
143.74
143.765
143.791
143.816
143.841
143.867
143.892
143.917
143.943
143.968
143.993
144.019
144.044
144.069
144.095
144.12
144.146
144.171
144.196
144.222
144.247
144.272
144.298
144.323
144.348
144.374
144.399
144.424
144.45
144.475
144.5
144.526
144.551
144.576
144.602
144.627
144.652
144.678
144.703
144.728
144.754
144.779
144.804
144.83
144.855
144.881
144.906
144.931
144.957
144.982
145.007
145.033
145.058
145.083
145.109
145.134
145.159
145.185
145.21
145.235
145.261
145.286
145.311
145.337
145.362
145.387
145.413
145.438
145.463
145.489
145.514
145.539
145.565
145.59
145.615
145.641
145.666
145.691
145.717
145.742
145.767
145.793
145.818
145.843
145.869
145.894
145.919
145.945
145.97
145.995
146.021
146.046
146.071
146.097
146.122
146.147
146.173
146.198
146.224
146.249
146.274
146.3
146.325
146.35
146.376
146.401
146.426
146.452
146.477
146.502
146.528
146.553
146.578
146.604
146.629
146.654
146.68
146.705
146.73
146.756
146.781
146.806
146.832
146.857
146.882
146.908
146.933
146.958
146.984
147.009
147.034
147.06
147.085
147.11
147.136
147.161
147.186
147.212
147.237
147.262
147.288
147.313
147.338
147.364
147.389
147.415
147.44
147.465
147.491
147.516
147.541
147.567
147.592
147.617
147.643
147.668
147.693
147.719
147.744
147.769
147.795
147.82
147.845
147.871
147.896
147.921
147.947
147.972
147.997
148.023
148.048
148.073
148.099
148.124
148.149
148.175
148.2
148.225
148.251
148.276
148.301
148.327
148.352
148.377
148.403
148.428
148.453
148.479
148.504
148.529
148.555
148.58
148.605
148.631
148.656
148.681
148.707
148.732
148.757
148.783
148.808
148.833
148.859
148.884
148.909
148.935
148.96
148.985
149.011
149.036
149.061
149.087
149.112
149.137
149.163
149.188
149.213
149.239
149.264
149.289
149.315
149.34
149.365
149.391
149.416
149.441
149.467
149.492
149.517
149.543
149.568
149.593
149.619
149.644
149.669
149.695
149.72
149.745
149.771
149.796
149.821
149.847
149.872
149.897
149.923
149.948
149.973
149.999
150.024
150.049
150.075
150.1
150.125
150.151
150.176
150.201
150.227
150.252
150.277
150.303
150.328
150.353
150.379
150.404
150.429
150.455
150.48
150.505
150.531
150.556
150.581
150.607
150.632
150.657
150.683
150.708
150.733
150.759
150.784
150.809
150.835
150.86
150.885
150.911
150.936
150.961
150.987
151.012
151.037
151.063
151.088
151.113
151.139
151.164
151.189
151.215
151.24
151.266
151.291
151.316
151.342
151.367
151.392
151.418
151.443
151.468
151.494
151.519
151.544
151.57
151.595
151.62
151.646
151.671
151.696
151.722
151.747
151.772
151.798
151.823
151.848
151.874
151.899
151.924
151.95
151.975
152
152.026
152.051
152.076
152.102
152.127
152.152
152.178
152.203
152.229
152.254
152.279
152.305
152.33
152.355
152.381
152.406
152.431
152.457
152.482
152.507
152.533
152.558
152.583
152.609
152.634
152.659
152.685
152.71
152.735
152.761
152.786
152.811
152.837
152.862
152.887
152.913
152.938
152.964
152.989
153.014
153.04
153.065
153.09
153.116
153.141
153.166
153.192
153.217
153.242
153.268
153.293
153.318
153.344
153.369
153.394
153.42
153.445
153.47
153.496
153.521
153.546
153.572
153.597
153.622
153.648
153.673
153.698
153.724
153.749
153.774
153.8
153.825
153.85
153.876
153.901
153.926
153.952
153.977
154.002
154.028
154.053
154.078
154.104
154.129
154.154
154.18
154.205
154.23
154.256
154.281
154.306
154.332
154.357
154.382
154.408
154.433
154.458
154.484
154.509
154.534
154.56
154.585
154.61
154.636
154.661
154.686
154.712
154.737
154.762
154.788
154.813
154.839
154.864
154.889
154.915
154.94
154.965
154.991
155.016
155.041
155.067
155.092
155.117
155.143
155.168
155.193
155.219
155.244
155.269
155.295
155.32
155.345
155.371
155.396
155.421
155.447
155.472
155.497
155.523
155.548
155.573
155.599
155.624
155.649
155.675
155.7
155.725
155.751
155.776
155.801
155.827
155.852
155.877
155.903
155.928
155.953
155.979
156.004
156.029
156.055
156.08
156.105
156.131
156.156
156.181
156.207
156.232
156.257
156.283
156.308
156.333
156.359
156.384
156.409
156.435
156.46
156.485
156.511
156.536
156.561
156.587
156.612
156.637
156.663
156.688
156.713
156.739
156.764
156.789
156.815
156.84
156.866
156.891
156.916
156.942
156.967
156.992
157.018
157.043
157.068
157.094
157.119
157.144
157.17
157.195
157.22
157.246
157.271
157.296
157.322
157.347
157.372
157.398
157.423
157.448
157.474
157.499
157.524
157.55
157.575
157.6
157.626
157.651
157.677
157.702
157.727
157.753
157.778
157.803
157.829
157.854
157.879
157.905
157.93
157.955
157.981
158.006
158.031
158.057
158.082
158.107
158.133
158.158
158.183
158.209
158.234
158.259
158.285
158.31
158.335
158.361
158.386
158.411
158.437
158.462
158.487
158.513
158.538
158.563
158.589
158.614
158.639
158.665
158.69
158.715
158.741
158.766
158.791
158.817
158.842
158.867
158.893
158.918
158.943
158.969
158.994
159.02
159.045
159.07
159.096
159.121
159.146
159.172
159.197
159.222
159.248
159.273
159.298
159.324
159.349
159.375
159.4
159.425
159.451
159.476
159.501
159.527
159.552
159.577
159.603
159.628
159.653
159.679
159.704
159.729
159.755
159.78
159.805
159.831
159.856
159.881
159.907
159.932
159.957
159.983
160.008
160.033
160.059
160.084
160.109
160.135
160.16
160.186
160.211
160.236
160.262
160.287
160.312
160.338
160.363
160.388
160.414
160.439
160.464
160.49
160.515
160.54
160.566
160.591
160.616
160.642
160.667
160.692
160.718
160.743
160.768
160.793
160.819
160.844
160.869
160.895
160.92
160.945
160.971
160.996
161.022
161.047
161.072
161.098
161.123
161.148
161.174
161.199
161.224
161.25
161.275
161.3
161.326
161.351
161.376
161.402
161.427
161.452
161.478
161.503
161.528
161.554
161.579
161.604
161.63
161.655
161.68
161.706
161.731
161.756
161.782
161.807
161.832
161.858
161.883
161.908
161.934
161.959
161.984
162.01
162.035
162.06
162.086
162.111
162.136
162.162
162.187
162.212
162.238
162.263
162.288
162.314
162.339
162.364
162.39
162.415
162.44
162.466
162.491
162.516
162.542
162.567
162.592
162.618
162.643
162.668
162.694
162.719
162.744
162.77
162.795
162.82
162.846
162.871
162.896
162.922
162.948
162.974
162.999
163.024
163.05
163.075
163.1
163.126
163.151
163.176
163.202
163.227
163.252
163.278
163.303
163.328
163.354
163.379
163.404
163.43
163.455
163.48
163.506
163.531
163.556
163.582
163.607
163.632
163.658
163.683
163.708
163.734
163.759
163.784
163.81
163.835
163.86
163.886
163.911
163.937
163.962
163.987
164.013
164.038
164.063
164.089
164.114
164.139
164.165
164.19
164.215
164.241
164.266
164.291
164.317
164.342
164.368
164.393
164.418
164.444
164.469
164.494
164.52
164.545
164.57
164.596
164.621
164.646
164.672
164.697
164.722
164.748
164.773
164.798
164.824
164.849
164.874
164.9
164.925
164.95
164.976
165.001
165.026
165.052
165.077
165.102
165.128
165.153
165.178
165.204
165.229
165.254
165.28
165.305
165.33
165.356
165.381
165.406
165.432
165.457
165.482
165.508
165.533
165.558
165.584
165.609
165.634
165.66
165.685
165.71
165.736
165.761
165.786
165.812
165.837
165.862
165.888
165.913
165.938
165.964
165.989
166.014
166.04
166.065
166.09
166.116
166.141
166.166
166.192
166.217
166.242
166.268
166.293
166.318
166.344
166.369
166.394
166.42
166.445
166.471
166.496
166.521
166.547
166.572
166.597
166.623
166.648
166.673
166.699
166.724
166.749
166.775
166.8
166.825
166.851
166.876
166.901
166.927
166.952
166.977
167.003
167.028
167.053
167.079
167.104
167.13
167.155
167.18
167.206
167.231
167.256
167.282
167.307
167.332
167.358
167.383
167.408
167.434
167.459
167.484
167.51
167.535
167.56
167.586
167.611
167.636
167.662
167.687
167.712
167.738
167.763
167.788
167.814
167.839
167.864
167.89
167.915
167.94
167.966
167.991
168.016
168.042
168.067
168.093
168.118
168.143
168.169
168.194
168.219
168.245
168.27
168.295
168.321
168.346
168.371
168.397
168.422
168.447
168.473
168.498
168.523
168.549
168.574
168.599
168.624
168.65
168.675
168.701
168.726
168.751
168.777
168.802
168.827
168.853
168.878
168.903
168.929
168.954
168.979
169.005
169.03
169.055
169.081
169.106
169.132
169.157
169.182
169.208
169.233
169.258
169.284
169.309
169.334
169.36
169.385
169.41
169.436
169.461
169.486
169.512
169.537
169.562
169.588
169.613
169.638
169.664
169.689
169.714
169.74
169.765
169.79
169.816
169.841
169.866
169.892
169.917
169.942
169.968
169.993
170.018
170.044
170.069
170.094
170.12
170.145
170.171
170.196
170.221
170.246
170.272
170.297
170.322
170.348
170.373
170.398
170.424
170.449
170.474
170.5
170.525
170.55
170.576
170.601
170.626
170.652
170.677
170.702
170.728
170.753
170.778
170.804
170.829
170.854
170.88
170.905
170.931
170.956
170.981
171.007
171.032
171.057
171.083
171.108
171.133
171.159
171.184
171.209
171.235
171.26
171.285
171.311
171.336
171.361
171.387
171.412
171.437
171.463
171.488
171.513
171.539
171.564
171.589
171.615
171.64
171.665
171.691
171.716
171.741
171.767
171.792
171.817
171.843
171.868
171.893
171.919
171.944
171.969
171.995
172.02
172.045
172.071
172.096
172.122
172.147
172.172
172.198
172.223
172.248
172.274
172.299
172.324
172.35
172.375
172.4
172.426
172.451
172.476
172.502
172.527
172.552
172.578
172.603
172.628
172.654
172.679
172.705
172.73
172.755
172.781
172.806
172.831
172.857
172.882
172.907
172.933
172.958
172.983
173.009
173.034
173.059
173.085
173.11
173.135
173.161
173.186
173.211
173.237
173.262
173.287
173.313
173.338
173.363
173.389
173.414
173.439
173.465
173.49
173.515
173.541
173.566
173.591
173.617
173.642
173.667
173.693
173.718
173.743
173.769
173.794
173.819
173.845
173.87
173.896
173.921
173.946
173.972
173.997
174.022
174.048
174.073
174.098
174.124
174.149
174.174
174.2
174.225
174.25
174.276
174.301
174.326
174.352
174.377
174.402
174.428
174.453
174.478
174.504
174.529
174.554
174.58
174.605
174.63
174.656
174.681
174.707
174.732
174.757
174.783
174.808
174.833
174.859
174.884
174.909
174.935
174.96
174.985
175.011
175.036
175.061
175.087
175.112
175.137
175.163
175.188
175.213
175.239
175.264
175.289
175.315
175.34
175.366
175.391
175.416
175.442
175.467
175.492
175.517
175.543
175.568
175.593
175.619
175.644
175.67
175.695
175.72
175.746
175.771
175.796
175.822
175.847
175.872
175.898
175.923
175.948
175.974
175.999
176.024
176.05
176.075
176.1
176.126
176.151
176.176
176.202
176.227
176.252
176.278
176.303
176.328
176.354
176.379
176.405
176.43
176.455
176.481
176.506
176.531
176.557
176.582
176.607
176.633
176.658
176.683
176.709
176.734
176.759
176.785
176.81
176.835
176.861
176.886
176.911
176.937
176.962
176.987
177.013
177.038
177.063
177.089
177.114
177.139
177.165
177.19
177.215
177.241
177.266
177.291
177.317
177.342
177.367
177.393
177.418
177.444
177.469
177.494
177.52
177.545
177.57
177.596
177.621
177.646
177.672
177.697
177.722
177.748
177.773
177.798
177.824
177.849
177.874
177.9
177.925
177.95
177.976
178.001
178.026
178.052
178.077
178.102
178.128
178.153
178.178
178.204
178.229
178.255
178.28
178.305
178.331
178.356
178.381
178.407
178.432
178.457
178.483
178.508
178.533
178.559
178.584
178.609
178.635
178.66
178.685
178.711
178.736
178.761
178.787
178.812
178.837
178.863
178.888
178.913
178.939
178.964
178.989
179.015
179.04
179.065
179.091
179.116
179.141
179.167
179.192
179.218
179.243
179.268
179.294
179.319
179.344
179.37
179.395
179.42
179.446
179.471
179.496
179.522
179.547
179.572
179.598
179.623
179.648
179.674
179.699
179.724
179.75
179.775
179.8
179.826
179.851
179.876
179.902
179.927
179.952
179.978
180.003
180.028
180.054
180.079
180.104
180.13
180.155
180.18
180.206
180.231
180.256
180.282
180.307
180.332
180.358
180.383
180.408
180.434
180.459
180.484
180.51
180.535
180.56
180.586
180.611
180.636
180.662
180.687
180.712
180.738
180.763
180.788
180.814
180.839
180.864
180.89
180.915
180.94
180.966
180.991
181.016
181.042
181.067
181.093
181.118
181.143
181.169
181.194
181.219
181.245
181.27
181.295
181.321
181.346
181.371
181.397
181.422
181.447
181.473
181.498
181.523
181.549
181.574
181.599
181.625
181.65
181.675
181.701
181.726
181.751
181.777
181.802
181.827
181.853
181.878
181.903
181.929
181.954
181.979
182.005
182.03
182.055
182.081
182.106
182.131
182.157
182.182
182.207
182.233
182.258
182.283
182.309
182.334
182.359
182.385
182.41
182.435
182.461
182.486
182.511
182.537
182.562
182.587
182.613
182.638
182.663
182.689
182.714
182.74
182.765
182.79
182.816
182.841
182.866
182.892
182.917
182.942
182.968
182.993
183.018
183.044
183.069
183.094
183.12
183.145
183.17
183.196
183.221
183.246
183.272
183.297
183.322
183.348
183.373
183.398
183.424
183.449
183.474
183.5
183.525
183.55
183.576
183.601
183.626
183.652
183.677
183.703
183.728
183.753
183.779
183.804
183.829
183.855
183.88
183.905
183.931
183.956
183.981
184.007
184.032
184.057
184.083
184.108
184.133
184.159
184.184
184.209
184.235
184.26
184.285
184.311
184.336
184.361
184.387
184.412
184.437
184.463
184.488
184.513
184.539
184.564
184.589
184.615
184.64
184.665
184.691
184.716
184.741
184.767
184.792
184.817
184.843
184.868
184.893
184.919
184.944
184.969
184.995
185.02
185.045
185.071
185.096
185.121
185.147
185.172
185.197
185.223
185.248
185.273
185.299
185.324
185.349
185.375
185.4
185.425
185.451
185.476
185.501
185.527
185.552
185.577
185.603
185.628
185.653
185.679
185.704
185.729
185.755
185.78
185.805
185.831
185.856
185.881
185.907
185.932
185.958
185.983
186.008
186.034
186.059
186.084
186.11
186.135
186.16
186.185
186.211
186.236
186.261
186.287
186.312
186.337
186.363
186.388
186.414
186.439
186.464
186.49
186.515
186.54
186.566
186.591
186.616
186.642
186.667
186.692
186.718
186.743
186.768
186.794
186.819
186.844
186.87
186.895
186.92
186.946
186.971
186.996
187.022
187.047
187.072
187.098
187.123
187.148
187.174
187.199
187.224
187.25
187.275
187.301
187.326
187.351
187.377
187.402
187.427
187.453
187.478
187.503
187.529
187.554
187.579
187.605
187.63
187.656
187.681
187.706
187.732
187.757
187.782
187.808
187.833
187.858
187.884
187.909
187.934
187.96
187.985
188.01
188.036
188.061
188.086
188.112
188.137
188.162
188.188
188.213
188.238
188.264
188.289
188.314
188.34
188.365
188.39
188.416
188.441
188.466
188.492
188.517
188.542
188.568
188.593
188.618
188.644
188.669
188.694
188.72
188.745
188.77
188.796
188.821
188.846
188.872
188.897
188.922
188.948
188.973
188.999
189.024
189.049
189.075
189.1
189.125
189.151
189.176
189.201
189.227
189.252
189.277
189.303
189.328
189.353
189.379
189.404
189.429
189.455
189.48
189.505
189.531
189.556
189.581
189.607
189.632
189.657
189.683
189.708
189.733
189.759
189.784
189.809
189.835
189.86
189.885
189.911
189.936
189.961
189.987
190.012
190.037
190.063
190.088
190.113
190.139
190.164
190.189
190.215
190.24
190.265
190.291
190.316
190.341
190.367
190.392
190.417
190.443
190.468
190.493
190.519
190.544
190.569
190.595
190.62
190.645
190.671
190.696
190.721
190.747
190.772
190.797
190.823
190.848
190.873
190.899
190.924
190.949
190.975
191
191.025
191.051
191.076
191.101
191.126
191.152
191.177
191.203
191.228
191.253
191.279
191.304
191.329
191.355
191.38
191.405
191.431
191.456
191.481
191.507
191.532
191.557
191.583
191.608
191.633
191.659
191.684
191.709
191.735
191.76
191.785
191.811
191.836
191.861
191.887
191.912
191.937
191.963
191.988
192.013
192.039
192.064
192.089
192.115
192.14
192.165
192.191
192.216
192.241
192.267
192.292
192.317
192.343
192.368
192.393
192.419
192.444
192.469
192.495
192.52
192.545
192.571
192.596
192.621
192.647
192.672
192.697
192.723
192.748
192.773
192.799
192.824
192.849
192.875
192.9
192.925
192.951
192.976
193.001
193.027
193.052
193.077
193.103
193.128
193.153
193.179
193.204
193.229
193.255
193.28
193.305
193.331
193.356
193.381
193.407
193.432
193.457
193.483
193.508
193.533
193.559
193.584
193.609
193.635
193.66
193.685
193.711
193.736
193.761
193.787
193.812
193.837
193.863
193.888
193.913
193.939
193.964
193.989
194.015
194.04
194.065
194.091
194.116
194.141
194.167
194.192
194.217
194.243
194.268
194.293
194.319
194.344
194.369
194.395
194.42
194.445
194.471
194.496
194.521
194.547
194.572
194.597
194.623
194.648
194.673
194.699
194.724
194.749
194.775
194.8
194.825
194.851
194.876
194.901
194.927
194.952
194.977
195.003
195.028
195.053
195.079
195.104
195.129
195.155
195.18
195.206
195.231
195.256
195.282
195.307
195.332
195.358
195.383
195.408
195.434
195.459
195.484
195.51
195.535
195.56
195.586
195.611
195.636
195.662
195.687
195.712
195.738
195.763
195.789
195.814
195.839
195.865
195.89
195.915
195.941
195.966
195.991
196.017
196.042
196.067
196.093
196.118
196.143
196.169
196.194
196.219
196.245
196.27
196.295
196.321
196.346
196.371
196.397
196.422
196.447
196.473
196.498
196.524
196.549
196.574
196.6
196.625
196.65
196.676
196.701
196.726
196.752
196.777
196.802
196.828
196.853
196.878
196.904
196.929
196.954
196.98
197.005
197.03
197.056
197.081
197.106
197.132
197.157
197.182
197.208
197.233
197.258
197.284
197.309
197.334
197.36
197.385
197.41
197.436
197.461
197.486
197.512
197.537
197.562
197.588
197.613
197.638
197.664
197.689
197.715
197.74
197.765
197.791
197.816
197.841
197.867
197.892
197.917
197.943
197.968
197.993
198.019
198.044
198.069
198.095
198.12
198.145
198.171
198.196
198.221
198.247
198.272
198.297
198.323
198.348
198.373
198.399
198.424
198.449
198.475
198.5
198.525
198.551
198.576
198.602
198.627
198.652
198.678
198.703
198.728
198.754
198.779
198.804
198.83
198.855
198.88
198.906
198.931
198.956
198.982
199.007
199.032
199.058
199.083
199.108
199.134
199.159
199.184
199.21
199.235
199.26
199.286
199.311
199.336
199.362
199.387
199.412
199.438
199.463
199.488
199.514
199.539
199.564
199.59
199.615
199.64
199.666
199.691
199.716
199.742
199.767
199.792
199.818
199.843
199.868
199.894
199.919
199.944
199.97
199.995
200.02
200.046
200.071
200.096
200.122
200.147
200.172
200.198
200.223
200.248
200.274
200.299
200.324
200.35
200.375
200.4
200.426
200.451
200.476
200.502
200.527
200.552
200.578
200.603
200.628
200.654
200.679
200.704
200.729
200.755
200.78
200.806
200.831
200.856
200.881
200.907
200.932
200.957
200.983
201.008
201.033
201.059
201.084
201.109
201.134
201.16
201.185
201.21
201.236
201.261
201.286
201.312
201.337
201.362
201.388
201.413
201.438
201.463
201.489
201.514
201.539
201.565
201.59
201.615
201.641
201.666
201.691
201.716
201.742
201.767
201.792
201.818
201.843
201.868
201.894
201.919
201.944
201.97
201.995
202.02
202.045
202.071
202.096
202.121
202.146
202.172
202.197
202.222
202.248
202.273
202.298
202.323
202.349
202.374
202.399
202.425
202.45
202.475
202.5
202.526
202.551
202.576
202.602
202.627
202.652
202.678
202.703
202.728
202.754
202.779
202.804
202.829
202.855
202.88
202.905
202.931
202.956
202.981
203.007
203.032
203.057
203.082
203.108
203.133
203.158
203.184
203.209
203.234
203.26
203.285
203.31
203.336
203.361
203.386
203.411
203.437
203.462
203.487
203.513
203.538
203.563
203.588
203.614
203.639
203.664
203.69
203.715
203.74
203.766
203.791
203.816
203.842
203.867
203.892
203.917
203.943
203.968
203.993
204.019
204.044
204.069
204.095
204.12
204.145
204.171
204.196
204.221
204.247
204.272
204.297
204.323
204.348
204.373
204.399
204.424
204.449
204.475
204.5
204.525
204.551
204.576
204.601
204.627
204.652
204.677
204.702
204.728
204.753
204.778
204.804
204.829
204.854
204.88
204.905
204.93
204.956
204.981
205.006
205.031
205.057
205.082
205.107
205.133
205.158
205.183
205.209
205.234
205.259
205.285
205.31
205.335
205.361
205.386
205.411
205.436
205.462
205.487
205.512
205.538
205.563
205.588
205.614
205.639
205.664
205.69
205.715
205.74
205.766
205.791
205.816
205.842
205.867
205.892
205.917
205.943
205.968
205.993
206.019
206.044
206.069
206.095
206.12
206.145
206.17
206.196
206.221
206.246
206.272
206.297
206.322
206.348
206.373
206.398
206.424
206.449
206.474
206.5
206.525
206.55
206.576
206.601
206.626
206.652
206.677
206.702
206.728
206.753
206.778
206.803
206.829
206.854
206.879
206.905
206.93
206.955
206.981
207.006
207.031
207.057
207.082
207.107
207.132
207.158
207.183
207.208
207.234
207.259
207.284
207.31
207.335
207.36
207.386
207.411
207.436
207.462
207.487
207.512
207.537
207.563
207.588
207.613
207.639
207.664
207.689
207.715
207.74
207.765
207.79
207.816
207.841
207.866
207.892
207.917
207.942
207.968
207.993
208.018
208.044
208.069
208.094
208.12
208.145
208.17
208.196
208.221
208.246
208.271
208.297
208.322
208.347
208.373
208.398
208.423
208.449
208.474
208.499
208.525
208.55
208.575
208.6
208.626
208.651
208.676
208.702
208.727
208.752
208.777
208.803
208.828
208.853
208.879
208.904
208.929
208.955
208.98
209.005
209.03
209.056
209.081
209.106
209.132
209.157
209.182
209.208
209.233
209.258
209.283
209.309
209.334
209.359
209.385
209.41
209.435
209.461
209.486
209.511
209.537
209.562
209.587
209.612
209.638
209.663
209.688
209.714
209.739
209.764
209.79
209.815
209.84
209.866
209.891
209.916
209.942
209.967
209.992
210.017
210.043
210.068
210.093
210.119
210.144
210.169
210.195
210.22
210.245
210.27
210.296
210.321
210.346
210.372
210.397
210.422
210.447
210.473
210.498
210.523
210.549
210.574
210.599
210.624
210.65
210.675
210.7
210.726
210.751
210.776
210.801
210.827
210.852
210.877
210.902
210.928
210.953
210.978
211.003
211.029
211.054
211.079
211.104
211.129
211.154
211.18
211.205
211.23
211.255
211.28
211.305
211.331
211.356
211.381
211.406
211.431
211.456
211.482
211.507
211.532
211.557
211.582
211.608
211.633
211.658
211.683
211.708
211.733
211.759
211.784
211.809
211.834
211.859
211.884
211.91
211.935
211.96
211.985
212.01
212.036
212.061
212.086
212.111
212.136
212.162
212.187
212.212
212.237
212.262
212.287
212.313
212.338
212.363
212.388
212.413
212.439
212.464
212.489
212.514
212.539
212.564
212.59
212.615
212.64
212.665
212.69
212.715
212.741
212.766
212.791
212.816
212.841
212.867
212.892
212.917
212.942
212.967
212.992
213.018
213.043
213.068
213.093
213.118
213.143
213.169
213.194
213.219
213.244
213.269
213.295
213.32
213.345
213.37
213.395
213.42
213.446
213.471
213.496
213.521
213.546
213.572
213.597
213.622
213.647
213.672
213.697
213.723
213.748
213.773
213.798
213.823
213.848
213.874
213.899
213.924
213.949
213.974
214
214.025
214.05
214.075
214.1
214.125
214.151
214.176
214.201
214.226
214.251
214.277
214.302
214.327
214.352
214.377
214.402
214.428
214.453
214.478
214.503
214.528
214.553
214.579
214.604
214.629
214.654
214.679
214.705
214.73
214.755
214.78
214.805
214.83
214.856
214.881
214.906
214.931
214.956
214.981
215.007
215.032
215.057
215.082
215.107
215.132
215.158
215.183
215.208
215.233
215.258
215.284
215.309
215.334
215.359
215.384
215.409
215.435
215.46
215.485
215.51
215.535
215.56
215.586
215.611
215.636
215.661
215.686
215.712
215.737
215.762
215.787
215.812
215.837
215.863
215.888
215.913
215.938
215.963
