121.805
356.54
418.503
494.389
445.395
516.029
546.393
555.324
555.822
560.535
558.022
557.995
557.935
557.851
557.739
557.597
557.431
557.236
557.017
556.773
555.613
554.984
554.677
554.349
553.995
552.757
552.212
550.951
550.362
549.068
548.53
548.045
547.539
547.007
546.448
545.865
545.251
543.814
542.418
541.689
540.999
540.287
538.767
537.786
537.01
536.207
535.38
534.523
533.64
531.982
530.988
530.045
528.36
527.204
525.516
523.822
522.693
521.701
520.694
519.68
518.652
517.621
516.579
514.844
513.679
511.945
510.158
509.049
508.004
506.957
505.883
504.821
503.76
502.675
501.598
500.524
499.463
497.752
496.059
494.875
493.886
492.911
491.965
491.043
490.153
489.301
488.483
487.706
486.966
486.265
485.606
484.983
483.703
482.443
481.103
479.845
477.871
475.893
474.446
473.478
472.728
472.016
471.307
470.822
470.374
469.579
468.301
467.71
467.967
468.627
468.378
468.878
469.527
470.33
470.267
471.025
470.915
471.453
471.288
471.099
471.64
472.307
472.947
472.667
473.163
473.715
474.232
474.698
474.267
474.535
474.929
474.428
474.647
474.11
473.322
472.486
471.698
471.108
470.477
470.537
469.888
469.968
470.097
469.377
469.232
468.467
467.536
467.395
466.573
466.242
465.389
464.456
463.508
462.618
461.491
460.369
459.456
459.166
458.224
457.2
456.23
455.261
454.285
453.834
453.57
452.561
451.394
450.957
449.922
449.524
448.464
447.403
446.348
445.286
444.231
443.081
441.631
440.617
439.603
438.576
437.396
436.231
435.745
435.455
434.49
434.092
433.147
432.831
432.593
431.685
431.252
431.036
430.145
429.258
428.336
427.984
427.119
426.475
425.875
425.277
424.699
424.275
424.544
424.251
424.503
424.214
423.68
423.832
423.361
423.518
423.225
423.697
424.262
424.803
425.343
425.974
426.772
427.562
428.327
429.075
429.022
429.615
430.309
430.97
430.902
431.435
432.024
432.725
433.543
434.326
435.065
435.744
436.396
437.025
436.83
437.563
437.6
437.209
436.087
436.23
436.074
435.855
436.455
436.325
436.374
436.911
437.476
438.009
437.706
437.339
436.994
435.734
434.636
434.652
434.294
433.626
433.292
433.436
433.745
434.025
434.275
434.499
434.689
434.85
434.986
435.098
435.183
435.241
435.277
434.545
434.456
434.432
433.65
433.378
433.3
433.206
433.099
432.976
432.84
432.692
432.537
432.382
432.221
431.337
430.3
429.477
428.625
427.758
426.891
426.055
425.232
424.865
424.749
424.633
423.809
423.589
423.49
423.375
423.197
423.036
423.144
423.538
423.935
424.325
424.044
423.583
423.22
422.836
422.429
421.345
420.13
419.517
419.097
419.284
419.759
420.377
420.967
421.525
422.069
422.708
423.493
424.255
424.089
424.517
425.256
425.976
426.675
425.695
424.661
424.899
424.638
424.764
425.395
426.24
426.252
425.363
425.479
426.29
427.07
427.809
427.717
428.262
428.895
429.499
430.074
430.764
431.538
431.517
431.767
432.452
433.096
433.705
433.476
433.175
433.463
433.96
434.424
434.849
435.246
435.611
435.943
436.22
435.661
434.994
434.47
434.197
434.372
434.549
434.704
434.156
433.571
432.73
432.467
432.534
432.573
432.593
432.585
432.566
432.527
432.462
432.379
432.283
432.169
432.042
431.904
431.755
431.606
430.78
429.945
429.715
429.562
428.708
428.106
427.936
427.083
426.835
426.727
426.618
426.516
426.414
426.297
426.175
426.051
425.306
425.338
425.478
425.615
425.764
426.144
426.509
426.851
427.183
426.701
426.418
426.89
427.479
428.05
428.594
429.105
429.581
430.038
430.516
431.227
431.931
432.61
433.268
433.114
433.652
434.267
434.867
435.448
436.001
436.523
437.007
437.472
437.977
438.689
439.372
440.023
439.821
439.68
440.03
440.575
441.083
441.55
441.206
441.741
442.401
443.024
443.616
444.165
444.679
445.157
445.598
446.01
446.382
446.721
447.031
447.311
447.553
447.772
447.963
448.119
448.25
448.354
448.43
448.482
448.507
448.485
448.458
448.402
448.321
448.226
448.111
447.97
447.806
447.619
447.417
447.193
446.954
446.701
446.434
446.159
445.872
445.581
445.282
444.979
444.677
444.375
444.075
443.775
443.475
443.18
442.891
442.614
441.646
440.694
440.296
440.054
439.8
439.545
439.293
439.116
439.138
439.146
439.147
439.18
439.45
439.7
439.923
440.126
440.336
440.739
441.192
441.617
441.223
440.454
440.663
440.19
439.974
440.531
441.14
440.933
441.328
441.9
442.46
443.001
443.529
444.04
444.534
445.01
445.468
445.9
446.294
446.664
447.014
447.42
448.003
448.552
449.061
449.525
449.957
450.381
451.015
451.635
452.215
452.759
453.25
453.719
453.391
453.604
453.986
454.334
454.648
454.921
455.146
455.358
454.816
454.786
454.153
454.05
454.145
454.208
454.246
454.258
454.25
453.452
452.637
451.808
451.544
450.679
450.122
450.004
449.862
449.705
449.527
449.326
449.114
448.158
447.707
447.458
447.198
446.923
446.636
446.34
446.039
445.733
445.424
445.109
444.79
444.473
444.165
443.865
443.574
443.296
443.026
442.763
442.512
442.267
442.022
441.77
441.507
441.239
441.145
441.422
441.692
441.959
442.216
442.464
442.694
442.904
443.078
443.214
443.316
443.418
443.781
444.397
444.992
445.572
445.346
445.834
446.369
446.891
447.401
447.896
448.377
448.813
449.274
449.72
450.147
450.559
450.953
451.318
451.648
451.945
452.221
452.541
453.029
453.473
453.885
453.488
453.08
452.888
453.147
453.722
454.262
454.769
454.447
454.108
454.465
454.85
455.201
454.676
454.476
454.737
454.234
453.461
453.054
453.127
453.288
453.416
453.51
452.809
452.64
452.668
452.668
452.644
452.598
452.532
452.441
452.33
452.199
452.04
451.861
451.667
451.453
451.219
450.966
450.699
450.415
449.411
448.944
448.638
448.329
447.295
446.678
446.358
446.032
444.987
444.486
444.18
443.88
442.872
442.459
442.181
441.921
441.673
441.424
440.479
440.043
439.808
439.564
439.332
438.412
437.612
437.832
437.384
435.99
434.439
433.892
434.046
434.328
434.563
433.848
434.056
433.642
433.242
433.699
434.432
435.14
435.826
435.703
436.299
436.16
436.725
437.337
437.165
437.516
437.328
437.726
438.264
438.773
439.243
439.686
440.107
440.547
441.215
441.863
442.486
443.087
443.659
444.202
444.716
445.198
445.643
446.044
446.402
446.727
447.056
447.612
448.13
448.611
449.059
449.467
449.837
450.168
450.467
450.735
450.972
451.176
451.345
451.481
451.591
451.667
451.714
451.742
451.044
450.241
449.775
449.037
448.894
448.823
448.73
448.617
448.487
448.334
448.166
447.978
447.765
447.539
447.29
447.026
446.751
446.458
446.139
445.828
445.514
445.187
444.854
444.528
444.216
443.912
443.611
443.324
443.047
442.774
442.516
442.269
442.032
441.818
440.896
440.247
440.016
439.789
438.866
437.969
437.888
437.928
437.96
438.105
438.364
438.603
438.901
439.373
439.844
439.542
440.171
440.866
441.542
442.187
442.806
443.409
443.989
444.554
445.108
445.641
446.151
446.639
447.099
447.511
447.035
447.281
447.71
448.353
448.971
449.566
450.139
450.685
451.197
450.845
451.163
451.607
452.011
452.374
452.695
452.998
452.652
452.974
453.47
453.932
454.352
454.743
455.094
455.404
455.68
455.924
456.135
456.308
456.45
456.559
455.932
455.933
455.977
455.972
455.958
455.92
455.858
455.77
454.965
454.713
454.575
454.413
454.228
454.026
453.802
453.556
453.295
453.015
452.718
452.397
451.389
450.98
450.624
450.251
449.869
449.483
449.084
448.684
448.285
447.888
446.821
445.788
444.748
443.53
442.41
441.986
441.709
441.448
441.206
440.969
440.74
440.53
440.328
440.109
439.874
439.637
438.71
437.918
437.868
437.315
437.392
437.66
438.016
437.724
437.584
437.226
437.613
438.082
438.793
439.486
440.161
440.813
441.451
441.149
441.593
442.196
442.781
443.343
443.884
444.396
444.864
445.316
445.763
446.387
447.064
447.71
448.33
448.062
448.401
448.933
448.577
448.899
449.33
449.955
450.614
450.412
450.916
450.633
450.277
449.906
449.515
449.102
448.85
449.135
449.526
449.879
450.202
450.49
450.741
450.964
450.289
450.312
450.454
450.568
450.654
450.716
450.753
450.068
449.316
449.162
449.116
449.048
448.953
448.84
448.705
448.547
448.37
448.168
447.946
447.707
447.45
447.176
446.165
444.538
443.901
443.605
443.278
442.972
442.66
442.34
441.363
440.985
440.679
440.377
440.084
439.796
439.517
439.26
439.015
438.773
438.547
438.322
438.091
437.853
437.602
437.354
437.153
436.402
436.344
436.485
436.763
437.027
437.295
436.927
437.27
437.783
438.264
437.781
437.751
438.186
438.679
439.351
440.02
440.668
440.512
440.978
441.577
441.272
441.416
441.939
442.439
442.944
442.839
443.291
444.01
443.915
444.515
444.38
444.928
444.763
444.574
444.921
444.68
444.204
443.557
443.255
443.619
443.219
442.662
443.021
443.644
444.23
444.78
445.288
444.905
443.676
442.466
441.851
442.06
442.444
442.794
443.112
443.396
443.651
443.872
444.063
444.226
444.353
444.445
444.512
444.558
444.577
444.575
443.779
442.948
442.126
441.799
441.716
441.614
441.492
441.348
440.51
439.393
437.788
436.691
436.265
436.081
435.888
435.674
435.456
435.226
434.286
433.774
432.891
431.953
431.546
431.346
430.505
429.626
428.933
428.063
427.213
426.717
426.586
425.733
425.083
424.947
424.822
424.093
423.968
424.107
424.252
423.57
423.071
423.5
423.952
424.392
424.824
425.241
425.627
425.974
426.29
426.611
427.169
427.016
426.156
426.331
427.143
427.929
428.677
429.384
430.05
430.691
431.325
432.152
433.001
433.823
433.865
434.58
435.329
436.061
436.76
437.437
438.091
438.717
439.319
439.894
440.445
440.96
441.444
441.882
442.278
442.637
442.965
443.291
443.844
444.357
444.836
445.278
445.69
445.33
445.551
445.872
446.157
445.702
445.866
446.077
446.253
446.395
446.509
446.588
446.642
446.667
446.67
446.654
446.616
446.549
446.458
446.341
446.178
446.022
445.847
445.652
445.44
445.215
444.209
443.328
442.899
442.633
442.36
441.37
440.95
440.672
440.39
440.109
439.149
438.143
437.497
437.233
436.982
436.731
436.495
436.264
436.034
435.82
435.607
435.391
434.507
433.613
433.346
432.548
431.953
431.489
431.535
431.636
431.825
432.187
432.519
432.815
433.085
433.441
433.19
433.138
433.691
434.445
435.205
435.168
435.734
435.522
435.605
435.448
436.007
436.605
437.17
437.716
438.399
439.172
439.91
439.853
439.643
439.477
438.503
438.049
438.472
439.117
438.118
438.156
438.749
439.321
439.863
440.38
440.867
441.318
441.724
441.355
440.868
440.806
440.368
440.698
440.351
439.807
440.035
440.487
440.904
440.394
440.584
440.909
441.204
441.47
441.698
441.184
440.545
439.891
439.226
438.06
437.28
437.318
437.412
437.49
436.561
436.181
436.208
436.215
435.526
435.439
435.393
434.899
433.905
432.904
432.625
431.274
429.803
428.915
428.8
428.68
427.894
427.586
427.447
427.303
427.158
427.015
426.158
425.336
425.172
425.084
424.996
424.924
424.161
422.738
422.114
421.386
420.661
420.255
420.219
420.174
420.127
420.166
419.551
419.124
419.499
419.982
420.444
420.892
421.323
421.849
422.508
423.137
423.758
424.476
425.337
426.167
426.976
427.757
428.52
429.261
429.066
429.508
430.168
430.759
431.34
431.91
432.582
433.384
434.16
434.91
435.627
436.319
436.987
437.632
438.248
438.836
439.39
439.933
440.45
440.937
441.397
441.832
442.23
442.584
442.893
443.167
443.437
443.898
444.359
444.785
445.174
445.53
445.853
446.144
445.667
445.164
445.182
445.379
445.526
444.937
444.351
443.933
443.912
443.189
442.454
442.259
441.569
440.693
440.318
440.287
440.232
440.157
440.059
439.939
439.799
439.644
439.473
438.621
438.312
438.1
437.875
436.972
436.444
436.215
435.978
435.742
435.512
435.282
435.055
434.842
433.979
433.008
432.103
431.704
431.55
430.734
429.914
428.983
428.8
427.988
427.796
427.689
427.738
427.207
426.685
426.668
426.776
426.933
427.531
428.187
428.823
429.451
430.059
430.646
431.2
431.724
431.417
431.848
432.386
433.127
433.835
434.507
435.132
435.721
436.298
436.199
436.243
436.239
436.656
437.403
438.13
438.825
438.696
439.223
439.848
440.45
441.03
441.586
442.117
442.627
443.107
443.563
443.989
444.385
444.741
445.051
445.321
445.557
445.029
445.217
445.658
446.063
446.438
446.776
447.083
447.353
446.818
446.803
446.996
447.158
447.294
446.848
446.934
447.003
447.045
447.053
447.038
447.003
446.174
445.263
444.75
443.973
443.091
442.198
441.738
441.598
441.435
441.253
441.062
440.854
439.985
439.395
439.171
438.938
438.702
437.802
437.397
437.173
436.954
436.738
436.529
435.636
435.376
434.504
434.15
433.985
433.167
431.877
431.291
430.451
430.216
430.059
429.98
430.1
430.2
429.596
428.965
428.987
429.33
429.746
430.356
430.96
431.553
431.308
430.884
430.757
430.876
431.429
431.14
431.387
431.882
432.345
432.771
433.18
432.919
433.366
433.971
434.707
435.541
436.341
437.111
437.853
438.564
439.254
439.92
440.559
441.17
441.762
442.329
442.869
443.386
442.986
443.299
443.752
443.291
443.607
443.089
443.322
443.615
443.903
444.392
444.873
444.515
444.782
445.175
445.534
445.073
445.305
445.587
445.838
446.04
446.232
446.398
445.834
444.976
444.336
442.909
441.491
440.621
440.086
439.383
438.912
438.941
438.953
438.185
437.841
437.044
436.764
436.03
435.242
434.805
434.695
433.833
432.955
432.738
432.595
431.704
430.881
429.993
429.121
428.883
428.045
427.892
427.809
427.727
427.654
427.589
427.524
426.756
426.588
426.536
425.793
425.663
425.589
425.512
424.742
424.051
423.377
422.881
422.656
423.006
423.686
424.358
424.072
423.911
423.976
423.679
424.135
424.753
424.683
425.192
425.746
426.265
426.771
427.363
428.117
428.851
429.561
429.454
430.043
429.818
429.68
430.04
430.621
430.412
429.955
430.058
430.724
431.491
432.208
432.91
432.767
433.14
433.778
434.398
434.995
435.57
436.115
436.633
437.114
436.724
436.29
436.231
435.822
435.788
436.333
436.901
437.431
437.924
438.379
438.068
438.226
438.601
438.943
438.531
438.751
439.01
439.24
439.439
439.616
439.764
439.884
439.269
438.861
438.926
438.274
437.981
437.313
436.435
435.519
435.302
435.256
434.521
434.144
434.053
433.943
433.814
433.676
433.526
433.364
433.196
432.367
431.516
431.284
431.104
430.919
430.743
430.574
430.405
429.577
429.3
428.477
428.061
427.92
427.767
427.615
427.461
427.338
427.446
427.592
427.723
427.837
427.948
428.064
428.31
428.695
429.059
428.566
428.752
429.066
428.643
429.145
429.681
430.2
430.75
431.523
432.268
432.993
433.694
433.465
433.226
433.058
432.879
432.146
432.166
431.841
432.199
432.007
432.445
433.267
433.193
433.099
432.998
432.838
432.808
433.307
434.006
434.668
434.446
434.946
435.483
436.01
435.856
435.923
435.815
435.547
435.684
436.329
436.94
437.517
438.055
437.719
437.9
438.355
438.779
439.166
438.752
438.816
439.013
439.283
439.526
438.938
438.38
437.991
438.134
437.522
436.902
436.923
436.989
437.03
437.04
437.03
436.302
436.143
436.095
436.019
435.933
435.829
435.709
434.899
434.344
434.193
434.042
433.875
433.699
433.517
433.329
433.11
432.254
431.877
431.663
431.446
431.218
430.969
430.714
430.446
430.211
430.181
430.218
430.263
429.613
428.97
428.334
428.03
428.119
427.517
427.446
427.559
427.675
427.793
427.89
427.264
427.283
427.388
427.61
428.218
428.796
428.516
428.919
429.437
429.984
430.758
431.507
432.218
432.887
433.528
433.361
433.879
434.754
434.692
435.37
435.382
436.087
436.856
437.596
438.312
438.992
439.643
439.469
439.913
440.469
440.207
440.632
441.091
441.556
442.231
441.987
441.588
442.018
442.592
443.133
442.832
442.959
443.416
443.837
444.224
443.81
444.017
444.328
444.611
444.859
445.074
445.257
445.212
444.516
444.466
444.527
443.059
442.687
442.715
442.712
442.682
442.631
442.553
442.457
442.348
442.22
442.084
441.938
441.777
441.609
441.434
441.237
441.047
440.844
440.631
440.411
440.179
439.933
438.969
438.501
438.209
437.195
436.741
435.726
434.451
433.707
433.628
433.622
432.782
432.212
432.226
431.573
431.483
430.851
430.851
430.924
430.314
429.53
429.422
429.5
429.583
429.696
430.039
429.698
429.997
429.633
429.77
430.079
430.359
429.944
429.717
429.33
429.394
430.033
430.735
431.561
431.672
432.394
432.454
433.142
433.96
433.944
433.669
434.097
434.834
434.657
434.472
434.375
434.264
434.359
434.984
435.585
436.159
436.711
436.398
436.666
437.153
437.616
438.042
438.423
438.764
438.31
437.897
437.213
436.63
436.6
437.107
437.578
438.02
438.426
438.801
438.368
438.498
438.793
439.052
439.285
439.483
439.652
439.79
439.156
439.175
438.537
438.409
438.452
438.478
438.489
438.479
438.454
437.626
436.799
436.534
436.488
436.429
436.367
436.291
435.521
435.363
434.578
434.395
434.259
434.084
433.888
433.68
433.535
432.931
432.864
432.904
432.934
432.954
432.969
432.979
432.983
432.981
432.982
432.987
432.999
433.025
433.063
433.12
433.178
432.559
432.525
432.608
432.684
432.748
432.794
432.825
432.861
432.243
432.337
432.835
433.606
433.406
434.032
434.751
435.434
436.073
436.673
436.31
436.62
437.311
438.095
438.846
439.57
440.261
440.925
440.659
440.998
441.602
441.286
441.703
442.253
442.78
443.281
442.878
442.489
442.669
443.102
443.507
443.871
443.336
442.781
442.27
442.706
442.397
442.697
443.179
443.635
444.057
444.438
444.794
445.116
445.409
445.671
445.139
445.141
445.32
445.473
445.597
445.696
445.766
445.818
445.11
444.938
444.946
444.936
444.915
444.879
444.83
444.07
443.927
443.152
442.879
442.778
442.657
442.522
442.36
442.164
441.939
441.706
441.559
441.579
440.758
439.922
439.07
438.23
437.38
436.547
435.704
434.984
434.906
434.881
434.838
434.147
433.999
433.311
433.23
432.548
432.482
432.487
431.81
431.644
431.665
431.688
431.703
431.704
431.687
431.656
431.643
431.882
432.143
432.641
433.144
433.624
434.07
433.746
432.564
432.583
432.383
432.855
433.497
434.112
434.689
435.24
435.795
436.56
437.328
438.068
438.786
439.475
440.142
440.782
441.399
441.988
442.546
443.078
443.573
444.033
444.447
444.825
445.19
445.71
446.284
446.826
447.337
446.964
446.672
446.905
447.308
447.682
448.025
448.333
448.611
448.856
448.292
448.245
448.409
448.544
448.653
448.736
448.787
448.813
448.819
448.802
448.76
448.695
448.61
447.834
447.02
446.225
445.661
445.508
445.364
444.468
444.127
443.961
443.783
443.598
443.399
442.501
441.569
440.563
439.674
439.194
438.927
438.635
438.363
438.285
438.263
438.229
438.186
438.128
438.074
438.01
437.949
437.891
437.153
436.978
436.935
436.902
436.206
435.916
435.909
435.9
435.893
435.859
435.804
435.736
435.719
435.96
436.41
436.901
437.371
437.823
438.247
438.641
439.012
439.38
439.927
440.519
441.065
441.574
442.067
442.625
443.366
443.345
443.122
443.705
443.52
443.923
444.544
445.14
445.713
446.262
446.782
447.271
447.734
448.158
448.545
448.12
447.106
446.908
447.467
448.021
448.534
449.018
449.466
449.884
450.271
450.626
450.928
451.22
451.483
450.996
451.122
450.592
450.557
449.981
449.38
449.336
449.4
449.436
449.44
449.418
449.372
449.301
449.207
449.089
448.951
448.797
448.633
448.449
448.257
448.047
447.081
446.644
446.416
446.174
445.18
444.787
443.771
443.458
443.2
442.934
442.658
442.373
442.074
441.756
441.424
441.081
440.783
440.725
440.663
440.601
440.548
440.492
440.431
440.385
440.337
440.297
440.265
440.235
439.513
438.404
437.662
437.467
437.541
437.783
438.003
438.219
438.452
438.904
438.478
438.109
437.741
437.538
437.755
438.13
438.479
437.948
437.659
438.086
438.948
439.034
438.861
439.484
440.255
440.123
440.075
439.989
440.416
441.098
441.748
442.368
442.972
443.544
444.09
444.592
445.055
445.484
445.866
446.217
445.836
446.3
446.855
446.614
447.046
447.516
447.951
448.355
448.72
449.057
449.36
449.63
449.872
450.082
450.263
449.662
449.021
448.131
446.713
446.225
446.298
445.646
445.398
445.399
444.687
444.381
444.321
444.231
444.124
443.998
443.851
443.697
443.526
443.336
442.453
441.807
441.575
441.351
441.122
440.889
440.654
439.747
439.199
438.954
438.707
438.448
438.186
437.919
437.643
437.35
437.037
436.717
436.404
435.533
435.101
435.085
435.084
435.086
435.094
435.108
435.129
435.146
435.155
435.153
435.171
435.328
435.617
435.923
435.399
435.306
435.576
435.824
436.063
436.423
436.88
437.309
437.745
438.39
439.016
439.645
440.497
441.339
442.152
442.938
443.7
444.431
445.134
445.814
446.466
447.092
447.699
448.276
448.824
449.321
449.808
450.256
450.659
449.499
449.71
449.5
449.884
450.446
450.973
451.467
451.928
452.357
452.75
453.108
453.437
453.733
453.992
454.221
454.418
454.581
454.71
454.815
454.891
454.938
454.956
454.944
454.904
454.837
454.741
454.621
454.474
454.3
454.105
453.217
452.714
451.799
450.847
449.894
448.935
447.97
446.997
446.393
446.107
445.821
445.526
445.226
444.923
443.943
443.575
442.586
441.591
441.085
440.768
440.442
440.121
439.106
438.669
438.348
437.329
436.926
436.59
434.93
433.794
433.558
433.565
433.586
433.616
433.66
433.706
433.755
433.802
433.836
433.878
433.953
434.239
434.571
434.89
435.173
435.429
435.66
435.931
436.397
436.903
437.604
438.368
439.308
440.218
441.098
441.957
442.788
443.593
444.372
445.128
445.855
446.553
447.221
447.857
447.607
447.93
448.455
448.95
449.445
450.159
450.845
450.704
451.239
451.83
452.381
452.894
451.731
451.023
450.292
450.646
451.051
451.42
451.76
452.064
451.557
451.669
451.894
452.085
452.247
452.375
452.469
452.537
452.572
452.58
452.556
452.502
452.421
452.291
452.155
451.997
451.814
451.612
451.388
451.143
450.883
450.606
449.624
449.26
448.952
448.629
448.296
447.949
447.595
447.233
446.862
446.488
446.106
445.062
444.616
444.243
443.87
443.494
442.442
441.394
439.647
437.968
437.229
436.879
436.536
436.228
436.14
436.123
435.46
435.387
434.435
433.911
433.979
434.059
433.426
432.783
431.455
430.147
428.862
427.006
425.822
424.713
423.603
422.488
421.373
420.257
419.124
418.4
418.148
418.106
418.219
418.889
419.721
420.527
420.603
421.34
422.362
421.634
421.407
420.638
420.304
420.492
420.559
421.291
421.376
421.218
421.515
422.351
423.16
423.073
423.035
422.999
422.894
423.009
422.889
422.752
422.803
423.266
423.826
423.618
423.84
424.409
425.132
425
424.5
424.979
425.608
425.322
425.819
426.357
426.861
426.532
426.527
426.942
427.328
427.686
427.304
427.516
426.975
427.031
426.452
425.762
425.146
425.17
425.338
425.485
425.616
425.729
425.827
425.91
425.973
426.023
426.064
426.087
425.419
425.075
425.071
425.067
425.049
425.012
424.962
424.892
424.793
424.669
424.536
424.42
424.556
423.858
423.723
423.832
423.936
424.035
424.137
424.236
424.331
423.607
423.018
422.95
423.099
423.254
423.408
422.755
422.645
422.797
422.971
422.562
422.789
423.24
422.343
421.008
420.371
419.703
419.786
420.183
420.893
421.749
422.009
422.454
423.5
424.505
424.672
425.557
426.473
427.359
428.212
429.029
429.825
430.587
431.329
432.045
432.736
433.4
434.038
434.65
435.232
435.792
436.328
436.838
436.488
436.184
436.386
436.807
437.186
437.523
437.829
438.117
438.56
439.059
439.514
439.946
440.344
440.712
441.048
440.582
440.033
440.19
440.421
439.872
439.669
439.821
439.945
440.042
440.107
440.152
440.168
440.159
440.131
439.385
439.27
439.206
439.13
439.043
438.944
438.832
438.031
437.847
437.72
437.586
437.44
437.29
437.124
436.941
436.754
436.536
436.297
436.034
435.76
435.5
435.47
435.468
435.436
435.42
435.398
435.381
435.373
435.374
435.387
435.414
435.454
434.826
434.186
433.904
433.984
434.068
434.146
434.201
433.546
433.426
433.631
433.953
434.222
434.463
434.915
435.671
436.382
437.054
436.756
437.157
437.068
436.993
437.661
438.475
439.258
440.014
440.738
441.435
441.305
441.172
441.613
442.221
442.802
443.366
443.097
443.548
444.04
444.511
444.955
445.379
445.782
446.152
446.491
445.946
446.138
446.382
446.612
446.969
446.52
446.774
447.172
447.536
447.867
448.166
448.435
448.668
448.857
449.019
449.156
448.498
448.308
448.368
448.4
447.579
447.336
447.319
447.283
447.227
446.426
446.216
446.118
446.003
445.854
445.721
445.579
444.731
444.19
444.03
443.859
442.983
442.51
442.312
442.099
441.868
441.607
441.318
441.02
440.73
440.644
440.603
440.549
440.49
440.418
440.347
440.27
440.196
439.323
438.631
438.526
437.687
437.013
436.194
435.979
435.985
436.002
436.011
436.012
436.013
435.241
435.152
435.463
435.752
435.997
436.206
436.391
436.631
436.366
436.271
436.684
437.323
437.937
438.615
439.454
440.258
441.034
441.777
442.494
443.179
443.842
444.479
445.084
445.669
446.23
446.765
447.275
447.762
448.222
447.939
448.163
448.565
448.074
448.228
448.56
448.854
448.406
448.275
448.487
448.705
448.246
448.407
448.797
448.319
448.509
448.817
449.095
448.544
447.118
446
445.973
445.288
444.962
445.103
444.38
443.337
441.935
441.138
441.146
441.181
441.196
441.193
440.411
438.833
437.674
437.429
437.384
437.321
437.251
437.164
437.071
436.967
436.849
436.726
436.598
436.461
436.314
436.161
435.994
435.811
435.626
435.423
435.196
434.95
434.7
434.523
434.563
434.602
434.638
434.682
434.065
433.485
433.485
433.551
433.627
433.71
433.792
433.873
433.947
434.011
434.068
433.466
433.519
433.864
434.186
434.438
434.68
435.027
435.809
436.558
437.284
437.979
438.635
438.575
438.966
439.522
440.066
440.771
441.52
442.24
442.125
442.708
442.539
442.914
443.505
443.675
444.205
444.716
445.201
445.659
446.097
446.511
446.9
447.269
447.618
447.943
448.247
448.526
447.957
447.328
447.26
447.461
447.618
447.742
447.834
447.915
448.157
448.456
448.722
448.957
449.157
449.329
449.465
449.583
449.667
449.722
449.748
449.75
449.731
449.69
449.632
449.552
449.445
449.334
449.205
449.065
448.91
448.74
448.567
448.379
448.179
447.973
447.756
446.845
445.777
445.19
444.96
444.721
443.789
443.125
442.846
441.805
441.359
441.113
441.111
441.125
441.133
441.137
441.145
441.152
441.17
440.467
440.205
440.237
440.266
440.288
440.3
440.301
440.306
440.42
440.7
440.943
441.143
441.315
441.484
441.863
442.56
443.236
443.89
444.516
445.119
445.701
446.255
446.783
447.273
447.713
448.12
448.501
448.964
449.578
450.159
450.71
451.235
451.731
452.197
452.633
453.041
453.43
453.801
454.142
454.458
454.754
455.028
455.275
455.506
454.952
455.027
455.207
455.356
455.48
455.573
455.632
455.652
454.875
454.336
453.692
453.078
453.195
453.375
453.519
453.635
453.724
453.783
453.812
453.821
453.805
453.764
452.921
452.765
452.669
452.553
452.422
452.279
452.114
451.94
451.752
451.553
451.341
451.111
450.114
449.704
449.47
449.223
448.286
447.913
447.659
447.394
447.124
446.144
445.697
445.398
445.102
444.806
444.521
444.352
444.348
444.345
444.342
443.523
442.854
442.663
442.677
442.693
442.692
442.681
442.658
441.82
441.754
442.023
441.561
441.12
441.239
441.441
441.633
442.029
442.457
442.925
443.604
444.262
444.89
445.493
446.067
446.243
446.5
445.308
445.354
445.925
445.829
445.369
445.294
445.038
444.887
444.785
444.436
444.911
445.444
445.081
445.373
445.834
446.266
446.676
447.066
446.634
446.9
447.232
446.763
446.119
446.001
446.265
445.797
445.724
445.936
445.416
444.796
444.374
444.482
444.578
443.867
442.84
442.097
441.843
442.007
442.256
441.736
441.109
440.555
439.88
439.335
438.636
437.962
437.841
437.228
437.095
436.452
435.497
434.816
434.028
433.344
432.801
432.714
432.037
431.711
431.681
430.951
430.778
430.722
429.992
429.874
429.141
429.006
428.937
428.864
428.785
428.699
428.612
428.509
428.393
428.259
428.118
427.998
428.097
428.256
428.408
428.563
428.024
427.477
427.589
427.085
427.207
427.385
427.537
426.863
426.871
427.005
426.642
426.967
427.379
428.001
428.645
428.464
427.986
427.718
427.767
428.469
429.275
430.054
430.791
430.803
431.296
431.926
431.775
432.231
432.985
433.796
434.575
435.319
435.162
435.601
436.262
436.895
437.498
438.076
438.619
439.135
438.83
438.52
438.525
438.07
438.303
438.71
438.252
438.528
438.88
439.216
439.523
439.808
440.072
440.299
440.507
440.681
440.814
440.912
440.98
440.325
439.664
439.575
439.843
440.078
440.285
440.458
440.604
440.73
440.146
439.26
438.517
438.371
438.409
438.426
438.42
438.4
437.683
437.326
436.591
435.432
435.09
434.328
433.564
433.392
432.648
432.303
431.563
431.247
430.495
430.21
430.12
430.024
429.918
429.806
429.684
428.884
428.666
428.51
428.375
428.462
428.613
428.069
428.076
428.227
428.379
428.536
428.693
428.85
428.994
428.441
427.903
427.367
426.835
426.313
425.802
425.395
424.973
424.536
424.329
424.294
424.846
425.705
426.54
427.323
427.27
427.736
428.484
429.204
429.896
430.555
431.179
431.764
432.313
431.929
432.229
432.074
432.587
433.31
434.004
434.666
435.306
435.918
436.497
437.057
437.595
438.104
438.594
439.056
438.721
438.797
439.203
438.821
438.077
438.223
438.552
438.843
439.085
439.296
439.503
439.871
440.289
439.902
440.067
440.399
440.701
440.971
441.209
441.415
440.857
440.944
441.071
441.169
441.243
440.487
439.724
439.624
439.649
439.657
438.948
438.864
438.83
438.781
438.713
438.642
438.562
438.472
438.373
437.509
436.653
435.669
435.381
435.262
435.121
434.957
434.771
433.913
433.719
433.811
433.173
432.528
432.411
431.774
431.717
431.145
430.514
430.234
429.66
429.69
429.106
429.006
429.065
429.122
428.486
428.478
428.831
429.18
429.529
429.87
429.509
428.938
429.145
429.479
429.791
429.355
429.547
429.809
430.203
430.952
431.672
431.526
432.069
432.703
432.478
432.184
431.947
431.496
431.855
432.574
433.322
434.035
433.79
434.368
435.01
435.624
436.206
435.859
435.495
435.874
436.4
436.905
437.381
436.947
437.307
437.732
438.131
438.508
437.986
438.161
438.454
438.71
438.09
438.256
438.711
439.145
438.724
438.082
438.292
437.818
437.999
438.303
438.582
438.834
439.061
439.265
439.446
439.605
438.968
438.972
439.092
438.465
438.492
438.547
438.603
438.64
438.661
437.951
437.824
437.819
437.803
437.068
436.935
436.837
436.023
435.804
435.963
436.121
436.265
436.389
436.505
436.604
436.684
436.757
436.81
436.859
436.232
436.149
436.154
436.132
436.089
435.389
435.293
435.52
435.734
435.943
435.479
435.552
435.731
435.247
435.35
435.512
435.661
435.12
435.104
435.196
435.292
434.85
433.691
433.283
432.869
432.451
432.186
432.531
432.863
433.177
432.766
432.785
433.035
433.262
433.505
433.951
434.419
434.037
434.38
434.808
434.37
434.671
435.026
435.368
435.816
435.468
435.182
435.363
435.914
436.435
436.921
437.365
437.766
438.139
438.533
438.272
438.662
439.212
439.734
440.224
440.686
441.115
441.517
441.889
442.232
442.545
442.835
443.109
442.583
442.744
442.266
442.192
442.38
442.549
442.709
442.845
442.961
443.061
442.433
441.798
441.19
440.519
439.987
439.999
439.98
439.927
439.872
439.966
440.147
440.305
439.758
439.652
439.764
439.856
439.924
439.977
440.018
440.049
440.07
440.082
440.087
440.079
439.367
439.212
439.185
439.141
439.084
438.331
438.074
437.98
437.881
437.906
438.073
438.227
437.57
437.615
436.934
436.215
436.041
436.105
436.204
436.534
435.975
435.549
434.239
433.811
433.335
432.864
432.889
433.199
433.504
432.989
433.182
433.489
433.79
434.05
433.585
433.64
433.873
434.116
434.56
434.325
434.715
435.138
435.534
435.084
434.79
435.187
435.086
434.879
435.276
435.786
435.601
436.175
436.89
437.574
438.224
438.838
439.422
439.195
439.557
440.056
440.518
440.95
441.35
440.958
441.065
441.392
441.69
441.963
442.209
442.43
441.952
440.889
440.241
439.406
439.451
439.599
438.981
438.119
437.143
437.188
437.286
437.369
437.429
437.468
436.741
436.617
436.609
436.59
436.547
436.473
436.367
436.234
436.102
436.156
436.263
436.351
436.426
436.489
436.543
435.763
434.998
434.865
434.924
434.977
435.027
435.069
434.301
433.652
433.504
433.512
433.503
433.48
433.451
433.571
432.881
432.264
432.106
432.292
432.511
432.962
433.389
432.863
432.319
432.356
431.873
431.384
430.9
431.055
431.445
431.819
431.316
431.487
431.797
432.096
432.443
432.191
431.883
432.23
432.801
433.357
433.889
434.412
434.914
435.387
435.816
436.195
436.54
436.867
437.383
437.938
438.615
439.383
440.114
440.812
441.47
442.097
442.688
442.476
442.591
442.377
442.799
443.254
443.676
444.068
444.428
444.755
445.045
445.306
445.537
445.742
445.92
446.074
446.2
446.301
446.38
446.434
446.469
446.486
446.48
446.465
446.424
446.353
446.282
446.194
446.09
445.981
445.856
445.718
445.567
445.395
445.207
444.311
443.798
443.553
443.279
442.996
442.047
441.856
441.844
441.82
441.79
440.931
440.211
440.002
439.975
439.946
439.915
439.885
439.856
439.824
439.795
439.76
439.714
439.646
438.873
438.085
437.309
436.544
435.955
435.469
435.043
434.729
434.32
434.019
433.909
434.328
434.731
435.113
435.471
435.798
436.095
436.389
436.805
437.353
437.894
438.423
438.937
439.441
439.931
440.405
440.86
441.303
441.729
441.415
441.686
442.036
442.35
441.932
442.005
442.313
442.793
443.245
443.792
444.461
445.096
445.696
445.521
445.199
445.472
445.969
446.432
446.858
447.255
446.712
446.145
446.139
446.432
446.692
446.926
447.128
446.544
446.389
446.526
446.642
446.735
446.035
444.472
444.268
444.313
444.34
443.674
443.362
443.355
443.341
443.316
443.276
443.215
442.392
441.573
441.424
441.328
441.223
441.099
440.177
439.812
439.628
439.43
439.283
439.346
439.401
438.707
438.674
438.704
438.722
437.903
437.075
436.975
437.008
436.22
435.548
435.375
435.416
435.46
434.688
434.005
433.322
432.9
433.019
432.627
432.849
433.122
432.59
432.65
432.852
432.278
431.698
431.888
432.297
432.696
433.243
433.874
434.475
435.053
435.608
436.143
436.654
437.15
437.633
438.104
438.563
439.01
439.443
439.86
440.268
440.66
441.032
441.391
441.733
442.048
442.307
442.553
442.761
442.96
443.337
443.73
444.113
444.646
445.236
445.793
446.311
446.801
447.256
446.884
446.547
446.847
446.497
446.02
445.994
446.283
445.831
444.485
443.432
443.305
443.5
442.977
443.059
443.182
443.277
443.348
442.628
442.563
441.89
441.495
441.505
441.497
441.469
440.742
440.259
440.187
440.13
440.064
439.305
438.496
438.094
437.989
437.875
437.756
437.625
437.463
437.284
437.079
436.862
436.656
436.634
436.68
436.717
436.756
436.784
436.804
436.825
436.849
436.879
436.229
436.016
436.055
436.076
435.285
434.511
434.517
434.012
433.516
433.744
434.022
434.278
434.501
434.686
434.062
434.071
434.453
434.96
434.695
435.237
435.85
435.558
435.894
436.469
437.028
437.565
438.084
438.589
438.226
438.635
439.119
439.592
439.208
439.529
439.97
440.393
440.785
441.148
441.465
441.726
441.196
439.924
439.384
439.959
440.696
441.395
442.055
442.679
443.269
443.825
444.345
444.83
444.526
444.81
445.201
444.865
445.139
445.454
445.736
445.992
446.216
446.41
446.578
446.714
446.829
446.918
446.304
446.291
445.618
445.423
445.407
443.931
442.974
441.488
441.309
441.249
441.164
440.388
440.089
439.963
439.819
439.665
439.501
439.327
439.146
438.958
438.763
438.563
438.359
438.152
437.946
437.744
437.538
437.335
437.129
436.918
436.67
436.429
436.201
436.087
436.146
436.195
436.23
436.249
435.56
435.091
435.12
435.408
435.69
435.106
434.555
434.097
433.631
433.408
433.834
434.305
434.767
435.214
435.64
436.034
436.401
436.747
437.086
436.73
436.747
437.314
437.895
438.463
439.02
439.566
440.091
440.594
441.086
441.562
442.015
442.449
442.845
443.209
443.534
443.851
444.38
444.886
445.432
446.159
446.847
447.497
448.108
448.684
449.224
449.726
450.194
450.628
451.029
451.398
451.733
452.036
452.302
451.722
451.656
451.851
452.015
451.36
450.369
449.973
450.067
450.135
450.176
450.193
450.182
450.145
450.083
449.996
449.89
449.763
449.608
449.426
449.245
449.046
448.827
448.602
448.362
448.11
447.852
447.577
447.3
447.017
446.729
446.433
446.133
445.83
445.535
445.241
444.945
444.651
444.351
444.034
443.703
443.382
443.162
443.136
443.111
443.081
443.034
442.962
442.886
442.837
443.003
443.21
443.398
442.633
442.617
442.759
442.918
443.303
443.69
444.059
444.397
444.704
444.985
445.27
445.706
445.471
445.219
444.699
444.429
444.914
445.416
445.91
446.387
446.855
446.437
446.817
447.244
447.661
448.051
448.398
448.7
448.951
449.186
449.606
450.193
450.902
451.575
452.211
452.81
453.369
453.895
453.51
453.168
453.523
453.934
454.314
454.66
454.971
455.228
455.474
455.685
455.863
456.015
456.141
456.235
456.298
456.337
456.348
456.341
456.304
456.244
456.154
456.047
455.916
455.764
455.592
455.401
455.192
454.965
454.718
454.457
454.178
453.884
452.86
451.829
451.315
450.993
450.671
450.343
450.006
449.668
449.329
448.986
448.646
447.602
446.596
446.152
445.144
444.733
444.443
444.139
443.832
443.538
442.582
442.352
442.352
442.335
442.288
442.244
442.255
442.457
442.642
442.815
443.032
443.467
443.206
442.917
443.243
443.613
443.963
444.289
444.579
444.85
445.108
445.459
445.979
446.479
446.972
447.454
447.921
448.375
448.815
449.241
449.657
450.06
449.633
449.299
449.571
449.908
450.21
450.467
450.677
450.865
450.373
450.66
451.337
451.981
452.581
453.139
453.663
454.147
453.789
454.092
454.493
454.861
454.391
454.625
454.915
455.169
454.59
453.99
453.221
453.23
453.353
453.473
453.567
453.633
453.675
452.922
452.095
451.322
451.201
450.402
449.511
449.344
448.514
448.206
448.093
447.949
447.79
447.615
447.422
447.212
446.983
446.741
446.493
446.233
445.964
445.691
445.411
445.123
444.841
444.557
444.282
444.012
443.751
443.496
443.257
443.033
442.818
442.607
442.394
441.468
441.059
440.813
440.561
439.635
439.349
438.734
438.948
439.291
438.996
438.814
439.27
439.758
440.237
439.902
440.177
440.582
440.943
440.489
440.748
441.237
441.028
440.639
441.072
441.606
442.122
441.707
441.843
441.536
441.835
441.399
441.364
441.818
441.472
441.847
442.276
441.905
442.124
442.511
442.872
443.193
443.486
442.981
443.169
443.681
444.147
443.819
443.154
442.655
442.885
443.51
444.095
443.876
443.953
444.44
444.888
445.308
445.7
446.061
446.394
446.697
446.966
447.202
447.41
447.582
447.729
447.054
446.97
447.051
447.103
447.138
447.15
447.141
447.107
447.053
446.971
446.191
445.313
444.783
444.66
443.87
443.379
443.221
442.245
441.227
441.031
440.847
440.662
440.475
439.581
438.677
438.156
437.975
437.106
436.719
436.552
436.388
436.232
436.074
435.921
435.768
434.897
434.052
433.677
433.476
432.619
432.174
432.521
431.954
432.012
432.397
432.768
433.125
433.449
432.82
432.913
432.234
432.14
432.633
433.181
433.908
433.681
434.086
434.75
435.393
435.24
434.054
433.517
433.328
433.331
433.85
433.632
433.95
433.654
433.704
434.251
434.79
434.301
434.488
433.399
432.425
432.686
433.17
432.755
433.017
433.416
433.812
434.385
434.962
434.662
434.955
434.746
435.353
436.075
436.751
437.397
437.235
436.166
435.669
435.356
435.013
433.82
433.685
434.168
434.616
435.032
435.416
435.007
434.808
433.305
432.739
433.043
432.631
432.198
432.334
432.533
431.991
431.041
431
430.422
430.006
429.298
428.639
428.651
428.024
427.888
427.912
427.251
427.136
426.454
426.316
425.621
425.525
424.086
423.208
422.978
422.932
422.884
422.823
422.762
422.698
422.629
422.552
422.475
422.394
422.305
421.521
421.291
421.201
421.256
421.436
421.62
421.106
420.585
420.577
419.925
419.268
418.922
419.153
419.602
419.214
419.565
420
420.419
420.824
421.202
421.549
421.86
422.171
422.597
423.403
424.204
424.989
425.746
426.493
427.226
427.942
426.863
427.07
427.779
428.469
429.139
429.789
430.403
430.979
431.521
431.179
431.703
432.436
433.125
432.953
433.483
434.376
434.432
434.741
434.727
435.425
436.167
436.873
437.539
438.17
437.961
438.327
438.873
439.382
439.854
440.292
440.698
441.072
441.414
441.708
441.971
442.213
442.432
442.617
442.775
442.902
442.215
440.876
440.274
440.31
440.344
440.354
440.341
440.307
440.252
440.173
440.074
439.953
439.144
438.813
438.659
438.49
437.647
437.398
437.196
436.981
436.762
436.54
436.308
435.391
435.006
434.101
433.789
433.543
432.045
431.453
431.216
430.963
430.705
429.769
429.41
429.349
429.405
429.463
429.53
429.599
429.669
429.741
429.801
429.855
429.899
429.939
430.005
430.292
430.593
430.87
431.122
431.366
431.748
432.211
432.727
433.461
434.213
434.063
434.564
434.401
434.239
434.808
434.591
435.18
435.833
436.446
437.02
437.559
437.292
437.908
438.647
439.536
440.485
441.394
442.266
443.101
443.898
444.654
445.378
446.065
446.711
446.528
447.027
446.81
447.146
447.641
448.097
447.734
447.382
447.012
446.619
446.206
446.204
445.736
445.807
446.045
446.253
446.425
446.566
446.679
446.763
446.096
445.939
445.946
445.923
445.88
445.818
445.727
445.613
445.472
445.311
445.126
444.922
444.699
444.452
444.18
443.894
443.592
443.277
442.954
442.617
442.277
441.931
441.571
441.215
440.855
440.487
440.133
439.779
438.76
438.157
437.827
437.488
437.178
436.866
436.546
436.226
435.915
435.657
435.66
435.683
435.704
435.743
435.786
435.832
435.872
435.899
435.926
435.955
436.08
436.363
436.635
436.952
437.697
438.473
438.395
438.328
438.887
439.614
440.323
441.014
441.683
442.308
442.897
443.448
443.958
444.516
444.344
444.835
445.749
446.677
447.565
448.417
449.233
450.011
450.752
451.457
452.129
452.762
453.36
453.921
454.447
454.939
455.395
455.816
456.202
454.92
454.205
453.92
454.226
454.497
454.74
454.173
454.02
453.381
453.326
452.647
451.275
451.062
451.125
451.158
450.433
450.35
450.308
449.49
449.187
449.085
448.962
448.814
448.645
448.453
448.22
447.983
447.732
446.754
446.284
445.287
444.306
443.938
443.637
443.326
443.003
442.682
442.354
442.021
441.685
441.335
440.98
440.631
439.635
438.623
437.462
436.291
435.764
435.424
435.1
434.897
434.867
434.848
434.842
434.839
434.844
434.861
434.879
434.905
434.934
434.956
434.972
434.256
433.579
433.407
433.548
433.803
434.073
434.557
435.057
435.572
436.286
437.04
437.779
438.506
439.203
439.878
439.613
438.61
439.095
439.671
440.2
440.723
441.456
442.441
443.407
444.337
445.233
446.089
446.908
447.686
448.425
449.129
449.798
450.429
450.149
450.566
451.11
450.752
451.157
451.61
451.177
451.346
451.715
452.034
452.339
452.611
452.854
453.062
453.239
453.388
453.507
453.59
452.851
452.648
452.661
452.647
452.603
452.526
452.427
452.303
452.153
451.988
451.8
451.592
451.367
451.126
450.864
449.864
449.388
449.1
448.797
448.479
448.147
447.808
447.467
447.121
446.062
445.53
445.18
444.822
443.785
443.305
442.926
442.536
442.122
441.731
440.843
440.081
439.797
439.061
438.868
438.8
438.733
438.67
438.613
438.558
438.504
438.432
438.359
437.586
436.743
436.829
437.056
437.274
437.478
437.672
437.868
438.153
438.626
439.084
439.518
439.938
439.555
439.193
439.564
440.242
440.899
441.532
442.138
442.706
443.241
443.746
444.251
445.22
446.151
447.039
447.888
447.815
448.443
449.197
449.915
450.593
451.235
451.839
452.411
452.947
453.452
453.925
454.363
454.772
455.146
455.486
455.794
456.072
456.318
456.536
456.723
456.878
456.246
455.093
454.88
454.952
454.193
454.001
454.007
453.984
453.931
453.851
453.751
453.622
453.475
453.306
453.115
452.906
452.671
452.422
452.159
451.879
451.587
451.285
450.971
450.646
450.311
449.968
449.621
449.273
448.91
448.541
448.169
447.121
446.552
446.136
445.717
445.32
444.442
444.265
444.14
443.335
442.522
441.714
440.912
440.122
439.34
438.563
437.801
437.05
436.307
435.582
434.868
434.161
433.463
432.759
432.616
432.613
432.601
432.608
431.995
432.147
432.687
432.377
432.734
433.246
433.726
434.187
434.629
435.096
434.823
435.216
435.846
436.551
437.427
437.35
438.101
438.902
439.664
440.383
441.053
441.68
442.292
443.062
443.882
443.789
443.603
444.25
444.085
444.533
445.178
445.794
446.377
446.036
445.738
446.175
446.655
447.102
447.515
447.896
448.247
448.568
448.09
447.533
447.366
446.798
446.802
446.976
447.119
447.228
446.55
446.494
446.544
446.57
446.567
446.538
445.73
444.947
444.162
443.374
442.584
441.788
440.98
439.48
438.605
437.798
437.003
436.21
435.417
434.481
434.181
433.355
432.5
431.633
431.212
430.567
429.791
429.062
429.003
429.054
429.084
429.102
428.427
428.242
428.23
428.205
427.398
426.158
425.296
424.245
424.177
423.513
423.331
423.339
423.349
423.364
423.384
423.408
422.777
422.065
422.028
422.056
421.404
421.259
421.333
421.666
422.001
422.327
422.646
422.207
422.185
422.514
422.99
423.549
424.093
424.638
425.324
426.095
426.824
427.512
428.164
428.805
429.646
430.47
431.338
431.446
432.383
433.363
433.393
434.074
434.961
435.811
435.716
436.352
437.111
436.945
436.745
437.35
438
438.612
439.202
439.754
440.274
440.762
441.219
440.794
441.123
441.493
441.836
442.148
442.427
441.872
441.749
441.943
441.416
441.185
441.342
441.472
440.807
440.678
440.757
440.82
440.856
440.117
440.064
440.063
440.045
440.008
439.948
439.867
439.76
438.906
438.02
436.418
435.595
434.819
434.732
434.108
433.48
433.172
433.226
433.261
432.597
432.392
432.398
431.715
431.505
431.491
431.471
431.444
431.407
431.361
431.307
431.245
431.18
431.106
431.021
430.922
430.799
430.674
429.881
429.173
429.154
429.332
428.837
428.164
428.2
427.717
427.627
427.848
427.38
426.905
425.962
425.344
425.076
425.294
425.501
425.006
425.292
425.746
426.192
426.721
427.416
428.075
428.702
429.273
429.797
430.304
430.97
431.775
431.817
431.661
431.957
431.922
431.058
431.44
432.293
433.113
433.893
434.641
435.357
436.035
436.679
436.529
436.605
437.163
437.691
437.332
437.735
438.19
438.615
439.012
439.386
439.733
439.249
439.492
439.781
440.054
440.307
440.54
440.75
440.942
441.114
441.265
441.394
441.499
441.57
441.616
441.638
441.625
441.569
441.491
440.675
440.696
440.088
439.503
439.423
439.513
439.572
439.613
439.637
439.644
439.633
439.622
439.593
439.547
438.82
438.086
437.837
436.986
436.431
436.369
436.3
436.217
435.344
434.925
434.802
434.654
434.49
434.323
434.29
434.384
434.473
434.549
433.967
433.433
433.345
433.419
432.842
432.61
432.708
432.072
431.773
431.903
432.036
432.169
432.299
431.714
431.144
431.19
431.398
431.796
432.174
432.53
432.861
433.196
433.726
434.233
434.699
434.467
434.286
434.766
434.598
434.747
435.614
436.478
436.367
437.038
436.881
436.741
436.839
437.457
438.134
438.776
439.385
439.054
439.466
439.137
438.807
439.238
439.697
440.139
439.72
439.902
439.447
438.798
438.308
438.328
438.669
438.989
439.29
438.78
438.822
438.341
437.839
437.994
438.204
437.654
437.481
437.622
437.73
437.792
437.113
437.01
436.304
435.331
435.528
434.91
435.055
435.258
435.436
435.59
435.729
435.845
435.943
435.315
435.008
435.076
434.444
433.52
432.765
432.665
432.708
432.731
432.731
431.914
431.779
430.94
429.967
429.904
430.096
430.275
430.44
430.587
430.721
430.842
430.949
430.304
429.731
429.386
428.75
428.119
428.092
427.561
427.488
427.625
427.773
427.233
427.267
427.422
426.905
426.367
426.146
426.266
426.379
426.597
426.955
427.307
427.74
428.363
428.959
429.542
430.091
430.593
430.359
430.605
431.005
431.457
432.295
432.364
433.136
433.153
433.865
434.632
435.367
436.063
436.728
437.359
437.956
438.525
439.059
439.565
440.039
440.481
440.892
441.279
440.872
441.059
441.381
441.678
441.285
440.806
440.121
440.131
440.345
440.536
440.709
440.861
440.172
440.217
440.306
440.397
440.469
439.764
439.047
438.946
438.968
438.973
438.959
438.914
438.126
437.879
437.789
437.716
437.866
438.017
438.15
438.265
438.361
438.441
438.505
438.552
438.567
438.564
438.525
438.459
438.401
438.55
438.723
437.385
436.056
434.144
432.147
430.165
428.194
426.246
424.313
422.482
420.429
418.621
417.953
418.077
418.36
418.625
418.887
419.146
419.393
419.636
419.635
419.866
420.098
418.896
418.29
417.695
417.888
417.301
417.225
417.422
416.856
416.517
417.122
416.984
417.56
418.295
418.073
418.42
419.124
419.803
420.46
421.091
421.685
422.244
422.776
423.299
424.137
425.101
426.027
426.911
426.948
427.63
427.632
427.817
427.6
428.247
428.943
428.726
428.544
428.98
429.567
430.122
430.649
431.151
431.622
432.054
431.716
431.851
431.549
430.744
430.219
430.182
430.501
430.795
429.609
428.888
428.149
428.221
428.454
428.668
428.857
429.022
428.489
427.821
427.225
427.099
427.193
427.271
427.328
427.355
427.348
427.32
427.279
427.349
426.849
426.763
426.933
427.094
426.55
426.331
426.469
426.588
426.704
426.807
426.238
426.146
425.561
425.503
424.863
424.804
424.791
424.793
425.011
425.254
425.479
425.699
425.908
426.11
425.644
425.774
425.957
426.143
426.332
425.774
424.746
424.169
423.993
424.225
423.76
423.223
423.234
423.428
422.918
423.011
423.458
422.357
422.035
422.408
422.851
423.455
424.143
423.965
424.466
425.065
425.631
426.175
426.833
427.572
428.274
428.972
429.862
430.756
431.611
431.506
432.218
432.984
433.716
434.412
435.071
434.839
435.211
435.783
435.478
434.896
434.996
435.483
435.937
436.365
436.765
436.283
435.683
435.893
436.219
435.691
435.918
436.2
436.464
436.711
436.931
437.134
437.318
436.782
436.245
436.331
436.446
435.762
435.633
434.907
434.786
434.774
434.751
434.866
435.089
435.293
435.476
435.647
435.059
435.062
435.188
435.296
434.706
434.069
433.912
433.969
434.012
434.039
434.05
433.389
433.266
433.216
433.156
433.072
432.317
432.121
432.301
431.707
431.37
431.521
431.652
431.77
431.878
431.982
432.082
432.178
432.267
432.359
432.45
432.543
431.876
431.24
431.045
431.156
431.254
430.57
429.674
429.631
429.765
429.423
429.448
429.831
430.2
429.829
429.947
429.516
429.65
429.934
430.528
431.304
432.037
432.724
433.377
433.995
434.68
435.522
436.333
437.109
437.846
438.552
438.419
438.826
438.65
438.097
437.781
437.864
438.399
438.903
439.371
439.041
439.223
439.625
439.998
440.342
440.665
440.963
440.382
440.565
439.984
439.916
440.142
440.338
439.694
439.718
439.875
440.011
439.363
439.391
439.483
439.56
439.594
438.891
438.775
438.003
437.907
437.862
437.113
436.372
436.33
436.523
435.863
435.907
436.066
435.314
435.337
435.456
435.552
435.628
435.673
435.683
435.667
435.642
435.702
435.929
436.133
436.318
436.48
436.625
435.964
435.977
436.096
436.209
436.306
436.39
436.464
436.53
436.587
436.638
436.689
436.045
435.42
434.772
433.444
432.733
432.088
431.445
431.292
431.329
431.362
431.411
430.928
430.492
430.441
430.069
430.22
429.833
429.438
429.034
428.619
428.795
428.27
427.766
427.178
426.599
426.228
425.873
425.588
425.483
425.359
425.209
425.045
424.864
423.84
423.506
424.103
424.002
423.426
424.074
424.842
424.639
424.436
424.219
423.114
422.256
422.538
423.199
422.978
422.621
422.334
422.04
421.759
421.471
421.795
421.488
421.162
420.827
420.39
420.054
420.196
419.845
419.822
420.256
420.687
420.247
419.041
418.519
417.541
417.743
418.392
418.254
418.108
417.673
417.299
416.595
416.308
416.043
415.048
415.162
414.884
414.577
414.658
415.08
415.464
415.052
414.625
414.189
414.704
414.52
414.309
413.77
413.295
412.9
412.484
412.811
412.531
412.895
413.304
412.96
413.093
412.722
412.19
411.577
410.954
411.21
410.812
411.034
411.317
410.895
410.97
410.431
409.783
409.89
410.143
409.705
409.258
409.304
408.845
408.279
408.319
407.849
408.019
408.489
408.272
408.653
409.08
409.488
409.188
408.862
408.537
408.319
408.799
409.387
409.268
409.066
408.918
408.756
409.087
408.884
408.542
408.889
409.345
408.993
408.673
407.561
407.519
407.233
407.454
407.822
408.33
408.146
407.969
408.259
408.056
407.859
408.28
408.055
407.827
408.269
408.138
407.782
408.205
407.864
407.552
408.09
408.8
408.687
408.564
409.163
409.814
410.441
411.043
410.938
411.328
411.857
412.361
412.835
413.301
413.93
414.63
414.404
414.814
414.633
414.193
413.927
413.647
413.352
412.923
413.327
413.831
412.759
412.919
413.658
414.371
415.049
415.7
415.584
415.346
415.818
415.533
415.29
415.596
415.357
415.056
414.745
414.866
415.303
415.726
415.322
415.483
415.882
416.26
416.625
416.975
416.61
416.177
416.144
416.466
416.025
415.405
414.166
413.511
413.137
413.39
413.647
414.078
413.676
413.246
413.466
412.996
412.549
412.34
412.284
412.106
411.114
410.814
410.595
410.325
410.269
409.918
410.015
410.559
411.08
411.586
411.172
410.833
411.048
410.754
411.071
411.526
411.961
411.692
411.393
410.782
410.263
410.672
409.832
409.405
409.169
409.032
408.778
408.596
407.727
406.856
406.469
406.34
406.136
405.919
405.668
405.398
405.212
405.019
405.017
404.157
403.416
403.222
402.976
402.936
402.834
401.927
401.78
401.702
401.615
401.473
401.363
400.428
400.111
399.168
398.31
398.084
397.896
397.704
397.51
397.413
397.465
397.503
398.124
398.058
398.482
398.364
398.195
397.756
398.087
398.704
399.3
399.044
399.153
399.686
400.172
400.628
400.387
400.144
400.625
401.289
401.131
401.634
402.235
402.813
403.367
403.136
403.432
403.927
403.657
403.981
404.44
404.879
405.295
405.7
406.09
406.469
405.265
404.687
404.657
404.985
404.505
404.745
405.057
405.583
405.339
405.028
405.381
405.209
405.384
405.228
405.023
405.134
405.646
406.137
405.889
406.139
406.562
406.966
407.384
408.04
408.667
408.473
407.514
406.985
406.756
406.797
407.601
408.401
408.369
408.151
407.784
408.303
409.032
409.731
410.394
410.233
410.324
409.268
409.67
410.246
411.039
411.814
412.556
413.265
413.947
414.594
415.218
415.819
416.392
416.94
417.464
417.963
417.676
418.015
418.46
418.889
419.305
419.706
419.322
418.944
418.613
418.229
418.11
418.475
418.068
417.546
417.771
418.05
417.583
417.8
418.319
418.801
419.254
418.824
418.529
418.111
418.509
418.271
418.012
417.846
418.204
418.723
418.382
418.505
418.966
418.493
418.83
419.234
419.608
419.961
420.295
420.613
420.914
420.419
420.634
420.896
421.146
421.387
421.61
421.07
421.165
421.351
420.801
420.262
420.072
420.213
420.355
420.48
419.931
420.1
420.497
420.873
421.239
421.597
421.22
421.002
421.291
421.598
421.131
420.489
420.463
420.728
421.167
421.674
422.164
421.933
422.171
422.573
422.95
423.336
423.934
423.855
424.385
424.964
425.522
426.058
426.572
427.063
426.836
427.159
427.58
427.217
426.274
426.251
426.581
426.887
426.459
426.1
425.148
424.692
424.285
424.394
424.872
424.574
424.81
425.235
425.636
426.018
426.384
426.064
426.337
426.664
426.984
427.286
426.826
426.41
426.612
426.888
427.147
426.631
426.187
424.771
424.536
424.723
424.935
424.654
425.006
425.384
425.723
426.026
426.296
426.682
427.195
427.685
428.145
428.578
428.988
429.362
429.715
430.045
430.357
430.648
430.081
429.888
430.138
430.379
430.603
430.809
431.004
430.472
430.451
430.615
430.769
430.911
431.041
431.158
431.251
431.323
431.38
431.429
431.534
431.861
432.175
432.474
432.762
433.026
433.278
433.503
433.695
433.105
432.436
432.667
433.091
432.754
432.404
432.729
433.081
432.707
432.877
433.148
433.479
433.993
434.486
434.96
435.414
435.847
436.263
435.889
435.506
435.75
436.11
435.685
434.912
434.747
435.009
435.296
435.555
435.778
435.966
435.46
434.884
434.734
434.407
434.622
434.986
435.322
435.635
435.933
436.208
436.436
436.674
436.893
437.101
437.299
437.485
437.662
437.03
436.491
436.594
436.745
436.881
436.302
436.174
436.263
436.319
436.353
436.38
436.585
436.812
437.013
436.468
436.231
436.485
436.894
437.286
437.646
437.314
437.561
437.847
438.112
438.354
438.575
438.772
438.947
439.103
439.243
439.37
439.479
439.573
439.658
439.729
439.783
439.84
439.888
439.932
439.283
439.259
439.301
439.344
439.379
439.397
439.4
439.396
439.395
439.554
439.809
440.044
440.254
440.433
440.588
440.049
440.078
440.438
440.786
441.093
441.366
441.618
441.961
442.447
442.11
442.381
442.799
443.195
443.571
443.922
444.25
444.56
444.852
445.105
445.368
445.616
445.846
446.059
446.257
446.432
446.589
446.724
446.832
446.905
446.948
446.969
446.989
446.296
446.477
446.715
446.936
446.288
446.281
446.464
446.647
446.057
446.158
446.308
446.451
446.585
446.707
446.084
445.753
445.127
444.512
444.53
443.77
443.713
443.7
442.902
442.918
443.122
442.578
442.88
443.309
442.885
442.453
442.566
442.914
443.236
443.531
443.801
444.048
444.268
444.464
444.637
443.95
443.376
443.274
443.389
443.488
443.567
443.632
443.685
443.72
443.749
443.763
443.771
443.778
443.78
443.78
443.785
443.788
443.781
443.774
443.003
442.281
442.025
441.234
440.784
440.258
440.166
439.364
438.772
438.673
438.874
439.027
439.13
439.222
439.476
439.092
438.755
438.47
438.182
437.875
437.56
437.226
436.874
436.505
436.127
436.071
434.835
434.72
435.149
435.561
435.955
435.312
434.852
434.688
435.029
435.352
434.897
434.864
435.147
435.416
435.661
435.878
436.065
436.219
436.344
436.467
436.724
437.089
437.431
437.749
438.048
438.329
438.595
438.841
439.072
439.288
439.487
439.675
439.848
440.006
439.354
439.32
439.403
438.783
438.053
437.315
436.822
436.341
435.861
435.372
434.872
434.435
433.901
433.347
432.773
432.206
431.79
431.483
431.155
430.824
430.472
429.485
428.839
428.772
429.15
429.506
429.824
430.14
430.431
429.967
429.477
429.67
429.919
430.155
430.373
429.841
429.78
429.968
430.143
429.516
428.731
428.63
428.795
428.948
429.086
429.197
429.285
429.371
429.579
429.93
430.263
430.567
430.84
431.09
431.327
431.65
432.117
431.789
431.909
432.339
432.737
433.098
433.419
433.705
433.967
434.338
434.836
435.308
434.859
434.473
434.599
434.989
435.354
435.692
436.008
436.307
436.582
436.842
437.082
437.307
436.773
436.754
436.948
436.305
435.809
435.868
435.276
435.386
435.552
434.952
434.897
435.047
435.184
434.574
434.546
434.634
434.708
434.772
434.954
435.259
435.529
435.765
435.998
436.359
436.831
437.26
437.684
438.085
437.532
437.069
437.205
437.517
437.789
438.03
438.272
438.721
439.176
439.605
440.006
440.379
440.723
441.042
440.575
440.118
439.554
439.724
439.952
440.159
440.344
440.51
440.658
440.785
440.898
441
441.089
440.428
440.327
440.39
440.447
440.503
440.556
440.596
440.632
440.669
440.703
440.719
440.725
440.715
439.964
439.791
439.779
439.995
440.206
440.388
440.543
440.675
440.807
441.116
441.465
441.768
442.034
442.287
442.679
443.154
443.601
444.027
444.424
444.798
445.143
445.464
445.753
446.018
446.256
445.598
445.04
445.074
445.26
444.77
444.636
444.773
444.884
444.243
444.174
444.264
443.573
443.535
443.604
443.664
443.717
443.767
443.812
443.859
443.895
443.922
443.238
442.53
442.45
442.046
442.013
441.986
442.121
442.308
442.467
441.76
441.057
441.037
441.432
441.8
441.311
441.442
441.736
441.068
441.146
441.366
440.748
441.131
440.769
440.403
440.642
441.022
441.38
441.709
442.015
442.3
442.556
442.791
443.002
443.19
442.602
441.141
440.841
440.99
440.29
440.276
440.399
440.511
440.61
440.703
440.79
440.871
440.154
440.102
440.203
440.301
440.398
440.495
440.586
440.665
440.714
440.74
440.761
440.809
441.076
441.303
441.484
441.632
441.779
442.147
442.501
443.023
442.798
443.26
443.773
444.246
443.891
444.083
444.5
444.891
445.252
445.588
445.894
446.177
446.424
446.646
446.846
447.021
446.408
446.425
446.548
445.999
446.028
446.097
446.148
446.185
446.21
446.217
445.559
445.42
445.404
445.381
445.358
445.328
445.295
444.515
444.294
444.264
444.235
444.199
444.16
444.111
444.043
443.96
443.864
443.738
443.596
443.604
443.7
443.837
444.164
444.452
444.716
444.158
443.787
444.053
444.516
444.952
445.363
444.94
445.025
445.376
445.703
446
446.27
445.721
445.204
444.602
444.091
443.521
442.942
442.256
441.75
441.13
440.521
439.904
439.975
440.11
440.235
440.354
440.471
440.591
440.704
440.82
440.941
441.048
441.168
441.283
441.397
440.769
440.124
440.015
440.125
440.206
440.244
439.52
439.436
439.442
439.831
440.477
441.146
441.784
442.39
442.957
443.495
444.004
443.554
443.757
444.196
444.605
444.981
445.332
445.658
445.954
446.229
446.48
446.703
446.905
446.414
445.951
446.1
445.57
445.021
443.616
443.255
443.334
442.657
441.97
441.054
440.587
440.621
440.643
440.656
440.657
440.653
440.648
440.634
440.632
439.903
439.403
438.68
437.967
437.566
437.583
437.597
437.598
437.574
436.799
435.773
434.994
435.005
434.465
433.9
433.739
433.991
434.356
434.005
433.687
434.155
434.723
435.263
435.778
436.269
436.73
437.152
437.561
437.947
437.637
437.856
438.174
438.468
438.724
438.966
439.167
438.708
437.988
437.655
437.822
437.975
438.116
437.593
437.544
437.002
436.939
437.061
437.18
437.299
436.738
436.164
436.211
436.328
436.45
435.825
435.528
435.641
435.029
435.045
435.099
435.122
434.639
434.653
434.154
433.626
433.684
433.901
434.405
434.237
433.861
433.527
432.808
433.118
432.6
431.366
431.234
431.776
431.358
431.456
430.212
430.198
430.649
430.157
430.396
430
430.291
430.645
430.195
430.156
430.453
429.973
430.009
430.271
429.741
429.864
429.341
428.778
428.254
427.566
427.063
427.086
427.334
426.899
427.016
427.25
426.694
426.859
427.074
427.272
427.437
427.567
427.677
427.807
428.156
428.765
429.35
429.906
430.442
430.955
431.44
431.892
432.304
432.677
433.014
433.333
432.943
433.284
432.973
433.228
433.716
432.596
432.42
432.863
432.495
432.089
432.291
432.654
432.995
433.31
433.608
433.879
434.137
434.382
433.826
433.317
433.36
433.56
433.741
433.176
433.237
433.397
433.542
433.675
433.063
432.453
432.363
432.42
432.461
432.502
432.677
432.972
433.252
433.514
433.768
434.011
434.245
433.759
433.743
433.939
434.107
434.251
434.38
434.598
434.967
435.302
435.592
435.848
436.088
436.401
436.876
437.325
437.746
438.14
438.509
438.829
439.145
439.436
439.698
439.94
440.167
439.596
438.319
437.776
437.951
438.134
438.299
438.456
438.605
438.75
438.886
439.021
439.141
438.556
438.545
438.657
438.762
438.857
438.94
439.011
439.061
439.076
439.05
438.334
438.189
438.371
438.771
439.25
439.703
440.122
440.528
440.91
441.258
441.567
441.835
442.071
442.312
442.745
443.187
443.602
443.99
444.347
444.681
444.991
445.273
445.534
445.777
445.994
446.192
445.494
445.398
445.558
445.699
444.964
445.004
444.367
444.126
443.38
443.269
443.361
443.444
443.512
443.573
443.622
443.651
443.659
443.643
443.614
443.594
443.775
444.003
444.215
444.406
443.82
443.906
444.067
443.447
443.368
443.456
443.54
443.755
444.083
444.386
444.653
444.877
444.355
444.349
444.617
445.037
445.428
445.794
445.463
445.72
446.015
446.274
446.514
446.052
446.124
445.634
445.684
445.833
445.965
446.077
446.173
446.246
446.307
446.35
446.386
446.408
446.42
446.427
446.424
446.414
446.39
446.357
446.311
446.264
446.213
446.144
446.058
445.955
445.835
445.742
445.878
446.02
446.139
446.229
446.293
445.542
445.53
445.739
446.036
446.309
446.555
446.078
446.149
446.302
446.428
446.55
446.815
447.168
446.604
446.693
446.988
447.259
447.509
447.743
447.96
448.155
448.327
447.701
447.63
447.762
447.867
447.986
448.097
448.198
448.285
448.357
447.675
447.006
446.855
446.911
446.951
446.96
446.949
446.942
446.361
446.447
446.695
446.192
446.298
446.498
446.667
446.809
446.927
447.039
446.567
446.737
446.346
446.525
446.817
447.082
447.323
446.821
446.942
446.393
445.631
444.867
444.321
444.545
443.249
442.076
442.26
442.586
441.968
441.454
440.829
440.844
441.088
441.306
441.502
441.682
441.172
440.208
440.062
440.191
440.3
440.395
440.479
440.545
440.595
440.632
440.654
440.667
440.673
440.67
440.663
440.645
440.606
440.545
440.469
440.394
439.66
439.65
439.843
440.031
440.208
440.374
440.528
440.676
440.088
439.998
440.081
440.14
440.173
440.233
440.483
439.879
440.022
440.232
440.658
441.089
441.499
441.887
442.255
442.6
442.925
443.227
441.923
441.754
442.034
441.503
441.518
441.776
442.02
442.249
442.459
442.655
442.005
441.406
440.546
439.903
440.034
439.363
439.023
439.212
439.584
439.939
439.39
439.468
439.784
440.074
440.341
440.58
440.788
440.983
441.282
440.871
441.071
441.49
441.885
442.261
442.611
442.194
442.436
442.718
442.967
443.176
443.346
443.486
442.936
442.431
442.702
443.05
443.371
442.896
442.97
443.234
443.473
443.691
443.891
444.074
444.236
444.38
444.501
444.612
444.704
444.783
444.853
444.217
444.112
444.14
443.455
443.393
443.384
443.36
443.313
443.237
442.367
441.596
440.741
439.898
439.334
439.443
439.622
438.975
438.898
439.058
438.488
438.295
438.432
438.548
438.631
438.695
438.751
438.109
438.275
438.578
437.427
436.913
436.362
435.79
434.779
434.774
434.954
434.479
433.338
431.724
431.663
432.097
431.612
431.728
432.124
431.598
431.849
432.212
431.761
431.36
431.348
431.008
431.17
431.511
431.051
431.263
431.583
431.884
432.159
432.398
432.604
432.788
432.297
432.39
432.769
433.123
433.516
434.104
434.66
434.35
434.206
434.51
434.984
435.428
435.853
436.256
436.634
436.241
436.523
436.052
435.811
436.073
436.36
436.631
436.879
437.106
437.305
437.472
437.593
437.683
437.764
437.984
438.301
438.591
438.855
438.214
437.162
437.313
437.521
437.707
437.875
438.036
438.178
438.309
437.571
437.601
437.716
437.824
437.916
437.176
437.133
437.215
437.286
436.622
436.05
435.994
436.011
436.007
435.99
435.969
436.146
435.664
435.181
435.312
435.679
436.107
436.523
435.98
436.036
436.413
436.772
437.117
437.441
437.739
438.017
437.567
436.977
436.672
436.859
437.024
437.254
437.653
438.031
437.703
437.806
438.146
438.467
438.772
439.065
439.344
439.612
439.87
440.12
440.366
440.601
440.825
441.038
441.242
441.431
441.601
441.732
441.838
441.894
441.915
441.935
442.164
442.6
442.217
442.303
442.75
443.166
443.551
443.914
444.257
444.571
444.866
445.132
445.387
445.622
445.839
446.026
446.206
445.481
444.663
444.533
444.676
444.027
444.051
444.136
444.177
443.342
442.709
442.725
442.139
442.238
442.464
442.67
442.859
443.021
442.443
442.216
441.482
440.73
440.343
440.473
440.595
440.709
440.811
440.904
440.993
441.077
441.15
441.204
441.255
441.284
441.286
441.262
440.438
440.179
440.322
439.824
439.847
439.335
439.068
439.345
439.764
438.81
439.063
439.44
439.103
439.258
439.587
439.899
439.446
439.079
439.274
439.509
439.708
439.87
439.294
439.231
439.461
439.828
440.166
440.477
440.765
441.039
440.605
440.661
440.883
441.089
441.289
441.484
441.667
441.835
441.263
440.75
440.697
440.861
441.014
441.16
439.947
439.294
439.076
439.183
439.261
438.608
438.408
438.415
438.647
438.868
439.27
439.704
440.115
440.498
440.856
441.193
440.781
440.943
441.224
440.678
440.309
440.491
440.707
440.113
440.131
440.315
440.482
439.92
439.98
440.106
440.216
440.309
440.378
440.419
440.426
439.65
439.494
439.53
439.763
439.983
440.189
440.385
440.567
440.739
440.896
441.045
441.189
441.326
441.46
440.902
440.228
440.161
440.27
440.36
440.436
440.498
440.524
440.49
440.434
440.37
439.665
439.691
440.163
440.616
441.047
440.695
441.019
440.708
440.814
441.165
441.5
441.819
442.092
442.37
442.631
442.192
441.705
441.206
440.697
440.409
440.5
440.622
440.97
441.312
441.625
441.916
442.181
442.428
442.661
442.199
442.215
441.631
440.655
440.722
440.908
441.084
441.248
441.403
441.555
441.693
441.822
441.938
442.026
442.082
441.376
440.68
439.832
438.539
437.068
436.54
435.459
434.743
434.348
433.939
433.425
432.805
431.629
431.284
431.118
430.939
430.752
430.558
430.353
430.139
429.103
428.706
428.482
427.635
427.282
427.039
426.085
425.77
425.51
425.241
424.169
423.264
422.176
421.684
420.715
420.577
420.548
419.91
419.5
419.454
419.4
419.345
419.282
419.217
419.151
419.079
419.002
418.927
418.842
418.753
418.649
418.525
418.38
418.236
418.118
418.246
418.371
418.483
418.583
418.663
418.711
418.73
418.741
418.811
419.09
419.35
419.596
419.829
420.046
420.243
420.424
419.901
419.758
419.888
419.98
420.047
420.088
420.15
420.436
420.694
420.927
421.132
421.311
421.466
421.602
421.716
421.811
421.882
421.932
421.221
421.018
421.027
421.022
421.002
420.172
419.778
419.717
418.839
417.93
417.627
417.559
416.658
416.416
416.329
416.232
416.125
416.004
415.87
415.724
415.554
415.359
415.123
414.882
414.661
413.902
413.859
413.879
413.892
413.892
413.884
413.128
412.378
412.271
412.237
412.198
412.145
412.073
411.26
410.952
410.817
410.675
410.631
409.974
409.175
408.948
408.24
408.141
408.242
408.331
408.407
408.465
408.528
408.584
408.635
408.678
408.049
407.057
406.495
406.352
406.356
406.334
405.977
405.836
406.08
406.315
405.722
405.499
405.644
405.657
405.78
405.888
405.984
406.067
406.152
406.268
406.36
406.44
406.54
406.17
406.369
406.331
406.329
405.971
405.523
405.387
405.449
405.702
405.933
406.128
406.291
406.423
406.534
405.958
405.809
406.134
406.459
406.758
407.038
407.291
407.52
407.729
407.898
408.061
408.204
408.329
408.439
408.529
407.862
407.851
407.825
407.855
407.87
407.878
407.873
407.862
407.844
407.815
407.634
406.737
406.61
406.554
406.492
405.649
405.359
405.279
405.179
405.053
404.919
404.807
404.926
405.052
405.167
405.27
404.504
404.46
404.534
404.582
404.611
404.611
404.589
404.562
404.669
404.894
405.106
405.303
405.49
405.666
405.833
405.989
406.121
406.251
406.372
406.003
405.991
406.084
406.163
406.221
406.251
406.259
405.508
405.441
405.719
405.984
406.236
406.468
406.694
406.901
407.094
407.279
407.455
407.613
407.071
407.079
407.2
407.297
407.363
407.404
406.73
406.558
406.87
407.142
407.427
407.696
407.526
407.675
407.896
408.094
407.992
407.906
408.038
407.997
408.078
408.16
408.435
408.741
409.019
408.358
406.76
406.338
405.659
405.737
405.036
405.08
405.264
405.425
405.568
405.695
405.801
405.187
404.393
403.714
403.04
402.689
401.914
401.919
401.982
402.032
402.078
402.113
402.14
402.153
401.351
401.298
401.31
401.304
401.27
401.22
401.168
400.462
399.957
400.057
400.254
400.437
399.851
399.952
400.105
400.247
400.37
399.735
399.686
399.747
399.808
400.024
400.334
399.922
399.495
399.581
399.858
400.121
399.554
398.971
398.399
397.821
397.539
397.701
397.903
397.271
397.249
397.38
396.799
396.629
396.725
396.804
396.869
396.919
397.039
397.065
396.855
396.773
396.768
396.754
396.735
396.71
396.427
396.173
396.135
396.094
396.052
396.044
395.675
395.419
395.434
395.393
395.346
395.168
394.955
394.648
394.557
394.29
394.318
394.138
394.084
394.013
393.934
393.821
393.698
393.566
393.534
393.657
393.889
394.02
394.142
394.258
394.355
394.486
394.663
394.749
394.825
394.902
394.977
394.955
394.85
394.907
394.896
394.948
394.925
394.974
395.026
394.842
394.657
394.46
394.344
394.367
394.381
394.447
394.622
394.683
394.752
394.825
394.882
394.955
395.023
395.091
395.156
395.173
395.176
395.199
395.201
395.163
394.927
394.797
394.584
394.458
394.493
394.522
394.545
394.317
394.002
394.003
394.009
394.013
393.821
393.66
393.652
393.643
393.624
393.605
393.583
393.554
393.524
393.475
393.135
392.867
392.83
392.793
392.756
392.712
392.668
392.623
392.578
392.533
392.489
392.448
392.411
392.383
392.359
392.342
392.331
392.333
392.337
392.341
392.358
392.361
392.384
392.411
392.443
392.459
392.448
392.421
392.403
392.384
