48.218
2.28187e+07
0
0
127.102
138.321
140.405
140.231
142.481
141.98
142.041
142.044
142.047
142.05
142.048
142.046
142.035
142.026
142.013
141.997
141.979
141.96
141.938
141.917
141.889
141.859
141.824
141.789
141.75
141.683
141.656
141.628
141.596
141.568
141.534
141.497
141.458
141.418
141.376
141.333
141.287
141.243
141.186
141.135
141.079
141.005
140.943
140.887
140.827
140.768
140.717
140.667
140.603
140.542
140.472
140.41
140.342
140.267
140.188
140.121
140.045
139.975
139.894
139.808
139.734
139.67
139.589
139.517
139.443
139.37
139.287
139.204
139.115
139.024
138.942
138.854
138.769
138.663
138.569
138.482
138.384
138.298
138.211
138.115
138.002
137.898
137.792
137.68
137.571
137.465
137.349
137.229
137.105
136.98
136.856
136.727
136.606
136.486
136.358
136.231
136.122
136.004
135.876
135.751
135.629
135.517
135.409
135.291
135.181
135.064
134.963
134.842
134.726
134.597
134.475
134.359
134.234
134.121
133.997
133.856
133.708
133.578
133.441
133.331
133.176
133.018
132.871
132.731
132.581
132.453
132.298
132.141
131.98
131.831
131.669
131.505
131.335
131.167
131.002
130.854
130.715
130.574
130.422
130.274
130.128
129.971
129.814
129.657
129.498
129.331
129.178
129.059
128.921
128.783
128.638
128.478
128.321
128.162
128.009
127.862
127.722
127.586
127.434
127.295
127.148
127.001
126.848
126.7
126.56
126.421
126.274
126.136
125.988
125.857
125.725
125.583
125.452
125.313
125.177
125.065
124.934
124.8
124.683
124.528
124.387
124.237
124.109
123.995
123.879
123.739
123.595
123.449
123.319
123.129
122.933
122.812
122.717
122.591
122.475
122.371
122.248
122.127
121.993
121.878
121.751
121.649
121.551
121.445
121.325
121.225
121.11
121
120.889
120.787
120.671
120.552
120.439
120.344
120.236
120.104
120
119.882
119.755
119.637
119.537
119.402
119.287
119.167
119.077
118.928
118.824
118.726
118.605
118.476
118.37
118.273
118.142
118.041
117.928
117.797
117.678
117.559
117.446
117.31
117.194
117.077
116.969
116.859
116.771
116.669
116.566
116.46
116.361
116.259
116.141
116.02
115.914
115.789
115.698
115.586
115.476
115.373
115.265
115.141
115.034
114.926
114.826
114.709
114.613
114.526
114.438
114.335
114.233
114.133
114.028
113.925
113.861
113.843
113.816
113.821
113.784
113.72
113.682
113.628
113.566
113.503
113.467
113.419
113.346
113.298
113.24
113.189
113.13
113.089
113.032
112.965
112.924
112.883
112.821
112.765
112.737
112.705
112.641
112.607
112.542
112.478
112.432
112.38
112.296
112.247
112.189
112.118
112.027
111.97
111.909
111.857
111.805
111.75
111.74
111.777
111.823
111.815
111.824
111.821
111.809
111.797
111.799
111.8
111.814
111.827
111.84
111.842
111.856
111.877
111.922
111.944
111.896
111.896
111.907
111.94
111.957
112.003
112.041
112.03
112.078
112.078
112.078
112.081
112.101
112.101
112.117
112.124
112.133
112.151
112.136
112.184
112.162
112.157
112.175
112.184
112.192
112.228
112.271
112.299
112.332
112.404
112.433
112.477
112.57
112.645
112.7
112.783
112.868
112.955
113.02
113.108
113.192
113.23
113.334
113.408
113.476
113.546
113.613
113.683
113.766
113.828
113.895
113.96
114.033
114.111
114.186
114.257
114.318
114.386
114.455
114.516
114.577
114.627
114.66
114.7
114.732
114.778
114.795
114.833
114.866
114.882
114.913
114.94
114.961
114.975
114.997
115.011
115.034
115.088
115.137
115.174
115.21
115.253
115.287
115.349
115.394
115.438
115.469
115.512
115.535
115.57
115.608
115.618
115.672
115.711
115.742
115.775
115.799
115.84
115.894
115.891
115.905
115.896
115.883
115.891
115.893
115.903
115.883
115.882
115.879
115.849
115.846
115.827
115.811
115.784
115.793
115.771
115.754
115.721
115.704
115.691
115.659
115.656
115.685
115.705
115.73
115.743
115.754
115.774
115.786
115.825
115.852
115.904
115.934
115.968
115.992
116.013
116.039
116.066
116.082
116.109
116.144
116.184
116.198
116.214
116.239
116.265
116.263
116.245
116.243
116.228
116.224
116.225
116.211
116.193
116.184
116.178
116.159
116.144
116.129
116.122
116.105
116.142
116.152
116.141
116.164
116.167
116.16
116.153
116.146
116.13
116.117
116.112
116.101
116.084
116.083
116.097
116.117
116.133
116.121
116.113
116.111
116.074
116.046
116.01
115.975
115.97
115.948
115.921
115.878
115.844
115.804
115.759
115.729
115.705
115.652
115.608
115.58
115.536
115.479
115.442
115.383
115.339
115.272
115.237
115.177
115.124
115.062
115.005
114.956
114.899
114.86
114.837
114.817
114.782
114.754
114.736
114.713
114.674
114.619
114.586
114.543
114.515
114.481
114.437
114.393
114.366
114.331
114.284
114.238
114.188
114.164
114.134
114.1
114.071
114.02
113.947
113.9
113.879
113.865
113.839
113.811
113.783
113.745
113.713
113.677
113.644
113.591
113.567
113.529
113.492
113.449
113.411
113.375
113.342
113.3
113.251
113.226
113.199
113.164
113.142
113.092
113.072
113.026
112.982
112.953
112.899
112.838
112.803
112.765
112.735
112.723
112.695
112.697
112.676
112.654
112.661
112.648
112.655
112.65
112.625
112.624
112.606
112.626
112.587
112.593
112.6
112.592
112.565
112.544
112.573
112.571
112.617
112.697
112.762
112.81
112.832
112.866
112.901
112.942
112.99
113.029
113.084
113.176
113.23
113.262
113.328
113.394
113.456
113.531
113.576
113.613
113.661
113.699
113.73
113.763
113.796
113.822
113.863
113.928
113.965
114.022
114.069
114.104
114.115
114.165
114.201
114.236
114.237
114.26
114.312
114.34
114.356
114.384
114.424
114.457
114.48
114.506
114.514
114.539
114.559
114.58
114.593
114.587
114.612
114.608
114.606
114.612
114.64
114.669
114.697
114.711
114.731
114.741
114.75
114.771
114.78
114.775
114.769
114.736
114.73
114.7
114.71
114.721
114.721
114.737
114.756
114.761
114.736
114.754
114.738
114.739
114.736
114.72
114.706
114.727
114.709
114.695
114.686
114.671
114.677
114.698
114.733
114.758
114.751
114.776
114.811
114.82
114.825
114.858
114.893
114.938
114.985
115.01
115.055
115.06
115.103
115.161
115.233
115.261
115.3
115.363
115.401
115.412
115.478
115.54
115.552
115.596
115.643
115.691
115.714
115.762
115.805
115.836
115.857
115.879
115.906
115.901
115.914
115.93
115.933
115.96
115.977
116.006
116.015
116.017
116.036
116.045
116.045
116.066
116.084
116.081
116.09
116.064
116.028
116.023
115.985
115.939
115.894
115.914
115.962
115.975
115.993
115.988
115.993
115.996
115.985
115.986
115.98
115.978
115.978
115.958
115.961
115.957
115.964
115.927
115.923
115.905
115.889
115.844
115.821
115.782
115.75
115.737
115.74
115.737
115.705
115.707
115.698
115.673
115.65
115.647
115.627
115.608
115.572
115.555
115.539
115.501
115.464
115.445
115.406
115.37
115.313
115.278
115.238
115.187
115.176
115.149
115.135
115.13
115.122
115.122
115.145
115.244
115.278
115.313
115.358
115.403
115.433
115.449
115.5
115.556
115.629
115.68
115.735
115.798
115.868
115.935
115.975
116.003
116.025
116.053
116.054
116.058
116.05
116.044
116.047
116.045
116.046
116.049
116.114
116.152
116.221
116.28
116.32
116.365
116.414
116.445
116.492
116.532
116.548
116.557
116.558
116.594
116.619
116.636
116.622
116.614
116.62
116.61
116.607
116.664
116.714
116.784
116.854
116.91
116.935
116.957
116.969
116.998
117.04
117.046
117.042
117.059
117.049
117.045
117.023
117.038
117.061
117.101
117.131
117.157
117.153
117.133
117.138
117.145
117.136
117.148
117.136
117.108
117.095
117.058
117.045
117.023
117.008
116.997
116.969
116.961
116.951
116.938
116.9
116.874
116.867
116.871
116.86
116.872
116.868
116.866
116.836
116.816
116.797
116.762
116.738
116.712
116.68
116.655
116.608
116.573
116.512
116.456
116.423
116.376
116.307
116.249
116.2
116.162
116.114
116.06
116.012
115.961
115.915
115.862
115.817
115.764
115.728
115.688
115.631
115.586
115.539
115.491
115.438
115.378
115.328
115.279
115.251
115.236
115.216
115.204
115.184
115.165
115.149
115.109
115.07
115.021
115.002
115.003
115.06
115.098
115.152
115.204
115.229
115.279
115.285
115.304
115.289
115.285
115.287
115.306
115.35
115.382
115.423
115.438
115.462
115.481
115.52
115.532
115.546
115.571
115.585
115.59
115.594
115.596
115.59
115.572
115.562
115.576
115.577
115.593
115.615
115.653
115.686
115.73
115.774
115.765
115.805
115.865
115.895
115.91
115.924
115.921
115.904
115.908
115.906
115.927
115.927
115.908
115.897
115.92
115.908
115.929
115.952
115.949
115.94
115.927
115.925
115.937
115.917
115.911
115.885
115.868
115.852
115.838
115.792
115.777
115.745
115.725
115.703
115.684
115.663
115.628
115.616
115.574
115.543
115.514
115.514
115.509
115.503
115.497
115.499
115.497
115.499
115.495
115.483
115.505
115.51
115.51
115.523
115.517
115.52
115.515
115.506
115.5
115.486
115.483
115.455
115.444
115.428
115.417
115.391
115.367
115.321
115.283
115.242
115.206
115.167
115.138
115.081
115.04
114.993
114.94
114.899
114.853
114.828
114.804
114.794
114.789
114.786
114.764
114.764
114.749
114.714
114.696
114.682
114.661
114.63
114.618
114.595
114.545
114.503
114.459
114.379
114.345
114.309
114.243
114.201
114.136
114.088
114.07
114.084
114.098
114.109
114.095
114.099
114.06
114.043
114.016
113.982
113.971
113.956
113.925
113.906
113.871
113.841
113.815
113.751
113.705
113.64
113.598
113.562
113.525
113.486
113.475
113.453
113.412
113.367
113.337
113.304
113.259
113.231
113.175
113.129
113.106
113.078
113.066
113.041
113.021
112.975
112.961
112.934
112.882
112.874
112.845
112.78
112.738
112.701
112.663
112.622
112.595
112.537
112.501
112.451
112.399
112.366
112.31
112.278
112.234
112.178
112.137
112.1
112.039
111.976
111.914
111.876
111.821
111.77
111.73
111.684
111.64
111.586
111.532
111.477
111.424
111.364
111.327
111.268
111.216
111.165
111.118
111.079
111.056
111.053
111.004
110.967
110.955
110.935
110.891
110.868
110.86
110.811
110.796
110.776
110.753
110.723
110.707
110.69
110.634
110.615
110.608
110.577
110.529
110.521
110.498
110.453
110.432
110.419
110.422
110.464
110.524
110.606
110.638
110.691
110.757
110.792
110.821
110.823
110.869
110.876
110.877
110.902
110.92
110.927
110.962
110.997
111.029
111.072
111.091
111.128
111.167
111.175
111.212
111.24
111.278
111.313
111.326
111.339
111.357
111.393
111.423
111.472
111.499
111.567
111.617
111.641
111.68
111.727
111.747
111.792
111.843
111.895
111.942
111.955
112.002
112.025
112.042
112.092
112.134
112.154
112.174
112.196
112.224
112.253
112.283
112.331
112.363
112.4
112.466
112.537
112.584
112.64
112.71
112.773
112.851
112.95
113.05
113.112
113.21
113.314
113.396
113.496
113.607
113.687
113.744
113.808
113.905
113.946
114.003
114.047
114.099
114.186
114.301
114.399
114.467
114.563
114.668
114.776
114.88
114.975
115.042
115.122
115.182
115.235
115.3
115.361
115.405
115.451
115.496
115.54
115.597
115.652
115.701
115.747
115.794
115.831
115.886
115.948
115.99
116.058
116.121
116.179
116.24
116.285
116.317
116.37
116.404
116.45
116.488
116.524
116.554
116.566
116.597
116.637
116.651
116.66
116.675
116.723
116.762
116.79
116.819
116.851
116.878
116.906
116.932
116.934
116.961
116.98
117.007
117.034
117.035
117.059
117.053
117.054
117.04
117.04
117.06
117.084
117.1
117.12
117.107
117.08
117.059
117.038
117.011
116.986
116.971
116.969
116.956
116.944
116.942
116.927
116.94
116.942
116.936
116.958
116.969
116.963
116.961
116.962
116.958
116.962
116.972
116.944
116.912
116.87
116.857
116.844
116.827
116.812
116.809
116.787
116.772
116.759
116.736
116.707
116.678
116.643
116.677
116.671
116.683
116.679
116.665
116.689
116.723
116.738
116.758
116.785
116.821
116.855
116.858
116.863
116.86
116.868
116.883
116.873
116.889
116.886
116.88
116.892
116.865
116.859
116.849
116.833
116.828
116.811
116.799
116.801
116.802
116.791
116.795
116.783
116.77
116.758
116.741
116.74
116.733
116.756
116.776
116.771
116.783
116.795
116.801
116.799
116.79
116.779
116.781
116.783
116.757
116.738
116.73
116.72
116.705
116.691
116.697
116.706
116.693
116.693
116.664
116.669
116.66
116.635
116.623
116.625
116.615
116.583
116.599
116.633
116.639
116.622
116.616
116.627
116.656
116.653
116.671
116.663
116.651
116.666
116.671
116.661
116.665
116.661
116.663
116.658
116.654
116.636
116.638
116.628
116.628
116.611
116.598
116.59
116.553
116.529
116.514
116.486
116.443
116.418
116.389
116.348
116.304
116.278
116.251
116.232
116.207
116.167
116.133
116.096
116.06
116.019
116.009
116.003
115.985
115.958
115.936
115.92
115.913
115.88
115.85
115.814
115.799
115.767
115.708
115.696
115.657
115.613
115.567
115.545
115.486
115.446
115.415
115.39
115.352
115.329
115.303
115.274
115.25
115.205
115.178
115.117
115.111
115.057
115.024
114.991
114.962
114.909
114.865
114.839
114.784
114.731
114.702
114.654
114.604
114.565
114.529
114.475
114.428
114.389
114.347
114.307
114.264
114.234
114.197
114.154
114.116
114.066
114.024
113.992
113.942
113.903
113.875
113.842
113.803
113.758
113.708
113.659
113.63
113.587
113.544
113.504
113.451
113.381
113.327
113.283
113.22
113.141
113.08
113.015
112.952
112.915
112.859
112.783
112.742
112.686
112.619
112.575
112.523
112.457
112.403
112.374
112.374
112.34
112.303
112.286
112.267
112.241
112.207
112.232
112.204
112.178
112.171
112.172
112.13
112.127
112.128
112.089
112.07
112.061
112.046
112.034
112.007
112.014
111.993
111.966
111.952
111.974
111.95
111.938
111.916
111.911
111.882
111.899
111.897
111.897
111.906
111.916
111.872
111.83
111.826
111.83
111.767
111.8
111.797
111.799
111.815
111.847
111.843
111.863
111.942
112.044
112.126
112.176
112.223
112.253
112.268
112.306
112.372
112.426
112.45
112.463
112.501
112.555
112.648
112.715
112.755
112.773
112.827
112.87
112.914
112.954
112.997
113.03
113.064
113.086
113.076
113.094
113.092
113.116
113.188
113.246
113.308
113.348
113.386
113.439
113.496
113.518
113.57
113.665
113.752
113.836
113.922
114
114.067
114.123
114.198
114.254
114.303
114.359
114.42
114.479
114.533
114.623
114.695
114.762
114.814
114.867
114.918
114.974
115.032
115.104
115.159
115.205
115.265
115.311
115.355
115.407
115.459
115.493
115.533
115.573
115.615
115.63
115.581
115.514
115.527
115.552
115.531
115.537
115.511
115.521
115.542
115.528
115.54
115.584
115.58
115.571
115.58
115.579
115.59
115.566
115.559
115.547
115.575
115.615
115.641
115.666
115.675
115.691
115.72
115.719
115.731
115.73
115.748
115.712
115.699
115.685
115.666
115.64
115.62
115.585
115.573
115.545
115.523
115.5
115.457
115.425
115.406
115.35
115.314
115.311
115.309
115.316
115.322
115.33
115.334
115.339
115.35
115.353
115.363
115.378
115.387
115.421
115.449
115.485
115.518
115.532
115.57
115.597
115.617
115.646
115.671
115.698
115.768
115.826
115.892
115.958
116.026
116.097
116.18
116.289
116.391
116.502
116.613
116.714
116.82
116.904
117.014
117.114
117.204
117.289
117.352
117.416
117.476
117.513
117.566
117.622
117.668
117.707
117.772
117.837
117.891
117.946
118.014
118.068
118.121
118.164
118.225
118.247
118.267
118.308
118.34
118.379
118.41
118.431
118.451
118.446
118.487
118.496
118.498
118.498
118.525
118.514
118.528
118.51
118.498
118.517
118.501
118.479
118.479
118.455
118.434
118.421
118.386
118.345
118.326
118.318
118.283
118.246
118.231
118.2
118.153
118.131
118.066
118.036
117.982
117.927
117.881
117.825
117.776
117.703
117.638
117.547
117.481
117.417
117.365
117.316
117.263
117.208
117.146
117.092
117.027
116.956
116.89
116.84
116.747
116.661
116.563
116.47
116.384
116.307
116.216
116.139
116.057
115.988
115.904
115.816
115.741
115.659
115.58
115.499
115.44
115.392
115.329
115.268
115.214
115.144
115.078
115.034
114.98
114.934
114.874
114.807
114.74
114.713
114.676
114.618
114.575
114.533
114.478
114.415
114.354
114.286
114.234
114.149
114.067
114.005
113.931
113.85
113.769
113.723
113.673
113.601
113.531
113.496
113.431
113.365
113.308
113.229
113.153
113.093
113.041
112.981
112.93
112.882
112.81
112.755
112.703
112.642
112.576
112.523
112.467
112.411
112.348
112.293
112.234
112.17
112.094
112.029
112.001
111.997
112.001
112.012
112.004
112.036
112.086
112.107
112.152
112.202
112.249
112.267
112.301
112.334
112.361
112.432
112.499
112.518
112.565
112.6
112.64
112.678
112.706
112.729
112.755
112.779
112.788
112.822
112.858
112.897
112.955
113.014
113.057
113.096
113.126
113.182
113.242
113.289
113.34
113.424
113.481
113.59
113.678
113.759
113.849
113.957
114.027
114.092
114.152
114.257
114.344
114.417
114.481
114.542
114.592
114.671
114.751
114.791
114.821
114.872
114.909
114.951
114.975
114.992
115.03
115.062
115.09
115.102
115.127
115.121
115.143
115.14
115.139
115.135
115.118
115.124
115.122
115.105
115.112
115.104
115.081
115.057
115.046
115.045
115.022
115
114.973
114.943
114.911
114.875
114.861
114.824
114.782
114.755
114.712
114.693
114.657
114.628
114.598
114.558
114.52
114.485
114.44
114.401
114.367
114.32
114.266
114.216
114.175
114.124
114.064
114.001
113.959
113.909
113.857
113.816
113.763
113.718
113.661
113.629
113.581
113.544
113.511
113.476
113.41
113.372
113.323
113.281
113.285
113.315
113.358
113.366
113.401
113.433
113.44
113.444
113.444
113.43
113.423
113.408
113.365
113.298
113.235
113.154
113.092
113.058
112.997
112.958
112.942
112.91
112.875
112.833
112.787
112.753
112.711
112.671
112.628
112.59
112.55
112.502
112.451
112.415
112.367
112.314
112.282
112.246
112.132
112.064
112.034
111.994
111.946
111.926
111.873
111.832
111.784
111.742
111.71
111.675
111.657
111.691
111.71
111.732
111.746
111.751
111.75
111.771
111.769
111.788
111.84
111.862
111.883
111.883
111.914
111.912
111.922
111.956
111.987
112.002
112.047
112.103
112.124
112.169
112.207
112.247
112.288
112.288
112.295
112.37
112.367
112.397
112.44
112.449
112.456
112.472
112.491
112.484
112.491
112.489
112.497
112.522
112.624
112.739
112.816
112.921
113.005
113.096
113.172
113.271
113.343
113.4
113.457
113.539
113.605
113.635
113.686
113.75
113.814
113.845
113.895
113.967
114
114.046
114.126
114.168
114.221
114.267
114.315
114.373
114.406
114.458
114.478
114.51
114.541
114.579
114.588
114.615
114.642
114.664
114.67
114.691
114.718
114.718
114.733
114.753
114.767
114.78
114.798
114.829
114.848
114.9
114.941
115.035
115.145
115.277
115.377
115.521
115.638
115.748
115.839
115.92
116.012
115.781
115.829
115.861
115.941
116.015
116.06
116.145
116.181
116.252
116.29
116.351
116.392
116.45
116.498
116.527
116.572
116.61
116.644
116.688
116.715
116.752
116.756
116.801
116.831
116.849
116.851
116.857
116.883
116.878
116.86
116.87
116.851
116.825
116.788
116.774
116.74
116.72
116.686
116.66
116.637
116.599
116.553
116.517
116.486
116.448
116.451
116.449
116.401
116.402
116.393
116.392
116.401
116.424
116.407
116.4
116.414
116.423
116.407
116.4
116.398
116.398
116.396
116.412
116.41
116.407
116.406
116.396
116.366
116.35
116.358
116.34
116.328
116.333
116.312
116.297
116.304
116.29
116.289
116.256
116.261
116.247
116.212
116.219
116.186
116.147
116.135
116.12
116.097
116.061
116.041
116.019
116.01
115.982
115.985
115.98
115.959
115.94
115.917
115.901
115.873
115.862
115.847
115.845
115.825
115.819
115.799
115.787
115.758
115.729
115.723
115.686
115.657
115.638
115.588
115.557
115.523
115.498
115.459
115.418
115.382
115.347
115.293
115.257
115.232
115.2
115.174
115.137
115.112
115.088
115.073
115.046
115.019
114.994
114.907
114.899
114.868
114.845
114.853
114.818
114.773
114.765
114.723
114.677
114.643
114.611
114.563
114.527
114.501
114.488
114.493
114.48
114.478
114.467
114.446
114.409
114.376
114.347
114.317
114.28
114.237
114.196
114.156
114.092
114.059
114.016
113.979
113.942
113.94
113.923
113.912
113.89
113.863
113.837
113.814
113.803
113.75
113.741
113.725
113.708
113.728
113.772
113.8
113.819
113.855
113.873
113.915
113.976
114.008
114.048
114.081
114.097
114.129
114.18
114.175
114.218
114.278
114.333
114.375
114.428
114.479
114.509
114.554
114.582
114.637
114.663
114.694
114.736
114.792
114.838
114.882
114.926
114.978
115.011
115.028
115.056
115.085
115.109
115.136
115.149
115.169
115.164
115.181
115.217
115.287
115.358
115.426
115.503
115.527
115.562
115.576
115.6
115.626
115.656
115.678
115.7
115.721
115.72
115.739
115.768
115.776
115.77
115.793
115.8
115.796
115.786
115.824
115.817
115.82
115.825
115.834
115.824
115.819
115.839
115.819
115.787
115.787
115.776
115.755
115.716
115.715
115.693
115.656
115.624
115.576
115.556
115.523
115.475
115.418
115.374
115.327
115.291
115.242
115.206
115.18
115.139
115.065
114.937
114.908
114.867
114.814
114.782
114.749
114.706
114.674
114.625
114.604
114.567
114.52
114.503
114.46
114.409
114.362
114.338
114.298
114.249
114.227
114.191
114.123
114.102
114.086
114.045
113.995
113.946
113.91
113.868
113.802
113.758
113.725
113.666
113.618
113.601
113.598
113.58
113.556
113.515
113.481
113.462
113.439
113.395
113.361
113.336
113.301
113.265
113.214
113.178
113.132
113.063
113.023
113.028
113.046
113.059
113.074
113.099
113.142
113.148
113.181
113.206
113.243
113.228
113.247
113.259
113.255
113.216
113.215
113.202
113.18
113.184
113.196
113.187
113.167
113.181
113.198
113.207
113.223
113.216
113.232
113.262
113.248
113.262
113.252
113.277
113.245
113.254
113.235
113.226
113.234
113.211
113.2
113.186
113.172
113.138
113.133
113.118
113.08
113.05
113.037
113.028
112.979
112.961
112.916
112.892
112.861
112.831
112.784
112.783
112.747
112.731
112.705
112.714
112.714
112.678
112.694
112.708
112.685
112.697
112.73
112.735
112.733
112.776
112.785
112.787
112.804
112.823
112.852
112.856
112.874
112.885
112.891
112.918
112.942
112.984
113.002
113.033
113.039
113.047
113.072
113.101
113.113
113.137
113.167
113.206
113.243
113.287
113.331
113.396
113.423
113.472
113.523
113.569
113.625
113.671
113.707
113.75
113.765
113.785
113.83
113.852
113.863
113.871
113.888
113.897
113.905
113.847
113.839
113.865
113.876
113.879
113.87
113.904
113.935
113.986
114.048
114.121
114.187
114.251
114.301
114.343
114.384
114.427
114.499
114.51
114.534
114.567
114.585
114.591
114.605
114.623
114.631
114.629
114.647
114.639
114.624
114.622
114.632
114.632
114.625
114.638
114.638
114.64
114.646
114.665
114.653
114.67
114.689
114.69
114.687
114.7
114.762
114.808
114.853
114.901
114.935
114.975
115.021
115.076
115.129
115.168
115.205
115.237
115.269
115.286
115.318
115.364
115.402
115.45
115.473
115.548
115.574
115.588
115.613
115.646
115.67
115.703
115.73
115.738
115.753
115.794
115.832
115.887
115.95
116.016
116.093
116.165
116.23
116.292
116.353
116.416
116.466
116.508
116.574
116.625
116.668
116.724
116.778
116.821
116.872
116.919
116.969
117.015
117.054
117.061
117.072
117.048
117.047
117.048
117.063
117.055
117.069
117.095
117.109
117.123
117.138
117.157
117.2
117.236
117.261
117.275
117.305
117.3
117.334
117.343
117.338
117.33
117.32
117.322
117.306
117.295
117.301
117.297
117.284
117.275
117.248
117.243
117.211
117.198
117.197
117.18
117.149
117.108
117.068
117.011
116.972
116.937
116.889
116.82
116.767
116.718
116.651
116.592
116.55
116.478
116.424
116.376
116.312
116.237
116.188
116.12
116.052
115.964
115.912
115.841
115.766
115.694
115.64
115.574
115.517
115.531
115.519
115.515
115.52
115.522
115.488
115.49
115.46
115.45
115.432
115.413
115.395
115.394
115.413
115.428
115.42
115.424
115.44
115.388
115.362
115.333
115.33
115.31
115.29
115.321
115.347
115.361
115.369
115.405
115.423
115.411
115.418
115.414
115.363
115.368
115.353
115.335
115.309
115.294
115.268
115.224
115.189
115.168
115.122
115.096
115.04
114.992
114.966
114.923
114.858
114.829
114.793
114.748
114.721
114.699
114.643
114.611
114.578
114.564
114.496
114.449
114.417
114.362
114.306
114.253
114.207
114.139
114.077
114.035
113.968
113.903
113.848
113.795
113.722
113.662
113.641
113.578
113.54
113.534
113.542
113.502
113.455
113.436
113.382
113.348
113.31
113.319
113.296
113.28
113.286
113.28
113.263
113.241
113.264
113.277
113.28
113.279
113.277
113.253
113.247
113.233
113.192
113.181
113.151
113.14
113.145
113.153
113.176
113.196
113.203
113.225
113.247
113.275
113.29
113.325
113.358
113.362
113.383
113.416
113.446
113.456
113.468
113.553
113.629
113.697
113.786
113.859
113.924
113.989
114.064
114.135
114.175
114.247
114.303
114.34
114.355
114.374
114.375
114.391
114.413
114.431
114.439
114.441
114.445
114.436
114.431
114.447
114.436
114.437
114.428
114.439
114.432
114.43
114.416
114.403
114.399
114.366
114.344
114.316
114.279
114.273
114.316
114.374
114.378
114.398
114.454
114.493
114.544
114.59
114.597
114.639
114.668
114.72
114.751
114.781
114.797
114.827
114.846
114.922
115.003
115.099
115.175
115.214
115.245
115.297
115.319
115.341
115.384
115.428
115.445
115.464
115.491
115.501
115.501
115.519
115.516
115.521
115.507
115.506
115.517
115.534
115.558
115.594
115.657
115.733
115.787
115.833
115.893
115.937
115.968
115.983
116.001
116.018
116.017
116.024
115.796
115.795
115.795
115.785
115.756
115.759
115.735
115.724
115.715
115.712
115.68
115.667
115.655
115.647
115.625
115.617
115.61
115.568
115.57
115.559
115.547
115.537
115.535
115.522
115.495
115.467
115.451
115.434
115.41
115.407
115.403
115.4
115.413
115.407
115.388
115.366
115.367
115.346
115.329
115.298
115.283
115.277
115.257
115.235
115.21
115.201
115.158
115.135
115.092
115.046
115.005
114.967
114.936
114.9
114.853
114.797
114.756
114.711
114.671
114.643
114.641
114.623
114.592
114.585
114.575
114.569
114.542
114.498
114.496
114.46
114.467
114.482
114.471
114.451
114.428
114.419
114.39
114.378
114.37
114.356
114.311
114.295
114.279
114.26
114.257
114.237
114.19
114.165
114.134
114.064
114.041
114
113.979
113.925
113.901
113.893
113.857
113.835
113.807
113.748
113.725
113.698
113.655
113.625
113.605
113.337
113.087
113.046
113.02
112.976
112.938
112.898
112.864
112.823
112.793
112.753
112.711
112.673
112.652
112.615
112.562
112.534
112.516
112.498
112.476
112.472
112.484
112.458
112.464
112.521
112.533
112.542
112.569
112.598
112.585
112.598
112.621
112.638
112.654
112.689
112.719
112.71
112.736
112.776
112.784
112.806
112.884
112.959
112.98
113.002
113.067
113.098
113.15
113.211
113.302
113.367
113.394
113.462
113.534
113.606
113.671
113.717
113.783
113.835
113.884
113.938
114.006
114.042
114.088
114.144
114.202
114.241
114.291
114.341
114.369
114.426
114.484
114.542
114.592
114.649
114.697
114.747
114.797
114.843
114.895
114.911
114.955
114.989
115.03
115.053
115.082
115.114
115.132
115.14
115.171
115.21
115.223
115.237
115.258
115.275
115.3
115.33
115.368
115.378
115.399
115.413
115.436
115.438
115.454
115.46
115.491
115.528
115.563
115.604
115.65
115.662
115.703
115.725
115.741
115.749
115.762
115.759
115.764
115.765
115.767
115.762
115.756
115.746
115.724
115.704
115.711
115.689
115.673
115.66
115.655
115.622
115.61
115.585
115.563
115.523
115.497
115.47
115.453
115.417
115.386
115.358
115.316
115.28
115.247
115.216
115.17
115.132
115.082
115.037
114.993
114.943
114.898
114.873
114.845
114.805
114.777
114.737
114.713
114.678
114.643
114.637
114.632
114.589
114.579
114.556
114.546
114.509
114.517
114.569
114.609
114.636
114.673
114.71
114.743
114.777
114.797
114.831
114.853
114.878
114.897
114.915
114.925
114.937
114.953
114.947
114.948
114.945
114.943
114.936
114.928
114.915
114.903
114.879
114.869
114.847
114.82
114.801
114.771
114.745
114.719
114.69
114.662
114.64
114.6
114.576
114.547
114.512
114.48
114.446
114.41
114.371
114.34
114.307
114.262
114.252
114.245
114.231
114.235
114.238
114.225
114.192
114.198
114.225
114.234
114.278
114.328
114.349
114.365
114.398
114.421
114.43
114.492
114.522
114.552
114.603
114.643
114.675
114.688
114.703
114.71
114.709
114.697
114.672
114.625
114.616
114.615
114.606
114.574
114.577
114.56
114.542
114.545
114.546
114.527
114.522
114.517
114.51
114.506
114.512
114.507
114.505
114.515
114.475
114.491
114.485
114.473
114.469
114.437
114.437
114.436
114.431
114.419
114.372
114.35
114.354
114.336
114.296
114.311
114.294
114.259
114.237
114.23
114.198
114.175
114.14
114.111
114.085
114.058
114.012
114.004
113.965
113.982
113.989
113.999
114.019
114.023
114.026
114.028
114.005
114
113.996
114.017
113.984
113.987
113.978
113.948
113.919
113.906
113.91
113.875
113.857
113.846
113.806
113.781
113.753
113.747
113.725
113.703
113.687
113.655
113.62
113.595
113.551
113.474
113.425
113.395
113.359
113.287
113.25
113.152
113.129
113.066
113.016
112.955
112.904
112.855
112.814
112.757
112.744
112.722
112.703
112.692
112.701
112.733
112.72
112.718
112.727
112.735
112.745
112.723
112.754
112.749
112.795
112.867
112.965
112.995
113.08
113.136
113.193
113.288
113.372
113.469
113.539
113.61
113.687
113.744
113.855
113.942
114.02
114.078
114.177
114.25
114.306
114.409
114.499
114.577
114.643
114.731
114.808
114.9
114.966
115.056
115.109
115.192
115.269
115.367
115.45
115.509
115.594
115.648
115.734
115.817
115.858
115.915
115.976
115.994
116.034
116.087
116.135
116.169
116.205
116.234
116.286
116.33
116.35
116.383
116.406
116.417
116.436
116.442
116.452
116.446
116.474
116.537
116.563
116.572
116.598
116.611
116.615
116.617
116.592
116.567
116.549
116.523
116.494
116.475
116.452
116.432
116.408
116.392
116.382
116.348
116.333
116.311
116.294
116.266
116.251
116.218
116.181
116.159
116.176
116.219
116.283
116.347
116.383
116.43
116.441
116.458
116.512
116.517
116.546
116.549
116.544
116.542
116.532
116.54
116.552
116.551
116.552
116.564
116.564
116.541
116.54
116.548
116.543
116.554
116.597
116.617
116.611
116.611
116.607
116.593
116.601
116.604
116.584
116.581
116.569
116.549
116.529
116.533
116.576
116.603
116.629
116.632
116.61
116.592
116.599
116.607
116.61
116.633
116.655
116.631
116.611
116.602
116.582
116.59
116.597
116.62
116.612
116.581
116.575
116.518
116.504
116.491
116.464
116.432
116.445
116.45
116.396
116.37
116.326
116.294
116.268
116.246
116.211
116.164
116.153
116.111
116.081
116.051
116.011
115.989
115.945
115.908
115.874
115.828
115.788
115.744
115.697
115.655
115.633
115.589
115.547
115.502
115.447
115.38
115.316
115.229
115.155
115.097
115.008
114.935
114.887
114.822
114.757
114.684
114.641
114.58
114.54
114.441
114.371
114.304
114.23
114.162
114.074
113.985
113.922
113.882
113.851
113.84
113.813
113.787
113.73
113.677
113.637
113.611
113.567
113.528
113.489
113.447
113.406
113.377
113.329
113.297
113.292
113.312
113.357
113.381
113.397
113.408
113.418
113.444
113.463
113.476
113.505
113.526
113.534
113.53
113.542
113.558
113.574
113.637
113.71
113.79
113.9
114.014
114.106
114.196
114.283
114.338
114.444
114.519
114.568
114.612
114.676
114.68
114.695
114.722
114.718
114.715
114.716
114.719
114.698
114.696
114.706
114.694
114.687
114.678
114.638
114.584
114.614
114.616
114.646
114.665
114.671
114.695
114.708
114.689
114.681
114.696
114.691
114.682
114.681
114.665
114.646
114.625
114.623
114.609
114.567
114.525
114.489
114.428
114.369
114.345
114.302
114.296
114.316
114.356
114.378
114.36
114.375
114.368
114.347
114.355
114.357
114.366
114.354
114.385
114.425
114.481
114.513
114.578
114.644
114.702
114.8
114.896
115.002
115.095
115.18
115.266
115.371
115.466
115.549
115.635
115.739
115.822
115.911
115.952
115.982
116.022
116.071
116.129
116.155
116.196
116.223
116.251
116.292
116.319
116.324
116.362
116.358
116.322
116.32
116.301
116.275
116.28
116.317
116.355
116.356
116.381
116.409
116.435
116.45
116.468
116.493
116.521
116.553
116.562
116.566
116.563
116.571
116.566
116.575
116.601
116.657
116.711
116.769
116.816
116.859
116.907
116.935
116.961
116.985
116.993
117.011
117.013
117.027
117.037
117.031
117.056
117.055
117.055
117.051
117.022
117.031
117.021
116.981
116.97
116.949
116.929
116.9
116.858
116.807
116.768
116.721
116.666
116.632
116.598
116.542
116.507
116.459
116.411
116.364
116.286
116.256
116.196
116.14
116.082
116.039
116.003
115.945
115.884
115.798
115.727
115.694
115.654
115.601
115.565
115.52
115.464
115.41
115.359
115.292
115.23
115.181
115.125
115.072
115.006
114.947
114.883
114.825
114.787
114.726
114.679
114.632
114.585
114.54
114.504
114.493
114.465
114.431
114.38
114.341
114.326
114.277
114.24
114.176
114.145
114.106
114.054
114.016
113.967
113.91
113.852
113.811
113.762
113.69
113.649
113.583
113.491
113.426
113.403
113.362
113.36
113.346
113.353
113.348
113.325
113.315
113.298
113.309
113.298
113.291
113.277
113.25
113.22
113.191
113.154
113.122
113.089
113.059
113.013
113.004
112.987
112.997
112.983
112.955
112.94
112.927
112.901
112.907
112.949
112.962
112.996
113.007
113.017
113.022
112.994
112.957
112.913
112.901
112.878
112.876
112.867
112.856
112.84
112.824
112.812
112.824
112.842
112.839
112.872
112.9
112.926
112.929
112.915
112.905
112.896
112.873
112.852
112.833
112.798
112.771
112.755
112.747
112.723
112.707
112.728
112.742
112.759
112.773
112.778
112.781
112.811
112.843
112.851
112.867
112.859
112.875
112.878
112.858
112.851
112.849
112.855
112.841
112.845
112.831
112.814
112.79
112.766
112.749
112.736
112.708
112.653
112.636
112.614
112.584
112.557
112.534
112.5
112.454
112.416
112.395
112.358
112.359
112.345
112.355
112.333
112.325
112.304
112.276
112.261
112.257
112.297
112.326
112.342
112.369
112.419
112.441
112.478
112.525
112.541
112.555
112.571
112.585
112.596
112.605
112.614
112.63
112.639
112.657
112.655
112.681
112.725
112.763
112.778
112.804
112.858
112.859
112.858
112.882
112.894
112.887
112.912
112.926
112.961
112.99
113.03
113.084
113.1
113.158
113.211
113.238
113.289
113.324
113.366
113.439
113.505
113.56
113.601
113.67
113.724
113.769
113.872
113.98
114.067
114.187
114.285
114.375
114.456
114.536
114.617
114.69
114.745
114.815
114.869
114.927
114.971
115.021
115.046
115.096
115.146
115.168
115.196
115.236
115.254
115.27
115.278
115.304
115.307
115.312
115.332
115.341
115.332
115.33
115.331
115.316
115.305
115.302
115.273
115.238
115.212
115.231
115.216
115.208
115.209
115.208
115.211
115.196
115.192
115.194
115.171
115.171
115.171
115.165
115.148
115.14
115.135
115.127
115.115
115.111
115.106
115.078
115.07
115.05
115.006
114.964
114.977
115.011
115.019
115.047
115.084
115.067
115.08
115.094
115.11
115.117
115.14
115.153
115.14
115.124
115.174
115.226
115.245
115.277
115.278
115.287
115.26
115.277
115.264
115.269
115.229
115.249
115.012
115.006
115.021
115.063
115.021
115.054
115.021
115.038
115.012
115.001
114.989
114.983
114.937
114.914
114.909
114.888
114.844
114.835
114.835
114.829
114.819
114.828
114.805
114.811
114.8
114.769
114.742
114.749
114.76
114.754
114.757
114.756
114.736
114.714
114.704
114.695
114.664
114.668
114.658
114.632
114.648
114.607
114.58
114.569
114.536
114.537
114.547
114.559
114.553
114.534
114.536
114.517
114.491
114.466
114.451
114.439
114.435
114.4
114.421
114.471
114.432
114.439
114.469
114.473
114.475
114.482
114.503
114.502
114.536
114.563
114.572
114.573
114.579
114.594
114.579
114.588
114.642
114.674
114.704
114.737
114.779
114.797
114.811
114.842
114.865
114.878
114.903
114.93
114.923
114.934
114.943
114.955
114.993
114.976
114.987
114.952
114.953
114.977
114.972
114.95
114.926
114.909
114.91
114.885
114.879
114.895
114.87
114.866
114.84
114.821
114.777
114.756
114.726
114.701
114.659
114.641
114.612
114.587
114.564
114.524
114.507
114.508
114.498
114.466
114.427
114.423
114.397
114.387
114.377
114.358
114.351
114.334
114.32
114.297
114.271
114.257
114.245
114.232
114.209
114.168
114.124
114.107
114.052
114.019
113.974
113.973
113.972
113.973
113.972
113.94
113.891
113.842
113.78
113.727
113.657
113.607
113.561
113.506
113.464
113.472
113.489
113.466
113.484
113.494
113.499
113.507
113.505
113.512
113.502
113.493
113.488
113.51
113.547
113.572
113.652
113.678
113.7
113.743
113.811
113.874
113.946
113.997
114.067
114.137
114.19
114.246
114.301
114.354
114.393
114.399
114.402
114.427
114.447
114.494
114.536
114.574
114.602
114.631
114.657
114.677
114.692
114.706
114.725
114.742
114.772
114.81
114.826
114.839
114.856
114.872
114.878
114.888
114.884
114.853
114.847
114.838
114.808
114.789
114.8
114.773
114.789
114.784
114.787
114.773
114.736
114.709
114.665
114.614
114.541
114.448
114.423
114.398
114.344
114.308
114.296
114.235
114.223
114.173
114.13
114.106
114.071
114.006
113.946
113.902
113.868
113.812
113.76
113.72
113.674
113.622
113.582
113.589
113.602
113.63
113.663
113.675
113.708
113.744
113.757
113.811
113.833
113.856
113.874
113.894
113.908
113.929
113.941
113.969
113.98
113.947
113.962
113.947
113.983
114.045
114.122
114.205
114.278
114.335
114.415
114.485
114.551
114.602
114.663
114.728
114.79
114.845
114.893
114.935
115.017
115.13
115.24
115.332
115.431
115.483
115.527
115.572
115.609
115.633
115.608
115.647
115.685
115.734
115.768
115.817
115.841
115.888
115.911
115.963
115.989
116.051
116.065
116.126
116.155
116.196
116.211
116.235
116.235
116.267
116.267
116.296
116.301
116.301
116.343
116.336
116.338
116.334
116.34
116.335
116.325
116.323
116.282
116.262
116.239
116.222
116.196
116.156
116.157
116.149
116.137
116.121
116.113
116.069
116.055
116.017
115.989
115.966
115.948
115.945
115.914
115.915
115.921
115.903
115.893
115.886
115.899
115.85
115.813
115.801
115.769
115.745
115.701
115.666
115.633
115.594
115.569
115.532
115.515
115.468
115.437
115.418
115.359
115.318
115.273
115.217
115.167
115.105
115.051
114.999
114.942
114.897
114.859
114.82
114.767
114.748
114.702
114.671
114.651
114.61
114.586
114.544
114.528
114.497
114.473
114.403
114.389
114.346
114.314
114.259
114.237
114.187
114.154
114.12
114.109
114.091
114.161
114.21
114.273
114.312
114.345
114.389
114.445
114.436
114.473
114.503
114.491
114.479
114.487
114.493
114.487
114.481
114.484
114.469
114.463
114.456
114.454
114.455
114.443
114.445
114.433
114.423
114.443
114.466
114.47
114.478
114.481
114.495
114.502
114.507
114.507
114.504
114.519
114.549
114.581
114.588
114.596
114.603
114.599
114.595
114.607
114.635
114.65
114.688
114.706
114.738
114.768
114.777
114.8
114.8
114.852
114.856
114.851
114.857
114.867
114.926
114.961
115.021
115.092
115.154
115.203
115.266
115.324
115.411
115.458
115.53
115.619
115.695
115.734
115.8
115.861
115.92
115.951
116.025
116.07
116.106
116.145
116.192
116.255
116.266
116.303
116.351
116.375
116.405
116.459
116.482
116.489
116.534
116.569
116.582
116.635
116.682
116.707
116.736
116.78
116.814
116.834
116.873
116.903
116.925
116.932
116.981
116.994
116.997
117.006
117.031
117.037
117.038
117.034
117.026
117.029
117.013
117.013
116.996
116.996
117.022
117.036
117.037
117.076
117.062
117.045
117.045
117.027
117.021
116.999
117
116.974
116.975
116.974
116.943
116.937
116.942
116.928
116.89
116.878
116.874
116.844
116.811
116.8
116.768
116.734
116.706
116.675
116.657
116.656
116.666
116.665
116.651
116.626
116.622
116.597
116.581
116.549
116.527
116.517
116.47
116.439
116.402
116.361
116.307
116.284
116.25
116.205
116.192
116.172
116.157
116.152
116.149
116.141
116.111
116.077
116.057
116.029
115.98
115.953
115.942
115.873
115.818
115.759
115.701
115.624
115.563
115.492
115.425
115.369
115.301
115.222
115.154
115.114
115.057
114.993
114.93
114.873
114.82
114.773
114.713
114.659
114.611
114.559
114.49
114.42
114.366
114.309
114.225
114.156
114.063
113.999
113.919
113.856
113.842
113.808
113.801
113.758
113.765
113.752
113.726
113.724
113.728
113.721
113.704
113.702
113.678
113.666
113.656
113.632
113.611
113.605
113.598
113.58
113.571
113.558
113.547
113.502
113.484
113.455
113.417
113.383
113.338
113.332
113.368
113.395
113.415
113.439
113.465
113.481
113.353
113.321
113.334
113.344
113.376
113.415
113.441
113.464
113.51
113.539
113.549
113.585
113.601
113.626
113.629
113.658
113.706
113.763
113.791
113.865
113.947
114.008
114.049
114.135
114.193
114.261
114.305
114.379
114.429
114.452
114.531
114.606
114.662
114.727
114.787
114.861
114.908
114.96
115.02
115.067
115.136
115.177
115.226
115.254
115.297
115.332
115.345
115.374
115.388
115.405
115.428
115.418
115.441
115.457
115.484
115.474
115.478
115.483
115.512
115.524
115.521
115.536
115.529
115.524
115.531
115.532
115.526
115.508
115.517
115.486
115.483
115.486
115.473
115.462
115.432
115.413
115.378
115.35
115.321
115.29
115.275
115.246
115.208
115.167
115.135
115.112
115.073
115.037
115.012
114.971
114.936
114.907
114.889
114.858
114.822
114.793
114.755
114.734
114.709
114.686
114.641
114.615
114.582
114.537
114.508
114.473
114.428
114.391
114.36
114.342
114.318
114.281
114.262
114.237
114.201
114.178
114.149
114.125
114.08
114.049
114.015
113.977
113.934
113.905
113.867
113.828
113.806
113.799
113.774
113.791
113.804
113.811
113.795
113.819
113.839
113.83
113.827
113.83
113.79
113.791
113.792
113.774
113.746
113.744
113.72
113.704
113.665
113.642
113.596
113.572
113.556
113.534
113.494
113.501
113.475
113.444
113.397
113.372
113.341
113.298
113.264
113.228
113.207
113.17
113.15
113.119
113.112
113.097
113.077
113.06
113.043
113.037
113.007
112.986
112.961
112.937
112.899
112.859
112.821
112.816
112.785
112.717
112.676
112.621
112.569
112.5
112.444
112.379
112.336
112.282
112.237
112.179
112.14
112.071
112.029
111.964
111.894
111.859
111.786
111.744
111.671
111.634
111.59
111.559
111.572
111.557
111.537
111.526
111.536
111.541
111.547
111.531
111.537
111.522
111.512
111.477
111.437
111.417
111.401
111.42
111.461
111.485
111.526
111.58
111.653
111.713
111.807
111.891
111.958
112.056
112.15
112.234
112.314
112.361
112.445
112.517
112.591
112.652
112.721
112.781
112.844
112.867
112.903
112.923
112.932
112.961
112.985
113.021
113.035
113.057
113.077
113.113
113.134
113.157
113.17
113.207
113.217
113.249
113.29
113.329
113.382
113.385
113.401
113.411
113.442
113.44
113.445
113.435
113.424
113.422
113.424
113.425
113.468
113.527
113.602
113.675
113.744
113.814
113.896
113.969
114.057
114.108
114.168
114.241
114.3
114.346
114.396
114.457
114.496
114.562
114.598
114.633
114.682
114.757
114.818
114.865
114.917
114.946
114.968
114.997
115.01
115.039
115.034
115.041
115.047
115.107
115.107
115.169
115.193
115.23
115.252
115.263
115.303
115.327
115.363
115.386
115.431
115.466
115.487
115.521
115.549
115.573
115.62
115.647
115.681
115.693
115.703
115.722
115.751
115.731
115.735
115.724
115.714
115.711
115.698
115.67
115.652
115.638
115.612
115.586
115.611
115.602
115.609
115.626
115.645
115.702
115.748
115.786
115.812
115.839
115.888
115.922
115.987
116.028
116.059
116.082
116.121
116.158
116.228
116.255
116.309
116.367
116.398
116.41
116.46
116.502
116.518
116.527
116.599
116.658
116.712
116.752
116.793
116.82
116.86
116.895
116.924
116.961
117.003
117.031
117.037
117.08
117.119
117.126
117.145
117.17
117.183
117.199
117.21
117.246
117.265
117.252
117.242
117.244
117.226
117.204
117.194
117.181
117.15
117.147
117.142
117.109
117.103
117.098
117.092
117.058
117.059
117.039
117.015
116.983
116.973
116.927
116.876
116.836
116.783
116.747
116.699
116.696
116.67
116.658
116.62
116.603
116.566
116.532
116.513
116.483
116.467
116.442
116.415
116.396
116.381
116.354
116.32
116.28
116.267
116.217
116.184
116.136
116.094
116.04
115.984
115.972
115.934
115.9
115.875
115.834
115.78
115.744
115.693
115.663
115.613
115.565
115.531
115.503
115.439
115.393
115.372
115.324
115.336
115.384
115.426
115.44
115.477
115.479
115.485
115.549
115.607
115.642
115.692
115.749
115.805
115.829
115.861
115.858
115.874
115.897
115.895
115.887
115.886
115.864
115.874
115.866
115.88
115.895
115.91
115.922
115.93
115.929
115.931
115.938
115.923
115.933
115.938
115.96
115.979
116.004
116.021
116.052
116.07
116.081
116.098
116.114
116.116
116.114
116.117
116.098
116.064
116.025
115.997
115.984
115.998
116.036
116.089
116.131
116.181
116.22
116.219
116.212
116.231
116.206
116.216
116.181
116.199
116.181
116.161
116.161
116.14
116.116
116.075
116.072
116.052
116.016
116.004
115.999
115.996
116.001
115.965
115.959
115.962
115.999
116.025
116.057
116.067
116.071
116.066
116.07
116.049
116.027
116.042
116.071
116.097
116.127
116.142
116.155
116.171
116.156
116.154
116.14
116.135
116.141
116.165
116.176
116.205
116.238
116.265
116.303
116.291
116.275
116.273
116.274
116.267
116.241
116.241
116.236
116.214
116.199
116.185
116.157
116.154
116.129
116.101
116.08
116.091
116.131
116.171
116.179
116.226
116.256
116.25
116.252
116.252
116.228
116.197
116.171
116.138
116.113
116.066
116.044
116.012
115.976
115.917
115.893
115.86
115.84
115.812
115.784
115.748
115.74
115.691
115.646
115.61
115.551
115.5
115.451
115.426
115.389
115.363
115.311
115.284
115.235
115.185
115.142
115.094
115.061
115.032
115.008
114.972
114.947
114.903
114.858
114.818
114.76
114.717
114.687
114.658
114.607
114.555
114.508
114.447
114.392
114.323
114.252
114.199
114.133
114.064
113.991
113.919
113.857
113.76
113.67
113.61
113.528
113.453
113.378
113.31
113.228
113.159
113.089
113
112.91
112.833
112.767
112.726
112.699
112.686
112.689
112.685
112.654
112.651
112.647
112.638
112.621
112.593
112.567
112.505
112.478
112.48
112.508
112.542
112.57
112.563
112.57
112.582
112.574
112.577
112.582
112.589
112.61
112.674
112.738
112.78
112.82
112.848
112.879
112.892
112.915
112.939
112.954
112.955
112.974
112.979
112.987
112.988
112.971
112.976
112.964
112.96
112.949
112.934
112.914
112.893
112.871
112.835
112.821
112.796
112.77
112.739
112.679
112.629
112.583
112.517
112.454
112.403
112.343
112.284
112.215
112.154
112.085
112.027
111.983
111.948
111.9
111.854
111.809
111.771
111.709
111.663
111.627
111.589
111.545
111.502
111.467
111.419
111.365
111.324
111.276
111.222
111.2
111.24
111.272
111.306
111.33
111.345
111.379
111.433
111.431
111.462
111.501
111.526
111.58
111.618
111.624
111.68
111.722
111.744
111.762
111.796
111.844
111.888
111.913
111.915
111.876
111.852
111.84
111.831
111.813
111.816
111.867
111.908
111.955
112.011
112.044
112.062
112.068
112.076
112.078
112.071
112.101
112.157
112.219
112.243
112.325
112.347
112.411
112.472
112.486
112.512
112.58
112.622
112.589
112.635
112.634
112.614
112.627
112.698
112.797
112.897
112.973
113.081
113.165
113.246
113.349
113.449
113.585
113.685
113.824
113.953
114.061
114.199
114.347
114.467
114.583
114.703
114.834
114.961
115.083
115.181
115.312
115.444
115.57
115.74
115.899
116.064
116.208
116.347
116.503
116.651
116.753
116.848
116.946
117.025
117.115
117.221
117.308
117.387
117.484
117.554
117.633
117.697
117.747
117.804
117.857
117.907
117.968
117.999
118.029
118.064
118.109
118.126
118.146
118.172
118.19
118.206
118.249
118.259
118.285
118.331
118.368
118.416
118.451
118.481
118.47
118.475
118.453
118.441
118.454
118.455
118.466
118.499
118.504
118.517
118.547
118.563
118.596
118.617
118.651
118.664
118.694
118.703
118.719
118.74
118.73
118.742
118.79
118.831
118.848
118.936
118.995
119.005
119.024
119.076
119.092
119.093
119.147
119.193
119.232
119.283
119.31
119.343
119.395
119.422
119.446
119.51
119.514
119.57
119.62
119.643
119.668
119.705
119.738
119.751
119.781
119.797
119.822
119.834
119.884
119.879
119.916
119.927
119.957
119.971
119.976
119.998
120.04
120.095
120.157
120.209
120.27
120.311
120.382
120.428
120.485
120.51
120.56
120.606
120.618
120.672
120.734
120.778
120.853
120.898
120.953
120.994
121.055
121.108
121.155
121.207
121.238
121.302
121.375
121.469
121.535
121.606
121.678
121.793
121.887
121.983
122.061
122.139
122.248
122.327
122.41
122.469
122.521
122.561
122.621
122.653
122.701
122.713
122.76
122.794
122.809
122.839
122.857
122.862
122.881
122.902
122.939
122.953
122.969
122.995
123.011
123.028
123.077
123.122
123.179
123.246
123.308
123.345
123.362
123.4
123.436
123.482
123.533
123.569
123.599
123.671
123.718
123.764
123.806
123.865
123.905
123.947
124.004
124.047
124.084
124.139
124.187
124.235
124.266
124.32
124.337
124.361
124.406
124.461
124.503
124.553
124.625
124.716
124.78
124.835
124.892
124.962
125.012
125.072
125.108
125.134
125.157
125.172
125.188
125.195
125.189
125.197
125.223
125.227
125.238
125.264
125.267
125.304
125.331
125.348
125.312
125.283
125.275
125.235
125.211
125.205
125.19
125.193
125.195
125.188
125.19
125.171
125.166
125.163
125.133
125.134
125.136
125.106
125.069
125.029
124.983
124.955
124.926
124.877
124.829
124.782
124.728
124.666
124.616
124.542
124.478
124.41
124.384
124.356
124.313
124.27
124.23
124.189
124.152
124.108
124.052
123.988
123.92
123.846
123.776
123.71
123.643
123.547
123.483
123.399
123.324
123.229
123.151
123.081
123.023
122.943
122.864
122.777
122.687
122.624
122.565
122.507
122.458
122.403
122.356
122.297
122.231
122.171
122.099
122.04
121.974
121.905
121.84
121.752
121.702
121.639
121.58
121.533
121.503
121.45
121.421
121.419
121.414
121.421
121.439
121.426
121.449
121.493
121.514
121.552
121.585
121.641
121.683
121.756
121.812
121.848
121.904
121.925
121.943
122.015
122.034
122.077
122.12
122.155
122.187
122.206
122.253
122.306
122.345
122.402
122.463
122.502
122.551
122.648
122.734
122.799
122.861
122.945
122.998
123.03
123.072
123.109
123.146
123.165
123.206
123.231
123.264
123.283
123.322
123.324
123.335
123.368
123.379
123.364
123.405
123.389
123.379
123.364
123.352
123.369
123.374
123.408
123.437
123.429
123.433
123.435
123.44
123.428
123.431
123.425
123.429
123.42
123.412
123.389
123.37
123.369
123.349
123.325
123.312
123.283
123.241
123.212
123.177
123.13
123.087
123.035
123.009
122.957
122.911
122.873
122.824
122.767
122.72
122.645
122.589
122.542
122.487
122.437
122.381
122.331
122.255
122.208
122.146
122.089
122.021
121.956
121.898
121.833
121.777
121.714
121.639
121.569
121.529
121.519
121.525
121.517
121.492
121.459
121.433
121.393
121.364
121.372
121.327
121.347
121.335
121.324
121.327
121.328
121.333
121.344
121.354
121.335
121.333
121.358
121.356
121.353
121.346
121.339
121.34
121.352
121.365
121.358
121.382
121.381
121.386
121.41
121.409
121.418
121.437
121.44
121.447
121.457
121.451
121.449
121.471
121.456
121.464
121.492
121.496
121.487
121.491
121.492
121.479
121.474
121.476
121.48
121.495
121.489
121.49
121.446
121.45
121.41
121.367
121.328
121.301
121.254
121.227
121.22
121.229
121.248
121.238
121.259
121.257
121.263
121.277
121.282
121.235
121.26
121.266
121.27
121.276
121.293
121.339
121.37
121.378
121.424
121.453
121.5
121.567
121.614
121.662
121.715
121.761
121.825
121.84
121.895
121.939
122.013
122.071
122.137
122.182
122.234
122.293
122.349
122.421
122.487
122.56
122.612
122.684
122.772
122.836
122.896
122.976
123.019
123.064
123.127
123.193
123.228
123.28
123.331
123.355
123.408
123.455
123.484
123.515
123.552
123.575
123.6
123.617
123.643
123.666
123.708
123.697
123.719
123.761
123.735
123.743
123.736
123.733
123.728
123.727
123.774
123.796
123.799
123.832
123.843
123.86
123.853
123.832
123.812
123.818
123.822
123.815
123.844
123.853
123.82
123.771
123.745
123.711
123.678
123.645
123.607
123.567
123.53
123.549
123.553
123.616
123.687
123.721
123.738
123.753
123.792
123.835
123.887
123.94
123.982
124.033
124.088
124.137
124.187
124.222
124.271
124.304
124.332
124.361
124.394
124.432
124.465
124.478
124.515
124.532
124.552
124.605
124.653
124.708
124.763
124.81
124.847
124.88
124.899
124.923
124.937
124.94
124.966
124.99
124.988
124.997
125.022
125.032
125.029
125.039
125.07
125.082
125.108
125.127
125.176
125.176
125.197
125.195
125.197
125.23
125.211
125.232
125.243
125.251
125.281
125.288
125.306
125.311
125.287
125.292
125.304
125.289
125.286
125.287
125.278
125.247
125.249
125.237
125.207
125.197
125.194
125.167
125.142
125.134
125.111
125.089
125.07
125.051
125.011
124.974
124.958
124.945
124.92
124.906
124.874
124.857
124.797
124.783
124.755
124.716
124.666
124.659
124.599
124.544
124.514
124.539
124.578
124.599
124.633
124.66
124.693
124.702
124.727
124.741
124.764
124.785
124.8
124.789
124.811
124.81
124.812
124.819
124.783
124.775
124.755
124.758
124.738
124.728
124.74
124.743
124.748
124.754
124.771
124.773
124.791
124.811
124.832
124.851
124.873
124.903
124.922
124.931
124.933
124.941
124.941
124.94
124.921
124.893
124.885
124.867
124.818
124.764
124.732
124.697
124.645
124.605
124.557
124.497
124.448
124.406
124.344
124.295
124.237
124.164
124.095
124.029
123.957
123.887
123.805
123.75
123.696
123.648
123.611
123.58
123.516
123.463
123.425
123.369
123.309
123.246
123.191
123.171
123.137
123.116
123.081
123.038
122.994
122.943
122.895
122.862
122.813
122.779
122.701
122.656
122.59
122.532
122.476
122.418
122.363
122.31
122.246
122.188
122.136
122.078
122.022
121.969
121.909
121.865
121.813
121.755
121.702
121.648
121.615
121.641
121.673
121.691
121.713
121.714
121.714
121.694
121.693
121.732
121.763
121.812
121.853
121.856
121.876
121.909
121.906
121.919
121.954
121.99
122.005
122.03
122.064
122.064
122.052
122.061
122.079
122.081
122.054
122.058
122.012
121.993
121.958
121.978
121.962
121.956
121.96
121.934
121.94
121.933
121.921
121.924
121.926
121.897
121.895
121.888
121.868
121.847
121.838
121.824
121.798
121.811
121.704
121.616
121.615
121.636
121.684
121.681
121.744
121.696
121.743
121.76
121.762
121.766
121.787
121.772
121.765
121.781
121.764
121.762
121.757
121.751
121.741
121.744
121.741
121.747
121.714
121.74
121.738
121.71
121.713
121.72
121.748
121.709
121.706
121.707
121.674
121.669
121.666
121.641
121.624
121.619
121.593
121.569
121.571
121.539
121.536
121.521
121.527
121.53
121.513
121.52
121.511
121.487
121.468
121.494
121.476
121.47
121.481
121.487
121.499
121.535
121.561
121.601
121.62
121.635
121.655
121.678
121.72
121.741
121.741
121.799
121.817
121.836
121.859
121.89
121.931
121.961
122.023
122.067
122.114
122.159
122.189
122.219
122.235
122.287
122.295
122.332
122.345
122.402
122.445
122.473
122.501
122.517
122.549
122.577
122.602
122.612
122.628
122.655
122.667
122.682
122.708
122.754
122.797
122.829
122.862
122.902
122.925
122.951
122.98
122.983
123.004
122.997
122.994
122.991
122.985
122.968
122.95
122.922
122.919
122.956
122.995
123.027
123.077
123.119
123.15
123.187
123.232
123.277
123.3
123.317
123.347
123.357
123.381
123.399
123.399
123.414
123.405
123.42
123.4
123.413
123.424
123.411
123.387
123.376
123.35
123.346
123.388
123.461
123.505
123.548
123.582
123.581
123.616
123.665
123.71
123.76
123.766
123.791
123.788
123.799
123.816
123.808
123.842
123.834
123.805
123.786
123.771
123.744
123.744
123.757
123.747
123.757
123.759
123.748
123.718
123.705
123.673
123.657
123.635
123.615
123.605
123.588
123.579
123.555
123.548
123.522
123.496
123.48
123.452
123.428
123.403
123.367
123.327
123.301
123.299
123.347
123.376
123.402
123.449
123.497
123.596
123.703
123.812
123.908
123.99
124.074
124.157
124.228
124.29
124.332
124.385
124.411
124.443
124.443
124.468
124.46
124.507
124.512
124.513
124.508
124.495
124.497
124.461
124.425
124.395
124.373
124.347
124.295
124.254
124.222
124.179
124.147
124.099
124.084
124.048
124.015
123.986
123.947
123.93
123.895
123.852
123.801
123.744
123.689
123.674
123.654
123.688
123.683
123.643
123.646
123.64
123.653
123.631
123.626
123.615
123.604
123.606
123.559
123.516
123.473
123.443
123.398
123.4
123.375
123.322
123.296
123.262
123.23
123.186
123.17
123.144
123.109
123.123
123.121
123.126
123.137
123.154
123.11
123.081
123.05
123.026
122.971
122.938
122.898
122.868
122.897
123.021
123.255
123.474
123.657
123.811
123.969
124.127
124.318
124.493
124.675
124.863
125.036
125.228
125.389
125.564
125.772
125.968
126.161
126.339
126.5
126.634
126.799
126.955
127.092
127.237
127.381
127.5
127.647
127.76
127.894
128.011
128.115
128.218
128.344
128.469
128.619
128.76
128.928
129.062
129.226
129.36
129.505
129.633
129.768
129.909
130.027
130.17
130.273
130.382
130.49
130.607
130.713
130.807
130.908
131.025
131.125
131.239
131.35
131.436
131.542
131.616
131.739
131.814
131.904
132.013
132.115
132.194
132.245
132.316
132.391
132.469
132.551
132.658
132.74
132.838
132.927
132.992
133.057
133.115
133.192
133.263
133.334
133.399
133.464
133.531
133.611
133.697
133.773
133.816
133.872
133.931
133.992
134.053
134.098
134.138
134.194
134.192
134.243
134.267
134.291
134.316
134.335
134.345
134.345
134.367
134.362
134.379
134.377
134.397
134.393
134.404
134.405
134.433
134.461
134.488
134.494
134.528
134.555
134.575
134.601
134.627
134.649
134.662
134.683
134.695
134.707
134.732
134.765
134.788
134.811
134.834
134.848
134.877
134.897
134.913
134.929
134.942
134.957
134.972
134.981
135.003
135.047
135.094
135.107
135.121
135.184
135.236
135.265
135.312
135.362
135.419
135.443
135.515
135.593
135.636
135.672
135.716
135.755
135.781
135.822
135.856
135.872
135.906
135.93
135.96
135.976
136.012
136.089
136.132
136.161
136.219
136.278
136.347
136.373
136.43
136.496
136.538
136.576
136.648
136.676
136.73
136.803
136.873
136.956
137.027
137.07
137.136
137.192
137.261
137.3
137.376
137.447
137.494
137.536
137.594
137.643
137.686
137.765
137.842
137.926
137.988
138.102
138.179
138.256
138.334
138.415
138.48
138.584
138.716
138.825
138.951
139.082
139.215
139.329
139.427
139.551
139.652
139.747
139.845
139.956
140.03
140.125
140.226
140.348
140.466
140.565
140.689
140.802
140.913
141.026
141.137
141.253
141.355
141.476
141.608
141.717
141.814
141.931
142.023
142.132
142.235
142.351
142.431
142.524
142.62
142.683
142.772
142.841
142.906
142.972
143.041
143.094
143.153
143.2
143.252
143.285
143.331
143.36
143.392
143.433
143.448
143.479
143.486
143.492
143.488
143.513
143.503
143.511
143.489
143.488
143.493
143.484
143.46
143.466
143.447
143.443
143.436
143.438
143.426
143.417
143.394
143.38
143.353
143.323
143.301
143.421
143.55
143.72
143.846
143.986
144.117
144.256
144.388
144.521
144.648
144.803
144.961
145.134
145.281
145.451
145.594
145.753
145.903
146.068
146.19
146.345
146.492
146.639
146.773
146.916
147.053
147.182
147.298
147.417
147.557
147.716
147.86
148.016
148.153
148.302
148.436
148.583
148.702
148.849
148.958
149.096
149.205
149.332
149.45
149.555
149.669
149.767
149.878
149.978
150.073
150.172
150.262
150.357
150.45
150.538
150.609
150.694
150.772
150.855
150.922
151.007
151.067
151.14
151.214
151.268
151.339
151.402
151.465
151.524
151.598
151.666
151.743
151.817
151.904
151.971
152.037
152.105
152.195
152.298
152.408
152.503
152.588
152.665
152.74
152.833
152.916
152.983
153.063
153.14
153.21
153.268
153.345
153.397
153.479
153.521
153.583
153.642
153.696
153.733
153.779
153.825
153.865
153.926
153.999
154.089
154.151
154.25
154.324
154.413
154.517
154.601
154.702
154.798
154.923
155.02
155.162
155.286
155.397
155.517
155.621
155.712
155.787
155.883
155.952
156.026
156.108
156.181
156.246
156.313
156.387
156.445
156.486
156.521
156.549
156.609
156.644
156.714
156.745
156.788
156.842
156.911
156.961
157.043
157.096
157.158
157.255
157.38
157.521
157.678
157.866
158.066
158.248
158.445
158.619
158.814
158.971
159.123
159.262
159.4
159.519
159.668
159.79
159.884
159.98
160.048
160.13
160.221
160.326
160.42
160.521
160.616
160.684
160.758
160.802
160.874
160.957
161.035
161.131
161.201
161.296
161.366
161.478
161.598
161.747
161.852
161.967
162.085
162.202
162.3
162.427
162.522
162.641
162.709
162.818
162.915
162.995
163.096
163.157
163.26
163.329
163.42
163.502
163.563
163.629
163.689
163.789
164.022
164.263
164.485
164.713
164.943
165.15
165.387
165.612
165.85
166.054
166.285
166.466
166.672
166.872
167.066
167.258
167.435
167.617
167.806
167.986
168.199
168.403
168.614
168.831
169.025
169.225
169.429
169.635
169.849
170.069
170.278
170.453
170.615
170.779
170.954
171.106
171.286
171.48
171.658
171.842
172.019
172.187
172.391
172.578
172.766
172.956
173.126
173.306
173.486
173.653
173.818
173.976
174.121
174.27
174.452
174.63
174.808
174.963
175.099
175.259
175.42
175.554
175.676
175.788
175.904
175.993
176.085
176.169
176.27
176.365
176.446
176.54
176.632
176.738
176.831
176.904
176.976
177.076
177.164
177.298
177.422
177.535
177.657
177.782
177.872
177.968
178.088
178.182
178.286
178.391
178.486
178.576
178.677
178.775
178.849
178.959
179.037
179.099
179.182
179.258
179.316
179.382
179.421
179.49
179.545
179.596
179.677
179.76
179.831
179.93
180.001
180.067
180.128
180.162
180.223
180.252
180.299
180.345
180.406
180.461
180.525
180.59
180.648
180.704
180.796
180.872
180.927
181.011
181.048
181.113
181.14
181.2
181.285
181.396
181.456
181.525
181.672
181.797
181.904
182.043
182.164
182.265
182.364
182.468
182.564
182.666
182.774
182.827
182.864
182.912
182.977
183.057
183.1
183.153
183.201
183.237
183.291
183.345
183.399
183.425
183.491
183.533
183.566
183.594
183.608
183.612
183.635
183.769
183.85
183.927
184.025
184.123
184.22
184.312
184.428
184.541
184.625
184.683
184.758
184.83
184.895
184.956
185.035
185.111
185.192
185.283
185.353
185.433
185.498
185.594
185.66
185.745
185.892
186.034
186.176
186.307
186.444
186.57
186.751
186.932
187.113
187.284
187.467
187.632
187.788
187.951
188.109
188.24
188.373
188.495
188.613
188.724
188.834
188.954
189.124
189.283
189.454
189.609
189.804
189.998
190.198
190.363
190.543
190.722
190.9
191.063
191.211
191.371
191.508
191.657
191.776
191.926
192.02
192.147
192.256
192.349
192.448
192.533
192.594
192.659
192.719
192.762
192.82
192.86
192.9
192.948
192.992
193.03
193.061
193.1
193.137
193.168
193.193
193.194
193.198
193.201
193.218
193.236
193.26
193.285
193.308
193.325
193.345
193.341
193.34
193.351
193.342
193.333
193.324
193.372
193.424
193.45
193.483
193.516
193.546
193.574
193.594
193.621
193.652
193.671
193.708
193.749
193.771
193.814
193.834
193.86
193.878
193.884
193.906
193.924
193.94
193.95
193.941
193.942
193.951
193.938
193.926
193.914
193.907
193.882
193.887
193.867
193.853
193.839
193.824
193.798
193.769
193.789
193.759
193.741
193.691
193.656
193.622
193.597
193.551
193.526
193.504
193.494
193.492
193.459
193.455
193.42
193.375
193.335
193.321
193.306
193.342
193.415
193.456
193.538
193.602
193.663
193.7
193.746
193.798
193.854
193.891
193.956
194.01
194.055
194.113
194.178
194.239
194.281
194.342
194.401
194.444
194.493
194.543
194.587
194.625
194.712
194.829
194.92
195.024
195.109
195.187
195.238
195.304
195.363
195.406
195.507
195.65
195.805
195.946
196.059
196.213
196.337
196.455
196.574
196.668
196.789
196.878
196.967
197.036
197.135
197.199
197.275
197.366
197.439
197.539
197.681
197.814
197.95
198.077
198.197
198.324
198.439
198.551
198.655
198.752
198.838
198.935
199.004
199.077
199.154
199.237
199.283
199.335
199.468
199.597
199.736
199.854
199.967
200.065
200.175
200.269
200.352
200.469
200.581
200.709
200.841
200.982
201.116
201.241
201.347
201.518
201.653
201.819
201.952
202.094
202.26
202.416
202.592
202.769
202.926
203.08
203.255
203.384
203.482
203.629
203.8
204.12
204.445
204.772
205.075
205.368
205.683
206.016
206.297
206.568
206.848
207.123
207.35
207.589
207.851
208.096
208.368
208.7
209.028
209.352
209.705
210.039
210.38
210.712
211.051
211.375
211.698
212.006
212.276
212.569
212.875
213.161
213.454
213.747
214.013
214.262
214.529
214.788
215.035
215.287
215.534
215.803
216.063
216.29
216.494
216.711
216.922
217.144
217.372
217.576
217.801
218.128
218.435
218.696
218.951
219.227
219.499
219.768
220.091
220.407
220.711
221.008
221.369
221.766
222.145
222.511
222.887
223.249
223.6
223.954
224.309
224.651
224.986
225.333
225.669
225.999
226.331
226.664
226.989
227.31
227.638
227.956
228.262
228.569
228.874
229.257
229.795
230.324
230.842
231.348
231.842
232.326
232.806
233.329
233.857
234.375
234.885
235.384
235.875
236.335
236.816
237.288
237.753
238.21
238.491
238.82
239.26
239.669
240.064
240.453
240.836
241.237
241.608
241.996
242.357
242.714
243.103
243.615
244.098
244.451
244.901
245.408
245.72
246.197
246.69
247.158
247.601
248.081
248.556
249.026
249.492
249.952
250.404
250.846
251.246
251.644
252.061
252.488
252.973
253.465
253.95
254.427
254.895
255.355
255.804
256.241
256.669
256.894
257.295
257.7
258.125
258.544
258.956
259.36
259.758
260.148
260.531
260.907
261.276
261.639
261.996
262.347
262.694
263.037
263.376
263.71
264.04
264.365
264.688
265.008
265.323
265.635
265.944
266.25
266.552
266.85
267.142
267.425
267.706
268.01
268.363
268.711
269.053
269.391
269.724
270.051
270.37
270.681
270.983
271.277
271.569
271.881
272.188
272.489
272.784
273.08
273.366
273.646
273.92
274.189
274.452
274.71
274.964
275.214
275.464
275.706
275.942
276.176
276.408
276.633
276.804
277.031
277.187
277.363
277.536
277.706
277.873
278.037
278.201
278.361
278.52
278.719
278.914
279.098
279.276
279.453
279.672
279.922
280.168
280.407
280.643
280.873
281.097
281.317
281.534
281.745
281.953
282.153
282.352
282.545
282.711
282.826
283.009
283.186
283.36
283.531
283.697
283.864
284.027
284.19
284.351
284.511
284.667
284.826
284.939
285.049
285.202
285.355
285.504
285.653
285.794
285.926
286.053
286.177
286.299
286.421
286.539
286.655
286.767
286.877
286.984
287.088
287.191
287.288
287.386
287.481
287.574
287.665
287.754
287.841
287.926
288.01
288.024
288.069
288.15
288.228
288.306
288.381
288.454
288.525
288.594
288.596
288.637
288.651
288.664
288.731
288.798
288.865
288.934
289.004
289.075
289.148
289.222
289.296
289.371
289.447
289.523
289.599
289.675
289.749
289.758
289.805
289.866
289.931
289.995
