0.028337
0.0541251
0.0819421
0.109716
0.137485
0.163158
0.188882
0.214649
0.240365
0.266117
0.291858
0.317634
0.343384
0.369143
0.394917
0.420692
0.446466
0.47232
0.498119
0.523925
0.549714
0.575579
0.601346
0.627116
0.652924
0.678706
0.704496
0.730256
0.756012
0.781755
0.807468
0.833192
0.858957
0.884757
0.910537
0.936338
0.962127
0.987903
1.0137
1.03946
1.06524
1.09102
1.1168
1.14254
1.16826
1.19453
1.22029
1.24605
1.27181
1.29763
1.32348
1.34926
1.37502
1.40079
1.42655
1.45231
1.4781
1.5039
1.52968
1.55547
1.58129
1.60708
1.63293
1.65872
1.68452
1.71029
1.7361
1.762
1.78778
1.81354
1.83935
1.86516
1.89094
1.91671
1.94249
1.96828
1.99407
2.01996
2.04583
2.0716
2.09738
2.12316
2.14893
2.1747
2.20049
2.22634
2.25211
2.27793
2.30367
2.3294
2.3552
2.38098
2.40674
2.43253
2.45829
2.48409
2.50988
2.53563
2.56143
2.58726
2.61306
2.63885
2.66465
2.69042
2.71639
2.7422
2.76798
2.7938
2.81958
2.84537
2.87112
2.897
2.92279
2.94861
2.97436
3.00017
3.02598
3.05173
3.07753
3.10337
3.12916
3.15495
3.18075
3.20653
3.2325
3.25833
3.28412
3.30993
3.33571
3.36152
3.38731
3.41312
3.43889
3.46467
3.49047
3.51625
3.54206
3.56784
3.59364
3.61946
3.64522
3.67099
3.69677
3.72254
3.74838
3.77418
3.8
3.82578
3.85155
3.87739
3.90318
3.929
3.95476
3.98054
4.00634
4.03213
4.05797
4.08373
4.1095
4.13529
4.16108
4.18685
4.21263
4.23844
4.26426
4.29015
4.31592
4.34171
4.36751
4.39331
4.41907
4.44482
4.47057
4.49632
4.52206
4.54784
4.5736
4.59934
4.62517
4.65093
4.67671
4.7025
4.72831
4.75414
4.77992
4.8057
4.83145
4.85722
4.88301
4.90891
4.93478
4.9606
4.98642
5.01217
5.03797
5.06964
5.09539
5.12118
5.14697
5.17274
5.19852
5.22433
5.25013
5.27589
5.30165
5.32744
5.35319
5.37897
5.40476
5.43053
5.45631
5.48207
5.50783
5.53367
5.55945
5.58526
5.61103
5.63679
5.66259
5.68839
5.71422
5.73999
5.76585
5.79163
5.81741
5.84318
5.86899
5.89479
5.9206
5.9464
5.97221
5.99803
6.02383
6.04963
6.07548
6.10127
6.12704
6.15287
6.17868
6.2045
6.23029
6.25611
6.28191
6.30776
6.33356
6.35938
6.38519
6.41096
6.43681
6.46259
6.4884
6.51418
6.53997
6.56579
6.59156
6.61741
6.64321
6.66893
6.6947
6.72043
6.74621
6.77198
6.79776
6.82353
6.84933
6.87512
6.9009
6.92784
6.95365
6.97945
7.00522
7.03105
7.05682
7.08256
7.10838
7.13413
7.1599
7.18568
7.21147
7.23724
7.26303
7.28878
7.31456
7.34036
7.36614
7.39189
7.41768
7.44348
7.4693
7.49514
7.52096
7.54674
7.57252
7.59829
7.6241
7.64988
7.67567
7.70145
7.72721
7.75296
7.77876
7.80454
7.83042
7.85626
7.88203
7.90781
7.93361
7.95938
7.98521
8.01095
8.03675
8.06255
8.08834
8.11408
8.13985
8.16561
8.1914
8.21715
8.24296
8.26876
8.29454
8.32032
8.3461
8.37191
8.39767
8.42341
8.44919
8.47495
8.50074
8.52652
8.55228
8.57806
8.60383
8.62961
8.65541
8.68121
8.70843
8.7418
8.76754
8.79326
8.81899
8.84472
8.87048
8.89631
8.92213
8.94788
8.97368
8.99946
9.02523
9.05099
9.07677
9.10253
9.12829
9.15406
9.17987
9.20562
9.23137
9.25719
9.28303
9.30881
9.33457
9.36036
9.38614
9.4119
9.43766
9.46342
9.48919
9.51497
9.54075
9.56653
9.59237
9.61815
9.64392
9.66975
9.69555
9.72134
9.7471
9.77286
9.79864
9.82439
9.85017
9.87592
9.90169
9.92747
9.95327
9.97903
10.0048
10.0306
10.0564
10.0822
10.108
10.1338
10.1596
10.1854
10.2111
10.2369
10.2627
10.2885
10.3143
10.3401
10.3659
10.3916
10.4174
10.4432
10.469
10.4948
10.5205
10.5463
10.5721
10.5979
10.6237
10.6495
10.6753
10.7011
10.7269
10.7527
10.7784
10.8042
10.8301
10.8559
10.8816
10.9074
10.9331
10.9589
10.9846
11.0104
11.0362
11.062
11.0878
11.1136
11.1394
11.1651
11.1908
11.2166
11.2424
11.2681
11.2939
11.3197
11.3454
11.3712
11.397
11.4227
11.4485
11.4743
11.5001
11.5259
11.5517
11.5775
11.6033
11.6291
11.6548
11.6807
11.7065
11.7323
11.7581
11.7839
11.8097
11.8355
11.8613
11.8871
11.9129
11.9386
11.9644
11.9902
12.016
12.0418
12.0676
12.0934
12.1191
12.1449
12.1706
12.1964
12.2222
12.248
12.2738
12.2996
12.3254
12.3512
12.3769
12.4027
12.4285
12.4543
12.48
12.5064
12.5322
12.558
12.5838
12.6095
12.6353
12.6611
12.6869
12.7127
12.7385
12.7643
12.79
12.8158
12.8415
12.8674
12.8932
12.919
12.9448
12.9706
12.9964
13.0222
13.048
13.0738
13.0995
13.1253
13.1511
13.1768
13.2026
13.2284
13.2543
13.2801
13.3059
13.3317
13.3574
13.3832
13.409
13.4347
13.4605
13.4863
13.5121
13.5379
13.5637
13.5896
13.6153
13.6411
13.6669
13.6927
13.7185
13.7444
13.7701
13.7959
13.8217
13.8475
13.8733
13.8991
13.9249
13.9507
13.9764
14.0022
14.028
14.0538
14.0796
14.1054
14.1312
14.157
14.1828
14.2086
14.2343
14.2601
14.286
14.3117
14.3375
14.3633
14.3891
14.4149
14.4406
14.4664
14.4921
14.518
14.5438
14.5696
14.5954
14.6211
14.6469
14.6727
14.6985
14.7244
14.7502
14.776
14.8018
14.8276
14.8534
14.8792
14.905
14.9307
14.9565
14.9824
15.0082
15.034
15.0598
15.0856
15.1114
15.1372
15.163
15.1887
15.2145
15.2403
15.2661
15.2918
15.3177
15.3435
15.3693
15.395
15.4209
15.4466
15.4725
15.4983
15.524
15.5498
15.5756
15.6014
15.6271
15.6529
15.6787
15.7045
15.7303
15.756
15.7818
15.8077
15.8335
15.8593
15.8851
15.9109
15.9367
15.9625
15.9884
16.0141
16.0399
16.0657
16.0915
16.1173
16.1431
16.1689
16.1946
16.2204
16.2462
16.272
16.2978
16.3236
16.3494
16.3752
16.401
16.4268
16.4526
16.4783
16.5041
16.53
16.5558
16.5815
16.6073
16.6331
16.6589
16.6847
16.7105
16.7363
16.7621
16.7878
16.8136
16.8394
16.8652
16.891
16.9168
16.9426
16.9684
16.9942
17.02
17.0459
17.0717
17.0974
17.1232
17.149
17.1748
17.2006
17.2264
17.2522
17.278
17.3038
17.3296
17.3553
17.3811
17.4069
17.4326
17.4584
17.4842
17.51
17.5357
17.5615
17.5873
17.613
17.6388
17.6646
17.6904
17.7161
17.742
17.7677
17.7935
17.8193
17.8451
17.8708
17.8966
17.9224
17.9482
17.974
17.9998
18.0256
18.0514
18.0772
18.103
18.1288
18.1546
18.1804
18.2061
18.2319
18.2577
18.2836
18.3094
18.3352
18.3609
18.3867
18.4125
18.4383
18.4641
18.4899
18.5157
18.5415
18.5672
18.593
18.6188
18.6446
18.6704
18.6961
18.7219
18.7478
18.7736
18.7994
18.8251
18.8509
18.8767
18.9025
18.9283
18.9541
18.9799
19.0056
19.0314
19.0572
19.083
19.1087
19.1345
19.1603
19.1861
19.2118
19.2376
19.2634
19.2892
19.315
19.3408
19.3666
19.3924
19.4182
19.444
19.4698
19.4956
19.5214
19.5471
19.5728
19.5986
19.6244
19.6502
19.676
19.7017
19.7275
19.7533
19.7791
19.8049
19.8307
19.8564
19.8822
19.908
19.9338
19.9596
19.9854
20.0111
20.0369
20.0627
20.0884
20.1142
20.14
20.1658
20.1916
20.2174
20.2432
20.269
20.2947
20.3205
20.3463
20.3721
20.3978
20.4236
20.4494
20.4752
20.501
20.5267
20.5525
20.5783
20.6041
20.6299
20.6556
20.6815
20.7073
20.733
20.7588
20.7845
20.8102
20.836
20.8617
20.8874
20.9132
20.939
20.9648
20.9906
21.0164
21.0422
21.068
21.0938
21.1197
21.1455
21.1713
21.197
21.2228
21.2485
21.2743
21.3
21.3257
21.3515
21.3773
21.403
21.4288
21.4546
21.4804
21.5063
21.5321
21.5579
21.5837
21.6096
21.6353
21.6611
21.6869
21.7127
21.7384
21.7642
21.79
21.8158
21.8416
21.8674
21.8932
21.9189
21.9448
21.9705
21.9963
22.0221
22.0478
22.0736
22.0994
22.1252
22.151
22.1768
22.2026
22.2284
22.2542
22.28
22.3058
22.3315
22.3573
22.3831
22.4089
22.4347
22.4605
22.4863
22.5121
22.5379
22.5637
22.5895
22.6152
22.641
22.6668
22.6926
22.7184
22.7443
22.77
22.7959
22.8217
22.8474
22.8732
22.899
22.9248
22.9506
22.9764
23.0021
23.0279
23.0537
23.0796
23.1054
23.1313
23.157
23.1828
23.2086
23.2344
23.2602
23.286
23.3118
23.3376
23.3634
23.3892
23.4149
23.4407
23.4665
23.4923
23.518
23.5438
23.5696
23.5954
23.6212
23.6469
23.6727
23.6985
23.7243
23.7501
23.7759
23.8017
23.8274
23.8532
23.879
23.9047
23.9305
23.9562
23.9821
24.0078
24.0337
24.0594
24.0853
24.111
24.1369
24.1626
24.1884
24.2142
24.24
24.2658
24.2916
24.3174
24.3432
24.369
24.3948
24.4206
24.4463
24.4722
24.498
24.5238
24.5496
24.5754
24.6012
24.627
24.6528
24.6787
24.7044
24.7302
24.756
24.7818
24.8075
24.8333
24.859
24.8848
24.9106
24.9364
24.9622
24.9879
25.0138
25.0396
25.0654
25.0912
25.1169
25.1427
25.1685
25.1943
25.2201
25.2459
25.2717
25.2975
25.3233
25.3491
25.3749
25.4007
25.4265
25.4522
25.478
25.5039
25.5297
25.5555
25.5813
25.607
25.6328
25.6586
25.6844
25.7102
25.736
25.7618
25.7876
25.8134
25.8392
25.865
25.8908
25.9166
25.9424
25.9682
25.994
26.0197
26.0456
26.0713
26.0971
26.1228
26.1486
26.1744
26.2003
26.226
26.2519
26.2777
26.3035
26.3292
26.355
26.3808
26.4066
26.4324
26.4582
26.484
26.5098
26.5357
26.5615
26.5873
26.6131
26.6389
26.6647
26.6904
26.7162
26.7421
26.7679
26.7938
26.8196
26.8453
26.8711
26.897
26.9228
26.9486
26.9744
27.0003
27.0262
27.052
27.0778
27.1036
27.1295
27.1552
27.181
27.2067
27.2325
27.2583
27.2841
27.31
27.3357
27.3615
27.3873
27.4131
27.4389
27.4646
27.4904
27.5162
27.542
27.5678
27.5936
27.6193
27.6452
27.6709
27.6967
27.7225
27.7483
27.7742
27.8
27.8258
27.8515
27.8773
27.9031
27.9289
27.9547
27.9804
28.0062
28.032
28.0578
28.0836
28.1094
28.1352
28.161
28.1867
28.2124
28.2382
28.2639
28.2898
28.3156
28.3414
28.3672
28.393
28.4188
28.4445
28.4704
28.4962
28.522
28.5478
28.5736
28.5995
28.6253
28.6511
28.6769
28.7026
28.7284
28.7543
28.78
28.8058
28.8316
28.8573
28.8831
28.9089
28.9347
28.9604
28.9862
29.012
29.0378
29.0636
29.0895
29.1153
29.1411
29.1669
29.1927
29.2185
29.2442
29.27
29.2958
29.3216
29.3474
29.3732
29.399
29.4247
29.4505
29.4763
29.5021
29.5279
29.5537
29.5795
29.6053
29.631
29.6568
29.6826
29.7083
29.7341
29.76
29.7857
29.8115
29.8373
29.8631
29.8889
29.9147
29.9404
29.9662
29.992
30.0178
30.0436
30.0694
30.0951
30.1209
30.1467
30.1724
30.1982
30.224
30.2497
30.2755
30.3012
30.327
30.3527
30.3785
30.4043
30.4301
30.4559
30.4818
30.5075
30.5334
30.5591
30.5849
30.6107
30.6364
30.6622
30.6881
30.7139
30.7397
30.7655
30.7912
30.817
30.8428
30.8686
30.8944
30.9201
30.9459
30.9717
30.9975
31.0233
31.0491
31.0748
31.1006
31.1264
31.1522
31.178
31.2037
31.2295
31.2552
31.281
31.3068
31.3325
31.3582
31.384
31.4098
31.4355
31.4613
31.4871
31.5128
31.5386
31.5644
31.5902
31.6159
31.6417
31.6675
31.6933
31.7191
31.7449
31.7707
31.7964
31.8222
31.848
31.8738
31.8995
31.9254
31.9511
31.9769
32.0027
32.0285
32.0543
32.0802
32.106
32.1318
32.1576
32.1833
32.2091
32.2349
32.2607
32.2865
32.3122
32.338
32.3638
32.3896
32.4153
32.4411
32.4668
32.4926
32.5183
32.5441
32.5699
32.5956
32.6215
32.6473
32.6731
32.6988
32.7246
32.7504
32.7762
32.8019
32.8276
32.8534
32.8792
32.9049
32.9307
32.9565
32.9823
33.008
33.0338
33.0595
33.0853
33.1111
33.1369
33.1627
33.1884
33.2142
33.24
33.2659
33.2917
33.3175
33.3433
33.3691
33.3949
33.4206
33.4464
33.4722
33.4981
33.5238
33.5497
33.5755
33.6013
33.6271
33.6529
33.6787
33.7045
33.7303
33.7561
33.7818
33.8076
33.8334
33.8592
33.885
33.9108
33.9366
33.9624
33.9882
34.014
34.0398
34.0655
34.0913
34.1171
34.1429
34.1687
34.1945
34.2204
34.2461
34.2719
34.2976
34.3234
34.3492
34.375
34.4008
34.4265
34.4523
34.4781
34.5039
34.5298
34.5556
34.5813
34.6071
34.6328
34.6585
34.6843
34.7101
34.7359
34.7617
34.7875
34.8132
34.839
34.8649
34.8907
34.9164
34.9422
34.9681
34.9939
35.0197
35.0456
35.0714
35.0972
35.123
35.1488
35.1746
35.2004
35.2263
35.2521
35.2779
35.3037
35.3296
35.3554
35.3812
35.407
35.4328
35.4586
35.4844
35.5102
35.536
35.5618
35.5876
35.6134
35.6392
35.6649
35.6907
35.7165
35.7423
35.7681
35.7939
35.8197
35.8454
35.8712
35.8971
35.9229
35.9487
35.9744
36.0003
36.0261
36.0519
36.0778
36.1036
36.1293
36.1551
36.1809
36.2067
36.2326
36.2584
36.2842
36.31
36.3358
36.3616
36.3874
36.4132
36.439
36.4648
36.4906
36.5164
36.5422
36.5681
36.5939
36.6197
36.6455
36.6713
36.6971
36.7228
36.7486
36.7744
36.8001
36.8258
36.8516
36.8774
36.9031
36.9289
36.9547
36.9805
37.0063
37.032
37.0578
37.0836
37.1094
37.1352
37.1609
37.1868
37.2126
37.2383
37.2641
37.2899
37.3157
37.3414
37.3672
37.393
37.4188
37.4446
37.4704
37.4962
37.522
37.5478
37.5736
37.5994
37.6251
37.6509
37.6767
37.7024
37.7282
37.754
37.7798
37.8056
37.8315
37.8572
37.883
37.9088
37.9345
37.9603
37.9861
38.0118
38.0376
38.0634
38.0891
38.1149
38.1407
38.1665
38.1923
38.2181
38.2439
38.2697
38.2955
38.3213
38.3471
38.3729
38.3987
38.4244
38.4502
38.4759
38.5017
38.5275
38.5533
38.5791
38.6048
38.6306
38.6564
38.6823
38.7081
38.7338
38.7596
38.7854
38.8111
38.8369
38.8627
38.8884
38.9142
38.9399
38.9657
38.9914
39.0172
39.043
39.0688
39.0946
39.1204
39.1461
39.1719
39.1977
39.2235
39.2493
39.275
39.3008
39.3266
39.3523
39.3781
39.4038
39.4296
39.4554
39.4812
39.507
39.5328
39.5585
39.5843
39.6101
39.6359
39.6617
39.6875
39.7133
39.7391
39.7649
39.7907
39.8164
39.8422
39.868
39.8938
39.9196
39.9454
39.9711
39.9969
40.0227
40.0485
40.0743
40.1001
40.1259
40.1517
40.1774
40.2032
40.229
40.2548
40.2805
40.3063
40.3321
40.3579
40.3837
40.4095
40.4353
40.461
40.4868
40.5126
40.5384
40.5641
40.59
40.6158
40.6415
40.6673
40.6931
40.7189
40.7447
40.7705
40.7963
40.8221
40.8478
40.8736
40.8993
40.9252
40.951
40.9768
41.0026
41.0284
41.0541
41.0799
41.1057
41.1314
41.1572
41.183
41.2087
41.2345
41.2603
41.286
41.3118
41.3375
41.3633
41.3891
41.4148
41.4406
41.4664
41.4921
41.5179
41.5437
41.5695
41.5953
41.6211
41.6469
41.6727
41.6984
41.7242
41.75
41.7758
41.8016
41.8274
41.8532
41.879
41.9048
41.9306
41.9564
41.9822
42.008
42.0338
42.0596
42.0854
42.1112
42.1369
42.1627
42.1885
42.2143
42.2401
42.2659
42.2917
42.3175
42.3433
42.3691
42.3949
42.4207
42.4464
42.4722
42.498
42.5238
42.5496
42.5754
42.6012
42.627
42.6528
42.6786
42.7043
42.7301
42.7559
42.7817
42.8075
42.8333
42.8591
42.8849
42.9107
42.9365
42.9623
42.9881
43.0139
43.0397
43.0655
43.0913
43.1171
43.1429
43.1686
43.1945
43.2202
43.246
43.2717
43.2975
43.3233
43.3491
43.3749
43.4007
43.4265
43.4523
43.4781
43.5039
43.5297
43.5555
43.5812
43.607
43.6328
43.6586
43.6844
43.7102
43.736
43.7618
43.7876
43.8134
43.8392
43.865
43.8908
43.9166
43.9424
43.9682
43.994
44.0198
44.0456
44.0714
44.0972
44.123
44.1487
44.1745
44.2003
44.2261
44.2519
44.2777
44.3036
44.3293
44.3551
44.3809
44.4067
44.4325
44.4583
44.4841
44.5099
44.5357
44.5615
44.5872
44.6131
44.6388
44.6646
44.6904
44.7162
44.7421
44.7679
44.7942
44.82
44.8458
44.8716
44.8973
44.9231
44.9489
44.9746
45.0004
45.0262
45.052
45.0778
45.1036
45.1294
45.1552
45.1809
45.2067
45.2326
45.2584
45.2842
45.31
45.3358
45.3616
45.3874
45.4132
45.4389
45.4646
45.4904
45.5162
45.542
45.5678
45.5936
45.6195
45.6453
45.6711
45.6969
45.7226
45.7484
45.7741
45.7999
45.8256
45.8514
45.8772
45.9029
45.9287
45.9545
45.9803
46.006
46.0318
46.0577
46.0834
46.1092
46.135
46.1608
46.1865
46.2123
46.2382
46.264
46.2898
46.3156
46.3414
46.3672
46.3929
46.4187
46.4444
46.4702
46.496
46.5218
46.5476
46.5734
46.5991
46.6249
46.6506
46.6764
46.7022
46.7279
46.7538
46.7795
46.8053
46.8311
46.8569
46.8827
46.9084
46.9342
46.9601
46.9859
47.0116
47.0374
47.0632
47.089
47.1148
47.1405
47.1663
47.1921
47.2178
47.2436
47.2694
47.2952
47.3209
47.3468
47.3725
47.3983
47.424
47.4498
47.4756
47.5014
47.5271
47.5529
47.5786
47.6044
47.6301
47.6559
47.6817
47.7075
47.7333
47.759
47.7848
47.8106
47.8364
47.8622
47.888
47.9138
47.9396
47.9654
47.9912
48.017
48.0427
48.0684
48.0942
48.12
48.1458
48.1716
48.1975
48.2233
48.249
48.2748
48.3006
48.3264
48.3522
48.378
48.4038
48.4295
48.4553
48.4811
48.5069
48.5326
48.5584
48.5842
48.61
48.6358
48.6616
48.6874
48.7131
48.7389
48.7647
48.7904
48.8162
48.842
48.8678
48.8936
48.9194
48.9452
48.971
48.9968
49.0226
49.0484
49.0742
49.1
49.1258
49.1516
49.1774
49.2031
49.2289
49.2547
49.2805
49.3063
49.3321
49.3579
49.3837
49.4096
49.4354
49.4611
49.487
49.5127
49.5385
49.5644
49.5902
49.616
49.6419
49.6676
49.6934
49.7191
49.7449
49.7707
49.7964
49.8222
49.8481
49.8739
49.8997
49.9255
49.9513
49.9771
50.0029
50.0286
50.0544
50.0802
50.1061
50.1319
50.1577
50.1834
50.2092
50.235
50.2609
50.2867
50.3124
50.3382
50.364
50.3898
50.4156
50.4415
50.4672
50.493
50.5188
50.5445
50.5703
50.5961
50.6219
50.6477
50.6734
50.6992
50.725
50.7507
50.7765
50.8023
50.8281
50.854
50.8798
50.9056
50.9313
50.9572
50.9829
51.0088
51.0346
51.0604
51.0863
51.1121
51.1379
51.1638
51.1895
51.2153
51.2411
51.2669
51.2926
51.3184
51.3441
51.3699
51.3957
51.4215
51.4473
51.4731
51.4989
51.5247
51.5505
51.5763
51.6021
51.6279
51.6538
51.6796
51.7054
51.7312
51.757
51.7827
51.8085
51.8343
51.86
51.8857
51.9116
51.9373
51.9631
51.9889
52.0147
52.0404
52.0662
52.092
52.1179
52.1437
52.1695
52.1952
52.221
52.2468
52.2726
52.2984
52.3242
52.35
52.3758
52.4016
52.4274
52.4531
52.4789
52.5047
52.5305
52.5563
52.582
52.6078
52.6337
52.6595
52.6853
52.711
52.7368
52.7626
52.7883
52.8141
52.8398
52.8656
52.8914
52.9172
52.943
52.9688
52.9946
53.0204
53.0462
53.072
53.0977
53.1235
53.1493
53.1751
53.2009
53.2266
53.2524
53.2782
53.304
53.3298
53.3556
53.3813
53.4071
53.4329
53.4587
53.4845
53.5103
53.5361
53.5619
53.5877
53.6135
53.6393
53.665
53.6908
53.7166
53.7424
53.7683
53.7941
53.8199
53.8457
53.8715
53.8972
53.923
53.9488
53.9745
54.0003
54.026
54.0517
54.0776
54.1033
54.1291
54.1549
54.1806
54.2064
54.2322
54.2581
54.2839
54.3097
54.3355
54.3613
54.3871
54.4129
54.4387
54.4644
54.4902
54.516
54.5418
54.5675
54.5934
54.6192
54.6449
54.6707
54.6965
54.7223
54.7481
54.7739
54.7996
54.8254
54.8512
54.877
54.9028
54.9286
54.9544
54.9801
55.0059
55.0317
55.0575
55.0832
55.109
55.1348
55.1696
55.1954
55.2212
55.247
55.2728
55.2985
55.3243
55.3501
55.3758
55.4016
55.4274
55.4532
55.479
55.5048
55.5306
55.5564
55.5822
55.6079
55.6337
55.6595
55.6853
55.7111
55.7369
55.7627
55.7885
55.8142
55.8401
55.866
55.8917
55.9175
55.9433
55.9691
55.9949
56.0207
56.0465
56.0722
56.098
56.1238
56.1496
56.1754
56.2011
56.2269
56.2527
56.2785
56.3043
56.33
56.3558
56.3816
56.4074
56.4331
56.4589
56.4847
56.5105
56.5362
56.5621
56.5878
56.6136
56.6394
56.6651
56.6909
56.7167
56.7425
56.7682
56.794
56.8197
56.8455
56.8712
56.897
56.9228
56.9486
56.9744
57.0002
57.026
57.0518
57.0776
57.1034
57.1292
57.155
57.1808
57.2065
57.2324
57.2582
57.284
57.3098
57.3356
57.3614
57.3872
57.413
57.4389
57.4646
57.4904
57.5162
57.542
57.5678
57.5936
57.6193
57.6451
57.6709
57.6967
57.7225
57.7483
57.7741
57.7999
57.8257
57.8515
57.8772
57.903
57.9288
57.9546
57.9803
58.0061
58.0319
58.0576
58.0834
58.1092
58.135
58.1608
58.1866
58.2124
58.2382
58.2639
58.2897
58.3154
58.3412
58.3669
58.3926
58.4184
58.4441
58.4699
58.4957
58.5214
58.5472
58.5729
58.5987
58.6244
58.6502
58.6759
58.7017
58.7275
58.7533
58.7791
58.8048
58.8306
58.8564
58.8822
58.9081
58.9338
58.9596
58.9854
59.0111
59.0369
59.0627
59.0884
59.1142
59.14
59.1658
59.1916
59.2173
59.2431
59.2688
59.2946
59.3204
59.3462
59.3719
59.3977
59.4235
59.4493
59.4751
59.5009
59.5266
59.5524
59.5782
59.604
59.6297
59.6555
59.6813
59.707
59.7328
59.7585
59.7843
59.8101
59.8358
59.8617
59.8875
59.9133
59.9391
59.9648
59.9906
60.0164
60.0422
60.068
60.0937
60.1195
60.1452
60.171
60.1968
60.2226
60.2484
60.2742
60.2999
60.3257
60.3515
60.3772
60.403
60.4287
60.4545
60.4802
60.506
60.5317
60.5575
60.5833
60.6091
60.6349
60.6607
60.6865
60.7122
60.738
60.7638
60.7895
60.8153
60.841
60.8668
60.8926
60.9184
60.9442
60.97
60.9957
61.0215
61.0473
61.0731
61.0989
61.1246
61.1504
61.1761
61.2018
61.2276
61.2534
61.2792
61.3049
61.3307
61.3565
61.3823
61.4081
61.4339
61.4596
61.4854
61.5112
61.537
61.5628
61.5886
61.6144
61.6402
61.666
61.6918
61.7176
61.7434
61.7693
61.795
61.8208
61.8466
61.8724
61.8982
61.924
61.9498
61.9755
62.0013
62.0271
62.0529
62.0787
62.1044
62.1302
62.156
62.1817
62.2075
62.2333
62.2591
62.2849
62.3107
62.3364
62.3623
62.3881
62.4139
62.4397
62.4655
62.4913
62.5171
62.5429
62.5686
62.5944
62.6202
62.646
62.6717
62.6975
62.7233
62.7491
62.7748
62.8006
62.8264
62.8522
62.878
62.9038
62.9295
62.9554
62.9811
63.0069
63.0376
63.0633
63.0891
63.1149
63.1407
63.1665
63.1923
63.2181
63.2438
63.2696
63.2954
63.3212
63.347
63.3727
63.3985
63.4243
63.4501
63.4759
63.5017
63.5275
63.5532
63.579
63.6049
63.6306
63.6564
63.6822
63.708
63.7337
63.7595
63.7853
63.8111
63.8369
63.8626
63.8884
63.9142
63.94
63.9659
63.9916
64.0174
64.0432
64.069
64.0948
64.1206
64.1464
64.1721
64.1979
64.2237
64.2495
64.2753
64.3011
64.3269
64.3527
64.3784
64.4042
64.43
64.4558
64.4816
64.5074
64.5332
64.559
64.5847
64.6105
64.6364
64.6622
64.6879
64.7137
64.7394
64.7652
64.791
64.8167
64.8424
64.8682
64.894
64.9198
64.9455
64.9713
64.9971
65.0229
65.0486
65.0744
65.1002
65.126
65.1517
65.1776
65.2033
65.2364
65.2622
65.288
65.3137
65.3395
65.3653
65.3911
65.4169
65.4427
65.4684
65.4942
65.5199
65.5457
65.5715
65.5972
65.6229
65.6487
65.6745
65.7003
65.7262
65.7521
65.7779
65.8037
65.8295
65.8553
65.8812
65.9069
65.9328
65.9585
65.9843
66.0101
66.0359
66.0617
66.0875
66.1132
66.139
66.1648
66.1906
66.2164
66.2422
66.268
66.2938
66.3195
66.3453
66.3711
66.3968
66.4226
66.4484
66.4742
66.5
66.5258
66.5516
66.5773
66.6031
66.6289
66.6547
66.6804
66.7062
66.732
66.7577
66.7835
66.8093
66.835
66.8608
66.8865
66.9123
66.9381
66.9639
66.9897
67.0155
67.0412
67.067
67.0928
67.1186
67.1444
67.1702
67.196
67.2218
67.2476
67.2733
67.2991
67.3249
67.3507
67.3764
67.4022
67.428
67.4538
67.4795
67.5053
67.5311
67.5569
67.5826
67.6084
67.6342
67.66
67.6858
67.7116
67.7373
67.7631
67.7889
67.8147
67.8404
67.8663
67.892
67.9178
67.9436
67.9693
67.9951
68.0209
68.0467
68.0725
68.0983
68.1241
68.1499
68.1757
68.2015
68.2273
68.2531
68.2789
68.3046
68.3304
68.3562
68.3819
68.4077
68.4334
68.4592
68.485
68.5108
68.5367
68.5625
68.5883
68.6141
68.6399
68.6657
68.6914
68.7172
68.743
68.7688
68.7946
68.8203
68.846
68.8717
68.8975
68.9232
68.949
68.9747
69.0005
69.0262
69.052
69.0778
69.1035
69.1293
69.1551
69.1808
69.2066
69.2324
69.2582
69.284
69.3098
69.3355
69.3613
69.3871
69.4129
69.4386
69.4644
69.4902
69.516
69.5417
69.5675
69.5933
69.6191
69.6449
69.6707
69.6964
69.7223
69.7481
69.7739
69.7997
69.8255
69.8512
69.877
69.9028
69.9286
69.9544
69.9802
70.006
70.0318
70.0576
70.0834
70.1093
70.1351
70.1608
70.1866
70.2124
70.2382
70.2639
70.2897
70.3155
70.3413
70.3671
70.3929
70.4187
70.4445
70.4703
70.4961
70.5219
70.5477
70.5735
70.5993
70.6251
70.6509
70.6767
70.7024
70.7282
70.754
70.7797
70.8055
70.8313
70.8571
70.8829
70.9086
70.9345
70.9602
70.986
71.0118
71.0376
71.0633
71.0891
71.1148
71.1406
71.1663
71.1921
71.2178
71.2436
71.2694
71.2951
71.3209
71.3467
71.3724
71.3982
71.4239
71.4497
71.4755
71.5013
71.5271
71.5529
71.5787
71.6044
71.6302
71.656
71.6819
71.7077
71.7335
71.7592
71.785
71.8108
71.8365
71.8624
71.8882
71.9139
71.9397
71.9655
71.9913
72.0172
72.043
72.0687
72.0946
72.1204
72.1461
72.1719
72.1977
72.2235
72.2493
72.2751
72.3008
72.3266
72.3524
72.3782
72.404
72.4298
72.4556
72.4814
72.5071
72.5329
72.5587
72.5844
72.6102
72.636
72.6618
72.6876
72.7134
72.7391
72.7649
72.7906
72.8163
72.8421
72.8678
72.8936
72.9194
72.9452
72.9709
72.9967
73.0226
73.0484
73.0742
73.1
73.1258
73.1516
73.1774
73.2032
73.2289
73.2547
73.2804
73.3062
73.3319
73.3577
73.3835
73.4092
73.435
73.4607
73.4865
73.5123
73.5381
73.5638
73.5896
73.6154
73.6412
73.667
73.6928
73.7186
73.7444
73.7702
73.7961
73.8219
73.8476
73.8734
73.8992
73.9251
73.9509
73.9767
74.0025
74.0283
74.054
74.0798
74.1056
74.1314
74.1572
74.1829
74.2087
74.2345
74.2604
74.2862
74.312
74.3378
74.3636
74.3893
74.4151
74.441
74.4667
74.4925
74.5183
74.5441
74.5699
74.5957
74.6215
74.6473
74.6731
74.6989
74.7247
74.7505
74.7763
74.8021
74.8279
74.8537
74.8794
74.9052
74.931
74.9568
74.9826
75.0084
75.0341
75.06
75.0857
75.1115
75.1373
75.1631
75.1889
75.2147
75.2404
75.2662
75.292
75.3178
75.3436
75.3693
75.3952
75.4209
75.4467
75.4724
75.4982
75.5239
75.5497
75.5754
75.6012
75.6269
75.6527
75.6785
75.7042
75.73
75.7558
75.7815
75.8073
75.8331
75.8589
75.8847
75.9105
75.9362
75.962
75.9878
76.0136
76.0394
76.0652
76.0909
76.1167
76.1425
76.1683
76.194
76.2198
76.2456
76.2713
76.2971
76.3228
76.3485
76.3743
76.4001
76.4259
76.4516
76.4774
76.5032
76.529
76.5548
76.5805
76.6063
76.632
76.6578
76.6836
76.7094
76.7351
76.7609
76.7867
76.8124
76.8382
76.8639
76.8898
76.9155
76.9413
76.9671
76.9929
77.0186
77.0444
77.0702
77.096
77.1218
77.1475
77.1733
77.1991
77.2248
77.2506
77.2764
77.3022
77.3279
77.3537
77.3795
77.4052
77.4311
77.4568
77.4826
77.5084
77.5342
77.5599
77.5857
77.6114
77.6371
77.6629
77.6887
77.7144
77.7402
77.766
77.7917
77.8175
77.8432
77.869
77.8948
77.9206
77.9464
77.9722
77.998
78.0238
78.0495
78.0754
78.1011
78.1269
78.1527
78.1785
78.2042
78.23
78.2558
78.2817
78.3074
78.3332
78.359
78.3848
78.4106
78.4364
78.4622
78.488
78.5137
78.5395
78.5653
78.5912
78.6169
78.6427
78.6684
78.6942
78.72
78.7458
78.7716
78.7974
78.8231
78.8489
78.8747
78.9004
78.9262
78.9519
78.9777
79.0035
79.0294
79.0551
79.0809
79.1067
79.1325
79.1583
79.184
79.2098
79.2356
79.2614
79.2872
79.313
79.3387
79.3644
79.3902
79.416
79.4418
79.4675
79.4933
79.5191
79.5449
79.5706
79.5964
79.6222
79.6479
79.6738
79.6995
79.7253
79.751
79.7768
79.8026
79.8283
79.8541
79.8798
79.9056
79.9314
79.9571
79.9829
80.0087
80.0345
80.0603
80.0861
80.1119
80.1376
80.1634
80.1892
80.215
80.2408
80.2666
80.2924
80.3182
80.344
80.3698
80.3956
80.4214
80.4472
80.4729
80.4987
80.5244
80.5502
80.576
80.6018
80.6276
80.6533
80.6791
80.7049
80.7306
80.7564
80.7822
80.8079
80.8337
80.8595
80.8853
80.9111
80.9369
80.9627
80.9884
81.018
81.0438
81.0696
81.0954
81.1212
81.1469
81.1727
81.1984
81.2242
81.2499
81.2757
81.3014
81.3271
81.3529
81.3786
81.4044
81.4301
81.4559
81.4817
81.5075
81.5334
81.5591
81.5849
81.6107
81.6364
81.6622
81.688
81.7138
81.7395
81.7653
81.7911
81.8168
81.8426
81.8683
81.8941
81.9198
81.9456
81.9713
81.997
82.0285
82.0576
82.0834
82.1092
82.1351
82.1609
82.1867
82.2125
82.2383
82.2641
82.2899
82.3157
82.3414
82.3672
82.3929
82.4187
82.4445
82.4703
82.496
82.5218
82.5476
82.5733
82.5991
82.6249
82.6507
82.6764
82.7022
82.728
82.7537
82.7795
82.8053
82.8311
82.8568
82.8826
82.9083
82.9341
82.96
82.9858
83.0115
83.0373
83.0631
83.0889
83.1146
83.1404
83.1662
83.192
83.2178
83.2436
83.2693
83.2951
83.3209
83.3466
83.3724
83.3982
83.4239
83.4497
83.4755
83.5013
83.527
83.5528
83.5786
83.6044
83.6302
83.656
83.6817
83.7075
83.7332
83.7591
83.7849
83.8106
83.8365
83.8623
83.8881
83.9139
83.9396
83.9654
83.9912
84.0169
84.0427
84.0684
84.0942
84.1199
84.1457
84.1714
84.1972
84.2229
84.2487
84.2745
84.3003
84.3261
84.3519
84.3777
84.4034
84.4292
84.455
84.4807
84.5065
84.5323
84.558
84.5838
84.6096
84.6353
84.6611
84.6869
84.7127
84.7385
84.7642
84.7899
84.8157
84.8414
84.8671
84.893
84.9188
84.9445
84.9703
84.9961
85.0218
85.0476
85.0734
85.0992
85.125
85.1508
85.1766
85.2024
85.2283
85.254
85.2798
85.3056
85.3314
85.3572
85.3829
85.4087
85.4345
85.4602
85.486
85.5118
85.5376
85.5634
85.5892
85.615
85.6407
85.6665
85.6923
85.7181
85.7438
85.7696
85.7954
85.8212
85.8469
85.8727
85.8985
85.9423
85.9681
85.9939
86.0197
86.0455
86.0712
86.097
86.1228
86.1486
86.1744
86.2001
86.2259
86.2517
86.2774
86.3032
86.329
86.3547
86.3805
86.4063
86.4321
86.4579
86.4837
86.5094
86.5352
86.561
86.5868
86.6125
86.6383
86.664
86.6898
86.7157
86.7415
86.7673
86.793
86.8188
86.8446
86.8703
86.8961
86.9219
86.9477
86.9735
86.9992
87.025
87.0507
87.0765
87.1023
87.128
87.1539
87.1797
87.2054
87.2312
87.257
87.2828
87.3085
87.3343
87.3601
87.3858
87.4116
87.4374
87.4631
87.4889
87.5146
87.5404
87.5662
87.5919
87.6177
87.6435
87.6693
87.695
87.7208
87.7466
87.7724
87.7981
87.8239
87.8497
87.8754
87.9012
87.9269
87.9527
87.9785
88.0042
88.03
88.0558
88.0815
88.1073
88.1331
88.1588
88.1846
88.2103
88.2361
88.2618
88.2876
88.3133
88.3391
88.3648
88.3906
88.4163
88.442
88.4678
88.4936
88.5194
88.5451
88.5709
88.5967
88.6225
88.6484
88.6742
88.7
88.7257
88.7515
88.7772
88.803
88.8287
88.8545
88.8802
88.906
88.9318
88.9576
88.9834
89.0092
89.035
89.0609
89.0866
89.1124
89.1381
89.1639
89.1897
89.2155
89.2413
89.2671
89.2929
89.3187
89.3444
89.3703
89.3961
89.4218
89.4476
89.4734
89.4992
89.5249
89.5507
89.5764
89.6022
89.628
89.6537
89.6795
89.7053
89.7311
89.7569
89.7826
89.8084
89.8342
89.8599
89.8857
89.9115
89.9373
89.9631
89.9889
90.0147
90.0405
90.0663
90.0921
90.1179
90.1437
90.1695
90.1953
90.2211
90.2469
90.2727
90.2984
90.3242
90.35
90.3759
90.4017
90.4275
90.4533
90.4791
90.5048
90.5306
90.5563
90.5821
90.6079
90.6336
90.6594
90.6852
90.711
90.7368
90.7626
90.7883
90.8141
90.8399
90.8657
90.8914
90.9172
90.9431
90.9688
90.9946
91.0204
91.0462
91.072
91.0978
91.1236
91.1494
91.1752
91.201
91.2267
91.2525
91.2783
91.304
91.3298
91.3555
91.3813
91.4071
91.4328
91.4586
91.4844
91.5101
91.5359
91.5617
91.5875
91.6133
91.639
91.6648
91.6906
91.7163
91.7421
91.7679
91.7937
91.8195
91.8452
91.871
91.8968
91.9226
91.9484
91.9742
92
92.0258
92.0515
92.0773
92.1031
92.1289
92.1547
92.1804
92.2062
92.232
92.2578
92.2836
92.3094
92.3352
92.361
92.3868
92.4126
92.4384
92.4642
92.49
92.5157
92.5415
92.5674
92.5931
92.6189
92.6447
92.6704
92.6961
92.7219
92.7476
92.7733
92.7991
92.8248
92.8505
92.8763
92.9021
92.9278
92.9536
92.9793
93.0051
93.0309
93.0567
93.0824
93.1082
93.134
93.1599
93.1857
93.2115
93.2372
93.263
93.2888
93.3145
93.3403
93.3661
93.3919
93.4176
93.4434
93.4692
93.4949
93.5207
93.5465
93.5723
93.5981
93.6239
93.6496
93.6754
93.7012
93.727
93.7528
93.7785
93.8043
93.8301
93.8559
93.8817
93.9075
93.9332
93.959
93.9847
94.0105
94.0363
94.0621
94.0879
94.1136
94.1394
94.1652
94.191
94.2168
94.2425
94.2683
94.2941
94.3198
94.3456
94.3714
94.3973
94.423
94.4488
94.4746
94.5004
94.5262
94.552
94.5778
94.6036
94.6294
94.6552
94.681
94.7068
94.7326
94.7584
94.7841
94.8099
94.8356
94.8614
94.8871
94.9129
94.9386
94.9644
94.9902
95.016
95.0418
95.0676
95.0934
95.1192
95.145
95.1708
95.1965
95.2224
95.2482
95.274
95.2998
95.3256
95.3513
95.3771
95.4029
95.4287
95.4544
95.4802
95.506
95.5318
95.5575
95.5833
95.6091
95.6349
95.6607
95.6865
95.7123
95.7381
95.7639
95.7898
95.8156
95.8414
95.8671
95.893
95.9188
95.9446
95.9704
95.9962
96.0219
96.0477
96.0735
96.0993
96.1251
96.1508
96.1766
96.2024
96.2282
96.2541
96.2799
96.3057
96.3315
96.3572
96.383
96.4088
96.4346
96.4604
96.4861
96.5119
96.5377
96.5635
96.5893
96.6151
96.6409
96.6667
96.6924
96.7182
96.744
96.7697
96.7955
96.8212
96.847
96.8727
96.8985
96.9242
96.95
96.9757
97.0015
97.0272
97.053
97.0788
97.1045
97.1303
97.1561
97.1819
97.2077
97.2335
97.2593
97.2851
97.3109
97.3367
97.3625
97.3884
97.4141
97.4399
97.4658
97.4915
97.5173
97.5431
97.569
97.5947
97.6206
97.6464
97.6722
97.6979
97.7237
97.7495
97.7752
97.801
97.8268
97.8526
97.8784
97.9042
97.9299
97.9557
97.9844
98.0176
98.0434
98.0692
98.095
98.1208
98.1465
98.1723
98.1981
98.224
98.2497
98.2755
98.3012
98.327
98.3528
98.3785
98.4044
98.4302
98.456
98.4818
98.5076
98.5334
98.5592
98.585
98.6107
98.6365
98.6623
98.6881
98.7138
98.7396
98.7654
98.7912
98.817
98.8427
98.8685
98.8943
98.9201
98.9458
98.9716
98.9973
99.0231
99.0488
99.0746
99.1004
99.1263
99.152
99.1778
99.2035
99.2293
99.2551
99.2809
99.3067
99.3324
99.3582
99.384
99.4098
99.4356
99.4614
99.4873
99.513
99.5388
99.5646
99.5903
99.6161
99.6419
99.6677
99.6935
99.7194
99.7452
99.771
99.7968
99.8225
99.8483
99.8741
99.8999
99.9256
99.9514
99.9772
100.003
100.029
100.055
100.08
100.106
100.132
100.158
100.184
100.209
100.235
100.261
100.287
100.313
100.338
100.364
100.39
100.416
100.442
100.467
100.493
100.519
100.545
100.57
100.596
100.622
100.648
100.674
100.7
100.725
100.751
100.777
100.803
100.828
100.854
100.88
100.906
100.932
100.957
100.983
101.009
101.035
101.061
101.086
101.112
101.138
101.164
101.19
101.215
101.241
101.267
101.293
101.318
101.344
101.37
101.396
101.422
101.447
101.473
101.499
101.525
101.55
101.576
101.602
101.628
101.654
101.679
101.705
101.731
101.757
101.783
101.808
101.834
101.86
101.886
101.912
101.937
101.963
101.989
102.015
102.041
102.066
102.092
102.118
102.144
102.17
102.195
102.221
102.247
102.273
102.299
102.324
102.35
102.376
102.402
102.428
102.453
102.479
102.505
102.531
102.557
102.582
102.608
102.634
102.66
102.686
102.711
102.737
102.763
102.789
102.815
102.841
102.866
102.892
102.918
102.944
102.97
102.995
103.021
103.047
103.073
103.099
103.124
103.15
103.176
103.202
103.228
103.253
103.279
103.305
103.331
103.357
103.382
103.408
103.434
103.46
103.485
103.511
103.537
103.563
103.589
103.614
103.64
103.666
103.692
103.718
103.743
103.769
103.795
103.821
103.847
103.872
103.898
103.924
103.95
103.976
104.001
104.027
104.053
104.079
104.104
104.13
104.156
104.182
104.208
104.234
104.259
104.285
104.311
104.337
104.362
104.388
104.414
104.44
104.466
104.491
104.517
104.543
104.569
104.595
104.62
104.646
104.672
104.698
104.724
104.749
104.775
104.801
104.827
104.852
104.878
104.904
104.93
104.956
104.981
105.007
105.033
105.059
105.084
105.11
105.136
105.162
105.188
105.213
105.239
105.265
105.291
105.317
105.342
105.368
105.394
105.42
105.446
105.471
105.497
105.523
105.549
105.574
105.6
105.626
105.652
105.678
105.704
105.729
105.755
105.781
105.807
105.833
105.858
105.884
105.91
105.936
105.962
105.987
106.013
106.039
106.065
106.091
106.116
106.142
106.168
106.194
106.22
106.245
106.271
106.297
106.323
106.348
106.374
106.4
106.426
106.452
106.477
106.503
106.529
106.555
106.58
106.606
106.632
106.658
106.684
106.709
106.735
106.761
106.787
106.813
106.838
106.864
106.89
106.916
106.942
106.967
106.993
107.019
107.045
107.07
107.096
107.122
107.148
107.174
107.199
107.225
107.251
107.277
107.303
107.328
107.354
107.38
107.406
107.432
107.457
107.483
107.509
107.535
107.56
107.586
107.612
107.638
107.663
107.689
107.715
107.741
107.766
107.792
107.818
107.844
107.869
107.895
107.921
107.947
107.972
107.998
108.024
108.05
108.075
108.101
108.127
108.153
108.179
108.204
108.23
108.256
108.282
108.308
108.333
108.359
108.385
108.411
108.436
108.462
108.488
108.514
108.54
108.565
108.591
108.617
108.643
108.668
108.694
108.72
108.746
108.772
108.797
108.823
108.849
108.875
108.9
108.926
108.952
108.978
109.004
109.029
109.055
109.086
109.111
109.137
109.163
109.189
109.214
109.24
109.266
109.292
109.318
109.344
109.369
109.395
109.421
109.447
109.472
109.498
109.524
109.55
109.576
109.601
109.627
109.653
109.679
109.704
109.73
109.756
109.782
109.808
109.833
109.859
109.885
109.911
109.936
109.962
109.988
110.014
110.039
110.065
110.091
110.117
110.143
110.168
110.194
110.22
110.246
110.272
110.297
110.323
110.349
110.375
110.401
110.426
110.452
110.478
110.504
110.529
110.555
110.581
110.607
110.633
110.658
110.684
110.71
110.736
110.761
110.787
110.813
110.839
110.864
110.89
110.916
110.942
110.968
110.993
111.019
111.045
111.071
111.097
111.122
111.148
111.174
111.2
111.225
111.251
111.277
111.303
111.328
111.354
111.38
111.406
111.431
111.457
111.483
111.509
111.534
111.56
111.586
111.612
111.638
111.663
111.689
111.715
111.741
111.766
111.792
111.818
111.844
111.87
111.896
111.921
111.947
111.973
111.999
112.024
112.05
112.076
112.102
112.127
112.153
112.179
112.205
112.231
112.256
112.282
112.308
112.334
112.359
112.385
112.411
112.437
112.463
112.488
112.514
112.54
112.566
112.591
112.617
112.643
112.669
112.695
112.72
112.746
112.772
112.798
112.823
112.849
112.875
112.901
112.927
112.952
112.978
113.004
113.03
113.056
113.081
113.107
113.133
113.159
113.184
113.21
113.236
113.262
113.288
113.313
113.339
113.365
113.391
113.417
113.442
113.468
113.494
113.52
113.545
113.571
113.597
113.623
113.649
113.674
113.7
113.726
113.752
113.778
113.803
113.829
113.855
113.881
113.906
113.932
113.958
113.984
114.009
114.035
114.061
114.087
114.113
114.138
114.164
114.19
114.216
114.241
114.267
114.293
114.319
114.345
114.37
114.396
114.422
114.448
114.474
114.499
114.525
114.551
114.577
114.603
114.628
114.654
114.68
114.706
114.732
114.757
114.783
114.809
114.835
114.861
114.886
114.912
114.938
114.964
114.989
115.015
115.041
115.067
115.093
115.118
115.144
115.17
115.196
115.222
115.247
115.273
115.299
115.325
115.35
115.376
115.402
115.428
115.454
115.479
115.505
115.531
115.557
115.583
115.608
115.634
115.66
115.686
115.712
115.737
115.763
115.789
115.815
115.841
115.866
115.892
115.918
115.944
115.97
115.995
116.021
116.047
116.073
116.098
116.124
116.15
116.176
116.202
116.228
116.253
116.279
116.305
116.331
116.356
116.382
116.408
116.434
116.459
116.485
116.511
116.537
116.563
116.588
116.614
116.64
116.666
116.691
116.717
116.743
116.769
116.794
116.82
116.846
116.872
116.897
116.923
116.949
116.975
117.001
117.026
117.052
117.078
117.104
117.129
117.155
117.181
117.207
117.232
117.258
117.284
117.31
117.335
117.361
117.387
117.413
117.439
117.464
117.49
117.516
117.542
117.567
117.593
117.619
117.645
117.671
117.696
117.722
117.748
117.774
117.8
117.825
117.851
117.877
117.903
117.928
117.954
117.98
118.006
118.032
118.057
118.083
118.109
118.135
118.16
118.186
118.212
118.238
118.263
118.289
118.315
118.341
118.367
118.392
118.418
118.444
118.47
118.495
118.521
118.547
118.573
118.598
118.624
118.65
118.676
118.702
118.727
118.753
118.779
118.805
118.83
118.856
118.882
118.908
118.933
118.959
118.985
119.011
119.037
119.062
119.088
119.114
119.14
119.165
119.191
119.217
119.243
119.268
119.294
119.32
119.346
119.372
119.397
119.423
119.449
119.475
119.5
119.526
119.552
119.578
119.604
119.629
119.655
119.681
119.707
119.733
119.758
119.784
119.81
119.836
119.861
119.887
119.913
119.939
119.964
119.99
120.016
120.042
120.068
120.093
120.119
120.145
120.171
120.197
120.222
120.248
120.274
120.3
120.326
120.351
120.377
120.403
120.429
120.455
120.48
120.506
120.532
120.558
120.583
120.609
120.635
120.661
120.686
120.712
120.738
120.764
120.796
120.822
120.848
120.874
120.9
120.925
120.951
120.977
121.003
121.028
121.054
121.08
121.106
121.132
121.157
121.183
121.209
121.235
121.26
121.286
121.312
121.338
121.363
121.389
121.415
121.441
121.466
121.492
121.518
121.544
121.57
121.595
121.621
121.647
121.673
121.698
121.724
121.75
121.776
121.802
121.827
121.853
121.879
121.905
121.931
121.956
121.982
122.008
122.034
122.059
122.085
122.111
122.137
122.163
122.188
122.214
122.24
122.266
122.291
122.317
122.343
122.369
122.394
122.42
122.446
122.472
122.497
122.523
122.549
122.575
122.601
122.626
122.652
122.678
122.704
122.73
122.755
122.781
122.807
122.833
122.858
122.884
122.91
122.936
122.962
122.987
123.013
123.039
123.065
123.091
123.116
123.142
123.168
123.194
123.219
123.245
123.271
123.297
123.322
123.348
123.374
123.4
123.426
123.451
123.477
123.503
123.529
123.555
123.58
123.606
123.632
123.658
123.684
123.709
123.735
123.761
123.787
123.813
123.838
123.864
123.89
123.916
123.941
123.967
123.993
124.019
124.045
124.07
124.096
124.122
124.148
124.174
124.199
124.225
124.251
124.277
124.303
124.328
124.354
124.38
124.406
124.432
124.457
124.483
124.509
124.535
124.56
124.586
124.612
124.638
124.664
124.689
124.715
124.741
124.767
124.793
124.818
124.844
124.87
124.896
124.921
124.947
124.973
124.999
125.024
125.05
125.076
125.102
125.127
125.153
125.179
125.205
125.231
125.257
125.282
125.308
125.334
125.36
125.386
125.411
125.437
125.463
125.489
125.515
125.54
125.566
125.592
125.618
125.644
125.669
125.695
125.721
125.747
125.772
125.798
125.824
125.85
125.876
125.901
125.927
125.953
125.979
126.005
126.03
126.056
126.082
126.108
126.133
126.159
126.185
126.211
126.237
126.262
126.288
126.314
126.34
126.366
126.391
126.417
126.443
126.469
126.494
126.52
126.546
126.572
126.598
126.623
126.649
126.675
126.701
126.727
126.752
126.778
126.804
126.83
126.855
126.881
126.907
126.933
126.959
126.984
127.01
127.036
127.062
127.087
127.113
127.139
127.165
127.19
127.216
127.242
127.268
127.294
127.319
127.345
127.371
127.397
127.423
127.448
127.474
127.5
127.526
127.552
127.577
127.603
127.629
127.655
127.68
127.706
127.732
127.758
127.784
127.81
127.835
127.861
127.887
127.913
127.938
127.964
127.99
128.016
128.042
128.067
128.093
128.119
128.145
128.17
128.196
128.222
128.248
128.274
128.299
128.325
128.351
128.377
128.403
128.428
128.454
128.48
128.506
128.532
128.557
128.583
128.609
128.635
128.66
128.686
128.712
128.738
128.764
128.789
128.815
128.841
128.867
128.892
128.918
128.944
128.97
128.995
129.021
129.047
129.073
129.099
129.124
129.15
129.176
129.202
129.227
129.253
129.279
129.305
129.33
129.356
129.382
129.408
129.433
129.459
129.485
129.511
129.536
129.562
129.588
129.614
129.64
129.665
129.691
129.717
129.743
129.769
129.794
129.82
129.846
129.872
129.898
129.923
129.949
129.975
130.001
130.027
130.052
130.078
130.104
130.13
130.155
130.181
130.207
130.233
130.259
130.284
130.31
130.336
130.362
130.388
130.413
130.439
130.465
130.491
130.516
130.542
130.568
130.594
130.62
130.645
130.671
130.697
130.723
130.749
130.774
130.8
130.826
130.852
130.877
130.903
130.929
130.955
130.981
131.006
131.032
131.058
131.084
131.11
131.135
131.161
131.187
131.213
131.238
131.264
131.29
131.316
131.341
131.367
131.393
131.419
131.444
131.47
131.496
131.522
131.547
131.573
131.599
131.625
131.651
131.676
131.702
131.728
131.754
131.78
131.805
131.831
131.857
131.883
131.909
131.934
131.96
131.986
132.012
132.038
132.063
132.089
132.115
132.141
132.166
132.192
132.218
132.244
132.27
132.295
132.321
132.347
132.373
132.399
132.424
132.45
132.476
132.502
132.527
132.553
132.579
132.605
132.631
132.656
132.682
132.708
132.734
132.76
132.785
132.811
132.837
132.863
132.888
132.914
132.94
132.966
132.992
133.017
133.043
133.069
133.095
133.12
133.146
133.172
133.198
133.224
133.249
133.275
133.301
133.327
133.352
133.378
133.404
133.43
133.456
133.481
133.507
133.533
133.559
133.584
133.61
133.636
133.662
133.687
133.713
133.739
133.765
133.791
133.816
133.842
133.868
133.894
133.92
133.945
133.971
133.997
134.023
134.049
134.074
134.1
134.126
134.152
134.177
134.203
134.229
134.255
134.281
134.306
134.332
134.358
134.384
134.409
134.435
134.461
134.487
134.513
134.538
134.564
134.59
134.616
134.642
134.667
134.693
134.719
134.745
134.771
134.796
134.822
134.848
134.874
134.899
134.925
134.951
134.977
135.003
135.028
135.054
135.08
135.106
135.131
135.157
135.183
135.209
135.235
135.26
135.286
135.312
135.338
135.364
135.389
135.415
135.441
135.467
135.493
135.518
135.544
135.57
135.596
135.622
135.647
135.673
135.699
135.725
135.75
135.776
135.802
135.828
135.853
135.879
135.905
135.931
135.956
135.982
136.008
136.034
136.06
136.085
136.111
136.137
136.163
136.188
136.214
136.24
136.266
136.292
136.317
136.343
136.369
136.395
136.42
136.446
136.472
136.498
136.524
136.549
136.575
136.601
136.627
136.652
136.678
136.704
136.73
136.755
136.781
136.807
136.833
136.859
136.884
136.91
136.936
136.962
136.988
137.013
137.039
137.065
137.091
137.116
137.142
137.168
137.194
137.22
137.245
137.271
137.297
137.323
137.348
137.374
137.4
137.426
137.452
137.477
137.503
137.529
137.555
137.581
137.606
137.632
137.658
137.684
137.709
137.735
137.761
137.787
137.813
137.838
137.864
137.89
137.916
137.941
137.967
137.993
138.019
138.045
138.07
138.096
138.122
138.148
138.174
138.199
138.225
138.251
138.277
138.303
138.328
138.354
138.38
138.406
138.432
138.457
138.483
138.509
138.535
138.561
138.586
138.612
138.638
138.664
138.69
138.715
138.741
138.767
138.793
138.819
138.844
138.87
138.896
138.922
138.948
138.973
138.999
139.025
139.051
139.077
139.102
139.128
139.154
139.18
139.206
139.231
139.257
139.283
139.309
139.334
139.36
139.386
139.412
139.438
139.464
139.489
139.515
139.541
139.567
139.593
139.618
139.644
139.67
139.696
139.722
139.748
139.774
139.799
139.825
139.851
139.877
139.903
139.928
139.954
139.98
140.006
140.032
140.057
140.083
140.109
140.135
140.161
140.186
140.212
140.238
140.264
140.29
140.315
140.341
140.367
140.393
140.419
140.444
140.47
140.496
140.522
140.548
140.573
140.599
140.625
140.651
140.677
140.702
140.728
140.754
140.78
140.806
140.831
140.857
140.883
140.909
140.934
140.96
140.986
141.012
141.038
141.063
141.089
141.115
141.141
141.167
141.192
141.218
141.244
141.27
141.295
141.321
141.347
141.373
141.398
141.424
141.45
141.476
141.502
141.527
141.553
141.579
141.605
141.631
141.657
141.682
141.708
141.734
141.76
141.785
141.811
141.837
141.863
141.889
141.914
141.94
141.966
141.992
142.018
142.044
142.069
142.095
142.121
142.147
142.172
142.198
142.224
142.25
142.276
142.301
142.327
142.353
142.379
142.405
142.43
142.456
142.482
142.508
142.534
142.559
142.585
142.611
142.637
142.663
142.688
142.714
142.74
142.766
142.791
142.817
142.843
142.869
142.895
142.921
142.946
142.972
142.998
143.024
143.05
143.075
143.101
143.127
143.153
143.179
143.204
143.23
143.256
143.282
143.308
143.333
143.359
143.385
143.411
143.437
143.462
143.488
143.514
143.54
143.566
143.591
143.617
143.643
143.669
143.695
143.72
143.746
143.772
143.798
143.824
143.849
143.875
143.901
143.927
143.953
143.978
144.004
144.03
144.056
144.082
144.107
144.133
144.159
144.185
144.211
144.236
144.262
144.288
144.314
144.34
144.365
144.391
144.417
144.443
144.469
144.494
144.52
144.546
144.572
144.597
144.623
144.649
144.675
144.701
144.727
144.752
144.778
144.804
144.83
144.855
144.881
144.907
144.933
144.959
144.984
145.01
145.036
145.062
145.087
145.113
145.139
145.165
145.191
145.216
145.242
145.268
145.294
145.32
145.345
145.371
145.397
145.423
145.449
145.474
145.5
145.526
145.552
145.577
145.603
145.629
145.655
145.681
145.706
145.732
145.758
145.784
145.81
145.835
145.861
145.887
145.913
145.939
145.964
145.99
146.016
146.042
146.067
146.093
146.119
146.145
146.171
146.196
146.222
146.248
146.274
146.3
146.325
146.351
146.377
146.403
146.428
146.454
146.48
146.506
146.531
146.557
146.583
146.609
146.634
146.66
146.686
146.712
146.738
146.763
146.789
146.815
146.841
146.872
146.906
146.931
146.957
146.983
147.009
147.035
147.06
147.086
147.112
147.138
147.164
147.189
147.215
147.241
147.267
147.292
147.318
147.344
147.37
147.396
147.421
147.447
147.473
147.499
147.525
147.55
147.576
147.602
147.628
147.653
147.679
147.705
147.731
147.756
147.782
147.808
147.834
147.859
147.885
147.911
147.936
147.962
147.988
148.014
148.039
148.065
148.091
148.117
148.142
148.168
148.194
148.219
148.245
148.271
148.297
148.322
148.348
148.374
148.4
148.425
148.451
148.477
148.502
148.528
148.554
148.58
148.605
148.631
148.657
148.683
148.708
148.734
148.76
148.786
148.811
148.837
148.863
148.889
148.914
148.94
148.966
148.992
149.017
149.043
149.082
149.108
149.133
149.159
149.185
149.211
149.236
149.262
149.288
149.313
149.339
149.365
149.391
149.416
149.442
149.468
149.494
149.519
149.545
149.571
149.597
149.622
149.648
149.674
149.699
149.725
149.751
149.777
149.808
149.834
149.86
149.886
149.911
149.937
149.963
149.989
150.015
150.04
150.066
150.092
150.118
150.144
150.169
150.195
150.221
150.247
150.272
150.298
150.324
150.35
150.375
150.401
150.427
150.453
150.479
150.504
150.53
150.556
150.582
150.607
150.633
150.659
150.685
150.71
150.736
150.762
150.788
150.813
150.839
150.865
150.891
150.916
150.942
150.968
150.994
151.019
151.045
151.071
151.097
151.122
151.148
151.174
151.2
151.225
151.251
151.277
151.303
151.328
151.354
151.38
151.406
151.431
151.457
151.483
151.509
151.534
151.56
151.586
151.612
151.637
151.663
151.689
151.715
151.74
151.766
151.792
151.818
151.844
151.869
151.895
151.921
151.947
151.972
151.998
152.024
152.05
152.075
152.101
152.127
152.153
152.178
152.204
152.23
152.256
152.281
152.307
152.333
152.359
152.384
152.41
152.436
152.462
152.488
152.513
152.539
152.565
152.591
152.616
152.642
152.668
152.694
152.72
152.745
152.771
152.797
152.823
152.848
152.874
152.9
152.926
152.951
152.977
153.003
153.029
153.055
153.08
153.106
153.132
153.158
153.183
153.209
153.235
153.261
153.286
153.312
153.338
153.364
153.39
153.415
153.441
153.467
153.493
153.519
153.544
153.57
153.596
153.622
153.648
153.673
153.699
153.725
153.751
153.776
153.802
153.828
153.854
153.88
153.905
153.931
153.957
153.983
154.009
154.034
154.06
154.086
154.112
154.137
154.163
154.189
154.215
154.241
154.266
154.292
154.318
154.344
154.369
154.395
154.421
154.447
154.473
154.498
154.524
154.55
154.576
154.602
154.627
154.653
154.679
154.705
154.73
154.756
154.782
154.808
154.833
154.859
154.885
154.911
154.936
154.962
154.988
155.014
155.039
155.065
155.091
155.117
155.143
155.168
155.194
155.22
155.246
155.272
155.297
155.323
155.349
155.375
155.401
155.426
155.452
155.478
155.504
155.529
155.555
155.581
155.607
155.632
155.658
155.684
155.71
155.736
155.761
155.787
155.813
155.839
155.864
155.89
155.916
155.942
155.967
155.993
156.019
156.045
156.07
156.096
156.122
156.148
156.174
156.199
156.225
156.251
156.277
156.302
156.328
156.354
156.38
156.405
156.431
156.457
156.483
156.509
156.534
156.56
156.586
156.612
156.637
156.663
156.689
156.715
156.741
156.766
156.792
156.818
156.843
156.869
156.895
156.921
156.947
156.972
156.998
157.024
157.05
157.076
157.101
157.127
157.153
157.179
157.204
157.23
157.256
157.282
157.307
157.333
157.359
157.385
157.41
157.436
157.462
157.488
157.513
157.539
157.565
157.591
157.617
157.642
157.668
157.694
157.72
157.745
157.771
157.797
157.823
157.849
157.874
157.9
157.926
157.952
157.978
158.003
158.029
158.055
158.081
158.106
158.132
158.158
158.184
158.209
158.235
158.261
158.287
158.313
158.338
158.364
158.39
158.416
158.441
158.467
158.493
158.519
158.544
158.57
158.596
158.622
158.648
158.673
158.699
158.725
158.751
158.776
158.802
158.828
158.854
158.88
158.905
158.931
158.957
158.983
159.008
159.034
159.06
159.086
159.111
159.137
159.163
159.189
159.214
159.24
159.266
159.292
159.318
159.343
159.369
159.395
159.42
159.446
159.472
159.498
159.523
159.549
159.575
159.601
159.627
159.652
159.678
159.704
159.73
159.755
159.781
159.807
159.833
159.859
159.884
159.91
159.936
159.962
159.987
160.013
160.039
160.065
160.091
160.116
160.142
160.168
160.194
160.219
160.245
160.271
160.297
160.322
160.348
160.374
160.4
160.425
160.451
160.477
160.503
160.528
160.554
160.58
160.606
160.631
160.657
160.683
160.709
160.735
160.76
160.786
160.812
160.838
160.863
160.889
160.915
160.941
160.966
160.992
161.018
161.044
161.07
161.095
161.121
161.147
161.173
161.198
161.224
161.25
161.276
161.301
161.327
161.353
161.379
161.404
161.43
161.456
161.482
161.507
161.533
161.559
161.585
161.61
161.636
161.662
161.688
161.713
161.739
161.765
161.791
161.816
161.842
161.868
161.894
161.92
161.945
161.971
161.997
162.023
162.048
162.074
162.1
162.126
162.151
162.177
162.203
162.229
162.255
162.28
162.306
162.332
162.358
162.384
162.409
162.435
162.461
162.487
162.512
162.538
162.564
162.59
162.616
162.641
162.667
162.693
162.719
162.744
162.77
162.796
162.822
162.847
162.873
162.899
162.925
162.95
162.976
163.002
163.028
163.054
163.079
163.105
163.131
163.157
163.182
163.208
163.234
163.26
163.286
163.311
163.337
163.363
163.389
163.414
163.44
163.466
163.492
163.517
163.543
163.569
163.595
163.62
163.646
163.672
163.698
163.723
163.749
163.775
163.801
163.826
163.852
163.878
163.904
163.93
163.955
163.981
164.007
164.033
164.058
164.084
164.11
164.136
164.161
164.187
164.213
164.239
164.265
164.29
164.316
164.342
164.368
164.393
164.419
164.445
164.471
164.496
164.522
164.548
164.574
164.6
164.625
164.651
164.677
164.703
164.729
164.754
164.78
164.806
164.831
164.857
164.883
164.909
164.935
164.96
164.986
165.012
165.038
165.063
165.089
165.115
165.141
165.167
165.192
165.218
165.244
165.27
165.295
165.321
165.347
165.373
165.399
165.424
165.45
165.476
165.502
165.527
165.553
165.579
165.605
165.63
165.656
165.682
165.708
165.734
165.759
165.785
165.811
165.837
165.862
165.888
165.914
165.94
165.966
165.991
166.017
166.043
166.069
166.094
166.12
166.146
166.172
166.198
166.223
166.249
166.275
166.301
166.326
166.352
166.378
166.404
166.43
166.455
166.481
166.507
166.533
166.558
166.584
166.61
166.636
166.662
166.687
166.713
166.739
166.765
166.79
166.816
166.842
166.868
166.893
166.919
166.945
166.971
166.997
167.022
167.048
167.074
167.1
167.125
167.151
167.177
167.203
167.228
167.254
167.28
167.306
167.332
167.357
167.383
167.409
167.435
167.46
167.486
167.512
167.538
167.564
167.589
167.615
167.641
167.667
167.692
167.718
167.744
167.77
167.796
167.821
167.847
167.873
167.899
167.924
167.95
167.976
168.002
168.027
168.053
168.079
168.105
168.13
168.156
168.182
168.208
168.233
168.259
168.285
168.311
168.337
168.362
168.388
168.414
168.44
168.465
168.491
168.517
168.543
168.568
168.594
168.62
168.646
168.672
168.698
168.723
168.749
168.775
168.801
168.826
168.852
168.878
168.904
168.929
168.955
168.981
169.007
169.032
169.058
169.084
169.11
169.136
169.161
169.187
169.213
169.239
169.264
169.29
169.316
169.342
169.368
169.393
169.419
169.445
169.471
169.497
169.522
169.548
169.574
169.6
169.625
169.651
169.677
169.703
169.729
169.754
169.78
169.806
169.832
169.857
169.883
169.909
169.935
169.96
169.986
170.012
170.038
170.064
170.089
170.115
170.141
170.167
170.192
170.218
170.244
170.27
170.295
170.321
170.347
170.373
170.398
170.424
170.45
170.476
170.501
170.527
170.553
170.579
170.604
170.63
170.656
170.682
170.707
170.733
170.759
170.785
170.81
170.836
170.862
170.888
170.914
170.939
170.965
170.991
171.017
171.042
171.068
171.094
171.12
171.146
171.171
171.197
171.223
171.249
171.274
171.3
171.326
171.352
171.377
171.403
171.429
171.455
171.48
171.506
171.532
171.558
171.584
171.609
171.635
171.661
171.687
171.712
171.738
171.764
171.79
171.816
171.841
171.867
171.893
171.919
171.944
171.97
171.996
172.022
172.048
172.073
172.099
172.125
172.151
172.177
172.202
172.228
172.254
172.28
172.305
172.331
172.357
172.383
172.408
172.434
172.46
172.486
172.512
172.537
172.563
172.589
172.615
172.64
172.666
172.692
172.718
172.744
172.769
172.795
172.821
172.847
172.872
172.898
172.924
172.95
172.976
173.001
173.027
173.053
173.079
173.104
173.13
173.156
173.182
173.208
173.233
173.259
173.285
173.311
173.336
173.362
173.388
173.414
173.44
173.465
173.491
173.517
173.543
173.568
173.594
173.62
173.646
173.671
173.697
173.723
173.749
173.774
173.8
173.826
173.852
173.878
173.903
173.929
173.955
173.981
174.007
174.032
174.058
174.084
174.11
174.135
174.161
174.187
174.213
174.239
174.264
174.29
174.316
174.342
174.367
174.393
174.419
174.445
174.47
174.496
174.522
174.548
174.573
174.599
174.625
174.651
174.677
174.702
174.728
174.754
174.78
174.805
174.831
174.857
174.883
174.909
174.935
174.96
174.986
175.012
175.038
175.064
175.089
175.122
175.147
175.173
175.199
175.225
175.251
175.276
175.302
175.328
175.354
175.38
175.405
175.431
175.457
175.483
175.509
175.534
175.56
175.586
175.612
175.638
175.663
175.689
175.715
175.741
175.766
175.792
175.818
175.844
175.87
175.895
175.921
175.947
175.973
175.998
176.024
176.05
176.076
176.102
176.128
176.153
176.179
176.205
176.231
176.256
176.282
176.308
176.334
176.359
176.385
176.411
176.437
176.463
176.488
176.514
176.54
176.566
176.592
176.617
176.643
176.669
176.695
176.72
176.746
176.772
176.798
176.823
176.849
176.875
176.9
176.926
176.952
176.978
177.003
177.029
177.055
177.081
177.107
177.132
177.158
177.184
177.21
177.235
177.261
177.287
177.313
177.338
177.364
177.39
177.416
177.441
177.467
177.493
177.519
177.544
177.57
177.596
177.622
177.647
177.673
177.699
177.725
177.75
177.776
177.802
177.828
177.853
177.879
177.905
177.931
177.956
177.982
178.008
178.034
178.059
178.085
178.111
178.137
178.162
178.188
178.214
178.24
178.265
178.291
178.317
178.343
178.369
178.394
178.42
178.446
178.472
178.498
178.523
178.549
178.575
178.601
178.626
178.652
178.678
178.704
178.729
178.755
178.781
178.807
178.832
178.858
178.884
178.91
178.935
178.961
178.987
179.013
179.038
179.064
179.09
179.116
179.141
179.167
179.193
179.219
179.244
179.27
179.296
179.322
179.347
179.373
179.399
179.425
179.45
179.476
179.502
179.528
179.553
179.579
179.605
179.631
179.657
179.682
179.708
179.734
179.76
179.785
179.811
179.837
179.863
179.888
179.914
179.94
179.965
179.991
180.017
180.043
180.069
180.094
180.12
180.146
180.172
180.197
180.223
180.249
180.275
180.3
180.326
180.352
180.378
180.403
180.429
180.455
180.481
180.506
180.532
180.558
180.584
180.609
180.635
180.661
180.687
180.712
180.738
180.764
180.79
180.815
180.841
180.867
180.893
180.918
180.944
180.97
180.996
181.021
181.047
181.073
181.099
181.124
181.15
181.176
181.201
181.227
181.253
181.279
181.304
181.33
181.356
181.382
181.407
181.433
181.459
181.484
181.51
181.536
181.562
181.587
181.613
181.639
181.665
181.69
181.716
181.742
181.768
181.793
181.819
181.845
181.871
181.896
181.922
181.948
181.974
181.999
182.025
182.051
182.077
182.102
182.128
182.154
182.18
182.205
182.231
182.257
182.282
182.308
182.334
182.36
182.385
182.411
182.437
182.463
182.488
182.514
182.54
182.566
182.591
182.617
182.643
182.668
182.694
182.72
182.746
182.771
182.797
182.823
182.848
182.874
182.9
182.926
182.951
182.977
183.003
183.029
183.054
183.08
183.106
183.131
183.157
183.183
183.209
183.234
183.26
183.286
183.312
183.338
183.363
183.389
183.415
183.441
183.466
183.492
183.518
183.543
183.569
183.595
183.621
183.646
183.672
183.698
183.724
183.749
183.775
183.801
183.827
183.852
183.878
183.904
183.93
183.955
183.981
184.007
184.033
184.058
184.084
184.11
184.135
184.161
184.187
184.213
184.238
184.264
184.29
184.316
184.341
184.367
184.393
184.419
184.444
184.47
184.496
184.521
184.547
184.573
184.599
184.624
184.65
184.676
184.702
184.727
184.753
184.779
184.804
184.83
184.856
184.882
184.907
184.933
184.959
184.984
185.01
185.036
185.062
185.087
185.113
185.139
185.164
185.19
185.216
185.242
185.267
185.293
185.319
185.344
185.37
185.396
185.422
185.447
185.473
185.499
185.525
185.55
185.576
185.602
185.628
185.653
185.679
185.705
185.731
185.756
185.782
185.808
185.833
185.859
185.885
185.911
185.936
185.962
185.988
186.013
186.039
186.065
186.09
186.116
186.142
186.168
186.193
186.219
186.245
186.27
186.296
186.322
186.348
186.373
186.399
186.425
186.451
186.476
186.502
186.528
186.553
186.579
186.605
186.631
186.656
186.682
186.708
186.734
186.759
186.785
186.811
186.836
186.862
186.888
186.914
186.939
186.965
186.991
187.016
187.042
187.068
187.094
187.119
187.145
187.171
187.197
187.222
187.248
187.274
187.299
187.325
187.351
187.377
187.402
187.428
187.454
187.479
187.505
187.531
187.557
187.582
187.608
187.634
187.659
187.685
187.711
187.737
187.763
187.788
187.814
187.84
187.865
187.891
187.917
187.943
187.968
187.994
188.02
188.045
188.071
188.097
188.123
188.148
188.174
188.2
188.226
188.251
188.277
188.303
188.329
188.354
188.38
188.406
188.431
188.457
188.483
188.509
188.534
188.56
188.586
188.611
188.637
188.663
188.689
188.714
188.74
188.766
188.792
188.817
188.843
188.869
188.894
188.92
188.946
188.972
188.997
189.023
189.049
189.074
189.1
189.126
189.152
189.177
189.203
189.229
189.255
189.28
189.306
189.332
189.358
189.383
189.409
189.435
189.46
189.486
189.512
189.537
189.563
189.589
189.615
189.64
189.666
189.692
189.717
189.743
189.769
189.795
189.82
189.846
189.872
189.898
189.923
189.949
189.975
190
190.026
190.052
190.078
190.103
190.129
190.155
190.181
190.206
190.232
190.258
190.283
190.309
190.335
190.361
190.386
190.412
190.438
190.463
190.489
190.515
190.541
190.566
190.592
190.618
190.644
190.669
190.695
190.721
190.746
190.772
190.798
190.824
190.849
190.875
190.901
190.927
190.952
190.978
191.004
191.029
191.055
191.081
191.107
191.132
191.158
191.184
191.209
191.235
191.261
191.286
191.312
191.338
191.363
191.389
191.415
191.441
191.466
191.492
191.518
191.543
191.569
191.595
191.621
191.646
191.672
191.698
191.723
191.749
191.775
191.801
191.826
191.852
191.878
191.903
191.929
191.955
191.98
192.006
192.032
192.058
192.083
192.109
192.135
192.161
192.186
192.212
192.238
192.263
192.289
192.315
192.341
192.366
192.392
192.418
192.444
192.469
192.495
192.521
192.547
192.572
192.598
192.624
192.649
192.675
192.701
192.727
192.752
192.778
192.804
192.829
192.855
192.881
192.906
192.932
192.958
192.983
193.009
193.035
193.061
193.086
193.112
193.138
193.164
193.189
193.215
193.241
193.266
193.292
193.318
193.344
193.369
193.395
193.421
193.446
193.472
193.498
193.524
193.549
193.575
193.601
193.627
193.652
193.678
193.704
193.729
193.755
193.781
193.807
193.832
193.858
193.884
193.909
193.935
193.961
193.986
194.012
194.038
194.064
194.089
194.115
194.141
194.166
194.192
194.218
194.244
194.269
194.295
194.321
194.347
194.372
194.398
194.424
194.449
194.475
194.501
194.526
194.552
194.578
194.603
194.629
194.655
194.681
194.706
194.732
194.758
194.783
194.809
194.835
194.861
194.886
194.912
194.938
194.963
194.989
195.015
195.041
195.066
195.092
195.118
195.143
195.169
195.195
195.221
195.246
195.272
195.298
195.324
195.349
195.375
195.401
195.426
195.452
195.478
195.503
195.529
195.555
195.581
195.606
195.632
195.658
195.684
195.709
195.735
195.761
195.786
195.812
195.838
195.863
195.889
195.915
195.94
195.966
195.992
196.017
196.043
196.069
196.095
196.12
196.146
196.172
196.197
196.223
196.249
196.275
196.3
196.326
196.352
196.377
196.403
196.429
196.455
196.48
196.506
196.532
196.558
196.583
196.609
196.635
196.66
196.686
196.712
196.738
196.763
196.789
196.815
196.84
196.866
196.892
196.917
196.943
196.969
196.995
197.02
197.046
197.072
197.097
197.123
197.149
197.175
197.2
197.226
197.252
197.277
197.303
197.329
197.354
197.38
197.406
197.432
197.457
197.483
197.509
197.534
197.56
197.586
197.612
197.637
197.663
197.689
197.714
197.74
197.766
197.791
197.817
197.843
197.868
197.894
197.92
197.945
197.971
197.997
198.022
198.048
198.074
198.099
198.125
198.151
198.176
198.202
198.228
198.253
198.279
198.305
198.33
198.356
198.382
198.408
198.433
198.459
198.485
198.51
198.536
198.562
198.587
198.613
198.639
198.665
198.69
198.716
198.742
198.767
198.793
198.819
198.844
198.87
198.896
198.921
198.947
198.973
198.998
199.024
199.05
199.075
199.101
199.127
199.152
199.178
199.204
199.229
199.255
199.281
199.306
199.332
199.358
199.384
199.409
199.435
199.461
199.486
199.512
199.538
199.563
199.589
199.615
199.64
199.666
199.692
199.717
199.743
199.769
199.794
199.82
199.846
199.871
199.897
199.923
199.95
199.975
200.001
200.027
200.052
200.078
200.104
200.129
200.155
200.18
200.206
200.232
200.257
200.283
200.309
200.334
200.36
200.386
200.411
200.437
200.463
200.488
200.514
200.539
200.565
200.591
200.616
200.642
200.668
200.693
200.719
200.745
200.77
200.796
200.821
200.847
200.873
200.898
200.924
200.949
200.975
201.001
201.026
201.052
201.078
201.103
201.129
201.154
201.18
201.206
201.231
201.257
201.282
201.308
201.334
201.359
201.385
201.41
201.436
201.462
201.487
201.513
201.539
201.564
201.59
201.615
201.641
201.667
201.692
201.718
201.744
201.769
201.795
201.82
201.846
201.872
201.897
201.923
201.948
201.974
202
202.025
202.051
202.076
202.102
202.128
202.153
202.179
202.205
202.23
202.256
202.281
202.307
202.332
202.358
202.384
202.409
202.435
202.46
202.486
202.512
202.537
202.563
202.588
202.614
202.639
202.665
202.691
202.716
202.742
202.767
202.793
202.818
202.844
202.87
202.895
202.921
202.946
202.972
202.997
203.023
203.049
203.074
203.1
203.125
203.151
203.177
203.202
203.228
203.253
203.279
203.305
203.33
203.356
203.381
203.407
203.432
203.458
203.484
203.509
203.535
203.56
203.586
203.612
203.637
203.663
203.689
203.714
203.74
203.765
203.791
203.817
203.843
203.868
203.894
203.92
203.946
203.972
203.998
204.024
204.05
204.076
204.102
204.128
204.154
204.179
204.205
204.23
204.256
204.281
204.307
204.332
204.358
204.384
204.41
204.436
204.462
204.488
204.513
204.539
204.565
204.591
204.617
204.643
204.669
204.695
204.721
204.747
204.773
204.799
204.825
204.851
204.877
204.902
204.928
204.954
204.98
205.006
205.032
205.058
205.084
205.11
205.136
205.162
205.188
205.214
205.24
205.266
205.292
205.318
205.344
205.369
205.395
205.421
205.447
205.473
205.499
205.525
205.551
205.576
205.602
205.628
205.654
205.68
205.706
205.732
205.758
205.784
205.81
205.835
205.861
205.886
205.911
205.937
205.962
205.988
206.013
206.039
206.064
206.089
206.115
206.14
206.165
206.191
206.216
206.241
206.267
206.292
206.318
206.343
206.368
206.394
206.419
206.444
206.47
206.495
206.521
206.546
206.571
206.597
206.622
206.647
206.673
206.698
206.723
206.749
206.774
206.8
206.825
206.85
206.876
206.901
206.926
206.952
206.977
207.003
207.028
207.053
207.079
207.104
207.129
207.155
207.18
207.205
207.231
207.256
207.281
207.307
207.332
207.357
207.383
207.408
207.433
207.459
207.484
207.509
207.535
207.56
207.585
207.611
207.636
207.662
207.687
207.712
207.738
207.763
207.788
207.814
207.84
207.865
207.89
207.916
207.941
207.966
207.992
208.017
208.042
208.068
208.093
208.118
208.144
208.169
208.194
208.22
208.245
208.27
208.296
208.321
208.347
208.372
208.397
