0.0256071
0.054863
0.0802391
0.105614
0.130974
0.156331
0.181696
0.207022
0.232344
0.257622
0.282938
0.308253
0.333581
0.358861
0.384185
0.409516
0.434829
0.460161
0.485501
0.510856
0.536197
0.561534
0.58691
0.612244
0.637585
0.662992
0.688399
0.713809
0.739235
0.764664
0.790075
0.815522
0.840962
0.866393
0.891829
0.917258
0.94267
0.968072
0.99347
1.01886
1.04425
1.06965
1.09503
1.12042
1.14584
1.17126
1.19669
1.22208
1.24748
1.27289
1.29829
1.32368
1.34906
1.37445
1.39985
1.42523
1.45064
1.47602
1.50141
1.52684
1.55225
1.57765
1.60306
1.62848
1.6539
1.67932
1.70473
1.73015
1.75557
1.78099
1.80642
1.83186
1.8573
1.88275
1.90817
1.93362
1.95904
1.98448
2.00989
2.03531
2.06073
2.08615
2.11156
2.13702
2.16245
2.18786
2.21326
2.23868
2.26408
2.28947
2.31491
2.34034
2.36578
2.39135
2.41684
2.44225
2.46767
2.4931
2.51852
2.54394
2.56936
2.59481
2.62023
2.64564
2.67107
2.69652
2.72194
2.74738
2.77281
2.79826
2.82368
2.84912
2.87455
2.90001
2.92544
2.9509
2.97636
3.00175
3.02718
3.0526
3.07801
3.10344
3.12886
3.15429
3.17971
3.20512
3.23056
3.25596
3.28137
3.30677
3.33213
3.35753
3.38291
3.40828
3.43365
3.45901
3.48438
3.50976
3.53514
3.56051
3.58588
3.61125
3.63663
3.662
3.68738
3.7128
3.7382
3.76369
3.78912
3.8145
3.8399
3.86532
3.89073
3.91615
3.94155
3.96696
3.99236
4.01777
4.04319
4.06858
4.09396
4.11935
4.14474
4.17014
4.19561
4.22105
4.24646
4.27189
4.29731
4.32274
4.34815
4.37357
4.39898
4.4244
4.44985
4.47527
4.50071
4.52616
4.55159
4.57703
4.60246
4.6279
4.65334
4.67878
4.7042
4.72965
4.75507
4.78045
4.80586
4.83129
4.85671
4.88212
4.90754
4.93297
4.95835
4.98376
5.00915
5.03454
5.05995
5.08535
5.11077
5.13621
5.16165
5.18709
5.21253
5.23797
5.26341
5.28884
5.31427
5.33972
5.36517
5.39061
5.41604
5.44147
5.46693
5.49238
5.51782
5.54327
5.56869
5.59414
5.61957
5.64503
5.67047
5.69589
5.72131
5.74675
5.77219
5.79759
5.82302
5.84845
5.87391
5.89935
5.92478
5.95022
5.97566
6.0011
6.02654
6.05198
6.07741
6.10288
6.12831
6.15375
6.17917
6.2046
6.23002
6.25545
6.28086
6.30627
6.33168
6.35711
6.38254
6.40799
6.43344
6.4589
6.48433
6.50975
6.5352
6.56063
6.58607
6.6115
6.63693
6.66235
6.68779
6.71323
6.73865
6.76409
6.78953
6.81497
6.84039
6.86582
6.89125
6.91667
6.9421
6.96754
6.99299
7.01843
7.04386
7.06929
7.09474
7.12016
7.14565
7.17113
7.19654
7.22198
7.24741
7.27284
7.29828
7.32372
7.34916
7.37458
7.40001
7.42546
7.45089
7.47633
7.50177
7.52721
7.55264
7.57809
7.60352
7.62896
7.65439
7.67983
7.70527
7.7307
7.75615
7.78154
7.80698
7.8324
7.85783
7.88326
7.90871
7.93413
7.95957
7.98503
8.01047
8.03591
8.06135
8.08681
8.11225
8.13766
8.16311
8.18857
8.21401
8.23945
8.2649
8.29035
8.3158
8.3413
8.36679
8.39226
8.41766
8.44311
8.46855
8.49398
8.51941
8.54489
8.57034
8.59579
8.62122
8.64665
8.67208
8.69749
8.72293
8.74836
8.7738
8.79926
8.82471
8.85016
8.87559
8.90104
8.92649
8.95193
8.97736
9.00282
9.02827
9.05373
9.07918
9.10464
9.1301
9.15553
9.18098
9.20641
9.23185
9.25731
9.28277
9.30822
9.33366
9.35912
9.38458
9.41004
9.43548
9.46094
9.48641
9.51186
9.5373
9.56273
9.58819
9.61365
9.63911
9.66456
9.69002
9.71546
9.74093
9.76639
9.79183
9.81727
9.84275
9.86819
9.89362
9.91904
9.94449
9.96993
9.99539
10.0208
10.0463
10.0717
10.0972
10.1226
10.1481
10.1735
10.199
10.2244
10.2499
10.2753
10.3007
10.3262
10.3516
10.3771
10.4025
10.428
10.4534
10.4788
10.5043
10.5297
10.5551
10.5806
10.606
10.6315
10.657
10.6824
10.7078
10.7332
10.7587
10.7841
10.8095
10.835
10.8604
10.8859
10.9114
10.9368
10.9622
10.9877
11.0131
11.0386
11.064
11.0895
11.1149
11.1404
11.1658
11.1913
11.2167
11.2422
11.2676
11.293
11.3185
11.3439
11.3694
11.3949
11.4203
11.4457
11.4712
11.4966
11.5221
11.5475
11.573
11.5984
11.6238
11.6493
11.6748
11.7002
11.7257
11.7511
11.7766
11.802
11.8275
11.8529
11.8784
11.9038
11.9293
11.9547
11.9801
12.0056
12.031
12.0564
12.0818
12.1073
12.1327
12.1581
12.1836
12.209
12.2345
12.2599
12.2854
12.3108
12.3363
12.3617
12.3871
12.4126
12.438
12.4635
12.4889
12.5144
12.5399
12.5653
12.5908
12.6162
12.6417
12.6671
12.6925
12.7179
12.7434
12.7688
12.7942
12.8197
12.8451
12.8706
12.896
12.9214
12.9469
12.9723
12.9978
13.0232
13.0486
13.0741
13.0995
13.1249
13.1504
13.1758
13.2013
13.2268
13.2522
13.2777
13.3031
13.3286
13.354
13.3794
13.4049
13.4303
13.4558
13.4812
13.5067
13.5321
13.5576
13.583
13.6085
13.6339
13.6594
13.6848
13.7103
13.7357
13.7612
13.7866
13.8121
13.8376
13.863
13.8885
13.9139
13.9394
13.9648
13.9903
14.0157
14.0412
14.0666
14.0921
14.1175
14.143
14.1685
14.1939
14.2194
14.2448
14.2702
14.2957
14.3211
14.3466
14.372
14.3975
14.4229
14.4484
14.4738
14.4993
14.5247
14.5502
14.5756
14.6011
14.6265
14.6519
14.6774
14.7028
14.7283
14.7537
14.7792
14.8046
14.8301
14.8555
14.881
14.9064
14.9319
14.9573
14.9828
15.0082
15.0337
15.0591
15.0846
15.1101
15.1355
15.161
15.1865
15.2119
15.2374
15.2628
15.2883
15.3137
15.3391
15.3646
15.39
15.4154
15.4409
15.4663
15.4918
15.5173
15.5428
15.5682
15.5937
15.6191
15.6446
15.67
15.6954
15.7209
15.7463
15.7717
15.7972
15.8226
15.8481
15.8735
15.8989
15.9243
15.9498
15.9753
16.0007
16.0261
16.0516
16.077
16.1025
16.1279
16.1534
16.1789
16.2043
16.2298
16.2552
16.2806
16.3061
16.3316
16.357
16.3825
16.4079
16.4334
16.4588
16.4843
16.5097
16.5352
16.5606
16.586
16.6115
16.6369
16.6624
16.6878
16.7133
16.7387
16.7641
16.7896
16.815
16.8404
16.8659
16.8913
16.9167
16.9422
16.9676
16.9931
17.0185
17.044
17.0694
17.0949
17.1203
17.1458
17.1712
17.1966
17.222
17.2475
17.2729
17.2984
17.3238
17.3493
17.3747
17.4002
17.4256
17.4511
17.4766
17.502
17.5275
17.5529
17.5784
17.6038
17.6293
17.6547
17.6802
17.7056
17.7311
17.7566
17.782
17.8075
17.8329
17.8584
17.8838
17.9093
17.9347
17.9602
17.9857
18.0111
18.0366
18.062
18.0875
18.1129
18.1383
18.1638
18.1892
18.2147
18.2402
18.2656
18.2911
18.3165
18.342
18.3674
18.3929
18.4183
18.4438
18.4692
18.4947
18.5201
18.5456
18.5711
18.5965
18.622
18.6474
18.6729
18.6984
18.7238
18.7493
18.7748
18.8002
18.8257
18.8511
18.8766
18.902
18.9275
18.9529
18.9784
19.0039
19.0294
19.0548
19.0802
19.1057
19.1311
19.1566
19.182
19.2075
19.2329
19.2584
19.2838
19.3092
19.3347
19.3601
19.3855
19.411
19.4364
19.4619
19.4874
19.5128
19.5383
19.5638
19.5892
19.6147
19.6401
19.6655
19.691
19.7164
19.7418
19.7673
19.7927
19.8181
19.8435
19.869
19.8944
19.9199
19.9453
19.9708
19.9962
20.0217
20.0471
20.0726
20.098
20.1235
20.1489
20.1744
20.1998
20.2253
20.2507
20.2761
20.3016
20.327
20.3524
20.3779
20.4033
20.4288
20.4542
20.4797
20.5052
20.5306
20.5561
20.5815
20.607
20.6324
20.6579
20.6833
20.7087
20.7342
20.7596
20.7851
20.8105
20.836
20.8615
20.8869
20.9124
20.9378
20.9633
20.9887
21.0142
21.0396
21.0651
21.0906
21.116
21.1415
21.1669
21.1924
21.2178
21.2432
21.2687
21.2941
21.3195
21.345
21.3704
21.3959
21.4213
21.4468
21.4722
21.4977
21.5231
21.5486
21.574
21.5994
21.6249
21.6504
21.6758
21.7013
21.7267
21.7521
21.7776
21.803
21.8285
21.8539
21.8794
21.9048
21.9303
21.9557
21.9812
22.0066
22.032
22.0574
22.0829
22.1083
22.1337
22.1591
22.1846
22.21
22.2354
22.2609
22.2864
22.3118
22.3373
22.3627
22.3882
22.4137
22.4391
22.4646
22.49
22.5155
22.5409
22.5664
22.5919
22.6173
22.6428
22.6682
22.6937
22.7191
22.7445
22.77
22.7954
22.8209
22.8463
22.8718
22.8972
22.9226
22.9481
22.9735
22.999
23.0244
23.0499
23.0754
23.1008
23.1262
23.1517
23.1772
23.2026
23.2281
23.2535
23.279
23.3044
23.3299
23.3553
23.3808
23.4062
23.4317
23.4571
23.4826
23.508
23.5335
23.5589
23.5843
23.6098
23.6352
23.6606
23.6861
23.7115
23.7369
23.7624
23.7878
23.8133
23.8387
23.8642
23.8897
23.9151
23.9406
23.966
23.9915
24.0169
24.0424
24.0678
24.0933
24.1187
24.1442
24.1696
24.1951
24.2205
24.246
24.2714
24.2969
24.3223
24.3478
24.3732
24.3987
24.4241
24.4496
24.4751
24.5005
24.5259
24.5514
24.5768
24.6023
24.6277
24.6532
24.6786
24.7041
24.7295
24.7549
24.7804
24.8058
24.8313
24.8568
24.8822
24.9077
24.9331
24.9586
24.9842
25.0097
25.0351
25.0606
25.086
25.1115
25.1369
25.1624
25.1878
25.2133
25.2387
25.2642
25.2897
25.3151
25.3406
25.366
25.3915
25.4169
25.4424
25.4678
25.4933
25.5187
25.5442
25.5696
25.5951
25.6205
25.646
25.6714
25.6969
25.7223
25.7478
25.7732
25.7986
25.8241
25.8495
25.875
25.9005
25.9259
25.9514
25.9769
26.0023
26.0278
26.0532
26.0786
26.1041
26.1295
26.155
26.1805
26.2059
26.2314
26.2569
26.2823
26.3078
26.3332
26.3587
26.3842
26.4096
26.4351
26.4605
26.4859
26.5114
26.5368
26.5623
26.5877
26.6132
26.6386
26.6641
26.6895
26.715
26.7404
26.7659
26.7913
26.8168
26.8422
26.8677
26.8932
26.9186
26.944
26.9695
26.9949
27.0204
27.0458
27.0713
27.0967
27.1221
27.1476
27.1731
27.1985
27.224
27.2494
27.2748
27.3003
27.3258
27.3512
27.3766
27.4021
27.4275
27.453
27.4784
27.5039
27.5293
27.5548
27.5802
27.6057
27.6311
27.6565
27.682
27.7074
27.7329
27.7583
27.7838
27.8092
27.8347
27.8601
27.8856
27.911
27.9365
27.9619
27.9873
28.0128
28.0382
28.0636
28.0891
28.1145
28.1399
28.1654
28.1909
28.2163
28.2418
28.2673
28.2927
28.3182
28.3436
28.3691
28.3945
28.42
28.4454
28.4709
28.4963
28.5218
28.5472
28.5727
28.5982
28.6236
28.6491
28.6745
28.7
28.7254
28.7508
28.7763
28.8017
28.8272
28.8526
28.878
28.9035
28.9289
28.9544
28.9799
29.0053
29.0307
29.0562
29.0816
29.107
29.1325
29.158
29.1834
29.2089
29.2344
29.2598
29.2853
29.3107
29.3362
29.3616
29.3871
29.4125
29.4379
29.4634
29.4889
29.5143
29.5398
29.5652
29.5907
29.6161
29.6416
29.667
29.6925
29.7179
29.7434
29.7688
29.7943
29.8197
29.8452
29.8706
29.8961
29.9215
29.947
29.9725
29.9979
30.0234
30.0488
30.0742
30.0997
30.1251
30.1505
30.176
30.2015
30.2269
30.2524
30.2778
30.3033
30.3288
30.3542
30.3797
30.4051
30.4306
30.456
30.4815
30.507
30.5324
30.5579
30.5833
30.6088
30.6342
30.6597
30.6851
30.7106
30.736
30.7615
30.7869
30.8123
30.8378
30.8632
30.8887
30.9141
30.9396
30.965
30.9905
31.0159
31.0414
31.0669
31.0923
31.1178
31.1432
31.1687
31.1941
31.2196
31.245
31.2705
31.296
31.3214
31.3469
31.3724
31.3978
31.4232
31.4487
31.4741
31.4996
31.5251
31.5505
31.5759
31.6014
31.6268
31.6523
31.6777
31.7032
31.7286
31.754
31.7795
31.8049
31.8303
31.8558
31.8812
31.9067
31.9321
31.9576
31.983
32.0085
32.0339
32.0593
32.0847
32.1102
32.1356
32.161
32.1865
32.2119
32.2373
32.2628
32.2882
32.3137
32.3391
32.3645
32.39
32.4154
32.4409
32.4663
32.4918
32.5173
32.5428
32.5682
32.5937
32.6191
32.6445
32.67
32.6954
32.7209
32.7463
32.7717
32.7972
32.8227
32.8481
32.8736
32.899
32.9245
32.9499
32.9754
33.0009
33.0263
33.0518
33.0772
33.1027
33.1281
33.1536
33.179
33.2045
33.2299
33.2554
33.2808
33.3063
33.3317
33.3572
33.3827
33.4081
33.4336
33.459
33.4845
33.5099
33.5354
33.5608
33.5862
33.6117
33.6371
33.6626
33.688
33.7135
33.739
33.7644
33.7899
33.8153
33.8408
33.8663
33.8917
33.9172
33.9426
33.9681
33.9936
34.019
34.0445
34.0699
34.0954
34.1208
34.1462
34.1717
34.1971
34.2226
34.248
34.2735
34.299
34.3244
34.3498
34.3752
34.4007
34.4261
34.4515
34.477
34.5024
34.5279
34.5533
34.5788
34.6042
34.6297
34.6551
34.6806
34.7061
34.7315
34.7569
34.7824
34.8079
34.8333
34.8588
34.8842
34.9097
34.9351
34.9606
34.986
35.0115
35.0369
35.0624
35.0878
35.1133
35.1388
35.1642
35.1897
35.2152
35.2406
35.2661
35.2915
35.317
35.3425
35.3679
35.3934
35.4189
35.4443
35.4698
35.4952
35.5206
35.5461
35.5715
35.597
35.6224
35.6479
35.6733
35.6988
35.7242
35.7497
35.7751
35.8006
35.826
35.8515
35.877
35.9024
35.9279
35.9533
35.9788
36.0042
36.0297
36.0551
36.0806
36.106
36.1315
36.1569
36.1824
36.2078
36.2333
36.2588
36.2842
36.3096
36.3351
36.3605
36.386
36.4114
36.4369
36.4623
36.4878
36.5132
36.5386
36.5641
36.5895
36.615
36.6404
36.6659
36.6913
36.7168
36.7422
36.7676
36.7931
36.8185
36.844
36.8694
36.8949
36.9204
36.9458
36.9712
36.9967
37.0221
37.0476
37.073
37.0985
37.1239
37.1494
37.1749
37.2003
37.2258
37.2512
37.2766
37.3021
37.3275
37.353
37.3784
37.4039
37.4294
37.4548
37.4803
37.5057
37.5312
37.5567
37.5821
37.6076
37.633
37.6585
37.6839
37.7093
37.7347
37.7602
37.7856
37.8111
37.8366
37.862
37.8875
37.9129
37.9384
37.9638
37.9893
38.0147
38.0402
38.0656
38.0911
38.1165
38.142
38.1674
38.1929
38.2183
38.2438
38.2693
38.2947
38.3202
38.3457
38.3711
38.3966
38.4221
38.4475
38.473
38.4984
38.5239
38.5494
38.5748
38.6002
38.6257
38.6511
38.6765
38.702
38.7274
38.7528
38.7783
38.8037
38.8292
38.8546
38.8801
38.9055
38.931
38.9565
38.9819
39.0074
39.0328
39.0583
39.0837
39.1092
39.1346
39.1601
39.1855
39.211
39.2365
39.262
39.2874
39.3129
39.3383
39.3638
39.3892
39.4147
39.4401
39.4656
39.491
39.5165
39.5419
39.5674
39.5928
39.6183
39.6437
39.6692
39.6946
39.7201
39.7456
39.771
39.7965
39.8219
39.8473
39.8728
39.8982
39.9237
39.9491
39.9746
40.0001
40.0255
40.051
40.0764
40.1019
40.1274
40.1529
40.1783
40.2038
40.2293
40.2548
40.2803
40.3057
40.3312
40.3566
40.3821
40.4075
40.433
40.4584
40.4839
40.5094
40.5348
40.5603
40.5857
40.6112
40.6366
40.6621
40.6876
40.713
40.7385
40.7639
40.7894
40.8148
40.8402
40.8657
40.8911
40.9166
40.942
40.9675
40.9929
41.0184
41.0438
41.0693
41.0948
41.1202
41.1457
41.1711
41.1966
41.222
41.2475
41.2729
41.2984
41.3238
41.3493
41.3747
41.4002
41.4256
41.4511
41.4765
41.5019
41.5274
41.5528
41.5782
41.6037
41.6291
41.6546
41.68
41.7054
41.7309
41.7563
41.7818
41.8072
41.8326
41.8581
41.8835
41.9089
41.9344
41.9598
41.9853
42.0107
42.0361
42.0616
42.087
42.1125
42.1379
42.1634
42.1889
42.2143
42.2397
42.2652
42.2906
42.316
42.3415
42.3669
42.3924
42.4178
42.4432
42.4687
42.4941
42.5196
42.545
42.5705
42.5959
42.6213
42.6468
42.6722
42.6976
42.723
42.7485
42.7739
42.7993
42.8248
42.8502
42.8756
42.901
42.9265
42.9519
42.9773
43.0028
43.0282
43.0536
43.079
43.1045
43.1299
43.1553
43.1807
43.2062
43.2316
43.257
43.2825
43.308
43.3334
43.3588
43.3843
43.4097
43.4352
43.4606
43.4861
43.5115
43.537
43.5624
43.5879
43.6133
43.6388
43.6642
43.6897
43.7151
43.7405
43.766
43.7914
43.8169
43.8423
43.8678
43.8932
43.9187
43.9441
43.9696
43.9951
44.0205
44.046
44.0714
44.0969
44.1223
44.1477
44.1732
44.1987
44.2241
44.2495
44.275
44.3004
44.3259
44.3514
44.3768
44.4023
44.4277
44.4532
44.4786
44.504
44.5295
44.5549
44.5804
44.6058
44.6313
44.6568
44.6822
44.7077
44.7331
44.7586
44.784
44.8095
44.835
44.8604
44.8858
44.9113
44.9367
44.9622
44.9876
45.0131
45.0385
45.064
45.0894
45.1149
45.1403
45.1657
45.1912
45.2166
45.242
45.2675
45.2929
45.3184
45.3438
45.3693
45.3947
45.4202
45.4457
45.4711
45.4965
45.5219
45.5474
45.5728
45.5983
45.6237
45.6492
45.6747
45.7001
45.7255
45.751
45.7764
45.8019
45.8273
45.8528
45.8782
45.9037
45.9291
45.9546
45.98
46.0055
46.0309
46.0564
46.0819
46.1073
46.1327
46.1582
46.1836
46.2091
46.2345
46.26
46.2854
46.3109
46.3364
46.3618
46.3872
46.4126
46.438
46.4634
46.4888
46.5142
46.5396
46.565
46.5904
46.6158
46.6412
46.6666
46.692
46.7175
46.7429
46.7683
46.7937
46.8191
46.8445
46.8699
46.8954
46.9208
46.9577
46.9831
47.0085
47.0339
47.0593
47.0847
47.1101
47.1355
47.1609
47.1863
47.2117
47.2371
47.2625
47.2879
47.3133
47.3387
47.364
47.3894
47.4148
47.4403
47.4657
47.4912
47.5166
47.5421
47.5675
47.593
47.6184
47.6439
47.6693
47.6948
47.7202
47.7456
47.7711
47.7965
47.822
47.8474
47.8729
47.8984
47.9238
47.9493
47.9747
48.0002
48.0256
48.0511
48.0766
48.102
48.1275
48.1529
48.1784
48.2038
48.2293
48.2548
48.2802
48.3057
48.3311
48.3566
48.382
48.4075
48.4329
48.4584
48.4839
48.5093
48.5348
48.5602
48.5857
48.6111
48.6366
48.662
48.6875
48.7129
48.7384
48.7638
48.7893
48.8147
48.8402
48.8656
48.8911
48.9165
48.942
48.9674
48.9929
49.0183
49.0438
49.0693
49.0947
49.1202
49.1457
49.1711
49.1965
49.222
49.2475
49.2729
49.2984
49.3238
49.3493
49.3747
49.4001
49.4256
49.451
49.4765
49.5019
49.5274
49.5528
49.5783
49.6037
49.6292
49.6547
49.6801
49.7056
49.7311
49.7565
49.7819
49.8074
49.8328
49.8582
49.8837
49.9091
49.9345
49.96
49.9854
50.0109
50.0364
50.0618
50.0873
50.1127
50.1382
50.1637
50.1891
50.2146
50.24
50.2655
50.2909
50.3164
50.3419
50.3673
50.3928
50.4182
50.4437
50.4691
50.4946
50.52
50.5455
50.5709
50.5964
50.6219
50.6473
50.6728
50.6983
50.7237
50.7492
50.7747
50.8001
50.8256
50.851
50.8765
50.9019
50.9274
50.9528
50.9783
51.0037
51.0292
51.0546
51.0801
51.1055
51.131
51.1564
51.1819
51.2073
51.2328
51.2582
51.2837
51.3091
51.3346
51.36
51.3855
51.4109
51.4364
51.4618
51.4873
51.5127
51.5381
51.5636
51.589
51.6145
51.6399
51.6653
51.6908
51.7162
51.7417
51.7671
51.7925
51.818
51.8434
51.8689
51.8943
51.9198
51.9452
51.9707
51.9961
52.0216
52.047
52.0724
52.0978
52.1232
52.1485
52.1739
52.1993
52.2247
52.2501
52.2755
52.3009
52.3263
52.3517
52.3771
52.4025
52.4279
52.4533
52.4787
52.5041
52.5295
52.5549
52.5803
52.6057
52.6311
52.6565
52.682
52.7074
52.7328
52.7582
52.7836
52.809
52.8344
52.8598
52.8853
52.9107
52.9361
52.9615
52.9869
53.0123
53.0377
53.0631
53.0885
53.1139
53.1393
53.1647
53.1901
53.2155
53.2409
53.2663
53.2917
53.3172
53.3426
53.3679
53.3934
53.4188
53.4443
53.4697
53.4952
53.5206
53.5461
53.5715
53.597
53.6224
53.6479
53.6733
53.6988
53.7242
53.7497
53.7751
53.8005
53.826
53.8514
53.8768
53.9023
53.9277
53.9532
53.9786
54.0041
54.0295
54.055
54.0804
54.1059
54.1313
54.1568
54.1822
54.2077
54.2331
54.2586
54.284
54.3095
54.3351
54.3605
54.386
54.4114
54.4369
54.4623
54.4878
54.5132
54.5387
54.5642
54.5896
54.6151
54.6405
54.666
54.6914
54.7169
54.7423
54.7678
54.7932
54.8187
54.8442
54.8696
54.8951
54.9206
54.946
54.9715
54.9969
55.0224
55.0478
55.0733
55.0987
55.1242
55.1497
55.1751
55.2006
55.226
55.2515
55.2769
55.3024
55.3278
55.3533
55.3787
55.4042
55.4296
55.4551
55.4805
55.5061
55.5315
55.557
55.5824
55.6079
55.6333
55.6588
55.6842
55.7097
55.7351
55.7606
55.786
55.8114
55.8368
55.8622
55.8876
55.915
55.9403
55.9658
55.9912
56.0166
56.042
56.0674
56.0928
56.1182
56.1436
56.169
56.1944
56.2198
56.2452
56.2707
56.2961
56.3215
56.3469
56.3723
56.3977
56.4231
56.4485
56.4739
56.4994
56.5247
56.5501
56.5755
56.6009
56.6263
56.6517
56.6771
56.7025
56.7279
56.7533
56.7787
56.8041
56.8295
56.8549
56.8803
56.9057
56.9311
56.9565
56.9819
57.0073
57.0327
57.0581
57.0835
57.1089
57.1343
57.1597
57.1851
57.2106
57.236
57.2614
57.2868
57.3122
57.3376
57.363
57.3885
57.4139
57.4393
57.4647
57.4901
57.5155
57.5409
57.5662
57.5917
57.6171
57.6425
57.6679
57.6933
57.7187
57.7441
57.7695
57.7949
57.8203
57.8457
57.8711
57.8965
57.9219
57.9474
57.9727
57.9981
58.0235
58.0489
58.0743
58.0997
58.1251
58.1505
58.1759
58.2014
58.2268
58.2523
58.2778
58.3032
58.3286
58.3541
58.3795
58.405
58.4305
58.4559
58.4814
58.5068
58.5323
58.5577
58.5832
58.6086
58.634
58.6595
58.6849
58.7104
58.7358
58.7612
58.7867
58.8121
58.8376
58.863
58.8885
58.9139
58.9394
58.9648
58.9903
59.0158
59.0412
59.0667
59.0921
59.1176
59.143
59.1685
59.194
59.2194
59.2449
59.2703
59.2958
59.3212
59.3467
59.3721
59.3976
59.4231
59.4485
59.474
59.4994
59.5249
59.5503
59.5758
59.6012
59.6267
59.6522
59.6776
59.7031
59.7286
59.754
59.7795
59.8049
59.8304
59.8558
59.8813
59.9068
59.9322
59.9577
59.9831
60.0086
60.034
60.0595
60.0849
60.1104
60.1358
60.1612
60.1867
60.2121
60.2375
60.263
60.2884
60.3139
60.3393
60.3647
60.3902
60.4157
60.4411
60.4666
60.492
60.5175
60.5429
60.5683
60.5938
60.6192
60.6447
60.6701
60.6956
60.721
60.7464
60.7719
60.7973
60.8227
60.8482
60.8737
60.8992
60.9246
60.9501
60.9755
61.001
61.0265
61.0519
61.0774
61.1028
61.1283
61.1537
61.1792
61.2046
61.2301
61.2556
61.281
61.3064
61.3319
61.3574
61.3828
61.4083
61.4337
61.4592
61.4846
61.5101
61.5356
61.561
61.5865
61.6119
61.6374
61.6628
61.6883
61.7137
61.7392
61.7646
61.7901
61.8155
61.841
61.8665
61.8919
61.9174
61.9428
61.9683
61.9937
62.0191
62.0446
62.07
62.0954
62.1209
62.1463
62.1717
62.1971
62.2225
62.2478
62.2732
62.2986
62.324
62.3494
62.3748
62.4003
62.4257
62.4511
62.4766
62.502
62.5275
62.5529
62.5784
62.6039
62.6293
62.6548
62.6802
62.7057
62.7311
62.7566
62.782
62.8075
62.8329
62.8584
62.8838
62.9093
62.9347
62.9602
62.9856
63.0111
63.0365
63.062
63.0874
63.1128
63.1383
63.1637
63.1892
63.2147
63.2401
63.2656
63.2911
63.3165
63.342
63.3674
63.3929
63.4183
63.4438
63.4693
63.4947
63.5202
63.5456
63.5711
63.5965
63.622
63.6475
63.6729
63.6984
63.7238
63.7493
63.7747
63.8002
63.8256
63.8511
63.8765
63.9019
63.9274
63.9529
63.9783
64.0038
64.0292
64.0547
64.0802
64.1056
64.1311
64.1565
64.182
64.2074
64.2329
64.2584
64.2838
64.3093
64.3348
64.3602
64.3857
64.4111
64.4365
64.462
64.4874
64.5129
64.5383
64.5638
64.5892
64.6147
64.6401
64.6656
64.691
64.7165
64.7419
64.7674
64.7928
64.8183
64.8437
64.8692
64.8947
64.9201
64.9456
64.971
64.9965
65.0219
65.0474
65.0728
65.0983
65.1237
65.1492
65.1746
65.2001
65.2255
65.251
65.2765
65.3019
65.3274
65.3528
65.3783
65.4037
65.4292
65.4546
65.4801
65.5055
65.531
65.5564
65.5819
65.6073
65.6328
65.6582
65.6837
65.7091
65.7346
65.76
65.7855
65.8109
65.8364
65.8618
65.8872
65.9126
65.9381
65.9635
65.9889
66.0144
66.0398
66.0652
66.0907
66.1161
66.1416
66.167
66.1925
66.2179
66.2433
66.2688
66.2942
66.3197
66.3452
66.3706
66.396
66.4215
66.447
66.4724
66.4979
66.5233
66.5488
66.5742
66.5997
66.6251
66.6506
66.676
66.7014
66.7268
66.7523
66.7777
66.8031
66.8286
66.854
66.8794
66.9049
66.9303
66.9558
66.9812
67.0067
67.0321
67.0576
67.0831
67.1085
67.1339
67.1594
67.1848
67.2103
67.2357
67.2611
67.2866
67.312
67.3374
67.3629
67.3883
67.4137
67.4392
67.4646
67.4901
67.5155
67.5409
67.5664
67.5918
67.6172
67.6426
67.6681
67.6935
67.7189
67.7444
67.7698
67.7953
67.8207
67.8462
67.8716
67.8971
67.9225
67.948
67.9735
67.9989
68.0243
68.0498
68.0752
68.1007
68.1261
68.1515
68.177
68.2024
68.2279
68.2533
68.2788
68.3042
68.3297
68.3551
68.3806
68.406
68.4315
68.4569
68.4824
68.5078
68.5333
68.5587
68.5841
68.6096
68.635
68.6605
68.6859
68.7114
68.7368
68.7622
68.7877
68.8131
68.8386
68.864
68.8895
68.9149
68.9403
68.9658
68.9912
69.0167
69.0421
69.0676
69.093
69.1185
69.1439
69.1694
69.1948
69.2203
69.2457
69.2712
69.2966
69.3221
69.3476
69.3731
69.3985
69.424
69.4495
69.4749
69.5004
69.5258
69.5513
69.5767
69.6022
69.6276
69.6531
69.6786
69.704
69.7295
69.755
69.7804
69.8059
69.8313
69.8568
69.8822
69.9077
69.9331
69.9586
69.9841
70.0096
70.035
70.0605
70.086
70.1114
70.1369
70.1623
70.1878
70.2133
70.2387
70.2641
70.2896
70.3151
70.3405
70.366
70.3914
70.4169
70.4423
70.4678
70.4933
70.5187
70.5442
70.5697
70.5951
70.6206
70.646
70.6715
70.6969
70.7224
70.7478
70.7733
70.7987
70.8242
70.8497
70.8751
70.9006
70.926
70.9514
70.9769
71.0023
71.0278
71.0532
71.0787
71.1041
71.1296
71.1551
71.1805
71.206
71.2314
71.2569
71.2824
71.3078
71.3333
71.3588
71.3842
71.4097
71.4351
71.4606
71.486
71.5115
71.5369
71.5624
71.5879
71.6133
71.6388
71.6642
71.6897
71.7151
71.7406
71.766
71.7915
71.817
71.8424
71.8679
71.8933
71.9188
71.9442
71.9697
71.9951
72.0205
72.0459
72.0714
72.0968
72.1222
72.1477
72.1731
72.1986
72.224
72.2495
72.2749
72.3004
72.3259
72.3513
72.3768
72.4022
72.4277
72.4531
72.4786
72.504
72.5295
72.5549
72.5804
72.6059
72.6313
72.6568
72.6823
72.7077
72.7332
72.7586
72.784
72.8095
72.835
72.8604
72.8859
72.9113
72.9368
72.9622
72.9877
73.0131
73.0386
73.064
73.0895
73.1149
73.1404
73.1658
73.1913
73.2167
73.2422
73.2676
73.2931
73.3185
73.344
73.3694
73.3948
73.4203
73.4457
73.4712
73.4966
73.5221
73.5475
73.573
73.5984
73.6239
73.6494
73.6748
73.7003
73.7258
73.7512
73.7767
73.8021
73.8275
73.853
73.8784
73.9038
73.9293
73.9547
73.9802
74.0056
74.0311
74.0565
74.0819
74.1074
74.1328
74.1582
74.1837
74.2091
74.2345
74.26
74.2854
74.3108
74.3363
74.3617
74.3872
74.4126
74.4381
74.4636
74.489
74.5145
74.54
74.5654
74.5909
74.6163
74.6418
74.6672
74.6927
74.7181
74.7436
74.769
74.7945
74.8199
74.8454
74.8708
74.8963
74.9217
74.9471
74.9725
74.998
75.0234
75.0489
75.0743
75.0998
75.1252
75.1507
75.1761
75.2016
75.227
75.2525
75.2779
75.3033
75.3288
75.3542
75.3797
75.4051
75.4306
75.456
75.4815
75.5069
75.5324
75.5578
75.5833
75.6087
75.6342
75.6596
75.6851
75.7105
75.736
75.7614
75.7867
75.8122
75.8376
75.863
75.8884
75.9139
75.9393
75.9647
75.9901
76.0156
76.041
76.0665
76.0919
76.1173
76.1428
76.1682
76.1937
76.2191
76.2445
76.27
76.2954
76.3208
76.3462
76.3716
76.3971
76.4225
76.448
76.4734
76.4989
76.5243
76.5497
76.5752
76.6006
76.626
76.6515
76.6769
76.7024
76.7278
76.7533
76.7787
76.8042
76.8296
76.8551
76.8805
76.906
76.9314
76.9569
76.9823
77.0078
77.0332
77.0586
77.0841
77.1095
77.135
77.1605
77.1859
77.2114
77.2368
77.2623
77.2877
77.3131
77.3386
77.3641
77.3895
77.4149
77.4404
77.4658
77.4913
77.5167
77.5422
77.5676
77.593
77.6185
77.644
77.6694
77.6949
77.7203
77.7458
77.7712
77.7967
77.8221
77.8476
77.8731
77.8985
77.9239
77.9494
77.9749
78.0003
78.0258
78.0512
78.0767
78.1021
78.1276
78.153
78.1785
78.2039
78.2294
78.2549
78.2803
78.3057
78.3312
78.3566
78.3821
78.4075
78.4329
78.4584
78.4838
78.5093
78.5347
78.5602
78.5856
78.6111
78.6365
78.662
78.6874
78.7128
78.7383
78.7637
78.7892
78.8146
78.8401
78.8655
78.891
78.9164
78.9419
78.9673
78.9928
79.0182
79.0437
79.0692
79.0947
79.1201
79.1456
79.1711
79.1965
79.222
79.2474
79.2729
79.2984
79.3238
79.3493
79.3747
79.4002
79.4256
79.4511
79.4766
79.502
79.5274
79.5529
79.5783
79.6038
79.6293
79.6547
79.6802
79.7057
79.7311
79.7566
79.782
79.8075
79.8329
79.8584
79.8839
79.9093
79.9348
79.9602
79.9857
80.0111
80.0366
80.062
80.0875
80.1129
80.1384
80.1639
80.1893
80.2148
80.2402
80.2657
80.2911
80.3166
80.342
80.3675
80.3929
80.4184
80.4438
80.4693
80.4947
80.5202
80.5456
80.5711
80.5965
80.622
80.6474
80.6729
80.6983
80.7238
80.7492
80.7747
80.8001
80.8256
80.8511
80.8765
80.902
80.9274
80.9529
80.9783
81.0038
81.0292
81.0547
81.0802
81.1056
81.1311
81.1565
81.182
81.2075
81.233
81.2584
81.2839
81.3093
81.3348
81.3602
81.3857
81.4111
81.4366
81.462
81.4874
81.5129
81.5384
81.5638
81.5893
81.6147
81.6401
81.6656
81.691
81.7165
81.7419
81.7674
81.7928
81.8182
81.8437
81.8692
81.8946
81.9201
81.9455
81.971
81.9964
82.0218
82.0473
82.0727
82.0981
82.1235
82.149
82.1744
82.1998
82.2253
82.2508
82.2762
82.3016
82.3271
82.3525
82.378
82.4035
82.4289
82.4544
82.4799
82.5053
82.5308
82.5563
82.5817
82.6072
82.6326
82.6581
82.6836
82.709
82.7345
82.7599
82.7854
82.8108
82.8363
82.8618
82.8872
82.9127
82.9382
82.9636
82.9891
83.0145
83.04
83.0654
83.0909
83.1163
83.1418
83.1672
83.1927
83.2181
83.2436
83.269
83.2945
83.3199
83.3454
83.3708
83.3963
83.4218
83.4472
83.4727
83.4982
83.5236
83.5491
83.5745
83.6
83.6254
83.6508
83.6763
83.7018
83.7272
83.7526
83.7781
83.8035
83.8289
83.8543
83.8797
83.9052
83.9306
83.956
83.9815
84.0069
84.0323
84.0578
84.0832
84.1086
84.134
84.1595
84.1849
84.2104
84.2358
84.2613
84.2867
84.3122
84.3377
84.3631
84.3886
84.414
84.4395
84.4649
84.4904
84.5159
84.5414
84.5668
84.5923
84.6177
84.6431
84.6685
84.694
84.7194
84.7448
84.7703
84.7957
84.8211
84.8466
84.8721
84.8975
84.9229
84.9484
84.9738
84.9993
85.0247
85.0501
85.0756
85.101
85.1264
85.1519
85.1773
85.2028
85.2282
85.2537
85.2791
85.3045
85.3299
85.3554
85.3808
85.4063
85.4317
85.4571
85.4826
85.508
85.5335
85.5589
85.5843
85.6098
85.6352
85.6606
85.6861
85.7115
85.737
85.7624
85.7878
85.8132
85.8386
85.8641
85.8895
85.9149
85.9404
85.9658
85.9913
86.0167
86.0421
86.0676
86.093
86.1185
86.1439
86.1694
86.1948
86.2203
86.2457
86.2711
86.2966
86.322
86.3475
86.3729
86.3983
86.4238
86.4493
86.4747
86.5002
86.5256
86.551
86.5765
86.6019
86.6274
86.6528
86.6782
86.7037
86.7291
86.7545
86.78
86.8054
86.8309
86.8563
86.8817
86.9072
86.9326
86.9581
86.9835
87.009
87.0345
87.0599
87.0854
87.1109
87.1363
87.1617
87.1872
87.2126
87.238
87.2635
87.2889
87.3144
87.3398
87.3652
87.3907
87.4161
87.4415
87.467
87.4924
87.5178
87.5433
87.5687
87.5941
87.6196
87.645
87.6704
87.6959
87.7213
87.7468
87.7722
87.7976
87.8231
87.8485
87.874
87.8994
87.9249
87.9504
87.9759
88.0013
88.0268
88.0522
88.0777
88.1031
88.1286
88.154
88.1794
88.2049
88.2303
88.2558
88.2812
88.3067
88.3321
88.3576
88.383
88.4085
88.4339
88.4594
88.4848
88.5103
88.5358
88.5612
88.5867
88.6121
88.6375
88.663
88.6884
88.7139
88.7394
88.7649
88.7903
88.8158
88.8412
88.8667
88.8922
88.9176
88.9431
88.9685
88.994
89.0195
89.0449
89.0704
89.0958
89.1213
89.1467
89.1722
89.1976
89.2231
89.2486
89.274
89.2995
89.3249
89.3504
89.3759
89.4013
89.4268
89.4522
89.4777
89.5032
89.5287
89.5541
89.5796
89.605
89.6305
89.6559
89.6814
89.7069
89.7323
89.7578
89.7832
89.8087
89.8342
89.8596
89.8851
89.9105
89.936
89.9615
89.9869
90.0124
90.0379
90.0633
90.0888
90.1142
90.1397
90.1651
90.1906
90.216
90.2415
90.2669
90.2924
90.3178
90.3432
90.3687
90.3941
90.4196
90.445
90.4705
90.4959
90.5214
90.5468
90.5723
90.5978
90.6232
90.6487
90.6742
90.6996
90.7251
90.7505
90.7759
90.8014
90.8268
90.8523
90.8777
90.9031
90.9285
90.9539
90.9794
91.0048
91.0302
91.0557
91.0811
91.1066
91.132
91.1575
91.1829
91.2084
91.2339
91.2593
91.2848
91.3103
91.3357
91.3611
91.3866
91.4121
91.4375
91.463
91.4884
91.5139
91.5394
91.5648
91.5903
91.6157
91.6412
91.6666
91.6921
91.7175
91.743
91.7685
91.7939
91.8194
91.8448
91.8703
91.8957
91.9212
91.9466
91.9721
91.9975
92.0229
92.0484
92.0738
92.0992
92.1247
92.1501
92.1755
92.201
92.2264
92.2519
92.2774
92.3028
92.3282
92.3537
92.3791
92.4046
92.43
92.4554
92.4809
92.5063
92.5318
92.5572
92.5827
92.6081
92.6336
92.659
92.6845
92.7099
92.7354
92.7608
92.7863
92.8117
92.8372
92.8627
92.8881
92.9136
92.939
92.9645
92.9899
93.0154
93.0408
93.0662
93.0917
93.1171
93.1426
93.168
93.1935
93.219
93.2444
93.2699
93.2953
93.3208
93.3462
93.3717
93.3971
93.4226
93.4481
93.4736
93.499
93.5245
93.5499
93.5754
93.6008
93.6263
93.6517
93.6772
93.7026
93.7281
93.7535
93.779
93.8044
93.8299
93.8553
93.8808
93.9062
93.9317
93.9571
93.9826
94.008
94.0335
94.0589
94.0844
94.1098
94.1353
94.1607
94.1862
94.2116
94.2371
94.2626
94.2881
94.3135
94.339
94.3644
94.3899
94.4153
94.4408
94.4663
94.4917
94.5172
94.5427
94.5681
94.5935
94.619
94.6445
94.6699
94.6954
94.7208
94.7463
94.7717
94.7972
94.8227
94.8482
94.8737
94.8992
94.9247
94.9502
94.9756
95.0011
95.0265
95.052
95.0775
95.1029
95.1284
95.1539
95.1793
95.2048
95.2303
95.2557
95.2812
95.3067
95.3321
95.3576
95.3831
95.4086
95.434
95.4595
95.485
95.5105
95.5359
95.5614
95.5868
95.6123
95.6378
95.6632
95.6887
95.7142
95.7397
95.7651
95.7906
95.8161
95.8415
95.867
95.8924
95.9179
95.9434
95.9688
95.9943
96.0198
96.0452
96.0707
96.0962
96.1216
96.1471
96.1725
96.198
96.2234
96.2489
96.2744
96.2998
96.3253
96.3507
96.3762
96.4016
96.427
96.4525
96.478
96.5034
96.5288
96.5543
96.5798
96.6052
96.6307
96.6561
96.6816
96.707
96.7324
96.7579
96.7833
96.8087
96.8342
96.8596
96.8851
96.9105
96.936
96.9614
96.9869
97.0124
97.0378
97.0633
97.0888
97.1142
97.1397
97.1651
97.1906
97.216
97.2415
97.2669
97.2924
97.3178
97.3433
97.3688
97.3942
97.4197
97.4452
97.4706
97.4961
97.5216
97.547
97.5725
97.5979
97.6234
97.6488
97.6743
97.6997
97.7252
97.7506
97.7761
97.8015
97.827
97.8524
97.8779
97.9034
97.9288
97.9543
97.9797
98.0052
98.0306
98.0561
98.0816
98.107
98.1325
98.1579
98.1833
98.2088
98.2343
98.2598
98.2852
98.3107
98.3361
98.3616
98.387
98.4125
98.438
98.4634
98.4888
98.5143
98.5398
98.5652
98.5907
98.6162
98.6416
98.6671
98.6925
98.718
98.7435
98.7689
98.7944
98.8198
98.8453
98.8708
98.8962
98.9216
98.9471
98.9725
98.998
99.0235
99.0489
99.0743
99.0998
99.1253
99.1507
99.1762
99.2018
99.2275
99.253
99.2784
99.3039
99.3293
99.3548
99.3802
99.4057
99.4311
99.4566
99.4821
99.5075
99.533
99.5584
99.5839
99.6093
99.6348
99.6603
99.6857
99.7112
99.7367
99.7621
99.7876
99.813
99.8385
99.8639
99.8894
99.9149
99.9403
99.9658
99.9912
100.017
100.042
100.068
100.093
100.119
100.144
100.169
100.195
100.22
100.246
100.271
100.297
100.322
100.348
100.373
100.399
100.424
100.449
100.475
100.5
100.526
100.551
100.577
100.602
100.628
100.653
100.678
100.704
100.729
100.755
100.78
100.806
100.831
100.857
100.882
100.907
100.933
100.958
100.984
101.009
101.035
101.06
101.086
101.111
101.137
101.162
101.187
101.213
101.238
101.264
101.289
101.315
101.34
101.366
101.391
101.416
101.442
101.467
101.493
101.518
101.544
101.569
101.595
101.62
101.646
101.671
101.696
101.722
101.747
101.773
101.798
101.824
101.849
101.875
101.9
101.925
101.951
101.976
102.002
102.027
102.053
102.078
102.104
102.129
102.154
102.18
102.205
102.231
102.256
102.282
102.307
102.333
102.358
102.383
102.409
102.434
102.46
102.485
102.511
102.536
102.562
102.587
102.613
102.638
102.663
102.689
102.714
102.74
102.765
102.791
102.816
102.842
102.867
102.893
102.918
102.943
102.969
102.994
103.02
103.045
103.071
103.096
103.122
103.147
103.172
103.198
103.223
103.249
103.274
103.3
103.325
103.351
103.376
103.402
103.427
103.452
103.478
103.503
103.529
103.554
103.58
103.605
103.631
103.656
103.682
103.707
103.732
103.758
103.783
103.809
103.834
103.86
103.885
103.911
103.936
103.962
103.987
104.012
104.038
104.063
104.089
104.114
104.14
104.165
104.191
104.216
104.242
104.267
104.292
104.318
104.343
104.369
104.394
104.42
104.445
104.471
104.496
104.522
104.547
104.572
104.598
104.623
104.649
104.674
104.7
104.725
104.751
104.776
104.802
104.827
104.852
104.878
104.903
104.931
104.957
104.982
105.007
105.033
105.058
105.084
105.109
105.135
105.16
105.186
105.211
105.237
105.262
105.288
105.313
105.338
105.364
105.389
105.415
105.44
105.466
105.491
105.517
105.542
105.567
105.593
105.618
105.644
105.669
105.695
105.72
105.746
105.771
105.796
105.822
105.847
105.873
105.898
105.924
105.949
105.975
106
106.026
106.051
106.076
106.102
106.127
106.153
106.178
106.204
106.229
106.255
106.28
106.306
106.331
106.356
106.382
106.407
106.433
106.458
106.484
106.509
106.535
106.56
106.586
106.611
106.636
106.662
106.687
106.713
106.738
106.764
106.789
106.815
106.84
106.866
106.891
106.917
106.942
106.967
106.993
107.018
107.044
107.069
107.095
107.12
107.146
107.171
107.197
107.222
107.248
107.273
107.298
107.324
107.349
107.375
107.4
107.426
107.451
107.477
107.502
107.527
107.553
107.578
107.604
107.629
107.655
107.68
107.706
107.731
107.756
107.782
107.807
107.833
107.858
107.884
107.909
107.935
107.96
107.985
108.011
108.036
108.062
108.087
108.113
108.138
108.164
108.189
108.214
108.24
108.265
108.291
108.316
108.342
108.367
108.393
108.418
108.443
108.469
108.494
108.52
108.545
108.571
108.596
108.622
108.647
108.673
108.698
108.723
108.749
108.774
108.8
108.825
108.851
108.876
108.902
108.927
108.953
108.978
109.003
109.029
109.054
109.08
109.105
109.131
109.156
109.182
109.207
109.233
109.258
109.284
109.309
109.334
109.36
109.385
109.411
109.436
109.462
109.487
109.513
109.538
109.564
109.589
109.614
109.64
109.665
109.691
109.716
109.742
109.767
109.793
109.818
109.843
109.869
109.894
109.92
109.945
109.971
109.996
110.022
110.047
110.073
110.098
110.123
110.149
110.174
110.2
110.225
110.251
110.276
110.302
110.327
110.353
110.378
110.404
110.429
110.454
110.48
110.505
110.531
110.556
110.582
110.607
110.633
110.658
110.684
110.709
110.734
110.76
110.785
110.811
110.836
110.862
110.887
110.913
110.938
110.963
110.989
111.014
111.04
111.065
111.091
111.116
111.142
111.167
111.193
111.218
111.244
111.269
111.294
111.32
111.345
111.371
111.396
111.422
111.447
111.473
111.498
111.524
111.549
111.574
111.6
111.625
111.651
111.676
111.702
111.727
111.753
111.778
111.804
111.829
111.854
111.88
111.905
111.931
111.956
111.982
112.007
112.033
112.058
112.083
112.109
112.134
112.16
112.185
112.211
112.236
112.261
112.287
112.312
112.338
112.363
112.389
112.414
112.44
112.465
112.491
112.516
112.541
112.567
112.592
112.618
112.643
112.669
112.694
112.72
112.745
112.77
112.796
112.821
112.847
112.872
112.898
112.923
112.949
112.974
112.999
113.025
113.05
113.076
113.101
113.127
113.152
113.178
113.203
113.229
113.254
113.279
113.305
113.33
113.356
113.381
113.407
113.432
113.458
113.483
113.509
113.534
113.559
113.585
113.61
113.636
113.661
113.687
113.712
113.738
113.763
113.789
113.814
113.839
113.865
113.89
113.916
113.941
113.967
113.992
114.018
114.043
114.068
114.094
114.119
114.145
114.17
114.196
114.221
114.247
114.272
114.298
114.323
114.349
114.374
114.399
114.425
114.45
114.476
114.501
114.527
114.552
114.578
114.603
114.628
114.654
114.679
114.705
114.73
114.756
114.781
114.807
114.832
114.858
114.883
114.908
114.934
114.959
114.985
115.01
115.036
115.061
115.087
115.112
115.138
115.163
115.189
115.214
115.239
115.265
115.29
115.316
115.341
115.367
115.392
115.418
115.443
115.468
115.494
115.519
115.545
115.57
115.596
115.621
115.647
115.672
115.698
115.723
115.749
115.774
115.799
115.825
115.85
115.876
115.901
115.927
115.952
115.978
116.003
116.028
116.054
116.079
116.105
116.13
116.156
116.181
116.207
116.232
116.257
116.283
116.308
116.334
116.359
116.385
116.41
116.436
116.461
116.487
116.512
116.537
116.563
116.588
116.614
116.639
116.665
116.69
116.716
116.741
116.767
116.792
116.817
116.843
116.868
116.894
116.919
116.945
116.97
116.996
117.021
117.047
117.072
117.097
117.123
117.148
117.174
117.199
117.225
117.25
117.276
117.301
117.327
117.352
117.377
117.403
117.428
117.454
117.479
117.505
117.53
117.556
117.581
117.606
117.632
117.657
117.683
117.708
117.734
117.759
117.785
117.81
117.836
117.861
117.887
117.912
117.937
117.963
117.988
118.014
118.039
118.065
118.09
118.116
118.141
118.167
118.192
118.217
118.243
118.268
118.294
118.319
118.345
118.37
118.396
118.421
118.446
118.472
118.497
118.523
118.548
118.574
118.599
118.625
118.65
118.676
118.701
118.726
118.752
118.777
118.803
118.828
118.854
118.879
118.905
118.93
118.956
118.981
119.007
119.032
119.057
119.083
119.108
119.134
119.159
119.185
119.21
119.236
119.261
119.287
119.312
119.337
119.363
119.388
119.414
119.439
119.465
119.49
119.516
119.541
119.567
119.592
119.618
119.643
119.669
119.694
119.719
119.745
119.77
119.796
119.821
119.847
119.872
119.898
119.923
119.949
119.974
119.999
120.025
120.05
120.076
120.101
120.127
120.152
120.177
120.203
120.228
120.254
120.279
120.305
120.33
120.356
120.381
120.406
120.432
120.457
120.483
120.508
120.534
120.559
120.584
120.61
120.635
120.661
120.686
120.712
120.737
120.762
120.788
120.813
120.839
120.864
120.89
120.915
120.94
120.966
120.991
121.017
121.042
121.068
121.093
121.118
121.144
121.169
121.195
121.22
121.246
121.271
121.297
121.322
121.355
121.38
121.406
121.431
121.456
121.482
121.507
121.533
121.558
121.584
121.609
121.635
121.66
121.685
121.711
121.736
121.762
121.787
121.813
121.838
121.863
121.889
121.914
121.94
121.965
121.991
122.016
122.042
122.067
122.092
122.118
122.143
122.169
122.194
122.22
122.245
122.271
122.296
122.321
122.347
122.372
122.398
122.423
122.449
122.474
122.499
122.525
122.55
122.576
122.601
122.627
122.652
122.677
122.703
122.728
122.754
122.779
122.805
122.83
122.856
122.881
122.906
122.932
122.957
122.983
123.008
123.034
123.059
123.084
123.11
123.135
123.161
123.186
123.212
123.237
123.263
123.288
123.313
123.339
123.364
123.39
123.415
123.441
123.466
123.492
123.517
123.542
123.568
123.593
123.619
123.644
123.67
123.695
123.721
123.746
123.771
123.797
123.822
123.848
123.873
123.899
123.924
123.95
123.975
124
124.026
124.051
124.077
124.102
124.128
124.153
124.179
124.204
124.23
124.255
124.28
124.306
124.331
124.357
124.382
124.408
124.433
124.459
124.484
124.51
124.535
124.561
124.586
124.611
124.637
124.662
124.688
124.713
124.739
124.764
124.789
124.815
124.84
124.866
124.891
124.917
124.942
124.968
124.993
125.018
125.044
125.069
125.095
125.12
125.146
125.171
125.197
125.222
125.248
125.273
125.298
125.324
125.349
125.375
125.4
125.426
125.451
125.477
125.502
125.527
125.553
125.578
125.604
125.629
125.655
125.68
125.706
125.731
125.757
125.782
125.807
125.833
125.858
125.884
125.909
125.935
125.96
125.986
126.011
126.037
126.062
126.087
126.113
126.138
126.164
126.189
126.215
126.24
126.266
126.291
126.317
126.342
126.367
126.393
126.418
126.444
126.469
126.495
126.52
126.546
126.571
126.596
126.622
126.647
126.673
126.698
126.724
126.749
126.775
126.8
126.826
126.851
126.876
126.902
126.927
126.953
126.978
127.004
127.029
127.055
127.08
127.105
127.131
127.156
127.182
127.207
127.233
127.258
127.284
127.309
127.335
127.36
127.385
127.411
127.436
127.462
127.487
127.513
127.538
127.564
127.589
127.615
127.64
127.665
127.691
127.716
127.742
127.767
127.793
127.818
127.844
127.869
127.895
127.92
127.945
127.971
127.996
128.022
128.047
128.073
128.098
128.124
128.149
128.174
128.2
128.225
128.251
128.276
128.302
128.327
128.353
128.378
128.403
128.429
128.454
128.48
128.505
128.531
128.556
128.582
128.607
128.633
128.658
128.684
128.709
128.734
128.76
128.785
128.811
128.836
128.862
128.887
128.913
128.938
128.964
128.989
129.014
129.04
129.065
129.091
129.116
129.142
129.167
129.193
129.218
129.244
129.269
129.294
129.32
129.345
129.371
129.396
129.422
129.447
129.473
129.498
129.524
129.549
129.574
129.6
129.625
129.651
129.676
129.702
129.727
129.753
129.778
129.804
129.829
129.854
129.88
129.905
129.931
129.956
129.982
130.007
130.033
130.058
130.084
130.109
130.134
130.16
130.185
130.211
130.236
130.262
130.287
130.313
130.338
130.364
130.389
130.415
130.44
130.465
130.491
130.516
130.542
130.567
130.593
130.618
130.644
130.669
130.695
130.72
130.745
130.771
130.796
130.822
130.847
130.873
130.898
130.923
130.949
130.974
131
131.025
131.051
131.076
131.102
131.127
131.152
131.178
131.203
131.229
131.254
131.28
131.305
131.331
131.356
131.381
131.407
131.432
131.458
131.483
131.509
131.534
131.56
131.585
131.611
131.636
131.661
131.687
131.712
131.738
131.763
131.789
131.814
131.84
131.865
131.89
131.916
131.941
131.967
131.992
132.018
132.043
132.069
132.094
132.12
132.145
132.17
132.196
132.221
132.247
132.272
132.298
132.323
132.349
132.374
132.4
132.425
132.45
132.476
132.501
132.527
132.552
132.578
132.603
132.629
132.654
132.679
132.705
132.73
132.756
132.781
132.807
132.832
132.858
132.883
132.909
132.934
132.959
132.985
133.01
133.036
133.061
133.087
133.112
133.138
133.163
133.189
133.214
133.239
133.265
133.29
133.316
133.341
133.367
133.392
133.418
133.443
133.469
133.494
133.519
133.545
133.57
133.596
133.621
133.647
133.672
133.698
133.723
133.749
133.774
133.8
133.825
133.85
133.876
133.901
133.927
133.952
133.978
134.003
134.029
134.054
134.08
134.105
134.13
134.156
134.181
134.207
134.232
134.258
134.283
134.309
134.334
134.359
134.385
134.41
134.436
134.461
134.487
134.512
134.538
134.563
134.589
134.614
134.639
134.665
134.69
134.716
134.741
134.767
134.792
134.818
134.843
134.869
134.894
134.919
134.945
134.97
134.996
135.021
135.047
135.072
135.098
135.123
135.148
135.174
135.199
135.225
135.25
135.276
135.301
135.327
135.352
135.378
135.403
135.429
135.454
135.479
135.505
135.53
135.556
135.581
135.607
135.632
135.658
135.683
135.708
135.734
135.759
135.785
135.81
135.836
135.861
135.887
135.912
135.938
135.963
135.988
136.014
136.039
136.065
136.09
136.116
136.141
136.167
136.192
136.218
136.243
136.268
136.294
136.319
136.345
136.37
136.396
136.421
136.447
136.472
136.498
136.523
136.548
136.574
136.599
136.625
136.65
136.676
136.701
136.727
136.752
136.778
136.803
136.828
136.854
136.879
136.905
136.93
136.956
136.981
137.007
137.032
137.058
137.083
137.108
137.134
137.159
137.185
137.21
137.236
137.261
137.287
137.312
137.338
137.363
137.388
137.414
137.439
137.465
137.49
137.516
137.541
137.567
137.592
137.618
137.643
137.668
137.694
137.719
137.745
137.77
137.796
137.821
137.847
137.872
137.898
137.923
137.949
137.974
137.999
138.025
138.05
138.076
138.101
138.127
138.152
138.178
138.203
138.229
138.254
138.279
138.305
138.33
138.356
138.381
138.407
138.432
138.458
138.483
138.509
138.534
138.559
138.585
138.61
138.636
138.661
138.687
138.712
138.738
138.763
138.789
138.814
138.839
138.865
138.89
138.916
138.941
138.967
138.992
139.018
139.043
139.069
139.094
139.12
139.145
139.171
139.196
139.221
139.247
139.272
139.298
139.323
139.349
139.374
139.4
139.425
139.451
139.476
139.502
139.527
139.552
139.578
139.603
139.629
139.654
139.68
139.705
139.731
139.756
139.781
139.807
139.832
139.858
139.883
139.909
139.934
139.96
139.985
140.01
140.036
140.061
140.087
140.112
140.138
140.163
140.189
140.214
140.24
140.265
140.29
140.316
140.341
140.367
140.392
140.418
140.443
140.469
140.494
140.519
140.545
140.57
140.596
140.621
140.647
140.672
140.698
140.723
140.748
140.774
140.799
140.825
140.85
140.876
140.901
140.927
140.952
140.978
141.003
141.028
141.054
141.079
141.105
141.13
141.156
141.181
141.207
141.232
141.258
141.283
141.308
141.334
141.359
141.385
141.41
141.436
141.461
141.487
141.512
141.538
141.563
141.589
141.614
141.64
141.665
141.69
141.716
141.741
141.767
141.792
141.818
141.843
141.869
141.894
141.919
141.945
141.97
141.996
142.021
142.047
142.072
142.098
142.123
142.148
142.174
142.199
142.225
142.25
142.276
142.301
142.327
142.352
142.377
142.403
142.428
142.454
142.479
142.505
142.53
142.556
142.581
142.607
142.632
142.658
142.683
142.708
142.734
142.759
142.785
142.81
142.836
142.861
142.887
142.912
142.938
142.963
142.988
143.014
143.039
143.065
143.09
143.116
143.141
143.167
143.192
143.218
143.243
143.268
143.294
143.319
143.345
143.37
143.396
143.421
143.447
143.472
143.498
143.523
143.548
143.574
143.599
143.625
143.65
143.676
143.701
143.727
143.752
143.778
143.803
143.828
143.854
143.879
143.905
143.93
143.956
143.981
144.007
144.032
144.058
144.083
144.108
144.134
144.159
144.185
144.21
144.236
144.261
144.287
144.312
144.338
144.363
144.388
144.414
144.439
144.465
144.49
144.516
144.541
144.567
144.592
144.618
144.643
144.668
144.694
144.719
144.745
144.77
144.796
144.821
144.847
144.872
144.897
144.923
144.948
144.974
144.999
145.025
145.05
145.076
145.101
145.126
145.152
145.177
145.203
145.228
145.254
145.279
145.305
145.33
145.356
145.381
145.406
145.432
145.457
145.483
145.508
145.534
145.559
145.585
145.61
145.636
145.661
145.686
145.712
145.737
145.763
145.788
145.814
145.839
145.865
145.89
145.916
145.941
145.966
145.992
146.017
146.043
146.068
146.094
146.119
146.145
146.17
146.195
146.221
146.246
146.272
146.297
146.323
146.348
146.374
146.399
146.424
146.45
146.475
146.501
146.526
146.552
146.577
146.603
146.628
146.653
146.679
146.704
146.73
146.755
146.781
146.806
146.832
146.857
146.883
146.908
146.933
146.959
146.984
147.01
147.035
147.061
147.086
147.112
147.137
147.163
147.188
147.213
147.239
147.264
147.29
147.315
147.341
147.366
147.392
147.417
147.443
147.468
147.493
147.519
147.544
147.57
147.595
147.621
147.646
147.672
147.697
147.723
147.748
147.773
147.799
147.824
147.85
147.875
147.901
147.926
147.952
147.977
148.003
148.028
148.053
148.079
148.104
148.13
148.155
148.181
148.206
148.231
148.257
148.282
148.308
148.333
148.359
148.384
148.409
148.435
148.46
148.486
148.511
148.537
148.562
148.588
148.613
148.638
148.664
148.689
148.715
148.74
148.766
148.791
148.817
148.842
148.867
148.893
148.918
148.944
148.969
148.995
149.02
149.045
149.071
149.096
149.122
149.147
149.173
149.198
149.224
149.249
149.275
149.3
149.325
149.351
149.376
149.402
149.427
149.453
149.478
149.504
149.529
149.554
149.58
149.605
149.631
149.656
149.682
149.707
149.733
149.758
149.783
149.809
149.834
149.86
149.885
149.911
149.936
149.962
149.987
150.013
150.038
150.064
150.089
150.114
150.14
150.165
150.191
150.216
150.242
150.267
150.293
150.318
150.344
150.369
150.394
150.42
150.445
150.471
150.496
150.522
150.547
150.573
150.598
150.623
150.649
150.674
150.7
150.725
150.751
150.776
150.802
150.827
150.852
150.878
150.903
150.929
150.954
150.98
151.005
151.031
151.056
151.081
151.107
151.132
151.158
151.183
151.209
151.234
151.26
151.285
151.311
151.336
151.362
151.387
151.412
151.438
151.463
151.489
151.514
151.54
151.565
151.591
151.616
151.641
151.667
151.692
151.718
151.743
151.769
151.794
151.82
151.845
151.871
151.896
151.922
151.947
151.972
151.998
152.023
152.049
152.074
152.1
152.125
152.15
152.176
152.201
152.227
152.252
152.278
152.303
152.329
152.354
152.38
152.405
152.43
152.456
152.481
152.507
152.532
152.558
152.583
152.609
152.634
152.659
152.685
152.71
152.736
152.761
152.787
152.812
152.838
152.863
152.888
152.914
152.939
152.965
152.99
153.016
153.041
153.067
153.092
153.118
153.143
153.168
153.194
153.219
153.245
153.27
153.296
153.321
153.347
153.372
153.398
153.423
153.448
153.474
153.499
153.525
153.55
153.576
153.601
153.627
153.652
153.678
153.703
153.728
153.754
153.779
153.805
153.83
153.856
153.881
153.907
153.932
153.958
153.983
154.008
154.034
154.059
154.085
154.11
154.136
154.161
154.187
154.212
154.238
154.263
154.288
154.314
154.339
154.365
154.39
154.416
154.441
154.467
154.492
154.518
154.543
154.569
154.594
154.619
154.645
154.67
154.696
154.721
154.747
154.772
154.798
154.823
154.849
154.874
154.899
154.925
154.95
154.976
155.001
155.027
155.052
155.078
155.103
155.128
155.154
155.179
155.205
155.23
155.256
155.281
155.307
155.332
155.358
155.383
155.408
155.434
155.459
155.485
155.51
155.536
155.561
155.587
155.612
155.638
155.663
155.688
155.714
155.739
155.765
155.79
155.816
155.841
155.867
155.892
155.918
155.943
155.969
155.994
156.019
156.045
156.07
156.096
156.121
156.147
156.172
156.198
156.223
156.249
156.274
156.299
156.325
156.35
156.376
156.401
156.427
156.452
156.478
156.503
156.528
156.554
156.579
156.605
156.63
156.656
156.681
156.707
156.732
156.757
156.783
156.808
156.834
156.859
156.885
156.91
156.936
156.961
156.986
157.012
157.037
157.063
157.088
157.114
157.139
157.164
157.19
157.215
157.241
157.266
157.292
157.317
157.343
157.368
157.394
157.419
157.444
157.47
157.495
157.521
157.546
157.572
157.597
157.623
157.648
157.674
157.699
157.724
157.75
157.775
157.801
157.826
157.852
157.877
157.903
157.928
157.954
157.979
158.004
158.03
158.055
158.081
158.106
158.132
158.157
158.183
158.208
158.234
158.259
158.284
158.31
158.335
158.361
158.386
158.412
158.437
158.463
158.488
158.514
158.539
158.565
158.59
158.615
158.641
158.666
158.692
158.717
158.743
158.768
158.794
158.819
158.845
158.87
158.895
158.921
158.946
158.972
158.997
159.023
159.048
159.074
159.099
159.124
159.15
159.175
159.201
159.226
159.252
159.277
159.303
159.328
159.354
159.379
159.404
159.43
159.455
159.481
159.506
159.532
159.557
159.583
159.608
159.634
159.659
159.684
159.71
159.735
159.761
159.786
159.812
159.837
159.863
159.888
159.913
159.939
159.964
159.99
160.015
160.041
160.066
160.091
160.117
160.142
160.168
160.193
160.219
160.244
160.27
160.295
160.32
160.346
160.371
160.397
160.422
160.448
160.473
160.498
160.524
160.549
160.575
160.606
160.631
160.657
160.682
160.707
160.733
160.758
160.784
160.809
160.835
160.86
160.885
160.911
160.936
160.962
160.987
161.013
161.038
161.064
161.089
161.114
161.14
161.165
161.191
161.216
161.242
161.267
161.292
161.318
161.343
161.369
161.394
161.42
161.445
161.47
161.496
161.521
161.547
161.572
161.598
161.623
161.649
161.674
161.699
161.725
161.75
161.776
161.801
161.827
161.852
161.877
161.903
161.928
161.954
161.979
162.005
162.03
162.056
162.081
162.106
162.132
162.157
162.183
162.208
162.234
162.259
162.284
162.31
162.335
162.361
162.386
162.412
162.437
162.463
162.488
162.513
162.539
162.564
162.59
162.615
162.641
162.666
162.691
162.717
162.742
162.768
162.793
162.819
162.844
162.869
162.895
162.92
162.946
162.971
162.997
163.022
163.048
163.073
163.098
163.124
163.149
163.175
163.2
163.226
163.251
163.276
163.302
163.327
163.353
163.378
163.404
163.429
163.454
163.48
163.505
163.531
163.556
163.582
163.607
163.633
163.658
163.683
163.709
163.734
163.76
163.785
163.811
163.836
163.861
163.887
163.912
163.938
163.963
163.989
164.014
164.039
164.065
164.09
164.116
164.141
164.167
164.192
164.218
164.243
164.268
164.294
164.319
164.345
164.37
164.396
164.421
164.447
164.472
164.498
164.523
164.548
164.574
164.599
164.625
164.65
164.676
164.701
164.727
164.752
164.777
164.803
164.828
164.854
164.879
164.905
164.93
164.956
164.981
165.007
165.032
165.057
165.083
165.108
165.134
165.159
165.185
165.21
165.236
165.261
165.286
165.312
165.337
165.363
165.388
165.414
165.439
165.465
165.49
165.516
165.541
165.566
165.592
165.617
165.643
165.668
165.694
165.719
165.745
165.77
165.795
165.821
165.846
165.872
165.897
165.923
165.948
165.973
165.999
166.024
166.05
166.075
166.101
166.126
166.152
166.177
166.203
166.228
166.254
166.279
166.304
166.33
166.355
166.381
166.406
166.432
166.457
166.483
166.508
166.533
166.559
166.584
166.61
166.635
166.661
166.686
166.712
166.737
166.763
166.788
166.813
166.839
166.864
166.89
166.915
166.941
166.966
166.992
167.017
167.043
167.068
167.093
167.119
167.144
167.17
167.195
167.221
167.246
167.272
167.297
167.323
167.348
167.374
167.399
167.424
167.45
167.475
167.501
167.526
167.552
167.577
167.603
167.628
167.654
167.679
167.704
167.73
167.755
167.781
167.806
167.832
167.857
167.883
167.908
167.933
167.959
167.984
168.01
168.035
168.061
168.086
168.112
168.137
168.163
168.188
168.214
168.239
168.265
168.29
168.315
168.341
168.366
168.392
168.417
168.443
168.468
168.494
168.519
168.544
168.57
168.595
168.621
168.646
168.672
168.697
168.723
168.748
168.773
168.799
168.824
168.85
168.875
168.901
168.926
168.952
168.977
169.003
169.028
169.053
169.079
169.104
169.13
169.155
169.181
169.206
169.232
169.257
169.283
169.308
169.333
169.359
169.384
169.41
169.435
169.461
169.486
169.512
169.537
169.563
169.588
169.613
169.639
169.664
169.69
169.715
169.741
169.766
169.792
169.817
169.843
169.868
169.893
169.919
169.944
169.97
169.995
170.021
170.046
170.072
170.097
170.123
170.148
170.173
170.199
170.224
170.25
170.275
170.301
170.326
170.352
170.377
170.403
170.428
170.453
170.479
170.504
170.53
170.555
170.581
170.606
170.632
170.657
170.683
170.708
170.733
170.759
170.784
170.81
170.835
170.861
170.886
170.912
170.937
170.963
170.988
171.013
171.039
171.064
171.09
171.115
171.141
171.166
171.192
171.217
171.243
171.268
171.293
171.319
171.344
171.37
171.395
171.421
171.446
171.472
171.497
171.522
171.548
171.573
171.599
171.624
171.65
171.675
171.701
171.726
171.752
171.777
171.803
171.828
171.854
171.879
171.904
171.93
171.955
171.981
172.006
172.032
172.057
172.083
172.108
172.133
172.159
172.184
172.21
172.235
172.261
172.286
172.312
172.337
172.362
172.388
172.413
172.439
172.464
172.49
172.515
172.541
172.566
172.591
172.617
172.642
172.668
172.693
172.719
172.744
172.77
172.795
172.82
172.846
172.871
172.897
172.922
172.948
172.973
172.999
173.024
173.049
173.075
173.1
173.126
173.151
173.177
173.202
173.227
173.253
173.278
173.304
173.329
173.354
173.38
173.405
173.431
173.456
173.482
173.507
173.532
173.558
173.583
173.609
173.634
173.659
173.685
173.71
173.736
173.761
173.786
173.812
173.837
173.863
173.888
173.914
173.939
173.965
173.99
174.016
174.041
174.066
174.092
174.117
174.143
174.168
174.194
174.219
174.244
174.27
174.295
174.321
174.346
174.372
174.397
174.423
174.448
174.474
174.499
174.524
174.55
174.575
174.601
174.626
174.652
174.677
174.703
174.728
174.753
174.779
174.804
174.83
174.855
174.881
174.906
174.932
174.957
174.983
175.008
175.033
175.059
175.084
175.11
175.135
175.161
175.186
175.212
175.237
175.263
175.288
175.314
175.339
175.364
175.39
175.415
175.441
175.466
175.492
175.517
175.543
175.568
175.594
175.619
175.644
175.67
175.695
175.721
175.746
175.772
175.797
175.823
175.848
175.874
175.899
175.924
175.95
175.975
176.001
176.026
176.052
176.077
176.103
176.128
176.154
176.179
176.204
176.23
176.255
176.281
176.306
176.332
176.357
176.383
176.408
176.433
176.459
176.484
176.518
176.543
176.569
176.594
176.619
176.645
176.67
176.696
176.721
176.747
176.772
176.798
176.823
176.849
176.874
176.899
176.925
176.95
176.976
177.001
177.027
177.052
177.078
177.103
177.129
177.154
177.18
177.205
177.23
177.256
177.281
177.307
177.332
177.358
177.383
177.409
177.434
177.46
177.485
177.51
177.536
177.561
177.587
177.612
177.638
177.663
177.689
177.714
177.74
177.765
177.79
177.816
177.841
177.867
177.892
177.918
177.943
177.969
177.994
178.02
178.045
178.07
178.096
178.121
178.147
178.172
178.198
178.223
178.249
178.274
178.3
178.325
178.35
178.376
178.401
178.427
178.452
178.478
178.503
178.529
178.554
178.58
178.605
178.63
178.656
178.681
178.707
178.732
178.758
178.783
178.809
178.834
178.86
178.885
178.911
178.936
178.961
178.987
179.012
179.038
179.063
179.089
179.114
179.14
179.165
179.191
179.216
179.241
179.267
179.292
179.318
179.343
179.369
179.394
179.42
179.445
179.471
179.496
179.521
179.547
179.572
179.598
179.623
179.649
179.674
179.7
179.725
179.751
179.776
179.801
179.827
179.852
179.878
179.903
179.929
179.954
179.98
180.005
180.031
180.056
180.081
180.107
180.132
180.158
180.183
180.209
180.234
180.26
180.285
180.311
180.336
180.361
180.387
180.412
180.438
180.463
180.489
180.514
180.54
180.565
180.59
180.616
180.641
180.667
180.692
180.718
180.743
180.768
180.794
180.819
180.845
180.87
180.896
180.921
180.947
180.972
180.997
181.023
181.048
181.074
181.099
181.125
181.15
181.176
181.201
181.227
181.252
181.277
181.303
181.328
181.354
181.379
181.405
181.43
181.456
181.481
181.506
181.532
181.557
181.583
181.608
181.634
181.659
181.685
181.71
181.735
181.761
181.786
181.812
181.837
181.863
181.888
181.914
181.939
181.965
181.99
182.015
182.041
182.066
182.092
182.117
182.143
182.168
182.193
182.219
182.244
182.27
182.295
182.321
182.346
182.372
182.397
182.423
182.448
182.473
182.499
182.524
182.55
182.575
182.601
182.626
182.652
182.677
182.702
182.728
182.753
182.779
182.804
182.83
182.855
182.881
182.906
182.931
182.957
182.982
183.008
183.033
183.059
183.084
183.11
183.135
183.161
183.186
183.211
183.237
183.262
183.288
183.313
183.339
183.364
183.39
183.415
183.44
183.466
183.491
183.517
183.542
183.568
183.593
183.619
183.644
183.67
183.695
183.72
183.746
183.771
183.797
183.822
183.848
183.873
183.899
183.924
183.95
183.975
184
184.026
184.051
184.077
184.102
184.128
184.153
184.179
184.204
184.229
184.255
184.28
184.306
184.331
184.357
184.382
184.408
184.433
184.459
184.484
184.509
184.535
184.56
184.586
184.611
184.637
184.662
184.688
184.713
184.739
184.764
184.789
184.815
184.84
184.866
184.891
184.917
184.942
184.968
184.993
185.018
185.044
185.069
185.095
185.12
185.146
185.171
185.197
185.222
185.248
185.273
185.298
185.324
185.349
185.375
185.4
185.426
185.451
185.477
185.502
185.527
185.553
185.578
185.604
185.629
185.655
185.68
185.705
185.731
185.756
185.782
185.807
185.833
185.858
185.883
185.909
185.934
185.96
185.985
186.011
186.036
186.061
186.087
186.112
186.138
186.163
186.189
186.214
186.24
186.265
186.29
186.316
186.341
186.367
186.392
186.417
186.443
186.468
186.494
186.519
186.545
186.57
186.595
186.621
186.646
186.672
186.697
186.723
186.748
186.773
186.799
186.824
186.85
186.875
186.901
186.926
186.952
186.977
187.002
187.028
187.053
187.079
187.104
187.13
187.155
187.18
187.206
187.231
187.257
187.282
187.308
187.333
187.358
187.384
187.409
187.435
187.46
187.486
187.511
187.537
187.562
187.587
187.613
187.638
187.664
187.689
187.714
187.74
187.765
187.791
187.816
187.842
187.867
187.892
187.918
187.943
187.969
187.994
188.019
188.045
188.07
188.096
188.121
188.147
188.172
188.197
188.223
188.248
188.274
188.299
188.324
188.35
188.375
188.401
188.426
188.452
188.477
188.502
188.528
188.553
188.579
188.604
188.63
188.655
188.68
188.706
188.731
188.757
188.782
188.808
188.833
188.858
188.884
188.909
188.935
188.96
188.986
189.011
189.036
189.062
189.087
189.113
189.138
189.163
189.189
189.214
189.24
189.265
189.291
189.316
189.341
189.367
189.392
189.418
189.443
189.469
189.494
189.519
189.545
189.57
189.596
189.621
189.647
189.672
189.697
189.723
189.748
189.774
189.799
189.825
189.85
189.875
189.901
189.926
189.952
189.977
190.003
190.028
190.053
190.079
190.104
190.13
190.155
190.181
190.206
190.231
190.257
190.282
190.308
190.333
190.359
190.384
190.409
190.435
190.46
190.486
190.511
190.537
190.562
190.587
190.613
190.638
190.664
190.689
190.715
190.74
190.766
190.791
190.817
190.842
190.867
190.893
190.918
190.944
190.969
190.995
191.02
191.045
191.071
191.096
191.122
191.147
191.173
191.198
191.223
191.249
191.274
191.3
191.325
191.351
191.376
191.401
191.427
191.452
191.478
191.503
191.529
191.554
191.579
191.605
191.63
191.656
191.681
191.707
191.732
191.757
191.783
191.808
191.834
191.859
191.885
191.91
191.936
191.961
191.986
192.012
192.037
192.063
192.088
192.114
192.139
192.164
192.19
192.215
192.241
192.266
192.292
192.317
192.343
192.368
192.393
192.419
192.444
192.47
192.495
192.521
192.546
192.572
192.597
192.622
192.648
192.673
192.699
192.724
192.75
192.775
192.8
192.826
192.851
192.877
192.902
192.928
192.953
192.979
193.004
193.029
193.055
193.08
193.106
193.131
193.157
193.182
193.208
193.233
193.258
193.284
193.309
193.335
193.36
193.386
193.411
193.437
193.462
193.487
193.513
193.538
193.564
193.589
193.615
193.64
193.665
193.691
193.716
193.742
193.767
193.793
193.818
193.843
193.869
193.894
193.92
193.945
193.971
193.996
194.021
194.047
194.072
194.098
194.123
194.149
194.174
194.199
194.225
194.25
194.276
194.301
194.327
194.352
194.378
194.403
194.428
194.454
194.479
194.505
194.53
194.556
194.581
194.606
194.632
194.657
194.683
194.708
194.734
194.759
194.785
194.81
194.835
194.861
194.886
194.912
194.937
194.963
194.988
195.014
195.039
195.064
195.09
195.115
195.141
195.166
195.192
195.217
195.243
195.268
195.293
195.319
195.344
195.37
195.395
195.421
195.446
195.472
195.497
195.522
195.548
195.573
195.599
195.624
195.65
195.675
195.7
195.726
195.751
195.777
195.802
195.828
195.853
195.878
195.904
195.929
195.955
195.98
196.006
196.031
196.056
196.082
196.107
196.133
196.158
196.184
196.209
196.235
196.26
196.285
196.311
196.336
196.362
196.387
196.413
196.438
196.463
196.489
196.514
196.54
196.565
196.591
196.616
196.641
196.667
196.692
196.718
196.743
196.769
196.794
196.819
196.845
196.87
196.896
196.921
196.946
196.972
196.997
197.023
197.048
197.074
197.099
197.124
197.15
197.175
197.201
197.226
197.251
197.277
197.302
197.328
197.353
197.379
197.404
197.429
197.455
197.48
197.506
197.531
197.556
197.582
197.607
197.633
197.658
197.683
197.709
197.734
197.76
197.785
197.81
197.836
197.861
197.887
197.912
197.937
197.963
197.988
198.014
198.039
198.065
198.09
198.115
198.141
198.166
198.192
198.217
198.243
198.268
198.293
198.319
198.344
198.37
198.395
198.42
198.446
198.471
198.497
198.522
198.548
198.573
198.599
198.624
198.649
198.675
198.7
198.726
198.751
198.776
198.802
198.827
198.853
198.878
198.904
198.929
198.955
198.98
199.005
199.031
199.056
199.082
199.107
199.133
199.158
199.183
199.209
199.234
199.26
199.285
199.311
199.336
199.361
199.387
199.412
199.438
199.463
199.489
199.514
199.539
199.565
199.59
199.616
199.641
199.667
199.692
199.717
199.743
199.768
199.794
199.819
199.844
199.87
199.895
199.921
199.946
199.972
199.997
200.022
200.048
200.073
200.099
200.124
200.15
200.175
200.2
200.226
200.251
200.277
200.302
200.328
200.353
200.378
200.404
200.429
200.455
200.48
200.506
200.531
200.556
200.582
200.607
200.633
200.658
200.684
200.709
200.734
200.76
200.785
200.811
200.836
200.862
200.887
200.912
200.938
200.963
200.989
201.014
201.04
201.065
201.09
201.116
201.141
201.167
201.192
201.218
201.243
201.268
201.294
201.319
201.345
201.37
201.396
201.421
201.446
201.472
201.497
201.523
201.548
201.574
201.599
201.624
201.65
201.675
201.701
201.726
201.752
201.777
201.802
201.828
201.853
201.879
201.904
201.929
201.955
201.98
202.006
202.031
202.057
202.082
202.107
202.133
202.158
202.184
202.209
202.234
202.26
202.285
202.311
202.336
202.362
202.387
202.413
202.438
202.463
202.489
202.514
202.54
202.565
202.59
202.616
202.641
202.667
202.692
202.718
202.743
202.768
202.794
202.819
202.845
202.87
202.896
202.921
202.947
202.972
202.997
203.023
203.048
203.074
203.099
203.125
203.15
203.175
203.201
203.226
203.252
203.277
203.303
203.328
203.353
203.379
203.404
203.43
203.455
203.481
203.506
203.531
203.557
203.582
203.608
203.633
203.659
203.684
203.709
203.735
203.76
203.786
203.811
203.837
203.862
203.887
203.913
203.938
203.964
203.989
204.014
204.04
204.065
204.091
204.116
204.141
204.167
204.192
204.217
204.243
204.268
204.294
204.319
204.344
204.37
204.395
204.421
204.446
204.471
204.497
204.522
204.547
204.573
204.598
204.623
204.649
204.674
204.699
204.725
204.75
204.775
204.801
204.826
204.851
204.877
204.902
204.927
204.953
204.978
205.004
205.029
205.054
205.08
205.105
205.13
205.156
205.181
205.206
205.232
205.257
205.282
205.308
205.333
205.358
205.384
205.409
205.434
205.46
205.485
205.51
205.536
205.561
205.586
205.612
205.637
205.663
205.688
205.713
205.739
205.764
205.789
205.815
205.84
205.865
205.891
205.916
205.941
205.967
205.992
206.017
206.043
206.068
206.093
206.118
206.144
206.169
206.194
206.22
206.245
206.27
206.295
206.321
206.346
206.371
206.396
206.422
206.447
206.472
206.498
206.523
206.548
206.573
206.598
206.624
206.649
206.674
206.699
206.725
206.75
206.775
206.8
206.826
206.851
206.876
206.902
206.927
206.952
206.978
207.003
207.029
207.054
207.079
207.105
207.13
207.156
207.181
207.206
207.232
207.257
207.283
207.308
207.333
207.359
207.384
207.41
207.435
207.46
207.486
207.511
207.536
207.562
207.587
207.613
207.638
207.664
207.689
207.714
207.74
207.765
207.79
207.816
207.841
207.867
207.892
207.917
207.943
207.968
207.994
208.019
208.044
208.07
208.095
208.121
208.146
208.171
208.197
208.222
208.248
208.273
208.298
208.324
208.349
208.374
208.4
208.425
208.451
208.476
208.501
208.527
208.552
208.578
208.603
208.628
208.654
208.679
208.705
208.73
208.755
208.781
208.806
208.831
208.857
208.882
208.908
208.933
208.958
208.984
209.009
209.035
209.06
209.085
209.111
209.136
209.161
209.187
209.212
