4.2002
20.4457
29.7735
28.5644
27.165
24.7323
22.2192
19.2726
17.1513
15.7847
14.8258
14.7582
14.6608
14.5942
14.5783
14.6142
14.7153
14.9128
15.1615
15.4858
15.8711
16.3049
16.7976
17.3153
17.8758
18.479
19.1014
19.7204
20.2895
20.7702
21.1509
21.4354
21.5934
21.6342
21.5634
21.3896
21.146
20.8718
20.5893
20.316
20.055
19.8237
19.6295
19.4804
19.3821
19.3399
19.3477
19.4079
19.4943
19.6231
19.7855
19.9974
20.235
20.4771
20.7249
20.9477
21.1435
21.316
21.451
21.5226
21.5423
21.504
21.4282
21.3061
21.151
20.9825
20.8108
20.6358
20.4687
20.3233
20.2077
20.1215
20.0757
20.071
20.0993
20.1674
20.2628
20.3895
20.5406
20.6969
20.8558
21.0021
21.1372
21.2597
21.362
21.4347
21.4642
21.4566
21.4235
21.3606
21.273
21.173
21.0645
20.9515
20.8429
20.743
20.6604
20.6004
20.5639
20.5545
20.5596
20.5873
20.629
20.683
20.7529
20.826
20.9004
20.9744
21.0367
21.0941
21.147
21.1788
21.197
21.2122
21.2127
21.2077
21.1948
21.1703
21.133
21.09
21.0417
20.9903
20.9404
20.8977
20.8589
20.8309
20.8157
20.8096
20.8158
20.834
20.8624
20.8965
20.9295
20.9643
20.9994
21.0404
21.0835
21.134
21.1778
21.2059
21.217
21.2081
21.1882
21.1657
21.1355
21.1018
21.0666
21.0301
20.9934
20.9566
20.923
20.8968
20.8812
20.872
20.8698
20.8711
20.8805
20.9015
20.9298
20.9639
21.0083
21.0551
21.103
21.1537
21.2026
21.2396
21.2667
21.2827
21.2828
21.2692
21.2416
21.2038
21.1592
21.1086
21.0585
21.0126
20.9685
20.9265
20.8927
20.8649
20.8495
20.8465
20.8543
20.876
20.9089
20.949
21.0005
21.0488
21.0993
21.1489
21.1934
21.2322
21.2606
21.275
21.2791
21.2729
21.2529
21.2284
21.2022
21.1735
21.1445
21.1116
21.0774
21.0449
21.0192
20.9927
20.971
20.9539
20.9423
20.9418
20.9489
20.9646
20.9833
21.0086
21.0405
21.0743
21.1073
21.1486
21.1883
21.2184
21.2443
21.263
21.2729
21.2676
21.2548
21.2368
21.2178
21.1966
21.175
21.1486
21.121
21.094
21.0657
21.0469
21.0341
21.0278
21.0281
21.0305
21.0396
21.0547
21.0732
21.092
21.1082
21.1262
21.1416
21.1545
21.1623
21.1724
21.1776
21.1813
21.1818
21.1761
21.1661
21.1535
21.1406
21.1249
21.1097
21.0936
21.0786
21.0674
21.0641
21.0643
21.0736
21.0842
21.0923
21.0987
21.1068
21.1145
21.1252
21.1357
21.1462
21.1482
21.1471
21.1474
21.1442
21.1405
21.1361
21.1356
21.1341
21.1302
21.1232
21.1179
21.1149
21.113
21.1118
21.11
21.1085
21.1001
21.1019
21.1009
21.0954
21.0889
21.0825
21.0807
21.0854
21.0914
21.0967
21.1032
21.1094
21.1144
21.1178
21.1199
21.1216
21.1211
21.126
21.1301
21.137
21.1437
21.1482
21.1516
21.1524
21.1538
21.1583
21.1627
21.1664
21.1641
21.1528
21.1378
21.1252
21.1142
21.1029
21.0953
21.0932
21.093
21.0938
21.096
21.0994
21.1055
21.11
21.1128
21.1214
21.1312
21.1397
21.1451
21.1496
21.1528
21.1563
21.1538
21.1486
21.14
21.1287
21.1176
21.1049
21.0936
21.086
21.0798
21.0776
21.0813
21.09
21.0979
21.1079
21.1176
21.1258
21.1315
21.1325
21.1319
21.1345
21.1394
21.144
21.144
21.1398
21.1361
21.1364
21.138
21.1431
21.1451
21.1444
21.1423
21.1395
21.1351
21.1294
21.1278
21.1268
21.1306
21.136
21.1376
21.1365
21.135
21.1333
21.1342
21.1377
21.1422
21.1469
21.1509
21.1524
21.1506
21.1453
21.1395
21.1335
21.1319
21.1328
21.1348
21.1359
21.1381
21.1346
21.1348
21.1383
21.1421
21.1443
21.1479
21.1523
21.1545
21.152
21.1495
21.146
21.1452
21.1421
21.1431
21.1439
21.1451
21.1432
21.143
21.1456
21.1527
21.1541
21.1576
21.1596
21.1593
21.1563
21.1527
21.1425
21.1328
21.1242
21.1183
21.1164
21.1156
21.119
21.1268
21.1372
21.147
21.1518
21.1581
21.1634
21.167
21.1727
21.1776
21.1806
21.1815
21.1852
21.1868
21.1804
21.1654
21.1513
21.1382
21.1285
21.1172
21.1118
21.1078
21.1013
21.0981
21.1006
21.1069
21.1146
21.1236
21.1283
21.1362
21.1478
21.16
21.168
21.1795
21.1865
21.19
21.1876
21.1814
21.1737
21.1669
21.1596
21.1508
21.1427
21.1346
21.1302
21.1259
21.1239
21.1217
21.1202
21.1205
21.1225
21.1278
21.1335
21.1402
21.1452
21.1493
21.1529
21.1531
21.1551
21.1581
21.1622
21.1681
21.1756
21.183
21.183
21.1727
21.1648
21.1545
21.1463
21.1414
21.139
21.1358
21.1335
21.1291
21.1249
21.1244
21.1285
21.1379
21.1455
21.1567
21.164
21.1675
21.17
21.1741
21.1765
21.1765
21.1762
21.1725
21.1672
21.1578
21.1492
21.1417
21.1434
21.1463
21.1484
21.1485
21.1475
21.1464
21.1495
21.1539
21.1592
21.1627
21.1676
21.1707
21.1754
21.1794
21.1803
21.1782
21.1749
21.1717
21.1647
21.1554
21.1445
21.1358
21.1269
21.1208
21.123
21.1304
21.1363
21.1474
21.1603
21.1729
21.1788
21.1788
21.1775
21.1771
21.1794
21.1799
21.1804
21.1795
21.1753
21.17
21.1624
21.1526
21.1453
21.1396
21.1338
21.1298
21.1264
21.1311
21.136
21.1434
21.154
21.1644
21.1754
21.1825
21.1886
21.1957
21.2047
21.2109
21.216
21.2134
21.2073
21.1988
21.1912
21.1877
21.1854
21.1821
21.1776
21.167
21.1575
21.1489
21.1402
21.1325
21.1243
21.1178
21.1165
21.1163
21.1193
21.1252
21.1353
21.1488
21.1659
21.1851
21.2043
21.2222
21.2387
21.2495
21.2554
21.2631
21.2615
21.2567
21.2438
21.2282
21.209
21.1885
21.1713
21.1547
21.14
21.1273
21.1159
21.1047
21.0992
21.0977
21.098
21.1
21.107
21.1168
21.1268
21.1378
21.1508
21.1648
21.1813
21.1992
21.216
21.2286
21.2388
21.2387
21.2366
21.2312
21.2235
21.2162
21.2098
21.2029
21.193
21.1798
21.1698
21.1591
21.1509
21.1437
21.1348
21.1322
21.1323
21.1341
21.1402
21.1444
21.148
21.1529
21.1578
21.1617
21.1652
21.1675
21.1702
21.1753
21.18
21.1848
21.1893
21.1931
21.1972
21.1992
21.2006
21.2013
21.1976
21.1924
21.1879
21.1843
21.1807
21.1779
21.1714
21.1638
21.1558
21.1504
21.1465
21.1462
21.1451
21.1445
21.1431
21.1412
21.1436
21.1488
21.1571
21.1681
21.1809
21.1945
21.2016
21.2045
21.2044
21.2054
21.206
21.206
21.2025
21.1956
21.1882
21.1743
21.1647
21.1563
21.1483
21.1402
21.1345
21.13
21.1318
21.1354
21.1401
21.1471
21.1535
21.1615
21.1703
21.1753
21.1798
21.1872
21.1998
21.2079
21.2195
21.2245
21.222
21.2146
21.2029
21.1917
21.1796
21.172
21.1634
21.1597
21.1584
21.1576
21.1579
21.1568
21.1555
21.1524
21.1502
21.148
21.1487
21.1495
21.1519
21.1606
21.1717
21.1831
21.1942
21.2065
21.2176
21.2288
21.2362
21.2365
21.228
21.2144
21.2018
21.1956
21.1909
21.185
21.178
21.1689
21.1594
21.1483
21.1361
21.1274
21.1209
21.117
21.1157
21.1114
21.1122
21.1182
21.1289
21.1469
21.1637
21.1809
21.1993
21.217
21.2335
21.2452
21.2528
21.2547
21.2519
21.2465
21.2417
21.2334
21.2225
21.2119
21.1983
21.1796
21.1607
21.1439
21.1276
21.1148
21.106
21.1021
21.0992
21.1021
21.1084
21.117
21.128
21.1413
21.1616
21.1823
21.2058
21.2261
21.2428
21.2518
21.2579
21.2631
21.2642
21.2606
21.2516
21.2364
21.2158
21.19
21.1646
21.14
21.1181
21.1024
21.0896
21.0829
21.0824
21.0877
21.1007
21.1159
21.1346
21.1521
21.1713
21.1906
21.2098
21.2311
21.2468
21.2529
21.257
21.2588
21.2571
21.2523
21.2435
21.2331
21.219
21.2041
21.1852
21.1664
21.1484
21.1306
21.1171
21.1058
21.0992
21.0955
21.0964
21.1
21.1051
21.1116
21.1171
21.1247
21.1365
21.1508
21.1675
21.189
21.2119
21.2327
21.2512
21.2635
21.2693
21.2702
21.2652
21.256
21.2415
21.2235
21.2022
21.1829
21.1645
21.1471
21.1344
21.1244
21.117
21.112
21.1149
21.1206
21.1284
21.1386
21.1486
21.1585
21.1667
21.1731
21.179
21.1865
21.1934
21.2021
21.2105
21.2158
21.2174
21.2186
21.2192
21.2152
21.2089
21.2033
21.1946
21.1859
21.1796
21.1711
21.1624
21.1544
21.149
21.1408
21.1338
21.1316
21.1332
21.1398
21.1465
21.1583
21.1688
21.1789
21.1906
21.1975
21.2024
21.2085
21.2125
21.2162
21.2182
21.2225
21.2235
21.2181
21.2176
21.2158
21.2146
21.2118
21.2049
21.1945
21.1798
21.1665
21.154
21.1459
21.1419
21.1399
21.1367
21.1329
21.1328
21.1365
21.1414
21.1488
21.1583
21.1683
21.1792
21.1926
21.2018
21.2093
21.2167
21.2221
21.2226
21.2214
21.2165
21.2088
21.2018
21.1907
21.1799
21.1724
21.1665
21.1635
21.1585
21.1521
21.1471
21.1387
21.1338
21.133
21.1383
21.1457
21.158
21.1718
21.1871
21.201
21.208
21.2138
21.2164
21.2171
21.2172
21.2136
21.2112
21.212
21.2067
21.1977
21.189
21.1791
21.1663
21.1533
21.1421
21.1294
21.1182
21.1111
21.1092
21.1107
21.1186
21.1297
21.1439
21.1619
21.1797
21.1947
21.21
21.2205
21.2285
21.2349
21.2418
21.2432
21.2403
21.2332
21.2233
21.2111
21.1965
21.182
21.1681
21.1572
21.1484
21.1419
21.1383
21.1379
21.1384
21.1391
21.1407
21.144
21.1488
21.1559
21.1655
21.1753
21.1842
21.1976
21.2092
21.2206
21.2331
21.2435
21.2502
21.2536
21.2501
21.2425
21.2314
21.2145
21.1964
21.1775
21.1605
21.1449
21.1321
21.1213
21.1113
21.105
21.1039
21.1087
21.1194
21.1349
21.1513
21.1679
21.1801
21.1932
21.2042
21.2154
21.2235
21.2295
21.2351
21.2347
21.2306
21.2236
21.2159
21.2057
21.1932
21.1794
21.1639
21.1491
21.1381
21.1309
21.13
21.1348
21.1387
21.1468
21.1576
21.1671
21.1805
21.1895
21.1981
21.2037
21.208
21.213
21.215
21.2149
21.208
21.1966
21.1836
21.174
21.1678
21.1652
21.1638
21.1664
21.1665
21.1676
21.1667
21.168
21.1695
21.1702
21.1704
21.1705
21.1747
21.1765
21.1816
21.1824
21.1857
21.1864
21.1825
21.1759
21.1639
21.1522
21.143
21.1355
21.1319
21.1376
21.1422
21.1464
21.1545
21.1665
21.1774
21.1869
21.1957
21.2016
21.2085
21.2153
21.2216
21.2267
21.2286
21.2297
21.23
21.227
21.2229
21.2185
21.2105
21.1982
21.1826
21.1667
21.1534
21.1434
21.1359
21.132
21.1291
21.1259
21.1289
21.1375
21.152
21.1666
21.1832
21.1971
21.2085
21.2184
21.2274
21.2313
21.2337
21.2332
21.2318
21.2239
21.2125
21.2006
21.1897
21.178
21.1653
21.1539
21.1434
21.136
21.1275
21.1231
21.1201
21.1249
21.1283
21.1374
21.1517
21.1679
21.183
21.1976
21.2117
21.221
21.2286
21.2333
21.2288
21.224
21.2171
21.2103
21.2052
21.2007
21.1932
21.1863
21.1812
21.1772
21.1786
21.1814
21.1777
21.173
21.1667
21.1588
21.1552
21.1567
21.159
21.1593
21.158
21.1569
21.1545
21.1532
21.1548
21.1564
21.1616
21.1694
21.1756
21.1803
21.1834
21.1901
21.1979
21.2057
21.2114
21.2128
21.2109
21.2083
21.2012
21.1924
21.1849
21.1827
21.1804
21.1781
21.1717
21.1667
21.1611
21.1564
21.1545
21.1544
21.1547
21.1589
21.166
21.1676
21.1694
21.169
21.1691
21.1711
21.1733
21.1749
21.1767
21.179
21.1776
21.1744
21.1736
21.1708
21.1704
21.1697
21.1713
21.1695
21.1666
21.1618
21.156
21.1488
21.1436
21.1423
21.1398
21.1404
21.1429
21.1431
21.1434
21.1502
21.1572
21.1656
21.1754
21.1832
21.1854
21.1831
21.1837
21.1854
21.1856
21.1856
21.1838
21.1807
21.1774
21.1708
21.1609
21.1464
21.1284
21.1161
21.1091
21.105
21.1073
21.113
21.1217
21.1334
21.144
21.1546
21.167
21.1836
21.201
21.2158
21.2273
21.2301
21.2286
21.2217
21.2122
21.2008
21.1878
21.1758
21.1637
21.1499
21.1374
21.1235
21.1112
21.1031
21.098
21.0944
21.0951
21.0971
21.1024
21.1135
21.1296
21.1531
21.1753
21.1944
21.2181
21.2335
21.242
21.2417
21.2379
21.2309
21.2199
21.2093
21.1961
21.1856
21.1716
21.1578
21.143
21.1261
21.1073
21.0958
21.0888
21.0871
21.0881
21.0969
21.1086
21.1223
21.1378
21.1547
21.1736
21.194
21.2117
21.2247
21.2366
21.2443
21.2478
21.2457
21.2382
21.2263
21.2125
21.1954
21.1773
21.1599
21.1407
21.122
21.1067
21.0969
21.0941
21.0951
21.0982
21.1024
21.1109
21.1242
21.1414
21.1632
21.1838
21.2001
21.213
21.2242
21.233
21.2374
21.2352
21.2307
21.2195
21.2044
21.1888
21.1733
21.1573
21.1431
21.1336
21.1274
21.1227
21.1198
21.114
21.1124
21.1123
21.1151
21.1196
21.1309
21.1467
21.1633
21.1792
21.1931
21.2084
21.2198
21.2286
21.2357
21.2368
21.2343
21.2271
21.2172
21.2053
21.1922
21.1744
21.1548
21.1381
21.1262
21.1143
21.1059
21.0997
21.0976
21.0973
21.1017
21.1082
21.1175
21.13
21.143
21.1589
21.1749
21.1882
21.2045
21.2192
21.2313
21.2366
21.2336
21.2229
21.2057
21.1867
21.1706
21.158
21.1464
21.1373
21.1326
21.1243
21.1189
21.1171
21.1155
21.1171
21.1248
21.1382
21.1536
21.1662
21.1829
21.2021
21.2206
21.2378
21.2503
21.2549
21.2495
21.2382
21.2241
21.2091
21.1925
21.1779
21.1654
21.1552
21.1485
21.1372
21.1251
21.1156
21.113
21.1157
21.1224
21.1267
21.1346
21.1429
21.1532
21.1662
21.1802
21.1939
21.2036
21.2101
21.2163
21.2228
21.2308
21.2352
21.2346
21.2286
21.2154
21.1965
21.1768
21.1564
21.1364
21.1188
21.105
21.0955
21.0912
21.0921
21.0956
21.1035
21.1156
21.1309
21.1493
21.1708
21.1872
21.2034
21.2163
21.228
21.2434
21.2533
21.2597
21.2596
21.2544
21.2446
21.2336
21.22
21.2045
21.1854
21.1643
21.1468
21.1375
21.1278
21.1236
21.1197
21.1172
21.1161
21.1172
21.123
21.1315
21.1418
21.1513
21.1639
21.1773
21.1933
21.2123
21.2275
21.2396
21.2509
21.2571
21.258
21.2541
21.2434
21.2308
21.2145
21.1982
21.1771
21.1551
21.133
21.1142
21.0975
21.0889
21.0889
21.0964
21.1046
21.1164
21.1291
21.1421
21.1594
21.1739
21.1859
21.1992
21.2119
21.2251
21.2353
21.2425
21.2472
21.2476
21.2436
21.2377
21.2294
21.2163
21.1967
21.1746
21.1517
21.1319
21.1128
21.1004
21.095
21.0923
21.0954
21.1015
21.1105
21.1223
21.1375
21.1549
21.1703
21.1858
21.2017
21.2188
21.2296
21.2373
21.2405
21.2414
21.2439
21.2416
21.2344
21.2229
21.2047
21.1849
21.1673
21.1525
21.1401
21.1295
21.1228
21.1207
21.1221
21.1266
21.1344
21.1451
21.1581
21.1736
21.187
21.1983
21.2067
21.2131
21.2159
21.2185
21.2199
21.2191
21.2151
21.2102
21.2065
21.2009
21.1934
21.1852
21.1772
21.1703
21.1624
21.1546
21.1491
21.1465
21.1489
21.1525
21.1617
21.1698
21.173
21.1779
21.179
21.1783
21.1795
21.1771
21.1756
21.1734
21.1705
21.1668
21.1638
21.1601
21.1583
21.1641
21.1696
21.174
21.1798
21.1858
21.1928
21.1983
21.2041
21.2067
21.2098
21.2132
21.2121
21.2088
21.2063
21.2052
21.1988
21.1893
21.1762
21.1613
21.1528
21.1458
21.1411
21.1395
21.1385
21.1377
21.1424
21.1505
21.1562
21.1641
21.1732
21.1864
21.1982
21.2099
21.2207
21.2252
21.2283
21.2309
21.2295
21.2241
21.2149
21.2031
21.1887
21.1727
21.1575
21.1442
21.1312
21.1209
21.1146
21.1136
21.1157
21.1222
21.1326
21.1473
21.1633
21.1801
21.1951
21.2127
21.2297
21.2429
21.2545
21.2595
21.2588
21.251
21.2387
21.223
21.2055
21.1855
21.1692
21.1531
21.1393
21.1266
21.1166
21.1122
21.1115
21.1141
21.1217
21.1308
21.143
21.1581
21.1716
21.1865
21.2033
21.2192
21.2339
21.247
21.2561
21.2599
21.2583
21.2502
21.2356
21.2174
21.1996
21.1794
21.1599
21.1442
21.1291
21.1188
21.1111
21.1042
21.1018
21.0987
21.0986
21.1034
21.1122
21.125
21.1408
21.1637
21.1889
21.2175
21.2411
21.2626
21.2778
21.2882
21.2894
21.2835
21.273
21.255
21.2326
21.211
21.1907
21.172
21.155
21.1372
21.124
21.1132
21.1051
21.1012
21.0973
21.0991
21.1015
21.1093
21.1185
21.1293
21.1431
21.1566
21.1711
21.1868
21.2032
21.2192
21.2333
21.2459
21.2527
21.2524
21.2454
21.2362
21.2223
21.2102
21.1974
21.1836
21.1703
21.1564
21.1428
21.1298
21.1191
21.1131
21.112
21.1147
21.1156
21.1216
21.1297
21.1395
21.155
21.1691
21.1845
21.1972
21.2064
21.217
21.2229
21.2282
21.2294
21.2286
21.2268
21.2216
21.2135
21.2043
21.1921
21.1749
21.1602
21.1494
21.1407
21.1336
21.1265
21.1212
21.1182
21.1195
21.124
21.1321
21.1391
21.1535
21.1674
21.1851
21.2023
21.2144
21.2228
21.2284
21.2339
21.2361
21.2369
21.2355
21.2303
21.2196
21.2038
21.1853
21.1638
21.1451
21.1315
21.1219
21.1184
21.1191
21.1217
21.1269
21.1378
21.1516
21.1653
21.1769
21.1844
21.1893
21.1944
21.1985
21.2042
21.2084
21.2105
21.2105
21.2056
21.1983
21.1923
21.1874
21.1831
21.1754
21.1671
21.1603
21.1521
21.1465
21.1431
21.1434
21.1448
21.1454
21.1489
21.1578
21.1712
21.1843
21.1947
21.2023
21.2103
21.2187
21.2247
21.233
21.237
21.2349
21.2296
21.2233
21.2148
21.207
21.1963
21.1835
21.1676
21.149
21.1361
21.1265
21.1212
21.1183
21.1205
21.1274
21.1384
21.1561
21.1693
21.179
21.1952
21.2108
21.2228
21.2317
21.239
21.2433
21.2472
21.2475
21.246
21.2437
21.239
21.2294
21.2193
21.2057
21.1871
21.1678
21.1473
21.1331
21.1213
21.1099
21.1015
21.0989
21.1031
21.1128
21.1255
21.1414
21.1552
21.1685
21.1798
21.1901
21.2011
21.208
21.2106
21.212
21.2104
21.2104
21.2081
21.2055
21.2023
21.1975
21.1908
21.1841
21.1756
21.1658
21.1582
21.1512
21.1458
21.1404
21.1376
21.1408
21.1455
21.1543
21.1673
21.1855
21.2018
21.214
21.224
21.2269
21.2254
21.2263
21.2252
21.2202
21.2129
21.1992
21.1862
21.1757
21.1618
21.1469
21.1368
21.1276
21.1203
21.115
21.1153
21.1197
21.1262
21.1337
21.1456
21.1617
21.1807
21.1996
21.2171
21.2307
21.2438
21.2506
21.2533
21.2524
21.2478
21.2376
21.2235
21.2058
21.1868
21.1669
21.1483
21.1335
21.1208
21.1138
21.1085
21.1048
21.1036
21.1069
21.1143
21.1251
21.1368
21.1527
21.168
21.1836
21.2037
21.2258
21.2489
21.267
21.2795
21.2834
21.2855
21.2794
21.2657
21.2449
21.2223
21.1966
21.1696
21.1498
21.1327
21.1189
21.1075
21.0999
21.0956
21.0938
21.0935
21.1023
21.1169
21.1354
21.1524
21.1694
21.1884
21.2061
21.2201
21.2362
21.2497
21.2624
21.2685
21.2677
21.2628
21.2524
21.2402
21.2271
21.2114
21.1913
21.1674
21.1424
21.1206
21.1025
21.0888
21.0793
21.0732
21.0784
21.0867
21.1038
21.124
21.1483
21.1731
21.1985
21.2278
21.2553
21.2772
21.2922
21.2982
21.2996
21.2962
21.2831
21.2639
21.238
21.2032
21.1675
21.1332
21.1032
21.078
21.0563
21.0394
21.0339
21.0348
21.0428
21.0581
21.0793
21.1059
21.1365
21.1714
21.2052
21.2356
21.2643
21.2842
21.2992
21.3101
21.3126
21.3075
21.2971
21.2778
21.2541
21.2263
21.1985
21.1704
21.1421
21.1192
21.0988
21.0788
21.0636
21.0571
21.0571
21.0635
21.076
21.0953
21.1173
21.1433
21.1688
21.1975
21.2225
21.246
21.2629
21.2727
21.2731
21.2685
21.2597
21.2465
21.2327
21.2175
21.201
21.1852
21.1715
21.1599
21.1523
21.149
21.1495
21.1504
21.152
21.1503
21.1502
21.1498
21.15
21.1514
21.1497
21.1461
21.147
21.1495
21.1583
21.1709
21.1828
21.1948
21.2036
21.2109
21.2168
21.2175
21.2144
21.2115
21.2054
21.1981
21.1909
21.1837
21.178
21.1744
21.1721
21.1716
21.1675
21.1631
21.1555
21.1456
21.1352
21.1277
21.1243
21.132
21.1437
21.154
21.1654
21.1798
21.194
21.2065
21.218
21.2192
21.2182
21.2112
21.2051
21.1977
21.1895
21.1819
21.1724
21.1669
21.1636
21.1567
21.1502
21.1459
21.1419
21.1426
21.1454
21.1445
21.145
21.1438
21.1527
21.1643
21.1731
21.1799
21.1892
21.198
21.2037
21.2057
21.2049
21.2012
21.1994
21.197
21.1921
21.1859
21.1774
21.1734
21.1717
21.1671
21.1624
21.158
21.1531
21.1495
21.1519
21.1555
21.1597
21.1641
21.1657
21.1698
21.1769
21.1872
21.1968
21.2065
21.2135
21.2135
21.2117
21.2068
21.202
21.1941
21.184
21.175
21.1698
21.1642
21.1596
21.1568
21.1561
21.1577
21.1589
21.1594
21.1601
21.1621
21.1621
21.164
21.1708
21.1786
21.189
21.1994
21.2117
21.2184
21.2208
21.2206
21.2173
21.2113
21.2036
21.1944
21.1841
21.1788
21.1711
21.1668
21.166
21.1645
21.1664
21.1666
21.1664
21.1669
21.166
21.1623
21.1628
21.164
21.169
21.1734
21.1748
21.1733
21.173
21.1733
21.1714
21.1681
21.1673
21.1654
21.1614
21.1582
21.1545
21.1503
21.1488
21.1511
21.1576
21.1684
21.1826
21.1978
21.211
21.2214
21.2278
21.2309
21.229
21.2218
21.2109
21.1991
21.1854
21.1732
21.1621
21.1524
21.1464
21.1408
21.1316
21.1246
21.1238
21.1251
21.1297
21.137
21.1471
21.1612
21.1771
21.1971
21.2115
21.2231
21.2278
21.2317
21.2322
21.2311
21.2267
21.2152
21.2048
21.1948
21.1845
21.175
21.1632
21.1558
21.1515
21.1514
21.1539
21.1554
21.1559
21.1555
21.1584
21.1599
21.1631
21.1634
21.1632
21.1634
21.1676
21.1687
21.1707
21.1733
21.1759
21.1813
21.1867
21.1947
21.2039
21.2127
21.2198
21.2242
21.2215
21.211
21.1987
21.184
21.1726
21.164
21.1589
21.1587
21.1617
21.169
21.1776
21.1841
21.1869
21.1863
21.1862
21.1868
21.1866
21.1856
21.1838
21.1825
21.1775
21.1757
21.1738
21.169
21.1692
21.167
21.1659
21.164
21.1668
21.1678
21.1699
21.1722
21.1711
21.1703
21.1716
21.1726
21.1742
21.1767
21.1783
21.1798
21.1848
21.1926
21.2011
21.2075
21.2061
21.2005
21.1943
21.1878
21.1821
21.178
21.1752
21.1716
21.1733
21.1756
21.18
21.1841
21.1889
21.1922
21.1938
21.1935
21.1941
21.1945
21.196
21.1972
21.1993
21.2006
21.1982
21.1954
21.1913
21.1872
21.1835
21.1823
21.1787
21.1725
21.1657
21.1613
21.1558
21.1552
21.1564
21.1563
21.1562
21.1603
21.1634
21.1629
21.1625
21.1613
21.1612
21.1629
21.1652
21.1737
21.1814
21.1876
21.1925
21.2001
21.2088
21.2114
21.215
21.2176
21.217
21.2142
21.2092
21.204
21.1991
21.1923
21.1871
21.1807
21.1732
21.166
21.1639
21.1613
21.1565
21.1501
21.1418
21.135
21.1306
21.1315
21.1347
21.139
21.1469
21.1576
21.1687
21.1813
21.1969
21.2102
21.2168
21.2225
21.2239
21.2232
21.2223
21.2173
21.2087
21.2022
21.1959
21.1915
21.185
21.1786
21.1748
21.1734
21.1745
21.1752
21.1797
21.1824
21.1834
21.1878
21.1929
21.1963
21.1962
21.1916
21.1842
21.1755
21.1662
21.1581
21.1536
21.1507
21.1535
21.16
21.1726
21.184
21.1938
21.2022
21.2051
21.2056
21.207
21.2024
21.1975
21.1925
21.19
21.186
21.1823
21.1812
21.1848
21.1883
21.1869
21.1805
21.1743
21.1719
21.1692
21.1663
21.1628
21.1592
21.1554
21.1546
21.1538
21.1538
21.1626
21.1706
21.1768
21.1801
21.185
21.1884
21.1929
21.1975
21.1992
21.1989
21.1963
21.1942
21.1937
21.192
21.1886
21.1831
21.1769
21.1693
21.1623
21.1596
21.1584
21.1585
21.1593
21.1618
21.1645
21.166
21.1686
21.1742
21.1794
21.1835
21.1862
21.189
21.1913
21.19
21.1884
21.1874
21.1872
21.1882
21.1877
21.1828
21.1758
21.1716
21.1671
21.162
21.1584
21.1542
21.1554
21.1607
21.167
21.1749
21.1886
21.2003
21.2098
21.2148
21.2136
21.208
21.2011
21.198
21.1955
21.1945
21.1915
21.1833
21.176
21.1685
21.1687
21.1662
21.165
21.1667
21.1687
21.1681
21.1646
21.1661
21.1696
21.1754
21.1879
21.1989
21.2107
21.217
21.2181
21.2105
21.1999
21.1897
21.1799
21.1739
21.1703
21.1649
21.1602
21.1591
21.1576
21.1541
21.1502
21.1509
21.1567
21.1628
21.1709
21.1811
21.1905
21.1957
21.1968
21.1936
21.1921
21.1943
21.1977
21.2012
21.2022
21.2026
21.2011
21.1988
21.1966
21.1969
21.1948
21.194
21.1939
21.1892
21.1845
21.1785
21.1712
21.1644
21.1622
21.1598
21.1564
21.1532
21.1508
21.1478
21.1462
21.1471
21.1518
21.1589
21.1642
21.1664
21.1761
21.1887
21.2007
21.2123
21.225
21.2383
21.246
21.2527
21.2561
21.2585
21.258
21.2539
21.245
21.2317
21.2148
21.1885
21.1625
21.1398
21.1219
21.1069
21.0966
21.0913
21.0921
21.0967
21.1052
21.1193
21.1363
21.1563
21.1777
21.201
21.2218
21.2421
21.2578
21.2735
21.2825
21.2857
21.2802
21.2676
21.248
21.2276
21.2026
21.1763
21.1488
21.1228
21.1035
21.0884
21.0807
21.081
21.0855
21.0941
21.1108
21.1311
21.1554
21.1763
21.1958
21.2148
21.2308
21.2393
21.241
21.2361
21.2275
21.2173
21.2045
21.1914
21.1797
21.1647
21.15
21.1392
21.1327
21.1282
21.1292
21.1368
21.1469
21.1605
21.1728
21.1844
21.2026
21.2214
21.2385
21.2511
21.2564
21.2523
21.2395
21.222
21.2061
21.1899
21.1762
21.1644
21.1563
21.1537
21.1528
21.1548
21.1585
21.1617
21.1631
21.1659
21.1712
21.1756
21.1817
21.1882
21.196
21.2068
21.2107
21.2121
21.2089
21.2023
21.1933
21.1829
21.1726
21.1624
21.1559
21.1506
21.1493
21.1496
21.1502
21.1544
21.1647
21.1732
21.1833
21.1937
21.2027
21.209
21.215
21.2174
21.2177
21.2188
21.2185
21.2172
21.213
21.2042
21.1904
21.1737
21.1556
21.1387
21.1247
21.1159
21.1117
21.1135
21.1169
21.1237
21.1338
21.1457
21.1622
21.1833
21.1997
21.214
21.2346
21.2527
21.2631
21.2707
21.2705
21.2667
21.2599
21.2468
21.2283
21.2082
21.1853
21.1588
21.1364
21.1141
21.0981
21.0844
21.0772
21.0764
21.0817
21.0915
21.1073
21.1265
21.1527
21.1803
21.2087
21.2285
21.2432
21.2554
21.2663
21.274
21.2786
21.2752
21.2662
21.2515
21.2363
21.2194
21.2042
21.1891
21.1759
21.1646
21.1543
21.1448
21.1314
21.1225
21.1149
21.109
21.1092
21.1105
21.113
21.1165
21.1175
21.1234
21.1346
21.1501
21.1732
21.1993
21.2258
21.2489
21.2646
21.274
21.2802
21.2822
21.2763
21.2633
21.2453
21.2267
21.2065
21.1876
21.1723
21.1571
21.1406
21.1253
21.114
21.1073
21.1053
21.1062
21.114
21.1281
21.143
21.1614
21.1842
21.204
21.2187
21.2328
21.243
21.249
21.2523
21.2483
21.239
21.2309
21.2224
21.2139
21.2071
21.1984
21.1857
21.171
21.1535
21.1373
21.1229
21.1145
21.1135
21.1175
21.1259
21.1358
21.1458
21.162
21.1776
21.1943
21.2117
21.23
21.2461
21.2595
21.2676
21.264
21.2538
21.2399
21.2248
21.208
21.1905
21.1754
21.159
21.1456
21.1345
21.1286
21.1274
21.1251
21.1276
21.1305
21.1359
21.142
21.1472
21.1555
21.1637
21.1715
21.1833
21.1977
21.2163
21.2279
21.2302
21.2296
21.2269
21.2198
21.209
21.1984
21.188
21.1793
21.1728
21.1687
21.168
21.166
21.1641
21.1598
21.1509
21.1435
21.1379
21.136
21.1376
21.1427
21.1491
21.1591
21.1762
21.192
21.2028
21.2066
21.2089
21.2094
21.207
21.202
21.1959
21.1901
21.1881
21.1857
21.1888
21.1897
21.1894
21.1882
21.1849
21.1817
21.1758
21.1673
21.1574
21.1469
21.1378
21.131
21.1295
21.134
21.1436
21.1555
21.1669
21.1779
21.1881
21.2014
21.2092
21.219
21.2295
21.2382
21.2431
21.2448
21.2417
21.2396
21.2359
21.2246
21.2091
21.1933
21.1769
21.1627
21.1486
21.1368
21.1294
21.124
21.125
21.1314
21.1408
21.1577
21.1703
21.1822
21.1889
21.1957
21.2013
21.2068
21.2078
21.2087
21.2046
21.198
21.1869
21.1765
21.168
21.1594
21.1545
21.1525
21.1494
21.1472
21.1485
21.1508
21.154
21.1533
21.1547
21.1549
21.1618
21.1735
21.1868
21.1979
21.2047
21.2143
21.2195
21.2232
21.2206
21.2163
21.2096
21.2044
21.1959
21.1856
21.1753
21.1678
21.1614
21.1565
21.1512
21.1502
21.1495
21.1525
21.158
21.1622
21.1672
21.1729
21.1773
21.1838
21.1914
21.2008
21.2076
21.2134
21.2188
21.2217
21.2243
21.2267
21.2267
21.2248
21.2219
21.217
21.2151
21.2125
21.2122
21.208
21.2001
21.1888
21.1737
21.1585
21.1441
21.1308
21.1191
21.1101
21.1043
21.1038
21.1117
21.1235
21.1431
21.1622
21.1822
21.2006
21.2157
21.2287
21.2349
21.2382
21.2363
21.2302
21.2207
21.2108
21.2003
21.1904
21.1838
21.1777
21.1705
21.1607
21.151
21.1434
21.1371
21.134
21.1365
21.1418
21.146
21.1558
21.1671
21.1778
21.1865
21.1943
21.2013
21.2063
21.2112
21.2149
21.2157
21.2169
21.2176
21.217
21.216
21.2169
21.2154
21.2126
21.2099
21.2022
21.1947
21.187
21.1799
21.1726
21.1632
21.1557
21.1528
21.1535
21.1574
21.1594
21.1666
21.1736
21.1815
21.1877
21.1874
21.1868
21.1884
21.1919
21.1964
21.2009
21.2037
21.2029
21.1998
21.1958
21.1907
21.1897
21.1866
21.181
21.1748
21.1722
21.1702
21.1691
21.1679
21.1686
21.1701
21.1739
21.1796
21.1864
21.1943
21.1985
21.2053
21.2112
21.2111
21.2097
21.2043
21.1963
21.1903
21.1864
21.1872
21.1884
21.1935
21.2004
21.2076
21.2122
21.2153
21.2136
21.2097
21.2067
21.199
21.1872
21.1797
21.1741
21.1681
21.168
21.1662
21.164
21.1622
21.1592
21.1594
21.16
21.1602
21.1632
21.1736
21.1857
21.1957
21.2059
21.2104
21.2141
21.2135
21.2097
21.2016
21.1927
21.1811
21.167
21.1572
21.1526
21.148
21.1498
21.1525
21.155
21.1579
21.1603
21.1614
21.1654
21.1683
21.1724
21.173
21.1767
21.1805
21.1849
21.1891
21.1897
21.1954
21.2004
21.2083
21.2148
21.2184
21.218
21.2128
21.2041
21.1931
21.1828
21.1752
21.1679
21.1625
21.1568
21.1534
21.1522
21.1576
21.1673
21.1766
21.1922
21.2102
21.2266
21.2431
21.2556
21.2666
21.2766
21.2862
21.2993
21.3183
21.3386
21.3581
21.3715
21.3813
21.3845
21.3813
21.3818
21.384
21.3924
21.4042
21.4236
21.4515
21.4874
21.5304
21.5735
21.6228
21.6829
21.7442
21.8055
21.8668
21.9331
21.9865
22.0371
22.0824
22.124
22.1604
22.1984
22.2417
22.2875
22.3377
22.3953
22.4625
22.5349
22.6107
22.7017
22.827
22.9759
23.1561
23.351
23.571
23.7902
23.987
24.1697
24.3362
24.5345
24.7509
25.0051
25.2789
25.5956
25.9106
26.2576
26.5786
26.8595
27.0943
27.3055
27.5079
27.6922
27.8993
28.1664
28.4996
28.8622
29.1395
29.3161
29.5408
29.8156
29.966
30.2217
30.582
31.0192
30.709
