0.200884
0.401286
0.601693
0.802064
1.00243
1.2028
1.40318
1.60352
1.80387
2.00423
2.2046
2.40498
2.60534
2.8057
3.00606
3.20643
3.40695
3.60738
3.80793
4.00836
4.20874
4.40905
4.60939
4.80973
5.01005
5.2104
5.41074
5.61106
5.8114
6.04719
6.24755
6.44792
6.64837
6.84875
7.04913
7.24946
7.45989
7.66022
7.86056
8.06091
8.26125
8.4616
8.66205
8.86241
9.06278
9.26312
9.46345
9.6638
9.86415
10.0645
10.2649
10.4653
10.6657
10.866
11.0664
11.2668
11.4672
11.6676
11.868
12.0684
12.2687
12.4691
12.6694
12.8697
13.0701
13.2704
13.4707
13.6711
13.8714
14.0717
14.2721
14.4724
14.6727
14.8731
15.0735
15.2739
15.4742
15.6746
15.875
16.0753
16.2757
16.4761
16.6764
16.8768
17.0771
17.2775
17.4829
17.6832
17.8836
18.0839
18.2843
18.4846
18.685
18.8853
19.0857
19.2861
19.4864
19.6868
19.8871
20.0875
20.2878
20.4882
20.6885
20.8889
21.0892
21.2896
21.49
21.6903
21.8907
22.091
22.2914
22.4917
22.6921
22.8924
23.0928
23.2931
23.4935
23.6939
23.8943
24.0947
24.2951
24.4954
24.6958
24.8962
25.0965
25.2968
25.4972
25.6975
25.8979
26.0982
26.2986
26.499
26.6993
26.8997
27.1001
27.3004
27.5017
27.7021
27.9024
28.1028
28.3031
28.5035
28.7038
28.9042
29.1046
29.3049
29.5053
29.7057
29.9061
30.1064
30.3068
30.5071
30.7075
30.9078
31.1082
31.3085
31.5089
31.7092
31.9161
32.1164
32.3168
32.5172
32.7175
32.9179
33.1182
33.3186
33.5189
33.7193
33.9196
34.12
34.3203
34.5207
34.721
34.9214
35.1217
35.3221
35.5224
35.7227
35.9231
36.1234
36.3238
36.5241
36.7244
36.9248
37.1252
37.3255
37.5343
37.7347
37.935
38.1354
38.3357
38.5361
38.7364
38.9369
39.1373
39.3376
39.538
39.7383
39.9387
40.139
40.3394
40.5397
40.7401
40.9404
41.1408
41.3411
41.5414
41.7418
41.9421
42.1425
42.3428
42.5432
42.7435
42.9439
43.1442
43.3446
43.5449
43.7453
43.9456
44.146
44.3463
44.5467
44.7471
44.9474
45.1478
45.3481
45.5485
45.7488
45.9492
46.1495
46.3499
46.5502
46.7506
46.9509
47.1513
47.3516
47.552
47.7523
47.9527
48.153
48.3534
48.5538
48.7542
48.9546
49.1549
49.3553
49.5557
49.7561
49.9564
50.1568
50.3571
50.5575
50.7579
50.9582
51.1586
51.359
51.5593
51.7597
51.96
52.1604
52.3607
52.5611
52.7614
52.9617
53.1621
53.3624
53.5628
53.7631
53.9635
54.1638
54.3642
54.5645
54.7649
54.9652
55.1656
55.3659
55.5663
55.7666
55.967
56.1673
56.3677
56.568
56.7683
56.9687
57.169
57.3694
57.5699
57.7702
57.9706
58.1709
58.3713
58.5716
58.772
58.9723
59.1727
59.373
59.5734
59.7737
59.9741
60.1744
60.3748
60.5751
60.7754
60.9758
61.1761
61.3765
61.5768
61.7772
61.9775
62.1779
62.3782
62.5786
62.7789
62.9793
63.1796
63.38
63.5803
63.7806
63.981
64.1814
64.3817
64.5821
64.7824
64.9828
65.1831
65.3834
65.5837
65.7841
65.9844
66.1848
66.3851
66.5855
66.7858
66.9862
67.1865
67.3868
67.5872
67.7877
67.988
68.1884
68.3887
68.5891
68.7894
68.9898
69.1901
69.3905
69.5908
69.7912
69.9915
70.1919
70.3922
70.5926
70.7929
70.9933
71.1936
71.394
71.5943
71.7947
71.995
72.1954
72.3957
72.5961
72.7964
72.9967
73.1971
73.3974
73.5977
73.7981
73.9984
74.1987
74.3991
74.5994
74.7998
75.0001
75.2004
75.4007
75.6011
75.8014
76.0018
76.2021
76.4024
76.6028
76.8031
77.0035
77.2038
77.4042
77.6045
77.8049
78.0052
78.2056
78.4059
78.6063
78.8066
79.0069
79.2073
79.4076
79.608
79.8083
80.0087
80.209
80.4094
80.6097
80.81
81.0104
81.2107
81.4111
81.6114
81.8118
82.0121
82.2124
82.4127
82.6131
82.8134
83.0138
83.2141
83.4144
83.6148
83.8151
84.0155
84.2158
84.4163
84.6167
84.817
85.0174
85.2177
85.4181
85.6184
85.8188
86.0191
86.2194
86.4197
86.6201
86.8204
87.0208
87.2211
87.4214
87.6218
87.8221
88.0224
88.2228
88.423
88.6234
88.8237
89.0241
89.2244
89.4247
89.6251
89.8254
90.0257
90.2261
90.4264
90.6267
90.8271
91.0274
91.2278
91.4281
91.6284
91.8288
92.0291
92.2295
92.4298
92.6302
92.8305
93.0308
93.2312
93.4315
93.6319
93.8322
94.0326
94.236
94.4364
94.6367
94.8371
95.0374
95.2378
95.4381
95.6385
95.8388
96.0392
96.2395
96.4399
96.6402
96.8405
97.0409
97.2412
97.4416
97.642
97.8423
98.0427
98.243
98.4434
98.6437
98.844
99.0444
99.2447
99.4451
99.6454
99.8457
100.046
100.246
100.447
100.647
100.847
101.048
101.248
101.448
101.649
101.849
102.049
102.25
102.45
102.651
102.851
103.051
103.252
103.452
103.652
103.853
104.053
104.253
104.454
104.654
104.854
105.055
105.255
105.455
105.656
105.856
106.056
106.257
106.457
106.657
106.858
107.058
107.259
107.459
107.66
107.86
108.061
108.261
108.461
108.662
108.862
109.062
109.263
109.463
109.663
109.864
110.064
110.264
110.465
110.665
110.865
111.066
111.266
111.466
111.667
111.867
112.068
112.268
112.468
112.669
112.869
113.069
113.27
113.47
113.67
113.871
114.071
114.271
114.472
114.672
114.872
115.073
115.273
115.473
115.674
115.874
116.074
116.275
116.475
116.675
116.876
117.076
117.277
117.477
117.684
117.884
118.085
118.285
118.485
118.686
118.886
119.086
119.287
119.487
119.687
119.888
120.088
120.288
120.489
120.689
120.889
121.09
121.29
121.49
121.691
121.891
122.091
122.292
122.492
122.693
122.893
123.093
123.294
123.494
123.694
123.895
124.095
124.295
124.496
124.696
124.896
125.097
125.297
125.497
125.698
125.898
126.098
126.299
126.499
126.699
126.9
127.1
127.3
127.501
127.701
127.901
128.102
128.302
128.502
128.703
128.903
129.103
129.304
129.504
129.704
129.905
130.105
130.305
130.506
130.706
130.906
131.107
131.307
131.507
131.708
131.908
132.108
132.309
132.509
132.709
132.91
133.11
133.311
133.511
133.711
133.912
134.112
134.312
134.513
134.713
134.913
135.114
135.314
135.514
135.715
135.915
136.115
136.316
136.516
136.716
136.917
137.117
137.317
137.518
137.718
137.918
138.119
138.319
138.52
138.72
138.92
139.121
139.321
139.521
139.722
139.922
140.122
140.323
140.523
140.723
140.924
141.124
141.324
141.525
141.725
141.925
142.126
142.326
142.526
142.727
142.927
143.128
143.328
143.528
143.729
143.929
144.129
144.33
144.53
144.73
144.931
145.131
145.331
145.532
145.732
145.932
146.133
146.333
146.533
146.734
146.934
147.134
147.335
147.535
147.735
147.936
148.136
148.336
148.537
148.737
148.937
149.138
149.338
149.538
149.739
149.939
150.139
150.34
150.54
150.741
150.941
151.141
151.342
151.542
151.742
151.943
152.143
152.343
152.544
152.744
152.944
153.145
153.345
153.545
153.746
153.946
154.146
154.347
154.547
154.747
154.948
155.148
155.348
155.549
155.749
155.949
156.15
156.35
156.55
156.751
156.951
157.151
157.352
157.552
157.753
157.953
158.153
158.354
158.554
158.754
158.955
159.155
159.355
159.556
159.756
159.956
160.157
160.357
160.557
160.758
160.958
161.158
161.359
161.559
161.76
161.96
162.16
162.361
162.561
162.761
162.962
163.162
163.362
163.563
163.763
163.963
164.164
164.364
164.564
164.765
164.965
165.165
165.366
165.566
165.767
165.967
166.167
166.368
166.568
166.768
166.969
167.169
167.369
167.57
167.77
167.97
168.171
168.371
168.571
168.772
168.972
169.172
169.373
169.573
169.773
169.974
170.174
170.374
170.575
170.775
170.975
171.176
171.376
171.576
171.777
171.977
172.177
172.378
172.578
172.779
172.979
173.179
173.38
173.58
173.78
173.981
174.181
174.381
174.582
174.782
174.982
175.183
175.383
175.583
175.784
175.984
176.184
176.385
176.585
176.785
176.986
177.189
177.389
177.589
177.79
177.99
178.19
178.391
178.591
178.791
178.992
179.192
179.392
179.593
179.793
179.993
180.194
180.398
180.598
180.798
180.999
181.199
181.399
181.6
181.8
182
182.201
182.401
182.601
182.802
183.002
183.202
183.403
183.603
183.803
184.004
184.204
184.405
184.605
184.805
185.006
185.206
185.406
185.607
185.807
186.007
186.208
186.408
186.608
186.809
187.009
187.209
187.41
187.61
187.81
188.011
188.211
188.411
188.612
188.812
189.013
189.213
189.413
189.614
189.814
190.014
190.215
190.415
190.615
190.816
191.016
191.216
191.417
191.617
191.817
192.018
192.218
192.419
192.619
192.819
193.02
193.22
193.42
193.621
193.821
194.021
194.222
194.422
194.622
194.823
195.023
195.223
195.424
195.624
195.824
196.025
196.225
196.425
196.626
196.826
197.026
197.227
197.427
197.628
197.828
198.028
198.229
198.429
198.629
198.83
199.03
199.23
199.431
199.631
199.831
200.032
200.232
200.432
200.633
200.833
201.033
201.234
201.434
201.634
201.835
202.035
202.235
202.436
202.636
202.836
203.037
203.237
203.437
203.638
203.838
204.038
204.239
204.439
204.639
204.84
205.04
205.24
205.441
205.641
205.841
206.042
206.242
206.442
206.643
206.843
207.043
207.244
207.444
207.644
207.845
208.045
208.245
208.446
208.646
208.847
209.047
209.247
209.448
209.648
209.848
210.049
210.249
210.449
210.65
210.85
211.05
211.251
211.451
211.651
211.852
212.052
212.252
212.453
212.653
212.853
213.054
213.254
213.454
213.655
213.855
214.055
214.256
214.456
214.656
214.857
215.057
215.257
215.458
215.658
215.859
216.059
216.259
216.46
216.66
216.86
217.061
217.261
217.461
217.662
217.862
218.062
218.263
218.463
218.663
218.864
219.064
219.264
219.465
219.665
219.865
220.066
220.266
220.466
220.667
220.867
221.067
221.268
221.468
221.668
221.869
222.069
222.269
222.47
222.67
222.871
223.071
223.271
223.472
223.672
223.872
224.073
224.273
224.473
224.674
224.874
225.074
225.275
225.475
225.675
225.876
226.076
226.276
226.477
226.677
226.877
227.078
227.278
227.478
227.679
227.879
228.079
228.28
228.48
228.68
228.881
229.081
229.282
229.482
229.682
229.883
230.083
230.283
230.484
230.684
230.884
231.085
231.285
231.485
231.686
231.886
232.086
232.287
232.487
232.687
232.888
233.088
233.289
233.489
233.689
233.89
234.09
234.29
234.491
234.691
234.891
235.092
235.292
235.492
235.693
235.893
236.093
236.294
236.494
236.695
236.895
237.095
237.296
237.496
237.696
237.897
238.097
238.297
238.498
238.698
238.898
239.099
239.299
239.499
239.7
239.9
240.1
240.301
240.501
240.701
240.902
241.102
241.302
241.503
241.703
241.904
242.104
242.304
242.505
242.705
242.905
243.106
243.306
243.506
243.707
243.907
244.107
244.308
244.508
244.708
244.909
245.109
245.309
245.51
245.71
245.91
246.111
246.311
246.511
246.712
246.912
247.113
247.313
247.513
247.714
247.914
248.114
248.315
248.515
248.715
248.916
249.116
249.316
249.517
249.717
249.917
250.118
250.318
250.518
250.719
250.919
251.119
251.32
251.52
251.72
251.921
252.121
252.321
252.522
252.722
252.922
253.123
253.323
253.524
253.724
253.924
254.125
254.325
254.525
254.726
254.926
255.126
255.327
255.527
255.727
255.928
256.128
256.328
256.529
256.729
256.929
257.13
257.33
257.53
257.731
257.931
258.131
258.332
258.532
258.732
258.933
259.133
259.333
259.534
259.734
259.935
260.135
260.335
260.536
260.736
260.936
261.137
261.337
261.537
261.738
261.938
262.138
262.339
262.539
262.739
262.94
263.14
263.34
263.541
263.741
263.941
264.142
264.342
264.543
264.743
264.943
265.144
265.344
265.544
265.745
265.945
266.145
266.346
266.546
266.746
266.947
267.147
267.347
267.548
267.748
267.948
268.149
268.349
268.549
268.75
268.95
269.15
269.351
269.551
269.751
269.952
270.152
270.352
270.553
270.753
270.953
271.154
271.354
271.554
271.755
271.955
272.155
272.356
272.556
272.756
272.957
273.157
273.358
273.558
273.758
273.959
274.159
274.359
274.56
274.76
274.96
275.161
275.361
275.561
275.762
275.962
276.162
276.363
276.563
276.763
276.964
277.164
277.364
277.565
277.765
277.966
278.166
278.366
278.567
278.767
278.967
279.168
279.368
279.568
279.769
279.969
280.169
280.37
280.57
280.77
280.971
281.171
281.371
281.572
281.772
281.972
282.173
282.373
282.573
282.774
282.974
283.175
283.375
283.575
283.776
283.976
284.176
284.377
284.577
284.777
284.978
285.178
285.378
285.579
285.779
285.979
286.18
286.38
286.58
286.781
286.981
287.181
287.382
287.582
287.783
287.983
288.183
288.384
288.584
288.784
288.985
289.185
289.385
289.586
289.786
289.986
290.187
290.387
290.587
290.788
290.988
291.188
291.389
291.589
291.789
291.99
292.19
292.391
292.591
292.791
292.992
293.192
293.392
293.593
293.793
293.993
294.194
294.394
294.594
294.795
294.995
295.195
295.396
295.596
295.796
295.997
296.197
296.397
296.598
296.798
296.998
297.199
297.399
297.599
297.8
298
298.2
298.401
298.601
298.802
299.002
299.202
299.403
299.603
299.803
300.004
300.204
300.404
300.605
300.805
301.005
301.206
301.406
301.606
301.807
302.007
302.208
302.408
302.608
302.809
303.009
303.209
303.41
303.61
303.81
304.011
304.211
304.411
304.612
304.812
305.012
305.213
305.413
305.613
305.814
306.014
306.214
306.415
306.615
306.815
307.016
307.216
307.416
307.617
307.817
308.017
308.218
308.418
308.618
308.819
309.019
309.22
309.42
309.62
309.821
310.021
310.221
310.422
310.622
310.822
311.023
311.223
311.423
311.624
311.824
312.024
312.225
312.425
312.625
312.826
313.026
313.226
313.427
313.627
313.827
314.028
314.228
314.428
314.629
314.829
315.029
315.23
315.43
315.631
315.831
316.031
316.232
316.432
316.632
316.833
317.033
317.233
317.434
317.634
317.834
318.035
318.235
318.435
318.636
318.836
319.036
319.237
319.437
319.637
319.838
320.038
320.238
320.439
320.639
320.84
321.04
321.24
321.441
321.641
321.841
322.042
322.242
322.442
322.643
322.843
323.043
323.244
323.444
323.644
323.845
324.045
324.245
324.446
324.646
324.846
325.047
325.247
325.447
325.648
325.848
326.048
326.249
326.449
326.649
326.85
327.05
327.25
327.451
327.651
327.851
328.052
328.252
328.452
328.653
328.853
329.053
329.254
329.454
329.654
329.855
330.055
330.256
330.456
330.656
330.857
331.057
331.257
331.458
331.658
331.858
332.059
332.259
332.459
332.66
332.86
333.06
333.261
333.461
333.661
333.862
334.062
334.262
334.463
334.663
334.864
335.064
335.264
335.465
335.665
335.865
336.066
336.266
336.466
336.667
336.867
337.067
337.268
337.468
337.668
337.869
338.069
338.269
338.47
338.67
338.87
339.071
339.271
339.472
339.672
339.872
340.073
340.273
340.473
340.674
340.874
341.074
341.275
341.475
341.675
341.876
342.076
342.276
342.477
342.677
342.877
343.078
343.278
343.478
343.679
343.879
344.079
344.28
344.48
344.68
344.881
345.081
345.281
345.482
345.682
345.883
346.083
346.283
346.484
346.684
346.884
347.085
347.285
347.485
347.686
347.886
348.086
348.287
348.487
348.687
348.888
349.088
349.288
349.489
349.689
349.89
350.09
350.29
350.491
350.691
350.891
351.092
351.292
351.492
351.693
351.893
352.093
352.294
352.494
352.694
352.895
353.095
353.295
353.496
353.696
353.896
354.097
354.297
354.497
354.698
354.898
355.099
355.299
355.499
355.7
355.9
356.1
356.301
356.501
356.701
356.902
357.102
357.302
357.503
357.703
357.903
358.104
358.304
358.504
358.705
358.905
359.105
359.306
359.506
359.707
359.907
360.107
360.308
360.508
360.708
360.909
361.109
361.309
361.51
361.71
361.91
362.111
362.311
362.511
362.712
362.912
363.112
363.313
363.513
363.713
363.914
364.114
364.314
364.515
364.715
364.916
365.116
365.316
365.517
365.717
365.917
366.118
366.318
366.518
366.719
366.919
367.119
367.32
367.52
367.72
367.921
368.121
368.321
368.522
368.722
368.922
369.123
369.323
369.523
369.724
369.924
370.125
370.325
370.525
370.726
370.926
371.126
371.327
371.527
371.727
371.928
372.128
372.328
372.529
372.729
372.929
373.13
373.33
373.53
373.731
373.931
374.131
374.332
374.532
374.732
374.933
375.133
375.333
375.534
375.734
375.935
376.135
376.335
376.536
376.736
376.936
377.137
377.337
377.537
377.738
377.938
378.138
378.339
378.539
378.739
378.94
379.14
379.34
379.541
379.741
379.942
380.142
380.342
380.543
380.743
380.943
381.144
381.344
381.544
381.745
381.945
382.145
382.346
382.546
382.746
382.947
383.147
383.347
383.548
383.748
383.948
384.149
384.349
384.55
384.75
384.95
385.151
385.351
385.551
385.752
385.952
386.152
386.353
386.553
386.753
386.954
387.154
387.354
387.555
387.755
387.955
388.156
388.356
388.557
388.757
388.957
389.158
389.358
389.558
389.759
389.959
390.159
390.36
390.56
390.76
390.961
391.161
391.361
391.562
391.762
391.962
392.163
392.363
392.563
392.764
392.964
393.164
393.365
393.565
393.766
393.966
394.166
394.367
394.567
394.767
394.968
395.168
395.368
395.569
395.769
395.969
396.17
396.37
396.57
396.771
396.971
397.171
397.372
397.572
397.772
397.973
398.173
398.374
398.574
398.774
398.975
399.175
399.375
399.576
399.776
399.976
400.177
400.377
400.577
400.778
400.978
401.178
401.379
401.579
401.779
401.98
402.18
402.38
402.581
402.781
402.981
403.182
403.382
403.582
403.783
403.983
404.183
404.384
404.584
404.784
404.985
405.185
405.385
405.586
405.786
405.986
406.187
406.387
406.587
406.788
406.988
407.189
407.389
407.589
407.79
407.99
408.19
408.391
408.591
408.791
408.992
409.192
409.392
409.593
409.793
409.993
410.194
410.394
410.594
410.795
410.995
411.195
411.396
411.596
411.796
411.997
412.197
412.398
412.598
412.798
412.999
413.199
413.399
413.6
413.8
414
414.201
414.401
414.601
414.802
415.002
415.202
415.403
415.603
415.803
416.004
416.204
416.405
416.605
416.805
417.006
417.206
417.406
417.607
417.807
418.007
418.208
418.408
418.608
418.809
419.009
419.209
419.41
419.61
419.81
420.011
420.211
420.411
420.616
420.816
421.017
421.217
421.417
421.618
421.818
422.018
422.219
422.419
422.619
422.82
423.02
423.22
423.421
423.621
423.822
424.022
424.222
424.423
424.623
424.823
425.024
425.224
425.424
425.625
425.825
426.025
426.226
426.426
426.626
426.827
427.027
427.227
427.428
427.628
427.828
428.029
428.229
428.429
428.63
428.83
429.03
429.231
429.431
429.632
429.832
430.032
430.233
430.433
430.633
430.834
431.034
431.234
431.435
431.635
431.835
432.036
432.236
432.436
432.637
432.837
433.037
433.238
433.438
433.638
433.839
434.039
434.239
434.44
434.64
434.841
435.041
435.241
435.442
435.642
435.842
436.043
436.243
436.443
436.644
436.844
437.044
437.245
437.445
437.645
437.846
438.046
438.246
438.447
438.647
438.848
439.048
439.248
439.449
439.649
439.849
440.05
440.25
440.45
440.651
440.851
441.051
441.252
441.452
441.652
441.853
442.053
442.253
442.454
442.654
442.854
443.055
443.255
443.455
443.656
443.856
444.056
444.257
444.457
444.657
444.858
445.058
445.258
445.459
445.659
445.859
446.06
446.26
446.46
446.661
446.861
447.061
447.262
447.462
447.663
447.863
448.063
448.264
448.464
448.664
448.865
449.065
449.265
449.466
449.666
449.866
450.067
450.267
450.467
450.668
450.868
451.068
451.269
451.469
451.669
451.87
452.07
452.27
452.471
452.671
452.871
453.072
453.272
453.472
453.673
453.873
454.073
454.274
454.474
454.674
454.875
455.075
455.275
455.476
455.676
455.876
456.077
456.277
456.477
456.678
456.878
457.078
457.279
457.479
457.68
457.88
458.08
458.281
458.481
458.681
458.882
459.082
459.282
459.483
459.683
459.883
460.084
460.284
460.484
460.685
460.885
461.085
461.286
461.486
461.686
461.887
462.087
462.287
462.488
462.688
462.888
463.089
463.289
463.489
463.69
463.89
464.091
464.291
464.491
464.692
464.892
465.092
465.293
465.493
465.693
465.894
466.094
466.294
466.495
466.695
466.895
467.096
467.296
467.496
467.697
467.897
468.097
468.298
468.498
468.698
468.899
469.099
469.299
469.5
469.7
469.901
470.101
470.301
470.502
470.702
470.902
471.103
471.303
471.503
471.704
471.904
472.104
472.305
472.505
472.705
472.906
473.106
473.306
473.507
473.707
473.907
474.108
474.308
474.508
474.709
474.909
475.109
475.31
475.51
475.71
475.911
476.111
476.311
476.512
476.712
476.912
477.113
477.313
477.514
477.714
477.914
478.115
478.315
478.515
478.716
478.916
479.116
479.317
479.517
479.717
479.918
480.118
480.318
480.519
480.719
480.92
481.12
481.32
481.521
481.721
481.921
482.122
482.322
482.522
482.723
482.923
483.123
483.324
483.524
483.724
483.925
484.125
484.325
484.526
484.726
484.926
485.127
485.327
485.527
485.728
485.928
486.128
486.329
486.529
486.729
486.93
487.13
487.33
487.531
487.731
487.932
488.132
488.332
488.533
488.733
488.933
489.134
489.334
489.534
489.735
489.935
490.135
490.336
490.536
490.736
490.937
491.137
491.338
491.538
491.738
491.939
492.139
492.339
492.54
492.74
492.94
493.141
493.341
493.541
493.742
493.942
494.142
494.343
494.543
494.743
494.944
495.144
495.344
495.545
495.745
495.945
496.146
496.346
496.547
496.747
496.947
497.148
497.348
497.548
497.749
497.949
498.149
498.35
498.55
498.75
498.951
499.151
499.351
499.552
499.752
499.952
500.153
500.353
500.553
500.754
500.954
501.155
501.355
501.555
501.756
501.956
502.156
502.357
502.557
502.757
502.958
503.158
503.358
503.559
503.759
503.959
504.16
504.36
504.56
504.761
504.961
505.161
505.362
505.562
505.762
505.963
506.163
506.364
506.564
506.764
506.965
507.165
507.365
507.566
507.766
507.966
508.167
508.367
508.567
508.768
508.968
509.168
509.369
509.569
509.769
509.97
510.17
510.37
510.571
510.771
510.971
511.172
511.372
511.572
511.773
511.973
512.173
512.374
512.574
512.774
512.975
513.175
513.375
513.576
513.776
513.977
514.177
514.377
514.578
514.778
514.978
515.179
515.379
515.579
515.78
515.98
516.18
516.381
516.581
516.781
516.982
517.182
517.382
517.583
517.783
517.983
518.184
518.384
518.584
518.785
518.985
519.186
519.386
519.586
519.787
519.987
520.187
520.388
520.588
520.788
520.989
521.189
521.389
521.59
521.79
521.99
522.191
522.391
522.591
522.792
522.992
523.192
523.393
523.593
523.793
523.994
524.194
524.394
524.595
524.795
524.995
525.196
525.396
525.597
525.797
525.997
526.198
526.398
526.598
526.799
526.999
527.199
527.402
527.602
527.803
528.003
528.203
528.404
528.604
528.804
529.005
529.205
529.405
529.606
529.806
530.006
530.207
530.407
530.607
530.808
531.008
531.208
531.409
531.609
531.809
532.01
532.21
532.41
532.611
532.811
533.011
533.212
533.412
533.612
533.813
534.013
534.214
534.414
534.614
534.815
535.015
535.215
535.416
535.616
535.816
536.017
536.217
536.417
536.618
536.818
537.018
537.219
537.419
537.62
537.82
538.02
538.221
538.421
538.621
538.822
539.022
539.222
539.423
539.629
539.829
540.03
540.23
540.43
540.631
540.831
541.032
541.232
541.432
541.633
541.833
542.033
542.234
542.434
542.634
542.835
543.035
543.235
543.436
543.636
543.836
544.037
544.237
544.437
544.638
544.838
545.038
545.239
545.439
545.639
545.84
546.04
546.24
546.441
546.641
546.841
547.042
547.242
547.442
547.643
547.843
548.043
548.244
548.444
548.645
548.845
549.045
549.246
549.446
549.646
549.847
550.047
550.247
550.448
550.648
550.848
551.049
551.249
551.449
551.65
551.85
552.05
552.251
552.451
552.651
552.852
553.052
553.252
553.453
553.653
553.854
554.054
554.254
554.455
554.655
554.855
555.056
555.256
555.456
555.657
555.857
556.057
556.258
556.458
556.659
556.859
557.059
557.26
557.46
557.66
557.861
558.061
558.261
558.462
558.662
558.862
559.063
559.263
559.463
559.664
559.864
560.064
560.265
560.465
560.665
560.866
561.066
561.266
561.467
561.667
561.867
562.068
562.268
562.468
562.669
562.869
563.07
563.27
563.47
563.671
563.871
564.071
564.272
564.472
564.672
564.873
565.073
565.273
565.474
565.674
565.874
566.075
566.275
566.475
566.676
566.876
567.076
567.277
567.477
567.677
567.878
568.078
568.278
568.479
568.679
568.88
569.08
569.28
569.481
569.681
569.881
570.082
570.282
570.482
570.683
570.883
571.083
571.284
571.484
571.684
571.885
572.085
572.285
572.486
572.686
572.886
573.087
573.287
573.488
573.688
573.888
574.089
574.289
574.489
574.69
574.89
575.09
575.291
575.491
575.691
575.892
576.092
576.292
576.493
576.693
576.894
577.094
577.294
577.495
577.695
577.895
578.096
578.296
578.496
578.697
578.897
579.097
579.298
579.498
579.698
579.899
580.099
580.299
580.5
580.7
580.901
581.101
581.301
581.502
581.702
581.902
582.103
582.303
582.503
582.704
582.904
583.104
583.305
583.505
583.705
583.906
584.106
584.306
584.507
584.707
584.907
585.108
585.308
585.508
585.709
585.909
586.109
586.31
586.51
586.71
586.911
587.111
587.311
587.512
587.712
587.912
588.113
588.313
588.513
588.714
588.914
589.114
589.315
589.515
589.715
589.916
590.116
590.316
590.517
590.717
590.917
591.118
591.318
591.518
591.719
591.919
592.119
592.32
592.52
592.72
592.921
593.121
593.321
593.522
593.722
593.923
594.123
594.323
594.524
594.724
594.924
595.125
595.325
595.525
595.726
595.926
596.126
596.327
596.527
596.727
596.928
597.128
597.328
597.529
597.729
597.929
598.13
598.33
598.531
598.731
598.931
599.132
599.332
599.532
599.733
599.933
600.133
600.334
600.534
600.734
600.935
601.135
601.335
601.536
601.736
601.937
602.137
602.337
602.538
602.738
602.938
603.139
603.339
603.539
603.74
603.94
604.14
604.341
604.541
604.741
604.942
605.142
605.342
605.543
605.743
605.943
606.144
606.344
606.544
606.745
606.945
607.145
607.346
607.546
607.746
607.947
608.147
608.347
608.548
608.748
608.948
609.149
609.349
609.55
609.75
609.95
610.151
610.351
610.551
610.752
610.952
611.152
611.353
611.553
611.753
611.954
612.154
612.354
612.555
612.755
612.955
613.156
613.356
613.556
613.757
613.957
614.157
614.358
614.558
614.758
614.959
615.159
615.36
615.56
615.76
615.961
616.161
616.361
616.562
616.762
616.962
617.163
617.363
617.563
617.764
617.964
618.164
618.365
618.565
618.765
618.966
619.166
619.366
619.567
619.767
619.967
620.168
620.368
620.569
620.769
620.969
621.17
621.37
621.57
621.771
621.971
622.171
622.372
622.572
622.772
622.973
623.173
623.373
623.574
623.774
623.974
624.175
624.375
624.576
624.776
624.976
625.177
625.377
625.577
625.778
625.978
626.178
626.379
626.579
626.779
626.98
627.18
627.38
627.581
627.781
627.981
628.182
628.382
628.582
628.783
628.983
629.183
629.384
629.584
629.784
629.985
630.185
630.386
630.586
630.786
630.987
631.187
631.387
631.588
631.788
631.988
632.189
632.389
632.589
632.79
632.99
633.19
633.391
633.591
633.791
633.992
634.192
634.393
634.593
634.793
634.994
635.194
635.394
635.595
635.795
635.995
636.196
636.396
636.596
636.797
636.997
637.197
637.398
637.598
637.798
637.999
638.199
638.4
638.6
638.8
639.001
639.201
639.401
639.602
639.802
640.002
640.203
640.403
640.603
640.804
641.004
641.204
641.405
641.605
641.805
642.006
642.206
642.406
642.607
642.807
643.008
643.208
643.408
643.609
643.809
644.009
644.21
644.41
644.61
644.811
645.011
645.211
645.412
645.612
645.812
646.013
646.213
646.413
646.614
646.814
647.014
647.215
647.415
647.615
647.816
648.016
648.216
648.417
648.617
648.817
649.018
649.218
649.418
649.619
649.819
650.019
650.22
650.42
650.62
650.821
651.021
651.221
651.422
651.622
651.823
652.023
652.223
652.424
652.624
652.824
653.025
653.225
653.425
653.626
653.826
654.026
654.227
654.427
654.627
654.828
655.028
655.228
655.429
655.629
655.829
656.03
656.23
656.43
656.631
656.831
657.031
657.232
657.432
657.632
657.833
658.033
658.233
658.434
658.634
658.834
659.035
659.235
659.435
659.636
659.836
660.036
660.237
660.437
660.637
660.838
661.038
661.238
661.439
661.639
661.839
662.04
662.24
662.44
662.641
662.841
663.041
663.242
663.442
663.642
663.843
664.043
664.243
664.444
664.644
664.844
665.045
665.245
665.445
665.646
665.846
666.046
666.247
666.447
666.647
666.847
667.048
667.248
667.448
667.648
667.849
668.049
668.249
668.449
668.65
668.85
669.05
669.25
669.451
669.651
669.851
670.051
670.252
670.452
670.652
670.853
