0.0282872
0.0545161
0.08571
0.111403
0.137044
0.162718
0.188397
0.214035
0.239683
0.26534
0.290913
0.316489
0.342103
0.367709
0.393317
0.418927
0.444542
0.470197
0.495806
0.521507
0.54716
0.572746
0.598328
0.623912
0.649503
0.675085
0.700728
0.726313
0.75192
0.777519
0.803151
0.828816
0.854418
0.880007
0.90564
0.931271
0.956883
0.982458
1.00814
1.03448
1.06009
1.0857
1.11138
1.13707
1.16272
1.18838
1.2141
1.23977
1.26544
1.29114
1.31686
1.34254
1.36824
1.39395
1.41963
1.44532
1.47105
1.49675
1.52244
1.54813
1.57382
1.59949
1.62525
1.65101
1.67674
1.70245
1.72814
1.75393
1.77957
1.8053
1.83102
1.85673
1.88246
1.90816
1.93386
1.95957
1.98531
2.011
2.03671
2.06238
2.08808
2.11375
2.13941
2.1651
2.1908
2.21645
2.24211
2.26779
2.29351
2.31921
2.34497
2.37069
2.39646
2.42221
2.44789
2.4736
2.49928
2.52498
2.55072
2.57643
2.60214
2.62783
2.65353
2.67926
2.70498
2.73071
2.75644
2.78215
2.80791
2.83374
2.85947
2.88523
2.91096
2.93666
2.96242
2.98818
3.01396
3.03969
3.0654
3.09115
3.11687
3.1426
3.16835
3.19409
3.21984
3.24558
3.27131
3.29699
3.32271
3.34846
3.37423
3.39995
3.42568
3.45137
3.47707
3.50282
3.52857
3.55425
3.57998
3.60572
3.63145
3.65712
3.68281
3.70854
3.73432
3.75999
3.78566
3.81142
3.83714
3.8629
3.88868
3.91441
3.94023
3.96597
3.99176
4.01755
4.04332
4.06915
4.09494
4.12064
4.14638
4.17211
4.1979
4.22363
4.24934
4.2751
4.30085
4.3266
4.35236
4.37809
4.4038
4.42955
4.45531
4.48104
4.5068
4.53253
4.55829
4.58402
4.60976
4.63552
4.66123
4.68693
4.71268
4.73843
4.7642
4.78998
4.81574
4.8415
4.86723
4.8929
4.91867
4.94448
4.97019
4.9959
5.02168
5.0474
5.07314
5.0989
5.12464
5.15039
5.17615
5.20247
5.22823
5.254
5.27983
5.30561
5.3314
5.35717
5.38296
5.40875
5.43451
5.46025
5.48599
5.51177
5.53755
5.56329
5.58904
5.61479
5.64051
5.66628
5.69197
5.71772
5.74345
5.76922
5.79498
5.82067
5.8464
5.87213
5.89786
5.92365
5.94942
5.97521
6.00093
6.02663
6.05235
6.0781
6.1038
6.12952
6.15522
6.18094
6.20664
6.23236
6.25817
6.28393
6.30973
6.33551
6.36127
6.38697
6.41266
6.43839
6.46416
6.48988
6.51559
6.54137
6.56709
6.59282
6.61858
6.64434
6.67008
6.69583
6.72161
6.74731
6.77309
6.79885
6.82467
6.8504
6.87618
6.90194
6.92765
6.9534
6.97915
7.00488
7.03061
7.05634
7.08214
7.10787
7.13359
7.15931
7.18507
7.21084
7.23665
7.26236
7.28818
7.3139
7.33962
7.36535
7.39111
7.41688
7.44259
7.46834
7.4941
7.51983
7.54561
7.57139
7.59721
7.62296
7.64872
7.67446
7.7002
7.72594
7.7517
7.77739
7.80304
7.82875
7.85448
7.88026
7.90604
7.93182
7.95761
7.98336
8.0091
8.03486
8.06055
8.08636
8.11219
8.13794
8.16368
8.18946
8.2152
8.24095
8.26668
8.29236
8.31815
8.34392
8.3697
8.39545
8.42117
8.44691
8.47263
8.49832
8.52403
8.54977
8.5755
8.60125
8.62697
8.65273
8.67848
8.70422
8.72993
8.75564
8.78138
8.80711
8.83283
8.85864
8.88446
8.91023
8.93597
8.96174
8.98751
9.01331
9.03907
9.06487
9.09062
9.11637
9.14213
9.1679
9.19363
9.21939
9.2452
9.27099
9.29676
9.32247
9.34831
9.37411
9.39986
9.42561
9.45139
9.47713
9.5029
9.52867
9.55445
9.58018
9.60607
9.63184
9.65768
9.68346
9.70923
9.73496
9.76077
9.78654
9.8123
9.83807
9.86381
9.88962
9.91538
9.94113
9.96687
9.99265
10.0185
10.0443
10.07
10.0957
10.1215
10.1472
10.1729
10.1987
10.2245
10.2503
10.276
10.3018
10.3276
10.3533
10.379
10.4048
10.4305
10.4564
10.4822
10.508
10.5338
10.5596
10.5853
10.6111
10.6368
10.6626
10.6883
10.714
10.7398
10.7655
10.7912
10.817
10.8427
10.8684
10.8941
10.9199
10.9456
10.9714
10.9971
11.0229
11.0486
11.0743
11.1001
11.1259
11.1516
11.1774
11.2031
11.2289
11.2547
11.2804
11.3061
11.3319
11.3577
11.3834
11.4092
11.4349
11.4607
11.4865
11.5122
11.538
11.5638
11.5895
11.6152
11.641
11.6667
11.6924
11.7182
11.7439
11.7696
11.7953
11.8211
11.8468
11.8726
11.8984
11.9241
11.9499
11.9756
12.0014
12.0272
12.0529
12.0787
12.1045
12.1303
12.1561
12.1818
12.2076
12.2334
12.2591
12.2848
12.3105
12.3362
12.3619
12.3876
12.4133
12.439
12.4649
12.4906
12.5164
12.5421
12.5678
12.5936
12.6194
12.6451
12.6708
12.6965
12.7222
12.748
12.7738
12.7996
12.8253
12.8512
12.8769
12.9026
12.9283
12.9541
12.9798
13.0055
13.0312
13.057
13.0827
13.1085
13.1343
13.1601
13.1858
13.2116
13.2373
13.263
13.2888
13.3146
13.3403
13.3661
13.3918
13.4176
13.4433
13.4691
13.4949
13.5207
13.5464
13.5722
13.598
13.6238
13.6496
13.6753
13.7011
13.7268
13.7526
13.7783
13.804
13.8298
13.8555
13.8813
13.907
13.9328
13.9587
13.9844
14.0102
14.036
14.0618
14.0876
14.1134
14.1392
14.1649
14.1907
14.2164
14.2422
14.2679
14.2937
14.3195
14.3453
14.3711
14.3968
14.4225
14.4483
14.4741
14.4998
14.5256
14.5513
14.5771
14.6029
14.6287
14.6545
14.6802
14.706
14.7317
14.7575
14.7833
14.809
14.8349
14.8607
14.8865
14.9122
14.9379
14.9637
14.9894
15.0152
15.0409
15.0666
15.0924
15.1181
15.1439
15.1697
15.1954
15.2212
15.2469
15.2727
15.2985
15.3243
15.3501
15.3759
15.4016
15.4274
15.4531
15.4789
15.5047
15.5304
15.5562
15.582
15.6077
15.6335
15.6592
15.6851
15.7108
15.7366
15.7623
15.788
15.8137
15.8395
15.8652
15.891
15.9167
15.9424
15.9682
15.994
16.0197
16.0454
16.0712
16.097
16.1227
16.1484
16.1742
16.2
16.2257
16.2514
16.2772
16.303
16.3287
16.3545
16.3803
16.406
16.4318
16.4575
16.4832
16.509
16.5348
16.5605
16.5863
16.6121
16.6378
16.6635
16.6893
16.715
16.7409
16.7667
16.7924
16.8182
16.844
16.8697
16.8955
16.9213
16.947
16.9729
16.9987
17.0244
17.0501
17.0758
17.1016
17.1273
17.153
17.1788
17.2045
17.2303
17.2561
17.2818
17.3076
17.3333
17.3591
17.3849
17.4106
17.4364
17.4621
17.4878
17.5136
17.5393
17.565
17.5908
17.6166
17.6423
17.6681
17.6938
17.7196
17.7454
17.7712
17.797
17.8228
17.8486
17.8744
17.9002
17.9259
17.9517
17.9774
18.0032
18.0289
18.0547
18.0804
18.1062
18.1319
18.1577
18.1834
18.2091
18.2349
18.2606
18.2864
18.3122
18.338
18.3638
18.3895
18.4152
18.4409
18.4667
18.4924
18.5181
18.5439
18.5696
18.5954
18.6211
18.6469
18.6727
18.6984
18.7242
18.7499
18.7756
18.8014
18.8271
18.8528
18.8786
18.9043
18.9301
18.9558
18.9815
19.0072
19.0329
19.0588
19.0845
19.1103
19.136
19.1617
19.1874
19.2132
19.239
19.2647
19.2904
19.3162
19.3419
19.3676
19.3933
19.4191
19.4448
19.4706
19.4964
19.5221
19.5479
19.5737
19.5995
19.6252
19.6509
19.6767
19.7024
19.7283
19.754
19.7797
19.8054
19.8311
19.8569
19.8826
19.9084
19.9341
19.9598
19.9856
20.0113
20.037
20.0628
20.0887
20.1145
20.1402
20.1661
20.1919
20.2176
20.2434
20.2691
20.2949
20.3207
20.3464
20.3722
20.398
20.4238
20.4496
20.4754
20.5011
20.5269
20.5527
20.5784
20.6042
20.63
20.6557
20.6815
20.7073
20.733
20.7587
20.7845
20.8102
20.8359
20.8617
20.8874
20.9132
20.939
20.9647
20.9904
21.0161
21.0419
21.0677
21.0934
21.1192
21.145
21.1708
21.1966
21.2223
21.2482
21.2739
21.2997
21.3255
21.3512
21.377
21.4028
21.4286
21.4543
21.4801
21.5059
21.5317
21.5575
21.5832
21.609
21.6348
21.6606
21.6863
21.7121
21.7378
21.7635
21.7893
21.8151
21.8409
21.8666
21.8924
21.9181
21.944
21.9697
21.9955
22.0213
22.0471
22.0729
22.0987
22.1246
22.1504
22.1762
22.202
22.2277
22.2535
22.2793
22.3051
22.3309
22.3566
22.3824
22.4082
22.434
22.4597
22.4854
22.5112
22.5369
22.5627
22.5885
22.6143
22.6401
22.6658
22.6916
22.7174
22.7432
22.769
22.7948
22.8205
22.8463
22.872
22.8978
22.9235
22.9493
22.975
23.0008
23.0266
23.0523
23.0782
23.1039
23.1297
23.1555
23.1812
23.207
23.2328
23.2585
23.2843
23.3101
23.3359
23.3617
23.3874
23.4132
23.4389
23.4646
23.4904
23.5162
23.5419
23.5676
23.5934
23.6192
23.6449
23.6706
23.6964
23.7221
23.7478
23.7735
23.7993
23.825
23.8507
23.8765
23.9022
23.928
23.9724
24.0138
24.0395
24.0652
24.0909
24.1166
24.1424
24.1681
24.1939
24.2196
24.2454
24.2712
24.2969
24.3226
24.3484
24.3741
24.3998
24.4256
24.4514
24.4772
24.5029
24.5286
24.5543
24.58
24.6057
24.6315
24.6572
24.6829
24.7087
24.7345
24.7602
24.786
24.8117
24.8374
24.8632
24.8889
24.9146
24.9403
24.966
24.9918
25.0175
25.0431
25.0689
25.0946
25.1204
25.146
25.1718
25.1975
25.2232
25.249
25.2747
25.3004
25.3261
25.3519
25.3776
25.4033
25.429
25.4548
25.4805
25.5062
25.532
25.5577
25.5835
25.6092
25.6349
25.6607
25.6865
25.7122
25.738
25.7637
25.7894
25.8151
25.8407
25.8664
25.8921
25.9179
25.9437
25.9694
25.9952
26.0209
26.0467
26.0724
26.0982
26.124
26.1498
26.1755
26.2013
26.227
26.2527
26.2784
26.3042
26.3299
26.3556
26.3813
26.4071
26.4328
26.4586
26.4844
26.5101
26.5359
26.5616
26.5874
26.6176
26.6433
26.6691
26.6949
26.7207
26.7464
26.7721
26.7979
26.8236
26.8494
26.8751
26.9008
26.9265
26.9523
26.978
27.0038
27.0296
27.0553
27.081
27.1067
27.1324
27.1581
27.1839
27.2096
27.2353
27.2611
27.2869
27.3126
27.3383
27.364
27.3898
27.4155
27.4413
27.467
27.4927
27.5185
27.5442
27.57
27.5957
27.6616
27.6874
27.7131
27.7388
27.7645
27.7902
27.8159
27.8416
27.8674
27.8932
27.9189
27.9446
27.9703
27.996
28.0218
28.0474
28.0732
28.0989
28.1247
28.1504
28.1761
28.2019
28.2277
28.2534
28.2792
28.3049
28.3306
28.3564
28.3821
28.4079
28.4337
28.4594
28.4851
28.5109
28.5366
28.5624
28.5882
28.6139
28.6396
28.6653
28.6911
28.7169
28.7426
28.7683
28.794
28.8198
28.8456
28.8713
28.8971
28.9228
28.9485
28.9742
29
29.0257
29.0514
29.0772
29.1029
29.1286
29.1543
29.1801
29.2058
29.2315
29.2573
29.2831
29.3089
29.3347
29.3605
29.3862
29.412
29.4378
29.4636
29.4893
29.515
29.5408
29.5665
29.5922
29.618
29.6438
29.6696
29.6953
29.721
29.7467
29.7725
29.7982
29.8239
29.8496
29.8753
29.901
29.9267
29.9525
29.9782
30.0039
30.0297
30.0554
30.0812
30.1069
30.1326
30.1583
30.184
30.2098
30.2355
30.2613
30.2871
30.3128
30.3385
30.3643
30.3901
30.4158
30.4415
30.4673
30.493
30.5188
30.5445
30.5702
30.596
30.6217
30.6475
30.6732
30.699
30.7247
30.7504
30.7762
30.8019
30.8276
30.8534
30.8791
30.9049
30.9306
30.9564
30.9821
31.0079
31.0336
31.0594
31.0851
31.1109
31.1366
31.1623
31.1882
31.214
31.2397
31.2655
31.2913
31.317
31.3428
31.3686
31.3944
31.4202
31.446
31.4717
31.4975
31.5232
31.549
31.5748
31.6006
31.6263
31.6521
31.6778
31.7036
31.7295
31.7551
31.7808
31.8065
31.8322
31.858
31.8838
31.9096
31.9353
31.9611
31.9868
32.0126
32.0383
32.0641
32.0899
32.1156
32.1414
32.1671
32.1929
32.2186
32.2443
32.2701
32.2958
32.3216
32.3473
32.373
32.3987
32.4245
32.4503
32.4761
32.5019
32.5276
32.5534
32.5791
32.6049
32.6306
32.6564
32.6822
32.7079
32.7337
32.7596
32.7853
32.8111
32.8369
32.8627
32.8884
32.9142
32.94
32.9657
32.9914
33.0172
33.043
33.0687
33.0945
33.1202
33.146
33.1717
33.1975
33.2232
33.249
33.2747
33.3005
33.3262
33.3519
33.3777
33.4034
33.4292
33.4549
33.4806
33.5064
33.5321
33.5579
33.5836
33.6093
33.6351
33.6609
33.6867
33.7124
33.7381
33.764
33.7897
33.8156
33.8413
33.8671
33.8929
33.9187
33.9444
33.9701
33.9959
34.0216
34.0474
34.0731
34.0989
34.1247
34.1504
34.1763
34.2021
34.2279
34.2536
34.2794
34.3052
34.331
34.3568
34.3825
34.4083
34.434
34.4598
34.4856
34.5114
34.5371
34.5628
34.5886
34.6143
34.6401
34.6658
34.6916
34.7173
34.743
34.7688
34.7945
34.8202
34.8461
34.8718
34.8976
34.9233
34.949
34.9748
35.0005
35.0262
35.052
35.0779
35.1036
35.1294
35.1552
35.1809
35.2066
35.2324
35.2583
35.284
35.3098
35.3356
35.3613
35.3871
35.4129
35.4387
35.4644
35.4901
35.5159
35.5417
35.5675
35.5933
35.6192
35.645
35.6707
35.6964
35.7222
35.748
35.7737
35.7994
35.8252
35.851
35.8768
35.9026
35.9284
35.9542
35.9799
36.0057
36.0315
36.0573
36.083
36.1088
36.1346
36.1604
36.1862
36.212
36.2378
36.2637
36.2895
36.3153
36.3411
36.3669
36.3926
36.4185
36.4443
36.47
36.4959
36.5217
36.5475
36.5732
36.5989
36.6247
36.6504
36.6762
36.7021
36.7279
36.7537
36.7795
36.8054
36.8311
36.8569
36.8827
36.9085
36.9342
36.96
36.9858
37.0115
37.0373
37.063
37.0888
37.1145
37.1403
37.1661
37.1919
37.2177
37.2435
37.2693
37.2951
37.3209
37.3467
37.3725
37.3982
37.424
37.4498
37.4756
37.5015
37.5272
37.553
37.5788
37.6045
37.6303
37.6561
37.6818
37.7076
37.7333
37.7591
37.7849
37.8106
37.8364
37.8621
37.8879
37.9137
37.9395
37.9653
37.991
38.0169
38.0426
38.0684
38.0942
38.12
38.1458
38.1716
38.1974
38.2232
38.2489
38.2747
38.3005
38.3263
38.3521
38.3779
38.4037
38.4296
38.4554
38.4811
38.5069
38.5327
38.5584
38.5842
38.61
38.6358
38.6616
38.6873
38.7131
38.7388
38.7645
38.7903
38.816
38.8418
38.8676
38.8935
38.9192
38.9451
38.9708
38.9965
39.0223
39.0481
39.0739
39.0996
39.1254
39.1512
39.177
39.2028
39.2286
39.2544
39.2801
39.3059
39.3316
39.3574
39.3832
39.409
39.4348
39.4606
39.4863
39.5121
39.5379
39.5636
39.5894
39.6152
39.6409
39.6667
39.6937
39.7195
39.7453
39.771
39.7967
39.8224
39.8481
39.8739
39.8997
39.9255
39.9513
39.9771
40.0028
40.0285
40.0543
40.0801
40.106
40.1317
40.1574
40.1831
40.2089
40.2346
40.2616
40.2874
40.3131
40.3389
40.3647
40.3905
40.4163
40.4421
40.4678
40.4936
40.5193
40.545
40.5894
40.6152
40.6409
40.6667
40.6925
40.7183
40.7441
40.7698
40.7956
40.8213
40.847
40.8729
40.8986
40.9244
40.9501
40.9759
41.0017
41.0275
41.0532
41.079
41.1047
41.1305
41.1563
41.1821
41.2078
41.2337
41.2594
41.2852
41.311
41.3367
41.3625
41.3883
41.4142
41.4399
41.4657
41.4916
41.5173
41.543
41.5687
41.5945
41.6203
41.6461
41.6718
41.6976
41.7235
41.7492
41.775
41.8007
41.8265
41.8523
41.878
41.9038
41.9295
41.9553
41.981
42.0067
42.0325
42.0582
42.084
42.1098
42.1356
42.1613
42.187
42.2128
42.2386
42.2644
42.2901
42.3159
42.3417
42.3674
42.3977
42.4234
42.4492
42.475
42.5007
42.5265
42.5523
42.578
42.6038
42.6295
42.6553
42.6811
42.7069
42.7328
42.7586
42.7844
42.8101
42.8359
42.8618
42.8876
42.9133
42.9391
42.9648
42.9906
43.0163
43.0421
43.0678
43.0936
43.1193
43.1451
43.1709
43.1966
43.2223
43.2481
43.2739
43.2996
43.3254
43.3512
43.3769
43.4027
43.4285
43.4542
43.48
43.5057
43.5315
43.5573
43.583
43.6088
43.6347
43.6604
43.6862
43.712
43.7377
43.7635
43.7893
43.815
43.8407
43.8665
43.8923
43.918
43.9438
43.9695
43.9953
44.021
44.0467
44.0725
44.0983
44.1241
44.1499
44.1757
44.2015
44.2273
44.2531
44.2789
44.3047
44.3304
44.3562
44.382
44.4078
44.4336
44.4593
44.4854
44.5112
44.537
44.5627
44.5884
44.6142
44.64
44.6658
44.6915
44.7173
44.7431
44.7688
44.7946
44.8203
44.8461
44.8718
44.8975
44.9233
44.949
44.9747
45.0005
45.0262
45.052
45.0777
45.1034
45.1292
45.155
45.1807
45.2065
45.2322
45.258
45.2837
45.3095
45.3352
45.361
45.3868
45.4125
45.4383
45.4641
45.4899
45.5156
45.5414
45.5672
45.593
45.6188
45.6446
45.6704
45.6961
45.7219
45.7477
45.7734
45.7992
45.825
45.8507
45.8765
45.9023
45.9281
45.9539
45.9797
46.0054
46.0312
46.057
46.0828
46.1086
46.1344
46.1601
46.1859
46.2116
46.2374
46.2632
46.2891
46.3149
46.3406
46.3664
46.3921
46.4179
46.4436
46.4693
46.4951
46.5208
46.5465
46.5723
46.598
46.6238
46.6495
46.6753
46.701
46.7268
46.7526
46.7784
46.8042
46.83
46.8558
46.8815
46.9073
46.9331
46.9589
46.9846
47.0104
47.0362
47.062
47.0879
47.1136
47.1394
47.1651
47.1909
47.2166
47.2424
47.2682
47.3379
47.3637
47.3895
47.4152
47.4409
47.4667
47.4924
47.5182
47.544
47.5698
47.5956
47.6214
47.6471
47.6729
47.6987
47.7244
47.7501
47.7758
47.8016
47.8273
47.8531
47.8788
47.9046
47.9304
47.9561
47.9819
48.0076
48.0334
48.0591
48.085
48.1108
48.1366
48.1624
48.1882
48.2139
48.2398
48.2655
48.2913
48.317
48.3428
48.3686
48.3943
48.4201
48.446
48.4719
48.4976
48.5233
48.5491
48.5749
48.6007
48.6264
48.6522
48.678
48.7038
48.7296
48.7554
48.7812
48.807
48.8327
48.8585
48.8843
48.9101
48.9358
48.9616
48.9875
49.0132
49.039
49.0648
49.0906
49.1164
49.1421
49.1679
49.1937
49.2194
49.2452
49.2709
49.2967
49.3225
49.3482
49.374
49.3998
49.4255
49.4512
49.477
49.5027
49.5285
49.5542
49.5799
49.6056
49.6314
49.6572
49.683
49.7087
49.7345
49.7602
49.786
49.8119
49.8377
49.8635
49.8893
49.915
49.9408
49.9666
49.9924
50.0181
50.044
50.0697
50.0955
50.1212
50.1469
50.1727
50.1984
50.2242
50.25
50.2758
50.3016
50.3273
50.3531
50.3788
50.4046
50.4304
50.4561
50.4819
50.5077
50.5335
50.5593
50.585
50.6108
50.6365
50.6623
50.6881
50.7139
50.7397
50.7655
50.7912
50.817
50.8427
50.8685
50.8943
50.92
50.9458
50.9716
50.9974
51.0233
51.0491
51.0749
51.1007
51.1264
51.1522
51.1779
51.2037
51.2295
51.2552
51.281
51.3067
51.3325
51.3583
51.384
51.4098
51.4356
51.4613
51.4871
51.5128
51.5386
51.5644
51.5901
51.6158
51.6416
51.6673
51.6931
51.7188
51.7494
51.7751
51.8008
51.8265
51.8522
51.878
51.9037
51.9295
51.9552
51.981
52.0067
52.0325
52.0582
52.084
52.1098
52.1355
52.1613
52.187
52.2128
52.2385
52.2642
52.29
52.3158
52.3416
52.3674
52.3931
52.4188
52.4445
52.4703
52.496
52.5218
52.5475
52.5733
52.599
52.6247
52.6505
52.6762
52.7019
52.7277
52.7535
52.7793
52.805
52.8308
52.8565
52.8823
52.9081
52.9338
52.9596
52.9854
53.0112
53.0369
53.0627
53.0884
53.1142
53.14
53.1657
53.1915
53.2173
53.2431
53.2689
53.2946
53.3204
53.3462
53.3719
53.3977
53.4235
53.4493
53.475
53.5008
53.5265
53.5522
53.578
53.6039
53.6297
53.6554
53.6812
53.707
53.7327
53.7584
53.7841
53.8099
53.8356
53.8613
53.8871
53.9129
53.9386
53.9644
53.9903
54.0161
54.0418
54.0676
54.0933
54.1191
54.1448
54.1706
54.1963
54.2221
54.2478
54.2736
54.2994
54.3252
54.351
54.3768
54.4025
54.4283
54.4541
54.4799
54.5057
54.5315
54.5572
54.583
54.6088
54.6346
54.6604
54.6862
54.7119
54.7377
54.7634
54.7893
54.815
54.8408
54.8665
54.8923
54.918
54.9438
54.9695
54.9953
55.021
55.0467
55.0725
55.0982
55.1239
55.1497
55.1754
55.2012
55.227
55.2528
55.2786
55.3044
55.3301
55.3559
55.3817
55.4075
55.4333
55.459
55.4849
55.5106
55.5365
55.5623
55.588
55.6137
55.6395
55.6653
55.691
55.7168
55.7426
55.7683
55.7941
55.8198
55.8456
55.8713
55.8971
55.9228
55.9485
55.9742
56
56.0257
56.0514
56.0773
56.1031
56.1289
56.1547
56.1804
56.2061
56.2319
56.2577
56.2835
56.3093
56.3351
56.3608
56.3866
56.4123
56.4381
56.4638
56.4897
56.5154
56.5411
56.5669
56.5927
56.6184
56.6441
56.6698
56.6956
56.7214
56.7474
56.7732
56.799
56.8247
56.8505
56.8763
56.9021
56.9279
56.9537
56.9795
57.0053
57.031
57.0568
57.0826
57.1084
57.1341
57.1598
57.1856
57.2113
57.2371
57.263
57.2889
57.3146
57.3404
57.3661
57.3919
57.4176
57.4434
57.4693
57.4951
57.5208
57.5466
57.5724
57.5981
57.6239
57.6498
57.6757
57.7015
57.7272
57.753
57.7787
57.8045
57.8302
57.856
57.8818
57.9076
57.9333
57.959
57.9848
58.0105
58.0363
58.062
58.0878
58.1135
58.1393
58.165
58.1908
58.2166
58.2423
58.2681
58.2938
58.3196
58.3454
58.3711
58.3969
58.4226
58.4484
58.4742
58.5
58.5258
58.5516
58.5774
58.6031
58.6289
58.6547
58.6805
58.7063
58.732
58.7578
58.7836
58.8094
58.8352
58.8609
58.8868
58.9126
58.9383
58.9641
58.9899
59.0158
59.0416
59.0674
59.0931
59.1189
59.1447
59.1704
59.1962
59.222
59.2478
59.2736
59.2993
59.3251
59.3508
59.3766
59.4025
59.4283
59.4617
59.4874
59.5132
59.539
59.5648
59.5905
59.6163
59.6421
59.6679
59.6936
59.7194
59.7451
59.7709
59.7967
59.8224
59.8482
59.874
59.8998
59.9256
59.9514
59.9773
60.003
60.0288
60.0545
60.0803
60.1061
60.1319
60.1577
60.1834
60.2092
60.2349
60.2606
60.2864
60.3121
60.3379
60.3637
60.3894
60.4152
60.441
60.4667
60.4925
60.5183
60.5441
60.5699
60.5956
60.6214
60.6471
60.6729
60.6987
60.7245
60.7502
60.7759
60.8017
60.8275
60.8533
60.8791
60.9049
60.9307
60.9565
60.9823
61.008
61.0338
61.0596
61.0854
61.1111
61.1369
61.1626
61.1884
61.2141
61.2399
61.2656
61.2914
61.3171
61.3428
61.3687
61.3945
61.4202
61.446
61.4718
61.4976
61.5233
61.5491
61.5748
61.6007
61.6264
61.6522
61.6779
61.7038
61.7296
61.7553
61.7811
61.8069
61.8326
61.8584
61.8842
61.91
61.9358
61.9616
61.9873
62.0131
62.0389
62.0647
62.0904
62.1162
62.1419
62.1677
62.1935
62.2192
62.2449
62.2707
62.2964
62.3222
62.3479
62.3737
62.3994
62.4251
62.4509
62.4766
62.5024
62.5282
62.5539
62.5797
62.6054
62.6311
62.6569
62.6826
62.7084
62.7341
62.7599
62.7856
62.8114
62.8371
62.8629
62.8924
62.9181
62.9439
62.9696
62.9954
63.0212
63.047
63.0728
63.0985
63.1243
63.1501
63.1758
63.2016
63.2274
63.2533
63.279
63.3048
63.3306
63.3564
63.3821
63.4079
63.4337
63.4594
63.4852
63.511
63.5368
63.5627
63.5885
63.6142
63.6399
63.6657
63.6915
63.7172
63.743
63.7688
63.7945
63.8202
63.8459
63.8716
63.8974
63.9232
63.9489
63.9747
64.0005
64.0263
64.052
64.0778
64.1036
64.1294
64.1552
64.1809
64.2067
64.2325
64.2583
64.2841
64.31
64.3358
64.3616
64.3874
64.4131
64.4389
64.4646
64.4903
64.5161
64.5417
64.5675
64.5932
64.619
64.6447
64.6705
64.6963
64.7221
64.7478
64.7736
64.7993
64.8251
64.8509
64.8766
64.9024
64.9281
64.9539
64.9797
65.0054
65.0312
65.057
65.0828
65.1085
65.1343
65.1601
65.1859
65.2117
65.2375
65.2633
65.2891
65.315
65.3408
65.3666
65.3924
65.4182
65.444
65.4697
65.4956
65.5213
65.5471
65.5729
65.5987
65.6245
65.6503
65.6761
65.702
65.7277
65.7535
65.7793
65.8051
65.8309
65.8566
65.8823
65.9081
65.934
65.9598
65.9856
66.0114
66.0372
66.063
66.0888
66.1146
66.1403
66.166
66.1918
66.2176
66.2433
66.2691
66.2949
66.3207
66.3465
66.3723
66.3981
66.4239
66.4497
66.4755
66.5012
66.527
66.5529
66.5786
66.6044
66.6301
66.6559
66.6817
66.7075
66.7332
66.759
66.7847
66.8106
66.8364
66.8621
66.8879
66.9137
66.9395
66.9653
66.991
67.0167
67.0425
67.0683
67.094
67.1198
67.1456
67.1714
67.1972
67.2231
67.2489
67.2746
67.3004
67.3262
67.3519
67.3777
67.4035
67.4293
67.4551
67.4808
67.5066
67.5324
67.5582
67.584
67.6097
67.6355
67.6613
67.6871
67.7129
67.7386
67.7644
67.7901
67.8158
67.8416
67.8674
67.8932
67.919
67.9449
67.9707
67.9964
68.0222
68.048
68.0739
68.0996
68.1254
68.1512
68.177
68.2028
68.2286
68.2544
68.2801
68.3059
68.3317
68.3574
68.3832
68.409
68.4348
68.4605
68.4863
68.5121
68.5378
68.5636
68.5894
68.6152
68.641
68.6669
68.6927
68.7185
68.7442
68.7701
68.7959
68.8217
68.8474
68.8732
68.8989
68.9247
68.9505
68.9763
69.0022
69.0279
69.0537
69.0795
69.1052
69.1311
69.1569
69.1826
69.2084
69.2342
69.26
69.2858
69.3115
69.3374
69.3631
69.3889
69.4146
69.4404
69.4661
69.4919
69.5179
69.5437
69.5695
69.5953
69.6211
69.6468
69.6727
69.6984
69.7242
69.75
69.7758
69.8016
69.8275
69.8533
69.8791
69.9049
69.9307
69.9565
69.9823
70.0082
70.034
70.0598
70.0856
70.1114
70.1372
70.163
70.1887
70.2145
70.2403
70.2819
70.3077
70.3335
70.3593
70.3851
70.4109
70.4366
70.4624
70.4882
70.514
70.5397
70.5655
70.5913
70.617
70.6428
70.6686
70.6944
70.7202
70.7459
70.7717
70.7974
70.8232
70.8491
70.8749
70.9007
70.9264
70.9522
70.978
71.0038
71.0295
71.0552
71.0811
71.1068
71.1327
71.1584
71.1842
71.21
71.2357
71.2615
71.2873
71.313
71.3388
71.3646
71.3903
71.4161
71.4419
71.4677
71.4934
71.5192
71.5451
71.5708
71.5966
71.6224
71.6482
71.6739
71.6997
71.7255
71.7512
71.7769
71.8027
71.8284
71.8541
71.8799
71.9057
71.9315
71.9572
71.983
72.0087
72.0345
72.0603
72.0861
72.1119
72.1377
72.1635
72.1892
72.215
72.2408
72.2665
72.2923
72.3181
72.3439
72.3697
72.3955
72.4213
72.447
72.4727
72.4985
72.5243
72.5501
72.5759
72.6017
72.6275
72.6533
72.6791
72.7048
72.7306
72.7564
72.7821
72.8079
72.8336
72.8594
72.8851
72.9109
72.9367
72.9625
72.9883
73.014
73.0398
73.0656
73.0913
73.1171
73.1428
73.1685
73.1943
73.22
73.2458
73.2715
73.2973
73.323
73.3488
73.3746
73.4003
73.4261
73.452
73.4778
73.5036
73.5294
73.5552
73.5809
73.6067
73.6326
73.6583
73.6841
73.7099
73.7357
73.7615
73.7872
73.813
73.8387
73.8645
73.8903
73.916
73.9418
73.9676
73.9935
74.0192
74.045
74.0707
74.0965
74.1257
74.1515
74.1773
74.203
74.2287
74.2545
74.2803
74.3061
74.3318
74.3576
74.3834
74.4091
74.4349
74.4607
74.4865
74.5123
74.538
74.5638
74.5895
74.6152
74.641
74.6667
74.6924
74.7182
74.7439
74.7697
74.7955
74.8213
74.8471
74.8728
74.8985
74.9243
74.95
74.9758
75.0016
75.0273
75.053
75.0788
75.1045
75.1303
75.1561
75.1819
75.2077
75.2334
75.2591
75.2849
75.3106
75.3364
75.3621
75.3879
75.4137
75.4395
75.4652
75.4911
75.5169
75.5427
75.5684
75.5942
75.62
75.6458
75.6715
75.6973
75.7231
75.7488
75.7745
75.8003
75.8261
75.8518
75.8775
75.9033
75.9291
75.9548
75.9806
76.0064
76.0321
76.0579
76.0836
76.1093
76.1351
76.1608
76.1866
76.2125
76.2383
76.264
76.2897
76.3155
76.3412
76.367
76.3928
76.4186
76.4444
76.4701
76.4959
76.5217
76.5476
76.5734
76.5991
76.6249
76.6507
76.6765
76.7023
76.7281
76.7539
76.7797
76.8054
76.8312
76.857
76.8827
76.9084
76.9342
76.96
76.9858
77.0116
77.0373
77.0631
77.0889
77.1146
77.1404
77.1662
77.1919
77.2178
77.2436
77.2694
77.2953
77.3211
77.3469
77.3727
77.3985
77.4243
77.4501
77.4758
77.5016
77.5274
77.5532
77.5789
77.6047
77.6305
77.6563
77.6821
77.7079
77.7337
77.7594
77.7853
77.811
77.8368
77.8627
77.8885
77.9143
77.9401
77.9659
77.9916
78.0174
78.0432
78.0689
78.0947
78.1204
78.1462
78.172
78.1978
78.2235
78.2494
78.2751
78.3009
78.3267
78.3524
78.3782
78.404
78.4298
78.4556
78.4813
78.5071
78.5329
78.5586
78.5844
78.6102
78.6361
78.6619
78.6876
78.7134
78.7392
78.765
78.7907
78.8165
78.8423
78.8681
78.894
78.9198
78.9457
78.9715
78.9974
79.0231
79.0489
79.0747
79.1005
79.1263
79.152
79.1778
79.2035
79.2293
79.2551
79.2808
79.3066
79.3324
79.3582
79.3839
79.4097
79.4355
79.4613
79.4871
79.513
79.5387
79.5645
79.5902
79.6159
79.6417
79.6674
79.6932
79.7189
79.7447
79.7704
79.7962
79.8219
79.8477
79.8734
79.8992
79.925
79.9508
79.9765
80.0023
80.0281
80.0539
80.0797
80.1055
80.1313
80.1571
80.1828
80.2086
80.2344
80.2601
80.2858
80.3115
80.3373
80.363
80.3888
80.4147
80.4404
80.4661
80.4919
80.5176
80.5434
80.5692
80.5949
80.6207
80.6465
80.6722
80.698
80.7239
80.7498
80.7756
80.8014
80.8272
80.8529
80.8787
80.9045
80.9302
80.956
80.9818
81.0075
81.0333
81.0591
81.0849
81.1107
81.1365
81.1623
81.1882
81.214
81.2398
81.2656
81.2914
81.3172
81.343
81.3688
81.3946
81.4204
81.4462
81.472
81.4978
81.5236
81.5494
81.5753
81.6012
81.6269
81.6527
81.6784
81.7041
81.7298
81.7556
81.7813
81.807
81.8328
81.8585
81.8842
81.91
81.9357
81.9615
81.9924
82.0218
82.0475
82.0733
82.0991
82.1248
82.1506
82.1764
82.2022
82.228
82.2537
82.2795
82.3053
82.331
82.3568
82.3826
82.4084
82.4341
82.4599
82.4856
82.5115
82.5373
82.5631
82.5889
82.6147
82.6404
82.6662
82.692
82.7178
82.7436
82.7693
82.7951
82.8209
82.8467
82.8726
82.8984
82.9242
82.95
82.9758
83.0017
83.0275
83.0532
83.079
83.1047
83.1305
83.1563
83.1821
83.2078
83.2336
83.2594
83.2852
83.311
83.3368
83.3626
83.3884
83.4142
83.44
83.4657
83.4915
83.5173
83.5431
83.5688
83.5946
83.6204
83.6461
83.6719
83.6977
83.7234
83.7492
83.7749
83.8006
83.8264
83.8522
83.8779
83.9037
83.9295
83.9553
83.9811
84.0068
84.0325
84.0583
84.0841
84.1098
84.1356
84.1613
84.1872
84.2129
84.2388
84.2646
84.2903
84.3161
84.3419
84.3677
84.3935
84.4193
84.4451
84.4709
84.4966
84.5225
84.5483
84.5741
84.5999
84.6257
84.6516
84.6774
84.7032
84.7289
84.7547
84.7805
84.8063
84.8321
84.8578
84.8836
84.9093
84.935
84.9607
84.9864
85.0121
85.0379
85.0636
85.0893
85.115
85.1407
85.1665
85.1923
85.218
85.2437
85.2695
85.2954
85.3211
85.347
85.3727
85.3985
85.4243
85.4501
85.4759
85.5017
85.5275
85.5532
85.579
85.6048
85.6305
85.6563
85.6821
85.7079
85.7336
85.7593
85.785
85.8107
85.8364
85.8622
85.8879
85.9136
85.9394
85.9651
85.9909
86.0166
86.0424
86.0681
86.0939
86.1196
86.1453
86.1711
86.1968
86.2226
86.2483
86.2741
86.2998
86.3256
86.3514
86.3772
86.403
86.4287
86.4545
86.4803
86.506
86.5318
86.5576
86.5834
86.6091
86.6349
86.6607
86.6864
86.7123
86.7381
86.7638
86.7895
86.8152
86.841
86.8668
86.8926
86.9184
86.9442
86.97
86.9957
87.0215
87.0472
87.073
87.0988
87.1246
87.1503
87.1761
87.2019
87.2276
87.2535
87.2793
87.305
87.3308
87.3566
87.3823
87.4081
87.4339
87.4597
87.4855
87.5113
87.5371
87.5628
87.5886
87.6144
87.6401
87.6659
87.6916
87.7174
87.7431
87.7689
87.7946
87.8204
87.8461
87.8719
87.8977
87.9235
87.9493
87.9751
88.0009
88.0267
88.0525
88.0783
88.1041
88.1299
88.1556
88.1813
88.2071
88.2328
88.2586
88.2843
88.3101
88.3359
88.3616
88.3874
88.4132
88.439
88.4648
88.4906
88.5163
88.5421
88.5678
88.5936
88.6195
88.6453
88.6711
88.6969
88.7226
88.7484
88.7743
88.8001
88.8259
88.8517
88.8775
88.9032
88.929
88.9547
88.9805
89.0063
89.0321
89.0578
89.0836
89.1095
89.1352
89.161
89.1868
89.2126
89.2384
89.2642
89.29
89.3158
89.3415
89.3672
89.393
89.4187
89.4446
89.4703
89.4961
89.5219
89.5476
89.5734
89.5991
89.6249
89.6506
89.6764
89.7022
89.728
89.7537
89.7795
89.8052
89.831
89.8568
89.8825
89.9083
89.9341
89.9598
89.9856
90.0114
90.0371
90.0629
90.0887
90.1145
90.1403
90.1661
90.1919
90.2177
90.2434
90.2692
90.2949
90.3207
90.3464
90.3722
90.398
90.4237
90.4495
90.4753
90.501
90.5268
90.5526
90.5783
90.604
90.6298
90.6556
90.6814
90.7071
90.7329
90.7587
90.7844
90.8102
90.8359
90.8617
90.8874
90.9132
90.9389
90.9647
90.9905
91.0162
91.042
91.0677
91.0936
91.1194
91.1451
91.1709
91.1966
91.2224
91.2481
91.274
91.2997
91.3255
91.3513
91.3771
91.4029
91.4287
91.4544
91.4801
91.5059
91.5317
91.5574
91.5832
91.609
91.6347
91.6604
91.6862
91.712
91.7379
91.7637
91.7894
91.8151
91.8409
91.8667
91.8924
91.9181
91.9439
91.9697
91.9955
92.0213
92.0471
92.0729
92.0987
92.1245
92.1503
92.1761
92.2018
92.2276
92.2534
92.2791
92.3049
92.3307
92.3565
92.3822
92.408
92.4338
92.4596
92.4853
92.5111
92.5369
92.5626
92.5884
92.6141
92.64
92.6657
92.6916
92.7173
92.7431
92.7689
92.7946
92.8204
92.8462
92.8719
92.8977
92.9235
92.9493
92.975
93.0008
93.0266
93.0523
93.0781
93.1038
93.1296
93.1554
93.1812
93.207
93.2328
93.2585
93.2843
93.3101
93.336
93.3617
93.3875
93.4133
93.439
93.4647
93.4905
93.5163
93.5421
93.5679
93.5936
93.6194
93.6452
93.671
93.6967
93.7224
93.7482
93.774
93.7998
93.8255
93.8513
93.877
93.9028
93.9285
93.9542
93.9799
94.0057
94.0315
94.0572
94.083
94.1088
94.1345
94.1603
94.186
94.2118
94.2376
94.2633
94.2891
94.3148
94.3406
94.3664
94.3921
94.4179
94.4436
94.4693
94.4951
94.5208
94.5465
94.5723
94.598
94.6237
94.6495
94.6752
94.7009
94.7267
94.7524
94.7782
94.8039
94.8297
94.8554
94.8811
94.9069
94.9326
94.9584
94.9842
95.0099
95.0356
95.0614
95.0871
95.1129
95.1386
95.1643
95.19
95.2158
95.2415
95.2673
95.293
95.3188
95.3445
95.3702
95.3959
95.4217
95.4474
95.4732
95.4991
95.5248
95.5505
95.5763
95.602
95.6278
95.6535
95.6792
95.705
95.7308
95.7566
95.7822
95.808
95.8376
95.8634
95.8891
95.9149
95.9406
95.9663
95.992
96.0178
96.0436
96.0694
96.0951
96.1208
96.1466
96.1724
96.1981
96.2239
96.2497
96.2754
96.3012
96.3269
96.3526
96.3784
96.4041
96.4298
96.4555
96.4813
96.507
96.5327
96.5585
96.5842
96.61
96.6357
96.6615
96.6872
96.713
96.7387
96.7644
96.7901
96.8158
96.8416
96.8673
96.8931
96.9188
96.9445
96.9703
96.9961
97.0219
97.0477
97.0734
97.0992
97.125
97.1508
97.1766
97.2024
97.2281
97.2538
97.2796
97.3054
97.3311
97.3569
97.3826
97.4084
97.4342
97.46
97.4858
97.5116
97.5373
97.5631
97.5889
97.6146
97.6403
97.6661
97.6917
97.7175
97.7433
97.769
97.7948
97.8205
97.8463
97.872
97.8978
97.9236
97.9493
97.975
98.0007
98.0265
98.0523
98.078
98.1038
98.1295
98.1552
98.181
98.2068
98.2325
98.2583
98.284
98.3098
98.3355
98.3612
98.387
98.4128
98.4386
98.4643
98.49
98.5158
98.5416
98.5674
98.5932
98.6189
98.6448
98.6706
98.6963
98.7221
98.7478
98.7736
98.7993
98.8251
98.8508
98.8765
98.9022
98.928
98.9538
98.9795
99.0052
99.0309
99.0567
99.0824
99.1081
99.1339
99.1596
99.1854
99.2111
99.2368
99.2625
99.2884
99.3142
99.3399
99.3657
99.3914
99.4172
99.4429
99.4687
99.4944
99.5201
99.5459
99.5716
99.5974
99.6232
99.649
99.6747
99.7005
99.7262
99.752
99.7777
99.8034
99.8291
99.8548
99.8806
99.9063
99.9322
99.9581
99.9838
100.01
100.035
100.061
100.087
100.113
100.138
100.164
100.19
100.216
100.241
100.267
100.293
100.319
100.344
100.37
100.396
100.422
100.447
100.473
100.499
100.525
100.55
100.576
100.602
100.627
100.653
100.679
100.705
100.73
100.756
100.782
100.808
100.833
100.859
100.885
100.911
100.936
100.962
100.988
101.014
101.039
101.065
101.091
101.117
101.142
101.168
101.194
101.22
101.245
101.271
101.297
101.322
101.348
101.374
101.4
101.426
101.451
101.477
101.503
101.528
101.554
101.58
101.606
101.632
101.678
101.704
101.729
101.755
101.781
101.807
101.832
101.858
101.884
101.91
101.935
101.961
101.987
102.013
102.038
102.064
102.09
102.116
102.141
102.167
102.193
102.219
102.244
102.27
102.296
102.322
102.347
102.373
102.399
102.425
102.45
102.476
102.502
102.528
102.553
102.579
102.605
102.631
102.656
102.682
102.708
102.734
102.759
102.785
102.811
102.837
102.863
102.888
102.914
102.94
102.966
102.991
103.017
103.043
103.069
103.094
103.12
103.146
103.172
103.197
103.228
103.254
103.28
103.306
103.331
103.357
103.383
103.408
103.434
103.46
103.486
103.511
103.537
103.563
103.589
103.615
103.64
103.666
103.692
103.718
103.743
103.769
103.795
103.821
103.846
103.872
103.898
103.924
103.95
103.975
104.001
104.027
104.053
104.079
104.104
104.13
104.156
104.182
104.207
104.233
104.259
104.285
104.31
104.336
104.362
104.388
104.413
104.439
104.465
104.491
104.516
104.542
104.568
104.594
104.619
104.645
104.671
104.697
104.722
104.748
104.774
104.8
104.825
104.851
104.877
104.903
104.928
104.954
104.98
105.006
105.031
105.057
105.083
105.109
105.134
105.16
105.186
105.212
105.237
105.263
105.289
105.315
105.34
105.366
105.392
105.418
105.443
105.469
105.495
105.521
105.546
105.572
105.598
105.624
105.649
105.675
105.701
105.727
105.752
105.778
105.804
105.83
105.855
105.881
105.907
105.933
105.958
105.984
106.01
106.036
106.062
106.087
106.113
106.139
106.165
106.19
106.216
106.242
106.268
106.294
106.319
106.345
106.371
106.397
106.422
106.448
106.474
106.5
106.525
106.551
106.577
106.603
106.629
106.654
106.68
106.706
106.732
106.758
106.783
106.809
106.835
106.861
106.887
106.912
106.938
106.964
106.99
107.015
107.041
107.067
107.093
107.119
107.144
107.17
107.196
107.222
107.248
107.273
107.299
107.325
107.351
107.376
107.402
107.428
107.454
107.48
107.505
107.531
107.557
107.583
107.608
107.634
107.66
107.686
107.711
107.737
107.763
107.789
107.814
107.84
107.866
107.892
107.917
107.943
107.969
107.995
108.021
108.046
108.072
108.098
108.124
108.149
108.175
108.201
108.227
108.253
108.278
108.304
108.33
108.356
108.382
108.407
108.433
108.459
108.485
108.51
108.536
108.562
108.588
108.614
108.639
108.665
108.691
108.717
108.742
108.768
108.794
108.82
108.846
108.871
108.897
108.923
108.949
108.974
109
109.026
109.052
109.077
109.103
109.129
109.155
109.18
109.206
109.232
109.258
109.283
109.309
109.335
109.361
109.386
109.412
109.438
109.464
109.49
109.515
109.541
109.567
109.593
109.618
109.644
109.67
109.696
109.721
109.747
109.773
109.798
109.824
109.85
109.876
109.901
109.927
109.953
109.979
110.005
110.03
110.056
110.082
110.108
110.134
110.159
110.185
110.211
110.237
110.262
110.288
110.314
110.34
110.366
110.391
110.417
110.443
110.469
110.494
110.52
110.546
110.572
110.598
110.623
110.649
110.675
110.701
110.726
110.752
110.778
110.804
110.829
110.855
110.881
110.907
110.933
110.958
110.984
111.01
111.036
111.062
111.087
111.113
111.139
111.165
111.19
111.216
111.242
111.268
111.294
111.319
111.345
111.371
111.397
111.422
111.448
111.474
111.5
111.525
111.551
111.577
111.603
111.628
111.654
111.68
111.706
111.732
111.757
111.783
111.809
111.834
111.86
111.886
111.912
111.937
111.963
111.989
112.015
112.041
112.066
112.092
112.118
112.144
112.169
112.195
112.221
112.247
112.273
112.298
112.324
112.35
112.376
112.402
112.427
112.453
112.479
112.505
112.531
112.556
112.582
112.608
112.634
112.659
112.685
112.711
112.737
112.762
112.788
112.814
112.84
112.866
112.892
112.917
112.943
112.969
112.995
113.02
113.046
113.072
113.098
113.124
113.149
113.175
113.201
113.227
113.252
113.278
113.304
113.33
113.356
113.381
113.407
113.433
113.459
113.485
113.51
113.536
113.562
113.588
113.614
113.639
113.665
113.691
113.717
113.742
113.768
113.794
113.82
113.845
113.871
113.897
113.923
113.948
113.974
114
114.026
114.052
114.077
114.103
114.129
114.155
114.18
114.206
114.232
114.258
114.284
114.309
114.335
114.361
114.387
114.413
114.438
114.464
114.49
114.516
114.541
114.567
114.593
114.619
114.645
114.67
114.696
114.722
114.748
114.774
114.799
114.825
114.851
114.877
114.903
114.928
114.954
114.98
115.006
115.031
115.057
115.083
115.108
115.134
115.16
115.186
115.211
115.237
115.263
115.289
115.315
115.34
115.366
115.392
115.418
115.443
115.469
115.495
115.521
115.546
115.572
115.598
115.624
115.649
115.675
115.701
115.727
115.752
115.782
115.807
115.833
115.859
115.885
115.91
115.936
115.962
115.988
116.013
116.039
116.065
116.091
116.117
116.142
116.168
116.194
116.219
116.245
116.271
116.297
116.322
116.348
116.374
116.4
116.426
116.451
116.477
116.503
116.529
116.555
116.58
116.606
116.632
116.658
116.683
116.709
116.735
116.761
116.787
116.812
116.838
116.864
116.89
116.915
116.941
116.967
116.993
117.018
117.044
117.07
117.096
117.122
117.147
117.173
117.199
117.225
117.251
117.277
117.302
117.328
117.354
117.379
117.405
117.431
117.457
117.483
117.508
117.534
117.56
117.586
117.611
117.637
117.663
117.689
117.714
117.74
117.766
117.792
117.818
117.843
117.869
117.895
117.921
117.946
117.972
117.998
118.024
118.049
118.075
118.101
118.127
118.153
118.178
118.204
118.23
118.256
118.281
118.307
118.333
118.359
118.384
118.41
118.436
118.462
118.488
118.513
118.539
118.565
118.591
118.617
118.642
118.668
118.694
118.72
118.745
118.771
118.797
118.823
118.849
118.875
118.9
118.926
118.952
118.978
119.003
119.029
119.055
119.081
119.107
119.132
119.158
119.184
119.21
119.236
119.261
119.287
119.313
119.339
119.365
119.39
119.416
119.442
119.468
119.493
119.519
119.545
119.571
119.596
119.622
119.648
119.674
119.699
119.725
119.751
119.777
119.803
119.828
119.854
119.88
119.906
119.931
119.957
119.983
120.009
120.034
120.06
120.086
120.112
120.138
120.163
120.189
120.215
120.241
120.266
120.292
120.318
120.344
120.37
120.395
120.421
120.447
120.473
120.498
120.524
120.55
120.576
120.602
120.627
120.653
120.679
120.705
120.73
120.756
120.782
120.808
120.833
120.859
120.885
120.911
120.937
120.962
120.988
121.014
121.04
121.065
121.091
121.117
121.143
121.169
121.194
121.22
121.246
121.272
121.297
121.323
121.349
121.375
121.4
121.426
121.452
121.478
121.503
121.529
121.555
121.581
121.607
121.632
121.658
121.684
121.71
121.735
121.761
121.787
121.813
121.838
121.864
121.89
121.916
121.941
121.967
121.993
122.019
122.044
122.07
122.096
122.122
122.148
122.173
122.199
122.225
122.251
122.276
122.302
122.328
122.354
122.38
122.405
122.431
122.457
122.483
122.509
122.534
122.56
122.586
122.612
122.637
122.663
122.689
122.714
122.74
122.766
122.792
122.817
122.843
122.869
122.895
122.921
122.946
122.972
122.998
123.024
123.049
123.075
123.101
123.127
123.152
123.178
123.204
123.23
123.255
123.281
123.307
123.333
123.359
123.384
123.41
123.436
123.462
123.487
123.513
123.539
123.565
123.59
123.616
123.642
123.668
123.693
123.719
123.745
123.771
123.796
123.822
123.848
123.874
123.899
123.925
123.951
123.977
124.002
124.028
124.054
124.08
124.106
124.131
124.157
124.183
124.209
124.235
124.26
124.286
124.312
124.338
124.364
124.389
124.415
124.441
124.467
124.492
124.518
124.544
124.57
124.595
124.621
124.647
124.673
124.699
124.724
124.75
124.776
124.802
124.827
124.853
124.879
124.904
124.93
124.956
124.982
125.007
125.033
125.059
125.084
125.11
125.136
125.162
125.187
125.213
125.239
125.265
125.29
125.316
125.342
125.368
125.393
125.419
125.445
125.471
125.496
125.522
125.548
125.574
125.599
125.625
125.651
125.677
125.702
125.728
125.754
125.78
125.805
125.831
125.857
125.883
125.908
125.934
125.96
125.986
126.011
126.037
126.063
126.088
126.114
126.14
126.166
126.191
126.217
126.243
126.269
126.294
126.32
126.346
126.372
126.397
126.423
126.449
126.475
126.5
126.526
126.552
126.578
126.603
126.629
126.655
126.681
126.706
126.732
126.758
126.784
126.81
126.835
126.861
126.887
126.912
126.938
126.964
126.99
127.015
127.041
127.067
127.093
127.118
127.144
127.17
127.196
127.221
127.247
127.273
127.299
127.324
127.35
127.376
127.402
127.427
127.453
127.479
127.505
127.53
127.556
127.582
127.607
127.633
127.659
127.685
127.71
127.736
127.762
127.788
127.813
127.839
127.865
127.891
127.916
127.942
127.968
127.994
128.02
128.045
128.071
128.097
128.123
128.148
128.174
128.2
128.226
128.251
128.277
128.303
128.329
128.354
128.38
128.406
128.432
128.458
128.483
128.509
128.535
128.561
128.586
128.612
128.638
128.664
128.69
128.715
128.741
128.767
128.793
128.818
128.844
128.87
128.896
128.922
128.947
128.973
128.999
129.025
129.05
129.076
129.102
129.128
129.153
129.179
129.205
129.231
129.256
129.282
129.308
129.334
129.359
129.385
129.411
129.437
129.462
129.488
129.514
129.54
129.565
129.591
129.617
129.643
129.669
129.694
129.72
129.746
129.772
129.797
129.823
129.849
129.877
129.903
129.929
129.955
129.981
130.006
130.032
130.058
130.084
130.109
130.135
130.161
130.187
130.213
130.238
130.264
130.29
130.316
130.341
130.367
130.393
130.419
130.444
130.47
130.496
130.522
130.547
130.573
130.599
130.625
130.65
130.676
130.702
130.728
130.754
130.779
130.805
130.831
130.857
130.882
130.908
130.934
130.96
130.985
131.011
131.037
131.063
131.088
131.114
131.14
131.166
131.191
131.217
131.243
131.269
131.294
131.32
131.346
131.372
131.397
131.423
131.449
131.475
131.5
131.526
131.552
131.578
131.604
131.629
131.655
131.681
131.707
131.732
131.758
131.784
131.81
131.835
131.861
131.887
131.913
131.939
131.964
131.99
132.016
132.042
132.067
132.093
132.119
132.145
132.17
132.196
132.222
132.248
132.273
132.299
132.325
132.351
132.377
132.402
132.428
132.454
132.48
132.506
132.531
132.557
132.583
132.609
132.634
132.66
132.686
132.712
132.737
132.763
132.789
132.815
132.841
132.866
132.892
132.918
132.944
132.969
132.995
133.021
133.047
133.073
133.098
133.124
133.15
133.176
133.202
133.227
133.253
133.279
133.305
133.33
133.356
133.382
133.408
133.434
133.459
133.49
133.515
133.541
133.567
133.593
133.618
133.644
133.67
133.696
133.722
133.747
133.773
133.799
133.825
133.85
133.876
133.902
133.928
133.954
133.979
134.005
134.031
134.057
134.083
134.108
134.134
134.16
134.186
134.212
134.237
134.263
134.289
134.315
134.34
134.366
134.392
134.418
134.444
134.47
134.495
134.521
134.547
134.573
134.599
134.624
134.65
134.676
134.702
134.727
134.753
134.779
134.805
134.831
134.856
134.882
134.908
134.934
134.959
134.985
135.011
135.037
135.062
135.088
135.114
135.14
135.166
135.191
135.217
135.243
135.269
135.295
135.32
135.346
135.372
135.398
135.423
135.449
135.475
135.501
135.527
135.552
135.578
135.604
135.63
135.655
135.681
135.707
135.733
135.758
135.784
135.81
135.836
135.861
135.887
135.913
135.938
135.964
135.99
136.016
136.042
136.067
136.093
136.119
136.145
136.171
136.196
136.222
136.248
136.274
136.3
136.325
136.351
136.377
136.403
136.429
136.454
136.48
136.506
136.532
136.557
136.583
136.609
136.635
136.66
136.686
136.712
136.738
136.764
136.789
136.815
136.841
136.867
136.892
136.918
136.944
136.97
136.996
137.021
137.047
137.073
137.099
137.125
137.15
137.176
137.202
137.228
137.253
137.279
137.305
137.331
137.357
137.383
137.408
137.434
137.46
137.486
137.511
137.537
137.563
137.589
137.614
137.64
137.666
137.692
137.717
137.743
137.769
137.795
137.82
137.846
137.872
137.898
137.923
137.949
137.975
138.001
138.026
138.052
138.078
138.104
138.13
138.155
138.181
138.207
138.233
138.259
138.284
138.31
138.336
138.362
138.387
138.413
138.439
138.465
138.491
138.516
138.542
138.568
138.594
138.62
138.645
138.671
138.697
138.723
138.748
138.774
138.8
138.826
138.852
138.877
138.903
138.929
138.955
138.98
139.006
139.032
139.058
139.083
139.109
139.135
139.161
139.186
139.212
139.238
139.264
139.29
139.315
139.341
139.367
139.393
139.418
139.444
139.47
139.496
139.521
139.547
139.573
139.599
139.625
139.65
139.676
139.702
139.728
139.753
139.779
139.805
139.83
139.856
139.882
139.908
139.933
139.959
139.985
140.011
140.036
140.062
140.088
140.114
140.139
140.165
140.191
140.217
140.243
140.268
140.294
140.32
140.346
140.371
140.397
140.423
140.449
140.474
140.5
140.526
140.552
140.577
140.603
140.629
140.655
140.68
140.706
140.732
140.758
140.783
140.809
140.835
140.861
140.886
140.912
140.938
140.964
140.99
141.015
141.041
141.067
141.093
141.118
141.144
141.17
141.196
141.221
141.247
141.273
141.299
141.324
141.35
141.376
141.402
141.427
141.453
141.479
141.505
141.53
141.556
141.582
141.608
141.633
141.659
141.685
141.711
141.736
141.762
141.788
141.813
141.839
141.865
141.891
141.916
141.942
141.968
141.994
142.019
142.045
142.071
142.097
142.122
142.148
142.174
142.2
142.225
142.251
142.277
142.303
142.328
142.354
142.38
142.406
142.431
142.457
142.483
142.509
142.534
142.56
142.586
142.612
142.637
142.663
142.689
142.715
142.74
142.766
142.792
142.818
142.843
142.869
142.895
142.921
142.946
142.972
142.998
143.024
143.049
143.075
143.101
143.127
143.152
143.178
143.204
143.23
143.255
143.281
143.307
143.333
143.358
143.384
143.41
143.436
143.461
143.487
143.513
143.539
143.564
143.59
143.616
143.642
143.667
143.693
143.719
143.744
143.77
143.796
143.822
143.847
143.873
143.899
143.925
143.95
143.976
144.002
144.028
144.054
144.079
144.105
144.131
144.157
144.182
144.208
144.234
144.26
144.285
144.311
144.337
144.363
144.388
144.414
144.44
144.466
144.492
144.517
144.543
144.569
144.595
144.62
144.646
144.672
144.698
144.723
144.749
144.775
144.801
144.826
144.852
144.878
144.903
144.929
144.955
144.981
145.007
145.032
145.058
145.084
145.109
145.135
145.161
145.187
145.212
145.238
145.264
145.29
145.315
145.341
145.367
145.393
145.418
145.444
145.47
145.496
145.522
145.547
145.573
145.599
145.625
145.65
145.676
145.702
145.728
145.753
145.779
145.805
145.831
145.856
145.882
145.908
145.934
145.959
145.985
146.011
146.037
146.062
146.088
146.114
146.14
146.165
146.191
146.217
146.243
146.268
146.294
146.32
146.346
146.371
146.397
146.423
146.449
146.475
146.5
146.526
146.552
146.578
146.603
146.629
146.655
146.681
146.706
146.732
146.758
146.784
146.81
146.835
146.861
146.887
146.913
146.939
146.964
146.99
147.016
147.042
147.067
147.093
147.119
147.145
147.171
147.196
147.222
147.248
147.286
147.311
147.337
147.363
147.389
147.414
147.44
147.466
147.491
147.517
147.543
147.569
147.594
147.62
147.646
147.672
147.697
147.723
147.749
147.775
147.8
147.826
147.852
147.878
147.903
147.929
147.955
147.981
148.007
148.032
148.058
148.084
148.11
148.135
148.161
148.187
148.213
148.238
148.264
148.29
148.316
148.341
148.367
148.393
148.419
148.445
148.47
148.496
148.522
148.548
148.573
148.599
148.625
148.65
148.676
148.702
148.728
148.754
148.779
148.805
148.831
148.857
148.882
148.908
148.934
148.96
148.986
149.011
149.037
149.063
149.089
149.115
149.14
149.166
149.192
149.218
149.243
149.269
149.295
149.321
149.347
149.372
149.398
149.424
149.45
149.475
149.501
149.527
149.553
149.579
149.604
149.63
149.656
149.682
149.707
149.733
149.759
149.785
149.81
149.836
149.862
149.888
149.914
149.939
149.965
149.991
150.017
150.043
150.068
150.094
150.12
150.146
150.171
150.197
150.223
150.249
150.275
150.3
150.326
150.352
150.378
150.404
150.429
150.455
150.481
150.507
150.532
150.558
150.584
150.61
150.636
150.661
150.687
150.713
150.739
150.764
150.79
150.816
150.842
150.867
150.9
150.926
150.952
150.978
151.003
151.029
151.055
151.081
151.106
151.132
151.158
151.184
151.209
151.235
151.261
151.287
151.313
151.338
151.364
151.39
151.416
151.441
151.467
151.493
151.519
151.544
151.57
151.596
151.622
151.647
151.673
151.699
151.725
151.751
151.776
151.802
151.828
151.853
151.879
151.905
151.931
151.957
151.982
152.008
152.034
152.06
152.085
152.111
152.137
152.163
152.188
152.214
152.24
152.266
152.291
152.317
152.343
152.369
152.395
152.42
152.446
152.472
152.498
152.523
152.549
152.575
152.601
152.627
152.652
152.678
152.704
152.73
152.755
152.781
152.807
152.833
152.859
152.884
152.91
152.936
152.962
152.987
153.013
153.039
153.065
153.091
153.116
153.142
153.168
153.194
153.219
153.245
153.271
153.297
153.323
153.348
153.374
153.4
153.426
153.452
153.477
153.503
153.529
153.555
153.581
153.606
153.632
153.658
153.684
153.709
153.735
153.761
153.787
153.812
153.838
153.864
153.89
153.915
153.941
153.967
153.993
154.019
154.044
154.07
154.096
154.122
154.147
154.173
154.199
154.225
154.251
154.276
154.302
154.328
154.354
154.379
154.405
154.431
154.457
154.483
154.508
154.534
154.56
154.586
154.611
154.637
154.663
154.689
154.714
154.74
154.766
154.792
154.818
154.843
154.869
154.895
154.921
154.946
154.972
154.998
155.023
155.049
155.075
155.101
155.126
155.152
155.178
155.204
155.23
155.256
155.281
155.307
155.333
155.359
155.384
155.41
155.436
155.462
155.488
155.513
155.539
155.565
155.591
155.616
155.642
155.668
155.694
155.719
155.745
155.771
155.796
155.822
155.848
155.874
155.899
155.925
155.951
155.977
156.003
156.028
156.054
156.08
156.106
156.131
156.157
156.183
156.209
156.235
156.26
156.286
156.312
156.338
156.363
156.389
156.415
156.441
156.467
156.492
156.518
156.544
156.57
156.595
156.621
156.647
156.673
156.698
156.724
156.75
156.776
156.802
156.827
156.853
156.879
156.905
156.93
156.956
156.982
157.008
157.033
157.059
157.085
157.111
157.136
157.162
157.188
157.214
157.239
157.265
157.291
157.317
157.343
157.368
157.394
157.42
157.446
157.471
157.497
157.523
157.549
157.575
157.601
157.626
157.652
157.678
157.704
157.729
157.755
157.781
157.807
157.833
157.858
157.884
157.91
157.935
157.961
157.987
158.013
158.039
158.064
158.09
158.116
158.142
158.167
158.193
158.219
158.245
158.27
158.296
158.322
158.348
158.373
158.399
158.425
158.451
158.476
158.502
158.528
158.554
158.58
158.605
158.631
158.657
158.683
158.708
158.734
158.76
158.786
158.811
158.837
158.863
158.889
158.915
158.94
158.966
158.992
159.018
159.043
159.069
159.095
159.121
159.146
159.172
159.198
159.224
159.249
159.275
159.301
159.327
159.352
159.378
159.404
159.43
159.455
159.481
159.507
159.533
159.558
159.584
159.61
159.636
159.662
159.687
159.713
159.739
159.765
159.79
159.816
159.842
159.868
159.893
159.919
159.945
159.971
159.996
160.022
160.048
160.074
160.099
160.125
160.151
160.177
160.202
160.228
160.254
160.28
160.306
160.331
160.357
160.383
160.409
160.434
160.46
160.486
160.512
160.537
160.563
160.589
160.615
160.641
160.666
160.692
160.718
160.744
160.769
160.795
160.821
160.847
160.873
160.898
160.924
160.95
160.976
161.002
161.027
161.053
161.079
161.105
161.13
161.156
161.182
161.208
161.233
161.259
161.285
161.311
161.336
161.362
161.388
161.414
161.439
161.465
161.491
161.517
161.543
161.568
161.594
161.62
161.646
161.671
161.697
161.723
161.749
161.774
161.8
161.826
161.852
161.878
161.904
161.929
161.955
161.981
162.007
162.032
162.058
162.084
162.11
162.135
162.161
162.187
162.213
162.238
162.264
162.29
162.316
162.341
162.367
162.393
162.419
162.444
162.47
162.496
162.522
162.547
162.573
162.599
162.625
162.651
162.676
162.702
162.728
162.754
162.779
162.805
162.831
162.857
162.883
162.908
162.934
162.96
162.986
163.011
163.037
163.063
163.089
163.114
163.14
163.166
163.192
163.218
163.243
163.269
163.295
163.321
163.346
163.372
163.398
163.424
163.45
163.475
163.501
163.527
163.553
163.578
163.604
163.63
163.656
163.681
163.707
163.733
163.759
163.784
163.81
163.836
163.862
163.888
163.913
163.939
163.965
163.991
164.017
164.042
164.068
164.094
164.12
164.145
164.171
164.197
164.223
164.249
164.274
164.3
164.326
164.352
164.377
164.403
164.429
164.455
164.481
164.506
164.532
164.558
164.584
164.609
164.635
164.661
164.687
164.713
164.738
164.764
164.79
164.816
164.842
164.867
164.893
164.919
164.944
164.97
164.996
165.022
165.048
165.073
165.099
165.125
165.151
165.176
165.202
165.228
165.254
165.28
165.305
165.331
165.357
165.383
165.409
165.434
165.46
165.486
165.512
165.537
165.563
165.589
165.615
165.64
165.666
165.692
165.718
165.744
165.769
165.795
165.821
165.847
165.873
165.898
165.924
165.95
165.976
166.002
166.027
166.053
166.079
166.105
166.131
166.156
166.182
166.208
166.234
166.26
166.285
166.311
166.337
166.363
166.389
166.414
166.44
166.466
166.492
166.518
166.543
166.569
166.595
166.621
166.647
166.672
166.698
166.724
166.75
166.775
166.801
166.827
166.853
166.879
166.904
166.93
166.956
166.982
167.008
167.033
167.059
167.085
167.111
167.137
167.162
167.188
167.214
167.24
167.265
167.291
167.317
167.343
167.368
167.394
167.42
167.446
167.472
167.497
167.523
167.549
167.575
167.601
167.626
167.652
167.678
167.704
167.729
167.755
167.781
167.807
167.832
167.858
167.884
167.91
167.935
167.961
167.987
168.013
168.039
168.064
168.09
168.116
168.142
168.168
168.193
168.219
168.245
168.271
168.296
168.322
168.348
168.374
168.4
168.426
168.451
168.477
168.503
168.529
168.554
168.58
168.606
168.632
168.658
168.683
168.709
168.735
168.761
168.786
168.812
168.838
168.864
168.889
168.915
168.941
168.967
168.992
169.018
169.044
169.07
169.095
169.121
169.147
169.173
169.198
169.224
169.25
169.276
169.301
169.327
169.353
169.379
169.405
169.43
169.456
169.482
169.508
169.533
169.559
169.585
169.611
169.636
169.662
169.688
169.714
169.74
169.765
169.791
169.817
169.843
169.868
169.894
169.92
169.946
169.971
169.997
170.023
170.049
170.074
170.1
170.126
170.152
170.178
170.203
170.229
170.255
170.281
170.306
170.332
170.358
170.384
170.409
170.435
170.461
170.487
170.512
170.538
170.564
170.59
170.615
170.641
170.667
170.693
170.718
170.744
170.77
170.796
170.821
170.847
170.873
170.899
170.925
170.95
170.976
171.002
171.028
171.053
171.079
171.105
171.131
171.157
171.182
171.208
171.234
171.26
171.285
171.311
171.337
171.363
171.389
171.414
171.44
171.466
171.492
171.517
171.543
171.569
171.595
171.621
171.646
171.672
171.698
171.724
171.75
171.775
171.801
171.827
171.852
171.878
171.904
171.93
171.955
171.981
172.007
172.033
172.059
172.084
172.11
172.136
172.161
172.187
172.213
172.239
172.264
172.29
172.316
172.342
172.367
172.393
172.419
172.445
172.471
172.496
172.522
172.548
172.574
172.6
172.625
172.651
172.677
172.703
172.728
172.754
172.78
172.806
172.831
172.857
172.883
172.909
172.935
172.96
172.986
173.012
173.038
173.063
173.089
173.115
173.141
173.167
173.192
173.218
173.244
173.27
173.295
173.321
173.347
173.373
173.399
173.424
173.45
173.476
173.502
173.527
173.553
173.579
173.605
173.631
173.656
173.682
173.708
173.734
173.759
173.785
173.811
173.837
173.863
173.888
173.914
173.94
173.966
173.991
174.017
174.043
174.069
174.094
174.12
174.146
174.172
174.197
174.223
174.249
174.275
174.3
174.326
174.352
174.378
174.404
174.429
174.455
174.481
174.507
174.532
174.558
174.584
174.61
174.635
174.661
174.687
174.713
174.739
174.764
174.79
174.816
174.842
174.867
174.893
174.919
174.945
174.97
174.996
175.022
175.048
175.073
175.099
175.125
175.151
175.177
175.203
175.229
175.255
175.281
175.306
175.332
175.358
175.384
175.409
175.435
175.461
175.487
175.512
175.538
175.564
175.59
175.615
175.641
175.667
175.693
175.718
175.744
175.77
175.796
175.821
175.847
175.873
175.899
175.924
175.95
175.976
176.002
176.027
176.053
176.079
176.105
176.13
176.156
176.182
176.208
176.234
176.259
176.285
176.311
176.337
176.362
176.388
176.414
176.44
176.466
176.491
176.517
176.543
176.569
176.594
176.62
176.646
176.672
176.698
176.723
176.749
176.775
176.801
176.827
176.852
176.878
176.904
176.93
176.955
176.981
177.007
177.033
177.059
177.084
177.11
177.136
177.162
177.188
177.213
177.239
177.265
177.291
177.316
177.342
177.368
177.394
177.42
177.445
177.471
177.497
177.523
177.548
177.574
177.6
177.626
177.651
177.677
177.703
177.729
177.754
177.78
177.806
177.832
177.857
177.883
177.909
177.935
177.961
177.987
178.012
178.038
178.064
178.09
178.115
178.141
178.167
178.193
178.219
178.244
178.27
178.296
178.322
178.347
178.373
178.399
178.425
178.451
178.476
178.502
178.528
178.554
178.579
178.605
178.631
178.657
178.682
178.708
178.734
178.76
178.786
178.812
178.837
178.863
178.889
178.915
178.941
178.966
178.992
179.018
179.044
179.07
179.095
179.121
179.147
179.173
179.199
179.224
179.25
179.276
179.302
179.327
179.353
179.379
179.405
179.431
179.456
179.482
179.508
179.534
179.56
179.585
179.611
179.637
179.663
179.688
179.714
179.74
179.766
179.792
179.817
179.843
179.869
179.894
179.92
179.946
179.972
179.998
180.023
180.049
180.075
180.101
180.127
180.152
180.178
180.204
180.23
180.255
180.281
180.307
180.333
180.358
180.384
180.41
180.436
180.462
180.487
180.513
180.539
180.565
180.59
180.616
180.642
180.668
180.693
180.719
180.745
180.771
180.796
180.822
180.848
180.874
180.9
180.925
180.951
180.977
181.003
181.028
181.054
181.08
181.106
181.131
181.157
181.183
181.209
181.234
181.26
181.286
181.312
181.338
181.363
181.389
181.415
181.441
181.466
181.492
181.518
181.544
181.569
181.595
181.621
181.647
181.672
181.698
181.724
181.75
181.775
181.801
181.827
181.853
181.878
181.904
181.93
181.956
181.981
182.007
182.033
182.059
182.085
182.11
182.136
182.162
182.188
182.213
182.239
182.265
182.291
182.317
182.342
182.368
182.394
182.42
182.446
182.471
182.497
182.523
182.549
182.575
182.6
182.626
182.652
182.678
182.703
182.729
182.755
182.781
182.806
182.832
182.858
182.884
182.91
182.935
182.961
182.987
183.013
183.038
183.064
183.09
183.116
183.141
183.167
183.193
183.219
183.245
183.27
183.296
183.322
183.348
183.373
183.399
183.425
183.451
183.476
183.502
183.528
183.554
183.58
183.605
183.631
183.657
183.683
183.708
183.734
183.76
183.786
183.811
183.837
183.863
183.888
183.914
183.94
183.966
183.992
184.017
184.043
184.069
184.095
184.121
184.146
184.172
184.198
184.224
184.249
184.275
184.301
184.327
184.352
184.378
184.404
184.43
184.456
184.481
184.507
184.533
184.559
184.584
184.61
184.636
184.662
184.687
184.713
184.739
184.765
184.791
184.816
184.842
184.868
184.893
184.919
184.945
184.971
184.996
185.022
185.048
185.074
185.099
185.125
185.151
185.177
185.202
185.228
185.254
185.28
185.305
185.331
185.357
185.383
185.409
185.434
185.46
185.486
185.512
185.537
185.563
185.589
185.615
185.64
185.666
185.692
185.718
185.744
185.769
185.795
185.821
185.847
185.872
185.898
185.924
185.95
185.975
186.001
186.027
186.053
186.078
186.104
186.13
186.156
186.181
186.207
186.233
186.259
186.284
186.31
186.336
186.362
186.387
186.413
186.439
186.465
186.49
186.516
186.542
186.568
186.594
186.619
186.645
186.671
186.697
186.722
186.748
186.774
186.8
186.826
186.851
186.877
186.903
186.929
186.954
186.98
187.006
187.032
187.057
187.083
187.109
187.134
187.16
187.186
187.212
187.238
187.263
187.289
187.315
187.341
187.366
187.392
187.418
187.444
187.47
187.495
187.521
187.547
187.573
187.598
187.624
187.65
187.676
187.702
187.727
187.753
187.779
187.804
187.83
187.856
187.882
187.907
187.933
187.959
187.985
188.01
188.036
188.062
188.088
188.113
188.139
188.165
188.191
188.216
188.242
188.268
188.294
188.319
188.345
188.371
188.397
188.422
188.448
188.474
188.5
188.526
188.551
188.577
188.603
188.629
188.654
188.68
188.706
188.732
188.758
188.783
188.809
188.835
188.861
188.887
188.912
188.938
188.964
188.99
189.015
189.041
189.067
189.093
189.118
189.144
189.17
189.196
189.221
189.247
189.273
189.299
189.324
189.35
189.376
189.402
189.427
189.453
189.479
189.505
189.53
189.556
189.582
189.608
189.633
189.659
189.685
189.711
189.736
189.762
189.788
189.814
189.84
189.865
189.891
189.917
189.943
189.968
189.994
190.02
190.046
190.071
190.097
190.123
190.149
190.175
190.2
190.226
190.252
190.278
190.303
190.329
190.355
190.381
190.406
190.432
190.458
190.484
190.538
190.564
190.589
190.615
190.641
190.667
190.693
190.718
190.744
190.77
190.796
190.821
190.847
190.873
190.899
190.925
190.95
190.976
191.002
191.028
191.053
191.079
191.105
191.131
191.156
191.182
191.208
191.234
191.26
191.285
191.311
191.337
191.363
191.389
191.414
191.44
191.466
191.491
191.517
191.543
191.569
191.595
191.62
191.646
191.672
191.698
191.724
191.749
191.775
191.801
191.827
191.852
191.878
191.904
191.93
191.956
191.981
192.007
192.033
192.059
192.084
192.11
192.136
192.162
192.187
192.213
192.239
192.265
192.29
192.316
192.342
192.368
192.393
192.419
192.445
192.471
192.497
192.522
192.548
192.574
192.6
192.625
192.651
192.677
192.703
192.728
192.754
192.78
192.806
192.831
192.857
192.883
192.909
192.935
192.96
192.986
193.012
193.038
193.064
193.089
193.115
193.141
193.167
193.192
193.218
193.244
193.27
193.295
193.321
193.347
193.373
193.398
193.424
193.45
193.476
193.502
193.528
193.553
193.579
193.605
193.63
193.656
193.682
193.708
193.734
193.759
193.785
193.811
193.837
193.862
193.888
193.914
193.94
193.966
193.991
194.017
194.043
194.069
194.094
194.12
194.146
194.172
194.198
194.223
194.249
194.275
194.301
194.326
194.352
194.378
194.404
194.429
194.455
194.481
194.507
194.533
194.558
194.584
194.61
194.636
194.661
194.687
194.713
194.739
194.764
194.79
194.816
194.842
194.867
194.893
194.919
194.945
194.97
194.996
195.022
195.048
195.073
195.099
195.125
195.151
195.176
195.202
195.228
195.254
195.279
195.305
195.331
195.357
195.382
195.408
195.434
195.46
195.485
195.511
195.537
195.563
195.588
195.614
195.64
195.666
195.692
195.717
195.743
195.769
195.794
195.82
195.846
195.872
195.897
195.923
195.949
195.975
196
196.026
196.052
196.078
196.103
196.129
196.155
196.181
196.207
196.232
196.258
196.284
196.31
196.335
196.361
196.387
196.413
196.438
196.464
196.49
196.516
196.542
196.567
196.593
196.619
196.645
196.671
196.696
196.722
196.748
196.774
196.799
196.825
196.851
196.877
196.902
196.928
196.954
196.98
197.006
197.031
197.057
197.083
197.109
197.134
197.16
197.186
197.212
197.238
197.263
197.289
197.315
197.341
197.366
197.392
197.418
197.444
197.47
197.495
197.521
197.547
197.572
197.598
197.624
197.65
197.675
197.701
197.727
197.753
197.778
197.804
197.83
197.856
197.881
197.907
197.933
197.959
197.984
198.01
198.036
198.062
198.087
198.113
198.139
198.164
198.19
198.216
198.242
198.268
198.293
198.319
198.345
198.371
198.396
198.422
198.448
198.474
198.499
198.525
198.551
198.577
198.602
198.628
198.654
198.68
198.705
198.731
198.757
198.783
198.808
198.834
198.86
198.886
198.911
198.937
198.963
198.989
199.014
199.04
199.066
199.092
199.118
199.143
199.169
199.195
199.221
199.246
199.272
199.298
199.324
199.349
199.375
199.401
199.426
199.452
199.478
199.504
199.529
199.555
199.581
199.607
199.632
199.658
199.684
199.71
199.735
199.761
199.787
199.812
199.838
199.864
199.89
199.915
199.941
199.967
199.993
200.018
200.044
200.07
200.096
200.121
200.147
200.174
200.2
200.225
200.251
200.277
200.303
200.328
200.354
200.38
200.406
200.431
200.457
200.483
200.509
200.534
200.56
200.586
200.612
200.637
200.663
200.689
200.715
200.74
200.766
200.792
200.818
200.843
200.869
200.895
200.921
200.947
200.972
200.998
201.024
201.05
201.075
201.101
201.127
201.153
201.178
201.204
201.23
201.256
201.282
201.307
201.333
201.359
201.385
201.41
201.436
201.462
201.488
201.513
201.539
201.565
201.591
201.616
201.642
201.668
201.694
201.719
201.745
201.771
201.797
201.822
201.848
201.874
201.9
201.925
201.951
201.977
202.003
202.028
202.054
202.08
202.106
202.132
202.157
202.183
202.209
202.235
202.26
202.286
202.312
202.337
202.363
202.389
202.415
202.44
202.466
202.492
202.518
202.543
202.569
202.595
202.62
202.646
202.672
202.698
202.723
202.749
202.775
202.801
202.826
202.852
202.878
202.904
202.929
202.955
202.981
203.006
203.032
203.058
203.084
203.109
203.135
203.161
203.187
203.212
203.238
203.264
203.29
203.317
203.343
203.369
203.395
203.42
203.446
203.472
203.498
203.523
203.549
203.575
203.601
203.626
203.652
203.678
203.704
203.729
203.755
203.781
203.806
203.832
203.858
203.884
203.909
203.935
203.961
203.986
204.012
204.038
204.064
204.089
204.115
204.141
204.166
204.192
204.218
204.244
204.269
204.295
204.321
204.346
204.372
204.398
204.423
204.449
204.475
204.5
204.526
204.552
204.578
204.603
204.629
204.655
204.68
204.706
204.732
204.757
204.783
204.809
204.834
204.86
204.886
204.911
204.937
204.962
204.988
205.014
205.039
205.065
205.09
205.116
205.142
205.167
205.193
205.218
205.244
205.27
205.295
205.321
205.346
205.372
205.397
205.423
205.449
205.474
205.5
205.525
205.557
205.583
205.609
205.634
205.66
205.685
205.711
205.736
205.761
205.787
205.812
205.838
205.863
205.889
205.914
205.94
205.965
205.991
206.016
206.042
206.067
206.092
206.118
206.143
206.169
206.194
206.22
206.245
206.271
206.296
206.322
206.347
206.372
206.398
206.423
206.448
206.474
206.499
206.524
206.55
206.575
206.601
206.626
206.651
206.677
206.702
206.727
206.753
206.778
206.804
206.829
206.854
206.88
206.905
206.931
206.956
206.981
207.007
207.033
207.059
207.085
207.111
207.136
207.162
207.188
207.214
207.24
207.266
207.291
207.317
207.343
207.369
207.395
207.421
207.446
207.472
207.498
207.524
207.55
207.576
207.602
207.627
207.653
207.679
207.705
207.731
207.756
207.782
