52.1889
0
253.192
253.097
252.022
254.426
256.86
259.886
271.094
282.411
281.649
281.643
281.63
281.608
281.579
281.542
281.501
281.449
281.39
281.327
281.256
281.174
281.085
280.994
280.892
280.784
280.668
280.546
280.419
280.285
280.132
279.986
279.83
279.674
279.506
279.335
279.155
278.97
278.78
278.585
278.375
278.164
277.95
277.732
277.502
277.27
277.036
276.792
276.544
276.293
276.033
275.769
275.504
275.218
274.94
274.655
274.367
274.069
273.399
273.008
272.704
272.385
272.074
271.757
271.437
271.107
270.78
270.447
270.111
269.788
269.432
269.072
268.72
268.366
267.663
267.217
266.858
266.483
266.117
265.746
265.371
264.995
264.62
264.245
263.87
263.495
262.773
262.004
261.601
261.229
260.496
260.089
259.721
259.356
258.988
258.625
258.252
257.502
257.109
256.753
256.389
256.023
255.652
255.291
255.009
254.752
254.471
254.194
253.914
253.641
252.961
252.165
251.419
251.041
250.355
250.051
249.777
249.498
248.815
248.396
248.112
247.828
247.538
247.249
246.953
246.634
246.332
246.026
245.694
245.376
245.057
244.742
244.422
244.099
243.769
243.44
243.108
242.772
242.434
242.096
241.755
241.413
241.047
240.68
240.329
239.956
239.624
239.27
238.906
238.55
238.192
237.858
237.16
236.74
236.391
236.045
235.7
235.359
235.008
234.66
233.987
233.58
233.256
232.948
232.647
232.349
232.058
231.775
231.504
231.236
230.977
230.729
230.482
230.243
229.674
229.36
229.142
228.927
228.72
228.518
228.32
228.121
227.931
227.747
227.564
227.05
226.81
226.626
226.448
225.953
225.823
225.784
225.754
225.762
225.808
225.602
225.736
225.87
225.64
225.755
225.909
226.062
226.358
226.649
226.957
227.259
227.191
227.437
227.775
228.017
228.4
228.77
229.133
229.483
229.821
230.193
230.511
230.819
231.107
231.394
231.667
231.935
232.225
232.512
232.75
232.976
233.195
233.397
233.593
233.782
233.962
233.699
233.827
233.983
234.13
234.272
234.459
234.589
234.754
234.86
234.548
234.604
234.691
234.772
234.843
234.908
234.967
235.024
235.067
235.103
235.162
235.184
235.2
235.201
235.201
235.226
235.224
235.204
234.821
234.694
234.657
234.62
234.593
234.561
234.508
234.428
234.338
234.265
234.182
234.092
233.996
233.916
233.812
233.717
233.616
233.498
233.362
233.232
233.094
232.956
232.817
232.673
232.525
232.378
232.215
232.043
231.869
231.691
231.514
231.326
231.144
230.961
230.777
230.592
230.407
230.227
230.048
229.867
229.662
229.477
229.29
229.106
228.916
228.044
227.748
227.567
227.395
227.224
227.035
226.878
226.764
226.698
226.731
226.737
226.774
226.872
226.896
226.867
226.885
226.99
226.993
226.989
226.943
226.934
226.884
226.804
226.699
226.665
226.638
226.593
226.174
226.094
226.144
226.156
226.089
226.023
225.949
225.875
225.796
225.716
225.585
225.503
225.415
225.258
225.156
225.082
224.992
224.92
224.828
224.791
224.386
223.858
223.709
223.633
223.557
223.424
223.356
223.259
223.172
223.113
223.012
222.951
222.901
222.838
222.796
222.789
222.784
222.745
222.708
222.678
222.645
222.621
222.588
222.588
222.527
222.525
222.491
222.478
222.503
222.537
222.556
222.596
222.619
222.701
222.491
222.669
222.966
223.136
223.356
223.575
223.836
224.128
224.393
224.629
224.931
225.227
225.525
225.813
226.108
226.429
226.68
226.938
227.175
227.423
227.654
227.875
228.186
228.045
228.15
228.373
228.605
228.858
229.121
229.39
229.645
229.91
230.153
230.384
230.602
230.847
231.182
231.518
231.831
232.087
232.376
232.653
232.899
232.719
232.842
233.074
233.288
233.522
233.736
233.974
234.172
234.337
234.512
234.682
234.817
234.946
235.084
235.224
235.343
235.447
235.529
235.609
235.693
235.75
235.82
235.878
235.916
235.952
235.973
236.006
236.001
236.001
235.998
236
235.978
235.531
235.394
235.333
235.296
235.229
234.785
234.62
234.568
234.481
234.395
234.283
234.179
234.082
233.997
233.879
233.746
233.25
232.684
232.478
232.318
232.168
232.005
231.843
231.671
231.518
231.335
231.149
230.963
230.769
230.565
230.361
230.149
229.928
229.718
229.495
229.268
229.041
228.463
228.205
227.975
227.734
227.5
227.253
226.687
226.388
226.154
225.926
225.696
225.46
225.232
225.009
224.786
224.565
224.344
224.122
223.907
223.693
223.483
223.267
223.05
222.488
222.233
222.015
221.794
221.673
221.578
221.485
221.393
221.3
221.195
221.102
221.003
220.9
220.795
220.686
220.576
220.474
220.361
220.263
220.156
220.042
219.929
219.814
219.696
219.579
219.467
219.36
219.245
219.139
219.045
218.609
218.442
218.337
217.859
217.728
217.64
217.589
217.564
217.539
217.514
217.496
217.47
217.452
217.438
217.426
217.424
217.401
217.391
217.388
217.377
217.375
217.008
216.978
216.939
216.991
217.055
217.113
217.192
217.281
217.389
217.441
217.543
217.644
217.756
217.941
218.092
218.242
218.378
218.107
218.23
218.475
218.741
219.054
219.291
219.562
219.903
220.242
220.578
220.911
221.219
221.584
221.952
221.944
222.242
222.535
222.879
223.205
223.531
223.846
224.17
224.514
224.487
224.821
225.19
225.546
225.867
226.213
226.557
226.869
227.19
227.107
227.358
227.665
227.95
228.234
228.507
228.882
229.273
229.635
229.991
230.317
230.672
230.99
231.29
231.595
231.876
231.278
231.317
231.585
231.43
231.227
231.433
231.675
231.911
232.131
232.35
232.549
232.737
232.916
233.09
233.246
233.006
233.029
233.178
233.303
233.424
233.533
233.632
233.728
233.798
233.867
233.934
233.989
234.039
234.069
233.693
233.673
233.695
233.705
233.713
233.696
233.677
233.648
233.623
233.582
233.541
233.491
233.415
233.348
233.27
233.181
233.074
232.973
232.877
232.787
232.656
232.535
232.396
232.272
232.119
231.965
231.807
231.64
231.459
231.309
231.135
230.952
230.767
230.567
230.369
230.158
229.933
229.753
229.536
229.317
229.089
228.873
228.655
228.408
228.198
227.988
227.747
227.519
227.291
227.069
226.843
226.634
226.461
226.209
226.002
225.422
225.146
224.913
224.709
224.51
224.307
224.11
223.886
223.681
223.474
223.264
223.069
222.871
222.78
222.651
222.571
222.426
221.93
221.774
221.604
221.534
221.452
221.292
221.153
221.076
221.005
220.521
220.384
220.273
220.215
220.163
220.105
220
219.948
219.842
219.741
219.694
219.643
219.555
219.471
219.445
219.381
219.404
219.419
219.381
219.38
219.422
219.51
219.543
219.674
219.764
219.883
219.966
220.091
220.188
220.296
220.408
220.605
220.705
220.887
221.005
220.771
220.853
220.932
221.051
221.197
221.423
221.609
221.823
222.058
222.283
222.511
222.719
223.017
223.267
223.504
223.731
223.905
224.119
224.323
224.505
224.677
224.841
225.06
225.231
225.39
225.477
225.569
225.3
225.316
225.524
225.709
225.831
226.024
226.196
226.367
226.514
226.614
226.752
226.848
227.002
227.085
227.225
227.358
227.531
227.603
227.722
227.873
227.923
228.005
228.06
228.162
228.216
228.308
228.4
228.067
228.026
228.109
228.163
228.2
228.228
228.308
228.37
228.416
228.417
228.516
228.614
228.302
228.374
228.516
228.58
228.673
228.786
228.924
229.094
229.257
229.173
228.713
228.809
228.971
229.102
229.237
229.36
229.494
229.603
229.703
229.788
229.884
229.965
230.011
230.053
230.111
230.137
229.819
229.797
229.86
229.85
229.846
229.846
229.847
229.457
229.416
229.448
229.489
229.576
229.584
229.543
229.127
229.095
229.084
229.09
229.094
229.084
229.025
229.05
228.929
228.873
228.832
228.787
228.724
228.664
228.605
228.482
228.441
228.369
228.342
228.305
228.213
228.174
228.1
227.994
227.925
227.811
227.699
227.584
227.455
227.337
227.222
227.1
227.016
226.892
226.748
226.576
226.444
226.32
226.179
226.007
225.867
225.724
225.565
225.422
225.234
225.058
224.908
224.778
224.637
224.479
224.342
224.202
224.058
223.926
223.797
223.65
223.51
223.37
223.243
223.119
223.051
222.969
222.889
222.889
222.845
222.786
222.726
222.652
222.655
222.598
222.54
222.539
222.478
222.404
222.338
222.27
222.254
222.257
222.259
222.256
222.193
222.2
222.265
222.303
222.393
222.501
222.589
222.7
222.823
222.909
222.983
223.065
223.182
223.225
223.292
223.357
223.487
223.659
223.826
223.99
224.152
224.34
224.481
224.662
224.788
224.526
224.635
224.793
225.032
225.201
225.33
225.421
225.574
225.73
225.898
226.035
226.166
226.379
226.535
226.641
226.722
226.804
226.644
226.799
226.906
227.097
227.259
227.394
227.518
227.589
227.341
227.399
227.519
227.647
227.726
227.766
227.862
227.956
228.05
228.138
228.187
228.19
228.262
228.334
228.432
228.414
228.474
228.541
228.589
228.601
228.672
228.716
228.752
228.801
228.849
228.862
228.903
228.977
229.045
229.04
229.061
229.104
229.175
229.23
229.256
229.334
229.445
229.497
229.53
229.653
229.694
229.73
229.842
229.985
230.105
230.193
230.281
230.363
230.394
230.438
230.454
230.489
230.548
230.579
230.608
230.651
230.729
230.79
230.826
230.948
231.044
231.036
231.067
231.094
231.151
231.168
231.164
231.182
231.179
231.132
231.07
230.984
230.916
230.848
230.716
230.654
230.606
230.557
230.131
230.059
230.013
230.005
229.958
229.898
229.749
229.66
229.552
229.087
228.863
228.782
228.707
228.597
228.473
228.378
228.277
228.223
228.127
228.133
228.089
228.033
227.985
227.553
227.473
227.39
227.322
227.253
227.17
226.736
226.609
226.574
226.509
226.395
225.987
225.802
225.72
225.642
225.557
225.398
225.347
225.24
225.127
225.03
224.959
224.859
224.783
224.688
224.613
224.54
224.5
224.408
224.321
224.236
224.163
224.092
223.682
223.588
223.524
223.495
223.076
222.93
222.845
222.821
222.801
222.764
222.864
222.975
222.975
223.1
223.176
223.242
223.31
223.342
223.377
223.087
223.091
223.098
223.16
223.169
223.297
223.355
223.378
223.432
223.492
223.618
223.772
223.908
223.971
224.065
224.152
224.244
224.38
224.519
224.741
224.866
224.928
225.074
225.189
225.333
225.486
225.195
225.309
225.42
225.65
225.873
225.669
225.791
225.948
226.093
226.292
226.407
226.578
226.705
226.81
226.969
227.065
227.164
227.259
227.386
227.496
227.557
227.618
227.692
227.796
227.848
227.893
227.97
228.009
228.118
228.112
228.113
228.125
228.152
228.157
228.171
228.174
228.169
228.161
227.824
227.769
227.752
227.712
227.697
227.675
227.678
227.652
227.606
227.593
227.614
227.605
227.617
227.601
227.625
227.618
227.616
227.605
227.638
227.606
227.594
227.586
227.525
227.498
227.487
227.048
226.98
226.948
226.959
227.001
226.978
227.018
227.088
227.152
227.201
227.243
227.292
227.335
227.39
227.419
227.442
227.457
227.468
227.474
227.474
227.47
227.46
227.458
227.5
227.537
227.576
227.609
227.639
227.648
227.656
227.659
227.664
227.67
227.629
227.618
227.54
227.523
227.503
227.477
227.448
227.415
227.372
227.324
227.272
227.216
227.17
227.132
227.144
227.154
227.159
227.163
227.123
227.118
227.118
227.116
227.129
227.126
227.174
227.163
227.152
227.139
227.116
226.752
226.622
226.599
226.596
226.561
226.495
226.442
226.401
226.35
226.293
226.3
226.276
226.272
226.326
226.322
226.255
226.184
226.172
226.192
226.214
226.179
226.151
226.267
226.29
225.417
225.405
225.392
225.406
225.363
225.396
225.408
225.417
225.487
225.395
225.403
225.41
225.413
225.391
225.415
225.401
225.39
225.416
225.447
225.536
225.592
225.613
225.647
225.677
225.703
225.724
225.747
225.774
225.797
225.818
225.823
225.847
225.885
225.947
226.003
226.035
226.136
226.183
226.19
226.227
226.236
226.317
226.376
226.414
226.483
226.526
226.588
226.712
226.798
226.92
227.006
227.086
227.165
227.241
227.343
227.429
227.543
227.626
227.724
227.826
227.911
227.969
228.041
228.117
228.191
228.259
228.318
228.376
228.435
228.464
228.505
228.541
228.629
228.616
228.655
228.673
228.649
228.668
228.669
228.699
228.699
228.692
228.68
228.664
228.649
228.609
228.654
228.768
228.812
228.839
228.836
228.876
228.89
228.903
228.939
228.946
228.92
228.881
228.889
228.884
228.837
228.822
228.792
228.777
228.743
228.669
228.629
228.591
228.667
228.676
228.683
228.683
228.671
228.671
228.675
228.629
228.617
228.6
228.577
228.559
228.538
228.51
228.451
228.445
228.419
228.433
228.445
228.45
228.456
228.461
228.446
228.44
228.451
228.412
228.395
228.375
228.378
228.362
228.334
228.307
228.273
228.293
228.31
227.909
227.837
227.851
227.859
227.863
227.864
227.86
227.849
227.835
227.813
227.787
227.774
227.736
227.679
227.64
227.593
227.58
227.603
227.657
227.684
227.74
227.776
227.816
227.858
227.88
227.9
227.914
227.925
227.929
227.91
227.896
227.958
227.964
227.959
227.951
227.949
227.973
227.958
227.945
227.928
227.882
227.878
227.855
227.802
227.727
227.673
227.593
227.547
227.493
227.435
227.372
227.367
227.365
227.366
227.358
227.381
227.363
227.344
227.312
227.295
227.276
227.256
227.217
227.188
227.101
227.098
227.055
227
226.941
226.907
226.869
226.885
226.9
226.939
227.06
227.103
227.095
227.044
227.067
227.092
227.095
227.148
227.131
227.126
227.127
227.097
227.034
227.011
227.018
227.013
227.029
227.053
227.071
227.091
227.157
227.276
227.34
227.431
227.42
227.441
227.49
227.51
227.59
227.667
227.749
227.438
227.435
227.503
227.551
227.611
227.668
227.763
227.856
227.945
228.037
228.175
228.252
228.419
228.477
228.533
228.623
228.691
228.796
228.866
228.907
228.939
228.937
228.929
228.957
229.093
229.197
229.227
229.237
229.291
229.333
229.326
229.317
229.348
229.374
229.399
229.408
229.408
229.376
229.346
229.341
229.333
229.321
229.261
229.252
229.228
229.191
229.158
229.073
229.028
228.976
228.921
228.821
228.774
228.717
228.573
228.48
228.367
228.288
228.256
228.251
228.248
228.234
228.173
228.195
228.119
228.063
228.059
228.024
227.975
227.973
227.954
227.911
227.874
227.821
227.777
227.751
227.758
227.7
227.684
227.632
227.622
227.577
227.524
227.485
227.441
227.368
227.364
227.291
227.293
227.291
227.297
227.322
227.324
227.305
227.253
227.273
227.347
227.479
227.581
227.719
227.856
228.002
228.134
228.249
228.357
228.432
228.457
228.539
228.681
228.793
228.958
229.126
229.236
229.334
229.504
229.58
229.681
229.743
229.833
229.905
230.022
230.08
230.132
230.233
230.313
229.974
229.992
229.926
229.963
230.02
230.014
229.996
229.99
229.985
230.001
229.982
229.983
229.957
229.893
229.87
229.816
229.806
229.709
229.659
229.616
229.551
229.492
229.423
229.359
229.286
229.191
229.113
229.065
228.975
228.894
228.784
228.733
228.646
228.601
228.531
228.459
228.368
228.308
228.241
228.128
228.087
227.99
227.91
227.832
227.714
227.611
227.544
227.433
227.361
227.238
227.218
227.164
227.104
227.023
226.955
226.934
226.938
226.943
226.912
226.891
226.866
226.492
226.424
226.03
225.934
225.917
225.912
225.546
225.512
225.55
225.65
225.691
225.712
225.718
225.356
225.387
225.094
225.106
225.186
225.194
225.22
225.183
225.11
225.248
225.285
225.305
225.328
225.367
225.335
225.041
224.967
225.035
225.018
225.07
225.084
224.78
224.763
224.778
224.809
224.88
224.949
225.018
225.086
225.148
225.206
225.259
225.298
225.338
225.36
225.415
225.491
225.471
225.108
224.995
224.978
224.942
224.959
224.971
224.993
224.979
224.981
225.011
225.009
225.021
224.983
225.004
224.988
225
224.621
224.498
224.541
224.564
224.599
224.616
224.639
224.614
224.647
224.655
224.648
224.643
224.648
224.616
224.622
224.608
224.612
224.602
224.632
224.769
224.931
225.04
225.14
225.205
225.293
225.321
225.397
225.477
225.586
225.808
225.989
226.096
226.295
226.442
226.543
226.678
226.839
226.965
227.124
227.287
227.397
227.536
227.687
227.809
227.949
228.148
228.342
228.549
228.332
228.482
228.56
228.715
228.81
228.938
229.03
229.147
229.246
229.344
229.374
229.442
229.526
229.508
229.573
229.658
229.699
229.758
229.803
229.809
229.898
229.909
229.897
229.541
229.498
229.594
229.584
229.595
229.573
229.565
229.503
229.451
229.38
229.34
229.288
229.211
229.135
229.035
229.016
228.954
228.898
228.846
228.743
228.694
228.645
228.605
228.573
228.552
228.486
228.419
228.356
228.287
228.19
228.116
227.99
227.922
227.829
227.774
227.352
227.213
227.13
227.018
226.92
226.479
226.317
226.188
226.085
226.035
225.623
225.468
225.42
225.367
225.297
225.206
225.151
225.12
225.194
225.252
225.28
225.334
225.368
225.362
225.452
225.463
225.048
224.998
225.035
225.049
225.084
224.733
224.689
224.668
224.713
224.681
224.684
224.684
224.668
224.639
224.68
224.676
224.7
224.685
224.675
224.641
224.217
224.135
224.113
224.088
224.034
224.026
223.99
223.964
223.98
224.044
224.054
224.135
224.165
224.171
224.267
224.267
224.326
224.012
223.923
223.979
223.674
223.659
223.778
223.89
224.007
224.158
224.293
224.412
224.464
224.533
224.604
224.701
224.769
224.87
224.58
224.648
224.733
224.819
224.939
224.979
225.044
225.061
225.127
225.192
225.271
225.247
225.334
225.394
225.479
225.533
225.552
225.584
225.595
225.63
225.659
225.687
225.295
225.259
225.357
225.432
225.524
225.579
225.668
225.749
225.841
225.922
226.025
226.133
226.245
226.298
226.326
226.441
226.486
226.524
226.549
226.564
226.563
226.616
226.669
226.727
226.777
226.838
226.94
227.027
227.097
227.239
227.366
227.458
227.533
227.597
227.644
227.704
227.829
227.974
228.068
228.239
228.388
228.529
228.656
228.355
228.449
228.569
228.673
228.745
228.863
228.877
228.974
229.032
229.092
229.147
228.832
228.446
228.4
228.422
228.399
228.487
228.496
228.533
228.546
228.551
228.551
228.547
228.501
228.44
228.411
228.422
228.389
228.351
228.351
228.305
228.278
228.226
228.186
228.082
227.94
227.836
227.769
227.705
227.636
227.586
227.515
227.446
227.372
227.299
227.221
227.084
226.972
226.918
226.836
226.783
226.681
226.589
226.501
226.407
226.333
226.252
226.161
226.053
225.958
225.819
225.734
225.667
225.595
225.559
225.521
225.465
225.42
225.375
225.305
225.242
225.216
225.294
225.296
225.346
225.386
225.455
225.498
225.501
225.547
225.577
225.596
225.675
225.724
225.802
225.87
225.927
225.989
226.013
226.128
226.182
225.864
225.869
225.907
226.075
226.233
226.343
226.407
226.466
226.519
226.567
226.613
226.652
226.775
226.87
226.907
226.933
227.009
227.059
227.06
227.076
227.02
227.083
227.091
227.11
227.109
227.116
227.118
227.163
227.152
227.14
227.056
227.122
227.178
227.154
227.143
227.112
227.082
227.008
226.93
226.878
226.861
226.854
226.878
226.878
226.86
226.85
226.84
226.83
226.813
226.807
226.809
226.797
226.833
226.866
226.866
226.85
226.925
226.935
226.922
227.011
227.109
227.139
227.145
227.224
227.26
227.231
227.324
227.363
227.398
227.456
227.485
227.549
227.565
227.621
227.593
227.646
227.648
227.647
227.643
227.675
227.662
227.605
227.584
227.6
227.635
227.667
227.695
227.717
227.733
227.769
227.897
227.948
227.997
228.039
228.11
228.167
228.161
228.166
228.219
228.289
228.312
228.306
228.334
228.324
228.32
228.354
228.357
228.42
228.566
228.608
228.639
228.764
228.879
228.959
229.058
229.13
229.188
229.24
229.284
228.917
228.837
228.923
228.926
228.945
228.982
228.938
228.941
228.945
228.943
228.905
228.914
228.912
228.923
228.948
228.913
228.876
228.798
228.758
228.747
228.634
228.619
228.6
228.537
228.492
228.466
228.404
228.345
228.25
228.193
228.12
228.062
228.011
227.952
227.895
227.859
227.805
227.372
227.289
227.231
227.171
227.102
227.062
227.122
227.174
227.149
227.191
227.15
227.151
227.147
227.112
227.086
227.11
227.168
227.295
227.335
227.384
227.445
227.498
227.578
227.618
227.632
227.635
227.706
227.703
227.724
227.709
227.751
227.795
227.858
227.913
227.902
227.916
227.962
227.668
227.663
227.665
227.714
227.748
227.865
227.906
227.961
227.996
228.093
228.094
228.111
228.103
228.149
228.157
228.157
228.16
228.134
228.166
228.208
228.174
228.117
228.096
227.996
227.971
227.934
227.847
227.812
227.771
227.738
227.731
227.682
227.584
227.523
227.444
227.366
227.312
227.271
227.241
227.197
227.152
227.105
227.058
227.024
226.936
226.902
226.83
226.768
226.725
226.648
226.57
226.501
226.414
226.336
226.351
226.35
226.438
226.591
226.646
226.735
226.879
227.002
227.079
227.181
227.258
227.321
227.336
227.469
227.606
227.71
227.779
227.827
227.877
227.917
227.956
227.989
228.019
228.094
228.103
228.1
228.122
228.118
228.042
228.06
228.104
228.178
228.222
228.349
228.49
228.662
228.742
228.865
229.009
229.111
229.232
229.368
229.46
229.541
229.605
229.663
229.747
229.878
229.908
229.568
229.585
229.604
229.59
229.605
229.615
229.619
229.633
229.638
229.633
229.612
229.66
229.642
229.694
229.679
229.62
229.578
229.549
229.578
229.533
229.507
229.448
229.383
229.331
229.273
229.215
229.145
229.083
229.017
228.948
228.889
228.816
228.765
228.738
228.707
228.671
228.642
228.605
228.564
228.516
228.443
228.455
228.463
228.431
228.398
228.34
228.281
228.228
228.155
228.099
228.016
227.912
227.867
227.782
227.708
227.633
227.55
227.458
227.396
227.394
227.284
227.278
227.225
227.211
227.207
227.17
227.175
227.135
227.112
227.083
227.086
227.08
227.075
227.058
227.045
227.026
227.029
227.069
227.14
227.178
227.217
227.245
227.256
227.26
227.247
227.24
227.229
227.214
227.191
227.168
227.144
227.127
227.133
227.16
227.186
227.208
227.228
227.247
227.314
227.443
227.492
227.53
227.561
227.614
227.635
227.674
227.692
227.721
227.745
227.76
227.758
227.771
227.783
227.816
227.844
227.853
227.855
227.851
227.858
227.873
227.843
227.85
227.834
227.814
227.79
227.764
227.691
227.671
227.682
227.649
227.648
227.611
227.567
227.57
227.633
227.637
227.636
227.635
227.689
227.701
227.683
227.682
227.681
227.741
227.709
227.732
227.733
227.713
227.709
227.714
227.742
227.771
227.8
227.815
227.92
227.996
228.068
228.113
228.232
228.28
228.338
228.396
228.519
228.588
228.626
228.649
228.672
228.681
228.746
228.773
228.818
228.898
228.966
229.017
229.011
229.031
229.05
229.028
229.028
229.028
229.061
229.14
229.257
229.318
229.391
229.45
229.536
229.686
229.779
229.881
229.941
230
230.084
230.098
230.129
230.176
230.168
230.211
230.269
230.261
230.274
230.238
230.222
230.257
230.253
230.228
230.257
230.221
230.168
230.145
230.11
230.066
230.057
230.003
230.06
230.109
230.075
230.082
230.089
230.131
230.125
230.096
230.055
230.012
229.963
229.916
229.861
229.878
229.822
229.77
229.712
229.662
229.607
229.535
229.489
229.423
229.351
229.331
229.28
229.206
229.091
229.014
228.936
228.836
228.729
228.654
228.543
228.493
228.38
228.347
228.271
228.186
228.114
228.008
227.929
227.918
227.892
227.506
227.441
227.381
227.336
227.292
227.263
227.242
227.203
227.153
227.103
227.1
227.125
227.133
227.251
227.301
227.342
227.369
227.39
227.401
227.416
227.427
227.509
227.572
227.623
227.654
227.746
227.774
227.798
227.809
227.887
227.925
227.977
228.043
228.103
228.161
228.226
228.26
228.268
228.353
228.326
228.382
228.45
228.473
228.448
228.454
228.496
228.498
228.485
228.515
228.534
228.522
228.506
228.498
228.55
228.621
228.574
228.535
228.463
228.437
228.342
228.285
227.869
227.729
227.691
227.614
227.561
227.573
227.563
227.518
227.57
227.574
227.564
227.567
227.536
227.518
227.5
227.46
227.409
227.047
226.96
226.885
226.848
226.853
226.836
226.808
226.773
226.731
226.694
226.708
226.708
226.315
226.299
226.316
226.319
226.28
226.236
226.265
226.311
226.339
226.302
226.275
226.3
226.365
226.472
226.629
226.768
226.914
227.007
226.692
226.74
226.868
226.988
227.067
227.139
227.24
227.254
227.349
227.391
227.433
227.477
227.504
227.529
227.572
227.629
227.602
227.642
227.704
227.377
227.291
227.38
227.458
227.512
227.54
227.599
227.629
227.775
227.9
228.003
228.14
228.231
228.337
228.048
228.033
228.175
228.28
228.349
228.414
228.525
228.598
228.672
228.696
228.76
228.781
228.799
228.8
228.79
228.791
228.774
228.782
228.756
228.735
228.705
228.664
228.641
228.614
228.591
228.569
228.521
228.467
228.418
228.368
228.311
228.248
228.181
228.105
228.026
227.948
227.942
227.822
227.739
227.652
227.563
227.484
227.394
227.296
227.206
227.146
227.041
226.939
226.817
226.725
226.612
226.506
226.395
226.299
226.249
226.201
226.148
226.095
226.04
225.967
225.927
225.823
225.748
225.693
225.623
225.579
225.443
225.338
225.323
225.29
225.237
225.238
225.205
225.187
225.166
225.149
225.108
225.083
225.049
225.014
224.981
224.948
224.974
225.002
225.022
224.988
225.009
225.047
225.027
225.079
225.113
225.16
225.213
225.247
225.228
225.283
225.301
225.364
225.436
225.15
225.164
225.321
225.483
225.705
225.886
226.058
226.256
226.463
226.642
226.819
226.979
227.138
227.292
227.41
227.546
227.677
227.795
227.92
228.035
228.15
228.297
228.4
228.565
228.654
228.742
228.825
228.895
228.946
228.974
229.014
229.051
229.084
229.096
229.111
229.141
229.209
229.292
229.417
229.451
229.501
229.553
229.611
229.654
229.684
229.709
229.736
229.739
229.757
229.776
229.755
229.762
229.765
229.771
229.774
229.761
229.751
229.735
229.712
229.684
229.67
229.65
229.626
229.6
229.572
229.543
229.458
229.423
229.382
229.342
229.301
229.249
229.189
229.171
229.151
229.168
229.152
229.102
229.08
229.07
229.053
229.045
229.015
228.977
228.935
228.893
228.844
228.784
228.729
228.662
228.643
228.66
228.705
228.739
228.782
228.806
228.871
228.946
229.015
229.071
229.115
229.142
229.143
229.19
229.165
229.213
229.236
229.312
229.266
229.269
229.21
228.804
228.727
228.758
228.746
228.728
228.704
228.668
228.639
228.6
228.558
228.521
228.478
228.413
228.359
228.321
228.252
228.21
228.158
228.096
228.04
227.962
227.909
227.864
227.779
227.703
227.63
227.552
227.473
227.387
227.298
227.208
227.121
227.024
226.916
226.876
226.836
226.795
226.753
226.711
226.631
226.623
226.554
226.521
226.482
226.398
226.356
226.313
226.274
226.23
226.179
226.123
226.069
226.042
226.052
226.068
226.084
226.142
226.116
226.105
226.106
226.087
226.074
225.702
225.665
225.724
225.774
225.821
225.867
225.905
225.938
225.966
225.998
226.028
226.042
226.103
226.181
226.252
226.329
226.393
226.456
226.51
226.534
226.573
226.678
226.795
226.938
227.074
227.206
227.328
227.412
227.529
227.64
227.743
227.844
227.946
228.102
228.247
228.414
228.521
228.646
228.718
228.833
228.931
229.027
229.119
229.209
229.286
229.362
229.434
229.499
229.501
229.532
229.64
229.691
229.688
229.716
229.77
229.781
229.777
229.741
229.712
229.743
229.804
229.838
229.878
229.88
229.9
229.93
229.953
229.979
229.98
229.983
229.976
229.977
229.968
229.984
229.967
229.951
229.936
229.903
229.893
229.877
229.844
229.81
229.797
229.76
229.724
229.7
229.674
229.695
229.627
229.607
229.551
229.495
229.438
229.378
229.322
229.279
229.217
229.145
229.067
229.002
228.928
228.856
228.767
228.683
228.601
228.583
228.575
228.474
228.489
228.433
228.381
228.32
227.868
227.778
227.758
227.348
227.297
227.303
227.401
227.424
227.518
227.6
227.646
227.655
227.661
227.735
227.8
227.853
227.924
227.974
228.019
228.031
228.068
228.099
228.123
228.136
228.134
228.112
228.109
228.104
228.094
228.081
228.064
228.042
228.021
227.995
227.983
227.99
227.959
227.917
227.925
227.831
227.781
227.679
227.628
227.616
227.586
227.623
227.654
227.624
227.606
227.615
227.591
227.604
227.615
227.585
227.55
227.506
227.464
227.38
227.352
227.29
227.258
227.181
227.129
227.069
227.015
226.829
226.779
226.723
226.679
226.643
226.673
226.68
226.687
226.682
226.681
226.643
226.62
226.617
226.61
226.577
226.558
226.539
226.519
226.497
226.484
226.447
226.436
226.521
226.538
226.562
226.581
226.595
226.607
226.629
226.637
226.637
226.652
226.755
226.807
226.83
226.93
227.024
227.172
227.336
227.475
227.616
227.728
227.816
227.965
228.079
228.185
228.264
228.318
228.397
228.46
228.532
228.63
228.749
228.823
228.936
229.057
229.139
229.24
229.277
229.366
229.454
229.535
229.599
229.664
229.76
229.822
229.866
229.959
229.964
229.995
230.017
230.05
230.05
230.046
230.071
230.125
230.126
230.076
230.117
230.167
230.18
230.276
230.318
230.351
230.383
230.399
230.418
230.435
230.458
230.415
230.417
230.416
230.403
230.425
230.41
230.41
230.44
230.526
230.62
230.682
230.698
230.709
230.714
230.754
230.749
230.729
230.71
230.721
230.744
230.72
230.698
230.721
230.684
230.614
230.645
230.585
230.556
230.482
230.038
229.954
229.919
229.909
229.87
229.771
229.684
229.591
229.514
229.424
229.325
229.245
229.193
228.761
228.598
228.494
228.434
228.399
228.386
228.363
228.295
228.287
228.341
228.329
228.313
228.294
228.277
228.236
228.203
228.18
228.196
228.192
228.175
228.132
228.076
227.994
227.928
227.872
227.771
227.695
227.714
227.68
227.597
227.53
227.414
227.354
227.33
227.291
227.243
227.215
227.166
227.115
227.011
226.952
226.884
226.848
226.779
226.749
226.733
226.731
226.711
226.756
226.786
226.788
226.754
226.635
226.606
226.531
226.496
226.463
226.406
226.366
226.312
226.244
226.18
226.104
226.01
225.946
225.929
225.93
225.941
225.957
225.626
225.588
225.556
225.537
225.517
225.537
225.543
225.599
225.591
225.582
225.573
225.568
225.572
225.638
225.715
225.734
225.785
225.841
225.895
225.943
225.989
226.026
226.061
226.12
226.172
226.242
226.216
226.252
226.413
226.111
226.076
226.233
226.299
226.418
226.516
226.597
226.716
226.833
226.936
226.988
227.153
227.276
227.466
227.597
227.713
227.802
227.835
227.917
228.117
228.275
228.418
228.53
228.634
228.741
228.847
228.984
229.022
229.101
229.209
229.287
229.324
229.391
229.42
229.432
229.492
229.544
229.571
229.575
229.603
229.587
229.625
229.614
229.616
229.602
229.6
229.556
229.515
229.474
229.454
229.386
229.367
229.373
229.346
229.385
229.409
229.494
229.565
229.695
229.774
229.828
229.883
230.04
230.063
230.075
230.082
230.082
230.083
230.041
230.093
230.046
230.044
230.021
230.01
229.946
229.94
229.903
229.972
229.923
229.905
229.863
229.888
229.954
229.928
229.98
230.092
230.106
230.086
230.149
230.072
230.037
229.975
229.937
229.893
229.848
229.798
229.733
229.308
229.233
229.142
229.052
228.983
228.961
228.884
228.815
228.762
228.695
228.621
228.57
228.48
228.001
227.839
227.847
227.72
227.679
227.676
227.527
227.498
227.442
227.329
227.291
227.2
227.103
227.007
226.956
226.822
226.762
226.733
226.073
226.025
225.949
225.891
225.818
225.748
225.675
225.597
225.518
225.442
225.357
225.281
225.202
225.17
225.139
225.101
225.071
225.032
224.994
224.931
224.941
224.976
224.995
225.018
224.977
224.985
224.987
224.964
224.958
224.887
224.874
224.864
224.856
224.903
224.948
225.094
225.179
225.273
225.344
225.414
225.488
225.123
225.105
225.149
225.255
225.309
225.409
225.513
225.681
225.736
225.875
225.929
225.988
226.078
226.148
226.173
226.273
226.336
226.405
226.49
226.507
226.582
226.578
226.626
226.669
226.71
226.749
226.787
226.823
226.815
226.892
226.923
227.018
227.098
227.163
227.226
227.295
227.326
227.363
227.419
227.491
227.525
227.579
227.582
227.613
227.679
227.703
227.754
227.859
227.983
228.101
228.215
228.378
228.524
228.635
228.731
228.833
228.921
229.007
229.087
229.166
229.239
229.306
229.347
229.409
229.465
229.522
229.583
229.608
229.644
229.687
229.719
229.747
229.733
229.742
229.751
229.751
229.772
229.8
229.857
229.909
229.948
229.972
230.048
230.071
230.146
230.16
230.211
230.261
230.312
230.357
230.393
230.427
230.456
230.482
230.541
230.601
230.655
230.704
230.752
230.836
230.87
230.931
230.95
230.904
230.924
230.924
230.912
230.93
230.911
230.907
230.862
230.829
230.789
230.759
230.761
230.704
230.703
230.61
230.539
230.465
230.384
230.301
230.219
230.11
230.009
229.981
229.871
229.741
229.59
229.466
229.362
229.262
229.171
229.023
228.924
228.779
228.666
228.528
228.365
228.243
228.101
227.97
227.842
227.711
227.559
227.416
226.946
226.717
226.587
226.454
226.322
226.184
226.04
225.889
225.753
225.629
225.524
225.391
225.325
225.233
225.17
225.129
225.101
225.043
225.035
225.024
225.018
225.008
224.932
224.998
224.978
224.957
224.933
224.907
224.846
224.843
224.841
224.803
224.764
224.685
224.651
224.666
224.682
224.696
224.751
224.845
224.902
224.959
225.055
225.115
225.231
225.283
225.359
225.45
225.515
225.602
225.728
225.778
225.905
226.063
226.19
226.297
226.421
226.524
226.666
226.778
226.856
226.946
227.074
227.157
227.22
227.346
227.357
227.408
227.439
227.509
227.514
227.569
227.614
227.651
227.812
227.901
227.949
228.017
227.73
227.784
227.875
227.936
228.018
228.076
228.132
228.203
228.262
228.34
228.332
228.347
228.398
228.42
228.528
228.614
228.711
228.792
228.845
228.909
228.982
229.033
229.081
229.081
229.115
229.149
229.188
229.213
229.237
229.318
229.436
229.487
229.568
229.604
229.645
229.784
229.898
229.992
230.091
230.071
230.158
230.227
230.29
230.367
230.448
230.489
230.523
230.558
230.65
230.713
230.826
230.871
230.992
231.057
231.093
231.15
231.203
231.24
231.332
231.367
231.368
231.382
231.447
231.448
231.087
231.013
230.982
231.014
230.977
230.954
230.937
230.946
230.875
230.819
230.775
230.717
230.654
230.606
230.591
230.527
230.5
230.409
230.35
230.305
230.23
230.227
230.16
230.072
230.033
230.011
229.593
229.515
229.409
229.342
229.266
229.145
229.07
228.968
228.849
228.781
228.682
228.592
228.467
228.381
228.28
228.132
228.024
227.921
227.812
227.788
227.744
227.751
227.689
227.633
227.615
227.602
227.542
227.548
227.46
227.384
227.279
227.212
227.13
227.042
226.972
226.923
226.848
226.789
226.685
226.599
226.511
226.043
225.916
225.853
225.752
225.653
225.596
225.516
225.456
225.349
225.328
225.355
225.334
225.345
225.387
225.38
225.341
225.329
225.358
225.398
225.378
225.372
225.409
225.434
225.429
225.458
225.476
225.491
225.499
225.568
225.582
225.56
225.553
225.556
225.555
225.556
225.182
225.193
225.188
225.148
225.196
225.232
225.218
225.201
225.166
225.152
224.744
224.63
224.62
224.543
224.568
224.567
224.598
224.584
224.511
224.553
224.575
224.622
224.686
224.822
224.896
224.955
225.021
225.094
225.124
225.181
225.294
225.404
225.508
225.597
225.688
225.748
225.831
225.924
226.018
226.082
226.14
226.208
226.314
226.449
226.562
226.638
226.741
226.815
226.929
226.986
227.139
227.262
227.423
227.561
227.693
227.788
227.911
228.035
228.124
228.247
228.361
228.447
228.542
228.631
228.706
228.785
228.846
228.938
229.103
229.246
229.409
229.582
229.771
229.997
229.738
229.818
229.958
230.067
230.191
230.358
230.472
230.637
230.74
230.815
230.929
231.075
231.098
230.768
230.74
230.836
230.923
230.957
230.945
230.971
230.978
230.939
230.963
230.928
231.012
231.073
231.131
230.756
230.662
230.731
230.736
230.755
230.756
230.761
230.812
230.804
230.841
230.837
230.874
230.854
230.874
230.839
230.8
230.76
230.721
230.668
230.598
230.522
230.411
230.329
230.243
230.151
230.052
229.96
229.833
229.715
229.638
229.203
229.063
228.948
228.839
228.732
228.648
228.521
228.426
228.3
228.196
228.062
227.934
227.854
227.773
227.648
227.569
227.486
227.402
227.314
227.225
227.135
227.022
226.924
226.776
226.683
226.54
226.436
226.323
226.215
226.101
226.024
225.867
225.76
225.675
225.684
225.627
225.536
225.5
225.466
225.39
225.364
225.294
225.276
225.188
225.1
225.003
224.905
224.794
224.741
224.699
224.711
224.697
224.742
224.767
224.835
224.822
224.844
224.843
224.837
224.788
224.786
224.781
224.391
224.281
224.271
224.26
224.245
224.235
224.225
224.247
224.241
224.213
224.26
223.892
223.819
223.81
223.795
223.782
223.738
223.731
223.713
223.697
223.703
223.671
223.651
223.625
223.641
223.619
223.598
223.634
223.669
223.681
223.761
223.867
223.952
224.095
224.242
224.365
224.496
224.621
224.778
224.88
224.992
225.15
225.258
225.345
225.426
225.47
225.542
225.613
225.654
225.785
225.943
226.117
226.293
226.463
226.614
226.809
226.982
226.809
226.889
227.064
227.31
227.465
227.646
227.82
227.984
228.113
228.274
228.423
228.524
228.662
228.8
228.919
229.041
229.192
229.271
229.366
229.072
229.109
229.288
229.424
229.567
229.697
229.802
229.9
230
229.664
229.672
229.381
229.417
229.562
229.692
229.824
229.94
230.037
230.065
230.059
230.107
230.197
230.288
229.989
229.923
229.956
229.985
230.038
230.063
230.099
230.179
230.211
230.238
230.251
230.262
230.265
230.225
230.209
230.199
230.178
230.182
230.144
229.744
229.629
229.64
229.595
229.553
229.542
229.482
229.417
229.359
229.294
229.245
229.171
229.096
229.016
228.941
228.86
228.817
228.715
228.617
228.49
228.372
228.267
228.177
228.079
227.957
227.829
227.719
227.603
227.483
227.369
227.306
227.238
227.173
227.106
227.026
226.95
226.892
226.787
226.714
226.625
226.588
226.582
226.61
226.639
226.644
226.608
226.563
226.518
226.457
226.38
226.319
226.271
226.22
226.144
226.07
225.947
225.875
225.796
225.686
225.587
225.547
225.449
225.36
225.257
225.156
225.076
225.026
224.955
224.928
224.936
224.89
224.812
224.807
224.718
224.7
224.301
224.222
224.2
223.813
223.68
223.578
223.492
223.421
223.422
223.411
223.398
223.385
223.375
223.292
223.277
223.259
223.203
223.178
223.225
223.275
223.262
223.305
223.291
223.197
223.18
223.169
223.131
223.104
223.136
223.176
223.247
223.299
223.354
223.327
223.358
223.464
223.516
223.569
223.639
223.77
223.881
223.927
224.097
224.163
224.261
224.376
224.467
224.558
224.738
224.921
225.096
225.264
225.503
225.77
225.996
226.186
226.414
226.643
226.906
227.168
227.476
227.771
228.026
228.303
228.519
228.694
228.958
229.166
229.373
229.573
229.792
229.928
230.054
230.224
230.406
230.568
230.723
230.875
231.038
231.191
231.261
231.374
231.469
231.574
231.687
231.783
231.87
231.955
232.047
232.13
232.199
232.249
232.251
232.249
232.296
232.321
232.361
232.382
232.371
232.374
232.384
232.389
232.384
232.355
232.325
232.303
232.314
232.346
232.384
232.365
232.359
232.368
232.357
232.368
232.345
232.326
231.938
231.846
231.821
231.775
231.738
231.679
231.622
231.561
231.136
231.036
230.948
230.505
230.404
230.338
230.278
230.168
230.093
230.012
229.933
229.829
229.723
229.627
229.523
229.416
229.303
229.18
229.057
228.987
228.91
228.841
228.755
228.632
228.54
228.444
228.346
227.904
227.721
227.613
227.503
227.394
227.314
227.261
227.199
227.141
227.068
226.962
226.888
226.803
226.719
226.639
226.539
226.452
226.365
226.277
226.182
226.09
225.995
225.888
225.778
225.667
225.548
225.434
225.318
225.191
225.064
224.926
224.813
224.688
224.571
224.489
224.371
224.253
224.131
224.011
223.882
223.754
223.628
223.491
223.364
223.233
223.164
223.051
222.994
222.936
222.883
222.832
222.798
222.748
222.703
222.675
222.628
222.585
222.51
222.476
222.436
222.4
222.365
222.291
222.313
222.277
222.306
222.291
222.401
222.429
222.531
222.614
222.704
222.784
222.871
222.944
223.01
223.034
223.196
223.312
223.51
223.662
223.853
223.998
224.175
224.325
224.528
224.673
224.88
225.018
225.257
225.492
225.755
225.951
226.175
226.388
226.509
226.719
226.913
227.189
227.432
227.666
227.892
228.109
228.303
228.503
228.692
228.88
229.055
229.227
229.358
229.498
229.651
229.763
229.954
230.149
230.329
230.435
230.622
230.778
230.889
230.594
230.657
230.792
230.92
231.041
231.157
231.216
231.375
231.476
231.601
231.677
231.754
231.766
231.83
231.89
231.937
231.981
232.032
232.037
232.073
232.131
232.143
232.144
232.146
232.111
232.078
232.007
232.002
231.99
231.919
231.885
231.859
231.79
231.712
231.687
231.713
231.32
231.279
231.25
231.293
231.275
231.288
231.27
231.325
231.31
231.346
231.306
231.276
231.242
231.2
231.159
231.106
231.033
230.969
230.905
230.824
230.75
230.69
230.608
230.53
230.476
230.457
230.403
230.377
230.324
230.324
230.299
230.332
230.332
230.309
230.325
230.302
230.291
230.257
230.198
230.11
230.056
229.957
229.881
229.772
229.728
229.633
229.601
229.558
229.436
229.325
229.27
229.16
228.996
228.872
228.741
228.614
228.544
228.424
228.293
228.203
228.13
228.027
227.949
227.786
227.653
227.509
227.417
227.307
227.152
227.007
226.866
226.731
226.595
226.456
226.318
226.178
226.039
225.897
225.73
225.556
225.439
225.31
225.185
225.042
224.903
224.784
224.667
224.518
224.345
224.201
224.07
224.016
223.959
223.936
223.892
223.897
223.855
223.827
223.794
223.738
223.718
223.686
223.643
223.628
223.607
223.595
223.624
223.655
223.685
223.717
223.773
223.807
223.816
223.88
223.932
223.951
223.971
224.031
224.144
224.226
224.297
224.376
224.455
224.518
224.579
224.588
224.659
224.711
224.777
224.831
224.888
224.943
225.003
225.104
225.194
225.287
225.371
225.448
225.516
225.187
225.26
225.486
225.711
225.957
226.168
226.436
226.668
226.912
226.698
226.89
227.059
227.286
227.506
227.627
227.835
228.04
228.228
228.399
228.588
228.803
228.586
228.653
228.806
228.927
229.181
229.311
229.379
229.474
229.542
229.574
229.674
229.82
229.923
230
229.637
229.626
229.688
229.768
229.44
229.44
229.505
229.57
229.615
229.698
229.757
229.817
229.849
229.885
229.903
229.903
229.904
229.941
230.029
230.105
230.17
230.23
230.246
230.292
230.346
230.439
230.52
230.598
230.735
230.815
230.891
230.952
231.01
231.067
231.097
231.176
231.234
231.259
231.276
231.26
231.239
231.237
231.231
231.262
231.264
231.232
231.195
231.148
231.196
231.193
231.132
231.128
231.144
231.15
231.085
231.051
231.013
230.958
230.911
230.818
230.72
230.589
230.481
230.422
230.356
230.301
230.216
230.188
230.043
229.912
229.81
229.655
229.541
229.395
229.223
229.144
229.034
228.905
228.787
228.675
228.583
228.462
228.327
228.225
228.102
227.97
227.838
227.771
227.655
227.547
227.407
227.27
227.145
226.996
226.907
226.742
226.611
226.461
226.287
226.168
226.017
225.859
225.362
225.143
224.941
224.821
224.727
224.599
224.505
224.097
224.002
223.955
223.896
223.854
223.809
223.762
223.779
223.768
223.676
223.62
223.542
223.46
223.412
223.355
223.3
223.264
223.256
223.244
223.215
223.211
223.184
223.156
223.178
223.171
223.157
223.136
223.088
223.042
223.013
223.034
223.031
223.045
223.095
223.044
223.09
223.134
223.177
223.303
223.353
223.319
223.317
223.335
223.375
223.418
223.433
223.462
223.497
223.509
223.539
223.628
223.724
223.812
223.87
223.975
224.122
224.226
224.361
224.491
224.585
224.659
224.756
224.923
225.081
225.178
225.36
225.565
225.779
226.013
226.332
226.642
226.949
227.235
227.516
227.779
228.029
228.293
228.473
228.707
228.931
229.152
229.352
229.562
229.765
229.963
230.145
230.297
230.443
230.614
230.767
230.918
231.006
231.147
231.294
231.417
231.542
231.651
231.716
231.817
231.926
232.021
232.103
232.176
232.23
232.3
232.336
232.362
232.417
232.469
232.514
232.549
232.575
232.596
232.586
232.568
232.567
232.557
232.547
232.584
232.593
232.623
232.664
232.739
232.808
232.869
232.868
232.894
232.978
233.019
233.068
233.069
233.084
233.062
233.065
233.058
233.054
233.011
232.991
232.568
232.432
232.415
232.353
232.308
232.257
232.205
232.12
232.049
231.975
231.91
231.842
231.751
231.624
231.506
231.404
231.307
231.198
231.065
230.945
230.814
230.713
230.59
230.457
230.329
230.183
230.049
229.9
229.755
229.616
229.476
229.331
229.19
229.048
228.905
228.763
228.62
228.474
228.327
228.178
228.029
227.88
227.739
227.589
227.446
227.291
227.147
226.979
226.82
226.662
226.502
226.354
226.248
226.135
226.02
225.889
225.861
225.824
225.754
225.763
225.688
225.618
225.572
225.561
225.555
225.527
225.466
225.507
225.474
225.439
225.466
225.425
225.383
225.339
225.245
225.205
225.131
225.046
224.986
224.932
224.927
224.897
224.872
224.817
224.745
224.727
224.635
224.576
224.512
224.456
224.384
224.316
224.257
224.25
224.226
224.197
224.247
224.257
224.265
224.289
224.299
224.247
224.253
224.325
224.299
224.3
224.317
224.337
224.374
224.426
224.534
224.593
224.658
224.783
224.85
224.883
224.915
224.812
224.827
224.932
224.992
225.059
225.156
225.195
225.292
225.398
225.531
225.737
225.937
226.172
226.384
226.198
226.293
226.501
226.717
226.964
227.149
227.415
227.652
227.798
227.926
228.123
228.334
228.519
228.704
228.853
229.027
229.197
229.363
229.523
229.677
229.826
229.949
230.082
230.191
230.326
230.436
230.545
230.654
230.742
230.833
230.899
230.993
231.061
231.119
231.169
231.221
231.227
231.301
231.383
231.47
231.568
231.602
231.635
231.698
231.753
231.818
231.857
231.889
231.913
231.95
231.962
231.973
231.979
232.043
232.096
232.142
232.178
232.145
232.161
232.178
232.175
232.214
232.207
232.219
232.2
232.129
232.108
232.073
232.015
231.971
231.892
231.809
231.748
231.634
231.537
231.466
231.39
231.311
231.207
231.123
231.032
230.946
230.841
230.749
230.637
230.471
230.36
230.257
230.152
230.047
229.97
229.848
229.692
229.219
228.998
228.862
228.748
228.631
228.517
228.409
228.287
228.167
228.049
227.923
227.795
227.671
227.547
227.404
227.28
226.836
226.751
226.687
226.615
226.492
226.405
226.315
226.22
226.127
226.037
226.067
226.016
225.981
225.971
225.992
225.946
225.954
225.973
225.967
226.016
225.96
225.937
225.912
225.856
225.847
225.798
225.754
225.716
225.683
225.648
225.609
225.568
225.557
225.49
225.423
225.364
225.318
225.352
225.335
225.33
225.35
225.289
225.292
225.281
225.283
225.263
225.244
225.224
225.172
225.152
225.121
225.104
225.088
225.137
225.127
225.115
225.097
225.085
225.127
225.112
225.1
225.069
225.036
224.999
224.969
224.959
224.98
224.979
225.058
225.09
225.231
225.311
225.391
225.51
225.636
225.772
225.965
226.072
226.132
226.208
226.302
226.392
226.481
226.59
226.759
226.893
227.028
227.157
227.32
227.433
227.149
227.146
227.246
227.347
227.415
227.506
227.592
227.693
227.822
227.996
228.097
228.204
228.205
228.301
228.444
228.594
228.694
228.83
228.961
229.127
229.237
229.358
229.475
229.577
229.677
229.767
229.853
229.964
230.039
230.161
230.277
230.379
230.533
230.646
230.732
230.851
230.959
231.059
231.131
231.193
231.249
231.3
231.319
231.335
231.357
231.406
231.442
231.449
231.448
231.45
231.428
231.411
231.389
231.362
231.371
231.325
231.32
231.332
231.339
231.389
231.381
231.332
231.309
231.287
231.259
231.223
231.185
231.1
231.097
231.046
230.989
230.928
230.864
230.793
230.714
230.639
230.559
230.468
230.383
230.292
230.2
230.105
230.009
229.908
229.805
229.698
229.616
229.507
229.397
229.285
229.173
229.082
228.976
228.86
228.737
228.609
228.481
228.352
228.224
228.098
227.97
227.865
227.779
227.705
227.63
227.564
227.486
227.406
227.346
227.246
227.153
227.082
226.982
226.948
226.906
226.85
226.799
226.746
226.69
226.642
226.567
226.491
226.405
226.331
226.26
226.188
226.165
226.079
225.998
225.915
225.855
225.82
225.756
225.716
225.675
225.635
225.602
225.601
225.64
225.662
225.689
225.707
225.67
225.679
225.681
225.684
225.688
225.688
225.687
225.686
225.686
225.679
225.626
225.621
225.616
225.606
225.594
225.581
225.566
225.558
225.546
225.527
225.584
225.604
225.663
225.694
225.74
225.721
225.718
225.717
225.765
225.774
225.779
225.788
225.821
225.887
225.946
225.993
226.042
226.126
226.273
226.44
226.6
226.778
226.924
227.066
227.206
227.349
227.481
227.601
227.782
227.891
227.998
228.05
228.158
228.313
228.414
228.51
228.604
228.741
228.823
228.893
228.942
228.979
229.012
229.097
229.105
229.141
229.171
229.209
229.272
229.361
229.443
229.522
229.591
229.658
229.698
229.747
229.803
229.942
230.111
230.271
230.416
230.55
230.642
230.755
230.878
230.982
230.986
231.07
231.13
231.205
230.806
230.74
230.804
230.883
230.891
230.935
230.973
230.952
230.952
230.972
231.026
231.008
231.021
231.049
231.129
231.178
231.253
231.287
231.286
231.302
231.297
231.28
231.318
231.322
231.345
231.344
231.319
231.299
231.274
231.243
231.19
231.159
231.174
231.131
231.089
231.038
230.968
230.907
230.874
230.8
230.365
230.254
230.179
230.062
229.978
229.876
229.786
229.729
229.619
229.534
229.464
229.368
229.264
229.153
229.039
228.927
228.805
228.684
228.557
228.426
228.35
228.251
228.12
228.044
227.964
227.955
227.869
227.806
227.689
227.599
227.527
227.432
227.336
227.291
227.244
227.15
227.087
227.04
226.992
226.929
226.81
226.783
226.691
226.629
226.569
226.448
226.385
226.292
226.331
226.309
226.202
226.081
226.013
225.978
225.925
225.905
225.877
225.848
225.818
225.759
225.729
225.735
225.704
225.686
225.653
225.618
225.557
225.518
225.498
225.532
225.552
225.56
225.58
225.58
225.579
225.524
225.525
225.522
225.518
225.477
225.466
225.525
225.537
225.594
225.601
225.584
225.648
225.71
225.417
225.396
225.482
225.551
225.695
225.801
225.911
226.111
226.233
226.347
226.459
226.561
226.682
226.785
226.835
226.912
226.967
227.051
227.17
227.313
227.427
227.539
227.674
227.811
227.914
228.014
228.158
228.25
228.332
228.477
228.562
228.629
228.788
228.857
228.93
229.001
229.048
229.087
229.148
229.194
229.248
228.899
228.867
228.902
228.935
229.003
229.068
229.078
229.108
229.148
229.154
229.189
229.184
229.215
229.241
229.298
229.339
229.4
229.451
229.46
229.553
229.628
229.737
229.808
229.896
230.039
230.113
230.182
230.272
230.351
230.42
230.43
230.496
230.533
230.522
230.556
230.606
230.669
230.739
230.815
230.872
230.922
230.921
230.89
230.888
230.913
230.935
230.944
230.952
230.912
230.915
230.903
230.884
230.881
230.791
230.761
230.696
230.649
230.611
230.562
230.514
230.463
230.41
230.314
230.301
230.227
230.206
230.129
230.001
229.918
229.832
229.742
229.68
229.586
229.444
229.342
229.242
229.099
228.97
228.49
228.296
228.19
228.082
227.974
227.862
227.792
227.738
227.699
227.674
227.607
227.536
227.471
227.38
227.309
227.237
227.179
227.102
227.023
226.95
226.858
226.729
226.621
226.511
226.414
226.318
226.263
226.228
226.211
226.173
226.132
226.102
226.097
226.072
226.021
225.899
225.832
225.781
225.724
225.649
225.601
225.559
225.603
225.68
225.677
225.675
225.664
225.644
225.646
225.631
225.625
225.682
225.696
225.746
225.847
225.922
225.983
226.025
226.061
226.054
226.101
226.129
226.153
226.176
226.239
226.414
226.571
226.696
226.809
226.927
226.982
226.674
226.712
226.857
226.96
227.058
227.079
227.112
227.182
227.252
227.303
227.452
227.569
227.675
227.827
227.914
228.039
227.763
227.834
228.007
228.129
228.277
228.379
228.479
228.574
228.702
228.771
228.847
228.893
228.986
229.051
229.11
229.177
229.216
229.258
229.297
229.314
229.358
229.34
229.366
229.368
229.397
229.415
229.381
229.365
229.406
229.367
229.364
229.355
229.34
229.253
229.249
229.156
229.127
229.074
229.047
229.067
229.054
229.042
229.085
229.053
229.047
229.025
229.027
229.026
228.638
228.554
228.55
228.506
228.459
228.427
228.408
228.436
228.444
228.435
228.431
228.451
228.408
228.391
228.351
228.33
228.215
228.168
227.811
227.754
227.791
227.795
227.864
227.801
227.81
227.791
227.792
227.478
227.495
227.532
227.556
227.641
227.678
227.669
227.699
227.707
227.72
227.708
227.669
227.676
227.676
227.61
227.581
227.533
227.515
227.468
227.024
226.899
226.921
226.891
226.859
226.839
226.776
226.74
226.673
226.666
226.639
226.604
226.58
226.535
226.501
226.475
226.478
226.396
226.322
226.278
226.234
226.213
226.168
226.111
226.066
225.691
225.528
225.566
225.62
225.619
225.614
225.574
225.567
225.607
225.655
225.703
225.754
225.798
225.836
225.915
225.981
226.047
226.144
226.194
226.291
226.399
226.498
226.605
226.701
226.809
226.898
226.984
227.045
227.107
227.177
227.274
227.331
227.369
227.401
227.449
227.504
227.545
227.589
227.63
227.642
227.686
227.731
227.754
227.815
227.823
227.835
227.866
227.861
227.881
227.869
227.882
227.89
227.907
227.916
227.954
228.006
228.022
228.143
228.232
228.284
228.32
228.326
228.326
228.34
228.398
228.476
228.514
228.586
228.691
228.752
228.806
228.861
228.908
228.952
228.998
229.017
229.041
229.066
229.086
229.112
229.083
229.092
229.094
229.162
229.153
229.192
229.154
229.136
229.107
229.077
229.053
229.037
228.983
228.957
228.909
228.859
228.806
228.75
228.663
228.653
228.591
228.518
228.445
228.371
228.3
228.218
228.158
228.126
228.121
228.087
228.04
227.935
227.906
227.883
227.889
227.906
227.936
227.875
227.902
227.883
227.924
227.88
227.839
227.782
227.721
227.646
227.613
227.527
227.518
227.494
227.463
227.434
227.417
227.395
227.301
227.255
227.261
227.202
227.143
227.063
227.061
227.026
227.033
226.972
226.89
226.823
226.751
226.679
226.654
226.694
226.746
226.748
226.83
226.806
226.853
226.903
227.072
227.214
227.414
227.546
227.738
227.407
227.451
227.588
227.792
227.896
228.022
228.17
227.829
227.883
228.02
228.101
228.207
228.325
228.38
228.455
228.597
228.247
228.209
228.228
228.179
228.2
227.839
227.477
227.468
227.449
227.511
227.646
227.762
227.909
227.909
227.997
228.064
228.11
228.105
228.155
228.153
228.14
228.139
228.098
228.112
228.073
228.078
228.042
227.658
227.57
227.16
226.998
226.949
226.546
226.428
226.049
225.971
225.915
225.904
225.845
225.842
225.821
225.751
225.696
225.66
225.632
225.177
225.03
224.955
224.91
224.898
224.9
224.9
224.902
224.92
224.919
224.927
224.936
224.925
224.891
224.885
224.87
224.799
224.419
224.326
224.298
224.221
224.226
223.993
223.772
223.856
223.991
223.764
223.788
223.902
223.958
224.187
224.384
224.673
224.982
225.233
225.537
225.838
226.121
226.329
226.568
226.792
226.995
227.175
227.013
227.066
227.242
227.474
227.278
227.076
226.884
227.012
227.184
227.404
227.566
227.72
227.853
228.022
228.169
228.304
228.442
228.622
228.726
228.858
228.616
228.651
228.8
228.935
229.138
229.338
229.583
229.76
229.962
230.141
230.304
230.053
230.129
230.249
230.455
230.613
230.791
230.502
230.618
230.763
230.988
231.156
231.305
231.446
231.551
231.713
231.865
232.016
232.132
232.194
232.296
232.396
232.53
232.661
232.787
232.905
233.003
233.093
233.104
233.193
233.296
233.356
233.043
233.044
233.119
233.201
233.288
233.412
233.543
233.666
233.794
233.904
234.036
233.776
233.799
233.955
233.679
233.758
233.945
234.042
234.166
234.282
234.337
234.446
234.546
234.679
234.754
234.809
234.858
234.946
235.008
235.104
235.277
235.366
235.475
235.642
235.791
235.933
236.069
236.193
236.321
236.444
236.559
236.655
236.762
236.862
236.952
237.041
237.099
237.181
237.269
237.347
237.402
237.482
237.581
237.711
237.866
237.997
238.052
238.179
238.307
238.411
238.51
238.613
238.727
238.867
239.023
239.168
238.908
238.665
238.829
238.958
239.086
238.894
239.08
239.301
239.404
239.603
239.796
240.051
240.298
240.47
240.636
240.791
240.942
241.085
241.205
241.324
241.378
241.568
241.616
241.718
241.809
241.9
242.018
242.137
242.209
242.274
242.306
242.373
242.468
242.518
242.594
242.631
242.694
242.716
242.733
242.69
242.697
242.708
242.69
242.689
242.687
242.678
242.655
242.641
242.604
242.562
242.524
242.501
242.452
242.425
242.408
242.387
242.36
242.331
242.34
242.357
242.374
242.38
242.442
242.438
242.499
242.597
242.636
242.692
242.715
242.731
242.741
242.743
242.796
242.79
242.718
242.703
242.72
242.674
242.637
242.594
242.527
242.471
242.424
242.421
242.315
242.279
242.248
242.186
242.122
242.062
242.001
241.986
241.961
241.896
241.901
241.845
241.787
241.726
241.675
241.615
241.594
241.553
241.44
241.342
241.415
241.465
241.517
241.587
241.648
241.696
241.718
241.783
241.824
241.838
241.868
241.873
241.863
241.855
241.858
241.839
241.819
241.809
241.764
241.811
241.845
241.866
241.85
241.862
241.87
241.847
241.843
241.834
241.807
241.771
241.725
241.729
241.732
241.736
241.772
241.794
241.876
241.951
242.019
242.086
242.148
242.213
242.255
242.3
242.331
242.373
242.401
242.426
242.39
242.41
242.413
242.429
242.429
242.431
242.428
242.432
242.455
242.51
242.561
242.586
242.649
242.674
242.666
242.682
242.674
242.686
242.305
242.308
242.371
242.444
242.516
242.513
242.552
242.544
242.596
242.636
242.689
242.819
242.971
243.115
243.276
243.428
243.565
243.698
243.835
243.995
244.122
244.185
244.305
244.426
244.57
244.658
244.731
244.837
244.889
244.978
245.063
245.192
245.388
245.572
245.748
245.948
246.128
246.29
246.443
246.577
246.717
246.855
246.972
247.07
247.163
247.259
247.334
247.398
247.46
247.513
247.559
247.567
247.705
247.799
247.859
247.963
247.983
248.042
248.064
247.751
247.785
247.827
247.852
247.876
247.871
247.886
247.903
247.904
247.902
247.874
247.864
247.833
247.781
247.758
247.77
247.738
247.698
247.652
247.605
247.525
247.453
247.405
247.309
247.256
247.18
247.14
247.143
247.095
246.998
246.928
246.851
246.731
246.648
246.572
246.482
246.439
246.392
246.339
245.938
245.794
245.723
245.656
245.582
245.577
245.498
245.418
245.325
245.225
245.124
244.993
244.9
244.804
244.619
244.528
244.43
244.007
243.854
243.774
243.691
243.577
243.498
243.422
243.333
243.258
243.183
243.086
242.983
242.896
242.807
242.731
242.653
242.686
242.715
242.828
242.389
242.393
242.401
242.418
242.433
242.463
242.461
242.454
242.428
242.072
241.986
241.946
241.88
241.919
241.944
242.042
242.119
242.226
242.272
242.343
242.378
242.447
242.485
242.513
242.548
242.576
242.606
242.626
242.649
242.663
242.675
242.682
242.687
242.677
242.733
242.727
242.716
242.688
242.652
242.682
242.699
242.723
242.772
242.794
242.813
242.434
242.349
242.368
242.326
242.276
242.267
242.261
242.246
242.227
242.21
242.123
242.102
242.133
242.113
242.141
242.168
242.189
242.196
242.198
242.211
242.278
242.335
242.332
242.385
242.427
242.481
242.24
242.189
242.236
242.289
242.318
242.384
242.472
242.56
242.629
242.727
242.801
242.905
243.013
243.124
243.234
243.347
243.482
243.518
243.621
243.744
243.851
243.954
244.05
244.137
244.227
244.406
244.582
244.765
244.943
245.101
245.261
245.416
245.543
245.682
245.817
245.882
246.004
246.122
246.233
246.328
246.41
246.5
246.576
246.603
246.663
246.718
246.806
246.912
246.956
247.019
247.038
247.122
247.182
247.246
247.305
247.357
247.391
247.461
247.561
247.672
247.759
247.23
247.121
247.18
247.231
247.222
247.314
247.389
247.353
247.061
247.008
247.071
247.066
247.054
247.019
247.05
247.026
246.953
246.937
246.931
246.54
246.448
246.375
246.303
246.22
246.175
245.765
245.661
245.3
245.235
245.191
244.798
244.676
244.637
244.61
244.562
244.506
244.475
244.373
244.301
244.224
244.118
243.673
243.568
243.486
243.371
243.323
243.235
243.144
243.043
242.977
242.85
242.759
242.67
242.562
242.511
242.378
242.289
242.203
242.054
241.963
241.924
241.828
241.768
241.744
241.713
241.677
241.741
241.819
241.776
241.854
241.505
241.194
241.244
241.289
241.351
241.414
241.447
241.509
241.129
241.129
241.173
241.204
241.232
241.219
241.259
241.277
240.86
240.849
240.853
240.85
240.871
241.006
241.116
241.226
241.337
241.387
241.462
241.547
241.621
241.687
241.809
241.93
241.989
242.008
242.074
242.126
242.129
242.209
242.242
242.312
242.378
242.443
242.528
242.57
242.605
242.649
242.706
242.812
242.882
242.972
242.973
243.061
243.051
243.034
243.024
243.003
242.977
242.987
242.959
242.976
242.636
242.505
242.497
242.438
242.019
241.911
241.909
241.932
241.613
241.52
241.458
241.49
241.516
241.532
241.548
241.546
241.534
241.479
241.492
241.526
241.498
241.488
241.476
241.446
241.428
241.428
241.55
241.583
241.608
241.617
241.651
241.698
241.739
241.71
241.731
241.759
241.792
241.809
241.867
241.899
241.969
242.018
241.899
241.764
241.866
241.744
241.938
241.789
241.974
241.83
241.652
241.546
241.401
241.3
241.205
241.404
241.706
242.022
241.962
242.145
242.386
242.645
242.483
242.395
242.278
242.171
242.034
242.258
242.485
242.758
242.959
242.785
242.94
242.804
242.664
242.488
242.356
242.444
242.714
242.537
242.695
242.514
242.701
242.971
243.124
242.947
242.709
242.797
242.587
242.675
242.83
242.643
242.452
242.146
241.942
241.669
241.756
241.976
242.168
241.964
242.073
241.838
241.927
241.758
241.559
241.71
241.565
241.684
241.89
242.099
242.334
242.582
242.917
242.8
243.014
242.814
243.021
243.331
243.538
243.785
244.03
244.25
244.519
244.754
245.049
245.394
245.698
245.969
246.229
246.126
246.282
246.58
246.897
247.152
247.395
247.715
248.024
248.298
248.604
248.889
249.141
249.057
249.287
249.145
249.333
249.192
249.341
249.562
249.828
250.053
250.24
250.438
250.237
250.302
250.098
250.183
250.331
250.487
250.641
250.849
250.958
250.732
250.715
250.829
250.912
251.068
251.162
251.252
251.382
251.487
251.547
251.24
251.261
251.338
251.408
251.473
251.535
251.199
251.127
251.187
251.227
251.265
251.3
250.958
250.956
250.986
250.995
251.019
251.103
251.233
251.378
251.497
251.628
251.336
251.345
251.462
251.522
251.558
251.659
251.752
251.849
251.591
251.566
251.618
251.672
251.337
251.313
251.385
251.478
251.25
251.301
251.393
251.143
251.113
251.134
251.25
251.334
251.425
251.532
251.599
251.596
251.606
251.729
251.821
251.465
251.511
251.632
251.767
251.85
251.572
251.293
251.333
251.414
251.524
251.653
251.722
251.867
251.978
252.07
252.154
252.19
252.334
252.552
252.687
252.389
252.479
252.309
252.494
252.697
252.927
253.136
252.951
253.131
253.31
253.107
253.145
253.314
253.481
253.64
253.805
253.909
254.063
253.882
253.889
254.032
254.165
254.333
254.072
254.156
254.278
254.391
254.499
254.619
254.766
254.856
254.942
254.654
254.669
254.744
254.822
254.861
254.579
254.674
254.798
254.917
254.675
254.841
254.936
255.028
254.813
254.551
254.6
254.692
254.441
254.524
254.656
254.331
254.403
254.608
254.392
254.447
254.578
254.765
254.936
255.065
254.851
254.955
255.103
255.304
255.488
255.67
255.923
256.207
256.44
256.661
256.911
257.152
257.34
257.484
257.652
257.813
257.961
258.104
258.233
258.395
258.503
258.661
258.347
258.498
258.645
258.782
258.91
259.032
259.147
258.817
258.554
258.667
258.747
258.838
258.921
259.002
259.087
259.159
259.224
259.287
259.339
259.405
259.452
259.12
259.103
259.145
259.185
259.222
259.244
259.27
259.274
259.274
259.335
259.444
259.541
259.634
259.705
259.788
259.848
259.902
259.923
259.956
259.985
260.021
260.054
260.058
259.643
259.522
259.522
259.492
259.472
259.445
259.413
259.377
259.336
259.286
259.234
259.175
259.154
259.11
259.055
258.995
258.913
258.788
258.732
258.641
258.542
258.46
258.366
257.919
257.801
257.699
257.598
257.493
257.049
256.884
256.781
256.673
256.564
256.442
256.327
256.207
256.092
255.979
255.864
255.752
255.65
255.601
255.593
255.617
255.653
255.661
255.675
255.687
255.679
255.667
255.664
255.313
255.214
254.849
254.815
254.811
254.998
255.139
255.354
255.518
255.602
255.662
255.731
255.918
255.622
255.72
255.826
255.875
255.995
256.115
256.282
256.338
256.435
256.578
256.758
256.59
256.666
256.841
257.006
256.789
256.963
257.119
257.275
257.429
257.579
257.684
257.828
258.075
258.402
258.702
258.989
259.236
259.505
259.787
260.068
260.299
260.535
260.747
260.95
261.144
261.385
261.561
261.402
261.565
261.777
261.98
262.21
262.335
262.508
262.713
262.863
263
263.113
263.308
263.496
263.648
263.764
263.901
264.036
263.8
263.848
263.998
264.154
264.236
264.291
264.372
264.463
264.521
264.55
264.588
264.581
264.605
264.639
264.605
264.579
264.562
264.555
264.544
264.524
264.514
264.479
264.436
264.402
264.388
264.298
264.241
264.148
264.109
264.002
263.956
263.935
263.951
263.577
263.404
263.392
263.336
263.297
263.309
263.255
263.21
263.145
263.092
263.038
262.977
262.906
262.848
262.815
262.774
262.703
262.659
262.59
262.606
262.656
262.707
262.68
262.771
262.733
262.768
262.851
262.878
262.901
262.918
262.551
262.452
262.446
262.381
262.421
262.653
262.633
262.614
262.585
262.511
262.473
262.428
262.335
262.273
262.233
262.192
262.133
262.38
262.325
262.256
262.226
262.15
262.086
262.045
261.958
261.884
261.79
261.696
261.591
261.154
261.008
261.203
261.002
260.645
260.516
260.426
260.315
260.233
260.029
259.964
260.017
260.001
259.975
259.934
259.907
259.885
259.904
259.866
259.811
259.805
259.748
259.196
258.953
258.904
258.91
258.863
258.852
259.128
259.042
259.282
259.207
259.064
259.249
259.634
259.602
259.949
259.962
259.9
260.265
260.28
260.63
260.567
260.829
260.822
261.074
261.436
261.365
261.66
261.612
261.537
261.469
261.391
261.372
261.35
261.316
261.258
261.229
261.201
261.139
261.155
261.149
261.411
261.388
261.673
262.025
262.367
262.721
262.653
262.859
262.784
263.034
263.331
263.664
264.025
264.344
264.679
265.047
265.356
265.406
265.747
266.045
266.451
266.818
267.206
267.492
267.867
268.139
268.431
268.787
269.132
269.478
269.786
270.076
270.402
270.714
271.011
270.904
271.057
271.32
271.612
271.944
271.916
272.21
272.63
273.308
273.777
274.166
274.511
275.238
275.533
275.808
276.373
276.261
276.519
276.799
277.053
277.36
277.554
277.454
277.638
277.908
278.12
278.044
278.174
278.105
277.945
278.448
278.682
278.91
279.049
279.177
279.356
279.847
280.051
280.254
280.383
280.458
280.646
280.802
280.95
281.168
281.433
281.991
282.247
282.477
282.956
283.179
283.032
283.502
283.69
283.833
284.033
284.218
284.414
284.558
284.75
285.035
285.311
285.538
285.796
285.983
286.223
286.422
286.468
286.168
286.292
286.414
286.612
287.094
287.231
287.402
287.565
287.721
287.867
288.006
287.752
287.734
287.852
287.961
288.033
288.124
288.142
288.51
288.62
288.732
288.821
288.955
288.66
288.654
288.746
288.798
288.846
288.908
288.967
289.001
289.055
289.106
289.409
289.433
289.415
289.417
289.73
290.099
290.093
290.052
290.01
289.951
289.882
289.805
289.746
289.661
289.579
289.499
289.749
289.668
289.57
289.735
290.016
290.292
290.511
290.432
290.298
290.52
290.407
290.294
290.458
290.381
290.276
290.461
290.013
289.876
289.793
289.601
289.758
289.671
289.56
289.472
289.416
289.357
289.712
290.087
290.022
290.033
290.046
290.285
290.242
290.241
290.238
290.639
290.658
291.035
291.164
291.216
291.216
291.211
291.256
291.639
291.33
291.292
291.296
291.345
291.393
291.445
291.496
291.37
291.652
291.545
291.768
292.009
292.254
292.506
293.113
293.416
293.679
294.293
294.304
294.492
294.948
295.724
296.474
296.869
297.223
297.626
298.358
299.027
299.296
299.486
299.654
299.425
299.544
299.677
300.147
300.663
300.723
301.126
301.314
301.41
301.542
301.87
301.939
302.019
302.128
302.232
302.567
302.948
302.945
302.967
303.283
303.691
304.09
303.768
303.705
303.678
303.965
304.282
304.583
304.598
304.613
304.579
304.927
305.051
305.41
305.73
306.161
306.506
306.86
307.252
307.697
308.091
308.132
308.308
308.573
308.902
309.215
309.563
309.498
309.585
309.601
309.645
309.799
309.698
309.847
310.115
310.357
310.616
310.559
310.819
311.115
311.406
311.633
311.848
312.067
312.303
312.593
312.571
312.829
313.113
313.363
313.328
313.196
313.294
313.192
313.409
313.631
313.884
313.844
314.097
314.386
314.671
314.959
315.174
315.459
315.678
315.887
316.117
316.402
316.648
316.951
317.254
317.656
318.049
318.435
318.809
319.175
319.536
319.947
320.328
320.638
320.962
321.232
321.462
321.685
321.899
322.163
322.415
322.659
322.947
323.103
322.864
323.051
323.331
323.23
323.44
323.722
323.999
324.276
324.547
324.819
325.087
325.352
325.613
325.872
326.101
326.323
326.534
326.752
326.99
327.115
327.353
327.592
327.847
328.157
328.405
328.721
328.988
329.249
329.434
329.192
329.407
329.588
329.789
330.054
330.285
330.54
330.747
330.949
331.074
331.059
330.776
330.766
330.855
331.069
331.274
331.476
331.667
331.821
331.877
331.938
332.016
332.12
332.282
332.376
332.528
332.672
332.773
332.878
332.912
332.94
333.066
333.121
333.18
333.228
333.309
333.424
333.536
333.652
333.663
333.675
333.787
333.896
333.936
334.042
334.114
334.221
334.29
334.395
334.5
334.597
334.587
334.642
334.702
334.831
335.105
335.337
335.492
335.687
335.741
335.394
335.454
335.245
335.362
335.151
335.302
335.475
335.64
335.808
335.966
336.118
336.111
336.094
336.259
336.326
336.449
336.565
336.642
336.699
336.742
336.875
337.01
337.154
337.23
337.388
337.494
337.629
337.777
337.872
338.136
338.387
338.555
338.721
338.879
339.03
339.249
339.418
339.585
339.366
339.404
339.597
339.78
339.955
340.125
340.251
340.371
340.515
340.655
340.789
340.917
341.039
341.157
341.269
341.305
341.368
341.471
341.609
341.745
341.727
341.717
341.41
341.402
341.464
341.461
341.518
341.57
341.615
341.657
341.695
341.727
341.754
341.782
341.806
341.828
341.846
341.866
341.884
341.902
341.92
341.939
341.959
341.979
341.997
342.019
342.042
342.066
342.104
342.128
342.2
342.215
342.223
342.229
341.899
341.937
342.074
342.211
342.27
341.953
341.983
342.108
342.228
341.902
341.863
341.979
342.092
342.202
341.918
341.945
342.06
342.17
342.103
342.133
342.247
342.362
342.082
342.158
342.166
342.239
342.355
342.466
342.576
342.677
342.769
342.859
342.953
343.068
343.18
343.286
343.389
343.465
343.568
343.521
343.51
343.578
343.664
343.748
343.828
343.9
343.947
343.988
344.027
344.061
344.091
344.12
344.145
344.166
344.13
344.135
344.179
344.217
344.255
344.291
344.187
344.143
344.032
343.989
344.02
344.048
344.073
344.097
344.119
344.136
344.153
344.166
344.181
344.194
344.206
344.222
344.235
344.248
344.091
343.994
344.019
344.046
344.002
343.958
343.997
344.038
344.083
344.131
344.184
344.236
344.289
344.345
344.396
344.439
344.481
344.524
