0.0311389
0.0571349
0.082556
0.107933
0.133315
0.158686
0.184065
0.209428
0.234785
0.260148
0.285501
0.31086
0.336223
0.361588
0.386971
0.412336
0.437695
0.463097
0.48846
0.513831
0.539191
0.564556
0.589946
0.615327
0.640713
0.666093
0.691504
0.716916
0.742341
0.767754
0.79318
0.818587
0.84402
0.869449
0.894899
0.920312
0.945745
0.971159
0.996549
1.02196
1.04738
1.07281
1.09823
1.12364
1.14906
1.17448
1.19991
1.22536
1.25079
1.27624
1.30162
1.32705
1.3525
1.37795
1.40339
1.42883
1.45427
1.47971
1.50515
1.53059
1.55601
1.5815
1.60695
1.63241
1.65783
1.68329
1.70871
1.73416
1.75961
1.78506
1.8105
1.83606
1.86158
1.887
1.91244
1.93789
1.96331
1.98874
2.01416
2.03959
2.06503
2.09045
2.11588
2.1413
2.16671
2.19214
2.21759
2.24303
2.26848
2.29393
2.31933
2.34479
2.37025
2.39571
2.42116
2.4466
2.47204
2.49746
2.5229
2.54835
2.57377
2.59917
2.62459
2.65
2.67545
2.70089
2.7263
2.75175
2.77718
2.80262
2.82807
2.85351
2.87896
2.90441
2.92981
2.95526
2.98068
3.00609
3.03154
3.05696
3.08238
3.10777
3.13319
3.15859
3.18401
3.20943
3.23487
3.2603
3.28574
3.31117
3.33661
3.36204
3.38747
3.4129
3.43836
3.46379
3.48923
3.51468
3.54012
3.56556
3.59099
3.61645
3.64188
3.66733
3.69277
3.71824
3.74366
3.76911
3.79456
3.81999
3.84545
3.87091
3.89636
3.92183
3.94728
3.97272
3.99814
4.02356
4.049
4.07444
4.09988
4.12534
4.15079
4.17622
4.20169
4.22712
4.25257
4.27803
4.30349
4.32894
4.35438
4.37984
4.40529
4.43074
4.4562
4.48165
4.50709
4.53255
4.55799
4.58343
4.60887
4.63438
4.65983
4.68525
4.71067
4.73612
4.76156
4.78699
4.81243
4.83788
4.86331
4.88873
4.91414
4.93957
4.96499
4.99042
5.01587
5.04135
5.06684
5.09229
5.11773
5.14317
5.16861
5.19405
5.21948
5.24491
5.27034
5.29577
5.3212
5.34664
5.37209
5.39752
5.42297
5.44841
5.47383
5.49928
5.52472
5.55018
5.57564
5.60106
5.6265
5.65194
5.6774
5.70285
5.72828
5.75374
5.7792
5.80465
5.83009
5.85553
5.88098
5.90641
5.93187
5.95732
5.98276
6.00821
6.03368
6.05913
6.08456
6.11003
6.13547
6.16094
6.18639
6.21183
6.23726
6.26271
6.28814
6.31362
6.33908
6.3645
6.38993
6.41538
6.44081
6.46626
6.49169
6.51715
6.54261
6.56809
6.59353
6.61897
6.64441
6.66987
6.69532
6.72077
6.74622
6.77166
6.79712
6.82256
6.84803
6.87349
6.89893
6.92438
6.94984
6.97534
7.0008
7.02624
7.05171
7.07718
7.10264
7.12809
7.15356
7.17901
7.20446
7.22992
7.25537
7.28083
7.30629
7.33172
7.35715
7.38259
7.40802
7.43344
7.45887
7.4843
7.50975
7.53518
7.56063
7.58611
7.61162
7.63709
7.66252
7.68797
7.7134
7.73881
7.76427
7.78974
7.81518
7.8406
7.86606
7.89154
7.91699
7.94244
7.9679
7.99336
8.01879
8.04421
8.06965
8.09509
8.1205
8.14594
8.17138
8.1968
8.22221
8.24763
8.27311
8.29856
8.32402
8.34949
8.37495
8.40042
8.42587
8.45132
8.47676
8.50222
8.52772
8.55317
8.57862
8.60407
8.6295
8.65494
8.68037
8.70582
8.73127
8.75669
8.78215
8.80761
8.83308
8.85853
8.88399
8.90944
8.93489
8.96034
8.98578
9.01122
9.03669
9.06218
9.08767
9.11311
9.13856
9.16401
9.18967
9.21513
9.24058
9.26603
9.29147
9.31691
9.34237
9.36783
9.39327
9.41872
9.44416
9.4696
9.49505
9.52049
9.54595
9.57138
9.59683
9.62229
9.64773
9.67317
9.69861
9.72405
9.7495
9.77494
9.80039
9.82586
9.85132
9.87676
9.9022
9.92764
9.95309
9.97854
10.004
10.0294
10.0549
10.0803
10.1058
10.1312
10.1567
10.1822
10.2076
10.2331
10.2585
10.284
10.3094
10.3349
10.3604
10.3858
10.4113
10.4367
10.4621
10.4876
10.513
10.5385
10.5639
10.5894
10.6149
10.6403
10.6658
10.6912
10.7166
10.7421
10.7675
10.793
10.8184
10.8438
10.8692
10.8947
10.9201
10.9456
10.971
10.9964
11.0219
11.0473
11.0728
11.0982
11.1237
11.1491
11.1746
11.2
11.2255
11.251
11.2765
11.3019
11.3274
11.3528
11.3782
11.4037
11.4292
11.4546
11.4801
11.5055
11.531
11.5565
11.5819
11.6073
11.6328
11.6583
11.6837
11.7092
11.7347
11.7602
11.7856
11.8111
11.8365
11.862
11.8874
11.9129
11.9384
11.9639
11.9893
12.0147
12.0402
12.0657
12.0911
12.1165
12.142
12.1674
12.1929
12.2184
12.2438
12.2693
12.2948
12.3202
12.3457
12.3711
12.3966
12.422
12.4475
12.473
12.4984
12.5239
12.5494
12.5749
12.6003
12.6258
12.6512
12.6767
12.7022
12.7277
12.7531
12.7786
12.8041
12.8296
12.855
12.8805
12.9059
12.9314
12.9569
12.9823
13.0077
13.0332
13.0587
13.0842
13.1096
13.1351
13.1605
13.186
13.2115
13.2369
13.2624
13.2879
13.3133
13.3388
13.3642
13.3897
13.4152
13.4407
13.4661
13.4916
13.5171
13.5425
13.568
13.5934
13.6189
13.6443
13.6698
13.6953
13.7207
13.7462
13.7716
13.7971
13.8225
13.848
13.8734
13.8988
13.9242
13.9496
13.9751
14.0005
14.0259
14.0514
14.0768
14.1023
14.1277
14.1532
14.1786
14.204
14.2295
14.2549
14.2804
14.3059
14.3313
14.3568
14.3822
14.4077
14.4331
14.4586
14.484
14.5095
14.535
14.5604
14.5859
14.6114
14.6369
14.6623
14.6878
14.7132
14.7387
14.7641
14.7895
14.815
14.8404
14.8658
14.8913
14.9168
14.9422
14.9676
14.9931
15.0185
15.044
15.0695
15.0949
15.1204
15.1458
15.1713
15.1967
15.2221
15.2476
15.273
15.2985
15.3239
15.3494
15.3748
15.4003
15.4257
15.4511
15.4766
15.502
15.5275
15.5529
15.5784
15.6039
15.6293
15.6548
15.6802
15.7057
15.7311
15.7566
15.782
15.8075
15.833
15.8584
15.8839
15.9093
15.9348
15.9602
15.9857
16.0111
16.0365
16.062
16.0874
16.1128
16.1383
16.1696
16.1951
16.2206
16.2461
16.2715
16.297
16.3225
16.3479
16.3734
16.3988
16.4242
16.4497
16.4752
16.5006
16.526
16.5515
16.577
16.6025
16.6279
16.6534
16.6789
16.7043
16.7298
16.7552
16.7807
16.8062
16.8316
16.857
16.8825
16.9079
16.9334
16.9589
16.9843
17.0098
17.0352
17.0607
17.0861
17.1115
17.137
17.1624
17.1879
17.2133
17.2388
17.2642
17.2897
17.3152
17.3406
17.3661
17.3915
17.417
17.4424
17.4679
17.4933
17.5187
17.5442
17.5697
17.5951
17.6205
17.6459
17.6714
17.6969
17.7223
17.7477
17.7732
17.7986
17.8241
17.8495
17.875
17.9005
17.9259
17.9514
17.9769
18.0023
18.0277
18.0532
18.0786
18.1041
18.1295
18.1549
18.1804
18.2058
18.2312
18.2567
18.2822
18.3076
18.3331
18.3585
18.384
18.4095
18.4349
18.4604
18.4858
18.5113
18.5367
18.5622
18.5877
18.6131
18.6386
18.664
18.6895
18.715
18.7404
18.7659
18.7913
18.8167
18.8422
18.8676
18.8931
18.9185
18.944
18.9695
18.9949
19.0204
19.0458
19.0713
19.0968
19.1222
19.1477
19.1731
19.1986
19.2241
19.2495
19.275
19.3004
19.3259
19.3513
19.3768
19.4023
19.4277
19.4532
19.4786
19.5041
19.5296
19.5551
19.5805
19.606
19.6314
19.6569
19.6824
19.7078
19.7333
19.7587
19.7842
19.8096
19.8351
19.8605
19.886
19.9114
19.9369
19.9623
19.9878
20.0133
20.0387
20.0642
20.0897
20.1151
20.1406
20.166
20.1915
20.217
20.2424
20.2678
20.2932
20.3187
20.3441
20.3696
20.395
20.4205
20.4459
20.4714
20.4968
20.5223
20.5478
20.5732
20.5987
20.6242
20.6496
20.6751
20.7005
20.7259
20.7514
20.7769
20.8023
20.8278
20.8533
20.8787
20.9042
20.9297
20.9551
20.9806
21.006
21.0315
21.0569
21.0824
21.1079
21.1333
21.1588
21.1843
21.2098
21.2352
21.2607
21.2862
21.3116
21.3371
21.3626
21.388
21.4135
21.439
21.4644
21.4899
21.5154
21.5408
21.5663
21.5918
21.6172
21.6427
21.6681
21.6936
21.7191
21.7445
21.77
21.7955
21.821
21.8466
21.8721
21.8976
21.9231
21.9485
21.974
21.9994
22.0249
22.0503
22.0758
22.1012
22.1267
22.1522
22.1776
22.2031
22.2286
22.254
22.2795
22.305
22.3304
22.3559
22.3813
22.4068
22.4323
22.4577
22.4832
22.5086
22.5341
22.5595
22.585
22.6105
22.6359
22.6614
22.6868
22.7123
22.7378
22.7633
22.7887
22.8142
22.8397
22.8651
22.8906
22.9161
22.9415
22.967
22.9924
23.0179
23.0433
23.0688
23.0943
23.1198
23.1452
23.1707
23.1961
23.2216
23.2471
23.2725
23.298
23.3234
23.3489
23.3743
23.3998
23.4253
23.4507
23.4762
23.5017
23.5271
23.5526
23.578
23.6035
23.6289
23.6544
23.6799
23.7053
23.7308
23.7563
23.7817
23.8072
23.8326
23.8581
23.8836
23.9091
23.9345
23.96
23.9855
24.0109
24.0364
24.0619
24.0873
24.1128
24.1382
24.1637
24.1892
24.2146
24.2401
24.2655
24.291
24.3165
24.3419
24.3674
24.3928
24.4183
24.4438
24.4692
24.4947
24.5201
24.5456
24.571
24.5965
24.6219
24.6474
24.6728
24.6983
24.7237
24.7492
24.7746
24.8001
24.8256
24.851
24.8765
24.9019
24.9274
24.9529
24.9783
25.0038
25.0292
25.0547
25.0801
25.1056
25.1311
25.1565
25.182
25.2075
25.233
25.2584
25.2839
25.3094
25.3348
25.3603
25.3858
25.4112
25.4367
25.4621
25.4876
25.513
25.5385
25.5639
25.5894
25.6148
25.6403
25.6658
25.6912
25.7167
25.7422
25.7676
25.7931
25.8185
25.844
25.8694
25.895
25.9205
25.9459
25.9714
25.9968
26.0223
26.0478
26.0732
26.0987
26.1242
26.1496
26.1751
26.2006
26.226
26.2515
26.277
26.3024
26.328
26.3534
26.3789
26.4043
26.4298
26.4553
26.4807
26.5062
26.5317
26.5572
26.5826
26.6081
26.6335
26.659
26.6847
26.7102
26.7357
26.7611
26.7866
26.812
26.8374
26.8629
26.8884
26.9138
26.9392
26.9647
26.9901
27.0155
27.041
27.0664
27.0918
27.1173
27.1536
27.1791
27.2045
27.23
27.2554
27.2808
27.3063
27.3317
27.3572
27.3826
27.4081
27.4335
27.459
27.4844
27.5099
27.5353
27.5607
27.5862
27.6116
27.6371
27.6625
27.688
27.7134
27.7389
27.7643
27.7898
27.8152
27.8406
27.8661
27.8916
27.917
27.9424
27.9679
27.9933
28.0187
28.0442
28.0696
28.095
28.1205
28.1459
28.1714
28.1968
28.2222
28.2476
28.2731
28.2985
28.324
28.3494
28.3748
28.4003
28.4257
28.4512
28.4766
28.5021
28.5275
28.5529
28.5784
28.6038
28.6293
28.6547
28.6802
28.7057
28.7311
28.7566
28.7821
28.8075
28.833
28.8584
28.8839
28.9093
28.9347
28.9601
28.9856
29.011
29.0364
29.0619
29.0873
29.1128
29.1382
29.1637
29.1892
29.2147
29.2401
29.2656
29.291
29.3165
29.342
29.3674
29.3929
29.4184
29.4439
29.4693
29.4948
29.5202
29.5457
29.5712
29.5966
29.6221
29.6476
29.673
29.6985
29.7239
29.7494
29.7748
29.8002
29.8257
29.8512
29.8766
29.9021
29.9276
29.953
29.9784
30.0039
30.0294
30.0549
30.0803
30.1058
30.1312
30.1567
30.1821
30.2076
30.233
30.2585
30.284
30.3095
30.3349
30.3604
30.3858
30.4113
30.4368
30.4622
30.4877
30.5131
30.5386
30.564
30.5895
30.6149
30.6404
30.6658
30.6913
30.7167
30.7422
30.7677
30.7931
30.8186
30.844
30.8695
30.8949
30.9204
30.9459
30.9713
30.9968
31.0222
31.0476
31.0731
31.0985
31.124
31.1494
31.1749
31.2004
31.2259
31.2513
31.2768
31.3022
31.3277
31.3531
31.3786
31.404
31.4295
31.455
31.4805
31.506
31.5314
31.5568
31.5823
31.6077
31.6332
31.6587
31.6841
31.7096
31.7351
31.7605
31.786
31.8114
31.8369
31.8624
31.8878
31.9133
31.9387
31.9642
31.9897
32.0151
32.0406
32.066
32.0915
32.117
32.1424
32.1679
32.1934
32.2188
32.2443
32.2697
32.2952
32.3206
32.3461
32.3715
32.397
32.4224
32.4479
32.4733
32.4988
32.5242
32.5496
32.5751
32.6005
32.626
32.6515
32.6769
32.7024
32.7279
32.7533
32.7788
32.8042
32.8297
32.8551
32.8806
32.906
32.9315
32.9569
32.9824
33.0078
33.0333
33.0587
33.0842
33.1096
33.135
33.1605
33.1859
33.2113
33.2367
33.2622
33.2876
33.313
33.3385
33.3639
33.3894
33.4149
33.4403
33.4658
33.4912
33.5167
33.5422
33.5677
33.5931
33.6186
33.644
33.6695
33.6949
33.7204
33.7459
33.7713
33.7968
33.8223
33.8477
33.8732
33.8986
33.9241
33.9496
33.975
34.0005
34.0259
34.0514
34.0769
34.1023
34.1278
34.1532
34.1787
34.2042
34.2296
34.2551
34.2808
34.3062
34.3317
34.3571
34.3826
34.408
34.4335
34.459
34.4844
34.5099
34.5353
34.5608
34.5862
34.6117
34.6372
34.6626
34.688
34.7135
34.7389
34.7644
34.7898
34.8153
34.8407
34.8662
34.8916
34.9171
34.9425
34.9679
34.9934
35.0188
35.0443
35.0697
35.0952
35.1206
35.1461
35.1715
35.197
35.2224
35.2479
35.2734
35.2988
35.3243
35.3497
35.3752
35.4006
35.4261
35.4515
35.4769
35.5024
35.5279
35.5533
35.5788
35.6042
35.6297
35.6551
35.6806
35.706
35.7315
35.7569
35.7824
35.8078
35.8333
35.8587
35.8842
35.9097
35.9351
35.9606
35.986
36.0115
36.0369
36.0624
36.0879
36.1133
36.1388
36.1642
36.1897
36.2152
36.2406
36.2661
36.2916
36.317
36.3425
36.3679
36.3934
36.4188
36.4443
36.4698
36.4952
36.5207
36.5461
36.5716
36.597
36.6225
36.6479
36.6734
36.6989
36.7243
36.7498
36.7752
36.8007
36.8261
36.8516
36.877
36.9025
36.9279
36.9534
36.9789
37.0043
37.0298
37.0553
37.0807
37.1062
37.1317
37.1571
37.1826
37.2081
37.2335
37.259
37.2844
37.3099
37.3353
37.3608
37.3863
37.4117
37.4372
37.4626
37.4881
37.5135
37.539
37.5644
37.5899
37.6153
37.6408
37.6663
37.6917
37.7171
37.7425
37.768
37.7934
37.8189
37.8443
37.8698
37.8952
37.9207
37.9461
37.9715
37.997
38.0224
38.0478
38.0733
38.0987
38.1241
38.1495
38.175
38.2004
38.2259
38.2513
38.2768
38.3022
38.3277
38.3531
38.3786
38.4041
38.4295
38.455
38.4804
38.5059
38.5313
38.5567
38.5822
38.6077
38.6331
38.6586
38.684
38.7095
38.7349
38.7604
38.7858
38.8113
38.8367
38.8622
38.8877
38.9131
38.9386
38.9641
38.9895
39.015
39.0404
39.0659
39.0913
39.1167
39.1422
39.1677
39.1931
39.2186
39.244
39.2695
39.295
39.3205
39.3459
39.3714
39.3969
39.4223
39.4478
39.4732
39.4987
39.5241
39.5496
39.5751
39.6005
39.6259
39.6513
39.6768
39.7022
39.7276
39.7531
39.7786
39.804
39.8295
39.8549
39.8804
39.9059
39.9313
39.9567
39.9822
40.0076
40.0331
40.0585
40.084
40.1095
40.1349
40.1604
40.1859
40.2113
40.2367
40.2622
40.2876
40.3131
40.3386
40.364
40.3895
40.415
40.4404
40.4659
40.4913
40.5168
40.5422
40.5677
40.5932
40.6186
40.6441
40.6696
40.695
40.7204
40.7459
40.7713
40.7968
40.8222
40.8476
40.8731
40.8985
40.9239
40.9494
40.9748
41.0002
41.0257
41.0511
41.0766
41.102
41.1275
41.153
41.1785
41.204
41.2294
41.2549
41.2803
41.3058
41.3313
41.3567
41.3822
41.4076
41.4331
41.4586
41.484
41.5095
41.535
41.5604
41.5858
41.6113
41.6368
41.6622
41.6877
41.7132
41.7386
41.7641
41.7896
41.815
41.8404
41.8659
41.8913
41.9168
41.9423
41.9677
41.9932
42.0187
42.0442
42.0696
42.0951
42.1205
42.146
42.1715
42.1969
42.2224
42.2479
42.2733
42.2988
42.3242
42.3497
42.3752
42.4006
42.4261
42.4516
42.477
42.5025
42.5279
42.5534
42.5789
42.6043
42.6298
42.6553
42.6807
42.7062
42.7316
42.7571
42.7826
42.808
42.8335
42.8589
42.8844
42.9099
42.9353
42.9608
42.9863
43.0118
43.0372
43.0627
43.0882
43.1136
43.1391
43.1646
43.19
43.2155
43.2409
43.2664
43.2918
43.3173
43.3427
43.3682
43.3936
43.4191
43.4446
43.47
43.4955
43.521
43.5464
43.5719
43.5973
43.6228
43.6483
43.6738
43.6993
43.7247
43.7501
43.7756
43.8011
43.8265
43.852
43.8774
43.9028
43.9283
43.9537
43.9791
44.0046
44.03
44.0554
44.0809
44.1063
44.1318
44.1572
44.1827
44.2082
44.2337
44.2591
44.2846
44.31
44.3355
44.3609
44.3864
44.4118
44.4373
44.4628
44.4883
44.5137
44.5392
44.5647
44.5901
44.6156
44.6411
44.6665
44.692
44.7175
44.7429
44.7684
44.7939
44.8193
44.8447
44.8702
44.8956
44.9211
44.9465
44.972
44.9974
45.0229
45.0483
45.0738
45.0992
45.1247
45.1501
45.1756
45.201
45.2265
45.2519
45.2774
45.3029
45.3283
45.3538
45.3793
45.4047
45.4302
45.4556
45.4811
45.5066
45.5321
45.5575
45.583
45.6085
45.634
45.6595
45.6849
45.7104
45.7358
45.7613
45.7868
45.8122
45.8377
45.8632
45.8886
45.9141
45.9396
45.965
45.9905
46.016
46.0414
46.0669
46.0923
46.1178
46.1432
46.1687
46.1942
46.2196
46.2451
46.2705
46.296
46.3215
46.3469
46.3724
46.3978
46.4233
46.4487
46.4742
46.4996
46.5251
46.5505
46.576
46.6014
46.6269
46.6523
46.6778
46.7032
46.7287
46.7541
46.7795
46.805
46.8304
46.8559
46.8813
46.9068
46.9322
46.9577
46.9831
47.0087
47.0344
47.0598
47.0853
47.1107
47.1362
47.1617
47.1872
47.2126
47.2381
47.2636
47.289
47.3145
47.34
47.3654
47.3909
47.4163
47.4418
47.4672
47.4927
47.5182
47.5437
47.5691
47.5946
47.6201
47.6455
47.6709
47.6964
47.7219
47.7473
47.7728
47.7982
47.8237
47.8492
47.8746
47.9001
47.9255
47.951
47.9765
48.0019
48.0274
48.0528
48.0782
48.1037
48.1291
48.1546
48.18
48.2055
48.2309
48.2564
48.2818
48.3073
48.3327
48.3581
48.3836
48.4091
48.4345
48.46
48.4854
48.5109
48.5363
48.5618
48.5873
48.6127
48.6382
48.6636
48.6891
48.7146
48.74
48.7655
48.791
48.8164
48.8419
48.8674
48.8928
48.9183
48.9438
48.9692
48.9947
49.0201
49.0456
49.0711
49.0966
49.122
49.1475
49.1729
49.1984
49.2239
49.2493
49.2748
49.3002
49.3257
49.3512
49.3766
49.4021
49.4275
49.453
49.4784
49.5039
49.5293
49.5548
49.5803
49.6057
49.6312
49.6566
49.6821
49.7075
49.733
49.7585
49.7839
49.8094
49.8348
49.8603
49.8858
49.9112
49.9367
49.9622
49.9877
50.0132
50.0387
50.0641
50.0896
50.1151
50.1406
50.1661
50.1915
50.217
50.2424
50.2679
50.2934
50.3188
50.3443
50.3697
50.3952
50.4206
50.4461
50.4715
50.4969
50.5224
50.5478
50.5733
50.5988
50.6243
50.6497
50.6752
50.7007
50.7261
50.7516
50.7771
50.8025
50.828
50.8535
50.8789
50.9044
50.9298
50.9553
50.9807
51.0062
51.0317
51.0571
51.0826
51.1081
51.1335
51.159
51.1845
51.21
51.2355
51.2609
51.2864
51.3118
51.3373
51.3628
51.3883
51.4138
51.4393
51.4648
51.4903
51.5157
51.5412
51.5667
51.5922
51.6177
51.6431
51.6686
51.694
51.7195
51.7449
51.7704
51.7959
51.8213
51.8468
51.8723
51.8977
51.9232
51.9487
51.9741
51.9996
52.0251
52.0505
52.076
52.1014
52.1269
52.1524
52.1779
52.2033
52.2288
52.2542
52.2797
52.3052
52.3306
52.3561
52.3815
52.407
52.4325
52.4579
52.4833
52.5088
52.5342
52.5597
52.5851
52.6106
52.636
52.6615
52.687
52.7124
52.7379
52.7634
52.7889
52.8143
52.8398
52.8652
52.8907
52.9162
52.9416
52.9671
52.9926
53.0181
53.0436
53.069
53.0945
53.1199
53.1454
53.1709
53.1963
53.2218
53.2472
53.2727
53.2981
53.3236
53.3491
53.3745
53.4
53.4255
53.4509
53.4764
53.5018
53.5273
53.5528
53.5782
53.6037
53.6292
53.6546
53.6801
53.7055
53.731
53.7564
53.7819
53.8073
53.8328
53.8583
53.8837
53.9092
53.9346
53.9601
53.9856
54.011
54.0365
54.0619
54.0874
54.1129
54.1383
54.1638
54.1892
54.2147
54.2401
54.2656
54.2911
54.3165
54.342
54.3674
54.3929
54.4183
54.4438
54.4692
54.4947
54.5201
54.5456
54.5711
54.5967
54.6222
54.6476
54.6731
54.6985
54.724
54.7494
54.7748
54.8003
54.8258
54.8512
54.8767
54.9022
54.9276
54.9531
54.9785
55.004
55.0295
55.0549
55.0804
55.1059
55.1313
55.1568
55.1822
55.2077
55.2331
55.2586
55.284
55.3095
55.335
55.3604
55.3859
55.4114
55.4368
55.4623
55.4877
55.5132
55.5387
55.5641
55.5896
55.6151
55.6405
55.666
55.6914
55.7169
55.7423
55.7678
55.7933
55.8187
55.8442
55.8697
55.8951
55.9206
55.946
55.9714
55.9969
56.0224
56.0479
56.0733
56.0988
56.1242
56.1497
56.1752
56.2006
56.2261
56.2516
56.2771
56.3025
56.328
56.3534
56.3788
56.4043
56.4298
56.4553
56.4807
56.5062
56.5317
56.5571
56.5826
56.6081
56.6335
56.659
56.6844
56.7099
56.7353
56.7608
56.7862
56.8117
56.8371
56.8626
56.888
56.9135
56.9389
56.9644
56.9899
57.0153
57.0408
57.0662
57.0917
57.1172
57.1426
57.1681
57.1935
57.219
57.2445
57.2699
57.2954
57.3209
57.3464
57.3719
57.3973
57.4228
57.4483
57.4738
57.4992
57.5247
57.5502
57.5756
57.6011
57.6266
57.652
57.6775
57.7029
57.7283
57.7538
57.7792
57.8047
57.8301
57.8556
57.881
57.9065
57.9319
57.9574
57.9829
58.0083
58.0338
58.0592
58.0846
58.1101
58.1356
58.161
58.1864
58.2119
58.2374
58.2628
58.2882
58.3137
58.3391
58.3646
58.39
58.4155
58.441
58.4664
58.4919
58.5174
58.5428
58.5683
58.5938
58.6192
58.6447
58.6701
58.6956
58.721
58.7465
58.7719
58.7974
58.8228
58.8483
58.8737
58.8992
58.9246
58.95
58.9755
59.0009
59.0263
59.0518
59.0772
59.1027
59.1281
59.1535
59.179
59.2044
59.2299
59.2554
59.2808
59.3063
59.3318
59.3572
59.3827
59.4081
59.4336
59.4591
59.4845
59.5099
59.5354
59.5609
59.5864
59.6118
59.6373
59.6628
59.6882
59.7137
59.7392
59.7646
59.79
59.8155
59.841
59.8664
59.8919
59.9174
59.9428
59.9683
59.9938
60.0192
60.0447
60.0701
60.0956
60.121
60.1465
60.1719
60.1974
60.2228
60.2483
60.2738
60.2992
60.3247
60.3501
60.3756
60.4011
60.4265
60.452
60.4775
60.5029
60.5283
60.5538
60.5793
60.6047
60.6302
60.6556
60.6811
60.7065
60.732
60.7575
60.7829
60.8084
60.8338
60.8593
60.8847
60.9102
60.9357
60.9611
60.9866
61.012
61.0374
61.0629
61.0883
61.1138
61.1392
61.1647
61.1901
61.2156
61.241
61.2664
61.2919
61.3173
61.3428
61.3683
61.3937
61.4192
61.4446
61.4701
61.4956
61.5211
61.5465
61.572
61.5974
61.6229
61.6483
61.6737
61.6992
61.7246
61.75
61.7755
61.8009
61.8264
61.8518
61.8773
61.9027
61.9281
61.9536
61.979
62.0045
62.0299
62.0554
62.0808
62.1062
62.1317
62.1572
62.1826
62.2081
62.2335
62.2589
62.2844
62.3098
62.3353
62.3607
62.3861
62.4116
62.437
62.4624
62.4878
62.5133
62.5387
62.5642
62.5896
62.6151
62.6405
62.6659
62.6914
62.7168
62.7423
62.7677
62.7932
62.8186
62.844
62.8694
62.8949
62.9203
62.9457
62.9712
62.9967
63.0221
63.0475
63.073
63.0984
63.1239
63.1494
63.1748
63.2002
63.2257
63.2511
63.2766
63.302
63.3274
63.3529
63.3783
63.4037
63.4292
63.4546
63.48
63.5055
63.5309
63.5564
63.5818
63.6073
63.6327
63.6581
63.6835
63.709
63.7344
63.7599
63.7853
63.8107
63.8361
63.8616
63.887
63.9125
63.9379
63.9633
63.9888
64.0142
64.0397
64.0651
64.0906
64.116
64.1414
64.1669
64.1923
64.2178
64.2432
64.2686
64.2941
64.3195
64.345
64.3705
64.3959
64.4214
64.4468
64.4723
64.4978
64.5232
64.5487
64.5741
64.5996
64.625
64.6505
64.6759
64.7014
64.7268
64.7523
64.7777
64.8032
64.8286
64.8541
64.8796
64.905
64.9305
64.9559
64.9813
65.0068
65.0323
65.0577
65.0832
65.1086
65.134
65.1595
65.1849
65.2104
65.2358
65.2613
65.2867
65.3122
65.3376
65.3631
65.3885
65.414
65.4394
65.4648
65.4902
65.5157
65.5411
65.5666
65.592
65.6175
65.6429
65.6684
65.6938
65.7193
65.7447
65.7701
65.7956
65.821
65.8465
65.872
65.8974
65.9229
65.9483
65.9738
65.9992
66.0247
66.0501
66.0756
66.101
66.1265
66.152
66.1774
66.2029
66.2283
66.2538
66.2792
66.3047
66.3301
66.3556
66.381
66.4065
66.4319
66.4574
66.4829
66.5084
66.5338
66.5592
66.5847
66.6102
66.6356
66.661
66.6865
66.712
66.7374
66.7629
66.7883
66.8138
66.8393
66.8647
66.8902
66.9156
66.9411
66.9665
66.992
67.0174
67.0429
67.0683
67.0938
67.1192
67.1447
67.1702
67.1959
67.2213
67.2468
67.2722
67.2977
67.3231
67.3486
67.374
67.3995
67.4249
67.4504
67.4758
67.5013
67.5268
67.5522
67.5777
67.6031
67.6286
67.654
67.6795
67.705
67.7304
67.7559
67.7814
67.8068
67.8323
67.8578
67.8832
67.9087
67.9342
67.9596
67.9851
68.0105
68.0376
68.063
68.0884
68.1139
68.1394
68.1648
68.1903
68.2157
68.2411
68.2666
68.292
68.3175
68.3429
68.3684
68.3939
68.4193
68.4448
68.4702
68.4957
68.5212
68.5466
68.5721
68.5976
68.623
68.6485
68.674
68.6994
68.7249
68.7503
68.7758
68.8012
68.8267
68.8522
68.8776
68.9031
68.9285
68.9539
68.9794
69.0048
69.0303
69.0558
69.0812
69.1067
69.1321
69.1576
69.1831
69.2085
69.234
69.2594
69.2849
69.3103
69.3358
69.3612
69.3867
69.4121
69.4376
69.4631
69.4885
69.514
69.5394
69.5649
69.5903
69.6158
69.6412
69.6667
69.6921
69.7176
69.743
69.7685
69.7939
69.8194
69.8448
69.8703
69.8957
69.9212
69.9466
69.9721
69.9976
70.023
70.0485
70.0739
70.0994
70.1248
70.1503
70.1758
70.2012
70.2267
70.2522
70.2776
70.3031
70.3285
70.354
70.3794
70.4049
70.4304
70.4558
70.4813
70.5067
70.5322
70.5577
70.5832
70.6086
70.6341
70.6595
70.685
70.7104
70.7359
70.7614
70.7869
70.8124
70.8378
70.8633
70.8887
70.9142
70.9397
70.9652
70.9906
71.0161
71.0415
71.067
71.0925
71.118
71.1434
71.1689
71.1944
71.2198
71.2453
71.2708
71.2962
71.3217
71.3472
71.3727
71.3982
71.4236
71.4491
71.4746
71.5001
71.5255
71.551
71.5765
71.6019
71.6274
71.6528
71.6783
71.7038
71.7292
71.7547
71.7802
71.8057
71.8311
71.8566
71.8821
71.9076
71.933
71.9585
71.9839
72.0094
72.0348
72.0603
72.0858
72.1112
72.1367
72.1621
72.1876
72.213
72.2385
72.264
72.2894
72.3149
72.3403
72.3658
72.3912
72.4167
72.4421
72.4676
72.4931
72.5186
72.5441
72.5697
72.5952
72.6206
72.6461
72.6715
72.697
72.7224
72.7479
72.7734
72.7988
72.8243
72.8498
72.8752
72.9007
72.9261
72.9516
72.9771
73.0025
73.028
73.0535
73.079
73.1044
73.1299
73.1554
73.1809
73.2063
73.2318
73.2573
73.2828
73.3082
73.3337
73.3591
73.3846
73.4101
73.4355
73.461
73.4865
73.512
73.5374
73.5629
73.5884
73.6138
73.6393
73.6648
73.6902
73.7157
73.7411
73.7666
73.7921
73.8175
73.843
73.8684
73.8939
73.9194
73.9448
73.9703
73.9957
74.0212
74.0467
74.0721
74.0976
74.123
74.1485
74.1739
74.1994
74.2249
74.2503
74.2758
74.3012
74.3267
74.3522
74.3777
74.4031
74.4286
74.454
74.4795
74.5049
74.5304
74.5559
74.5813
74.6068
74.6323
74.6577
74.6832
74.7086
74.7341
74.7595
74.7849
74.8104
74.8358
74.8613
74.8867
74.9122
74.9377
74.9632
74.9886
75.0141
75.0396
75.0651
75.0905
75.1159
75.1414
75.1669
75.1923
75.2178
75.2432
75.2687
75.2943
75.3198
75.3453
75.3708
75.3962
75.4217
75.4471
75.4725
75.4979
75.5234
75.5489
75.5744
75.5998
75.6253
75.6508
75.6763
75.7017
75.7272
75.7526
75.7781
75.8036
75.829
75.8545
75.88
75.9054
75.9309
75.9563
75.9818
76.0072
76.0327
76.0582
76.0836
76.1091
76.1346
76.1601
76.1855
76.2109
76.2364
76.2618
76.2873
76.3127
76.3382
76.3637
76.3891
76.4146
76.4401
76.4655
76.491
76.5165
76.5419
76.5674
76.5929
76.6183
76.6438
76.6692
76.6947
76.7201
76.7456
76.7711
76.7965
76.8219
76.8474
76.8729
76.8983
76.9238
76.9492
76.9747
77.0001
77.0256
77.0511
77.0765
77.102
77.1274
77.1529
77.1783
77.2038
77.2293
77.2547
77.2802
77.3056
77.3311
77.3566
77.382
77.4075
77.4329
77.4584
77.4839
77.5093
77.5348
77.5602
77.5857
77.6112
77.6366
77.6621
77.6875
77.713
77.7385
77.7639
77.7894
77.8148
77.8403
77.8658
77.8912
77.9167
77.9421
77.9676
77.993
78.0185
78.0439
78.0694
78.0948
78.1203
78.1457
78.1711
78.1966
78.222
78.2474
78.2729
78.2983
78.3237
78.3491
78.3746
78.4
78.4255
78.4509
78.4764
78.5018
78.5273
78.5527
78.5782
78.6036
78.6291
78.6546
78.68
78.7055
78.7309
78.7564
78.7818
78.8073
78.8327
78.8582
78.8836
78.9091
78.9345
78.96
78.9854
79.0109
79.0363
79.0618
79.0873
79.1127
79.1382
79.1637
79.1891
79.2146
79.24
79.2655
79.2909
79.3164
79.3419
79.3673
79.3927
79.4182
79.4437
79.4692
79.4946
79.5201
79.5455
79.571
79.5964
79.6219
79.6473
79.6728
79.6982
79.7237
79.7492
79.7746
79.8001
79.8255
79.851
79.8764
79.9018
79.9273
79.9528
79.9782
80.0037
80.0291
80.0546
80.0801
80.1055
80.131
80.1564
80.1819
80.2074
80.2328
80.2583
80.2837
80.3092
80.3346
80.3601
80.3855
80.411
80.4365
80.4619
80.4873
80.5127
80.5382
80.5636
80.589
80.6145
80.64
80.6654
80.6909
80.7163
80.7418
80.7672
80.7927
80.8181
80.8436
80.8691
80.8945
80.92
80.9454
80.9709
80.9963
81.0218
81.0472
81.0727
81.0981
81.1236
81.149
81.1745
81.1999
81.2254
81.2509
81.2763
81.3018
81.3272
81.3527
81.3781
81.4036
81.429
81.4545
81.4799
81.5054
81.5309
81.5564
81.5818
81.6073
81.6328
81.6582
81.6837
81.7091
81.7346
81.76
81.7855
81.8109
81.8364
81.8618
81.8873
81.9127
81.9382
81.9637
81.9891
82.0146
82.04
82.0655
82.091
82.1164
82.1419
82.1673
82.1928
82.2182
82.2437
82.2692
82.2947
82.3201
82.3456
82.371
82.3965
82.4219
82.4474
82.4728
82.4983
82.5237
82.5492
82.5747
82.6001
82.6256
82.651
82.6764
82.7018
82.7273
82.7527
82.7781
82.8036
82.829
82.8544
82.8799
82.9053
82.9308
82.9562
82.9817
83.0071
83.0325
83.058
83.0834
83.1088
83.1343
83.1597
83.1851
83.2106
83.236
83.2615
83.2869
83.3123
83.3378
83.3632
83.3887
83.4141
83.4395
83.465
83.4904
83.5159
83.5413
83.5667
83.5922
83.6176
83.643
83.6685
83.6939
83.7194
83.7448
83.7702
83.7957
83.8211
83.8465
83.872
83.8974
83.9228
83.9482
83.9737
83.9991
84.0246
84.05
84.0754
84.1009
84.1263
84.1518
84.1772
84.2027
84.2281
84.2535
84.279
84.3045
84.3299
84.3553
84.3808
84.4062
84.4317
84.4571
84.4826
84.5081
84.5335
84.559
84.5844
84.6101
84.6356
84.661
84.6865
84.7119
84.7374
84.7628
84.7883
84.8177
84.8431
84.8685
84.8939
84.9194
84.9448
84.9703
84.9957
85.0211
85.0466
85.072
85.0974
85.1229
85.1483
85.1738
85.1992
85.2246
85.2501
85.2755
85.3009
85.3264
85.3518
85.3773
85.4027
85.4282
85.4536
85.479
85.5045
85.5299
85.5554
85.5808
85.6063
85.6318
85.6572
85.6827
85.7081
85.7336
85.759
85.7845
85.81
85.8354
85.8608
85.8863
85.9117
85.9372
85.9626
85.9881
86.0135
86.039
86.0644
86.0899
86.1153
86.1408
86.1662
86.1917
86.2171
86.2426
86.268
86.2935
86.3189
86.3444
86.3698
86.3953
86.4208
86.4462
86.4717
86.4971
86.5225
86.548
86.5734
86.5989
86.6244
86.6498
86.6753
86.7007
86.7262
86.7516
86.7771
86.8025
86.828
86.8534
86.8789
86.9043
86.9297
86.9552
86.9806
87.006
87.0315
87.057
87.0824
87.1079
87.1333
87.1588
87.1842
87.2097
87.2351
87.2605
87.286
87.3114
87.3369
87.3623
87.3878
87.4132
87.4387
87.4641
87.4896
87.5151
87.5405
87.566
87.5914
87.6168
87.6423
87.6678
87.6932
87.7186
87.7441
87.7695
87.795
87.8204
87.8459
87.8714
87.8968
87.9223
87.9477
87.9732
87.9986
88.0241
88.0495
88.0749
88.1004
88.1259
88.1513
88.1767
88.2021
88.2276
88.253
88.2785
88.3039
88.3376
88.363
88.3885
88.414
88.4394
88.4649
88.4903
88.5157
88.5412
88.5666
88.5921
88.6176
88.643
88.6685
88.6939
88.7194
88.7448
88.7702
88.7957
88.8212
88.8466
88.8721
88.8975
88.923
88.9484
88.9739
88.9994
89.0248
89.0503
89.0757
89.1011
89.1266
89.152
89.1774
89.2029
89.2283
89.2538
89.2792
89.3047
89.3301
89.3556
89.3811
89.4065
89.432
89.4574
89.4829
89.5084
89.5338
89.5593
89.5847
89.6102
89.6356
89.6611
89.6865
89.712
89.7375
89.7629
89.7884
89.8139
89.8393
89.8647
89.8902
89.9156
89.9411
89.9666
89.9921
90.0175
90.043
90.0685
90.0939
90.1194
90.1448
90.1703
90.1957
90.2212
90.2467
90.2721
90.2976
90.3231
90.3485
90.3739
90.3994
90.4248
90.4503
90.4757
90.5012
90.5266
90.5521
90.5776
90.603
90.6285
90.6539
90.6794
90.7049
90.7304
90.7558
90.7813
90.8067
90.8322
90.8577
90.8831
90.9086
90.934
90.9595
90.9849
91.0103
91.0358
91.0612
91.0867
91.1122
91.1377
91.1631
91.1885
91.2139
91.2394
91.2648
91.2903
91.3157
91.3412
91.3666
91.3921
91.4176
91.443
91.4685
91.494
91.5195
91.5449
91.5704
91.5959
91.6213
91.6468
91.6723
91.6978
91.7232
91.7487
91.7741
91.7996
91.8251
91.8505
91.876
91.9014
91.9269
91.9524
91.9778
92.0033
92.0287
92.0542
92.0796
92.1051
92.1306
92.1561
92.1815
92.2069
92.2324
92.2579
92.2833
92.3088
92.3343
92.3597
92.3852
92.4106
92.4361
92.4616
92.487
92.5125
92.5379
92.5634
92.5888
92.6143
92.6397
92.6652
92.6907
92.7161
92.7416
92.7671
92.7925
92.818
92.8434
92.8689
92.8944
92.9198
92.9453
92.9708
92.9963
93.0217
93.0472
93.0726
93.0981
93.1235
93.149
93.1745
93.1999
93.2254
93.2508
93.2763
93.3018
93.3272
93.3526
93.3781
93.4036
93.429
93.4544
93.4799
93.5053
93.5308
93.5562
93.5817
93.6072
93.6327
93.6581
93.6835
93.709
93.7345
93.7599
93.7854
93.8108
93.8363
93.8618
93.8872
93.9127
93.9382
93.9637
93.9891
94.0146
94.04
94.0655
94.0909
94.1164
94.1418
94.1673
94.1927
94.2182
94.2436
94.2691
94.2945
94.32
94.3455
94.3709
94.3964
94.4218
94.4473
94.4727
94.4982
94.5236
94.5491
94.5746
94.6
94.6255
94.6509
94.6764
94.7018
94.7273
94.7527
94.7782
94.8036
94.829
94.8545
94.88
94.9054
94.9309
94.9563
94.9818
95.0073
95.0327
95.0582
95.0837
95.1091
95.1346
95.1601
95.1855
95.211
95.2364
95.2619
95.2874
95.3128
95.3382
95.3637
95.3892
95.4146
95.44
95.4655
95.4909
95.5164
95.5418
95.5672
95.5927
95.6181
95.6435
95.669
95.6944
95.7198
95.7453
95.7708
95.7963
95.8218
95.8472
95.8727
95.8981
95.9236
95.949
95.9745
96
96.0254
96.0509
96.0763
96.1018
96.1272
96.1527
96.1781
96.2036
96.229
96.2545
96.2799
96.3054
96.3308
96.3563
96.3817
96.4072
96.4326
96.4581
96.4835
96.509
96.5344
96.5599
96.5854
96.6108
96.6363
96.6618
96.6873
96.7127
96.7382
96.7636
96.7891
96.8145
96.84
96.8654
96.8909
96.9163
96.9417
96.9672
96.9926
97.0181
97.0435
97.069
97.0944
97.1199
97.1454
97.1708
97.1963
97.2217
97.2471
97.2726
97.298
97.3235
97.3489
97.3744
97.3998
97.4253
97.4507
97.4762
97.5016
97.5271
97.5526
97.578
97.6035
97.6289
97.6544
97.6798
97.7053
97.7307
97.7562
97.7816
97.8071
97.8325
97.8579
97.8834
97.9089
97.9343
97.9598
97.9853
98.0107
98.0361
98.0616
98.087
98.1125
98.1379
98.1634
98.1888
98.2142
98.2397
98.2651
98.2905
98.316
98.3415
98.3669
98.3924
98.4178
98.4433
98.4687
98.4942
98.5197
98.5451
98.5706
98.596
98.6214
98.6469
98.6724
98.6978
98.7233
98.7487
98.7742
98.7996
98.8251
98.8506
98.876
98.9015
98.9269
98.9524
98.9779
99.0033
99.0288
99.0542
99.0797
99.1051
99.1306
99.156
99.1814
99.2068
99.2322
99.2577
99.2832
99.3086
99.334
99.3595
99.3849
99.4104
99.4358
99.4613
99.4868
99.5122
99.5377
99.5632
99.5887
99.6142
99.6396
99.6651
99.6905
99.716
99.7414
99.7669
99.7923
99.8178
99.8433
99.8687
99.8941
99.9196
99.9451
99.9705
99.996
100.021
100.047
100.072
100.098
100.123
100.149
100.174
100.2
100.225
100.251
100.276
100.302
100.327
100.352
100.378
100.403
100.429
100.454
100.48
100.505
100.531
100.556
100.582
100.607
100.632
100.658
100.683
100.709
100.734
100.76
100.785
100.811
100.836
100.862
100.887
100.912
100.938
100.963
100.989
101.014
101.04
101.065
101.091
101.116
101.142
101.167
101.193
101.218
101.243
101.269
101.294
101.32
101.345
101.371
101.396
101.422
101.447
101.472
101.498
101.523
101.549
101.574
101.6
101.625
101.651
101.676
101.702
101.727
101.753
101.778
101.803
101.829
101.854
101.88
101.905
101.931
101.956
101.982
102.007
102.033
102.058
102.083
102.109
102.134
102.16
102.185
102.211
102.236
102.262
102.287
102.313
102.338
102.364
102.389
102.415
102.44
102.466
102.491
102.516
102.542
102.567
102.593
102.618
102.644
102.669
102.695
102.72
102.746
102.771
102.796
102.822
102.847
102.873
102.898
102.924
102.949
102.975
103
103.025
103.051
103.076
103.102
103.127
103.153
103.178
103.204
103.229
103.255
103.28
103.305
103.331
103.356
103.382
103.407
103.433
103.458
103.484
103.509
103.535
103.56
103.586
103.611
103.636
103.662
103.687
103.713
103.738
103.764
103.789
103.815
103.84
103.866
103.891
103.917
103.942
103.967
103.993
104.018
104.044
104.069
104.095
104.12
104.146
104.171
104.197
104.222
104.247
104.273
104.298
104.324
104.349
104.375
104.4
104.426
104.451
104.477
104.502
104.528
104.553
104.578
104.604
104.629
104.655
104.68
104.706
104.731
104.757
104.782
104.808
104.833
104.858
104.884
104.909
104.935
104.96
104.986
105.011
105.037
105.062
105.088
105.113
105.138
105.164
105.189
105.215
105.24
105.266
105.291
105.317
105.342
105.368
105.393
105.418
105.444
105.469
105.495
105.52
105.546
105.571
105.597
105.622
105.648
105.673
105.699
105.724
105.749
105.775
105.8
105.826
105.851
105.877
105.902
105.928
105.953
105.978
106.004
106.029
106.055
106.08
106.106
106.131
106.156
106.182
106.207
106.233
106.258
106.284
106.309
106.335
106.36
106.385
106.411
106.436
106.462
106.487
106.513
106.538
106.563
106.589
106.614
106.64
106.665
106.691
106.716
106.742
106.767
106.793
106.818
106.843
106.869
106.894
106.92
106.945
106.971
106.996
107.022
107.047
107.073
107.098
107.123
107.149
107.174
107.2
107.225
107.251
107.276
107.302
107.327
107.352
107.378
107.403
107.429
107.454
107.48
107.505
107.531
107.556
107.581
107.607
107.632
107.658
107.683
107.709
107.734
107.76
107.785
107.81
107.836
107.861
107.887
107.912
107.938
107.963
107.988
108.014
108.039
108.065
108.09
108.116
108.141
108.166
108.192
108.217
108.243
108.268
108.294
108.319
108.344
108.37
108.395
108.421
108.446
108.472
108.497
108.523
108.548
108.573
108.599
108.624
108.65
108.675
108.701
108.726
108.752
108.777
108.802
108.828
108.853
108.879
108.904
108.93
108.955
108.981
109.006
109.031
109.057
109.082
109.108
109.133
109.159
109.184
109.21
109.235
109.261
109.286
109.312
109.337
109.362
109.388
109.413
109.439
109.464
109.49
109.515
109.541
109.566
109.592
109.617
109.643
109.668
109.693
109.719
109.744
109.77
109.795
109.821
109.846
109.872
109.897
109.922
109.948
109.973
109.999
110.024
110.05
110.075
110.101
110.126
110.151
110.177
110.202
110.228
110.253
110.279
110.304
110.33
110.355
110.381
110.406
110.432
110.457
110.482
110.508
110.533
110.559
110.584
110.61
110.635
110.66
110.686
110.711
110.737
110.762
110.788
110.813
110.839
110.864
110.89
110.915
110.94
110.966
110.991
111.017
111.042
111.068
111.093
111.119
111.144
111.169
111.195
111.22
111.246
111.271
111.297
111.322
111.348
111.373
111.399
111.424
111.45
111.475
111.501
111.526
111.551
111.577
111.602
111.628
111.653
111.679
111.704
111.73
111.755
111.78
111.806
111.831
111.857
111.882
111.908
111.933
111.959
111.984
112.01
112.035
112.06
112.086
112.111
112.137
112.162
112.188
112.213
112.239
112.264
112.29
112.315
112.341
112.366
112.391
112.417
112.442
112.468
112.493
112.519
112.544
112.57
112.595
112.621
112.646
112.672
112.697
112.722
112.748
112.773
112.799
112.824
112.85
112.875
112.901
112.926
112.951
112.977
113.002
113.028
113.053
113.079
113.104
113.13
113.155
113.181
113.206
113.232
113.257
113.282
113.308
113.333
113.359
113.384
113.41
113.435
113.461
113.486
113.512
113.537
113.562
113.588
113.613
113.639
113.664
113.69
113.715
113.741
113.766
113.792
113.817
113.842
113.868
113.893
113.919
113.944
113.97
113.995
114.021
114.046
114.071
114.097
114.122
114.148
114.173
114.199
114.224
114.25
114.275
114.301
114.326
114.352
114.377
114.403
114.428
114.453
114.479
114.504
114.53
114.555
114.581
114.606
114.632
114.657
114.683
114.708
114.733
114.759
114.784
114.81
114.835
114.861
114.886
114.912
114.937
114.963
114.988
115.013
115.039
115.064
115.09
115.115
115.141
115.166
115.191
115.217
115.242
115.268
115.293
115.319
115.344
115.37
115.395
115.421
115.446
115.471
115.497
115.522
115.548
115.573
115.599
115.624
115.65
115.675
115.7
115.726
115.751
115.777
115.802
115.828
115.853
115.879
115.904
115.929
115.955
115.98
116.006
116.031
116.057
116.082
116.107
116.133
116.158
116.184
116.209
116.235
116.26
116.286
116.311
116.337
116.362
116.387
116.413
116.438
116.464
116.489
116.515
116.54
116.565
116.591
116.616
116.642
116.667
116.693
116.718
116.744
116.769
116.794
116.82
116.845
116.871
116.896
116.922
116.947
116.972
116.998
117.023
117.049
117.074
117.1
117.125
117.15
117.176
117.201
117.227
117.252
117.278
117.303
117.328
117.354
117.379
117.405
117.43
117.456
117.481
117.507
117.532
117.557
117.583
117.608
117.634
117.659
117.685
117.71
117.736
117.761
117.787
117.812
117.837
117.863
117.888
117.914
117.939
117.965
117.99
118.016
118.041
118.067
118.092
118.117
118.143
118.168
118.194
118.219
118.245
118.27
118.295
118.321
118.346
118.372
118.397
118.422
118.448
118.473
118.499
118.524
118.55
118.575
118.6
118.626
118.651
118.677
118.702
118.728
118.753
118.779
118.804
118.829
118.855
118.88
118.906
118.931
118.957
118.982
119.007
119.033
119.058
119.084
119.109
119.135
119.16
119.185
119.211
119.236
119.262
119.287
119.312
119.338
119.363
119.389
119.414
119.44
119.465
119.491
119.516
119.542
119.567
119.592
119.618
119.643
119.669
119.694
119.72
119.745
119.771
119.796
119.822
119.847
119.872
119.898
119.923
119.949
119.974
120
120.025
120.051
120.076
120.101
120.127
120.152
120.178
120.203
120.229
120.254
120.28
120.305
120.331
120.356
120.382
120.407
120.432
120.458
120.483
120.509
120.534
120.56
120.585
120.611
120.636
120.662
120.687
120.713
120.738
120.763
120.789
120.814
120.84
120.865
120.891
120.916
120.942
120.967
120.992
121.018
121.043
121.069
121.094
121.12
121.145
121.171
121.196
121.222
121.247
121.272
121.298
121.323
121.349
121.374
121.4
121.425
121.451
121.476
121.501
121.527
121.552
121.578
121.603
121.629
121.654
121.68
121.705
121.731
121.756
121.782
121.807
121.832
121.858
121.883
121.909
121.934
121.96
121.985
122.011
122.036
122.062
122.087
122.112
122.138
122.163
122.189
122.214
122.24
122.265
122.291
122.316
122.342
122.367
122.393
122.418
122.443
122.469
122.494
122.52
122.545
122.571
122.596
122.622
122.647
122.673
122.698
122.723
122.749
122.774
122.8
122.825
122.851
122.876
122.902
122.934
122.959
122.985
123.01
123.035
123.061
123.086
123.112
123.137
123.163
123.188
123.214
123.239
123.265
123.29
123.315
123.341
123.366
123.392
123.417
123.443
123.468
123.494
123.519
123.544
123.57
123.595
123.621
123.646
123.672
123.697
123.723
123.748
123.774
123.799
123.824
123.85
123.875
123.901
123.926
123.952
123.977
124.003
124.028
124.054
124.079
124.104
124.13
124.155
124.181
124.206
124.232
124.257
124.283
124.308
124.334
124.359
124.384
124.41
124.435
124.461
124.486
124.512
124.537
124.563
124.588
124.614
124.639
124.664
124.69
124.715
124.741
124.766
124.792
124.817
124.843
124.868
124.894
124.919
124.945
124.97
124.996
125.021
125.046
125.072
125.097
125.123
125.148
125.174
125.199
125.225
125.25
125.275
125.301
125.326
125.352
125.377
125.403
125.428
125.454
125.479
125.505
125.534
125.559
125.584
125.61
125.635
125.661
125.686
125.712
125.737
125.763
125.788
125.814
125.839
125.864
125.89
125.915
125.941
125.966
125.992
126.017
126.043
126.068
126.094
126.119
126.145
126.17
126.195
126.221
126.246
126.272
126.297
126.323
126.348
126.374
126.399
126.425
126.45
126.475
126.501
126.526
126.552
126.577
126.603
126.628
126.654
126.679
126.705
126.73
126.756
126.781
126.806
126.832
126.857
126.883
126.908
126.934
126.966
126.991
127.016
127.042
127.067
127.093
127.118
127.144
127.169
127.195
127.22
127.246
127.271
127.297
127.322
127.347
127.373
127.398
127.424
127.449
127.475
127.5
127.526
127.551
127.577
127.602
127.627
127.653
127.678
127.704
127.729
127.755
127.78
127.806
127.831
127.856
127.882
127.907
127.933
127.958
127.984
128.009
128.035
128.06
128.086
128.111
128.136
128.162
128.187
128.213
128.238
128.264
128.289
128.314
128.34
128.365
128.391
128.416
128.442
128.467
128.493
128.518
128.544
128.569
128.594
128.62
128.645
128.671
128.696
128.722
128.747
128.773
128.798
128.824
128.849
128.875
128.9
128.926
128.951
128.976
129.002
129.027
129.053
129.078
129.104
129.129
129.155
129.18
129.206
129.231
129.257
129.282
129.307
129.333
129.358
129.384
129.409
129.435
129.46
129.486
129.511
129.537
129.562
129.588
129.613
129.639
129.664
129.689
129.715
129.74
129.766
129.791
129.817
129.842
129.868
129.893
129.919
129.944
129.969
129.995
130.02
130.046
130.071
130.097
130.122
130.148
130.173
130.199
130.224
130.249
130.275
130.3
130.326
130.351
130.377
130.402
130.428
130.453
130.479
130.504
130.53
130.555
130.58
130.606
130.631
130.657
130.682
130.708
130.733
130.759
130.784
130.81
130.835
130.861
130.886
130.911
130.937
130.962
130.988
131.013
131.039
131.064
131.09
131.115
131.141
131.166
131.192
131.217
131.242
131.268
131.293
131.319
131.344
131.37
131.395
131.421
131.446
131.472
131.497
131.522
131.548
131.573
131.599
131.624
131.65
131.675
131.701
131.726
131.752
131.777
131.803
131.828
131.853
131.879
131.904
131.93
131.955
131.981
132.006
132.032
132.057
132.083
132.108
132.134
132.159
132.184
132.21
132.235
132.261
132.286
132.312
132.337
132.363
132.388
132.414
132.439
132.465
132.49
132.515
132.541
132.566
132.592
132.617
132.643
132.668
132.694
132.719
132.745
132.77
132.795
132.821
132.846
132.872
132.897
132.923
132.948
132.974
132.999
133.025
133.05
133.075
133.101
133.126
133.152
133.177
133.203
133.228
133.254
133.279
133.305
133.33
133.356
133.381
133.406
133.432
133.457
133.483
133.508
133.534
133.559
133.585
133.61
133.636
133.661
133.686
133.712
133.737
133.763
133.788
133.814
133.839
133.864
133.89
133.915
133.941
133.966
133.992
134.017
134.043
134.068
134.094
134.119
134.144
134.17
134.195
134.221
134.246
134.272
134.297
134.323
134.348
134.373
134.399
134.424
134.45
134.475
134.501
134.526
134.552
134.577
134.603
134.628
134.654
134.679
134.704
134.73
134.755
134.781
134.806
134.832
134.857
134.883
134.908
134.934
134.959
134.984
135.01
135.035
135.061
135.086
135.112
135.137
135.163
135.188
135.214
135.239
135.265
135.29
135.316
135.341
135.366
135.392
135.417
135.443
135.468
135.494
135.519
135.545
135.57
135.596
135.621
135.647
135.672
135.697
135.723
135.748
135.774
135.799
135.825
135.85
135.876
135.901
135.927
135.952
135.978
136.003
136.028
136.054
136.079
136.105
136.13
136.156
136.181
136.207
136.232
136.258
136.283
136.309
136.334
136.359
136.385
136.41
136.436
136.461
136.487
136.512
136.538
136.563
136.589
136.614
136.639
136.665
136.69
136.716
136.741
136.767
136.792
136.818
136.843
136.869
136.894
136.919
136.945
136.97
136.996
137.021
137.047
137.072
137.097
137.123
137.148
137.174
137.199
137.225
137.25
137.275
137.301
137.326
137.352
137.377
137.403
137.428
137.453
137.479
137.504
137.53
137.555
137.581
137.606
137.632
137.657
137.682
137.708
137.733
137.759
137.784
137.81
137.835
137.861
137.886
137.911
137.937
137.962
137.988
138.013
138.039
138.064
138.089
138.115
138.14
138.166
138.191
138.217
138.242
138.267
138.293
138.318
138.344
138.369
138.395
138.42
138.446
138.471
138.496
138.522
138.547
138.573
138.598
138.624
138.649
138.674
138.7
138.725
138.751
138.776
138.802
138.827
138.852
138.878
138.903
138.929
138.954
138.98
139.005
139.031
139.056
139.081
139.107
139.132
139.158
139.183
139.209
139.234
139.26
139.285
139.31
139.336
139.361
139.387
139.412
139.438
139.463
139.489
139.514
139.54
139.565
139.59
139.616
139.641
139.667
139.692
139.718
139.743
139.769
139.794
139.82
139.845
139.871
139.896
139.921
139.947
139.972
139.998
140.023
140.049
140.074
140.1
140.125
140.151
140.176
140.202
140.227
140.252
140.278
140.303
140.329
140.354
140.38
140.405
140.431
140.456
140.482
140.507
140.532
140.558
140.583
140.609
140.634
140.66
140.685
140.711
140.736
140.761
140.787
140.812
140.838
140.863
140.888
140.914
140.939
140.965
140.99
141.016
141.041
141.067
141.092
141.118
141.143
141.168
141.194
141.219
141.245
141.27
141.296
141.321
141.347
141.372
141.398
141.423
141.448
141.474
141.499
141.525
141.55
141.576
141.601
141.627
141.652
141.678
141.703
141.729
141.754
141.779
141.805
141.83
141.856
141.881
141.907
141.932
141.958
141.983
142.009
142.034
142.059
142.085
142.11
142.136
142.161
142.187
142.212
142.238
142.263
142.288
142.314
142.339
142.365
142.39
142.416
142.441
142.467
142.492
142.518
142.543
142.569
142.594
142.619
142.645
142.67
142.696
142.721
142.747
142.772
142.798
142.823
142.849
142.874
142.899
142.925
142.95
142.976
143.001
143.027
143.052
143.077
143.103
143.128
143.154
143.179
143.205
143.23
143.256
143.281
143.307
143.332
143.357
143.383
143.408
143.434
143.459
143.485
143.51
143.536
143.561
143.587
143.612
143.638
143.663
143.688
143.714
143.739
143.765
143.79
143.816
143.841
143.867
143.892
143.917
143.943
143.968
143.994
144.019
144.045
144.07
144.096
144.121
144.147
144.172
144.197
144.223
144.248
144.274
144.299
144.325
144.35
144.376
144.401
144.426
144.452
144.477
144.503
144.528
144.554
144.579
144.605
144.63
144.656
144.681
144.707
144.732
144.757
144.783
144.808
144.834
144.859
144.885
144.91
144.936
144.961
144.987
145.012
145.037
145.063
145.088
145.114
145.139
145.165
145.19
145.216
145.241
145.266
145.292
145.317
145.343
145.368
145.394
145.419
145.445
145.47
145.495
145.521
145.546
145.572
145.597
145.623
145.648
145.674
145.699
145.724
145.75
145.775
145.801
145.826
145.852
145.877
145.903
145.928
145.954
145.979
146.004
146.03
146.055
146.081
146.106
146.132
146.157
146.183
146.208
146.233
146.259
146.284
146.31
146.335
146.361
146.386
146.412
146.437
146.463
146.488
146.513
146.539
146.564
146.59
146.615
146.641
146.666
146.692
146.717
146.743
146.768
146.793
146.819
146.844
146.87
146.895
146.921
146.946
146.972
146.997
147.022
147.048
147.073
147.099
147.124
147.15
147.175
147.2
147.226
147.251
147.277
147.302
147.328
147.353
147.379
147.404
147.43
147.455
147.48
147.506
147.531
147.557
147.582
147.608
147.633
147.659
147.684
147.71
147.735
147.761
147.786
147.811
147.837
147.862
147.888
147.913
147.939
147.964
147.99
148.015
148.04
148.066
148.091
148.117
148.142
148.168
148.193
148.218
148.244
148.269
148.295
148.32
148.346
148.371
148.397
148.422
148.447
148.473
148.498
148.524
148.549
148.575
148.6
148.626
148.651
148.677
148.702
148.727
148.753
148.778
148.804
148.829
148.855
148.88
148.906
148.931
148.956
148.982
149.007
149.033
149.058
149.084
149.109
149.135
149.16
149.186
149.211
149.237
149.262
149.287
149.313
149.338
149.364
149.389
149.415
149.44
149.466
149.491
149.517
149.542
149.567
149.593
149.618
149.644
149.669
149.695
149.72
149.746
149.771
149.797
149.822
149.848
149.873
149.898
149.924
149.949
149.975
150
150.026
150.051
150.077
150.102
150.128
150.153
150.178
150.204
150.229
150.255
150.28
150.306
150.331
150.357
150.382
150.408
150.433
150.458
150.484
150.509
150.535
150.56
150.586
150.611
150.637
150.662
150.688
150.713
150.739
150.764
150.79
150.815
150.84
150.866
150.891
150.917
150.942
150.968
150.993
151.019
151.044
151.069
151.095
151.12
151.146
151.171
151.197
151.222
151.248
151.273
151.299
151.324
151.349
151.375
151.4
151.426
151.451
151.477
151.502
151.528
151.553
151.578
151.604
151.629
151.655
151.68
151.706
151.731
151.757
151.782
151.808
151.833
151.859
151.884
151.91
151.935
151.961
151.986
152.011
152.037
152.062
152.088
152.113
152.139
152.164
152.19
152.215
152.241
152.266
152.292
152.317
152.343
152.368
152.394
152.419
152.444
152.47
152.495
152.521
152.546
152.572
152.597
152.623
152.648
152.674
152.699
152.724
152.75
152.775
152.801
152.826
152.852
152.877
152.903
152.928
152.954
152.979
153.004
153.03
153.055
153.081
153.106
153.132
153.157
153.183
153.208
153.234
153.259
153.285
153.31
153.335
153.361
153.386
153.412
153.437
153.463
153.488
153.514
153.539
153.565
153.59
153.615
153.641
153.666
153.692
153.717
153.743
153.768
153.794
153.819
153.844
153.87
153.895
153.921
153.946
153.972
153.997
154.023
154.048
154.074
154.099
154.124
154.15
154.175
154.201
154.226
154.252
154.277
154.303
154.328
154.354
154.379
154.405
154.43
154.455
154.481
154.506
154.532
154.557
154.583
154.608
154.634
154.659
154.684
154.71
154.735
154.761
154.786
154.812
154.837
154.863
154.888
154.914
154.939
154.965
154.99
155.016
155.041
155.066
155.092
155.117
155.143
155.168
155.194
155.219
155.245
155.27
155.296
155.321
155.347
155.372
155.397
155.423
155.448
155.474
155.499
155.525
155.55
155.576
155.601
155.627
155.652
155.678
155.703
155.728
155.754
155.779
155.805
155.83
155.856
155.881
155.907
155.932
155.957
155.983
156.008
156.034
156.059
156.085
156.11
156.136
156.161
156.187
156.212
156.238
156.263
156.288
156.314
156.339
156.365
156.39
156.416
156.441
156.467
156.492
156.518
156.543
156.569
156.594
156.619
156.645
156.67
156.696
156.721
156.747
156.772
156.798
156.824
156.849
156.875
156.9
156.925
156.951
156.976
157.002
157.027
157.053
157.078
157.104
157.129
157.155
157.18
157.206
157.231
157.257
157.282
157.307
157.333
157.358
157.384
157.409
157.435
157.46
157.486
157.511
157.537
157.562
157.588
157.613
157.638
157.664
157.689
157.715
157.74
157.766
157.791
157.817
157.842
157.868
157.893
157.919
157.944
157.969
157.995
158.02
158.046
158.071
158.096
158.122
158.147
158.173
158.198
158.224
158.249
158.275
158.3
158.325
158.351
158.376
158.402
158.427
158.453
158.478
158.504
158.529
158.555
158.58
158.606
158.631
158.657
158.682
158.707
158.733
158.758
158.784
158.809
158.835
158.86
158.886
158.911
158.937
158.962
158.988
159.013
159.038
159.064
159.089
159.115
159.14
159.166
159.191
159.217
159.242
159.268
159.293
159.318
159.344
159.369
159.395
159.42
159.446
159.471
159.497
159.522
159.548
159.573
159.598
159.624
159.649
159.675
159.7
159.726
159.751
159.777
159.802
159.828
159.853
159.878
159.904
159.929
159.955
159.98
160.006
160.031
160.057
160.082
160.108
160.133
160.158
160.184
160.209
160.235
160.26
160.286
160.311
160.337
160.362
160.388
160.413
160.439
160.464
160.489
160.515
160.54
160.566
160.591
160.617
160.642
160.668
160.693
160.719
160.744
160.77
160.795
160.821
160.846
160.871
160.897
160.922
160.948
160.973
160.999
161.024
161.05
161.075
161.1
161.126
161.151
161.177
161.202
161.228
161.253
161.279
161.304
161.33
161.355
161.381
161.406
161.431
161.457
161.482
161.508
161.533
161.559
161.584
161.61
161.635
161.661
161.686
161.711
161.737
161.762
161.788
161.813
161.839
161.864
161.89
161.915
161.94
161.966
161.991
162.017
162.042
162.068
162.093
162.119
162.144
162.17
162.195
162.22
162.246
162.271
162.297
162.322
162.348
162.373
162.399
162.424
162.45
162.475
162.5
162.526
162.551
162.577
162.602
162.628
162.653
162.679
162.704
162.73
162.755
162.78
162.806
162.831
162.857
162.882
162.908
162.933
162.959
162.984
163.01
163.035
163.061
163.086
163.111
163.137
163.162
163.188
163.213
163.239
163.264
163.29
163.315
163.34
163.366
163.391
163.417
163.442
163.468
163.493
163.519
163.544
163.57
163.595
163.621
163.646
163.672
163.697
163.722
163.748
163.773
163.799
163.824
163.85
163.875
163.901
163.926
163.952
163.977
164.002
164.028
164.053
164.079
164.104
164.13
164.155
164.181
164.206
164.232
164.257
164.283
164.308
164.334
164.359
164.384
164.41
164.435
164.461
164.486
164.512
164.537
164.563
164.588
164.613
164.639
164.664
164.69
164.715
164.741
164.766
164.792
164.817
164.842
164.868
164.893
164.919
164.944
164.97
164.995
165.021
165.046
165.072
165.097
165.122
165.148
165.173
165.199
165.224
165.25
165.275
165.301
165.326
165.352
165.377
165.402
165.428
165.453
165.479
165.504
165.53
165.555
165.58
165.606
165.631
165.657
165.682
165.708
165.733
165.759
165.784
165.809
165.835
165.86
165.886
165.911
165.937
165.962
165.988
166.013
166.039
166.064
166.089
166.115
166.14
166.166
166.191
166.217
166.242
166.268
166.293
166.318
166.344
166.369
166.395
166.42
166.446
166.471
166.497
166.522
166.547
166.573
166.598
166.624
166.649
166.675
166.7
166.726
166.751
166.776
166.802
166.827
166.853
166.878
166.904
166.929
166.954
166.98
167.005
167.031
167.056
167.082
167.107
167.133
167.158
167.183
167.209
167.234
167.26
167.285
167.311
167.336
167.362
167.387
167.412
167.438
167.463
167.489
167.514
167.54
167.565
167.591
167.616
167.641
167.667
167.692
167.718
167.743
167.769
167.794
167.82
167.845
167.87
167.896
167.921
167.947
167.972
167.998
168.023
168.048
168.074
168.099
168.125
168.15
168.176
168.201
168.226
168.252
168.277
168.303
168.328
168.354
168.379
168.404
168.43
168.455
168.481
168.506
168.532
168.557
168.582
168.608
168.633
168.659
168.684
168.71
168.735
168.76
168.786
168.811
168.837
168.862
168.888
168.913
168.938
168.964
168.989
169.015
169.04
169.066
169.091
169.116
169.142
169.167
169.193
169.218
169.244
169.269
169.295
169.32
169.345
169.371
169.396
169.422
169.447
169.473
169.498
169.523
169.549
169.574
169.6
169.625
169.651
169.676
169.701
169.727
169.752
169.778
169.803
169.829
169.854
169.88
169.905
169.93
169.956
169.981
170.007
170.032
170.058
170.083
170.109
170.134
170.159
170.185
170.21
170.236
170.261
170.287
170.312
170.337
170.363
170.388
170.414
170.439
170.465
170.49
170.515
170.541
170.566
170.592
170.617
170.643
170.668
170.694
170.719
170.744
170.77
170.795
170.821
170.846
170.871
170.897
170.922
170.948
170.973
170.998
171.024
171.049
171.075
171.1
171.126
171.151
171.176
171.202
171.227
171.253
171.278
171.304
171.329
171.354
171.38
171.405
171.431
171.456
171.482
171.507
171.532
171.558
171.583
171.609
171.634
171.659
171.685
171.71
171.736
171.761
171.787
171.812
171.837
171.863
171.888
171.914
171.939
171.965
171.99
172.015
172.041
172.066
172.092
172.117
172.143
172.168
172.193
172.219
172.244
172.27
172.295
172.32
172.346
172.371
172.397
172.422
172.448
172.473
172.498
172.524
172.549
172.575
172.6
172.626
172.651
172.676
172.702
172.727
172.753
172.778
172.804
172.829
172.854
172.88
172.905
172.931
172.956
172.981
173.007
173.032
173.058
173.083
173.108
173.134
173.159
173.185
173.21
173.236
173.261
173.286
173.312
173.337
173.363
173.388
173.414
173.439
173.465
173.49
173.515
173.541
173.566
173.592
173.617
173.642
173.668
173.693
173.719
173.744
173.77
173.795
173.82
173.846
173.871
173.897
173.922
173.948
173.973
173.999
174.024
174.049
174.075
174.1
174.126
174.151
174.177
174.202
174.227
174.253
174.278
174.304
174.329
174.354
174.38
174.405
174.431
174.456
174.482
174.507
174.532
174.558
174.583
174.609
174.634
174.66
174.685
174.711
174.736
174.761
174.787
174.812
174.838
174.863
174.889
174.914
174.94
174.965
174.99
175.016
175.041
175.067
175.092
175.117
175.143
175.168
175.194
175.219
175.245
175.27
175.296
175.321
175.346
175.372
175.397
175.423
175.448
175.473
175.499
175.524
175.55
175.575
175.601
175.626
175.651
175.677
175.702
175.728
175.753
175.779
175.804
175.829
175.855
175.88
175.906
175.931
175.957
175.982
176.007
176.033
176.058
176.084
176.109
176.135
176.16
176.186
176.211
176.236
176.262
176.287
176.313
176.338
176.364
176.389
176.414
176.44
176.465
176.491
176.516
176.542
176.567
176.593
176.618
176.643
176.669
176.694
176.72
176.745
176.771
176.796
176.821
176.847
176.872
176.898
176.923
176.949
176.974
177
177.025
177.05
177.076
177.101
177.127
177.152
177.178
177.203
177.228
177.254
177.279
177.305
177.33
177.356
177.381
177.406
177.432
177.457
177.483
177.508
177.534
177.559
177.584
177.61
177.635
177.661
177.686
177.712
177.737
177.762
177.788
177.813
177.839
177.864
177.89
177.915
177.94
177.966
177.991
178.017
178.042
178.068
178.093
178.118
178.144
178.169
178.195
178.22
178.245
178.271
178.296
178.322
178.347
178.372
178.398
178.423
178.449
178.474
178.499
178.525
178.55
178.576
178.601
178.627
178.652
178.677
178.703
178.728
178.754
178.779
178.804
178.83
178.855
178.881
178.906
178.932
178.957
178.982
179.008
179.033
179.059
179.084
179.11
179.135
179.16
179.186
179.211
179.237
179.262
179.288
179.313
179.338
179.364
179.389
179.415
179.44
179.465
179.491
179.516
179.542
179.567
179.593
179.618
179.643
179.669
179.694
179.72
179.745
179.771
179.796
179.821
179.847
179.872
179.898
179.923
179.949
179.974
180
180.025
180.05
180.076
180.101
180.127
180.152
180.178
180.203
180.228
180.254
180.279
180.305
180.33
180.356
180.381
180.407
180.432
180.457
180.483
180.508
180.534
180.559
180.585
180.61
180.635
180.661
180.686
180.712
180.737
180.763
180.788
180.813
180.839
180.864
180.89
180.915
180.941
180.966
180.992
181.017
181.042
181.068
181.093
181.119
181.144
181.17
181.195
181.22
181.246
181.271
181.297
181.322
181.348
181.373
181.399
181.424
181.449
181.475
181.5
181.526
181.551
181.577
181.602
181.627
181.653
181.678
181.704
181.729
181.755
181.78
181.805
181.831
181.856
181.882
181.907
181.933
181.958
181.984
182.009
182.034
182.06
182.085
182.111
182.136
182.162
182.187
182.213
182.238
182.263
182.289
182.314
182.34
182.365
182.391
182.416
182.441
182.467
182.492
182.518
182.543
182.569
182.594
182.62
182.645
182.67
182.696
182.721
182.747
182.772
182.798
182.823
182.848
182.874
182.899
182.925
182.95
182.976
183.001
183.026
183.052
183.077
183.103
183.13
183.155
183.18
183.206
183.231
183.257
183.282
183.308
183.333
183.358
183.384
183.409
183.435
183.46
183.486
183.511
183.536
183.562
183.587
183.613
183.638
183.664
183.689
183.715
183.74
183.765
183.791
183.816
183.842
183.867
183.892
183.918
183.943
183.969
183.994
184.02
184.045
184.071
184.096
184.121
184.147
184.172
184.198
184.223
184.248
184.274
184.299
184.325
184.35
184.376
184.401
184.427
184.452
184.477
184.503
184.528
184.554
184.579
184.605
184.63
184.655
184.681
184.706
184.732
184.757
184.782
184.808
184.833
184.859
184.884
184.909
184.935
184.96
184.986
185.011
185.037
185.062
185.088
185.113
185.138
185.164
185.189
185.215
185.24
185.265
185.291
185.316
185.342
185.367
185.393
185.418
185.443
185.469
185.494
185.52
185.545
185.571
185.596
185.621
185.647
185.672
185.698
185.723
185.749
185.774
185.799
185.825
185.85
185.876
185.901
185.927
185.952
185.977
186.003
186.028
186.054
186.079
186.105
186.13
186.155
186.181
186.206
186.232
186.257
186.282
186.308
186.333
186.359
186.384
186.41
186.435
186.461
186.486
186.511
186.537
186.562
186.588
186.613
186.639
186.664
186.689
186.715
186.74
186.766
186.791
186.817
186.842
186.867
186.893
186.918
186.944
186.969
186.994
187.02
187.045
187.071
187.096
187.122
187.147
187.172
187.198
187.223
187.249
187.274
187.3
187.325
187.351
187.376
187.401
187.427
187.452
187.478
187.503
187.528
187.554
187.579
187.605
187.63
187.656
187.681
187.706
187.732
187.757
187.783
187.808
187.834
187.859
187.884
187.91
187.935
187.961
187.986
188.012
188.037
188.062
188.088
188.113
188.139
188.164
188.189
188.215
188.24
188.266
188.291
188.316
188.342
188.367
188.393
188.418
188.444
188.469
188.494
188.52
188.545
188.571
188.596
188.621
188.647
188.672
188.698
188.723
188.749
188.774
188.799
188.825
188.85
188.876
188.901
188.927
188.952
188.977
189.003
189.028
189.054
189.079
189.105
189.13
189.155
189.181
189.206
189.232
189.257
189.283
189.308
189.333
189.359
189.384
189.41
189.435
189.46
189.486
189.511
189.537
189.562
189.588
189.613
189.639
189.664
189.689
189.715
189.74
189.766
189.791
189.817
189.842
189.867
189.893
189.918
189.944
189.969
189.995
190.02
190.045
190.071
190.096
190.122
190.147
190.173
190.198
190.223
190.249
190.274
190.3
190.325
190.35
190.376
190.401
190.427
190.452
190.478
190.503
190.528
190.554
190.579
190.605
190.63
190.655
190.681
190.706
190.732
190.757
190.783
190.808
190.833
190.859
190.884
190.91
190.935
190.96
190.986
191.011
191.037
191.062
191.088
191.113
191.138
191.164
191.189
191.215
191.24
191.265
191.291
191.316
191.342
191.367
191.393
191.418
191.443
191.469
191.494
191.52
191.545
191.571
191.596
191.621
191.647
191.672
191.698
191.723
191.748
191.774
191.799
191.825
191.85
191.876
191.901
191.926
191.952
191.977
192.003
192.028
192.054
192.079
192.104
192.13
192.155
192.181
192.206
192.232
192.257
192.282
192.308
192.333
192.359
192.384
192.409
192.435
192.46
192.486
192.511
192.537
192.562
192.587
192.613
192.638
192.664
192.689
192.715
192.74
192.765
192.791
192.816
192.842
192.867
192.892
192.918
192.943
192.969
192.994
193.02
193.045
193.07
193.096
193.121
193.147
193.172
193.198
193.223
193.248
193.274
193.299
193.325
193.35
193.376
193.401
193.426
193.452
193.477
193.503
193.528
193.553
193.579
193.604
193.63
193.655
193.681
193.706
193.731
193.757
193.782
193.808
193.833
193.859
193.884
193.909
193.935
193.96
193.986
194.011
194.036
194.062
194.087
194.113
194.138
194.164
194.189
194.214
194.24
194.265
194.291
194.316
194.342
194.367
194.392
194.418
194.443
194.469
194.494
194.519
194.545
194.57
194.596
194.621
194.647
194.672
194.697
194.723
194.748
194.774
194.799
194.825
194.85
194.875
194.901
194.93
194.955
194.98
195.006
195.031
195.057
195.082
195.108
195.133
195.158
195.184
195.209
195.235
195.26
195.286
195.311
195.336
195.362
195.387
195.413
195.438
195.463
195.489
195.514
195.54
195.565
195.591
195.616
195.641
195.667
195.692
195.718
195.743
195.769
195.794
195.819
195.845
195.87
195.896
195.921
195.946
195.972
195.997
196.023
196.048
196.074
196.099
196.124
196.15
196.175
196.201
196.226
196.252
196.277
196.302
196.328
196.353
196.379
196.404
196.429
196.455
196.48
196.506
196.531
196.557
196.582
196.607
196.633
196.658
196.684
196.709
196.734
196.76
196.786
196.811
196.836
196.862
196.887
196.913
196.938
196.963
196.989
197.014
197.04
197.065
197.09
197.116
197.141
197.167
197.192
197.217
197.243
197.268
197.294
197.319
197.344
197.37
197.395
197.421
197.446
197.471
197.497
197.522
197.548
197.573
197.598
197.624
197.649
197.675
197.7
197.726
197.751
197.776
197.802
197.827
197.853
197.878
197.903
197.929
197.954
197.98
198.005
198.03
198.056
198.081
198.107
198.132
198.157
198.183
198.208
198.233
198.259
198.284
198.31
198.335
198.36
198.386
198.411
198.437
198.462
198.487
198.513
198.538
198.564
198.589
198.614
198.64
198.665
198.691
198.716
198.741
198.767
198.792
198.817
198.843
198.868
198.894
198.919
198.944
198.97
198.995
199.02
199.046
199.071
199.097
199.122
199.147
199.173
199.198
199.224
199.249
199.274
199.3
199.325
199.351
199.376
199.401
199.427
199.452
199.478
199.503
199.528
199.554
199.579
199.605
199.63
199.655
199.681
199.706
199.732
199.757
199.782
199.808
199.833
199.859
199.884
199.909
199.935
199.96
199.986
200.011
200.036
200.062
200.087
200.113
200.138
200.163
200.189
200.214
200.239
200.265
200.29
200.316
200.341
200.366
200.392
200.417
200.442
200.468
200.493
200.519
200.544
200.569
200.595
200.62
200.645
200.671
200.696
200.722
200.747
200.772
200.798
200.823
200.848
200.874
200.899
200.925
200.95
200.975
201.001
201.026
201.051
201.077
201.102
201.128
201.153
201.178
201.204
201.229
201.255
201.28
201.305
201.331
201.356
201.381
201.407
201.432
201.458
201.483
201.508
201.534
201.559
201.584
201.61
201.635
201.661
201.686
201.711
201.737
201.762
201.788
201.813
201.838
201.864
201.889
201.914
201.94
201.965
201.991
202.016
202.041
202.067
202.092
202.118
202.143
202.168
202.194
202.219
202.244
202.27
202.295
202.321
202.346
202.371
202.397
202.422
202.447
202.473
202.498
202.524
202.549
202.574
202.6
202.625
202.651
202.676
202.701
202.727
202.752
202.777
202.803
202.828
202.854
202.879
202.904
202.93
202.955
202.98
203.006
203.031
203.056
203.082
203.107
203.133
203.158
203.183
203.209
203.234
203.259
203.285
203.31
203.336
203.361
203.386
203.412
203.437
203.463
203.488
203.513
203.539
203.564
203.589
203.615
203.64
203.666
203.691
203.716
203.742
203.767
203.792
203.818
203.843
203.869
203.894
203.92
203.945
203.97
203.996
204.021
204.046
204.072
204.097
204.123
204.148
204.174
204.199
204.224
204.25
204.275
204.301
204.326
204.351
204.377
204.402
204.428
204.453
204.478
204.504
204.529
204.555
204.58
204.605
204.631
204.656
204.682
204.707
204.732
204.758
204.783
204.809
204.834
204.859
204.885
204.91
204.936
204.961
204.986
205.012
205.037
205.062
205.088
205.113
205.139
205.164
205.189
205.215
205.24
205.265
205.291
205.316
205.341
205.367
205.392
205.417
205.443
205.468
205.493
205.519
205.544
205.569
205.595
205.62
205.645
205.67
205.696
205.721
205.746
205.772
205.797
205.822
205.848
205.873
205.898
205.923
205.949
205.974
205.999
206.024
206.05
206.075
206.1
206.126
206.151
206.176
206.202
206.227
206.252
206.278
206.303
206.328
206.354
206.379
206.404
206.429
206.455
206.48
206.505
206.531
206.556
206.581
206.606
206.632
206.657
206.682
206.708
206.733
206.758
206.784
206.809
206.834
206.86
206.885
206.91
206.935
206.961
206.986
207.011
207.037
207.062
207.087
207.112
207.138
207.163
207.188
207.214
207.239
207.264
207.289
207.315
207.34
207.365
207.39
207.416
207.441
207.466
207.491
207.517
207.542
207.567
207.593
207.618
207.643
207.668
207.694
207.719
207.744
207.769
207.795
207.82
207.845
207.87
207.896
207.921
207.946
207.971
207.996
208.022
208.047
208.072
208.097
208.122
208.148
208.173
208.198
208.224
208.249
208.274
208.299
208.324
208.35
208.375
208.4
208.425
208.45
208.476
208.501
208.526
208.551
208.576
208.602
208.627
208.652
208.677
208.702
208.727
208.753
208.778
208.803
208.828
208.853
208.879
208.904
208.929
208.954
208.98
209.005
209.03
209.055
209.08
209.106
209.131
209.156
209.181
209.207
209.232
209.257
209.282
209.307
209.333
209.358
209.383
209.408
209.434
209.459
209.484
209.509
209.535
209.56
209.585
209.61
209.635
209.661
209.686
209.711
209.736
209.761
209.787
209.812
209.837
209.862
209.888
209.913
209.938
209.963
209.988
210.014
210.039
210.064
210.089
210.115
210.14
210.165
210.19
210.216
210.241
210.266
210.291
210.316
210.342
210.367
210.392
210.417
210.442
210.468
210.493
210.518
210.543
210.569
210.594
210.619
210.644
210.669
210.695
210.72
210.745
210.77
210.795
210.82
210.846
210.871
210.896
210.921
210.947
210.972
210.997
211.022
211.048
211.073
211.098
211.123
211.148
211.174
211.199
211.224
211.249
211.275
211.3
211.325
211.35
211.375
211.401
211.426
211.451
211.476
211.502
211.527
211.552
211.577
211.602
211.628
211.653
211.678
211.703
211.728
211.754
211.779
211.804
211.829
211.854
211.88
211.905
211.93
211.955
211.98
212.006
212.031
212.056
212.081
212.106
212.132
212.157
212.182
212.207
212.232
212.258
212.283
212.308
212.334
212.359
212.384
212.409
212.434
212.459
212.485
212.51
212.535
212.56
212.585
212.611
212.636
212.661
212.686
212.711
212.736
212.762
212.787
212.812
212.837
212.862
212.887
212.913
212.938
212.963
212.988
213.013
213.039
213.064
213.089
213.114
213.139
213.165
213.19
213.215
213.24
213.265
213.291
213.316
213.341
213.366
213.391
213.417
213.442
213.467
213.492
213.517
213.543
213.568
213.593
213.618
213.643
213.669
213.694
213.719
213.744
213.769
213.795
213.82
213.845
213.87
213.895
213.92
213.946
213.971
213.996
214.021
214.046
214.071
214.097
214.122
214.147
214.172
214.197
214.222
214.247
214.273
214.298
214.323
214.348
214.373
214.398
214.424
214.449
214.474
214.499
214.524
214.55
214.575
214.6
214.625
214.65
214.675
214.701
214.726
214.751
214.776
214.801
214.826
214.852
214.877
214.902
214.927
214.952
214.978
215.003
215.028
215.053
215.078
215.103
215.129
215.154
215.179
215.204
215.229
215.254
215.279
215.305
215.33
215.355
