0.0292149
0.0547159
0.0800998
0.105455
0.130824
0.1562
0.181558
0.206917
0.232267
0.257622
0.282981
0.308357
0.333706
0.359065
0.384443
0.409817
0.435176
0.460534
0.485892
0.511248
0.53661
0.561964
0.587324
0.612701
0.63807
0.663427
0.68878
0.714135
0.739489
0.764848
0.790234
0.815619
0.840989
0.866376
0.891765
0.917157
0.942571
0.967978
0.993411
1.01882
1.04423
1.06967
1.09507
1.12049
1.14591
1.17133
1.19676
1.22219
1.2476
1.27302
1.29875
1.32419
1.34962
1.37506
1.40049
1.42593
1.45136
1.47679
1.50223
1.52765
1.55308
1.57853
1.60398
1.62943
1.65488
1.68031
1.70574
1.73117
1.75658
1.78201
1.80743
1.83286
1.85828
1.8837
1.90914
1.93459
1.96
1.98542
2.01083
2.03624
2.06165
2.08706
2.11247
2.13787
2.16329
2.1887
2.21411
2.23953
2.26497
2.29041
2.3158
2.34123
2.36664
2.39206
2.41749
2.44293
2.46836
2.49379
2.51922
2.54465
2.57008
2.59553
2.62096
2.64641
2.67185
2.69727
2.7227
2.74815
2.77364
2.7991
2.82458
2.85005
2.87549
2.90094
2.9264
2.95185
2.97728
3.00271
3.02816
3.05361
3.07905
3.10452
3.12998
3.15543
3.18086
3.20631
3.23176
3.25719
3.28264
3.30809
3.33353
3.35898
3.38445
3.40991
3.43537
3.46082
3.48627
3.51172
3.53716
3.56261
3.58806
3.6135
3.63895
3.66442
3.68986
3.7153
3.74077
3.76623
3.79167
3.8171
3.84256
3.86801
3.89345
3.91888
3.94437
3.96983
3.99527
4.02072
4.04616
4.07162
4.09704
4.12241
4.14781
4.17321
4.19868
4.22416
4.24961
4.27501
4.30048
4.32594
4.35138
4.37683
4.40228
4.42771
4.4532
4.47863
4.50408
4.52953
4.55497
4.58042
4.60587
4.63135
4.65682
4.6823
4.70777
4.73322
4.75866
4.78411
4.80954
4.835
4.86046
4.88588
4.91131
4.93673
4.96219
4.98765
5.0131
5.03856
5.06402
5.08947
5.11492
5.14037
5.16582
5.19127
5.2167
5.24215
5.2676
5.29305
5.31853
5.34398
5.36943
5.3949
5.42035
5.4458
5.47127
5.49673
5.52219
5.54766
5.5731
5.59857
5.62402
5.64946
5.67491
5.70037
5.72582
5.75136
5.77683
5.80228
5.82773
5.85321
5.87868
5.90416
5.92964
5.95512
5.9806
6.00605
6.0315
6.05696
6.08241
6.10786
6.13328
6.15873
6.18418
6.20963
6.23507
6.26054
6.28599
6.31146
6.33693
6.36239
6.38784
6.41328
6.43874
6.46423
6.48969
6.51515
6.54059
6.56603
6.59147
6.61691
6.64236
6.66779
6.69324
6.71866
6.74411
6.76956
6.79501
6.82046
6.84593
6.8714
6.89688
6.92235
6.94781
6.97327
6.99872
7.02418
7.04962
7.07506
7.10052
7.12599
7.15145
7.17691
7.20237
7.22781
7.25328
7.27872
7.30419
7.32965
7.3551
7.38057
7.40602
7.43149
7.45696
7.48242
7.50788
7.53335
7.55882
7.58428
7.60972
7.63518
7.66064
7.68609
7.71156
7.73701
7.76246
7.78792
7.8134
7.83887
7.86438
7.88985
7.91531
7.94077
7.96622
7.99168
8.01712
8.04259
8.06804
8.09349
8.11895
8.14441
8.16986
8.19533
8.2208
8.24626
8.27172
8.2972
8.32266
8.34813
8.37359
8.39905
8.4245
8.44996
8.47543
8.50091
8.52636
8.55181
8.57727
8.60273
8.62819
8.65363
8.67907
8.70452
8.72995
8.75539
8.78081
8.80625
8.83169
8.85713
8.88258
8.90804
8.93349
8.95895
8.9844
9.00987
9.03534
9.0608
9.08626
9.11172
9.13721
9.16267
9.18812
9.21357
9.23902
9.26448
9.28993
9.31539
9.34084
9.3663
9.39174
9.41723
9.44267
9.46813
9.49358
9.51902
9.54449
9.56996
9.59543
9.62088
9.64635
9.67182
9.69728
9.72274
9.7482
9.77365
9.7991
9.82455
9.85002
9.87547
9.90093
9.92638
9.95184
9.97728
10.0027
10.0282
10.0537
10.0791
10.1046
10.13
10.1555
10.181
10.2064
10.2319
10.2573
10.2828
10.3083
10.3337
10.3592
10.3847
10.4101
10.4356
10.461
10.4865
10.5119
10.5374
10.5628
10.5883
10.6138
10.6392
10.6647
10.6901
10.7156
10.7411
10.7665
10.792
10.8175
10.8429
10.8684
10.8938
10.9193
10.9447
10.9702
10.9956
11.0211
11.0466
11.072
11.0975
11.1229
11.1484
11.1738
11.1993
11.2248
11.2503
11.2757
11.3012
11.3266
11.3521
11.3775
11.403
11.4284
11.4539
11.4794
11.5048
11.5303
11.5558
11.5812
11.6067
11.6321
11.6576
11.683
11.7085
11.734
11.7594
11.7849
11.8103
11.8358
11.8612
11.8867
11.9121
11.9376
11.963
11.9885
12.014
12.0394
12.0649
12.0903
12.1158
12.1412
12.1667
12.1922
12.2176
12.2431
12.2685
12.294
12.3194
12.3449
12.3704
12.3958
12.4213
12.4467
12.4722
12.4977
12.5231
12.5486
12.574
12.5995
12.625
12.6504
12.6759
12.7014
12.7268
12.7523
12.7777
12.8032
12.8286
12.8541
12.8796
12.905
12.9305
12.956
12.9814
13.0069
13.0323
13.0578
13.0832
13.1086
13.1341
13.1595
13.185
13.2105
13.2359
13.2614
13.2868
13.3123
13.3377
13.3632
13.3886
13.414
13.4395
13.4649
13.4904
13.5158
13.5413
13.5667
13.5922
13.6176
13.6431
13.6685
13.694
13.7194
13.7449
13.7704
13.7959
13.8214
13.8468
13.8723
13.8977
13.9232
13.9486
13.9741
13.9995
14.0249
14.0504
14.0758
14.1013
14.1267
14.1521
14.1776
14.203
14.2285
14.2539
14.2794
14.3049
14.3303
14.3558
14.3813
14.4068
14.4322
14.4577
14.4832
14.5087
14.5341
14.5596
14.5851
14.6105
14.636
14.6615
14.6869
14.7124
14.7378
14.7633
14.7888
14.8142
14.8397
14.8651
14.8906
14.9161
14.9415
14.967
14.9924
15.0179
15.0434
15.0688
15.0943
15.1197
15.1452
15.1706
15.1961
15.2215
15.247
15.2724
15.2979
15.3233
15.3488
15.3743
15.3998
15.4253
15.4507
15.4762
15.5016
15.5271
15.5525
15.578
15.6035
15.6289
15.6544
15.6798
15.7053
15.7307
15.7562
15.7816
15.8071
15.8325
15.858
15.8835
15.909
15.9344
15.9599
15.9853
16.0108
16.0363
16.0617
16.0872
16.1127
16.1381
16.1636
16.189
16.2145
16.2399
16.2654
16.2909
16.3163
16.3418
16.3672
16.3927
16.4181
16.4436
16.469
16.4945
16.52
16.5454
16.5709
16.5963
16.6218
16.6472
16.6727
16.6982
16.7236
16.7491
16.7745
16.8
16.8255
16.8509
16.8764
16.9018
16.9273
16.9527
16.9782
17.0036
17.0291
17.0546
17.08
17.1055
17.1309
17.1564
17.1818
17.2073
17.2328
17.2582
17.2837
17.3091
17.3346
17.36
17.3855
17.4109
17.4364
17.4618
17.4873
17.5128
17.5383
17.5637
17.5892
17.6146
17.64
17.6655
17.691
17.7164
17.7419
17.7673
17.7928
17.8183
17.8437
17.8691
17.8946
17.9201
17.9455
17.971
17.9965
18.022
18.0474
18.0729
18.0984
18.1238
18.1493
18.1747
18.2002
18.2256
18.2511
18.2766
18.3021
18.3275
18.353
18.3784
18.4039
18.4293
18.4548
18.4802
18.5057
18.5312
18.5566
18.5821
18.6075
18.633
18.6584
18.6839
18.7093
18.7347
18.7602
18.7857
18.8111
18.8366
18.862
18.8875
18.913
18.9384
18.9639
18.9893
19.0148
19.0405
19.0659
19.0914
19.1168
19.1423
19.1678
19.1933
19.2187
19.2442
19.2696
19.2951
19.3205
19.346
19.3715
19.3969
19.4224
19.4478
19.4733
19.4987
19.5242
19.5497
19.5751
19.6005
19.626
19.6514
19.6769
19.7023
19.7278
19.7533
19.7787
19.8041
19.8296
19.855
19.8805
19.906
19.9315
19.957
19.9825
20.0079
20.0334
20.0589
20.0843
20.1098
20.1352
20.1607
20.1861
20.2116
20.2371
20.2625
20.288
20.3135
20.3389
20.3644
20.3899
20.4154
20.4408
20.4663
20.4917
20.5172
20.5426
20.5681
20.5936
20.619
20.6445
20.6699
20.6954
20.7208
20.7463
20.7718
20.7972
20.8227
20.8481
20.8736
20.8991
20.9245
20.95
20.9754
21.0009
21.0264
21.0518
21.0773
21.1027
21.1282
21.1536
21.1791
21.2045
21.23
21.2555
21.2809
21.3064
21.3319
21.3573
21.3827
21.4082
21.4336
21.4591
21.4846
21.51
21.5355
21.5609
21.5864
21.6118
21.6373
21.6627
21.6881
21.7136
21.739
21.7645
21.79
21.8155
21.8409
21.8664
21.8918
21.9173
21.9427
21.9682
21.9937
22.0192
22.0446
22.0701
22.0956
22.121
22.1465
22.172
22.1974
22.2229
22.2483
22.2737
22.2992
22.3246
22.3501
22.3755
22.401
22.4264
22.4519
22.4774
22.5028
22.5282
22.5537
22.5791
22.6046
22.63
22.6555
22.6809
22.7064
22.7318
22.7573
22.7827
22.8082
22.8336
22.8591
22.8846
22.91
22.9355
22.961
22.9865
23.0119
23.0373
23.0628
23.0883
23.1137
23.1392
23.1646
23.1901
23.2156
23.2411
23.2665
23.292
23.3175
23.3429
23.3684
23.3939
23.4194
23.4448
23.4703
23.4958
23.5212
23.5467
23.5722
23.5976
23.6231
23.6486
23.674
23.6995
23.7249
23.7504
23.7758
23.8013
23.8267
23.8522
23.8776
23.9031
23.9285
23.954
23.9794
24.0049
24.0303
24.0558
24.0812
24.1066
24.1321
24.1575
24.183
24.2084
24.2339
24.2593
24.2848
24.3102
24.3357
24.3611
24.3866
24.4121
24.4376
24.463
24.4885
24.514
24.5394
24.5649
24.5903
24.6158
24.6413
24.6667
24.6922
24.7177
24.7431
24.7686
24.7941
24.8195
24.845
24.8705
24.896
24.9214
24.9469
24.9723
24.9978
25.0233
25.0488
25.0742
25.0997
25.1252
25.1506
25.1761
25.2016
25.227
25.2525
25.278
25.3034
25.3289
25.3544
25.3798
25.4053
25.4307
25.4562
25.4817
25.5071
25.5326
25.558
25.5835
25.6089
25.6344
25.6599
25.6853
25.7108
25.7363
25.7617
25.7872
25.8126
25.8381
25.8635
25.889
25.9145
25.9399
25.9654
25.9908
26.0163
26.0417
26.0672
26.0926
26.1181
26.1435
26.169
26.1944
26.2199
26.2454
26.2708
26.2963
26.3217
26.3472
26.3727
26.3982
26.4237
26.4491
26.4746
26.5001
26.5255
26.551
26.5764
26.6019
26.6273
26.6528
26.6782
26.7037
26.7292
26.7546
26.7801
26.8056
26.831
26.8565
26.8819
26.9074
26.9329
26.9583
26.9838
27.0092
27.0347
27.0602
27.0856
27.111
27.1365
27.162
27.1874
27.2129
27.2383
27.2638
27.2892
27.3147
27.3401
27.3656
27.391
27.4165
27.4419
27.4674
27.4928
27.5183
27.5437
27.5692
27.5947
27.6201
27.6455
27.671
27.6965
27.7219
27.7474
27.7728
27.7983
27.8237
27.8492
27.8746
27.9001
27.9256
27.9511
27.9765
28.002
28.0274
28.0529
28.0784
28.1038
28.1292
28.1547
28.1801
28.2056
28.231
28.2565
28.282
28.3074
28.3329
28.3584
28.3838
28.4093
28.4347
28.4602
28.4857
28.5111
28.5366
28.5621
28.5875
28.613
28.6385
28.6639
28.6894
28.7148
28.7403
28.7658
28.7912
28.8167
28.8421
28.8676
28.8931
28.9185
28.944
28.9694
28.9949
29.0204
29.0458
29.0713
29.0968
29.1222
29.1477
29.1731
29.1986
29.2241
29.2496
29.2751
29.3005
29.326
29.3514
29.3769
29.4024
29.4278
29.4533
29.4787
29.5042
29.5297
29.5551
29.5806
29.606
29.6315
29.6569
29.6824
29.7079
29.7333
29.7588
29.7843
29.8098
29.8352
29.8607
29.8862
29.9116
29.9371
29.9625
29.988
30.0134
30.0389
30.0644
30.0898
30.1153
30.1407
30.1662
30.1917
30.2171
30.2426
30.268
30.2935
30.3189
30.3444
30.3699
30.3953
30.4208
30.4463
30.4717
30.4972
30.5227
30.5481
30.5736
30.599
30.6245
30.6499
30.6754
30.7009
30.7263
30.7518
30.7773
30.8027
30.8282
30.8537
30.8791
30.9046
30.9301
30.9556
30.981
31.0065
31.032
31.0574
31.0829
31.1084
31.1338
31.1593
31.1847
31.2102
31.2357
31.2611
31.2866
31.3121
31.3375
31.363
31.3884
31.4139
31.4393
31.4648
31.4902
31.5157
31.5411
31.5666
31.5921
31.6176
31.643
31.6685
31.694
31.7194
31.7449
31.7704
31.7959
31.8213
31.8467
31.8722
31.8976
31.9231
31.9486
31.974
31.9995
32.0249
32.0504
32.0759
32.1013
32.1268
32.1523
32.1777
32.2032
32.2286
32.2541
32.2796
32.305
32.3305
32.3559
32.3814
32.4068
32.4323
32.4577
32.4832
32.5086
32.5341
32.5595
32.585
32.6104
32.6359
32.6614
32.6868
32.7123
32.7378
32.7632
32.7887
32.8142
32.8396
32.8651
32.8905
32.916
32.9414
32.9669
32.9924
33.0178
33.0433
33.0687
33.0942
33.1197
33.1451
33.1706
33.196
33.2214
33.2468
33.2722
33.2977
33.3231
33.3485
33.374
33.3994
33.4248
33.4503
33.4757
33.5011
33.5265
33.5519
33.5774
33.6028
33.6283
33.6538
33.6792
33.7048
33.7303
33.7557
33.7812
33.8067
33.8321
33.8576
33.8831
33.9085
33.934
33.9594
33.9848
34.0103
34.0357
34.0611
34.0866
34.112
34.1374
34.1629
34.1883
34.2138
34.2392
34.2646
34.2901
34.3156
34.341
34.3665
34.392
34.4174
34.4429
34.4684
34.4938
34.5193
34.5447
34.5702
34.5956
34.6211
34.6465
34.6719
34.6974
34.7228
34.7483
34.7737
34.7992
34.8246
34.8501
34.8755
34.901
34.9264
34.9519
34.9774
35.0028
35.0283
35.0537
35.0792
35.1047
35.1302
35.1556
35.1811
35.2066
35.232
35.2575
35.283
35.3084
35.3339
35.3594
35.3849
35.4103
35.4358
35.4613
35.4867
35.5122
35.5376
35.5631
35.5885
35.614
35.6395
35.6649
35.6904
35.7159
35.7413
35.7667
35.7922
35.8177
35.8431
35.8686
35.894
35.9195
35.945
35.9704
35.9959
36.0213
36.0468
36.0723
36.0978
36.1232
36.1487
36.1742
36.1996
36.2251
36.2506
36.276
36.3015
36.327
36.3524
36.3779
36.4033
36.4287
36.4541
36.4796
36.505
36.5304
36.5558
36.5813
36.6067
36.6322
36.6576
36.6831
36.7085
36.734
36.7594
36.7849
36.8103
36.8358
36.8612
36.8866
36.9121
36.9375
36.963
36.9884
37.0139
37.0394
37.0648
37.0903
37.1158
37.1412
37.1667
37.1921
37.2176
37.243
37.2685
37.294
37.3195
37.3449
37.3704
37.3959
37.4213
37.4467
37.4722
37.4977
37.5232
37.5486
37.5741
37.5995
37.625
37.6505
37.6759
37.7014
37.7269
37.7523
37.7778
37.8033
37.8287
37.8542
37.8796
37.9051
37.9306
37.9561
37.9815
38.007
38.0325
38.0579
38.0834
38.1088
38.1343
38.1597
38.1852
38.2106
38.2361
38.2615
38.287
38.3125
38.3379
38.3634
38.3888
38.4143
38.4398
38.4652
38.4907
38.5161
38.5416
38.567
38.5925
38.618
38.6434
38.6689
38.6944
38.7198
38.7453
38.7707
38.7962
38.8216
38.8471
38.8725
38.898
38.9234
38.9489
38.9744
38.9998
39.0253
39.0507
39.0762
39.1016
39.1271
39.1526
39.1781
39.2036
39.2291
39.2545
39.28
39.3054
39.3309
39.3564
39.3818
39.4073
39.4328
39.4582
39.4837
39.5092
39.5346
39.5601
39.5855
39.611
39.6364
39.6619
39.6873
39.7129
39.7383
39.7638
39.7892
39.8147
39.8402
39.8656
39.8911
39.9166
39.942
39.9675
39.9929
40.0184
40.0439
40.0693
40.0947
40.1202
40.1456
40.1711
40.1965
40.222
40.2475
40.2729
40.2984
40.3239
40.3493
40.3748
40.4002
40.4257
40.4512
40.4767
40.5022
40.5276
40.5531
40.5785
40.604
40.6294
40.6549
40.6803
40.7058
40.7313
40.7567
40.7822
40.8077
40.8331
40.8586
40.884
40.9095
40.935
40.9604
40.9858
41.0113
41.0367
41.0622
41.0876
41.1131
41.1386
41.164
41.1895
41.2149
41.2404
41.2658
41.2913
41.3168
41.3422
41.3677
41.3931
41.4185
41.444
41.4694
41.4949
41.5204
41.5458
41.5713
41.5967
41.6222
41.6476
41.6731
41.6985
41.724
41.7494
41.7749
41.8003
41.8258
41.8512
41.8767
41.9022
41.9276
41.9531
41.9785
42.004
42.0294
42.0549
42.0803
42.1058
42.1312
42.1567
42.1822
42.2076
42.2331
42.2585
42.284
42.3094
42.3349
42.3603
42.3858
42.4112
42.4367
42.4621
42.4876
42.5131
42.5385
42.564
42.5895
42.6149
42.6404
42.6659
42.6913
42.7167
42.7422
42.7677
42.7931
42.8186
42.844
42.8695
42.895
42.9204
42.9459
42.9713
42.9967
43.0222
43.0476
43.0731
43.0985
43.124
43.1494
43.1749
43.2003
43.2257
43.2512
43.2766
43.3021
43.3276
43.3531
43.3785
43.404
43.4295
43.4549
43.4804
43.5058
43.5312
43.5567
43.5821
43.6076
43.633
43.6585
43.6839
43.7094
43.7348
43.7603
43.7858
43.8112
43.8367
43.8621
43.8876
43.9131
43.9385
43.964
43.9894
44.0148
44.0403
44.0657
44.0911
44.1166
44.1419
44.1673
44.1928
44.2182
44.2437
44.2691
44.2945
44.32
44.3454
44.3709
44.3963
44.4217
44.4471
44.4725
44.498
44.5235
44.5489
44.5744
44.5999
44.6253
44.6507
44.6761
44.7016
44.727
44.7525
44.778
44.8035
44.8289
44.8544
44.8798
44.9053
44.9308
44.9563
44.9818
45.0073
45.0327
45.0582
45.0837
45.1091
45.1346
45.1601
45.1855
45.211
45.2365
45.2619
45.2874
45.3128
45.3383
45.3637
45.3892
45.4147
45.4401
45.4656
45.4911
45.5165
45.542
45.5675
45.5929
45.6184
45.6438
45.6693
45.6947
45.7202
45.7457
45.7712
45.7966
45.8221
45.8476
45.8731
45.8985
45.924
45.9495
45.975
46.0005
46.026
46.0515
46.077
46.1025
46.1279
46.1534
46.1788
46.2043
46.2298
46.2552
46.2807
46.3062
46.3317
46.3571
46.3826
46.4081
46.4335
46.459
46.4845
46.5099
46.5354
46.5609
46.5863
46.6118
46.6373
46.6627
46.6882
46.7136
46.7391
46.7646
46.79
46.8155
46.841
46.8664
46.8919
46.9173
46.9428
46.9683
46.9938
47.0192
47.0447
47.0702
47.0956
47.1211
47.1466
47.1721
47.1975
47.223
47.2485
47.2739
47.2994
47.3249
47.3503
47.3758
47.4013
47.4267
47.4522
47.4776
47.5031
47.5285
47.554
47.5794
47.6048
47.6303
47.6558
47.6813
47.7067
47.7322
47.7577
47.7831
47.8086
47.8341
47.8595
47.885
47.9104
47.9359
47.9614
47.9868
48.0123
48.0378
48.0632
48.0887
48.1141
48.1396
48.1651
48.1905
48.216
48.2414
48.2669
48.2923
48.3178
48.3432
48.3687
48.3942
48.4196
48.4451
48.4706
48.496
48.5215
48.5469
48.5724
48.5978
48.6233
48.6487
48.6742
48.6996
48.7251
48.7506
48.776
48.8015
48.827
48.8524
48.8779
48.9034
48.9288
48.9543
48.9797
49.0052
49.0306
49.0561
49.0816
49.107
49.1325
49.158
49.1834
49.2089
49.2343
49.2598
49.2853
49.3107
49.3362
49.3616
49.3871
49.4126
49.438
49.4635
49.4889
49.5144
49.5398
49.5653
49.5907
49.6162
49.6416
49.6671
49.6925
49.718
49.7435
49.7689
49.7944
49.8198
49.8452
49.8707
49.8961
49.9216
49.9471
49.9725
49.998
50.0234
50.0489
50.0744
50.0999
50.1253
50.1508
50.1763
50.2017
50.2272
50.2526
50.2781
50.3035
50.329
50.3545
50.38
50.4054
50.4309
50.4563
50.4818
50.5073
50.5327
50.5582
50.5837
50.6091
50.6346
50.66
50.6855
50.7109
50.7364
50.7619
50.7873
50.8128
50.8382
50.8637
50.8891
50.9146
50.9401
50.9655
50.991
51.0165
51.0419
51.0673
51.0928
51.1183
51.1437
51.1692
51.1947
51.2201
51.2456
51.271
51.2965
51.3219
51.3473
51.3728
51.3982
51.4236
51.4491
51.4745
51.4999
51.5253
51.5508
51.5762
51.6016
51.627
51.6524
51.6779
51.7034
51.7288
51.7542
51.7797
51.8052
51.8307
51.8561
51.8816
51.907
51.9325
51.9579
51.9834
52.0089
52.0343
52.0598
52.0852
52.1107
52.1362
52.1616
52.1871
52.2125
52.238
52.2635
52.2889
52.3144
52.3399
52.3653
52.3908
52.4162
52.4417
52.4672
52.4926
52.5181
52.5435
52.569
52.5945
52.6199
52.6454
52.6709
52.6963
52.7218
52.7472
52.7727
52.7982
52.8236
52.8491
52.8745
52.9
52.9255
52.9509
52.9764
53.0019
53.0273
53.0527
53.0782
53.1037
53.1291
53.1546
53.18
53.2055
53.231
53.2565
53.2819
53.3073
53.3328
53.3583
53.3837
53.4092
53.4347
53.4601
53.4856
53.511
53.5365
53.562
53.5874
53.6129
53.6384
53.6638
53.6893
53.7147
53.7402
53.7657
53.7911
53.8166
53.8421
53.8675
53.8929
53.9184
53.9438
53.9693
53.9947
54.0201
54.0456
54.071
54.0965
54.1219
54.1474
54.1728
54.1983
54.2238
54.2492
54.2747
54.3001
54.3256
54.3511
54.3765
54.402
54.4274
54.4529
54.4784
54.5038
54.5293
54.5548
54.5802
54.6057
54.6311
54.6566
54.682
54.7075
54.7329
54.7584
54.7838
54.8093
54.8348
54.8602
54.8857
54.9112
54.9366
54.9621
54.9875
55.013
55.0385
55.0639
55.0894
55.1148
55.1403
55.1657
55.1912
55.2166
55.2421
55.2676
55.293
55.3185
55.344
55.3694
55.3949
55.4203
55.4458
55.4713
55.4968
55.5222
55.5477
55.5731
55.5986
55.6241
55.6495
55.675
55.7005
55.7259
55.7514
55.7768
55.8023
55.8278
55.8532
55.8787
55.9041
55.9296
55.955
55.9805
56.006
56.0314
56.0569
56.0824
56.1078
56.1333
56.1653
56.1908
56.2162
56.2417
56.2671
56.2926
56.3181
56.3435
56.369
56.3944
56.4199
56.4453
56.4708
56.4962
56.5217
56.5472
56.5726
56.5981
56.6235
56.649
56.6744
56.6999
56.7253
56.7508
56.7762
56.8017
56.8272
56.8526
56.8781
56.9035
56.929
56.9544
56.9799
57.0053
57.0308
57.0562
57.0817
57.1071
57.1326
57.1581
57.1835
57.209
57.2344
57.2599
57.2853
57.3108
57.3363
57.3617
57.3872
57.4126
57.4381
57.4635
57.489
57.5144
57.5399
57.5654
57.5908
57.6163
57.6417
57.6672
57.6927
57.7181
57.7436
57.7691
57.7945
57.82
57.8454
57.8709
57.8964
57.9218
57.9473
57.9727
57.9982
58.0237
58.0491
58.0746
58.1001
58.1255
58.151
58.1764
58.2019
58.2273
58.2528
58.2782
58.3037
58.3292
58.3547
58.3801
58.4056
58.431
58.4565
58.482
58.5074
58.5329
58.5583
58.5838
58.6092
58.6347
58.6601
58.6856
58.7111
58.7365
58.762
58.7874
58.8129
58.8383
58.8638
58.8893
58.9147
58.9402
58.9657
58.9911
59.0166
59.042
59.0674
59.0929
59.1184
59.1438
59.1693
59.1947
59.2202
59.2456
59.2711
59.2965
59.322
59.3475
59.3729
59.3984
59.4239
59.4493
59.4748
59.5003
59.5257
59.5512
59.5766
59.6021
59.6275
59.653
59.6784
59.7039
59.7294
59.7548
59.7803
59.8057
59.8312
59.8567
59.8821
59.9076
59.9331
59.9586
59.9841
60.0095
60.035
60.0604
60.0859
60.1113
60.1368
60.1623
60.1877
60.2132
60.2387
60.2641
60.2896
60.315
60.3405
60.3659
60.3914
60.4168
60.4423
60.4677
60.4932
60.5186
60.5441
60.5696
60.595
60.6205
60.6459
60.6786
60.7041
60.7295
60.755
60.7805
60.806
60.8314
60.8569
60.8823
60.9078
60.9333
60.9587
60.9842
61.0096
61.0351
61.0605
61.086
61.1114
61.1369
61.1623
61.1878
61.2132
61.2387
61.2641
61.2896
61.3151
61.3405
61.366
61.3914
61.4169
61.4423
61.4678
61.4944
61.5199
61.5453
61.5708
61.5963
61.6217
61.6472
61.6727
61.6981
61.7236
61.749
61.7744
61.7999
61.8253
61.8508
61.8762
61.9017
61.9271
61.9526
61.9781
62.0035
62.029
62.0544
62.0799
62.1053
62.1308
62.1563
62.1817
62.2072
62.2326
62.2581
62.2835
62.309
62.3345
62.3599
62.3854
62.4109
62.4363
62.4618
62.4872
62.5127
62.5382
62.5636
62.589
62.6145
62.64
62.6654
62.6908
62.7163
62.7417
62.7671
62.7926
62.8181
62.8435
62.869
62.8944
62.9199
62.9453
62.9708
62.9963
63.0217
63.0472
63.0727
63.0981
63.1236
63.1491
63.1746
63.2
63.2255
63.251
63.2764
63.3019
63.3273
63.3528
63.3783
63.4038
63.4292
63.4547
63.4801
63.5056
63.531
63.5565
63.582
63.6074
63.6329
63.6583
63.6838
63.7093
63.7348
63.7602
63.7857
63.8111
63.8366
63.862
63.8875
63.9129
63.9384
63.9638
63.9893
64.0147
64.0402
64.0656
64.0911
64.1165
64.142
64.1675
64.1929
64.2184
64.2438
64.2693
64.2947
64.3202
64.3457
64.3711
64.3966
64.422
64.4475
64.4729
64.4984
64.5239
64.5494
64.5748
64.6003
64.6258
64.6512
64.6766
64.7021
64.7275
64.753
64.7784
64.8039
64.8294
64.8548
64.8803
64.9057
64.9312
64.9567
64.9822
65.0076
65.0331
65.0586
65.084
65.1095
65.1349
65.1604
65.1858
65.2112
65.2367
65.2622
65.2876
65.3131
65.3386
65.364
65.3895
65.4149
65.4404
65.4658
65.4913
65.5167
65.5422
65.5676
65.5931
65.6185
65.644
65.6695
65.6949
65.7203
65.7458
65.7712
65.7967
65.8222
65.8476
65.8731
65.8986
65.924
65.9495
65.9749
66.0004
66.0259
66.0513
66.0768
66.1022
66.1277
66.1531
66.1786
66.204
66.2295
66.2549
66.2804
66.3058
66.3313
66.3567
66.3822
66.4076
66.4331
66.4585
66.484
66.5094
66.5349
66.5604
66.5858
66.6113
66.6368
66.6622
66.6876
66.7131
66.7386
66.764
66.7895
66.8149
66.8404
66.8658
66.8913
66.9167
66.9422
66.9676
66.9931
67.0185
67.044
67.0694
67.0949
67.1203
67.1457
67.1712
67.1966
67.2221
67.2476
67.273
67.2985
67.3239
67.3494
67.3749
67.4003
67.4258
67.4512
67.4767
67.5021
67.5276
67.5531
67.5785
67.604
67.6294
67.6549
67.6804
67.7058
67.7313
67.7567
67.7822
67.8076
67.8331
67.8585
67.884
67.9095
67.9349
67.9604
67.9858
68.0113
68.0367
68.0622
68.0877
68.1131
68.1385
68.164
68.1894
68.2149
68.2403
68.2658
68.2912
68.3167
68.3421
68.3676
68.393
68.4185
68.444
68.4695
68.4949
68.5204
68.5458
68.5713
68.5968
68.6222
68.6477
68.6731
68.6986
68.724
68.7495
68.7749
68.8004
68.8259
68.8513
68.8768
68.9022
68.9276
68.9531
68.9785
69.004
69.0294
69.0549
69.0803
69.1058
69.1313
69.1567
69.1822
69.2077
69.2331
69.2586
69.284
69.3095
69.335
69.3604
69.3859
69.4113
69.4368
69.4623
69.4877
69.5132
69.5387
69.5641
69.5896
69.615
69.6404
69.6659
69.6913
69.7168
69.7423
69.7677
69.7932
69.8186
69.8441
69.8696
69.895
69.9205
69.9459
69.9714
69.9968
70.0223
70.0477
70.0732
70.0986
70.1241
70.1496
70.175
70.2005
70.2259
70.2514
70.2768
70.3023
70.3278
70.3533
70.3787
70.4042
70.4297
70.4551
70.4806
70.506
70.5384
70.5638
70.5893
70.6147
70.6402
70.6656
70.6911
70.7166
70.742
70.7675
70.7929
70.8184
70.8439
70.8694
70.8948
70.9203
70.9457
70.9712
70.9967
71.0221
71.0476
71.073
71.0985
71.124
71.1494
71.1748
71.2003
71.2258
71.2513
71.2767
71.3022
71.3276
71.3531
71.3785
71.404
71.4294
71.4549
71.4804
71.5058
71.5313
71.5567
71.5822
71.6076
71.6331
71.6586
71.684
71.7095
71.7349
71.7604
71.7858
71.8113
71.8367
71.8622
71.8877
71.9131
71.9386
71.964
71.9895
72.0149
72.0404
72.0658
72.0913
72.1168
72.1422
72.1677
72.1932
72.2187
72.2441
72.2695
72.295
72.3205
72.3459
72.3714
72.3969
72.4223
72.4478
72.4732
72.4987
72.5242
72.5496
72.5751
72.6005
72.6259
72.6514
72.6769
72.7023
72.7278
72.7533
72.7787
72.8041
72.8296
72.8551
72.8805
72.906
72.9314
72.9569
72.9823
73.0078
73.0333
73.0587
73.0842
73.1096
73.1351
73.1605
73.186
73.2115
73.2369
73.2623
73.2878
73.3132
73.3387
73.3641
73.3896
73.4151
73.4406
73.466
73.4915
73.517
73.5425
73.5679
73.5934
73.6188
73.6443
73.6697
73.6952
73.7206
73.7461
73.7716
73.797
73.8225
73.848
73.8734
73.8988
73.9243
73.9497
73.9752
74.0006
74.0261
74.0515
74.0769
74.1023
74.1277
74.1531
74.1785
74.204
74.2295
74.2549
74.2804
74.3058
74.3313
74.3568
74.3822
74.4077
74.4332
74.4586
74.4841
74.5096
74.5351
74.5605
74.586
74.6114
74.6369
74.6623
74.6878
74.7132
74.7387
74.7642
74.7896
74.8151
74.8406
74.866
74.8915
74.9169
74.9424
74.9679
74.9933
75.0188
75.0443
75.0697
75.0952
75.1207
75.1461
75.1716
75.1971
75.2225
75.248
75.2734
75.2989
75.3243
75.3498
75.3752
75.4007
75.4261
75.4516
75.477
75.5025
75.5279
75.5534
75.5788
75.6043
75.6298
75.6552
75.6807
75.7062
75.7316
75.7571
75.7826
75.808
75.8335
75.859
75.8844
75.9099
75.9353
75.9608
75.9863
76.0117
76.0372
76.0627
76.0881
76.1136
76.1391
76.1645
76.19
76.2155
76.2409
76.2664
76.2919
76.3173
76.3428
76.3683
76.3937
76.4192
76.4446
76.4701
76.4955
76.521
76.5465
76.5719
76.5974
76.6228
76.6483
76.6738
76.6992
76.7247
76.7502
76.7756
76.8011
76.8266
76.8521
76.8775
76.903
76.9285
76.954
76.9795
77.0049
77.0304
77.0558
77.0813
77.1067
77.1322
77.1576
77.1831
77.2086
77.234
77.2595
77.2849
77.3104
77.3358
77.3613
77.3868
77.4122
77.4377
77.4632
77.4886
77.5141
77.5395
77.565
77.5904
77.6158
77.6413
77.6667
77.6922
77.7176
77.7431
77.7686
77.794
77.8195
77.845
77.8704
77.8959
77.9213
77.9468
77.9723
77.9977
78.0232
78.0487
78.0741
78.0996
78.1251
78.1505
78.176
78.2014
78.2269
78.2524
78.2778
78.3032
78.3287
78.3541
78.3796
78.405
78.4305
78.4559
78.4814
78.5068
78.5323
78.5577
78.5832
78.6086
78.6341
78.6595
78.685
78.7104
78.7359
78.7613
78.7867
78.8122
78.8376
78.8631
78.8886
78.9141
78.9395
78.965
78.9904
79.0159
79.0414
79.0668
79.0923
79.1177
79.1432
79.1686
79.1941
79.2196
79.245
79.2705
79.296
79.3215
79.3469
79.3724
79.3978
79.4233
79.4488
79.4742
79.4997
79.5251
79.5505
79.576
79.6014
79.6269
79.6523
79.6778
79.7032
79.7287
79.7541
79.7796
79.8051
79.8306
79.856
79.8814
79.9069
79.9323
79.9578
79.9833
80.0087
80.0342
80.0596
80.0851
80.1106
80.136
80.1615
80.1869
80.2124
80.2379
80.2634
80.2888
80.3143
80.3398
80.3653
80.3907
80.4162
80.4416
80.4671
80.4926
80.518
80.5434
80.5689
80.5944
80.6198
80.6453
80.6707
80.6961
80.7216
80.7471
80.7725
80.798
80.8234
80.8489
80.8744
80.8998
80.9253
80.9507
80.9762
81.0016
81.0271
81.0526
81.0781
81.1035
81.129
81.1545
81.1799
81.2054
81.2308
81.2563
81.2818
81.3072
81.3327
81.3581
81.3836
81.4091
81.4345
81.46
81.4854
81.5109
81.5363
81.5618
81.5873
81.6127
81.6382
81.6637
81.6891
81.7146
81.7401
81.7655
81.791
81.8164
81.8418
81.8673
81.8927
81.9182
81.9436
81.9691
81.9946
82.02
82.0455
82.0709
82.0964
82.1218
82.1473
82.1728
82.1982
82.2237
82.2491
82.2746
82.3001
82.3255
82.351
82.3764
82.4019
82.4274
82.4528
82.4783
82.5038
82.5292
82.5547
82.5802
82.6056
82.6311
82.6565
82.682
82.7074
82.7329
82.7583
82.7838
82.8093
82.8347
82.8602
82.8856
82.9111
82.9366
82.9664
82.9918
83.0173
83.0427
83.0682
83.0936
83.1191
83.1445
83.17
83.1955
83.2209
83.2464
83.2718
83.2973
83.3227
83.3482
83.3737
83.3991
83.4246
83.4501
83.4755
83.501
83.5264
83.5519
83.5773
83.6028
83.6282
83.6537
83.6792
83.7046
83.7301
83.7555
83.781
83.8065
83.8319
83.8574
83.8828
83.9083
83.9337
83.9592
83.9846
84.01
84.0355
84.0609
84.0863
84.1118
84.1372
84.1627
84.1881
84.2136
84.2391
84.2645
84.2899
84.3154
84.3408
84.3663
84.3917
84.4172
84.4426
84.4681
84.4935
84.519
84.5444
84.5699
84.5954
84.6208
84.6463
84.6717
84.6972
84.7226
84.7481
84.7735
84.799
84.8244
84.8499
84.8754
84.9008
84.9263
84.9517
84.9772
85.0027
85.0282
85.0536
85.0791
85.1045
85.13
85.1554
85.1809
85.2064
85.2318
85.2573
85.2827
85.3082
85.3337
85.3591
85.3846
85.4101
85.4355
85.461
85.4864
85.5119
85.5373
85.5628
85.5882
85.6137
85.6392
85.6646
85.6901
85.7156
85.7411
85.7665
85.792
85.8175
85.8429
85.8684
85.8939
85.9193
85.9448
85.9703
85.9957
86.0212
86.0466
86.0721
86.0976
86.123
86.1484
86.1739
86.1994
86.2248
86.2503
86.2757
86.3012
86.3267
86.3522
86.3777
86.4031
86.4286
86.454
86.4795
86.505
86.5305
86.5559
86.5814
86.6069
86.6324
86.6578
86.6833
86.7087
86.7342
86.7596
86.7851
86.8106
86.8361
86.8616
86.887
86.9125
86.9379
86.9634
86.9889
87.0143
87.0398
87.0652
87.0907
87.1161
87.1416
87.1671
87.1925
87.218
87.2467
87.2722
87.2976
87.3231
87.3486
87.374
87.3995
87.425
87.4504
87.4759
87.5014
87.5268
87.5523
87.5778
87.6032
87.6287
87.6542
87.6797
87.7051
87.7306
87.756
87.7815
87.807
87.8324
87.8579
87.8833
87.9088
87.9343
87.9597
87.9852
88.0107
88.0361
88.0616
88.087
88.1125
88.1379
88.1634
88.1888
88.2143
88.2397
88.2652
88.2906
88.3161
88.3415
88.367
88.3924
88.4179
88.4433
88.4688
88.4943
88.5197
88.5451
88.5706
88.5961
88.6215
88.6469
88.6724
88.6978
88.7233
88.7487
88.7742
88.7996
88.8251
88.8505
88.876
88.9015
88.9269
88.9524
88.9778
89.0033
89.0288
89.0542
89.0797
89.1051
89.1306
89.1561
89.1815
89.207
89.2325
89.258
89.2834
89.3089
89.3344
89.3598
89.3853
89.4107
89.4362
89.4616
89.4871
89.5125
89.538
89.5634
89.5889
89.6144
89.6398
89.6653
89.6907
89.7162
89.7417
89.7671
89.7926
89.8181
89.8435
89.869
89.8944
89.9199
89.9453
89.9708
89.9962
90.0217
90.0472
90.0726
90.0981
90.1235
90.149
90.1745
90.1999
90.2254
90.2509
90.2764
90.3018
90.3273
90.3527
90.3782
90.4036
90.429
90.4545
90.4799
90.5054
90.5308
90.5563
90.5817
90.6072
90.6326
90.6581
90.6835
90.709
90.7345
90.7599
90.7854
90.8109
90.8363
90.8618
90.8872
90.9127
90.9381
90.9636
90.9891
91.0146
91.0401
91.0655
91.091
91.1164
91.1419
91.1674
91.1928
91.2183
91.2437
91.2692
91.2946
91.3201
91.3456
91.3711
91.3965
91.422
91.4474
91.4729
91.4984
91.5238
91.5493
91.5748
91.6002
91.6257
91.6511
91.6766
91.702
91.7275
91.7529
91.7784
91.8038
91.8293
91.8547
91.8802
91.9056
91.9311
91.9565
91.982
92.0075
92.0329
92.0584
92.0838
92.1093
92.1347
92.1602
92.1856
92.2111
92.2366
92.2621
92.2875
92.313
92.3384
92.3639
92.3894
92.4148
92.4403
92.4658
92.4912
92.5167
92.5421
92.5676
92.593
92.6185
92.6439
92.6694
92.6949
92.7203
92.7458
92.7712
92.7967
92.8222
92.8476
92.8731
92.8986
92.924
92.9495
92.9749
93.0004
93.0259
93.0514
93.0768
93.1023
93.1277
93.1532
93.1787
93.2041
93.2296
93.2551
93.2805
93.306
93.3314
93.3569
93.3823
93.4078
93.4333
93.4587
93.4842
93.5097
93.5351
93.5606
93.5861
93.6116
93.637
93.6625
93.688
93.7135
93.7389
93.7644
93.7898
93.8153
93.8408
93.8662
93.8917
93.9171
93.9426
93.9681
93.9935
94.019
94.0444
94.0699
94.0953
94.1208
94.1463
94.1718
94.1972
94.2227
94.2482
94.2737
94.2991
94.3246
94.3501
94.3756
94.401
94.4265
94.452
94.4774
94.5029
94.5284
94.5539
94.5793
94.6048
94.6303
94.6557
94.6812
94.7071
94.7325
94.758
94.7834
94.8089
94.8343
94.8598
94.8853
94.9108
94.9362
94.9617
94.9872
95.0126
95.0381
95.0636
95.0891
95.1145
95.14
95.1654
95.1909
95.2164
95.2418
95.2673
95.2928
95.3183
95.3437
95.3692
95.3947
95.4201
95.4456
95.4711
95.4965
95.522
95.5475
95.5729
95.5984
95.6239
95.6493
95.6748
95.7003
95.7257
95.7512
95.7767
95.8023
95.8277
95.8532
95.8787
95.9042
95.9296
95.9551
95.9823
96.0078
96.0333
96.0587
96.0842
96.1097
96.1351
96.1606
96.186
96.2115
96.237
96.2624
96.2879
96.3133
96.3388
96.3642
96.3897
96.4152
96.4406
96.4661
96.4915
96.517
96.5425
96.5679
96.5934
96.6188
96.6443
96.6697
96.6952
96.7207
96.7462
96.7716
96.797
96.8225
96.848
96.8734
96.8988
96.9243
96.9497
96.9752
97.0007
97.0261
97.0516
97.077
97.1025
97.1279
97.1534
97.1788
97.2042
97.2296
97.255
97.2804
97.3058
97.3313
97.3567
97.3821
97.4075
97.433
97.4584
97.4839
97.5093
97.5347
97.5602
97.5857
97.6112
97.6366
97.6621
97.6876
97.713
97.7385
97.7639
97.7894
97.8148
97.8403
97.8658
97.8912
97.9167
97.9421
97.9676
97.9931
98.0185
98.044
98.0694
98.0949
98.1204
98.1458
98.1713
98.1967
98.2222
98.2477
98.2731
98.2986
98.324
98.3495
98.3749
98.4004
98.4259
98.4513
98.4768
98.5022
98.5277
98.5532
98.5786
98.6041
98.6295
98.655
98.6804
98.7058
98.7313
98.7568
98.7822
98.8077
98.8331
98.8586
98.884
98.9095
98.9349
98.9604
98.9858
99.0113
99.0367
99.0622
99.0876
99.1131
99.1385
99.164
99.1894
99.2149
99.2403
99.2658
99.2913
99.3167
99.3422
99.3676
99.3931
99.4185
99.444
99.4694
99.4949
99.5203
99.5458
99.5712
99.5967
99.6221
99.6476
99.673
99.6985
99.7239
99.7494
99.7749
99.8003
99.8258
99.8512
99.8767
99.9021
99.9275
99.953
99.9784
100.004
100.029
100.055
100.08
100.106
100.131
100.156
100.182
100.207
100.233
100.258
100.284
100.309
100.335
100.36
100.385
100.411
100.436
100.462
100.487
100.513
100.538
100.564
100.589
100.614
100.64
100.665
100.691
100.716
100.742
100.767
100.792
100.818
100.843
100.869
100.894
100.92
100.945
100.971
100.996
101.021
101.047
101.072
101.098
101.123
101.148
101.174
101.199
101.225
101.25
101.276
101.301
101.327
101.352
101.377
101.403
101.428
101.454
101.479
101.505
101.53
101.555
101.581
101.606
101.632
101.657
101.683
101.708
101.733
101.759
101.784
101.81
101.835
101.861
101.886
101.911
101.937
101.962
101.988
102.013
102.039
102.064
102.089
102.115
102.14
102.166
102.191
102.217
102.242
102.267
102.293
102.318
102.344
102.369
102.395
102.42
102.446
102.471
102.497
102.522
102.548
102.573
102.598
102.624
102.649
102.675
102.7
102.726
102.751
102.777
102.802
102.828
102.853
102.878
102.904
102.929
102.955
102.98
103.006
103.031
103.057
103.082
103.108
103.133
103.158
103.184
103.209
103.235
103.26
103.286
103.311
103.337
103.362
103.387
103.413
103.438
103.464
103.489
103.515
103.54
103.566
103.591
103.617
103.642
103.668
103.693
103.718
103.744
103.769
103.795
103.82
103.846
103.871
103.897
103.922
103.947
103.973
103.998
104.024
104.049
104.075
104.1
104.125
104.151
104.176
104.202
104.227
104.253
104.278
104.304
104.329
104.354
104.38
104.405
104.431
104.456
104.482
104.507
104.533
104.558
104.584
104.609
104.635
104.66
104.685
104.711
104.736
104.762
104.787
104.813
104.838
104.864
104.889
104.915
104.94
104.966
104.991
105.017
105.042
105.067
105.093
105.118
105.144
105.169
105.195
105.22
105.246
105.271
105.297
105.322
105.348
105.373
105.398
105.424
105.449
105.475
105.5
105.526
105.551
105.577
105.602
105.628
105.653
105.679
105.704
105.73
105.755
105.78
105.806
105.831
105.857
105.882
105.908
105.933
105.959
105.984
106.01
106.035
106.06
106.086
106.111
106.137
106.162
106.188
106.213
106.239
106.264
106.29
106.315
106.341
106.366
106.391
106.417
106.442
106.468
106.493
106.519
106.544
106.57
106.595
106.621
106.646
106.672
106.697
106.722
106.748
106.773
106.799
106.824
106.85
106.875
106.901
106.926
106.952
106.977
107.002
107.028
107.053
107.079
107.104
107.13
107.155
107.181
107.206
107.231
107.257
107.282
107.308
107.333
107.359
107.384
107.41
107.435
107.461
107.486
107.511
107.537
107.562
107.588
107.613
107.639
107.664
107.69
107.715
107.741
107.766
107.791
107.817
107.842
107.868
107.893
107.919
107.944
107.97
107.995
108.021
108.046
108.072
108.097
108.122
108.148
108.173
108.199
108.224
108.25
108.275
108.301
108.326
108.352
108.377
108.403
108.428
108.453
108.479
108.504
108.53
108.555
108.581
108.606
108.632
108.657
108.683
108.708
108.734
108.759
108.784
108.81
108.835
108.861
108.886
108.912
108.937
108.963
108.988
109.014
109.039
109.065
109.09
109.115
109.141
109.166
109.192
109.217
109.243
109.268
109.294
109.319
109.345
109.37
109.395
109.421
109.446
109.472
109.497
109.523
109.548
109.574
109.599
109.625
109.65
109.675
109.701
109.726
109.752
109.777
109.803
109.828
109.854
109.879
109.905
109.93
109.956
109.981
110.006
110.032
110.057
110.083
110.108
110.134
110.159
110.185
110.21
110.236
110.261
110.287
110.312
110.338
110.363
110.388
110.414
110.439
110.465
110.49
110.516
110.541
110.567
110.592
110.618
110.643
110.668
110.694
110.719
110.745
110.77
110.796
110.821
110.847
110.872
110.898
110.923
110.948
110.974
110.999
111.025
111.05
111.076
111.101
111.127
111.152
111.178
111.203
111.229
111.254
111.279
111.305
111.33
111.356
111.381
111.407
111.432
111.458
111.483
111.508
111.534
111.559
111.585
111.61
111.636
111.661
111.687
111.712
111.738
111.763
111.789
111.814
111.839
111.865
111.89
111.916
111.941
111.967
111.992
112.018
112.043
112.068
112.094
112.119
112.145
112.17
112.196
112.221
112.247
112.272
112.297
112.323
112.348
112.374
112.399
112.425
112.45
112.476
112.501
112.527
112.552
112.577
112.603
112.628
112.654
112.679
112.705
112.73
112.756
112.781
112.807
112.832
112.858
112.883
112.909
112.934
112.96
112.985
113.01
113.036
113.061
113.087
113.112
113.138
113.163
113.189
113.214
113.239
113.265
113.29
113.316
113.341
113.367
113.392
113.418
113.443
113.469
113.494
113.519
113.545
113.57
113.596
113.621
113.647
113.672
113.698
113.723
113.749
113.774
113.8
113.825
113.851
113.876
113.901
113.927
113.952
113.978
114.003
114.029
114.054
114.08
114.105
114.131
114.156
114.181
114.207
114.232
114.258
114.283
114.309
114.334
114.36
114.385
114.411
114.436
114.462
114.487
114.513
114.538
114.563
114.589
114.614
114.64
114.665
114.691
114.716
114.742
114.767
114.793
114.818
114.843
114.869
114.894
114.92
114.945
114.971
114.996
115.022
115.047
115.073
115.098
115.124
115.149
115.175
115.2
115.225
115.251
115.276
115.302
115.327
115.353
115.378
115.404
115.429
115.455
115.48
115.506
115.531
115.556
115.582
115.607
115.633
115.658
115.684
115.709
115.735
115.76
115.786
115.811
115.837
115.862
115.888
115.913
115.938
115.964
115.989
116.015
116.04
116.066
116.091
116.117
116.142
116.168
116.193
116.218
116.244
116.269
116.295
116.32
116.346
116.371
116.397
116.422
116.448
116.473
116.498
116.524
116.549
116.575
116.6
116.626
116.651
116.677
116.702
116.728
116.753
116.778
116.804
116.829
116.855
116.88
116.906
116.931
116.957
116.982
117.008
117.033
117.059
117.084
117.109
117.135
117.16
117.186
117.211
117.237
117.262
117.288
117.313
117.338
117.364
117.389
117.415
117.44
117.466
117.491
117.517
117.542
117.568
117.593
117.619
117.644
117.669
117.695
117.72
117.746
117.771
117.797
117.822
117.848
117.873
117.898
117.924
117.949
117.975
118
118.026
118.051
118.077
118.102
118.128
118.153
118.179
118.204
118.229
118.255
118.28
118.306
118.331
118.357
118.382
118.408
118.433
118.458
118.484
118.509
118.535
118.56
118.586
118.611
118.637
118.662
118.688
118.713
118.738
118.764
118.789
118.815
118.84
118.866
118.891
118.917
118.942
118.968
118.993
119.019
119.044
119.07
119.095
119.12
119.146
119.171
119.197
119.222
119.248
119.273
119.299
119.324
119.35
119.375
119.401
119.426
119.451
119.477
119.502
119.528
119.553
119.579
119.604
119.63
119.655
119.681
119.706
119.731
119.757
119.782
119.808
119.833
119.859
119.884
119.91
119.935
119.961
119.986
120.012
120.037
120.063
120.088
120.113
120.139
120.164
120.19
120.215
120.241
120.266
120.292
120.317
120.343
120.368
120.393
120.419
120.444
120.47
120.495
120.521
120.546
120.572
120.597
120.623
120.648
120.673
120.699
120.724
120.75
120.775
120.801
120.826
120.852
120.877
120.903
120.928
120.954
120.979
121.005
121.03
121.055
121.081
121.106
121.132
121.157
121.183
121.208
121.234
121.259
121.285
121.31
121.336
121.361
121.386
121.412
121.437
121.463
121.488
121.514
121.539
121.565
121.59
121.616
121.641
121.667
121.692
121.717
121.743
121.768
121.794
121.819
121.845
121.87
121.896
121.921
121.947
121.972
121.997
122.023
122.048
122.074
122.099
122.125
122.15
122.176
122.201
122.227
122.252
122.278
122.303
122.329
122.354
122.379
122.405
122.43
122.456
122.481
122.507
122.532
122.558
122.583
122.609
122.634
122.66
122.685
122.711
122.736
122.761
122.787
122.812
122.838
122.863
122.889
122.914
122.94
122.965
122.991
123.016
123.042
123.067
123.092
123.118
123.143
123.169
123.194
123.22
123.245
123.271
123.296
123.322
123.347
123.373
123.398
123.424
123.449
123.475
123.5
123.526
123.551
123.576
123.602
123.627
123.653
123.678
123.704
123.729
123.755
123.78
123.806
123.831
123.857
123.882
123.907
123.933
123.958
123.984
124.009
124.035
124.06
124.086
124.111
124.136
124.162
124.187
124.213
124.238
124.264
124.289
124.315
124.34
124.366
124.391
124.416
124.442
124.467
124.493
124.518
124.544
124.569
124.595
124.62
124.646
124.671
124.697
124.722
124.748
124.773
124.798
124.824
124.849
124.875
124.9
124.926
124.951
124.977
125.002
125.028
125.053
125.078
125.104
125.129
125.155
125.18
125.206
125.231
125.257
125.282
125.308
125.333
125.359
125.384
125.41
125.435
125.46
125.486
125.511
125.537
125.562
125.588
125.613
125.639
125.664
125.69
125.715
125.741
125.766
125.791
125.817
125.842
125.868
125.893
125.919
125.944
125.97
125.995
126.021
126.046
126.071
126.097
126.122
126.148
126.173
126.199
126.224
126.25
126.275
126.301
126.326
126.351
126.377
126.402
126.428
126.453
126.479
126.504
126.53
126.555
126.581
126.606
126.631
126.657
126.682
126.708
126.733
126.759
126.784
126.81
126.835
126.861
126.886
126.911
126.937
126.962
126.988
127.013
127.039
127.064
127.09
127.115
127.141
127.166
127.191
127.217
127.242
127.268
127.293
127.319
127.344
127.37
127.395
127.421
127.446
127.471
127.497
127.522
127.548
127.573
127.599
127.624
127.65
127.675
127.701
127.726
127.751
127.777
127.802
127.828
127.853
127.879
127.904
127.93
127.955
127.981
128.006
128.031
128.057
128.082
128.108
128.133
128.159
128.184
128.21
128.235
128.261
128.286
128.311
128.337
128.362
128.388
128.413
128.439
128.464
128.49
128.515
128.541
128.566
128.592
128.617
128.642
128.668
128.693
128.719
128.744
128.77
128.795
128.821
128.846
128.871
128.897
128.922
128.948
128.973
128.999
129.024
129.05
129.075
129.101
129.126
129.151
129.177
129.202
129.228
129.253
129.279
129.304
129.33
129.355
129.381
129.406
129.431
129.457
129.482
129.508
129.533
129.559
129.584
129.61
129.635
129.661
129.686
129.712
129.737
129.762
129.788
129.813
129.839
129.864
129.89
129.915
129.941
129.966
129.992
130.017
130.043
130.068
130.094
130.119
130.145
130.17
130.195
130.221
130.246
130.272
130.297
130.323
130.348
130.374
130.399
130.425
130.45
130.476
130.501
130.527
130.552
130.577
130.603
130.628
130.654
130.679
130.705
130.73
130.756
130.781
130.807
130.832
130.858
130.883
130.908
130.934
130.959
130.985
131.01
131.036
131.061
131.087
131.112
131.138
131.163
131.189
131.214
131.24
131.265
131.29
131.316
131.341
131.367
131.392
131.418
131.443
131.469
131.494
131.519
131.545
131.57
131.596
131.621
131.647
131.672
131.698
131.723
131.749
131.774
131.799
131.825
131.85
131.876
131.901
131.927
131.952
131.978
132.003
132.029
132.054
132.08
132.105
132.131
132.156
132.182
132.207
132.232
132.258
132.283
132.309
132.334
132.36
132.385
132.411
132.436
132.462
132.487
132.512
132.538
132.563
132.589
132.614
132.64
132.665
132.691
132.716
132.742
132.767
132.792
132.818
132.843
132.869
132.894
132.92
132.945
132.971
132.996
133.022
133.047
133.072
133.098
133.123
133.149
133.174
133.2
133.225
133.251
133.276
133.302
133.327
133.353
133.378
133.403
133.429
133.454
133.48
133.505
133.531
133.556
133.582
133.607
133.633
133.658
133.683
133.709
133.734
133.76
133.785
133.811
133.836
133.862
133.887
133.913
133.938
133.964
133.989
134.015
134.04
134.065
134.091
134.116
134.142
134.167
134.193
134.218
134.244
134.269
134.294
134.32
134.345
134.371
134.396
134.422
134.447
134.473
134.498
134.524
134.549
134.575
134.6
134.626
134.651
134.676
134.702
134.727
134.753
134.778
134.804
134.829
134.855
134.88
134.906
134.931
134.957
134.982
135.007
135.033
135.058
135.084
135.109
135.135
135.16
135.185
135.211
135.236
135.262
135.287
135.313
135.338
135.364
135.389
135.415
135.44
135.466
135.491
135.516
135.542
135.567
135.593
135.618
135.644
135.669
135.695
135.72
135.745
135.771
135.796
135.822
135.847
135.873
135.898
135.924
135.949
135.975
136
136.026
136.051
136.077
136.102
136.128
136.153
136.179
136.204
136.229
136.255
136.28
136.306
136.331
136.357
136.382
136.408
136.433
136.459
136.484
136.509
136.538
136.564
136.589
136.615
136.64
136.666
136.691
136.717
136.742
136.768
136.793
136.818
136.844
136.869
136.895
136.92
136.946
136.971
136.997
137.022
137.048
137.073
137.099
137.124
137.149
137.175
137.2
137.226
137.251
137.277
137.302
137.328
137.353
137.379
137.404
137.43
137.455
137.48
137.506
137.531
137.557
137.582
137.608
137.633
137.659
137.684
137.71
137.735
137.76
137.786
137.811
137.837
137.862
137.888
137.913
137.939
137.964
137.99
138.015
138.041
138.066
138.092
138.117
138.142
138.168
138.193
138.219
138.244
138.27
138.295
138.321
138.346
138.372
138.397
138.423
138.448
138.474
138.499
138.524
138.55
138.575
138.601
138.626
138.652
138.677
138.703
138.728
138.754
138.779
138.804
138.83
138.855
138.881
138.906
138.932
138.957
138.983
139.008
139.034
139.059
139.085
139.11
139.136
139.161
139.186
139.212
139.237
139.263
139.288
139.314
139.339
139.365
139.39
139.416
139.441
139.467
139.492
139.518
139.543
139.568
139.594
139.619
139.645
139.67
139.696
139.721
139.747
139.772
139.798
139.823
139.848
139.874
139.899
139.925
139.95
139.976
140.001
140.027
140.052
140.077
140.103
140.128
140.154
140.179
140.205
140.23
140.256
140.281
140.307
140.332
140.358
140.383
140.409
140.434
140.459
140.485
140.51
140.536
140.561
140.587
140.612
140.638
140.663
140.689
140.714
140.74
140.765
140.79
140.816
140.841
140.867
140.892
140.918
140.943
140.969
140.994
141.02
141.045
141.071
141.096
141.122
141.147
141.173
141.198
141.223
141.249
141.274
141.3
141.325
141.351
141.376
141.402
141.427
141.453
141.478
141.503
141.529
141.554
141.58
141.605
141.631
141.656
141.682
141.707
141.733
141.758
141.784
141.809
141.834
141.86
141.885
141.911
141.936
141.962
141.987
142.013
142.038
142.064
142.089
142.114
142.14
142.165
142.191
142.216
142.242
142.267
142.293
142.318
142.344
142.369
142.395
142.42
142.445
142.471
142.496
142.522
142.547
142.573
142.598
142.624
142.649
142.675
142.7
142.726
142.751
142.776
142.802
142.827
142.853
142.878
142.904
142.929
142.955
142.98
143.006
143.031
143.057
143.082
143.107
143.133
143.158
143.184
143.209
143.235
143.26
143.286
143.311
143.337
143.362
143.388
143.413
143.438
143.464
143.489
143.515
143.54
143.566
143.591
143.617
143.642
143.668
143.693
143.718
143.744
143.769
143.795
143.82
143.846
143.871
143.897
143.922
143.947
143.973
143.998
144.024
144.049
144.075
144.1
144.126
144.151
144.176
144.202
144.227
144.253
144.278
144.304
144.329
144.355
144.38
144.405
144.431
144.456
144.482
144.507
144.533
144.558
144.584
144.609
144.635
144.66
144.686
144.711
144.736
144.762
144.787
144.813
144.838
144.864
144.889
144.915
144.94
144.966
144.991
145.017
145.042
145.067
145.093
145.118
145.144
145.169
145.195
145.22
145.246
145.271
145.303
145.328
145.354
145.379
145.404
145.43
145.455
145.481
145.506
145.532
145.557
145.583
145.608
145.634
145.659
145.684
145.71
145.735
145.761
145.786
145.812
145.837
145.863
145.888
145.914
145.939
145.965
145.99
146.015
146.041
146.066
146.092
146.117
146.143
146.168
146.194
146.219
146.245
146.27
146.296
146.321
146.346
146.372
146.397
146.423
146.448
146.474
146.499
146.525
146.55
146.575
146.601
146.626
146.652
146.677
146.703
146.728
146.754
146.779
146.805
146.83
146.856
146.881
146.906
146.932
146.957
146.983
147.008
147.034
147.059
147.085
147.11
147.136
147.161
147.186
147.212
147.237
147.263
147.288
147.314
147.339
147.365
147.39
147.416
147.441
147.466
147.492
147.517
147.543
147.568
147.594
147.619
147.645
147.67
147.696
147.721
147.747
147.772
147.797
147.823
147.848
147.874
147.899
147.925
147.95
147.976
148.001
148.027
148.052
148.078
148.103
148.129
148.154
148.179
148.205
148.23
148.256
148.281
148.307
148.332
148.358
148.383
148.409
148.434
148.459
148.485
148.51
148.536
148.561
148.587
148.612
148.638
148.663
148.689
148.714
148.74
148.765
148.79
148.816
148.841
148.867
148.892
148.918
148.943
148.969
148.994
149.02
149.045
149.078
149.104
149.129
149.155
149.18
149.206
149.231
149.257
149.282
149.307
149.333
149.358
149.384
149.409
149.435
149.46
149.486
149.511
149.537
149.562
149.587
149.613
149.638
149.664
149.689
149.715
149.74
149.766
149.791
149.817
149.842
149.868
149.893
149.919
149.944
149.969
149.995
150.02
150.046
150.071
150.097
150.122
150.148
150.173
150.198
150.224
150.249
150.275
150.3
150.326
150.351
150.377
150.402
150.428
150.453
150.478
150.504
150.529
150.555
150.58
150.606
150.631
150.657
150.682
150.708
150.733
150.758
150.784
150.809
150.835
150.86
150.886
150.911
150.937
150.962
150.988
151.013
151.039
151.064
151.089
151.115
151.14
151.166
151.191
151.217
151.242
151.268
151.293
151.319
151.344
151.37
151.395
151.42
151.446
151.471
151.497
151.522
151.548
151.573
151.599
151.624
151.65
151.675
151.701
151.726
151.751
151.777
151.802
151.828
151.853
151.879
151.904
151.93
151.955
151.981
152.006
152.032
152.057
152.083
152.108
152.134
152.159
152.185
152.21
152.235
152.261
152.286
152.312
152.337
152.363
152.388
152.414
152.439
152.465
152.49
152.516
152.541
152.567
152.592
152.617
152.643
152.668
152.694
152.719
152.745
152.77
152.796
152.821
152.847
152.872
152.898
152.923
152.948
152.974
152.999
153.025
153.05
153.076
153.101
153.127
153.152
153.178
153.203
153.229
153.254
153.28
153.305
153.33
153.356
153.381
153.407
153.432
153.458
153.483
153.509
153.534
153.56
153.585
153.611
153.636
153.662
153.687
153.712
153.738
153.763
153.789
153.814
153.84
153.865
153.891
153.916
153.942
153.967
153.992
154.018
154.043
154.069
154.094
154.12
154.145
154.171
154.196
154.222
154.247
154.272
154.298
154.323
154.349
154.374
154.4
154.425
154.451
154.476
154.502
154.527
154.553
154.578
154.604
154.629
154.655
154.68
154.705
154.731
154.756
154.782
154.807
154.833
154.858
154.884
154.909
154.935
154.96
154.985
155.011
155.036
155.062
155.087
155.113
155.138
155.164
155.189
155.215
155.24
155.265
155.291
155.316
155.342
155.367
155.393
155.418
155.444
155.469
155.494
155.52
155.545
155.571
155.596
155.622
155.647
155.683
155.708
155.734
155.759
155.784
155.81
155.835
155.861
155.886
155.912
155.937
155.963
155.988
156.014
156.039
156.065
156.09
156.116
156.141
156.166
156.192
156.217
156.243
156.268
156.294
156.319
156.345
156.37
156.396
156.421
156.446
156.472
156.497
156.523
156.548
156.574
156.599
156.625
156.65
156.676
156.701
156.727
156.752
156.778
156.803
156.828
156.854
156.879
156.905
156.93
156.956
156.981
157.007
157.032
157.058
157.083
157.108
157.134
157.159
157.185
157.21
157.236
157.261
157.287
157.312
157.338
157.363
157.389
157.414
157.439
157.465
157.49
157.516
157.541
157.567
157.592
157.618
157.643
157.669
157.694
157.72
157.745
157.77
157.796
157.821
157.847
157.872
157.898
157.923
157.949
157.974
158
158.025
158.051
158.076
158.101
158.127
158.152
158.178
158.203
158.229
158.254
158.28
158.305
158.331
158.356
158.382
158.407
158.432
158.458
158.483
158.509
158.534
158.56
158.585
158.611
158.636
158.662
158.687
158.713
158.738
158.764
158.789
158.814
158.84
158.865
158.891
158.916
158.942
158.967
158.993
159.018
159.044
159.069
159.095
159.12
159.145
159.171
159.196
159.222
159.247
159.273
159.298
159.324
159.349
159.374
159.4
159.425
159.451
159.476
159.502
159.527
159.553
159.578
159.604
159.629
159.654
159.68
159.705
159.731
159.756
159.782
159.807
159.833
159.858
159.884
159.909
159.935
159.96
159.986
160.011
160.036
160.062
160.087
160.113
160.138
160.164
160.189
160.215
160.24
160.266
160.291
160.316
160.342
160.367
160.393
160.418
160.444
160.469
160.494
160.52
160.545
160.571
160.596
160.622
160.647
160.673
160.698
160.724
160.749
160.775
160.8
160.826
160.851
160.876
160.902
160.927
160.953
160.978
161.004
161.029
161.055
161.08
161.106
161.131
161.157
161.182
161.207
161.233
161.258
161.284
161.309
161.335
161.36
161.386
161.411
161.437
161.462
161.487
161.513
161.538
161.564
161.589
161.615
161.64
161.666
161.691
161.717
161.742
161.768
161.793
161.818
161.844
161.869
161.895
161.92
161.946
161.971
161.997
162.022
162.048
162.073
162.099
162.124
162.15
162.175
162.2
162.226
162.251
162.277
162.302
162.328
162.353
162.379
162.404
162.43
162.455
162.481
162.506
162.531
162.557
162.582
162.608
162.633
162.659
162.684
162.71
162.735
162.761
162.786
162.811
162.837
162.862
162.888
162.913
162.939
162.964
162.99
163.015
163.041
163.066
163.092
163.117
163.142
163.168
163.193
163.219
163.244
163.27
163.295
163.321
163.346
163.372
163.397
163.422
163.448
163.473
163.499
163.524
163.549
163.575
163.6
163.626
163.651
163.677
163.702
163.727
163.753
163.778
163.804
163.829
163.854
163.88
163.905
163.931
163.956
163.982
164.007
164.033
164.058
164.084
164.109
164.134
164.16
164.185
164.211
164.236
164.262
164.287
164.313
164.338
164.363
164.389
164.414
164.44
164.465
164.491
164.516
164.542
164.567
164.593
164.618
164.643
164.669
164.694
164.72
164.745
164.771
164.796
164.822
164.847
164.873
164.898
164.923
164.949
164.974
165
165.025
165.051
165.076
165.102
165.127
165.153
165.178
165.203
165.229
165.254
165.28
165.305
165.331
165.356
165.382
165.407
165.432
165.458
165.483
165.509
165.534
165.56
165.585
165.611
165.636
165.662
165.687
165.712
165.738
165.763
165.789
165.814
165.84
165.865
165.891
165.916
165.942
165.967
165.992
166.018
166.043
166.069
166.094
166.12
166.145
166.171
166.196
166.222
166.247
166.273
166.298
166.323
166.349
166.374
166.4
166.425
166.451
166.476
166.502
166.527
166.553
166.578
166.604
166.629
166.654
166.68
166.705
166.731
166.756
166.782
166.807
166.833
166.858
166.884
166.909
166.934
166.96
166.986
167.012
167.037
167.063
167.088
167.114
167.139
167.165
167.19
167.215
167.241
167.266
167.292
167.317
167.343
167.368
167.394
167.419
167.444
167.47
167.495
167.521
167.546
167.572
167.597
167.623
167.648
167.674
167.699
167.725
167.75
167.775
167.801
167.826
167.852
167.877
167.903
167.928
167.954
167.979
168.004
168.03
168.055
168.081
168.106
168.132
168.157
168.183
168.208
168.233
168.259
168.284
168.31
168.335
168.361
168.386
168.412
168.437
168.463
168.488
168.514
168.539
168.565
168.59
168.615
168.641
168.666
168.692
168.717
168.743
168.768
168.794
168.819
168.845
168.87
168.895
168.921
168.946
168.972
168.997
169.023
169.048
169.074
169.099
169.125
169.15
169.175
169.201
169.226
169.252
169.277
169.303
169.328
169.354
169.379
169.405
169.43
169.455
169.481
169.506
169.532
169.557
169.583
169.608
169.634
169.659
169.685
169.71
169.735
169.761
169.786
169.812
169.837
169.863
169.888
169.914
169.939
169.965
169.99
170.015
170.041
170.066
170.092
170.117
170.143
170.168
170.194
170.219
170.245
170.27
170.295
170.321
170.346
170.372
170.397
170.423
170.448
170.474
170.499
170.525
170.55
170.575
170.601
170.626
170.652
170.677
170.703
170.728
170.754
170.779
170.805
170.83
170.856
170.881
170.906
170.932
170.957
170.983
171.008
171.034
171.059
171.085
171.11
171.136
171.161
171.187
171.212
171.238
171.263
171.288
171.314
171.339
171.365
171.39
171.416
171.441
171.467
171.492
171.518
171.543
171.569
171.594
171.619
171.645
171.67
171.696
171.721
171.747
171.772
171.798
171.823
171.849
171.874
171.899
171.925
171.95
171.976
172.001
172.027
172.052
172.078
172.103
172.129
172.154
172.18
172.205
172.231
172.256
172.281
172.307
172.332
172.358
172.383
172.409
172.434
172.46
172.485
172.511
172.536
172.561
172.587
172.612
172.638
172.663
172.689
172.714
172.74
172.765
172.791
172.816
172.842
172.867
172.893
172.918
172.943
172.969
172.994
173.02
173.045
173.071
173.096
173.122
173.147
173.173
173.198
173.223
173.249
173.274
173.3
173.325
173.351
173.376
173.402
173.427
173.453
173.478
173.504
173.529
173.554
173.58
173.605
173.631
173.656
173.682
173.707
173.733
173.758
173.784
173.809
173.835
173.86
173.885
173.911
173.936
173.962
173.987
174.013
174.038
174.064
174.089
174.115
174.14
174.165
174.191
174.216
174.242
174.267
174.293
174.318
174.344
174.369
174.394
174.42
174.445
174.471
174.496
174.522
174.547
174.573
174.598
174.623
174.649
174.674
174.7
174.725
174.751
174.776
174.802
174.827
174.853
174.878
174.903
174.929
174.954
174.98
175.005
175.031
175.056
175.082
175.107
175.133
175.158
175.183
175.209
175.234
175.26
175.285
175.311
175.336
175.362
175.387
175.413
175.438
175.464
175.489
175.514
175.54
175.565
175.591
175.616
175.642
175.667
175.693
175.718
175.744
175.769
175.795
175.82
175.846
175.871
175.896
175.922
175.947
175.973
175.998
176.024
176.049
176.075
176.1
176.126
176.151
176.177
176.202
176.227
176.253
176.278
176.304
176.329
176.355
176.38
176.406
176.431
176.456
176.482
176.507
176.533
176.558
176.584
176.609
176.635
176.66
176.686
176.711
176.737
176.762
176.787
176.813
176.838
176.864
176.889
176.915
176.94
176.966
176.991
177.017
177.042
177.068
177.093
177.118
177.144
177.169
177.195
177.22
177.246
177.271
177.297
177.322
177.348
177.373
177.399
177.424
177.449
177.475
177.5
177.526
177.551
177.577
177.602
177.628
177.653
177.679
177.704
177.729
177.755
177.78
177.806
177.831
177.857
177.882
177.908
177.933
177.959
177.984
178.009
178.035
178.06
178.086
178.111
178.137
178.162
178.188
178.213
178.239
178.264
178.29
178.315
178.341
178.366
178.392
178.417
178.442
178.468
178.493
178.519
178.544
178.57
178.595
178.621
178.646
178.672
178.697
178.722
178.748
178.773
178.799
178.824
178.85
178.875
178.901
178.926
178.951
178.977
179.002
179.028
179.053
179.079
179.104
179.13
179.155
179.181
179.206
179.231
179.257
179.282
179.308
179.333
179.359
179.384
179.41
179.435
179.461
179.486
179.512
179.537
179.562
179.588
179.613
179.639
179.664
179.69
179.715
179.741
179.766
179.792
179.817
179.842
179.868
179.893
179.919
179.944
179.97
179.995
180.021
180.046
180.072
180.097
180.123
180.148
180.173
180.199
180.224
180.25
180.275
180.301
180.326
180.352
180.377
180.403
180.428
180.453
180.479
180.504
180.53
180.555
180.581
180.606
180.632
180.657
180.682
180.708
180.733
180.759
180.784
180.81
180.835
180.861
180.886
180.912
180.937
180.963
180.988
181.013
181.039
181.064
181.09
181.115
181.141
181.166
181.192
181.217
181.243
181.268
181.293
181.319
181.344
181.37
181.395
181.421
181.446
181.472
181.497
181.523
181.548
181.574
181.599
181.624
181.65
181.675
181.701
181.726
181.752
181.777
181.803
181.828
181.854
181.879
181.905
181.93
181.955
181.981
182.006
182.032
182.057
182.083
182.108
182.134
182.159
182.185
182.21
182.235
182.261
182.286
182.312
182.337
182.363
182.388
182.414
182.439
182.465
182.49
182.516
182.541
182.566
182.592
182.617
182.643
182.668
182.694
182.719
182.745
182.77
182.796
182.821
182.847
182.872
182.897
182.923
182.948
182.974
182.999
183.025
183.05
183.076
183.101
183.127
183.152
183.178
183.203
183.228
183.254
183.279
183.305
183.33
183.356
183.381
183.407
183.432
183.458
183.483
183.509
183.534
183.559
183.585
183.61
183.636
183.661
183.687
183.712
183.738
183.763
183.789
183.814
183.84
183.865
183.89
183.916
183.941
183.967
183.992
184.018
184.043
184.069
184.094
184.119
184.145
184.17
184.196
184.221
184.247
184.272
184.298
184.323
184.349
184.374
184.399
184.425
184.45
184.476
184.501
184.527
184.552
184.578
184.603
184.629
184.654
184.679
184.705
184.73
184.756
184.781
184.807
184.832
184.858
184.883
184.909
184.934
184.96
184.985
185.011
185.036
185.061
185.087
185.112
185.138
185.163
185.189
185.214
185.24
185.265
185.29
185.316
185.341
185.367
185.392
185.418
185.443
185.469
185.494
185.52
185.545
185.571
185.596
185.621
185.647
185.672
185.698
185.723
185.749
185.774
185.8
185.825
185.851
185.876
185.901
185.927
185.952
185.978
186.003
186.029
186.054
186.08
186.105
186.131
186.156
186.182
186.207
186.232
186.258
186.283
186.309
186.334
186.36
186.385
186.411
186.436
186.462
186.487
186.512
186.538
186.563
186.589
186.614
186.64
186.665
186.691
186.716
186.741
186.767
186.792
186.818
186.843
186.869
186.894
186.92
186.945
186.971
186.996
187.021
187.047
187.072
187.098
187.123
187.149
187.174
187.2
187.225
187.251
187.276
187.302
187.327
187.352
187.378
187.403
187.429
187.454
187.48
187.505
187.531
187.556
187.582
187.607
187.632
187.658
187.683
187.709
187.734
187.76
187.785
187.811
187.836
187.861
187.887
187.912
187.938
187.963
187.989
188.014
188.04
188.065
188.09
188.116
188.141
188.167
188.192
188.218
188.243
188.269
188.294
188.319
188.345
188.37
188.396
188.421
188.447
188.472
188.498
188.523
188.548
188.574
188.599
188.625
188.65
188.676
188.701
188.726
188.752
188.777
188.803
188.828
188.854
188.879
188.905
188.93
188.955
188.981
189.006
189.032
189.057
189.083
189.108
189.133
189.159
189.184
189.21
189.235
189.261
189.286
189.312
189.337
189.362
189.388
189.413
189.439
189.464
189.49
189.515
189.54
189.566
189.591
189.617
189.642
189.668
189.693
189.718
189.744
189.769
189.795
189.82
189.846
189.871
189.896
189.922
189.947
189.973
189.998
190.024
190.049
190.075
190.1
190.126
190.151
190.176
190.202
190.227
190.253
190.278
190.304
190.329
190.354
190.38
190.405
190.431
190.456
190.482
190.507
190.533
190.558
190.583
190.609
190.634
190.66
190.685
190.711
190.736
190.761
190.787
190.812
190.838
190.863
190.889
190.914
190.94
190.965
190.99
191.016
191.041
191.067
191.092
191.118
191.143
191.168
191.194
191.219
191.245
191.27
191.296
191.321
191.346
191.372
191.397
191.423
191.448
191.474
191.499
191.524
191.55
191.575
191.601
191.626
191.651
191.677
191.702
191.728
191.753
191.779
191.804
191.829
191.855
191.88
191.906
191.931
191.957
191.982
192.008
192.033
192.059
192.084
192.109
192.135
192.16
192.186
192.211
192.237
192.262
192.288
192.313
192.338
192.364
192.389
192.415
192.44
192.466
192.491
192.517
192.542
192.567
192.593
192.618
192.644
192.669
192.695
192.72
192.746
192.771
192.797
192.822
192.847
192.873
192.898
192.924
192.949
192.975
193
193.026
193.051
193.076
193.102
193.127
193.153
193.178
193.204
193.229
193.255
193.28
193.305
193.331
193.356
193.382
193.407
193.433
193.458
193.484
193.509
193.534
193.56
193.585
193.611
193.636
193.662
193.687
193.713
193.738
193.763
193.789
193.814
193.84
193.865
193.891
193.916
193.942
193.967
193.992
194.018
194.043
194.069
194.094
194.119
194.145
194.17
194.196
194.221
194.247
194.272
194.297
194.323
194.348
194.374
194.399
194.425
194.45
194.475
194.501
194.526
194.552
194.577
194.603
194.628
194.654
194.679
194.704
194.73
194.755
194.781
194.806
194.832
194.857
194.883
194.908
194.933
194.959
194.984
195.01
195.035
195.061
195.086
195.111
195.137
195.162
195.188
195.213
195.239
195.264
195.29
195.315
195.34
195.366
195.391
195.417
195.442
195.468
195.493
195.519
195.544
195.569
195.595
195.62
195.646
195.671
195.697
195.722
195.747
195.773
195.798
195.824
195.849
195.875
195.9
195.926
195.951
195.976
196.002
196.027
196.053
196.078
196.104
196.129
196.155
196.18
196.205
196.231
196.256
196.282
196.307
196.333
196.358
196.384
196.409
196.434
196.46
196.485
196.511
196.536
196.562
196.587
196.613
196.638
196.663
196.689
196.714
196.74
196.765
196.791
196.816
196.842
196.867
196.892
196.918
196.943
196.969
196.994
197.02
197.045
197.071
197.096
197.121
197.147
197.172
197.198
197.223
197.249
197.274
197.3
197.325
197.35
197.376
197.401
197.427
197.452
197.477
197.503
197.528
197.554
197.579
197.605
197.63
197.655
197.681
197.706
197.732
197.757
197.783
197.808
197.833
197.859
197.884
197.91
197.935
197.961
197.986
198.011
198.037
198.062
198.088
198.113
198.138
198.164
198.189
198.215
198.24
198.266
198.291
198.316
198.342
198.367
198.393
198.418
198.444
198.469
198.494
198.52
198.545
198.571
198.596
198.622
198.647
198.672
198.698
198.723
198.749
198.774
198.8
198.825
198.851
198.876
198.901
198.927
198.952
198.978
199.003
199.029
199.054
199.08
199.105
199.13
199.156
199.181
199.207
199.232
199.258
199.283
199.308
199.334
199.359
199.385
199.41
199.436
199.461
199.486
199.512
199.537
199.563
199.588
199.614
199.639
199.664
199.69
199.715
199.741
199.766
199.791
199.817
199.842
199.868
199.893
199.919
199.944
199.97
199.995
200.02
200.046
200.071
200.097
200.122
200.148
200.173
200.198
200.224
200.249
200.275
200.3
200.326
200.351
200.377
200.402
200.427
200.453
200.478
200.504
200.529
200.555
200.58
200.605
200.631
200.656
200.682
200.707
200.733
200.758
200.784
200.809
200.834
200.86
200.885
200.911
200.936
200.962
200.987
201.012
201.038
201.063
201.089
201.114
201.139
201.165
201.19
201.216
201.241
201.267
201.292
201.318
201.343
201.374
201.4
201.425
201.451
201.476
201.501
201.527
201.552
201.578
201.603
201.629
201.654
201.68
201.705
201.73
201.756
201.781
201.807
201.832
201.858
201.883
201.908
201.934
201.959
201.985
202.01
202.036
202.061
202.086
202.112
202.137
202.163
202.188
202.214
202.239
202.264
202.298
202.324
202.349
202.375
202.4
202.426
202.451
202.476
202.502
202.527
202.553
202.578
202.604
202.629
202.655
202.68
202.705
202.731
202.756
202.782
202.807
202.833
202.858
202.884
202.909
202.934
202.96
202.985
203.011
203.036
203.062
203.087
203.112
203.138
203.163
203.189
203.214
203.239
203.265
203.29
203.316
203.341
203.366
203.392
203.417
203.443
203.468
203.493
203.519
203.544
203.57
203.595
203.62
203.646
203.671
203.696
203.722
203.747
203.773
203.798
203.823
203.849
203.874
203.9
203.925
203.95
203.976
204.001
204.027
204.052
204.077
204.103
204.128
204.153
204.179
204.204
204.23
204.255
204.28
204.306
204.331
204.357
204.382
204.407
204.433
204.458
204.484
204.509
204.534
204.56
204.585
204.61
204.636
204.661
204.686
204.712
204.737
204.763
204.788
204.813
204.839
204.864
204.889
204.915
204.94
204.965
204.991
205.016
205.041
205.067
205.092
205.117
205.143
205.168
205.193
205.219
205.244
205.269
205.295
205.32
205.345
205.371
205.396
205.421
205.447
205.472
205.497
205.522
205.548
205.573
205.598
205.624
205.649
205.674
205.7
205.725
205.75
205.775
205.801
205.826
205.851
205.877
205.902
205.927
205.952
205.978
206.003
206.028
206.053
206.079
206.104
206.129
206.155
206.18
206.205
206.23
206.255
206.281
206.306
206.331
206.356
206.381
206.406
206.432
206.457
206.482
206.507
206.532
206.558
206.583
206.608
206.633
206.658
206.684
206.709
206.734
206.759
206.784
206.809
206.835
206.86
206.885
206.91
206.935
206.961
206.986
207.011
207.036
207.061
207.087
207.112
207.137
207.162
207.187
207.213
207.238
207.263
207.288
207.313
207.339
207.364
207.389
207.414
207.439
207.465
207.49
207.515
207.54
207.565
207.591
207.616
207.641
207.666
207.691
207.717
207.742
207.767
207.792
207.817
207.843
207.868
207.893
207.918
207.943
207.969
207.994
208.019
208.044
208.069
208.095
208.12
208.145
208.17
208.195
208.221
208.246
208.271
208.296
208.321
208.346
208.372
208.397
208.422
208.447
208.472
208.498
208.523
208.548
208.573
208.598
208.624
208.649
208.674
208.699
208.724
208.749
208.775
208.8
208.825
208.85
208.875
208.901
208.926
208.951
208.976
209.001
209.026
209.051
209.077
209.102
209.127
209.152
209.177
209.202
209.228
209.253
209.278
209.303
209.328
209.353
209.378
209.404
209.429
209.454
209.479
209.504
209.529
209.554
209.58
209.605
209.63
209.655
209.68
209.705
209.731
209.756
209.781
209.806
209.831
209.856
209.881
209.907
209.932
209.957
209.982
210.007
210.032
210.057
210.083
210.108
210.133
210.158
210.183
210.208
210.234
