90.0163
113.779
250.224
261.004
260.395
264.326
264.506
266.295
283.062
284.317
283.943
283.934
283.917
283.893
283.86
283.822
283.777
283.721
283.663
283.594
283.508
283.426
283.338
283.242
283.142
283.033
282.917
282.793
282.663
282.53
282.388
282.242
282.088
281.926
281.759
281.587
281.405
281.216
281.026
280.827
280.621
280.408
280.191
279.967
279.74
279.498
279.289
279.075
278.852
278.629
278.397
278.158
277.916
277.673
277.426
277.17
276.916
276.662
276.402
276.131
275.843
275.566
275.29
275.008
274.725
274.434
274.138
273.84
273.504
273.19
272.854
272.539
272.214
271.889
271.557
271.224
270.891
270.542
270.193
269.833
269.473
269.105
268.736
268.365
267.96
267.542
267.149
266.76
266.366
265.968
265.572
265.165
264.757
264.349
263.933
263.517
263.096
262.676
262.253
261.803
261.371
260.94
260.503
260.066
259.634
259.197
258.753
258.31
257.866
257.421
256.977
256.53
256.091
255.644
255.197
254.747
254.3
253.853
253.407
252.954
252.505
252.055
251.609
251.161
250.714
250.274
249.831
249.39
248.951
248.512
248.076
247.638
247.202
246.768
246.335
245.903
245.471
245.036
244.593
244.15
243.705
243.173
242.751
242.325
241.9
241.464
241.082
240.711
240.342
239.985
239.629
239.27
238.918
238.572
238.237
237.903
237.58
237.253
236.941
236.637
236.348
236.063
235.795
235.529
235.281
235.044
234.819
234.599
234.38
234.173
233.962
233.791
233.644
233.57
233.538
233.491
233.422
233.431
233.506
233.562
233.636
233.689
233.746
233.802
233.887
234.052
234.24
234.405
234.524
234.612
234.662
234.713
234.747
234.78
234.838
234.863
234.939
234.958
234.977
235
235.057
235.152
235.215
235.331
235.418
235.467
235.517
235.558
235.61
235.631
235.639
235.688
235.709
235.714
235.815
235.911
235.992
236.095
236.202
236.307
236.421
236.525
236.605
236.689
236.77
236.856
236.909
237.046
237.17
237.287
237.451
237.596
237.676
237.766
237.867
237.971
238.055
238.159
238.22
238.269
238.33
238.361
238.415
238.458
238.564
238.602
238.662
238.728
238.79
238.848
238.879
238.918
238.893
238.896
238.907
238.866
238.834
238.801
238.773
238.752
238.699
238.662
238.633
238.583
238.52
238.468
238.406
238.311
238.232
238.258
238.274
238.307
238.392
238.466
238.511
238.568
238.626
238.642
238.658
238.701
238.713
238.727
238.716
238.71
238.669
238.648
238.631
238.591
238.571
238.491
238.445
238.371
238.307
238.272
238.249
238.213
238.167
238.137
238.092
238.049
237.981
237.92
237.858
237.718
237.607
237.48
237.346
237.229
237.093
236.943
236.813
236.648
236.477
236.333
236.198
236.096
235.998
235.893
235.768
235.643
235.497
235.349
235.199
235.047
234.894
234.751
234.614
234.52
234.426
234.329
234.227
234.15
234.042
233.934
233.822
233.718
233.723
233.738
233.745
233.748
233.736
233.718
233.698
233.666
233.63
233.589
233.543
233.489
233.434
233.379
233.315
233.303
233.281
233.236
233.187
233.14
233.072
233.006
232.932
232.864
232.772
232.684
232.577
232.482
232.354
232.242
232.117
231.992
231.866
231.735
231.6
231.468
231.316
231.158
230.992
230.809
230.626
230.455
230.324
230.211
230.095
230.029
229.924
229.807
229.712
229.623
229.494
229.366
229.262
229.126
229.156
229.099
229.095
229.067
229.036
229.064
229.012
229.019
228.998
228.957
228.893
228.838
228.801
228.723
228.64
228.599
228.52
228.43
228.395
228.314
228.248
228.206
228.108
228.073
228.049
228.023
227.995
227.983
227.927
227.892
227.856
227.689
227.654
227.625
227.593
227.556
227.522
227.493
227.461
227.469
227.496
227.52
227.544
227.564
227.583
227.6
227.627
227.668
227.651
227.634
227.672
227.74
227.822
227.899
227.972
228.073
228.205
228.328
228.454
228.589
228.695
228.806
228.914
229.063
229.231
229.39
229.546
229.693
229.852
230.007
230.17
230.307
230.429
230.607
230.728
230.839
231.058
231.284
231.517
231.729
231.957
232.166
232.395
232.622
232.847
233.05
233.244
233.413
233.562
233.737
233.89
234.047
234.163
234.299
234.428
234.502
234.596
234.696
234.794
234.896
234.946
235.007
235.069
235.12
235.153
235.194
235.231
235.257
235.281
235.293
235.308
235.355
235.379
235.444
235.501
235.55
235.6
235.643
235.669
235.686
235.74
235.743
235.739
235.728
235.688
235.639
235.622
235.591
235.555
235.518
235.505
235.45
235.383
235.317
235.207
235.143
235.059
234.976
234.862
234.771
234.667
234.552
234.453
234.338
234.218
234.042
233.926
233.808
233.685
233.574
233.453
233.326
233.193
233.057
232.95
232.825
232.693
232.566
232.428
232.289
232.144
232.01
231.859
231.701
231.545
231.367
231.205
231.04
230.872
230.702
230.533
230.364
230.196
230.032
229.933
229.891
229.849
229.781
229.728
229.659
229.604
229.542
229.472
229.402
229.329
229.263
229.192
229.121
229.048
228.973
228.961
228.929
228.89
228.845
228.8
228.754
228.71
228.656
228.59
228.526
228.421
228.315
228.206
228.096
227.983
227.858
227.747
227.623
227.502
227.414
227.361
227.309
227.312
227.362
227.415
227.466
227.513
227.581
227.599
227.617
227.63
227.738
227.778
227.805
227.84
227.862
227.891
227.914
227.943
227.973
227.992
228.008
228.022
228.034
228.045
228.053
228.058
228.063
228.069
228.072
228.075
228.074
228.075
228.078
228.124
228.166
228.22
228.292
228.341
228.443
228.542
228.636
228.721
228.747
228.909
228.962
229.091
229.143
229.239
229.312
229.387
229.454
229.529
229.635
229.715
229.814
229.901
230.003
230.236
230.381
230.596
230.792
230.956
231.143
231.29
231.454
231.607
231.808
231.947
232.1
232.25
232.376
232.493
232.621
232.738
232.82
232.922
233.012
233.079
233.143
233.225
233.338
233.426
233.528
233.627
233.683
233.811
233.927
234.053
234.167
234.237
234.346
234.384
234.467
234.549
234.609
234.677
234.72
234.766
234.789
234.834
234.886
234.895
234.895
234.911
234.911
234.841
234.816
234.801
234.764
234.744
234.72
234.687
234.616
234.528
234.381
234.307
234.177
234.084
233.963
233.851
233.744
233.615
233.47
233.326
233.2
233.07
232.945
232.849
232.713
232.614
232.492
232.36
232.292
232.22
232.127
232.032
231.942
231.873
231.871
231.942
232.033
232.148
232.195
232.229
232.249
232.247
232.254
232.248
232.223
232.188
232.141
232.069
232.03
231.986
231.91
231.889
231.882
231.842
231.869
231.902
231.982
232.073
232.076
232.119
232.139
232.147
232.171
232.15
232.178
232.116
232.054
232.022
231.959
231.867
231.804
231.689
231.579
231.459
231.334
231.242
231.14
231.072
231.019
230.942
230.841
230.725
230.65
230.529
230.394
230.28
230.146
230.035
229.885
229.729
229.614
229.463
229.302
229.16
229.021
228.866
228.706
228.57
228.406
228.229
228.085
227.92
227.751
227.587
227.414
227.305
227.19
227.063
226.957
226.885
226.798
226.734
226.653
226.576
226.491
226.396
226.284
226.175
226.153
226.147
226.135
226.163
226.186
226.215
226.172
226.199
226.167
226.162
226.163
226.14
226.107
226.102
226.096
226.05
226.042
226.063
226.098
226.173
226.297
226.409
226.525
226.656
226.722
226.855
226.973
227.078
227.171
227.271
227.373
227.473
227.575
227.765
227.913
228.06
228.221
228.39
228.591
228.805
229.04
229.272
229.491
229.705
229.908
230.105
230.293
230.478
230.724
231.016
231.268
231.552
231.797
232.051
232.228
232.453
232.595
232.843
233.068
233.218
233.39
233.516
233.685
233.808
233.947
234.081
234.132
234.205
234.3
234.364
234.456
234.529
234.546
234.608
234.674
234.71
234.724
234.698
234.655
234.632
234.604
234.547
234.53
234.501
234.401
234.346
234.274
234.22
234.141
234.1
234.074
234.021
234.011
233.961
233.943
233.909
233.902
233.854
233.805
233.752
233.669
233.609
233.544
233.478
233.399
233.32
233.243
233.194
233.193
233.117
233.062
233.009
232.909
232.933
232.919
232.96
232.994
233.05
233.077
233.11
233.129
233.144
233.159
233.171
233.17
233.15
233.132
233.108
233.076
233.042
233.007
232.966
232.962
232.968
232.962
232.945
232.912
232.89
232.845
232.814
232.762
232.708
232.653
232.591
232.51
232.387
232.262
232.138
232.003
231.87
231.733
231.586
231.435
231.285
231.134
230.981
230.823
230.661
230.503
230.369
230.212
230.043
229.879
229.716
229.553
229.391
229.23
229.069
228.909
228.752
228.597
228.441
228.329
228.21
228.07
227.926
227.782
227.643
227.503
227.377
227.24
227.073
226.928
226.751
226.614
226.461
226.293
226.152
226.01
225.869
225.746
225.651
225.601
225.618
225.633
225.676
225.664
225.66
225.683
225.702
225.682
225.658
225.671
225.761
225.853
225.936
226.022
226.097
226.178
226.242
226.399
226.569
226.686
226.822
226.925
226.999
227.115
227.185
227.284
227.37
227.458
227.536
227.618
227.664
227.812
227.955
228.153
228.349
228.573
228.748
228.948
229.115
229.277
229.425
229.567
229.678
229.81
229.938
230.057
230.169
230.275
230.381
230.482
230.574
230.66
230.737
230.811
230.877
230.947
231.021
231.188
231.345
231.494
231.638
231.801
231.977
232.104
232.186
232.267
232.326
232.419
232.485
232.559
232.627
232.656
232.741
232.792
232.817
232.836
232.877
232.904
232.956
233.002
233.057
232.92
232.929
232.959
232.999
233.033
233.063
233.082
233.056
233.048
233.019
233.094
233.185
233.246
233.291
233.346
233.388
233.374
233.369
233.349
233.353
233.348
233.363
233.336
233.349
233.382
233.458
233.45
233.454
233.422
233.376
233.393
233.401
233.378
233.376
233.392
233.447
233.495
233.608
233.651
233.675
233.738
233.703
233.648
233.57
233.47
233.339
233.241
233.126
233.008
232.995
232.994
232.953
232.933
232.904
232.866
232.868
232.833
232.777
232.72
232.657
232.639
232.593
232.469
232.403
232.38
232.432
232.428
232.427
232.448
232.432
232.42
232.427
232.358
232.307
232.277
232.2
232.159
232.097
232.032
231.942
231.871
231.787
231.688
231.584
231.51
231.386
231.268
231.229
231.151
231.051
230.956
230.864
230.768
230.668
230.576
230.484
230.406
230.295
230.19
230.075
229.942
229.822
229.7
229.564
229.43
229.285
229.24
229.238
229.228
229.213
229.185
229.171
229.147
229.114
229.084
229.05
229.012
228.974
228.928
228.869
228.811
228.744
228.684
228.604
228.526
228.443
228.41
228.385
228.389
228.546
228.653
228.783
228.909
228.987
229.027
228.968
228.969
228.946
228.913
228.869
228.854
228.826
228.808
228.815
228.808
228.797
228.769
228.744
228.717
228.688
228.649
228.603
228.535
228.486
228.423
228.37
228.326
228.286
228.319
228.352
228.373
228.378
228.371
228.392
228.493
228.584
228.719
228.849
228.969
229.082
229.192
229.297
229.399
229.495
229.587
229.671
229.751
229.831
229.898
229.967
230.031
230.088
230.141
230.188
230.226
230.26
230.326
230.391
230.453
230.557
230.661
230.757
230.842
230.888
230.928
230.963
231.053
231.149
231.231
231.299
231.353
231.435
231.469
231.312
231.258
231.179
231.132
231.082
231.061
231.001
230.963
230.913
230.867
230.871
230.91
230.881
230.829
230.867
230.828
230.792
230.881
230.973
231.058
231.122
231.217
231.264
231.298
231.367
231.383
231.405
231.501
231.67
231.765
231.898
232.006
232.135
232.236
232.329
232.417
232.506
232.594
232.645
232.677
232.738
232.757
232.779
232.807
232.827
232.874
232.917
232.926
232.954
232.98
232.986
232.977
232.99
233.003
232.958
232.914
232.865
232.816
232.764
232.779
232.776
232.767
232.749
232.729
232.705
232.68
232.691
232.719
232.739
232.757
232.762
232.761
232.753
232.741
232.721
232.693
232.66
232.621
232.568
232.52
232.463
232.433
232.442
232.444
232.441
232.388
232.329
232.246
232.263
232.236
232.173
232.136
232.065
231.99
231.922
231.85
231.825
231.797
231.763
231.735
231.69
231.638
231.591
231.534
231.469
231.404
231.336
231.28
231.215
231.157
231.085
231.043
230.998
230.99
230.977
230.948
230.873
230.783
230.662
230.55
230.432
230.302
230.177
230.02
229.809
229.579
229.342
229.13
228.908
228.664
228.457
228.218
228.013
227.87
227.675
227.5
227.32
227.136
226.968
226.915
226.829
226.757
226.662
226.592
226.513
226.427
226.364
226.284
226.203
226.144
226.13
226.204
226.304
226.337
226.487
226.638
226.833
227.015
227.113
227.261
227.4
227.532
227.665
227.676
227.689
227.691
227.7
227.745
227.756
227.726
227.764
227.54
227.529
227.598
227.661
227.687
227.776
227.865
227.9
227.898
227.885
227.884
227.949
228.045
228.14
228.224
228.295
228.411
228.504
228.613
228.661
228.719
228.792
228.828
228.859
228.887
228.896
228.951
229.068
229.221
229.367
229.508
229.639
229.761
229.888
230.001
230.105
230.229
230.308
230.407
230.491
230.583
230.668
230.752
230.861
230.915
230.986
231.062
231.136
231.193
231.284
231.337
231.409
231.449
231.514
231.557
231.543
231.581
231.602
231.617
231.639
231.754
231.85
231.941
232.066
232.117
232.196
232.282
232.268
232.347
232.392
232.423
232.45
232.495
232.486
232.495
232.512
232.516
232.492
232.481
232.469
232.448
232.382
232.368
232.309
232.239
232.212
232.136
232.112
232.121
232.064
232.011
232.028
232.034
231.997
232.011
231.974
231.948
231.962
231.919
231.894
231.967
232.052
232.147
232.18
232.268
232.313
232.436
232.519
232.567
232.618
232.678
232.721
232.732
232.771
232.766
232.789
232.76
232.809
232.926
233.002
233.036
233.149
233.212
233.201
233.211
233.202
233.136
233.103
233.082
232.993
232.933
232.845
232.776
232.684
232.605
232.503
232.428
232.296
232.171
232.077
231.932
231.774
231.646
231.473
231.321
231.159
231.037
230.884
230.756
230.634
230.51
230.393
230.301
230.182
230.036
229.947
229.811
229.704
229.649
229.517
229.396
229.295
229.133
229.007
228.876
228.766
228.641
228.558
228.414
228.352
228.273
228.171
228.088
227.993
227.899
227.853
227.786
227.872
227.93
228.047
228.191
228.306
228.446
228.539
228.653
228.669
228.701
228.866
228.997
229.112
229.198
229.278
229.351
229.418
229.479
229.534
229.572
229.611
229.657
229.728
229.851
230.024
230.149
230.355
230.502
230.609
230.737
230.825
230.926
231.067
231.128
231.211
231.263
231.328
231.389
231.441
231.487
231.531
231.577
231.616
231.659
231.735
231.781
231.835
231.908
231.916
231.98
232.04
232.102
232.153
232.189
232.227
232.238
232.272
232.3
232.333
232.337
232.339
232.296
232.283
232.28
232.266
232.26
232.234
232.204
232.181
232.126
232.087
232.04
231.989
231.937
231.886
231.828
231.771
231.727
231.718
231.656
231.573
231.518
231.508
231.441
231.386
231.329
231.271
231.237
231.16
231.113
231.059
231.028
231.084
231.149
231.19
231.191
231.272
231.257
231.229
231.211
231.184
231.103
231.074
231.03
230.983
230.919
230.868
230.853
230.817
230.794
230.767
230.762
230.733
230.704
230.655
230.698
230.733
230.754
230.817
230.919
231.112
231.324
231.523
231.734
231.933
232.087
232.251
232.434
232.56
232.656
232.748
232.736
232.728
232.764
232.847
232.861
232.898
232.966
232.989
233.036
233.052
233.1
233.084
233.123
233.129
233.101
233.072
233.041
233.001
232.955
232.918
232.87
232.821
232.766
232.711
232.635
232.564
232.48
232.382
232.229
232.136
231.999
231.881
231.757
231.631
231.495
231.368
231.233
231.059
230.915
230.771
230.633
230.484
230.343
230.241
230.138
230.034
229.999
229.946
229.913
229.751
229.636
229.474
229.353
229.225
229.066
228.94
228.773
228.606
228.464
228.309
228.101
227.928
227.772
227.626
227.49
227.327
227.185
227.049
226.926
226.798
226.684
226.58
226.472
226.374
226.274
226.172
226.065
225.954
225.847
225.761
225.71
225.839
225.998
226.147
226.284
226.413
226.533
226.642
226.745
226.841
226.934
227.024
227.106
227.238
227.338
227.433
227.495
227.556
227.662
227.855
228.012
228.186
228.358
228.506
228.668
228.789
228.922
229.044
229.131
229.262
229.401
229.508
229.617
229.707
229.78
229.867
229.946
229.974
230.021
230.067
230.114
230.138
230.197
230.224
230.249
230.325
230.381
230.414
230.542
230.617
230.696
230.816
230.864
230.903
230.957
230.987
230.972
231.052
231.072
231.096
231.141
231.15
231.193
231.233
231.273
231.334
231.422
231.511
231.588
231.66
231.726
231.792
231.853
231.941
232.042
232.124
232.231
232.317
232.296
232.291
232.31
232.328
232.402
232.41
232.441
232.416
232.401
232.406
232.383
232.307
232.239
232.18
232.086
231.996
231.932
231.876
231.813
231.783
231.759
231.764
231.865
231.978
232.081
232.18
232.205
232.239
232.284
232.337
232.361
232.384
232.435
232.461
232.472
232.49
232.515
232.551
232.58
232.603
232.622
232.632
232.645
232.669
232.662
232.619
232.587
232.565
232.515
232.495
232.42
232.385
232.366
232.34
232.282
232.246
232.24
232.225
232.213
232.194
232.143
232.086
231.996
231.935
231.87
231.778
231.725
231.676
231.614
231.538
231.452
231.33
231.204
231.093
230.971
230.859
230.697
230.585
230.487
230.397
230.274
230.133
229.99
229.852
229.674
229.531
229.416
229.309
229.197
229.079
228.972
228.868
228.761
228.659
228.57
228.453
228.343
228.25
228.178
228.103
228.034
227.987
227.901
227.842
227.783
227.731
227.673
227.602
227.528
227.465
227.51
227.555
227.579
227.616
227.678
227.765
227.88
228.07
228.26
228.392
228.578
228.781
228.997
229.182
229.386
229.581
229.72
229.907
230.067
230.229
230.41
230.534
230.7
230.829
230.999
231.115
231.234
231.377
231.514
231.566
231.616
231.679
231.752
231.871
231.941
231.969
231.988
232.022
232.065
232.065
232.138
232.172
232.214
232.316
232.337
232.396
232.46
232.476
232.488
232.563
232.687
232.779
232.856
232.883
232.884
232.88
232.882
232.905
232.891
232.894
232.994
233.03
233.118
233.101
233.129
233.074
233.059
233.04
232.99
232.932
232.917
232.902
232.924
232.928
232.934
232.933
232.92
232.901
232.873
232.835
232.795
232.713
232.63
232.54
232.449
232.35
232.206
232.061
231.915
231.776
231.612
231.482
231.319
231.177
231.017
230.89
230.76
230.625
230.498
230.362
230.214
230.081
229.94
229.796
229.649
229.5
229.337
229.191
229.028
228.87
228.709
228.545
228.372
228.202
228.037
227.867
227.691
227.519
227.341
227.159
226.979
226.797
226.624
226.436
226.253
226.067
225.885
225.714
225.55
225.405
225.311
225.254
225.191
225.152
225.118
225.056
225.029
224.958
224.931
224.947
224.948
224.933
224.963
225.045
225.085
225.142
225.202
225.298
225.375
225.426
225.545
225.704
225.857
226.007
226.157
226.32
226.464
226.604
226.692
226.829
226.898
226.964
227.07
227.143
227.2
227.311
227.427
227.536
227.642
227.738
227.841
227.941
228.039
228.139
228.257
228.333
228.4
228.496
228.609
228.707
228.803
229.006
229.309
229.571
229.839
230.096
230.378
230.63
230.921
231.237
231.494
231.757
232.044
232.255
232.473
232.676
232.856
233.036
233.222
233.398
233.604
233.77
233.972
234.132
234.289
234.436
234.575
234.7
234.806
234.913
235.033
235.188
235.35
235.528
235.725
235.918
236.104
236.275
236.441
236.592
236.738
236.847
236.937
237.041
237.134
237.227
237.318
237.404
237.481
237.552
237.609
237.64
237.694
237.709
237.708
237.724
237.716
237.688
237.683
237.657
237.597
237.584
237.55
237.512
237.477
237.458
237.447
237.378
237.323
237.244
237.162
237.073
236.98
236.865
236.754
236.64
236.495
236.386
236.272
236.123
235.99
235.837
235.671
235.525
235.375
235.224
235.071
234.908
234.744
234.577
234.383
234.177
233.995
233.772
233.589
233.4
233.202
233.006
232.804
232.598
232.389
232.174
231.96
231.738
231.512
231.287
231.063
230.838
230.617
230.384
230.159
229.93
229.684
229.45
229.2
228.973
228.759
228.494
228.242
228.022
227.805
227.57
227.366
227.142
226.947
226.745
226.54
226.353
226.166
225.999
225.819
225.657
225.481
225.313
225.149
224.985
224.829
224.678
224.642
224.628
224.587
224.554
224.524
224.467
224.363
224.398
224.418
224.462
224.492
224.659
224.811
224.859
224.914
225.046
225.157
225.21
225.325
225.432
225.529
225.64
225.725
225.852
225.912
226.014
226.153
226.29
226.489
226.677
226.834
226.964
227.094
227.225
227.354
227.471
227.561
227.754
227.885
227.993
228.084
228.191
228.324
228.389
228.474
228.581
228.635
228.713
228.77
228.827
228.914
229.07
229.203
229.334
229.541
229.768
229.954
230.107
230.281
230.47
230.636
230.77
230.917
231.033
231.153
231.237
231.396
231.528
231.761
232.008
232.256
232.494
232.681
232.915
233.08
233.257
233.46
233.62
233.786
233.941
234.123
234.211
234.339
234.465
234.564
234.634
234.717
234.785
234.861
234.906
234.954
235.011
235.008
235.005
235.005
235.022
234.982
234.973
234.989
234.978
234.976
235.027
235.055
235.096
235.115
235.132
235.158
235.157
235.2
235.233
235.242
235.246
235.214
235.243
235.248
235.24
235.244
235.231
235.205
235.173
235.148
235.057
234.982
234.905
234.879
234.792
234.744
234.669
234.585
234.507
234.42
234.335
234.242
234.146
234.029
233.872
233.739
233.569
233.37
233.248
233.123
232.991
232.859
232.722
232.578
232.414
232.272
232.12
231.967
231.812
231.655
231.498
231.345
231.184
230.995
230.796
230.61
230.423
230.215
230.039
229.852
229.688
229.509
229.342
229.176
229.012
228.855
228.682
228.537
228.361
228.183
228.037
227.854
227.68
227.51
227.367
227.195
227.122
227.061
227.005
226.919
226.828
226.834
226.849
226.859
226.877
226.916
226.923
226.93
227.003
227.014
227.025
227.033
227.043
227.049
227.044
227.056
227.057
227.058
227.068
227.073
227.071
227.056
227.09
227.117
227.137
227.173
227.212
227.27
227.293
227.315
227.331
227.35
227.364
227.369
227.375
227.379
227.377
227.35
227.336
227.315
227.292
227.268
227.212
227.243
227.247
227.377
227.563
227.708
227.865
228.016
228.194
228.337
228.489
228.655
228.784
228.97
229.148
229.285
229.418
229.578
229.731
229.918
230.006
230.106
230.234
230.321
230.425
230.524
230.607
230.684
230.839
230.99
231.133
231.271
231.402
231.527
231.646
231.755
231.874
231.993
232.128
232.222
232.342
232.429
232.481
232.566
232.611
232.624
232.661
232.695
232.725
232.758
232.801
232.838
232.86
232.878
232.906
232.935
232.968
232.999
233.025
233.066
233.123
233.145
233.14
233.138
233.175
233.164
233.201
233.23
233.262
233.211
233.215
233.166
233.089
233.06
233.01
232.962
232.941
232.949
232.908
232.906
232.871
232.837
232.807
232.824
232.812
232.785
232.772
232.725
232.683
232.63
232.579
232.517
232.455
232.42
232.399
232.321
232.3
232.276
232.245
232.193
232.155
232.119
232.068
232.022
231.97
231.92
231.847
231.786
231.724
231.646
231.511
231.435
231.351
231.275
231.198
231.113
230.996
230.918
230.805
230.696
230.61
230.52
230.485
230.374
230.277
230.181
230.125
230.088
230.049
230.001
229.908
229.847
229.835
229.764
229.635
229.512
229.433
229.289
229.209
229.107
229.008
228.908
228.878
228.863
228.806
228.754
228.735
228.677
228.644
228.569
228.497
228.454
228.45
228.537
228.677
228.797
228.887
228.994
229.089
229.167
229.165
229.159
229.191
229.181
229.166
229.143
229.087
229.033
228.931
228.901
228.876
228.832
228.827
228.773
228.756
228.74
228.686
228.668
228.619
228.593
228.612
228.605
228.555
228.551
228.529
228.538
228.58
228.693
228.831
228.995
229.155
229.354
229.57
229.79
229.978
230.144
230.326
230.458
230.593
230.759
230.852
230.973
231.1
231.225
231.34
231.445
231.57
231.649
231.736
231.834
231.89
232.024
232.134
232.235
232.308
232.412
232.487
232.583
232.673
232.775
232.905
233.024
233.132
233.238
233.352
233.504
233.635
233.745
233.854
233.968
234.031
234.085
234.129
234.179
234.218
234.25
234.264
234.294
234.281
234.254
234.236
234.205
234.18
234.153
234.126
234.1
234.058
234.082
234.091
234.12
234.126
234.128
234.124
234.12
234.102
234.06
234.014
233.96
233.903
233.836
233.766
233.696
233.619
233.577
233.501
233.452
233.303
233.185
233.112
233.03
232.955
232.83
232.768
232.655
232.563
232.471
232.367
232.288
232.173
232.077
231.945
231.845
231.741
231.625
231.498
231.427
231.352
231.269
231.184
231.091
230.997
230.898
230.804
230.726
230.688
230.642
230.58
230.541
230.477
230.41
230.331
230.264
230.194
230.103
230.016
229.934
229.815
229.721
229.628
229.541
229.432
229.288
229.114
228.995
228.852
228.679
228.545
228.344
228.18
228.052
227.905
227.763
227.644
227.517
227.396
227.276
227.124
226.999
226.865
226.757
226.639
226.522
226.426
226.331
226.234
226.161
226.136
226.073
226.018
225.927
225.871
225.768
225.812
225.83
225.875
225.917
225.948
226.028
226.107
226.142
226.225
226.254
226.309
226.401
226.434
226.514
226.617
226.698
226.839
226.869
226.889
227.055
227.215
227.368
227.551
227.773
228.028
228.309
228.632
228.91
229.189
229.454
229.691
229.956
230.2
230.359
230.608
230.836
231.042
231.29
231.502
231.717
231.963
232.17
232.386
232.616
232.785
232.986
233.157
233.331
233.464
233.607
233.752
233.844
234.001
234.083
234.16
234.225
234.341
234.405
234.485
234.506
234.548
234.587
234.643
234.674
234.73
234.716
234.716
234.721
234.68
234.673
234.635
234.568
234.515
234.444
234.35
234.304
234.207
234.109
234.035
233.904
233.852
233.693
233.603
233.527
233.442
233.315
233.2
233.101
232.987
232.838
232.728
232.577
232.47
232.326
232.207
232.084
231.947
231.78
231.625
231.473
231.32
231.153
231.005
230.861
230.741
230.605
230.459
230.326
230.187
230
229.827
229.667
229.49
229.296
229.134
228.961
228.765
228.595
228.401
228.235
228.125
228.002
227.941
227.887
227.783
227.711
227.657
227.579
227.491
227.428
227.362
227.227
227.181
227.14
227.102
227.074
227.053
227.024
226.992
226.9
226.873
226.893
226.921
226.971
227.002
227.073
227.18
227.272
227.392
227.515
227.642
227.757
227.87
227.973
228.078
228.176
228.277
228.366
228.457
228.538
228.621
228.737
228.859
228.928
229.029
229.113
229.193
229.358
229.457
229.621
229.75
229.871
229.993
230.073
230.186
230.232
230.353
230.41
230.536
230.62
230.665
230.707
230.734
230.752
230.778
230.845
230.876
230.858
230.92
230.971
231.012
231.076
231.143
231.215
231.237
231.284
231.299
231.327
231.385
231.38
231.418
231.481
231.463
231.474
231.491
231.503
231.532
231.575
231.605
231.657
231.647
231.663
231.675
231.684
231.68
231.704
231.7
231.692
231.685
231.699
231.682
231.698
231.707
231.693
231.668
231.691
231.673
231.691
231.686
231.683
231.685
231.664
231.672
231.631
231.597
231.572
231.546
231.515
231.481
231.451
231.376
231.334
231.302
231.186
231.112
231.041
230.983
230.933
230.847
230.803
230.788
230.751
230.683
230.675
230.599
230.613
230.559
230.505
230.489
230.447
230.411
230.378
230.383
230.363
230.296
230.258
230.226
230.178
230.204
230.176
230.151
230.161
230.105
230.037
230.047
230.068
230.168
230.234
230.342
230.429
230.455
230.482
230.545
230.591
230.76
230.881
231.013
231.119
231.221
231.304
231.374
231.461
231.507
231.548
231.602
231.635
231.718
231.797
231.867
231.925
231.994
232.048
232.097
232.101
232.081
232.108
232.037
232.064
232.018
231.981
231.953
231.954
231.98
231.938
231.989
231.988
232.008
232.142
232.255
232.362
232.442
232.614
232.598
232.639
232.648
232.685
232.751
232.833
232.902
232.967
233.055
233.155
233.18
233.34
233.469
233.593
233.677
233.773
233.839
233.893
233.958
234.045
234.159
234.218
234.242
234.252
234.236
234.204
234.176
234.176
234.15
234.122
234.08
234.054
234.005
233.964
233.881
233.814
233.744
233.62
233.549
233.446
233.344
233.252
233.172
233.081
232.988
232.885
232.773
232.67
232.546
232.442
232.319
232.189
232.067
231.937
231.828
231.697
231.56
231.409
231.227
231.086
230.985
230.911
230.78
230.671
230.575
230.471
230.361
230.257
230.145
230.014
229.891
229.766
229.641
229.511
229.37
229.246
229.159
229.068
228.924
228.805
228.678
228.54
228.448
228.343
228.274
228.164
228.059
227.904
227.796
227.693
227.587
227.538
227.497
227.468
227.434
227.401
227.326
227.303
227.258
227.229
227.169
227.163
227.139
227.094
227.055
226.979
226.926
226.98
227.052
227.105
227.216
227.28
227.365
227.476
227.548
227.639
227.758
227.802
227.9
228
228.073
228.155
228.262
228.361
228.448
228.547
228.627
228.659
228.777
228.933
229.055
229.209
229.354
229.432
229.561
229.64
229.74
229.828
229.917
230.001
230.045
230.088
230.138
230.178
230.268
230.32
230.331
230.418
230.466
230.469
230.459
230.507
230.556
230.617
230.752
230.884
230.989
231.073
231.16
231.285
231.415
231.585
231.722
231.875
232.015
232.126
232.248
232.37
232.456
232.52
232.584
232.646
232.699
232.739
232.801
232.813
232.812
232.822
232.837
232.803
232.758
232.719
232.716
232.739
232.778
232.81
232.766
232.783
232.79
232.796
232.801
232.748
232.764
232.766
232.732
232.734
232.669
232.666
232.636
232.614
232.54
232.508
232.504
232.535
232.613
232.619
232.665
232.715
232.743
232.736
232.733
232.721
232.719
232.721
232.746
232.759
232.764
232.771
232.75
232.73
232.704
232.677
232.633
232.586
232.525
232.46
232.39
232.316
232.236
232.199
232.169
232.165
232.114
232.091
232.045
231.923
231.863
231.774
231.644
231.531
231.359
231.255
231.146
231.037
230.872
230.737
230.59
230.45
230.295
230.122
229.988
229.928
229.802
229.687
229.591
229.46
229.305
229.185
229.033
228.888
228.874
228.906
228.965
228.967
228.92
228.879
228.835
228.775
228.703
228.671
228.586
228.516
228.478
228.399
228.381
228.398
228.462
228.515
228.509
228.563
228.615
228.618
228.683
228.742
228.782
228.837
228.834
228.911
228.931
228.997
229.02
229.052
229.131
229.317
229.398
229.536
229.663
229.729
229.88
230.075
230.253
230.444
230.61
230.764
230.896
231.003
231.11
231.205
231.331
231.391
231.465
231.491
231.571
231.612
231.635
231.671
231.659
231.702
231.704
231.699
231.668
231.649
231.64
231.568
231.491
231.395
231.344
231.264
231.215
231.149
231.052
231.058
231.091
231.215
231.336
231.436
231.517
231.604
231.715
231.786
231.84
231.871
231.921
231.992
232.041
232.094
232.127
232.149
232.175
232.208
232.227
232.257
232.26
232.302
232.312
232.306
232.304
232.295
232.271
232.242
232.254
232.259
232.241
232.233
232.192
232.154
232.086
231.982
231.9
231.812
231.686
231.541
231.388
231.24
231.088
230.927
230.754
230.62
230.463
230.425
230.348
230.272
230.167
230.091
230.043
230
229.959
229.912
229.857
229.849
229.781
229.777
229.732
229.691
229.648
229.616
229.647
229.796
229.93
230.114
230.267
230.394
230.537
230.654
230.794
230.882
230.938
231.054
231.133
231.31
231.467
231.626
231.733
231.806
231.883
231.943
231.996
232.099
232.194
232.222
232.242
232.253
232.255
232.252
232.23
232.199
232.165
232.121
232.04
231.997
231.954
231.851
231.806
231.743
231.644
231.564
231.466
231.412
231.321
231.199
231.086
230.971
230.867
230.82
230.839
230.808
230.763
230.747
230.728
230.695
230.669
230.643
230.545
230.456
230.322
230.164
230.032
229.914
229.886
229.863
229.869
229.88
229.831
229.804
229.781
229.758
229.69
229.667
229.627
229.523
229.551
229.631
229.662
229.732
229.752
229.75
229.776
229.768
229.738
229.661
229.617
229.582
229.597
229.611
229.638
229.642
229.616
229.539
229.531
229.439
229.373
229.342
229.302
229.275
229.259
229.233
229.246
229.235
229.241
229.245
229.238
229.216
229.138
229.059
228.989
228.924
228.876
228.874
228.874
228.859
228.841
228.821
228.799
228.8
228.809
228.813
228.845
228.906
228.937
229.035
229.057
229.083
229.086
229.06
229.044
229.063
229.111
229.15
229.186
229.196
229.236
229.28
229.226
229.249
229.279
229.25
229.268
229.272
229.274
229.264
229.325
229.364
229.43
229.538
229.607
229.656
229.742
229.802
230.005
230.097
230.184
230.3
230.344
230.401
230.491
230.569
230.597
230.618
230.685
230.708
230.7
230.693
230.691
230.758
230.748
230.769
230.776
230.766
230.857
230.911
230.948
230.971
230.985
231.01
231.07
230.999
230.971
230.955
230.875
230.817
230.793
230.747
230.7
230.667
230.611
230.582
230.485
230.462
230.405
230.355
230.437
230.527
230.595
230.681
230.762
230.822
230.9
230.962
231.011
231.092
231.239
231.354
231.477
231.548
231.695
231.811
231.954
232.094
232.212
232.337
232.374
232.427
232.475
232.53
232.627
232.627
232.648
232.679
232.728
232.748
232.739
232.731
232.73
232.691
232.672
232.677
232.684
232.676
232.662
232.644
232.605
232.559
232.551
232.547
232.556
232.548
232.557
232.531
232.508
232.48
232.451
232.417
232.383
232.352
232.281
232.233
232.194
232.125
232.058
232.004
231.935
231.891
231.803
231.75
231.71
231.631
231.561
231.508
231.445
231.386
231.297
231.247
231.167
231.072
230.914
230.756
230.799
230.806
230.771
230.876
230.946
230.964
230.983
231.011
231.023
231.031
231.009
230.996
230.982
230.924
230.9
230.821
230.723
230.683
230.619
230.593
230.579
230.609
230.614
230.605
230.556
230.558
230.561
230.542
230.466
230.383
230.332
230.283
230.232
230.172
230.125
230.077
229.997
229.955
229.911
229.856
229.76
229.694
229.624
229.539
229.491
229.442
229.304
229.213
229.085
228.987
228.877
228.802
228.701
228.586
228.502
228.369
228.282
228.145
228.02
227.928
227.832
227.71
227.617
227.501
227.406
227.298
227.162
227.073
226.952
226.848
226.806
226.697
226.62
226.548
226.515
226.666
226.875
227.028
227.201
227.355
227.533
227.676
227.79
227.951
228.084
228.181
228.264
228.38
228.47
228.666
228.845
228.93
229.08
229.22
229.326
229.418
229.549
229.657
229.764
229.882
229.933
230.002
230.1
230.193
230.234
230.277
230.286
230.316
230.362
230.384
230.368
230.41
230.426
230.401
230.436
230.519
230.586
230.694
230.811
230.885
231.002
231.115
231.219
231.364
231.469
231.566
231.673
231.783
231.864
231.972
232.122
232.228
232.346
232.469
232.57
232.657
232.752
232.821
232.879
232.97
233.054
233.125
233.17
233.202
233.233
233.258
233.272
233.308
233.29
233.306
233.288
233.3
233.346
233.397
233.436
233.471
233.498
233.54
233.566
233.583
233.594
233.599
233.589
233.566
233.556
233.53
233.488
233.46
233.504
233.572
233.615
233.645
233.682
233.7
233.711
233.717
233.721
233.709
233.684
233.672
233.637
233.622
233.578
233.536
233.481
233.429
233.379
233.306
233.232
233.156
233.084
233.007
232.927
232.811
232.693
232.58
232.467
232.35
232.232
232.113
231.992
231.855
231.752
231.636
231.475
231.305
231.17
231.036
230.898
230.76
230.619
230.48
230.37
230.238
230.142
230.044
229.948
229.851
229.75
229.643
229.594
229.541
229.48
229.395
229.324
229.247
229.209
229.18
229.139
229.086
229.021
228.936
228.849
228.757
228.659
228.558
228.454
228.341
228.237
228.16
228.102
228.039
227.974
227.897
227.825
227.744
227.666
227.577
227.463
227.392
227.312
227.242
227.163
227.091
226.98
226.921
226.825
226.744
226.661
226.553
226.475
226.391
226.318
226.2
226.133
226.077
226.079
226.068
226.06
226.077
226.065
226.089
226.071
226.098
226.086
226.09
226.097
226.103
226.111
226.119
226.16
226.166
226.15
226.227
226.275
226.353
226.442
226.5
226.527
226.657
226.825
226.962
227.138
227.288
227.403
227.666
227.926
228.171
228.471
228.714
228.974
229.238
229.449
229.677
229.906
230.075
230.307
230.481
230.694
230.853
231.007
231.159
231.333
231.562
231.78
231.952
232.115
232.25
232.425
232.559
232.71
232.84
232.978
233.112
233.233
233.348
233.462
233.565
233.667
233.756
233.84
233.961
234.1
234.201
234.271
234.376
234.456
234.524
234.534
234.57
234.578
234.682
234.807
234.97
235.054
235.192
235.359
235.487
235.614
235.727
235.814
235.938
236.007
236.085
236.145
236.234
236.299
236.345
236.37
236.413
236.436
236.435
236.443
236.432
236.402
236.385
236.309
236.229
236.132
236.009
235.929
235.823
235.715
235.647
235.529
235.418
235.294
235.166
235.029
234.935
234.812
234.683
234.549
234.428
234.322
234.145
233.983
233.818
233.65
233.499
233.324
233.159
233.015
232.84
232.688
232.546
232.407
232.261
232.093
231.921
231.743
231.564
231.392
231.195
231.022
230.824
230.642
230.444
230.258
230.068
229.883
229.702
229.566
229.45
229.331
229.203
229.083
228.957
228.824
228.692
228.565
228.442
228.311
228.185
228.057
227.927
227.788
227.653
227.528
227.396
227.275
227.128
227.053
226.964
226.899
226.863
226.855
226.841
226.818
226.804
226.775
226.737
226.76
226.858
226.901
227.005
227.046
227.077
227.059
227.04
227.01
227.006
226.974
226.952
226.978
226.999
227.022
227.04
227.068
227.078
227.082
227.098
227.107
227.158
227.148
227.211
227.225
227.254
227.242
227.271
227.209
227.267
227.256
227.198
227.236
227.224
227.215
227.225
227.172
227.163
227.15
227.133
227.114
227.116
227.117
227.137
227.17
227.254
227.335
227.421
227.482
227.549
227.617
227.67
227.744
227.785
227.865
228.1
228.306
228.529
228.809
229.082
229.348
229.608
229.859
230.089
230.313
230.528
230.718
230.92
231.14
231.328
231.548
231.787
232.003
232.235
232.485
232.723
232.957
233.172
233.391
233.599
233.8
234.051
234.288
234.496
234.709
234.91
235.094
235.284
235.461
235.63
235.833
235.991
236.154
236.295
236.395
236.509
236.636
236.743
236.828
236.929
236.997
237.068
237.111
237.154
237.21
237.25
237.261
237.277
237.289
237.279
237.259
237.241
237.2
237.15
237.094
237.01
236.933
236.847
236.769
236.669
236.592
236.507
236.394
236.306
236.193
236.087
235.971
235.841
235.71
235.586
235.424
235.299
235.163
235.011
234.85
234.702
234.533
234.354
234.176
234.002
233.826
233.633
233.425
233.214
233.012
232.808
232.601
232.393
232.183
231.972
231.759
231.517
231.291
231.059
230.845
230.62
230.385
230.147
229.931
229.696
229.479
229.258
229.036
228.81
228.571
228.334
228.099
227.859
227.723
227.629
227.523
227.428
227.338
227.243
227.163
227.053
226.981
226.886
226.807
226.713
226.639
226.562
226.472
226.4
226.322
226.36
226.413
226.45
226.507
226.535
226.58
226.592
226.614
226.633
226.635
226.637
226.627
226.624
226.613
226.657
226.69
226.647
226.606
226.545
226.53
226.476
226.465
226.439
226.558
226.64
226.646
226.716
226.936
227.044
227.192
227.276
227.352
227.478
227.452
227.45
227.483
227.475
227.409
227.475
227.466
227.461
227.494
227.499
227.613
227.767
227.837
227.995
228.16
228.289
228.416
228.487
228.613
228.68
228.789
228.808
228.92
229.156
229.326
229.44
229.63
229.824
229.984
230.165
230.269
230.426
230.547
230.696
230.837
230.944
231.027
231.116
231.24
231.369
231.464
231.58
231.673
231.779
231.895
231.987
232.062
232.167
232.234
232.3
232.343
232.368
232.367
232.363
232.354
232.337
232.328
232.282
232.25
232.262
232.304
232.251
232.223
232.246
232.243
232.22
232.175
232.157
232.144
232.077
232.07
232.043
231.992
231.959
231.939
231.893
231.842
231.818
231.875
231.92
231.96
231.981
231.997
231.932
231.867
231.844
231.838
231.816
231.785
231.806
231.839
231.867
231.91
231.935
231.926
231.992
232.039
232.068
232.105
232.103
232.1
232.075
232.064
232.163
232.203
232.276
232.32
232.343
232.369
232.38
232.405
232.472
232.527
232.64
232.715
232.807
232.888
232.921
232.985
233.052
233.063
233.086
233.131
233.138
233.129
233.096
233.057
233.018
232.961
232.909
232.855
232.798
232.731
232.662
232.57
232.505
232.416
232.334
232.249
232.135
231.986
231.833
231.717
231.545
231.377
231.228
231.073
230.921
230.823
230.652
230.57
230.492
230.415
230.344
230.265
230.184
230.101
230.012
229.963
229.862
229.803
229.733
229.652
229.545
229.459
229.432
229.413
229.392
229.33
229.291
229.245
229.252
229.28
229.346
229.412
229.445
229.486
229.517
229.541
229.579
229.649
229.789
229.893
230.021
230.131
230.22
230.313
230.411
230.48
230.542
230.621
230.694
230.741
230.791
230.842
230.9
230.936
230.973
230.983
231.008
231.012
231.017
230.998
231.006
231.06
231.104
231.129
231.16
231.174
231.17
231.179
231.077
231.037
230.999
230.948
230.886
230.872
230.863
230.84
230.765
230.742
230.647
230.622
230.581
230.557
230.406
230.293
230.182
230.095
230.014
229.895
229.825
229.71
229.605
229.525
229.429
229.35
229.246
229.163
228.811
228.584
228.531
228.529
228.533
228.529
228.521
228.507
228.495
228.521
228.614
228.66
228.715
228.782
228.869
228.903
228.979
229.02
229.046
229.113
229.144
229.135
229.102
229.087
229.131
229.136
229.153
229.116
229.087
229.14
229.1
229.094
229.116
229.078
229.05
229.051
229.03
228.996
228.949
228.913
228.913
228.873
228.865
228.831
228.826
228.872
228.965
229.013
229.028
229.033
229.04
229.052
229.054
229.15
229.28
229.361
229.468
229.569
229.673
229.771
229.926
230.076
230.229
230.357
230.49
230.613
230.747
230.883
230.971
231.107
231.214
231.316
231.406
231.498
231.581
231.662
231.736
231.805
231.836
231.909
231.959
232
232.036
232.065
232.122
232.155
232.182
232.172
232.204
232.228
232.22
232.272
232.344
232.382
232.462
232.556
232.639
232.711
232.772
232.83
232.901
232.984
233.05
233.113
233.141
233.171
233.191
233.208
233.218
233.222
233.218
233.214
233.167
233.086
233.022
232.977
232.892
232.848
232.812
232.754
232.736
232.679
232.637
232.601
232.548
232.492
232.433
232.371
232.314
232.311
232.283
232.242
232.215
232.152
232.107
232.055
231.96
231.93
231.987
232.036
232.069
232.104
232.123
232.132
232.159
232.195
232.233
232.231
232.234
232.24
232.243
232.245
232.193
232.194
232.168
232.125
232.076
232.038
231.968
231.985
232.005
231.98
231.961
231.925
231.865
231.853
231.754
231.706
231.656
231.592
231.504
231.424
231.309
231.212
231.098
230.971
230.882
230.772
230.637
230.525
230.411
230.287
230.183
230.058
229.965
229.868
229.732
229.599
229.479
229.316
229.197
229.094
228.955
228.938
228.947
228.968
228.957
228.937
228.917
228.884
228.849
228.839
228.789
228.791
228.749
228.748
228.726
228.664
228.593
228.543
228.549
228.617
228.649
228.671
228.679
228.694
228.634
228.591
228.506
228.451
228.445
228.494
228.557
228.617
228.626
228.656
228.657
228.617
228.53
228.45
228.512
228.593
228.693
228.777
228.879
228.987
229.07
229.165
229.273
229.362
229.474
229.556
229.606
229.693
229.763
229.826
229.934
229.96
229.997
230.025
230.039
230.062
230.078
230.086
230.092
230.054
230.06
230.039
230.039
230.022
230.013
230.044
230.039
230.022
230.047
230.014
230.026
230.013
230.067
230.17
230.233
230.335
230.485
230.593
230.707
230.807
230.904
231.066
231.197
231.268
231.424
231.533
231.671
231.797
231.905
231.979
232.101
232.188
232.194
232.209
232.212
232.212
232.243
232.24
232.254
232.212
232.185
232.185
232.148
232.125
232.108
232.046
231.97
231.897
231.869
231.781
231.73
231.75
231.712
231.547
231.398
231.282
231.121
231.03
230.908
230.765
230.64
230.486
230.364
230.247
230.128
230.013
229.848
229.722
229.534
229.39
229.236
229.092
228.953
228.835
228.72
228.642
228.597
228.524
228.465
228.393
228.365
228.411
228.481
228.5
228.489
228.506
228.51
228.497
228.507
228.509
228.499
228.493
228.561
228.553
228.605
228.64
228.68
228.735
228.817
228.914
229.001
229.056
229.126
229.197
229.286
229.339
229.425
229.482
229.521
229.603
229.601
229.672
229.746
229.794
229.886
229.917
229.952
229.979
230.052
230.201
230.363
230.513
230.647
230.771
230.857
230.952
231.082
231.186
231.278
231.362
231.446
231.487
231.553
231.613
231.636
231.678
231.688
231.69
231.72
231.726
231.736
231.724
231.744
231.715
231.727
231.71
231.706
231.7
231.703
231.668
231.616
231.587
231.519
231.428
231.363
231.253
231.159
231.097
231.076
231.034
231.063
231.039
231.046
231.061
231.073
231.042
231.016
231.051
231.027
231.001
230.978
230.972
230.936
230.873
230.852
230.838
230.88
230.926
231.036
231.087
231.212
231.322
231.388
231.47
231.533
231.597
231.671
231.679
231.681
231.698
231.767
231.801
231.819
231.867
231.927
231.964
231.969
231.986
231.985
232
232.007
232.001
231.994
231.961
231.951
231.922
231.863
231.849
231.795
231.732
231.69
231.628
231.554
231.493
231.369
231.282
231.181
231.174
231.201
231.219
231.274
231.304
231.383
231.311
231.343
231.334
231.327
231.353
231.389
231.406
231.427
231.443
231.451
231.404
231.377
231.374
231.355
231.42
231.499
231.538
231.561
231.58
231.568
231.567
231.573
231.521
231.481
231.436
231.398
231.349
231.304
231.261
231.219
231.17
231.119
231.133
231.146
231.124
231.099
231.067
231.058
231.026
231.014
231.053
231.055
231.121
231.167
231.208
231.223
231.207
231.248
231.279
231.387
231.53
231.667
231.803
231.917
231.996
232.072
232.115
232.171
232.202
232.271
232.265
232.292
232.363
232.391
232.415
232.457
232.465
232.445
232.473
232.459
232.273
232.225
232.192
232.114
232.051
232.018
231.95
231.888
231.792
231.711
231.615
231.552
231.439
231.325
231.211
231.132
231.076
231.013
230.926
230.843
230.81
230.731
230.673
230.594
230.495
230.393
230.326
230.266
230.227
230.147
230.091
230.03
229.932
229.818
229.773
229.763
229.717
229.735
229.718
229.685
229.702
229.673
229.692
229.606
229.583
229.579
229.525
229.516
229.478
229.471
229.469
229.437
229.407
229.442
229.409
229.408
229.399
229.458
229.588
229.653
229.702
229.792
229.84
229.881
229.877
229.875
229.931
229.957
229.959
229.989
229.992
229.994
229.952
230.032
230.093
230.201
230.3
230.374
230.39
230.426
230.475
230.465
230.495
230.49
230.504
230.488
230.463
230.459
230.412
230.389
230.36
230.328
230.294
230.246
230.196
230.179
230.112
230.045
230.029
230.007
229.96
229.9
229.847
229.756
229.64
229.528
229.481
229.418
229.33
229.271
229.195
229.127
229.034
228.979
228.92
228.91
228.875
228.863
228.885
228.879
229.078
229.303
229.512
229.701
229.861
230.012
230.134
230.26
230.434
230.58
230.774
230.879
231.019
231.125
231.193
231.21
231.297
231.316
231.32
231.377
231.381
231.439
231.457
231.494
231.508
231.553
231.539
231.524
231.506
231.48
231.455
231.422
231.388
231.353
231.313
231.263
231.216
231.166
231.111
231.054
230.992
230.931
230.883
230.831
230.778
230.774
230.749
230.721
230.694
230.658
230.615
230.604
230.638
230.664
230.654
230.649
230.66
230.679
230.653
230.647
230.64
230.628
230.61
230.594
230.58
230.54
230.517
230.492
230.484
230.454
230.414
230.364
230.342
230.297
230.25
230.202
230.146
230.095
230.07
230.035
230.109
230.124
230.18
230.246
230.268
230.298
230.295
230.321
230.318
230.28
230.309
230.33
230.278
230.308
230.283
230.261
230.235
230.214
230.267
230.348
230.493
230.608
230.691
230.744
230.813
230.871
230.947
231
231.064
231.122
231.171
231.217
231.258
231.294
231.312
231.319
231.323
231.321
231.317
231.313
231.344
231.343
231.327
231.357
231.338
231.314
231.285
231.25
231.213
231.17
231.118
231.062
231
230.936
230.866
230.79
230.72
230.652
230.632
230.609
230.596
230.599
230.571
230.539
230.508
230.491
230.444
230.387
230.334
230.276
230.239
230.2
230.177
230.162
230.104
230.112
230.101
230.064
230.041
229.982
229.924
229.865
229.741
229.69
229.702
229.857
230.027
230.201
230.301
230.451
230.605
230.69
230.762
230.837
230.904
230.933
230.939
230.944
230.996
231.051
231.044
231.083
231.12
231.152
231.18
231.245
231.317
231.386
231.442
231.492
231.532
231.553
231.53
231.499
231.452
231.44
231.424
231.486
231.491
231.493
231.516
231.566
231.609
231.65
231.686
231.662
231.628
231.616
231.597
231.542
231.548
231.554
231.556
231.552
231.548
231.539
231.489
231.475
231.49
231.442
231.408
231.388
231.368
231.344
231.303
231.279
231.241
231.213
231.185
231.141
231.09
231.061
231.016
230.959
230.9
230.842
230.779
230.711
230.639
230.562
230.48
230.4
230.294
230.208
230.144
230.062
230.011
230.001
230.027
230.003
230.014
230.003
229.972
229.948
230.012
230.067
230.108
230.166
230.157
230.231
230.253
230.339
230.379
230.417
230.439
230.469
230.451
230.511
230.575
230.609
230.629
230.674
230.704
230.758
230.805
230.888
230.927
230.976
231.002
231.029
231.093
231.131
231.13
231.176
231.196
231.194
231.196
231.21
231.199
231.19
231.274
231.371
231.446
231.553
231.71
231.796
231.921
232.001
232.084
232.169
232.226
232.301
232.367
232.49
232.591
232.652
232.754
232.803
232.852
232.9
232.973
233.006
233.065
233.089
233.107
233.124
233.134
233.135
233.109
233.055
232.964
232.932
232.819
232.728
232.634
232.514
232.37
232.235
232.132
231.994
231.91
231.857
231.734
231.621
231.529
231.37
231.304
231.214
231.097
230.991
230.913
230.828
230.746
230.652
230.536
230.448
230.356
230.267
230.214
230.19
230.144
230.107
230.067
230.022
229.968
229.904
229.879
229.889
229.801
229.771
229.702
229.617
229.555
229.474
229.403
229.276
229.196
229.099
229.013
228.924
228.877
228.825
228.768
228.717
228.655
228.608
228.548
228.522
228.469
228.412
228.346
228.285
228.219
228.145
228.084
228.035
227.948
227.893
227.89
227.947
227.974
228.023
228.078
228.081
228.153
228.172
228.092
228.001
227.96
227.951
227.953
227.977
227.97
228.017
228.056
228.058
228.062
228.08
228.014
227.977
227.957
228.058
228.153
228.197
228.236
228.294
228.297
228.398
228.49
228.541
228.622
228.727
228.837
228.93
229.042
229.12
229.224
229.365
229.482
229.583
229.696
229.82
229.906
230.016
230.105
230.194
230.277
230.355
230.43
230.512
230.569
230.739
230.823
230.925
230.981
231.048
231.082
231.094
231.097
231.105
231.047
231.085
231.165
231.257
231.372
231.449
231.547
231.638
231.729
231.81
231.894
231.968
232.038
232.096
232.148
232.192
232.227
232.256
232.241
232.211
232.218
232.235
232.246
232.254
232.235
232.247
232.235
232.242
232.236
232.159
232.092
232.049
232.018
231.974
231.945
231.935
231.896
231.883
231.858
231.848
231.863
231.875
231.868
231.85
231.861
231.842
231.859
231.835
231.827
231.833
231.821
231.859
231.923
231.987
232.07
232.124
232.15
232.187
232.206
232.242
232.285
232.335
232.379
232.467
232.551
232.589
232.633
232.701
232.722
232.748
232.782
232.812
232.838
232.825
232.829
232.869
232.826
232.813
232.806
232.782
232.697
232.624
232.549
232.472
232.5
232.504
232.51
232.488
232.477
232.422
232.346
232.266
232.212
232.143
232.062
231.989
231.94
231.863
231.789
231.694
231.604
231.537
231.452
231.374
231.298
231.221
231.137
231.051
231.014
230.974
230.934
230.889
230.884
230.864
230.85
230.787
230.753
230.726
230.668
230.588
230.498
230.427
230.385
230.354
230.358
230.359
230.369
230.39
230.37
230.369
230.376
230.352
230.332
230.365
230.384
230.403
230.426
230.417
230.436
230.457
230.445
230.424
230.428
230.408
230.352
230.32
230.285
230.228
230.164
230.093
230.052
230.011
229.931
229.884
229.834
229.761
229.682
229.621
229.554
229.45
229.376
229.35
229.317
229.287
229.242
229.232
229.168
229.146
229.125
229.075
229.034
228.997
228.948
228.882
228.834
228.774
228.686
228.612
228.51
228.421
228.316
228.21
228.166
228.109
228.052
228
227.923
227.885
227.845
227.801
227.746
227.701
227.663
227.62
227.6
227.616
227.611
227.636
227.634
227.602
227.496
227.436
227.364
227.325
227.238
227.187
227.089
227.023
226.964
226.887
226.822
226.784
226.726
226.69
226.698
226.69
226.685
226.711
226.702
226.825
226.957
227.11
227.225
227.387
227.546
227.666
227.795
227.948
228.105
228.27
228.447
228.628
228.937
229.167
229.39
229.647
229.91
230.169
230.409
230.63
230.771
230.996
231.219
231.388
231.594
231.792
231.985
232.159
232.343
232.536
232.702
232.86
233
233.15
233.29
233.434
233.605
233.723
233.841
233.976
234.006
234.076
234.062
234.087
234.105
234.158
234.255
234.39
234.528
234.684
234.787
234.881
234.945
235.006
235.072
235.142
235.181
235.268
235.28
235.335
235.349
235.337
235.36
235.361
235.358
235.34
235.261
235.206
235.129
235.094
235.046
234.996
234.923
234.858
234.783
234.726
234.695
234.637
234.574
234.527
234.433
234.369
234.248
234.175
234.063
233.949
233.83
233.709
233.583
233.458
233.362
233.27
233.167
233.068
232.986
232.913
232.847
232.762
232.67
232.57
232.476
232.38
232.245
232.123
232.009
231.889
231.758
231.634
231.513
231.389
231.274
231.151
231.023
230.905
230.771
230.637
230.489
230.339
230.192
230.035
229.87
229.72
229.553
229.402
229.248
229.088
228.964
228.852
228.738
228.583
228.463
228.389
228.328
228.248
228.166
228.111
228.013
227.907
227.87
227.943
227.968
228.007
228.075
228.085
228.089
228.071
228.064
228.017
228.103
228.193
228.289
228.364
228.389
228.439
228.505
228.548
228.585
228.668
228.705
228.766
228.822
228.886
228.922
228.934
228.969
228.996
229.005
229.012
229.039
229.051
229.042
229.123
229.169
229.223
229.263
229.32
229.329
229.381
229.383
229.407
229.41
229.413
229.414
229.427
229.471
229.467
229.453
229.458
229.467
229.453
229.43
229.439
229.401
229.382
229.364
229.457
229.531
229.641
229.719
229.826
229.948
230.078
230.175
230.293
230.409
230.565
230.723
230.861
231.016
231.162
231.271
231.391
231.492
231.588
231.775
231.907
232.011
232.132
232.239
232.354
232.485
232.615
232.732
232.844
232.967
233.071
233.162
233.286
233.35
233.403
233.478
233.57
233.641
233.764
233.841
233.89
233.906
233.893
233.854
233.827
233.762
233.746
233.681
233.637
233.56
233.484
233.423
233.35
233.308
233.253
233.207
233.165
233.1
233.036
233.003
232.925
232.873
232.787
232.73
232.623
232.516
232.412
232.286
232.189
232.079
232.026
231.929
231.86
231.76
231.678
231.567
231.493
231.387
231.277
231.172
231.076
230.961
230.839
230.677
230.534
230.382
230.234
230.087
229.947
229.793
229.684
229.598
229.506
229.428
229.469
229.492
229.468
229.482
229.501
229.448
229.398
229.349
229.297
229.22
229.168
229.153
229.093
229.029
228.964
228.897
228.873
228.802
228.837
228.87
228.851
228.829
228.807
228.784
228.764
228.735
228.667
228.683
228.671
228.679
228.67
228.749
228.866
228.915
228.915
228.941
228.973
228.963
228.962
228.978
228.937
228.923
228.887
228.847
228.848
228.869
228.886
228.902
228.896
229.008
229.109
229.193
229.309
229.389
229.492
229.611
229.695
229.755
229.832
229.879
229.955
230.026
230.136
230.235
230.296
230.343
230.389
230.43
230.533
230.63
230.723
230.809
230.894
230.959
231.024
231.082
231.136
231.144
231.176
231.18
231.217
231.245
231.26
231.23
231.243
231.231
231.196
231.148
231.112
231.053
230.984
230.911
230.861
230.804
230.724
230.652
230.571
230.476
230.409
230.335
230.238
230.143
230.041
229.939
229.802
229.677
229.551
229.397
229.279
229.133
228.946
228.825
228.679
228.593
228.455
228.286
228.137
227.996
227.875
227.776
227.66
227.533
227.453
227.387
227.337
227.288
227.247
227.22
227.192
227.168
227.098
227.042
227.02
227.002
226.979
226.967
226.961
226.959
226.933
226.918
226.936
226.946
226.96
227.034
227.097
227.205
227.316
227.434
227.541
227.638
227.768
227.934
228.068
228.202
228.347
228.467
228.605
228.72
228.855
228.983
229.202
229.44
229.677
229.925
230.162
230.409
230.63
230.844
231.068
231.322
231.526
231.737
231.931
232.097
232.264
232.42
232.576
232.735
232.891
233.07
233.208
233.339
233.467
233.546
233.663
233.769
233.826
233.935
234.062
234.172
234.253
234.356
234.455
234.567
234.669
234.744
234.815
234.892
234.942
234.959
235.014
235.061
235.096
235.109
235.166
235.251
235.358
235.424
235.5
235.529
235.589
235.628
235.653
235.652
235.669
235.679
235.684
235.701
235.652
235.617
235.581
235.527
235.487
235.435
235.366
235.283
235.188
235.108
234.999
234.897
234.844
234.785
234.701
234.584
234.461
234.355
234.24
234.133
234.016
233.92
233.777
233.679
233.527
233.411
233.264
233.159
233.017
232.874
232.731
232.568
232.403
232.265
232.085
231.936
231.785
231.63
231.465
231.299
231.112
230.937
230.772
230.609
230.443
230.272
230.097
229.926
229.728
229.533
229.353
229.172
228.991
228.808
228.623
228.443
228.269
228.121
228.006
227.891
227.79
227.721
227.611
227.504
227.391
227.287
227.187
227.08
226.982
226.892
226.811
226.724
226.574
226.3
226.216
226.178
226.22
226.26
226.227
226.177
226.084
226.069
226.048
226.045
226.072
226.093
226.102
226.103
226.102
226.098
226.094
226.088
226.087
226.171
226.285
226.439
226.551
226.771
226.959
227.132
227.312
227.463
227.59
227.71
227.823
227.931
228.035
228.133
228.227
228.317
228.471
228.609
228.702
228.846
228.986
229.102
229.223
229.367
229.512
229.609
229.726
229.855
229.945
230.011
230.105
230.154
230.248
230.318
230.375
230.444
230.46
230.528
230.574
230.656
230.751
230.842
230.928
231.01
231.089
231.161
231.23
231.234
231.248
231.253
231.253
231.228
231.205
231.184
231.156
231.114
231.112
231.106
231.198
231.292
231.391
231.479
231.559
231.63
231.697
231.715
231.737
231.747
231.744
231.818
231.832
231.906
231.938
231.997
232.057
232.125
232.243
232.329
232.419
232.55
232.512
232.596
232.665
232.811
232.947
233.065
233.189
233.301
233.408
233.53
233.623
233.708
233.787
233.851
233.918
233.976
234.03
234.075
234.112
234.147
234.175
234.161
234.152
234.156
234.128
234.113
234.123
234.101
234.062
234.02
233.981
233.908
233.846
233.794
233.732
233.657
233.588
233.53
233.445
233.391
233.32
233.233
233.175
233.119
233.039
233.013
232.943
232.874
232.782
232.697
232.628
232.6
232.582
232.525
232.505
232.43
232.376
232.345
232.252
232.182
232.052
231.988
231.888
231.743
231.621
231.519
231.404
231.348
231.223
231.162
231.092
230.985
230.883
230.794
230.703
230.611
230.517
230.411
230.318
230.275
230.261
230.244
230.199
230.119
230.054
229.949
229.843
229.73
229.606
229.481
229.353
229.225
229.096
228.97
228.85
228.725
228.607
228.486
228.362
228.183
228.065
227.879
227.754
227.638
227.578
227.535
227.488
227.442
227.395
227.344
227.302
227.246
227.177
227.084
227.017
226.95
226.887
226.817
226.82
226.82
226.792
226.806
226.796
226.745
226.709
226.649
226.67
226.699
226.733
226.713
226.71
226.732
226.75
226.798
226.793
226.769
226.795
226.837
226.849
226.912
226.923
227.071
227.188
227.245
227.301
227.391
227.483
227.533
227.665
227.756
227.842
227.915
228.037
228.117
228.152
228.173
228.186
228.186
228.188
228.252
228.225
228.26
228.305
228.308
228.362
228.468
228.602
228.695
228.829
228.955
229.103
229.226
229.328
229.444
229.525
229.646
229.773
229.884
229.992
230.093
230.249
230.314
230.423
230.538
230.623
230.711
230.851
230.996
231.183
231.367
231.538
231.699
231.849
231.993
232.128
232.253
232.337
232.438
232.546
232.597
232.689
232.798
233.019
233.357
233.685
234.001
234.303
234.59
234.891
235.147
235.407
235.649
235.881
236.102
236.31
236.51
236.718
236.869
237.021
237.153
237.264
237.405
237.508
237.638
237.745
237.839
237.942
238.025
238.105
238.202
238.287
238.33
238.402
238.466
238.503
238.558
238.614
238.636
238.663
238.691
238.69
238.687
238.682
238.673
238.653
238.627
238.594
238.548
238.496
238.437
238.373
238.303
238.232
238.166
238.125
238.099
238.064
238.021
237.971
237.915
237.851
237.785
237.713
237.643
237.505
237.409
237.294
237.165
237.031
236.926
236.808
236.704
236.56
236.47
236.332
236.2
236.11
235.999
235.939
235.833
235.734
235.603
235.478
235.342
235.196
235.109
234.967
234.876
234.838
234.809
234.814
234.833
234.83
234.851
234.872
234.889
234.896
234.905
234.913
234.922
234.93
234.937
234.946
234.954
234.965
234.976
234.988
234.997
235.004
235.008
235.013
235.014
235.008
235.001
235.022
235.075
235.136
235.156
235.198
235.232
235.337
235.6
235.848
236.108
236.319
236.58
236.737
236.942
237.101
237.237
237.393
237.555
237.686
237.917
238.13
238.308
238.505
238.683
238.999
239.244
239.45
239.615
239.758
239.881
240.048
240.161
240.234
240.373
240.461
240.581
240.661
240.813
240.883
240.957
241.063
241.084
241.176
241.256
241.385
241.475
241.554
241.634
241.693
241.748
241.796
241.871
241.978
242.15
242.317
242.476
242.625
242.748
242.886
243.017
243.14
243.247
243.295
243.357
243.432
243.472
243.52
243.562
243.585
243.613
243.65
243.668
243.621
243.579
243.569
243.53
243.513
243.486
243.4
243.326
243.338
243.311
243.309
243.287
243.321
243.305
243.324
243.326
243.324
243.353
243.424
243.484
243.57
243.584
243.641
243.689
243.71
243.789
243.832
243.851
243.893
243.886
243.905
243.821
243.788
243.762
243.699
243.701
243.837
243.992
244.094
244.206
244.325
244.422
244.551
244.575
244.626
244.678
244.699
244.765
244.781
244.816
244.815
244.814
244.838
244.877
244.889
244.911
244.978
244.992
244.985
245.005
244.971
244.986
244.968
244.942
244.913
244.856
244.814
244.768
244.835
244.857
244.861
244.841
244.892
244.869
244.821
244.441
244.299
244.219
244.207
244.182
244.122
244.075
244.023
243.965
243.91
243.836
243.748
243.559
243.406
243.301
243.181
243.112
242.948
242.891
242.771
242.65
242.555
242.437
242.337
242.2
242.098
242.106
242.159
242.239
242.315
242.37
242.423
242.501
242.555
242.552
242.608
242.636
242.649
242.658
242.671
242.757
242.842
242.908
242.991
243.063
243.118
243.141
243.192
243.242
243.269
243.318
243.359
243.377
243.395
243.369
243.367
243.466
243.592
243.693
243.793
243.875
243.973
244.03
244.113
244.184
244.265
244.328
244.383
244.446
244.445
244.475
244.477
244.45
244.45
244.46
244.398
244.4
244.396
244.387
244.373
244.355
244.331
244.292
244.264
244.236
244.202
244.162
244.12
244.069
244.031
243.99
243.941
243.891
243.829
243.773
243.713
243.653
243.629
243.628
243.621
243.572
243.563
243.536
243.539
243.495
243.463
243.437
243.457
243.576
243.685
243.761
243.767
243.861
243.944
243.984
244.046
243.973
243.997
243.972
243.931
243.886
243.835
243.781
243.725
243.689
243.65
243.605
243.562
243.561
243.571
243.576
243.571
243.547
243.523
243.493
243.463
243.433
243.45
243.434
243.451
243.428
243.45
243.467
243.482
243.491
243.495
243.494
243.47
243.454
243.445
243.414
243.388
243.358
243.367
243.459
243.546
243.633
243.716
243.788
243.857
243.917
243.971
244.021
244.059
244.088
244.112
244.131
244.145
244.152
244.155
244.147
244.132
244.151
244.206
244.256
244.301
244.342
244.377
244.407
244.434
244.451
244.465
244.476
244.492
244.494
244.491
244.483
244.472
244.448
244.421
244.375
244.339
244.299
244.26
244.262
244.276
244.285
244.289
244.286
244.277
244.263
244.239
244.212
244.199
244.132
244.107
244.075
244.056
244.077
244.085
244.081
244.127
244.161
244.211
244.269
244.3
244.326
244.343
244.381
244.377
244.376
244.383
244.401
244.386
244.412
244.468
244.514
244.593
244.672
244.729
244.767
244.72
244.808
244.893
244.969
245.036
245.087
245.129
245.155
245.172
245.183
245.191
245.188
245.181
245.159
245.139
245.113
245.061
245.015
244.964
244.901
244.831
244.733
244.627
244.512
244.396
244.282
244.166
244.049
243.915
243.81
243.701
243.59
243.481
243.376
243.261
243.148
243.036
243.003
242.96
242.913
242.869
242.824
242.783
242.744
242.712
242.673
242.629
242.612
242.576
242.552
242.495
242.399
242.337
242.222
242.162
242.219
242.237
242.302
242.4
242.456
242.545
242.643
242.727
242.799
242.831
242.896
242.945
242.999
243.062
243.139
243.181
243.21
243.258
243.302
243.351
243.372
243.345
243.332
243.363
243.457
243.534
243.585
243.593
243.651
243.722
243.768
243.827
243.879
243.925
243.964
244.002
244.031
244.061
244.092
244.232
244.384
244.53
244.664
244.804
244.928
245.048
245.157
245.25
245.324
245.336
245.34
245.34
245.337
245.329
245.319
245.327
245.415
245.6
245.755
245.843
245.91
246.018
246.089
246.127
246.186
246.233
246.302
246.38
246.39
246.431
246.482
246.522
246.546
246.544
246.569
246.577
246.593
246.61
246.622
246.68
246.689
246.689
246.72
246.704
246.689
246.681
246.737
246.829
246.898
246.94
246.993
247.043
247.029
247.01
247.008
247.035
247.025
246.966
246.951
246.953
246.944
246.901
246.913
246.904
246.886
246.842
246.833
246.794
246.752
246.701
246.662
246.6
246.526
246.479
246.406
246.336
246.264
246.197
246.106
246.037
245.968
245.901
245.786
245.694
245.602
245.509
245.463
245.409
245.355
245.299
245.239
245.151
245.052
244.952
244.847
244.738
244.615
244.517
244.397
244.276
244.126
243.998
243.855
244.009
244.197
244.393
244.565
244.739
244.905
245.059
245.228
245.402
245.57
245.748
245.948
246.144
246.376
246.603
246.828
247.049
247.156
247.344
247.592
247.82
248.075
248.317
248.525
248.78
248.957
249.191
249.406
249.737
250.107
250.495
250.908
251.323
251.723
252.114
252.603
253.152
253.692
254.214
254.721
255.216
255.736
256.31
256.877
257.416
257.977
258.562
259.095
259.6
260.076
260.556
261.015
261.527
262.024
262.507
263.012
263.48
263.922
264.35
264.767
265.147
265.538
265.917
266.28
266.634
266.981
267.321
267.648
267.961
268.262
268.549
268.824
269.088
269.331
269.509
269.694
269.88
270.039
270.176
270.321
270.471
270.577
270.695
270.824
270.99
271.102
271.248
271.383
271.486
271.614
271.742
271.859
271.942
272.034
272.132
272.185
272.245
272.236
272.241
272.296
272.474
272.706
272.881
273.072
273.264
273.415
273.581
273.768
273.883
274.079
274.211
274.405
274.555
274.698
274.881
275.069
275.2
275.366
275.514
275.67
275.84
275.993
276.168
276.476
276.754
277.107
277.457
277.788
278.165
278.613
279.043
279.438
279.841
280.203
280.557
280.876
281.181
281.504
281.803
282.059
282.328
282.618
283.041
283.55
284.03
284.51
284.982
285.401
285.838
286.392
286.907
287.403
287.897
288.379
288.81
289.263
289.637
290.048
290.429
290.769
291.13
291.458
291.752
292.065
292.379
292.623
292.884
293.134
293.428
293.699
293.949
294.12
294.331
294.502
294.677
294.795
294.954
295.058
295.193
295.313
295.362
295.428
295.463
295.515
295.558
295.594
295.63
295.647
295.671
295.697
295.711
295.383
295.354
295.353
295.358
295.356
295.334
295.327
295.313
295.286
295.256
295.235
295.197
295.152
295.209
295.297
295.37
295.452
295.533
295.605
295.675
295.751
295.484
295.481
295.553
295.61
295.662
295.72
295.768
295.826
295.58
295.543
295.602
295.668
295.623
295.602
295.654
295.717
295.765
295.807
295.864
295.964
296.047
296.134
296.208
296.286
296.356
296.448
296.873
297.549
297.977
298.369
298.766
299.33
299.887
300.378
300.858
301.328
301.811
302.22
302.707
303.243
303.768
304.376
304.97
305.553
306.131
306.709
307.311
307.908
308.496
309.072
309.648
310.219
310.781
311.34
311.892
312.436
312.964
313.491
314.004
314.506
314.997
315.477
315.948
316.464
316.974
317.476
317.969
318.454
318.938
319.416
319.888
320.316
320.743
321.204
321.661
322.113
322.559
323.001
323.439
323.868
324.271
324.675
325.069
325.466
325.981
326.504
327.017
327.518
328.008
328.487
328.958
329.416
329.867
330.308
330.739
331.16
331.575
331.978
332.374
332.758
333.132
333.499
333.859
334.208
334.553
334.89
335.216
335.538
335.857
336.172
336.347
336.519
336.83
337.137
337.443
337.745
338.046
338.345
338.594
338.755
339.041
339.323
339.592
339.847
340.098
340.342
340.584
340.74
340.852
341.077
341.3
341.523
341.742
341.956
342.166
342.37
342.572
342.769
342.807
342.922
343.111
343.298
343.48
343.658
343.835
344.006
344.172
344.335
344.495
344.652
344.805
344.957
345.107
345.258
345.41
345.563
345.717
345.873
346.032
346.193
346.358
346.525
346.695
346.866
347.039
347.21
347.379
347.54
347.696
347.857
348.017
