48.9593
2.26599e+07
0
0
0
125.968
130.375
138.075
138.785
139.772
140.854
140.854
140.848
140.841
140.827
140.813
140.794
140.771
140.749
140.725
140.707
140.684
140.658
140.617
140.573
140.53
140.485
140.44
140.383
140.322
140.259
140.218
140.172
140.13
140.089
140.055
140.019
139.987
139.933
139.883
139.828
139.771
139.713
139.654
139.582
139.519
139.446
139.383
139.31
139.246
139.194
139.133
139.063
138.986
138.907
138.818
138.729
138.657
138.577
138.507
138.421
138.311
138.219
138.129
138.024
137.899
137.776
137.683
137.603
137.52
137.432
137.339
137.235
137.134
137.023
136.916
136.801
136.686
136.566
136.458
136.353
136.25
136.126
135.997
135.86
135.752
135.654
135.55
135.45
135.343
135.228
135.105
135
134.889
134.694
134.582
134.51
134.429
134.341
134.26
134.18
134.089
133.995
133.911
133.734
133.479
133.394
133.291
133.211
133.134
133.042
132.948
132.87
132.785
132.688
132.604
132.519
132.415
132.321
132.23
132.115
132.014
131.911
131.798
131.695
131.59
131.478
131.368
131.258
131.151
131.034
130.916
130.801
130.679
130.548
130.43
130.308
130.173
130.035
129.915
129.782
129.662
129.534
129.4
129.272
129.154
129.026
128.91
128.803
128.687
128.556
128.438
128.307
128.186
128.053
127.934
127.804
127.649
127.52
127.391
127.252
127.105
126.991
126.902
126.779
126.663
126.572
126.467
126.354
126.26
126.14
126.01
125.906
125.796
125.667
125.553
125.44
125.339
125.225
125.109
124.978
124.848
124.753
124.649
124.543
124.453
124.384
124.296
124.188
124.11
124.022
123.916
123.807
123.723
123.612
123.491
123.394
123.286
123.172
123.063
122.965
122.859
122.743
122.638
122.527
122.404
122.297
122.186
122.046
121.921
121.789
121.66
121.533
121.396
121.267
121.14
121.01
120.878
120.74
120.604
120.482
120.353
120.214
120.083
119.942
119.873
119.805
119.73
119.65
119.587
119.498
119.414
119.334
119.266
119.188
119.106
119.026
118.945
118.857
118.78
118.695
118.606
118.515
118.428
118.342
118.238
118.134
118.043
117.949
117.84
117.734
117.647
117.545
117.446
117.336
117.217
117.08
116.961
116.844
116.732
116.609
116.498
116.383
116.27
116.155
116.045
115.927
115.811
115.702
115.593
115.479
115.364
115.288
115.201
115.101
115.014
114.926
114.848
114.764
114.65
114.568
114.481
114.261
114.158
114.045
113.956
113.878
113.808
113.732
113.632
113.566
113.491
113.427
113.357
113.277
113.217
113.13
113.053
112.991
112.906
112.828
112.733
112.661
112.576
112.481
112.391
112.305
112.211
112.133
112.035
111.941
111.855
111.772
111.677
111.585
111.513
111.421
111.347
111.267
111.196
111.12
111.041
110.98
110.912
110.835
110.757
110.689
110.622
110.575
110.493
110.438
110.367
110.308
110.255
110.205
110.165
110.176
110.195
110.244
110.27
110.312
110.338
110.347
110.361
110.346
110.335
110.332
110.337
110.337
110.343
110.366
110.334
110.287
110.275
110.239
110.204
110.183
110.161
110.146
110.12
110.152
110.151
110.167
110.193
110.221
110.23
110.257
110.268
110.281
110.296
110.302
110.322
110.328
110.325
110.324
110.34
110.352
110.339
110.343
110.345
110.34
110.34
110.349
110.333
110.34
110.338
110.33
110.348
110.361
110.343
110.348
110.359
110.372
110.392
110.425
110.415
110.384
110.368
110.352
110.336
110.328
110.331
110.311
110.312
110.309
110.32
110.331
110.346
110.364
110.372
110.394
110.361
110.375
110.397
110.416
110.423
110.427
110.431
110.438
110.451
110.483
110.499
110.523
110.551
110.603
110.635
110.682
110.733
110.787
110.846
110.921
110.982
110.995
111.048
111.161
111.225
111.302
111.457
111.579
111.691
111.806
111.919
112.07
112.185
112.327
112.452
112.584
112.686
112.826
112.965
113.088
113.211
113.34
113.461
113.562
113.677
113.779
113.875
114.003
114.141
114.242
114.355
114.477
114.613
114.748
114.873
115.009
115.137
115.265
115.381
115.499
115.607
115.704
115.808
115.909
115.98
116.066
116.146
116.23
116.317
116.4
116.483
116.541
116.625
116.716
116.787
116.866
116.934
116.978
117.04
117.097
117.152
117.191
117.234
117.261
117.258
117.262
117.301
117.322
117.343
117.356
117.366
117.366
117.332
117.328
117.32
117.282
117.267
117.25
117.235
117.196
117.168
117.149
117.108
117.07
117.043
116.993
116.962
116.933
116.88
116.846
116.798
116.763
116.711
116.649
116.604
116.56
116.502
116.451
116.401
116.378
116.356
116.356
116.358
116.345
116.315
116.298
116.25
116.233
116.212
116.197
116.165
116.151
116.114
116.093
116.062
116.047
116.041
116.036
116.033
116.036
116.036
116.023
115.995
115.972
115.933
115.91
115.878
115.861
115.821
115.799
115.765
115.726
115.702
115.689
115.651
115.618
115.619
115.613
115.588
115.572
115.554
115.533
115.51
115.491
115.476
115.472
115.463
115.451
115.434
115.406
115.392
115.38
115.325
115.301
115.277
115.236
115.189
115.147
115.127
115.101
115.069
115.045
115.016
114.983
114.965
114.944
114.917
114.891
114.882
114.876
114.859
114.857
114.866
114.872
114.886
114.907
114.925
114.934
114.938
114.966
114.976
114.999
115.019
115.027
115.031
115.047
115.057
115.039
115.037
115.028
115.03
115.028
115.019
115.022
114.995
114.978
114.959
114.949
114.935
114.926
114.891
114.856
114.835
114.815
114.801
114.763
114.736
114.713
114.68
114.661
114.659
114.66
114.627
114.59
114.561
114.507
114.475
114.425
114.383
114.343
114.299
114.253
114.201
114.156
114.113
114.082
114.044
113.997
113.953
113.92
113.873
113.829
113.798
113.744
113.718
113.698
113.665
113.656
113.643
113.596
113.584
113.559
113.526
113.52
113.507
113.468
113.43
113.417
113.395
113.349
113.34
113.377
113.402
113.447
113.485
113.52
113.526
113.546
113.558
113.543
113.542
113.512
113.483
113.462
113.465
113.468
113.463
113.456
113.451
113.453
113.445
113.406
113.375
113.332
113.282
113.235
113.196
113.164
113.105
113.07
113.062
113.04
113.023
112.996
112.979
112.936
112.909
112.861
112.838
112.782
112.732
112.685
112.638
112.584
112.538
112.484
112.45
112.421
112.388
112.396
112.404
112.417
112.435
112.449
112.45
112.468
112.472
112.464
112.441
112.415
112.421
112.41
112.398
112.361
112.378
112.353
112.352
112.351
112.331
112.342
112.345
112.376
112.393
112.401
112.441
112.444
112.477
112.497
112.49
112.511
112.52
112.551
112.557
112.556
112.613
112.629
112.633
112.646
112.686
112.688
112.694
112.756
112.803
112.831
112.846
112.838
112.829
112.808
112.796
112.81
112.804
112.801
112.829
112.855
112.912
113.014
113.088
113.15
113.215
113.29
113.377
113.427
113.483
113.557
113.637
113.673
113.724
113.769
113.794
113.833
113.858
113.899
113.906
113.935
113.966
114.03
114.054
114.084
114.103
114.116
114.126
114.123
114.135
114.147
114.146
114.172
114.244
114.296
114.355
114.423
114.49
114.554
114.585
114.612
114.63
114.662
114.689
114.703
114.731
114.75
114.757
114.787
114.805
114.813
114.803
114.816
114.823
114.837
114.85
114.884
114.927
114.96
114.989
115.015
115.003
115.016
115.024
115.04
115.075
115.092
115.12
115.153
115.155
115.199
115.214
115.243
115.272
115.299
115.308
115.339
115.395
115.43
115.465
115.506
115.539
115.569
115.591
115.615
115.624
115.653
115.697
115.799
115.876
115.949
116.03
116.083
116.11
116.137
116.16
116.176
116.21
116.22
116.239
116.253
116.258
116.263
116.252
116.247
116.257
116.29
116.334
116.379
116.428
116.462
116.507
116.526
116.547
116.554
116.585
116.619
116.657
116.685
116.688
116.728
116.743
116.762
116.789
116.815
116.849
116.842
116.847
116.835
116.817
116.833
116.88
116.899
116.922
116.94
116.947
116.976
116.987
117.006
117.056
117.074
117.093
117.107
117.147
117.191
117.212
117.228
117.257
117.284
117.297
117.313
117.33
117.351
117.33
117.317
117.3
117.262
117.211
117.181
117.17
117.186
117.242
117.281
117.3
117.331
117.351
117.365
117.374
117.395
117.379
117.366
117.337
117.335
117.309
117.293
117.266
117.243
117.236
117.197
117.176
117.152
117.099
117.076
117.05
117.024
116.993
116.956
116.908
116.887
116.858
116.829
116.807
116.784
116.746
116.709
116.648
116.614
116.576
116.533
116.503
116.466
116.413
116.36
116.325
116.279
116.229
116.177
116.112
116.051
115.994
115.933
115.879
115.813
115.752
115.683
115.63
115.569
115.487
115.42
115.345
115.284
115.211
115.14
115.081
115.033
114.955
114.896
114.85
114.779
114.713
114.657
114.592
114.532
114.461
114.43
114.366
114.301
114.246
114.189
114.135
114.07
114.023
113.974
113.914
113.848
113.799
113.727
113.689
113.662
113.649
113.642
113.63
113.617
113.603
113.586
113.565
113.564
113.554
113.533
113.486
113.465
113.446
113.416
113.378
113.371
113.341
113.338
113.332
113.333
113.315
113.286
113.264
113.268
113.261
113.237
113.227
113.223
113.208
113.194
113.2
113.174
113.15
113.156
113.122
113.11
113.096
113.059
113.035
113.017
112.999
112.962
112.937
112.92
112.873
112.84
112.827
112.8
112.747
112.726
112.708
112.67
112.621
112.608
112.571
112.536
112.495
112.467
112.422
112.375
112.354
112.319
112.269
112.228
112.197
112.152
112.092
112.063
112.038
111.982
111.937
111.939
111.917
111.896
111.907
111.888
111.864
111.848
111.838
111.826
111.793
111.804
111.805
111.801
111.795
111.796
111.793
111.786
111.763
111.759
111.738
111.722
111.702
111.692
111.682
111.641
111.597
111.567
111.53
111.505
111.509
111.479
111.452
111.454
111.423
111.397
111.405
111.379
111.37
111.357
111.362
111.339
111.329
111.339
111.32
111.311
111.325
111.323
111.375
111.442
111.487
111.532
111.571
111.63
111.654
111.702
111.764
111.819
111.82
111.887
111.924
111.936
111.956
111.996
112.022
112.023
112.069
112.114
112.156
112.24
112.322
112.372
112.441
112.533
112.623
112.668
112.73
112.808
112.863
112.906
112.953
113.036
113.086
113.116
113.183
113.242
113.299
113.329
113.386
113.44
113.469
113.53
113.567
113.61
113.64
113.685
113.717
113.731
113.77
113.799
113.832
113.836
113.872
113.887
113.898
113.925
113.958
113.969
113.995
114.027
114.021
114.052
114.091
114.11
114.146
114.174
114.216
114.225
114.252
114.26
114.275
114.271
114.273
114.289
114.288
114.247
114.236
114.203
114.186
114.156
114.138
114.111
114.09
114.079
114.057
114.01
114
113.995
114.025
114.017
114.002
113.991
113.991
113.969
113.975
113.968
113.934
113.93
113.914
113.91
113.873
113.883
113.863
113.839
113.845
113.845
113.812
113.776
113.778
113.737
113.712
113.713
113.711
113.681
113.68
113.673
113.662
113.66
113.66
113.637
113.646
113.614
113.599
113.573
113.544
113.522
113.505
113.47
113.423
113.375
113.322
113.288
113.244
113.214
113.184
113.152
113.123
113.098
113.071
113.032
113
112.976
112.94
112.937
112.94
112.929
112.941
112.933
112.928
112.925
112.937
112.896
112.872
112.868
112.834
112.834
112.832
112.82
112.848
112.827
112.836
112.881
112.935
112.974
113.025
113.067
113.101
113.129
113.181
113.213
113.249
113.28
113.308
113.341
113.376
113.394
113.424
113.452
113.475
113.503
113.514
113.553
113.562
113.574
113.587
113.597
113.612
113.62
113.619
113.662
113.689
113.732
113.766
113.79
113.818
113.844
113.855
113.855
113.867
113.879
113.886
113.896
113.901
113.899
113.912
113.917
113.926
113.93
113.899
113.876
113.846
113.81
113.787
113.807
113.822
113.831
113.848
113.851
113.855
113.857
113.851
113.825
113.81
113.744
113.699
113.656
113.595
113.583
113.559
113.535
113.501
113.493
113.487
113.527
113.533
113.586
113.602
113.604
113.643
113.665
113.666
113.681
113.682
113.658
113.64
113.63
113.6
113.58
113.577
113.556
113.56
113.564
113.591
113.605
113.605
113.609
113.629
113.653
113.665
113.683
113.682
113.725
113.726
113.739
113.747
113.754
113.775
113.772
113.774
113.763
113.795
113.781
113.776
113.777
113.765
113.742
113.755
113.732
113.695
113.693
113.722
113.747
113.732
113.748
113.765
113.771
113.777
113.798
113.804
113.805
113.807
113.794
113.836
113.865
113.894
113.921
113.979
113.99
114.015
114.058
114.077
114.101
114.105
114.134
114.135
114.12
114.116
114.103
114.096
114.097
114.093
114.085
114.071
114.073
114.085
114.088
114.1
114.106
114.124
114.147
114.176
114.194
114.214
114.224
114.24
114.227
114.262
114.25
114.251
114.279
114.285
114.295
114.302
114.343
114.329
114.344
114.338
114.375
114.361
114.35
114.36
114.363
114.404
114.466
114.55
114.62
114.659
114.682
114.72
114.758
114.781
114.825
114.862
114.881
114.926
114.957
114.999
115.034
115.046
115.096
115.131
115.144
115.173
115.221
115.254
115.252
115.294
115.331
115.335
115.375
115.396
115.421
115.438
115.462
115.479
115.495
115.513
115.523
115.532
115.551
115.551
115.571
115.614
115.627
115.64
115.662
115.667
115.654
115.623
115.666
115.669
115.687
115.721
115.779
115.819
115.879
115.894
115.942
115.936
115.957
115.973
115.982
115.988
116.008
116.052
116.067
116.09
116.107
116.074
116.069
116.048
116.006
115.96
115.943
115.909
115.873
115.835
115.794
115.747
115.702
115.662
115.62
115.553
115.479
115.408
115.331
115.265
115.195
115.121
115.054
114.984
114.945
114.881
114.822
114.747
114.684
114.61
114.541
114.474
114.463
114.45
114.461
114.464
114.466
114.51
114.57
114.585
114.606
114.645
114.688
114.716
114.747
114.798
114.868
114.908
114.955
114.997
115.044
115.086
115.12
115.132
115.159
115.169
115.199
115.2
115.199
115.208
115.211
115.212
115.191
115.19
115.219
115.195
115.212
115.208
115.203
115.188
115.198
115.206
115.207
115.192
115.203
115.187
115.19
115.218
115.245
115.271
115.275
115.313
115.36
115.367
115.408
115.43
115.449
115.444
115.454
115.473
115.453
115.474
115.476
115.477
115.469
115.476
115.478
115.468
115.471
115.477
115.47
115.472
115.47
115.473
115.449
115.447
115.449
115.438
115.456
115.477
115.512
115.504
115.512
115.522
115.509
115.526
115.522
115.486
115.474
115.472
115.459
115.455
115.423
115.407
115.379
115.356
115.368
115.335
115.328
115.336
115.343
115.297
115.286
115.276
115.231
115.214
115.171
115.17
115.181
115.21
115.214
115.228
115.256
115.296
115.336
115.408
115.483
115.544
115.612
115.678
115.744
115.796
115.852
115.9
115.951
115.996
116.025
116.051
116.067
116.082
116.111
116.119
116.152
116.179
116.196
116.218
116.235
116.244
116.245
116.254
116.258
116.284
116.302
116.332
116.365
116.382
116.389
116.409
116.427
116.446
116.445
116.437
116.426
116.416
116.413
116.385
116.38
116.364
116.358
116.336
116.317
116.294
116.261
116.244
116.216
116.197
116.183
116.166
116.143
116.118
116.086
116.063
116.01
115.975
115.948
115.938
115.918
115.898
115.885
115.854
115.834
115.816
115.774
115.772
115.769
115.756
115.74
115.727
115.703
115.681
115.652
115.625
115.594
115.56
115.525
115.489
115.436
115.395
115.353
115.308
115.27
115.238
115.191
115.11
115.048
114.99
114.924
114.847
114.781
114.712
114.618
114.525
114.439
114.338
114.254
114.162
114.056
113.958
113.851
113.753
113.657
113.552
113.44
113.334
113.238
113.122
113.022
112.926
112.812
112.712
112.616
112.508
112.419
112.33
112.234
112.152
112.079
112.008
111.934
111.877
111.822
111.768
111.712
111.667
111.617
111.569
111.526
111.473
111.486
111.528
111.576
111.687
111.735
111.828
111.92
112.001
112.08
112.163
112.237
112.316
112.41
112.503
112.57
112.643
112.679
112.725
112.783
112.825
112.897
112.969
113.05
113.116
113.181
113.244
113.297
113.358
113.399
113.445
113.502
113.563
113.587
113.622
113.619
113.635
113.648
113.652
113.644
113.643
113.675
113.717
113.747
113.781
113.83
113.881
113.857
113.811
113.797
113.785
113.75
113.716
113.683
113.646
113.592
113.532
113.498
113.448
113.395
113.348
113.299
113.252
113.175
113.125
113.07
113.004
112.949
112.89
112.823
112.788
112.727
112.677
112.609
112.565
112.531
112.461
112.406
112.35
112.302
112.253
112.174
112.101
112.035
111.942
111.918
111.867
111.819
111.737
111.713
111.69
111.642
111.586
111.534
111.471
111.427
111.393
111.323
111.282
111.261
111.213
111.161
111.132
111.104
111.058
111.011
110.995
110.971
110.936
110.893
110.848
110.843
110.837
110.791
110.767
110.743
110.716
110.683
110.659
110.631
110.599
110.58
110.549
110.527
110.501
110.487
110.438
110.424
110.403
110.389
110.351
110.329
110.307
110.269
110.256
110.235
110.204
110.2
110.212
110.201
110.215
110.223
110.237
110.251
110.255
110.261
110.294
110.318
110.35
110.373
110.389
110.42
110.45
110.499
110.521
110.558
110.59
110.633
110.704
110.739
110.783
110.827
110.871
110.899
110.947
110.988
111.041
111.048
111.085
111.123
111.157
111.201
111.237
111.268
111.295
111.356
111.361
111.391
111.41
111.452
111.463
111.5
111.548
111.625
111.684
111.704
111.754
111.756
111.774
111.818
111.83
111.866
111.921
111.967
112.004
112.121
112.185
112.26
112.319
112.37
112.423
112.478
112.524
112.54
112.589
112.646
112.681
112.705
112.779
112.823
112.854
112.932
112.983
113.024
113.071
113.137
113.169
113.228
113.293
113.354
113.418
113.469
113.531
113.566
113.625
113.679
113.752
113.79
113.844
113.876
113.93
113.992
114.064
114.142
114.212
114.31
114.374
114.437
114.5
114.568
114.627
114.681
114.721
114.765
114.788
114.858
114.893
114.971
115.052
115.123
115.182
115.242
115.303
115.376
115.472
115.565
115.639
115.706
115.767
115.847
115.941
116.024
116.11
116.189
116.258
116.321
116.366
116.411
116.453
116.517
116.595
116.633
116.681
116.702
116.739
116.769
116.804
116.813
116.83
116.853
116.902
116.898
116.909
116.908
116.916
116.904
116.892
116.93
116.929
116.946
116.957
116.941
116.939
116.949
116.955
116.907
116.886
116.847
116.816
116.774
116.749
116.726
116.712
116.7
116.684
116.637
116.608
116.596
116.59
116.608
116.618
116.63
116.657
116.647
116.619
116.625
116.611
116.603
116.587
116.573
116.572
116.567
116.568
116.562
116.555
116.541
116.548
116.53
116.513
116.512
116.49
116.481
116.453
116.433
116.408
116.415
116.443
116.475
116.488
116.529
116.563
116.591
116.619
116.638
116.646
116.664
116.673
116.661
116.654
116.685
116.689
116.694
116.688
116.674
116.67
116.68
116.688
116.672
116.666
116.661
116.653
116.639
116.63
116.619
116.611
116.574
116.571
116.562
116.577
116.568
116.555
116.554
116.549
116.528
116.514
116.344
116.352
116.364
116.336
116.329
116.302
116.286
116.275
116.239
116.233
116.208
116.202
116.17
116.15
116.17
116.137
116.164
116.143
116.148
116.137
116.151
116.106
116.093
116.064
116.056
116.054
116.024
116.002
115.962
115.951
115.923
115.905
115.888
115.882
115.857
115.829
115.822
115.799
115.734
115.722
115.671
115.621
115.58
115.549
115.493
115.451
115.435
115.371
115.324
115.282
115.221
115.179
115.146
115.083
115.032
114.977
114.92
114.847
114.768
114.718
114.657
114.593
114.549
114.492
114.434
114.364
114.317
114.239
114.195
114.128
114.07
114.005
113.953
113.877
113.796
113.744
113.695
113.606
113.543
113.482
113.423
113.34
113.28
113.23
113.158
113.102
113.039
112.987
112.916
112.846
112.799
112.733
112.654
112.598
112.558
112.487
112.427
112.373
112.3
112.228
112.178
112.13
112.05
112.018
112.006
111.982
111.968
111.966
111.95
111.908
111.908
111.898
111.869
111.845
111.833
111.846
111.81
111.809
111.828
111.831
111.832
111.84
111.837
111.827
111.846
111.864
111.876
111.881
111.885
111.876
111.875
111.886
111.9
111.923
111.939
111.945
111.972
112.023
112.038
112.086
112.107
112.134
112.16
112.192
112.216
112.236
112.258
112.305
112.343
112.367
112.391
112.43
112.457
112.474
112.514
112.548
112.559
112.569
112.598
112.57
112.531
112.493
112.465
112.459
112.451
112.45
112.449
112.448
112.44
112.428
112.41
112.405
112.401
112.375
112.381
112.368
112.373
112.402
112.42
112.445
112.44
112.457
112.462
112.467
112.477
112.484
112.497
112.501
112.511
112.538
112.538
112.545
112.553
112.561
112.562
112.61
112.646
112.695
112.69
112.712
112.728
112.697
112.719
112.735
112.737
112.738
112.733
112.747
112.735
112.734
112.749
112.736
112.742
112.734
112.737
112.712
112.696
112.698
112.676
112.648
112.638
112.599
112.583
112.596
112.564
112.554
112.579
112.588
112.566
112.577
112.611
112.596
112.608
112.602
112.595
112.576
112.576
112.598
112.603
112.598
112.614
112.605
112.608
112.622
112.617
112.622
112.663
112.743
112.797
112.87
112.923
112.943
112.971
112.992
113.013
113.033
113.062
113.1
113.123
113.175
113.204
113.244
113.267
113.298
113.326
113.385
113.429
113.466
113.527
113.588
113.648
113.716
113.781
113.837
113.902
113.96
114
114.052
114.107
114.14
114.202
114.244
114.277
114.327
114.351
114.347
114.369
114.44
114.504
114.562
114.606
114.709
114.757
114.846
114.894
114.984
115.03
115.09
115.135
115.183
115.239
115.274
115.334
115.39
115.472
115.522
115.566
115.63
115.688
115.721
115.762
115.806
115.834
115.876
115.893
115.924
115.925
115.958
115.984
115.994
115.998
116.019
116.071
116.1
116.14
116.199
116.24
116.269
116.312
116.345
116.391
116.404
116.453
116.477
116.514
116.53
116.561
116.598
116.586
116.607
116.65
116.658
116.663
116.672
116.71
116.69
116.719
116.748
116.731
116.726
116.719
116.725
116.673
116.662
116.654
116.624
116.598
116.577
116.549
116.515
116.485
116.452
116.421
116.39
116.353
116.335
116.301
116.257
116.224
116.186
116.149
116.098
116.086
116.009
115.947
115.909
115.851
115.786
115.729
115.659
115.606
115.537
115.478
115.419
115.346
115.288
115.246
115.194
115.171
115.134
115.101
115.068
115.03
114.994
114.972
114.941
114.896
114.854
114.837
114.792
114.745
114.727
114.692
114.635
114.594
114.562
114.526
114.51
114.482
114.428
114.389
114.339
114.314
114.268
114.234
114.188
114.14
114.111
114.073
114.017
114.009
113.962
113.948
113.937
113.897
113.869
113.838
113.803
113.759
113.714
113.73
113.748
113.739
113.739
113.732
113.731
113.716
113.709
113.703
113.727
113.729
113.737
113.754
113.765
113.743
113.75
113.753
113.758
113.791
113.78
113.788
113.784
113.764
113.776
113.757
113.752
113.759
113.75
113.738
113.718
113.721
113.742
113.771
113.793
113.829
113.883
113.905
113.932
113.97
114.004
114.038
114.074
114.069
114.07
114.104
114.109
114.129
114.131
114.134
114.15
114.18
114.215
114.241
114.247
114.262
114.268
114.262
114.246
114.257
114.259
114.249
114.265
114.255
114.245
114.241
114.233
114.217
114.192
114.176
114.125
114.111
114.074
114.05
114.008
113.979
113.942
113.901
113.851
113.809
113.757
113.714
113.647
113.596
113.524
113.483
113.441
113.392
113.355
113.302
113.264
113.237
113.181
113.126
113.064
113.017
112.955
112.894
112.833
112.785
112.731
112.658
112.589
112.511
112.432
112.352
112.28
112.189
112.101
112.024
111.94
111.857
111.781
111.703
111.611
111.511
111.431
111.35
111.276
111.192
111.111
111.04
110.971
110.889
110.82
110.757
110.696
110.628
110.552
110.475
110.41
110.354
110.298
110.257
110.21
110.165
110.135
110.103
110.074
110.045
110.021
109.994
109.981
109.961
109.959
109.986
110.023
110.049
110.027
110.066
110.087
110.123
110.15
110.189
110.22
110.26
110.303
110.389
110.435
110.499
110.549
110.586
110.65
110.698
110.756
110.813
110.876
110.946
111
111.062
111.115
111.174
111.222
111.259
111.294
111.362
111.384
111.435
111.477
111.516
111.547
111.602
111.631
111.674
111.724
111.75
111.827
111.889
111.942
112.003
112.043
112.08
112.111
112.167
112.256
112.287
112.36
112.435
112.484
112.539
112.595
112.634
112.695
112.784
112.883
113.002
113.095
113.187
113.312
113.412
113.511
113.638
113.732
113.855
113.927
114.016
114.126
114.235
114.334
114.41
114.497
114.595
114.676
114.74
114.832
114.894
114.973
115.026
115.079
115.14
115.188
115.249
115.331
115.37
115.385
115.446
115.465
115.536
115.566
115.609
115.627
115.641
115.672
115.686
115.703
115.732
115.741
115.758
115.778
115.789
115.831
115.85
115.855
115.876
115.915
115.941
115.958
115.981
116.013
115.996
115.991
115.971
115.962
115.943
115.93
115.911
115.892
115.844
115.799
115.749
115.711
115.654
115.614
115.56
115.515
115.477
115.425
115.38
115.331
115.288
115.25
115.193
115.166
115.144
115.126
115.117
115.101
115.086
115.058
115.038
115.032
115.045
115.017
115.01
115.019
114.998
114.975
114.974
114.959
114.976
115.009
115.019
115.049
115.093
115.117
115.106
115.144
115.173
115.168
115.178
115.183
115.213
115.193
115.21
115.246
115.262
115.249
115.256
115.266
115.245
115.235
115.253
115.233
115.235
115.225
115.248
115.227
115.202
115.177
115.156
115.121
115.119
115.11
115.074
115.034
115.021
114.986
114.953
114.93
114.903
114.855
114.823
114.793
114.747
114.719
114.695
114.673
114.646
114.599
114.586
114.55
114.503
114.458
114.424
114.391
114.346
114.313
114.257
114.208
114.165
114.109
114.057
114.033
113.974
113.947
113.908
113.871
113.827
113.792
113.747
113.702
113.67
113.642
113.618
113.619
113.603
113.584
113.588
113.646
113.7
113.75
113.794
113.804
113.847
113.861
113.913
113.97
113.972
113.993
114.002
114.021
114.024
114.019
114.007
114.009
114.001
114.005
113.993
113.99
113.986
113.982
113.981
113.983
113.998
114.021
114.039
114.062
114.088
114.126
114.147
114.145
114.168
114.19
114.184
114.202
114.215
114.22
114.171
114.139
114.181
114.208
114.24
114.274
114.31
114.37
114.441
114.472
114.566
114.629
114.673
114.75
114.833
114.927
114.969
115.051
115.131
115.199
115.257
115.327
115.407
115.487
115.566
115.638
115.707
115.776
115.831
115.887
115.949
115.956
115.97
115.968
116.002
116.028
116.058
116.079
116.106
116.122
116.162
116.187
116.19
116.209
116.271
116.293
116.331
116.396
116.475
116.518
116.572
116.628
116.691
116.745
116.796
116.857
116.9
116.901
116.912
116.945
116.957
116.952
116.976
116.991
116.965
116.953
116.937
116.916
116.888
116.866
116.827
116.804
116.785
116.754
116.772
116.776
116.758
116.738
116.756
116.717
116.716
116.713
116.699
116.685
116.657
116.641
116.616
116.594
116.577
116.547
116.528
116.507
116.476
116.438
116.406
116.376
116.329
116.305
116.265
116.227
116.188
116.148
116.107
116.063
116.033
115.984
115.939
115.904
115.848
115.794
115.752
115.71
115.638
115.517
115.492
115.413
115.368
115.36
115.299
115.254
115.213
115.161
115.11
115.041
115.021
114.943
114.882
114.816
114.759
114.692
114.624
114.559
114.495
114.441
114.376
114.277
114.21
114.139
114.053
113.989
113.941
113.87
113.813
113.769
113.732
113.676
113.636
113.589
113.558
113.513
113.472
113.431
113.404
113.366
113.336
113.316
113.284
113.262
113.246
113.229
113.201
113.187
113.153
113.116
113.091
113.079
113.046
113.026
113.017
112.992
112.966
112.951
112.925
112.921
112.954
112.978
113.006
113.024
113.025
113.041
113.041
113.061
113.075
113.062
113.054
113.037
113.017
113.031
113.031
113.043
113.069
113.08
113.088
113.094
113.106
113.106
113.101
113.088
113.083
113.067
113.063
113.043
113.048
113.053
113.007
112.979
112.952
112.922
112.883
112.845
112.792
112.739
112.702
112.643
112.626
112.596
112.549
112.511
112.466
112.411
112.369
112.333
112.26
112.21
112.174
112.121
112.061
112.029
111.987
111.937
111.89
111.861
111.815
111.784
111.754
111.741
111.702
111.683
111.671
111.652
111.631
111.622
111.625
111.646
111.66
111.683
111.752
111.824
111.84
111.914
111.999
112.112
112.23
112.324
112.397
112.487
112.608
112.683
112.74
112.783
112.807
112.854
112.918
112.977
113.055
113.138
113.212
113.276
113.338
113.401
113.476
113.538
113.595
113.661
113.716
113.78
113.851
113.893
113.963
114.037
114.098
114.159
114.191
114.222
114.25
114.291
114.322
114.348
114.374
114.391
114.431
114.432
114.467
114.485
114.486
114.484
114.472
114.477
114.49
114.489
114.493
114.5
114.504
114.493
114.489
114.48
114.469
114.449
114.42
114.395
114.366
114.337
114.343
114.356
114.334
114.326
114.316
114.28
114.254
114.232
114.195
114.155
114.132
114.098
114.061
114.02
113.979
113.953
113.904
113.85
113.815
113.769
113.718
113.676
113.661
113.637
113.596
113.571
113.53
113.484
113.455
113.452
113.481
113.5
113.527
113.54
113.571
113.586
113.602
113.616
113.629
113.639
113.62
113.617
113.614
113.621
113.607
113.603
113.62
113.585
113.525
113.519
113.499
113.478
113.468
113.457
113.444
113.417
113.384
113.349
113.375
113.4
113.379
113.398
113.428
113.409
113.426
113.423
113.445
113.431
113.416
113.431
113.401
113.4
113.406
113.401
113.391
113.376
113.358
113.305
113.285
113.279
113.273
113.235
113.232
113.232
113.221
113.186
113.154
113.11
113.094
113.08
113.03
112.979
112.944
112.921
112.928
112.915
112.912
112.917
112.899
112.893
112.88
112.864
112.847
112.81
112.813
112.814
112.806
112.804
112.815
112.824
112.815
112.829
112.838
112.801
112.841
112.835
112.841
112.82
112.815
112.831
112.789
112.619
112.599
112.6
112.619
112.631
112.66
112.738
112.786
112.809
112.856
112.885
112.918
112.96
112.961
112.979
112.983
113.002
113.002
113.02
113.068
113.071
113.088
113.115
113.099
113.118
113.115
113.119
113.154
113.149
113.181
113.199
113.199
113.206
113.209
113.2
113.192
113.196
113.214
113.225
113.211
113.212
113.215
113.189
113.198
113.219
113.195
113.205
113.203
113.191
113.163
113.154
113.138
113.11
113.086
113.078
113.098
113.105
113.117
113.128
113.147
113.169
113.202
113.203
113.22
113.261
113.293
113.324
113.345
113.377
113.417
113.469
113.532
113.586
113.617
113.662
113.68
113.713
113.745
113.786
113.817
113.858
113.893
113.95
114.005
114.048
114.099
114.123
114.162
114.209
114.253
114.302
114.337
114.379
114.42
114.467
114.489
114.542
114.583
114.608
114.611
114.689
114.736
114.789
114.859
114.95
114.979
115.043
115.104
115.182
115.246
115.297
115.363
115.442
115.497
115.533
115.614
115.658
115.699
115.756
115.808
115.828
115.868
115.903
115.949
115.981
116.003
116.042
116.074
116.064
116.1
116.133
116.149
116.179
116.198
116.226
116.226
116.259
116.258
116.267
116.264
116.273
116.261
116.244
116.251
116.255
116.233
116.237
116.225
116.205
116.187
116.175
116.151
116.131
116.117
116.106
116.092
116.067
116.072
116.068
116.045
116.045
116.036
116.029
116.032
116.053
116.056
116.059
116.063
116.061
116.047
116.027
116.016
116.012
116.003
115.976
115.949
115.922
115.892
115.845
115.82
115.796
115.743
115.713
115.651
115.583
115.529
115.469
115.4
115.37
115.328
115.295
115.273
115.22
115.17
115.143
115.088
115.033
114.987
114.931
114.87
114.807
114.739
114.68
114.609
114.558
114.481
114.407
114.337
114.276
114.2
114.118
114.056
113.987
113.897
113.824
113.755
113.691
113.597
113.526
113.471
113.382
113.305
113.229
113.162
113.084
113.019
112.939
112.861
112.799
112.729
112.669
112.596
112.539
112.509
112.485
112.424
112.39
112.356
112.317
112.273
112.227
112.162
112.119
112.068
112.028
112.014
111.987
111.971
111.963
111.952
111.931
111.925
111.904
111.903
111.922
111.923
111.905
111.893
111.883
111.866
111.822
111.819
111.857
111.879
111.911
111.945
111.968
111.974
112.011
112.063
112.092
112.15
112.217
112.286
112.383
112.48
112.587
112.664
112.766
112.841
112.927
112.986
113.051
113.126
113.168
113.224
113.282
113.346
113.408
113.458
113.492
113.532
113.575
113.599
113.632
113.674
113.708
113.739
113.775
113.765
113.769
113.785
113.797
113.779
113.787
113.798
113.79
113.792
113.775
113.788
113.798
113.793
113.808
113.802
113.799
113.808
113.816
113.818
113.842
113.844
113.845
113.854
113.85
113.849
113.846
113.832
113.829
113.839
113.832
113.836
113.835
113.839
113.815
113.792
113.773
113.753
113.747
113.71
113.691
113.679
113.659
113.633
113.633
113.63
113.617
113.617
113.622
113.599
113.598
113.589
113.592
113.582
113.549
113.521
113.508
113.482
113.472
113.464
113.467
113.489
113.507
113.506
113.491
113.481
113.498
113.482
113.478
113.478
113.459
113.454
113.456
113.45
113.418
113.423
113.429
113.421
113.445
113.45
113.471
113.463
113.46
113.476
113.474
113.49
113.491
113.487
113.498
113.518
113.502
113.494
113.543
113.586
113.629
113.682
113.719
113.746
113.766
113.776
113.786
113.791
113.817
113.858
113.869
113.87
113.904
113.934
113.93
113.957
113.984
113.985
114.015
114.034
114.079
114.126
114.177
114.241
114.254
114.31
114.331
114.36
114.35
114.37
114.392
114.404
114.438
114.439
114.464
114.476
114.493
114.506
114.542
114.528
114.583
114.622
114.643
114.685
114.72
114.773
114.795
114.82
114.822
114.84
114.86
114.904
114.918
114.908
114.88
114.886
114.884
114.859
114.823
114.833
114.801
114.782
114.758
114.73
114.68
114.64
114.62
114.584
114.549
114.514
114.495
114.445
114.406
114.38
114.326
114.268
114.214
114.179
114.123
114.063
114.019
113.955
113.913
113.847
113.785
113.764
113.821
113.837
113.837
113.855
113.864
113.853
113.857
113.856
113.871
113.87
113.852
113.868
113.845
113.844
113.83
113.817
113.799
113.812
113.817
113.819
113.813
113.831
113.842
113.844
113.84
113.847
113.853
113.825
113.795
113.79
113.805
113.781
113.8
113.786
113.777
113.738
113.707
113.675
113.652
113.619
113.569
113.553
113.525
113.473
113.45
113.417
113.371
113.338
113.308
113.258
113.243
113.226
113.203
113.187
113.199
113.216
113.259
113.277
113.302
113.314
113.342
113.373
113.394
113.43
113.453
113.473
113.481
113.507
113.534
113.513
113.495
113.481
113.472
113.463
113.468
113.448
113.434
113.426
113.398
113.377
113.353
113.307
113.273
113.23
113.198
113.178
113.155
113.165
113.168
113.175
113.147
113.135
113.14
113.137
113.158
113.192
113.193
113.214
113.252
113.29
113.306
113.336
113.368
113.376
113.408
113.425
113.415
113.429
113.43
113.447
113.472
113.49
113.519
113.564
113.59
113.627
113.67
113.708
113.772
113.849
113.916
113.992
114.069
114.137
114.196
114.253
114.295
114.32
114.36
114.407
114.436
114.463
114.468
114.48
114.587
114.709
114.817
114.94
115.045
115.15
115.251
115.338
115.396
115.469
115.544
115.6
115.657
115.721
115.795
115.864
115.923
115.995
116.057
116.126
116.192
116.265
116.311
116.359
116.432
116.476
116.541
116.575
116.63
116.684
116.696
116.739
116.782
116.824
116.837
116.867
116.888
116.916
116.922
116.935
116.935
116.914
116.897
116.94
116.992
117.021
117.067
117.103
117.117
117.143
117.16
117.164
117.182
117.239
117.303
117.331
117.365
117.421
117.449
117.492
117.519
117.549
117.569
117.568
117.547
117.513
117.499
117.521
117.529
117.53
117.566
117.578
117.6
117.612
117.638
117.642
117.633
117.638
117.641
117.624
117.609
117.593
117.57
117.563
117.556
117.543
117.514
117.498
117.471
117.446
117.398
117.362
117.333
117.299
117.255
117.208
117.173
117.113
117.076
117.044
117.011
116.957
116.921
116.881
116.833
116.791
116.736
116.679
116.618
116.558
116.489
116.412
116.34
116.278
116.203
116.141
116.076
116.016
115.953
115.891
115.805
115.73
115.657
115.579
115.517
115.45
115.374
115.305
115.246
115.16
115.082
114.979
114.896
114.821
114.719
114.625
114.514
114.421
114.337
114.234
114.162
114.087
114.017
113.946
113.86
113.79
113.725
113.639
113.563
113.491
113.459
113.449
113.417
113.419
113.387
113.349
113.338
113.307
113.266
113.252
113.232
113.2
113.181
113.168
113.126
113.088
113.03
112.986
112.934
112.891
112.839
112.785
112.739
112.686
112.638
112.578
112.52
112.476
112.425
112.389
112.373
112.342
112.328
112.284
112.257
112.218
112.184
112.155
112.136
112.117
112.145
112.144
112.143
112.136
112.099
112.069
112.045
112.036
112.022
112.05
112.085
112.105
112.116
112.125
112.116
112.12
112.109
112.113
112.137
112.19
112.22
112.251
112.276
112.305
112.324
112.31
112.271
112.246
112.3
112.332
112.387
112.414
112.444
112.481
112.517
112.525
112.516
112.528
112.539
112.536
112.526
112.524
112.558
112.567
112.588
112.619
112.654
112.696
112.732
112.771
112.803
112.844
112.874
112.902
112.955
113.008
113.058
113.112
113.171
113.212
113.263
113.303
113.348
113.389
113.42
113.427
113.435
113.468
113.486
113.511
113.541
113.562
113.584
113.595
113.584
113.601
113.624
113.607
113.603
113.626
113.604
113.61
113.624
113.624
113.632
113.609
113.592
113.585
113.549
113.535
113.51
113.501
113.497
113.494
113.497
113.49
113.501
113.501
113.497
113.491
113.462
113.444
113.452
113.45
113.44
113.417
113.42
113.391
113.372
113.335
113.307
113.281
113.274
113.25
113.209
113.197
113.171
113.146
113.147
113.135
113.135
113.153
113.179
113.208
113.211
113.205
113.27
113.335
113.452
113.54
113.609
113.684
113.746
113.802
113.868
113.953
114.028
114.139
114.22
114.28
114.369
114.449
114.501
114.556
114.577
114.622
114.63
114.643
114.665
114.689
114.682
114.69
114.73
114.74
114.743
114.742
114.752
114.745
114.76
114.752
114.735
114.73
114.742
114.774
114.794
114.829
114.887
114.933
114.979
115.012
115.047
115.07
115.097
115.123
115.105
115.092
115.087
115.082
115.061
115.051
115.031
115.017
114.981
114.967
114.925
114.917
114.916
114.875
114.889
114.91
114.89
114.886
114.896
114.89
114.878
114.886
114.863
114.866
114.896
114.892
114.896
114.89
114.893
114.873
114.873
114.872
114.883
114.899
114.928
114.929
114.925
114.905
114.886
114.874
114.864
114.835
114.845
114.813
114.794
114.765
114.726
114.703
114.668
114.63
114.62
114.576
114.543
114.518
114.45
114.406
114.361
114.304
114.262
114.205
114.159
114.12
114.095
114.056
114.036
114.002
113.956
113.92
113.872
113.817
113.844
113.87
113.898
113.923
113.942
113.955
113.973
113.99
114.016
114.055
114.103
114.141
114.18
114.197
114.205
114.252
114.282
114.315
114.356
114.392
114.427
114.487
114.545
114.578
114.632
114.67
114.708
114.762
114.797
114.848
114.91
114.961
115.018
115.099
115.147
115.221
115.284
115.324
115.379
115.422
115.469
115.504
115.517
115.546
115.571
115.602
115.615
115.632
115.646
115.687
115.731
115.772
115.809
115.831
115.86
115.893
115.929
115.934
115.949
115.977
115.99
116.005
116.021
116.035
116.04
116.036
116.041
116.05
116.024
116.018
116.005
116.014
116.015
116.01
116.009
116.014
116.013
115.981
115.988
115.991
115.97
115.95
115.928
115.904
115.877
115.857
115.821
115.776
115.743
115.718
115.671
115.635
115.597
115.551
115.497
115.446
115.4
115.352
115.304
115.255
115.206
115.151
115.089
115.041
114.983
114.934
114.889
114.819
114.772
114.712
114.653
114.581
114.526
114.479
114.393
114.339
114.263
114.19
114.133
114.067
114.009
113.965
113.892
113.842
113.779
113.745
113.702
113.67
113.62
113.583
113.55
113.493
113.449
113.402
113.333
113.279
113.248
113.201
113.162
113.13
113.087
113.08
113.053
113.045
113.039
113.017
113.009
112.995
113.019
113.056
113.09
113.13
113.128
113.129
113.107
113.105
113.113
113.108
113.094
113.077
113.044
113.031
113.01
112.991
112.962
112.945
112.917
112.884
112.86
112.835
112.81
112.788
112.766
112.756
112.719
112.699
112.67
112.643
112.597
112.583
112.554
112.521
112.485
112.44
112.415
112.387
112.371
112.36
112.33
112.3
112.255
112.204
112.157
112.108
112.063
112.031
112.026
112.03
112.024
112.01
112.003
111.985
111.975
111.964
111.958
111.939
111.917
111.91
111.892
111.882
111.862
111.847
111.79
111.762
111.737
111.688
111.645
111.627
111.601
111.558
111.531
111.514
111.492
111.534
111.57
111.585
111.545
111.574
111.572
111.549
111.53
111.534
111.53
111.52
111.52
111.532
111.547
111.568
111.591
111.587
111.594
111.623
111.624
111.621
111.621
111.638
111.632
111.615
111.627
111.6
111.596
111.621
111.638
111.649
111.649
111.682
111.687
111.7
111.721
111.744
111.741
111.745
111.755
111.758
111.743
111.748
111.757
111.738
111.743
111.722
111.703
111.718
111.746
111.787
111.794
111.816
111.85
111.868
111.85
111.867
111.871
111.861
111.852
111.885
111.857
111.845
111.838
111.843
111.819
111.827
111.808
111.815
111.807
111.821
111.856
111.869
111.884
111.893
111.935
111.969
112.005
112.056
112.105
112.108
112.14
112.185
112.224
112.256
112.277
112.292
112.337
112.35
112.407
112.497
112.561
112.609
112.659
112.719
112.755
112.819
112.846
112.908
112.938
112.978
113.021
113.043
113.09
113.151
113.228
113.299
113.375
113.49
113.583
113.67
113.759
113.858
113.949
114.042
114.11
114.211
114.279
114.358
114.435
114.513
114.623
114.715
114.787
114.861
114.941
114.972
115.013
115.042
115.088
115.12
115.152
115.166
115.221
115.268
115.3
115.343
115.386
115.42
115.444
115.473
115.515
115.53
115.571
115.6
115.634
115.686
115.701
115.74
115.759
115.775
115.804
115.82
115.857
115.869
115.903
115.931
115.921
115.93
115.963
115.957
115.961
115.965
115.98
115.982
116.019
116.089
116.106
116.094
116.079
116.066
116.055
116.063
116.046
116.022
116.056
116.093
116.091
116.115
116.135
116.14
116.149
116.142
116.176
116.173
116.189
116.187
116.192
116.16
116.16
116.146
116.127
116.133
116.139
116.127
116.111
116.117
116.112
116.097
116.082
116.064
116.012
115.984
115.93
115.924
115.904
115.871
115.854
115.833
115.819
115.815
115.789
115.787
115.81
115.821
115.818
115.826
115.823
115.827
115.842
115.835
115.84
115.837
115.836
115.818
115.817
115.804
115.796
115.786
115.766
115.734
115.672
115.647
115.623
115.581
115.556
115.521
115.504
115.488
115.498
115.459
115.433
115.451
115.469
115.464
115.479
115.492
115.511
115.535
115.553
115.583
115.595
115.596
115.578
115.599
115.609
115.605
115.593
115.571
115.597
115.61
115.623
115.607
115.623
115.627
115.641
115.653
115.675
115.693
115.701
115.727
115.738
115.74
115.75
115.753
115.754
115.759
115.811
115.841
115.859
115.905
115.952
115.97
116.01
116.034
116.05
116.051
116.057
116.073
116.069
116.072
116.103
116.108
116.092
116.09
116.083
116.079
116.057
116.058
116.052
116.038
116.035
116.02
116.008
115.995
115.991
115.945
115.928
115.917
115.905
115.868
115.868
115.847
115.838
115.808
115.767
115.739
115.696
115.631
115.564
115.54
115.497
115.469
115.446
115.403
115.405
115.4
115.363
115.337
115.328
115.284
115.262
115.253
115.052
114.878
114.854
114.826
114.785
114.752
114.708
114.683
114.644
114.597
114.571
114.535
114.486
114.49
114.475
114.461
114.426
114.404
114.398
114.364
114.34
114.333
114.336
114.308
114.283
114.278
114.25
114.222
114.206
114.193
114.159
114.122
114.101
114.08
114.067
114.043
114.058
114.043
114.025
114.024
114.048
114.058
114.066
114.083
114.075
114.047
114.037
114.001
113.973
113.957
113.925
113.92
113.892
113.875
113.863
113.879
113.879
113.872
113.906
113.903
113.889
113.889
113.876
113.859
113.825
113.818
113.759
113.719
113.691
113.655
113.609
113.578
113.55
113.515
113.494
113.476
113.462
113.421
113.388
113.375
113.343
113.295
113.287
113.252
113.222
113.216
113.167
113.121
113.119
113.094
113.045
113.006
113.011
112.969
112.905
112.875
112.855
112.798
112.75
112.712
112.692
112.656
112.61
112.611
112.606
112.58
112.596
112.605
112.606
112.618
112.626
112.628
112.611
112.627
112.62
112.633
112.668
112.691
112.704
112.721
112.719
112.735
112.718
112.693
112.658
112.656
112.631
112.635
112.602
112.591
112.555
112.521
112.477
112.453
112.389
112.361
112.293
112.266
112.23
112.173
112.137
112.101
112.073
112.042
112.004
111.983
111.959
111.918
111.902
111.871
111.813
111.759
111.717
111.674
111.621
111.57
111.512
111.456
111.403
111.356
111.294
111.255
111.226
111.181
111.159
111.154
111.139
111.113
111.09
111.081
111.069
111.026
111.052
111.099
111.143
111.186
111.238
111.289
111.339
111.409
111.457
111.502
111.555
111.619
111.668
111.664
111.708
111.759
111.8
111.852
111.898
111.929
111.953
112.005
112.05
112.065
112.068
112.12
112.149
112.157
112.191
112.223
112.258
112.295
112.342
112.393
112.44
112.493
112.547
112.592
112.643
112.695
112.774
112.85
112.927
113.015
113.081
113.14
113.207
113.303
113.376
113.419
113.475
113.53
113.567
113.627
113.647
113.675
113.691
113.706
113.709
113.717
113.724
113.734
113.737
113.738
113.728
113.739
113.738
113.746
113.726
113.717
113.707
113.735
113.743
113.79
113.846
113.861
113.847
113.861
113.886
113.906
113.878
113.863
113.841
113.872
113.876
113.857
113.851
113.844
113.817
113.796
113.816
113.839
113.879
113.899
113.92
113.952
113.964
113.971
114.006
114.044
114.059
114.085
114.144
114.179
114.183
114.205
114.246
114.322
114.379
114.387
114.367
114.351
114.329
114.326
114.34
114.324
114.332
114.342
114.367
114.346
114.342
114.353
114.343
114.364
114.367
114.373
114.386
114.412
114.426
114.449
114.487
114.492
114.508
114.502
114.503
114.501
114.517
114.512
114.523
114.488
114.503
114.503
114.511
114.505
114.516
114.526
114.518
114.498
114.517
114.527
114.567
114.591
114.63
114.651
114.663
114.66
114.678
114.681
114.671
114.663
114.666
114.675
114.672
114.672
114.659
114.675
114.661
114.67
114.659
114.655
114.663
114.704
114.737
114.745
114.757
114.769
114.779
114.785
114.761
114.733
114.717
114.695
114.684
114.654
114.621
114.6
114.565
114.544
114.517
114.475
114.441
114.418
114.377
114.299
114.232
114.219
114.212
114.209
114.196
114.203
114.197
114.208
114.205
114.228
114.217
114.238
114.225
114.243
114.264
114.279
114.298
114.303
114.337
114.337
114.347
114.35
114.362
114.358
114.357
114.368
114.368
114.359
114.349
114.352
114.364
114.357
114.356
114.379
114.373
114.361
114.347
114.357
114.337
114.358
114.321
114.306
114.279
114.268
114.257
114.253
114.228
114.206
114.203
114.17
114.155
114.167
114.196
114.204
114.226
114.222
114.221
114.218
114.216
114.208
114.193
114.163
114.16
114.135
114.101
114.108
114.123
114.127
114.136
114.149
114.156
114.159
114.147
114.154
114.159
114.158
114.176
114.179
114.181
114.208
114.215
114.227
114.233
114.253
114.272
114.273
114.287
114.293
114.294
114.32
114.4
114.45
114.497
114.566
114.619
114.68
114.685
114.693
114.717
114.719
114.729
114.759
114.774
114.773
114.799
114.816
114.823
114.836
114.851
114.839
114.824
114.829
114.81
114.775
114.791
114.819
114.853
114.898
114.939
114.975
114.993
115.008
114.993
115.023
115.033
115.024
115.048
115.068
115.087
115.13
115.149
115.124
115.154
115.158
115.165
115.159
115.148
115.153
115.146
115.149
115.133
115.114
115.1
115.091
115.066
115.036
114.988
114.962
114.935
114.903
114.878
114.839
114.795
114.753
114.72
114.678
114.659
114.647
114.602
114.571
114.56
114.548
114.514
114.491
114.452
114.386
114.333
114.267
114.205
114.152
114.089
114.018
113.947
113.893
113.824
113.784
113.733
113.692
113.633
113.587
113.549
113.481
113.429
113.385
113.343
113.277
113.235
113.17
113.107
113.039
112.992
112.927
112.851
112.803
112.742
112.682
112.614
112.553
112.494
112.486
112.473
112.472
112.475
112.477
112.449
112.459
112.454
112.45
112.447
112.45
112.469
112.476
112.488
112.543
112.595
112.626
112.668
112.721
112.766
112.771
112.775
112.786
112.804
112.814
112.816
112.852
112.886
112.926
112.915
112.948
112.97
112.991
112.999
113.034
113.081
113.081
113.134
113.178
113.197
113.188
113.221
113.238
113.207
113.204
113.209
113.213
113.234
113.234
113.228
113.215
113.206
113.212
113.209
113.206
113.216
113.203
113.226
113.265
113.278
113.331
113.364
113.441
113.514
113.588
113.666
113.737
113.818
113.906
114.002
114.091
114.208
114.298
114.37
114.467
114.542
114.582
114.668
114.758
114.837
114.893
114.966
115.04
115.09
115.143
115.196
115.264
115.306
115.352
115.464
115.598
115.731
115.869
116.02
116.157
116.263
116.384
116.494
116.593
116.699
116.8
116.897
116.997
117.098
117.173
117.241
117.317
117.367
117.449
117.508
117.551
117.597
117.637
117.69
117.709
117.754
117.791
117.863
117.907
117.998
118.07
118.122
118.186
118.246
118.286
118.314
118.358
118.388
118.396
118.409
118.422
118.428
118.43
118.437
118.45
118.442
118.44
118.426
118.425
118.406
118.389
118.407
118.408
118.402
118.408
118.395
118.394
118.371
118.367
118.349
118.296
118.282
118.254
118.22
118.197
118.166
118.122
118.085
118.091
118.07
118.067
118.049
118.029
118.007
117.985
117.949
117.898
117.846
117.798
117.76
117.697
117.662
117.609
117.537
117.5
117.458
117.406
117.334
117.282
117.251
117.195
117.142
117.099
117.056
117.01
116.966
116.929
116.873
116.815
116.789
116.728
116.688
116.624
116.587
116.546
116.496
116.45
116.413
116.355
116.323
116.275
116.239
116.211
116.166
116.139
116.089
116.063
116.012
115.965
115.932
115.916
115.855
115.81
115.773
115.719
115.667
115.67
115.673
115.639
115.624
115.618
115.6
115.585
115.575
115.569
115.536
115.5
115.477
115.471
115.445
115.434
115.46
115.504
115.512
115.53
115.537
115.544
115.556
115.566
115.571
115.561
115.548
115.561
115.541
115.496
115.472
115.456
115.409
115.373
115.349
115.283
115.236
115.183
115.121
115.083
115.043
115.003
114.975
114.95
114.91
114.881
114.851
114.819
114.785
114.779
114.762
114.77
114.759
114.758
114.771
114.755
114.773
114.805
114.833
114.827
114.836
114.857
114.854
114.855
114.87
114.894
114.882
114.901
114.946
115.026
115.102
115.17
115.231
115.284
115.349
115.409
115.458
115.51
115.574
115.666
115.786
115.867
115.961
116.054
116.113
116.197
116.278
116.384
116.5
116.602
116.7
116.767
116.809
116.872
116.901
116.956
117.012
117.055
117.087
117.118
117.135
117.14
117.145
117.157
117.131
117.115
117.103
117.108
117.124
117.116
117.095
117.09
117.067
117.069
117.062
117.039
117.039
117.024
117.043
117.049
117.045
117.04
117.018
117.01
116.985
116.968
116.959
116.943
116.922
116.93
116.939
116.941
116.942
116.954
116.938
116.923
116.918
116.902
116.885
116.888
116.859
116.85
116.863
116.881
116.894
116.913
116.945
116.956
116.961
116.965
116.974
116.961
116.978
116.972
116.978
116.964
116.984
116.981
116.977
116.971
116.964
116.935
116.913
116.895
116.866
116.848
116.809
116.826
116.898
116.924
116.957
116.969
116.993
117.051
117.07
117.091
117.11
117.141
117.162
117.18
117.196
117.199
117.213
117.224
117.262
117.291
117.321
117.355
117.355
117.386
117.427
117.412
117.452
117.482
117.507
117.514
117.573
117.607
117.642
117.687
117.722
117.766
117.796
117.816
117.874
117.938
117.994
118.03
118.069
118.096
118.155
118.169
118.199
118.239
118.261
118.283
118.328
118.378
118.403
118.457
118.487
118.509
118.526
118.537
118.557
118.6
118.634
118.65
118.681
118.728
118.744
118.772
118.789
118.82
118.855
118.862
118.888
118.905
118.915
118.931
118.956
118.953
118.966
118.961
118.989
119.023
119.019
119.052
119.061
119.057
119.079
119.098
119.117
119.149
119.149
119.155
119.181
119.188
119.191
119.221
119.23
119.228
119.236
119.257
119.291
119.285
119.3
119.326
119.332
119.325
119.346
119.348
119.344
119.357
119.39
119.404
119.409
119.456
119.474
119.483
119.483
119.485
119.483
119.518
119.545
119.544
119.542
119.565
119.584
119.608
119.621
119.656
119.705
119.74
119.766
119.8
119.833
119.856
119.864
119.876
119.875
119.882
119.909
119.92
119.934
119.951
119.956
119.968
119.971
119.99
119.993
120.001
120.018
120.011
120.016
120.023
120.02
120.013
119.988
119.959
119.929
119.904
119.878
119.864
119.863
119.874
119.882
119.872
119.867
119.872
119.881
119.881
119.869
119.855
119.853
119.84
119.824
119.811
119.801
119.802
119.768
119.745
119.711
119.693
119.638
119.597
119.564
119.521
119.48
119.459
119.412
119.358
119.299
119.294
119.232
119.199
119.177
119.129
119.091
119.053
119.015
118.971
118.935
118.897
118.837
118.801
118.79
118.787
118.79
118.809
118.829
118.805
118.813
118.827
118.808
118.8
118.781
118.767
118.778
118.773
118.762
118.754
118.738
118.719
118.711
118.676
118.665
118.635
118.597
118.561
118.564
118.586
118.607
118.611
118.616
118.607
118.594
118.636
118.645
118.67
118.677
118.692
118.706
118.707
118.718
118.726
118.711
118.681
118.651
118.654
118.669
118.673
118.677
118.702
118.745
118.753
118.788
118.812
118.825
118.836
118.867
118.877
118.884
118.895
118.907
118.903
118.916
118.933
118.936
118.963
119.006
119.034
119.053
119.073
119.086
119.103
119.123
119.134
119.127
119.133
119.124
119.116
119.12
119.123
119.13
119.12
119.156
119.173
119.184
119.187
119.207
119.243
119.259
119.281
119.295
119.332
119.364
119.388
119.382
119.391
119.394
119.416
119.386
119.392
119.393
119.363
119.36
119.352
119.36
119.304
119.286
119.24
119.202
119.168
119.138
119.104
119.047
119.035
119.03
119.034
119.047
119.037
119.072
119.085
119.072
119.075
119.079
119.058
119.027
119.039
119.038
118.988
118.974
118.966
118.941
118.928
118.892
118.877
118.824
118.784
118.768
118.732
118.666
118.639
118.577
118.528
118.505
118.459
118.384
118.327
118.268
118.201
118.135
118.092
118.015
117.968
117.904
117.865
117.827
117.764
117.735
117.689
117.641
117.59
117.593
117.569
117.531
117.503
117.487
117.442
117.43
117.461
117.513
117.516
117.543
117.589
117.628
117.649
117.646
117.7
117.7
117.721
117.746
117.793
117.814
117.842
117.867
117.861
117.871
117.891
117.915
117.915
117.902
117.886
117.847
117.812
117.796
117.769
117.717
117.682
117.638
117.609
117.572
117.596
117.603
117.57
117.584
117.61
117.601
117.612
117.651
117.652
117.646
117.676
117.697
117.73
117.762
117.819
117.877
117.91
117.989
118.068
118.131
118.194
118.277
118.343
118.396
118.445
118.488
118.5
118.524
118.535
118.551
118.602
118.645
118.677
118.709
118.759
118.788
118.816
118.846
118.89
118.922
118.937
118.953
118.974
118.991
119.018
119.041
119.037
119.05
119.067
119.084
119.081
119.114
119.151
119.161
119.186
119.204
119.209
119.217
119.215
119.203
119.203
119.181
119.174
119.18
119.188
119.208
119.218
119.207
119.229
119.245
119.272
119.303
119.31
119.331
119.346
119.347
119.352
119.366
119.378
119.359
119.352
119.342
119.333
119.306
119.291
119.271
119.253
119.254
119.239
119.211
119.193
119.17
119.168
119.153
119.125
119.106
119.08
119.052
119.034
119.032
119.043
119.003
118.8
118.804
118.817
118.827
118.838
118.834
118.859
118.878
118.87
118.872
118.886
118.903
118.876
118.9
118.898
118.904
118.919
118.951
118.987
119.016
119.036
119.064
119.101
119.116
119.13
119.168
119.177
119.177
119.189
119.193
119.192
119.185
119.166
119.14
119.12
119.108
119.058
119.045
119.084
119.125
119.155
119.161
119.199
119.216
119.218
119.238
119.254
119.263
119.244
119.264
119.276
119.277
119.281
119.287
119.289
119.285
119.297
119.288
119.292
119.297
119.289
119.276
119.27
119.259
119.253
119.237
119.236
119.226
119.204
119.177
119.157
119.14
119.098
119.06
119.028
118.993
118.955
118.894
118.863
118.8
118.739
118.701
118.662
118.606
118.572
118.541
118.48
118.428
118.391
118.34
118.277
118.238
118.199
118.136
118.097
118.069
118.038
118.022
118.017
118.021
118.029
118.036
118.038
118.041
118.034
118.034
118.092
118.145
118.183
118.227
118.28
118.323
118.366
118.425
118.463
118.501
118.547
118.572
118.594
118.617
118.65
118.663
118.68
118.69
118.678
118.686
118.721
118.739
118.79
118.826
118.838
118.846
118.839
118.853
118.839
118.846
118.855
118.851
118.845
118.839
118.85
118.841
118.823
118.825
118.792
118.772
118.767
118.755
118.725
118.713
118.702
118.677
118.645
118.62
118.598
118.545
118.503
118.456
118.423
118.406
118.377
118.363
118.407
118.434
118.469
118.502
118.562
118.594
118.642
118.685
118.759
118.769
118.817
118.869
118.9
118.919
118.955
118.991
119.013
119.045
119.071
119.105
119.116
119.137
119.174
119.162
119.175
119.22
119.216
119.228
119.258
119.259
119.241
119.246
119.251
119.219
119.224
119.205
119.194
119.177
119.178
119.165
119.141
119.129
119.074
119.023
118.966
118.954
118.935
118.894
118.867
118.849
118.807
118.783
118.789
118.785
118.774
118.75
118.724
118.682
118.635
118.595
118.546
118.484
118.441
118.406
118.352
118.314
118.284
118.23
118.174
118.117
118.072
118.023
117.961
117.896
117.84
117.76
117.716
117.649
117.595
117.54
117.482
117.449
117.423
117.368
117.324
117.274
117.239
117.198
117.148
117.107
117.053
117.042
117.095
117.133
117.177
117.233
117.262
117.331
117.372
117.397
117.443
117.493
117.592
117.678
117.759
117.852
117.928
117.993
118.067
118.145
118.202
118.264
118.324
118.358
118.401
118.429
118.482
118.531
118.59
118.645
118.7
118.746
118.791
118.83
118.884
118.922
118.974
119.014
119.054
119.088
119.139
119.185
119.231
119.274
119.336
119.387
119.423
119.471
119.499
119.527
119.577
119.624
119.722
119.82
119.911
120.009
120.103
120.186
120.289
120.375
120.475
120.55
120.612
120.691
120.73
120.783
120.832
120.904
120.967
121.044
121.099
121.16
121.219
121.292
121.328
121.367
121.41
121.448
121.486
121.528
121.568
121.607
121.655
121.715
121.764
121.798
121.84
121.911
121.963
121.983
122.038
122.11
122.157
122.23
122.302
122.352
122.404
122.484
122.534
122.594
122.663
122.722
122.789
122.883
122.977
123.031
123.112
123.197
123.26
123.326
123.382
123.433
123.477
123.476
123.52
123.559
123.559
123.644
123.702
123.717
123.778
123.832
123.901
123.956
124.043
124.124
124.194
124.258
124.338
124.438
124.537
124.637
124.747
124.835
124.933
125.031
125.115
125.205
125.243
125.331
125.38
125.456
125.516
125.587
125.615
125.678
125.725
125.759
125.802
125.858
125.912
125.946
125.989
126.031
126.059
126.083
126.118
126.162
126.177
126.207
126.259
126.266
126.293
126.35
126.378
126.402
126.433
126.446
126.469
126.488
126.504
126.532
126.516
126.545
126.59
126.629
126.646
126.666
126.676
126.671
126.682
126.691
126.702
126.721
126.719
126.729
126.727
126.741
126.748
126.743
126.742
126.74
126.727
126.741
126.711
126.701
126.721
126.704
126.687
126.678
126.658
126.662
126.651
126.636
126.635
126.622
126.605
126.585
126.579
126.559
126.544
126.521
126.5
126.469
126.436
126.412
126.369
126.33
126.285
126.239
126.186
126.157
126.116
126.088
126.043
126.005
125.967
125.923
125.882
125.841
125.793
125.725
125.682
125.624
125.568
125.509
125.451
125.386
125.315
125.271
125.199
125.138
125.07
124.987
124.909
124.836
124.767
124.691
124.604
124.515
124.433
124.349
124.261
124.185
124.115
124.029
123.96
123.9
123.843
123.781
123.734
123.68
123.631
123.589
123.541
123.505
123.464
123.427
123.422
123.401
123.357
123.352
123.348
123.328
123.332
123.335
123.331
123.323
123.33
123.314
123.311
123.295
123.3
123.3
123.307
123.344
123.365
123.383
123.387
123.428
123.411
123.432
123.437
123.435
123.441
123.46
123.47
123.482
123.491
123.494
123.507
123.533
123.538
123.603
123.664
123.689
123.726
123.766
123.767
123.766
123.767
123.771
123.76
123.727
123.697
123.644
123.597
123.56
123.516
123.488
123.517
123.527
123.526
123.521
123.542
123.555
123.573
123.579
123.595
123.595
123.604
123.671
123.752
123.828
123.92
123.985
124.039
124.09
124.158
124.213
124.277
124.293
124.242
124.273
124.336
124.409
124.47
124.531
124.562
124.633
124.678
124.737
124.826
124.898
124.989
125.064
125.16
125.251
125.339
125.401
125.512
125.593
125.699
125.778
125.851
125.935
126.009
126.085
126.153
126.24
126.275
126.367
126.418
126.499
126.577
126.638
126.715
126.777
126.845
126.92
126.973
127.067
127.167
127.255
127.335
127.422
127.505
127.606
127.714
127.819
127.932
128.03
128.137
128.221
128.293
128.392
128.456
128.529
128.591
128.663
128.713
128.781
128.811
128.864
128.915
128.951
128.993
129.021
129.06
129.088
129.123
129.131
129.127
129.11
129.126
129.091
129.081
129.093
129.101
129.087
129.071
129.046
129.039
129.007
128.999
128.999
129.023
129.023
129.029
129.019
129.039
129.02
128.981
128.955
128.943
128.927
128.886
128.852
128.831
128.804
128.766
128.752
128.717
128.688
128.675
128.663
128.651
128.625
128.605
128.584
128.57
128.547
128.536
128.517
128.49
128.452
128.424
128.396
128.387
128.397
128.392
128.409
128.398
128.405
128.405
128.412
128.428
128.438
128.462
128.457
128.473
128.465
128.464
128.449
128.437
128.436
128.412
128.4
128.371
128.343
128.31
128.273
128.264
128.213
128.187
128.153
128.121
128.093
128.087
128.061
128.016
127.966
127.913
127.866
127.836
127.777
127.744
127.682
127.616
127.551
127.471
127.396
127.344
127.283
127.239
127.171
127.113
127.04
126.965
126.909
126.865
126.788
126.726
126.657
126.603
126.546
126.487
126.447
126.397
126.365
126.322
126.273
126.229
126.184
126.145
126.098
126.041
125.978
125.984
126.025
126.075
126.092
126.141
126.175
126.214
126.24
126.289
126.349
126.417
126.468
126.54
126.604
126.673
126.757
126.822
126.898
126.974
127.049
127.103
127.168
127.242
127.32
127.402
127.499
127.603
127.68
127.763
127.869
127.932
128.016
128.114
128.236
128.335
128.452
128.578
128.688
128.78
128.911
129.034
129.149
129.269
129.4
129.508
129.663
129.833
129.963
130.086
130.253
130.42
130.583
130.729
130.846
130.964
131.078
131.189
131.296
131.409
131.526
131.664
131.806
131.94
132.06
132.188
132.306
132.414
132.527
132.643
132.749
132.837
132.93
133.013
133.105
133.184
133.284
133.385
133.485
133.59
133.677
133.738
133.782
133.861
133.907
133.967
134.014
134.068
134.113
134.157
134.184
134.208
134.229
134.259
134.292
134.306
134.322
134.341
134.356
134.37
134.386
134.396
134.404
134.401
134.405
134.408
134.423
134.454
134.481
134.545
134.607
134.669
134.719
134.764
134.794
134.834
134.859
134.872
134.876
134.865
134.862
134.836
134.836
134.831
134.826
134.806
134.805
134.793
134.791
134.791
134.803
134.795
134.796
134.79
134.787
134.784
134.783
134.771
134.758
134.752
134.726
134.706
134.684
134.673
134.657
134.634
134.625
134.589
134.568
134.538
134.512
134.48
134.499
134.518
134.507
134.511
134.534
134.584
134.619
134.623
134.675
134.719
134.767
134.802
134.837
134.857
134.891
134.913
134.917
134.91
134.91
134.917
135.035
135.082
135.157
135.216
135.293
135.369
135.505
135.671
135.805
135.962
136.093
136.239
136.389
136.575
136.749
136.944
137.113
137.289
137.453
137.635
137.882
138.12
138.325
138.56
138.757
138.929
139.09
139.242
139.406
139.551
139.681
139.838
139.969
140.107
140.252
140.418
140.57
140.728
140.873
141.051
141.226
141.389
141.564
141.713
141.872
142.017
142.147
142.294
142.413
142.55
142.67
142.818
142.935
143.076
143.182
143.307
143.418
143.52
143.643
143.737
143.818
143.907
144.005
144.104
144.184
144.279
144.391
144.486
144.573
144.672
144.77
144.864
144.964
145.081
145.195
145.264
145.383
145.456
145.554
145.634
145.727
145.815
145.914
146.015
146.176
146.357
146.519
146.675
146.845
146.985
147.123
147.264
147.384
147.491
147.607
147.712
147.822
147.911
148.041
148.194
148.512
148.831
149.138
149.434
149.742
150.05
150.346
150.583
150.885
151.179
151.463
151.742
152.013
152.278
152.53
152.796
153.054
153.299
153.525
153.756
153.98
154.192
154.411
154.612
154.813
155.031
155.238
155.426
155.613
155.792
155.965
156.147
156.32
156.471
156.622
156.751
156.898
157.029
157.161
157.272
157.383
157.499
157.606
157.73
157.825
157.928
158.03
158.137
158.257
158.377
158.512
158.644
158.757
158.872
159.019
159.225
159.428
159.614
159.797
160.01
160.251
160.44
160.638
160.815
161
161.192
161.373
161.539
161.723
161.9
162.065
162.219
162.378
162.525
162.678
162.818
162.965
163.12
163.254
163.389
163.543
163.714
163.874
164.054
164.209
164.373
164.556
164.725
164.888
165.05
165.192
165.35
165.507
165.654
165.823
165.956
166.098
166.299
166.462
166.678
166.902
167.129
167.346
167.571
167.839
168.101
168.344
168.582
168.817
169.053
169.295
169.71
170.132
170.541
170.941
171.316
171.668
172.038
172.407
172.756
173.097
173.456
173.825
174.158
174.511
174.866
175.167
175.508
175.833
176.149
176.506
176.838
177.165
177.483
177.797
178.125
178.45
178.771
179.081
179.415
179.747
180.073
180.348
180.618
180.903
181.205
181.488
181.783
182.066
182.354
182.633
182.911
183.185
183.459
183.725
183.992
184.258
184.528
184.813
185.156
185.539
185.954
186.336
186.717
187.119
187.553
187.974
188.377
188.768
189.197
189.59
189.99
190.385
190.794
191.196
191.59
191.976
192.358
192.727
193.087
193.445
193.793
194.131
194.46
194.784
195.098
195.405
195.703
195.994
196.278
196.556
196.823
197.08
197.34
197.593
197.84
198.08
198.302
198.53
198.755
198.974
199.197
199.402
199.602
199.8
199.99
200.182
200.366
200.533
200.716
200.899
201.082
201.26
201.435
201.6
201.77
201.936
202.098
202.263
202.421
202.587
202.73
202.942
203.262
203.576
203.886
204.187
204.491
204.792
205.108
205.403
205.675
205.762
205.856
205.961
206.055
206.146
206.25
206.351
206.447
206.685
206.968
207.243
207.522
207.849
208.167
208.472
208.775
209.058
209.341
209.626
209.943
210.306
210.664
211.016
211.362
211.732
212.091
212.446
212.79
213.13
213.459
213.762
214.081
214.39
214.695
214.99
215.282
215.565
215.779
216.082
216.396
216.697
216.99
217.274
217.545
217.817
218.083
218.15
218.316
218.581
218.853
219.152
219.363
219.614
219.862
220.106
220.347
220.586
220.822
221.055
221.285
221.515
221.742
221.965
222.221
222.447
222.668
222.938
223.294
223.68
224.061
224.436
224.807
225.176
225.54
225.901
226.256
226.607
226.948
227.281
227.651
228.167
228.733
229.292
229.841
230.383
230.917
231.443
231.962
232.473
232.976
233.471
233.961
234.442
234.917
235.385
235.846
236.299
236.744
237.18
237.612
238.075
238.553
239.025
239.489
239.743
240.178
240.626
241.067
241.305
241.682
242.107
242.529
242.943
243.35
243.559
243.745
244.103
244.554
244.79
245.195
245.627
245.868
246.105
246.504
246.909
247.302
247.686
248.066
248.488
248.91
249.323
249.726
250.119
250.503
250.877
251.242
251.6
251.951
252.292
252.626
252.951
253.27
253.582
253.885
254.184
254.137
254.077
254.325
254.608
254.722
254.888
254.974
255.035
255.127
255.353
255.573
255.729
255.957
256.193
256.359
256.534
256.753
256.966
257.176
257.314
257.515
257.733
257.927
258.116
258.094
258.092
258.243
258.441
258.622
258.659
258.814
259
259.066
259.228
259.354
259.51
259.599
259.767
259.915
260.074
260.25
260.404
260.574
260.668
260.784
260.953
261.045
261.194
261.358
261.503
261.663
261.807
261.917
261.983
262.118
262.23
262.305
262.442
262.635
262.787
262.969
263.163
263.356
263.549
263.743
263.938
264.132
264.326
264.519
264.683
264.858
265.049
265.188
265.392
265.569
265.763
265.943
266.164
266.382
266.599
266.812
267.021
267.226
267.428
267.627
267.822
268.013
268.201
268.385
268.565
268.741
268.915
269.083
269.249
269.412
269.571
269.727
269.88
270.025
270.171
270.313
270.451
270.51
270.622
270.754
270.882
271.007
271.132
271.253
271.372
271.488
271.604
271.716
271.827
271.935
272.041
272.146
272.247
272.346
272.445
272.543
272.557
272.616
272.71
272.802
272.893
272.984
273.074
273.163
273.253
273.343
273.435
273.528
273.623
273.717
273.813
273.91
274.008
274.107
274.207
274.305
274.402
274.493
274.583
274.676
274.83
274.99
275.147
275.299
275.448
275.596
275.739
275.862
275.987
276.122
276.254
276.385
276.51
276.635
276.757
276.874
276.989
277.102
277.213
277.321
277.425
277.528
277.628
277.725
277.82
277.913
278
278.088
278.172
278.253
278.332
278.409
278.483
278.555
278.624
278.691
278.754
278.816
278.876
278.934
278.987
279.039
279.088
279.135
279.181
279.226
279.269
279.31
279.349
279.387
279.425
279.46
279.494
279.527
279.557
279.587
279.615
279.643
279.669
279.694
279.718
279.741
279.762
279.783
279.805
279.826
279.847
279.868
279.889
279.913
279.939
279.965
279.995
280.026
280.057
280.09
280.126
280.163
280.201
280.24
280.277
280.312
280.344
280.376
280.458
280.56
280.661
280.758
280.851
280.946
281.036
281.124
281.21
281.293
281.275
281.331
281.41
281.487
281.56
281.632
281.6
281.618
281.684
281.75
281.742
281.78
281.84
281.897
281.954
282.008
282.059
282.11
282.158
282.202
282.244
282.285
282.323
282.36
282.394
282.427
282.457
282.485
282.51
282.535
282.556
282.577
282.594
282.61
282.625
282.638
282.648
282.659
282.668
282.675
282.68
282.685
282.69
282.625
282.608
282.609
282.609
282.609
282.607
282.605
282.601
282.597
282.591
282.526
282.466
282.457
282.452
282.37
282.328
282.324
282.32
282.255
282.234
282.236
282.238
282.244
282.25
282.258
282.268
282.28
282.291
282.306
282.23
282.199
282.168
282.145
282.087
282.063
282.075
282.034
281.994
