0.0265691
0.052444
0.084461
0.122047
0.153287
0.178968
0.20463
0.230321
0.256016
0.281726
0.307385
0.333032
0.358698
0.384379
0.410063
0.435765
0.461448
0.487171
0.512879
0.538583
0.564294
0.589989
0.615678
0.641386
0.667105
0.69279
0.718434
0.744147
0.769864
0.795579
0.821268
0.846966
0.87266
0.898346
0.924029
0.949746
0.975473
1.00117
1.02689
1.05263
1.07835
1.10407
1.12976
1.1555
1.18122
1.20692
1.23262
1.25831
1.28401
1.30969
1.33542
1.36113
1.38688
1.41261
1.4383
1.46401
1.48976
1.51546
1.54117
1.56688
1.59258
1.61828
1.64398
1.66968
1.69538
1.72109
1.74676
1.77248
1.79819
1.82389
1.84972
1.87545
1.90118
1.92691
1.95262
1.97832
2.00402
2.02977
2.05549
2.08118
2.10689
2.1326
2.1583
2.184
2.21038
2.23608
2.26177
2.2875
2.31318
2.33885
2.36455
2.39027
2.41597
2.44167
2.46736
2.49303
2.51873
2.5444
2.57008
2.59576
2.62146
2.64714
2.67282
2.69852
2.72417
2.74984
2.77551
2.80117
2.82685
2.85251
2.87818
2.90387
2.92958
2.95524
2.98091
3.00658
3.03225
3.05792
3.08358
3.1093
3.13501
3.16072
3.18638
3.21205
3.23773
3.26338
3.28907
3.31474
3.34043
3.3661
3.39178
3.41746
3.44313
3.46882
3.49451
3.52021
3.54592
3.57165
3.5975
3.6232
3.64887
3.67456
3.70025
3.72596
3.75163
3.77734
3.80301
3.8287
3.8544
3.88008
3.90577
3.93145
3.95715
3.98283
4.00852
4.03422
4.05988
4.08613
4.11182
4.13754
4.16323
4.18896
4.21466
4.24034
4.26603
4.29173
4.31741
4.34311
4.36883
4.39451
4.42022
4.4459
4.47157
4.49724
4.5229
4.5486
4.5743
4.59999
4.62568
4.65137
4.67705
4.70271
4.72838
4.75406
4.77979
4.80551
4.83117
4.85685
4.88253
4.90818
4.93385
4.95952
4.98516
5.01081
5.03647
5.06214
5.08782
5.1136
5.13927
5.16495
5.19063
5.2163
5.24199
5.26768
5.29337
5.31908
5.34476
5.37044
5.39659
5.42235
5.44803
5.47373
5.49943
5.52511
5.55081
5.57652
5.60223
5.62793
5.65363
5.67936
5.70506
5.73072
5.75642
5.7821
5.80781
5.8335
5.8592
5.88491
5.91059
5.93626
5.96194
5.98762
6.01329
6.03895
6.06463
6.09031
6.11598
6.14165
6.16734
6.19301
6.21868
6.2444
6.27011
6.29583
6.32161
6.34732
6.37302
6.39871
6.42437
6.45003
6.47572
6.50145
6.52713
6.55284
6.57853
6.60419
6.62989
6.65558
6.68126
6.70698
6.73269
6.75842
6.78422
6.80991
6.83559
6.8613
6.887
6.91272
6.9384
6.96409
6.98977
7.01547
7.04116
7.06681
7.0925
7.11816
7.14386
7.16957
7.19526
7.22093
7.24662
7.27244
7.3057
7.3314
7.35709
7.3828
7.40849
7.43416
7.45984
7.48552
7.51116
7.53681
7.56246
7.58811
7.61374
7.63938
7.66504
7.69069
7.71633
7.74197
7.76761
7.79325
7.8189
7.84454
7.87021
7.89589
7.92154
7.94719
7.97286
7.99849
8.02414
8.04981
8.07544
8.10109
8.12672
8.15239
8.17803
8.20368
8.22935
8.255
8.28067
8.30631
8.33198
8.35765
8.3833
8.40895
8.43459
8.46024
8.48588
8.51152
8.53716
8.56282
8.58847
8.6141
8.63973
8.6654
8.69102
8.71665
8.74232
8.76798
8.79364
8.81928
8.84491
8.87053
8.89617
8.92183
8.94747
8.97311
8.99873
9.02435
9.04998
9.07563
9.10128
9.12692
9.15256
9.17822
9.20386
9.22952
9.25517
9.28078
9.30641
9.33207
9.35769
9.38331
9.40896
9.43462
9.46028
9.48595
9.5116
9.53727
9.56296
9.58867
9.61437
9.64008
9.66576
9.69145
9.71713
9.74283
9.76849
9.79419
9.81986
9.84556
9.87122
9.89689
9.92255
9.94819
9.97385
9.99951
10.0252
10.0509
10.0766
10.1023
10.128
10.1537
10.1794
10.2051
10.2308
10.2565
10.2822
10.3079
10.3336
10.3593
10.3849
10.4106
10.4363
10.462
10.4877
10.5134
10.5391
10.5647
10.5904
10.6161
10.6418
10.6675
10.6931
10.7188
10.7445
10.7702
10.7958
10.8216
10.8473
10.873
10.8987
10.9244
10.9501
10.9758
11.0014
11.0271
11.0528
11.0785
11.1041
11.1298
11.1555
11.1812
11.2069
11.2326
11.2584
11.2841
11.3098
11.3355
11.3612
11.3869
11.4126
11.4382
11.4639
11.4896
11.5153
11.5409
11.5667
11.5924
11.6182
11.6439
11.6696
11.6953
11.721
11.7467
11.7724
11.7981
11.8238
11.8495
11.8752
11.9009
11.9266
11.9523
11.978
12.0038
12.0294
12.0551
12.0808
12.1065
12.1322
12.1579
12.1836
12.2093
12.235
12.2606
12.2863
12.312
12.3377
12.3634
12.3891
12.4148
12.4404
12.4661
12.4918
12.5175
12.5432
12.5689
12.5947
12.6203
12.646
12.6717
12.6974
12.7231
12.7488
12.7745
12.8002
12.8259
12.8516
12.8773
12.903
12.9287
12.9544
12.9801
13.0058
13.0314
13.0571
13.0829
13.1085
13.1342
13.1599
13.1856
13.2113
13.2369
13.2626
13.2883
13.314
13.3398
13.3655
13.3911
13.4168
13.4424
13.4681
13.4938
13.5194
13.5451
13.5707
13.5964
13.6221
13.6477
13.6734
13.6991
13.7248
13.7505
13.7762
13.8019
13.8276
13.8533
13.879
13.9047
13.9304
13.9561
13.9818
14.0075
14.0332
14.0588
14.0845
14.1102
14.1359
14.1616
14.1872
14.2133
14.239
14.2647
14.2904
14.3161
14.3417
14.3674
14.3931
14.4188
14.4445
14.4701
14.4958
14.5215
14.5473
14.573
14.5987
14.6243
14.65
14.6757
14.7014
14.7271
14.7528
14.7784
14.8041
14.8298
14.8555
14.8812
14.9068
14.9325
14.9583
14.984
15.0096
15.0353
15.0736
15.0992
15.1249
15.1506
15.1763
15.202
15.2277
15.2534
15.279
15.3047
15.3304
15.3561
15.3818
15.4075
15.4332
15.4589
15.4846
15.5103
15.536
15.5616
15.5873
15.613
15.6387
15.6644
15.69
15.7157
15.7414
15.767
15.7927
15.8184
15.8441
15.8698
15.8955
15.9212
15.9469
15.9726
15.9983
16.024
16.0496
16.0753
16.101
16.1267
16.1523
16.178
16.2037
16.2294
16.2551
16.2808
16.3065
16.3322
16.3579
16.3836
16.4093
16.435
16.4607
16.4864
16.5121
16.5378
16.5635
16.5892
16.6149
16.6406
16.6663
16.692
16.7177
16.7434
16.7691
16.7949
16.8205
16.8462
16.8719
16.8976
16.9233
16.949
16.9747
17.0004
17.0261
17.0518
17.0775
17.1032
17.1289
17.1546
17.1803
17.206
17.2317
17.2574
17.2833
17.309
17.3347
17.3603
17.386
17.4117
17.4374
17.4631
17.4888
17.5145
17.5402
17.5659
17.5916
17.6173
17.643
17.6687
17.6944
17.7201
17.7458
17.7715
17.7972
17.8228
17.8485
17.8742
17.8999
17.9255
17.9512
17.9769
18.0025
18.0282
18.0539
18.0796
18.1053
18.131
18.1567
18.1824
18.2081
18.2338
18.2595
18.2852
18.3108
18.3365
18.3622
18.3879
18.4136
18.4392
18.4649
18.4906
18.5163
18.5419
18.5676
18.5933
18.619
18.6446
18.6703
18.696
18.7217
18.7473
18.773
18.7988
18.8245
18.8501
18.8758
18.9015
18.9272
18.9529
18.9785
19.0042
19.0299
19.0556
19.0813
19.107
19.1327
19.1584
19.1841
19.2098
19.2355
19.2612
19.2869
19.3126
19.3383
19.364
19.3897
19.4154
19.4412
19.4669
19.4926
19.5183
19.5439
19.5696
19.5953
19.621
19.6466
19.6723
19.698
19.7237
19.7494
19.775
19.8007
19.8264
19.8522
19.8778
19.9036
19.9293
19.9549
19.9807
20.0064
20.0321
20.0578
20.0835
20.1092
20.1349
20.1606
20.1863
20.212
20.2376
20.2633
20.289
20.3147
20.3403
20.3661
20.3918
20.4175
20.4432
20.4689
20.4945
20.5202
20.5459
20.5716
20.5973
20.623
20.6487
20.6744
20.7001
20.7258
20.7515
20.7771
20.8028
20.8286
20.8543
20.88
20.9057
20.9315
20.9572
20.9829
21.0086
21.0342
21.0599
21.0856
21.1113
21.137
21.1627
21.1883
21.214
21.2398
21.2655
21.2912
21.3169
21.3426
21.3683
21.394
21.4197
21.4453
21.471
21.4967
21.5224
21.5481
21.5738
21.5995
21.6252
21.6508
21.6765
21.7022
21.728
21.7537
21.7794
21.8051
21.8307
21.8564
21.8821
21.9078
21.9335
21.9591
21.9848
22.0105
22.0362
22.0618
22.0875
22.1132
22.1389
22.1645
22.1902
22.2158
22.2415
22.2672
22.2929
22.3186
22.3443
22.37
22.3957
22.4213
22.447
22.4727
22.4983
22.524
22.5498
22.5755
22.6011
22.6268
22.6525
22.6782
22.7039
22.7296
22.7553
22.781
22.8067
22.8324
22.8581
22.8838
22.9095
22.9352
22.9609
22.9866
23.0123
23.038
23.0637
23.0894
23.1151
23.1407
23.1664
23.1921
23.2178
23.2435
23.2692
23.2949
23.3206
23.3463
23.372
23.3976
23.4233
23.449
23.4746
23.5003
23.5259
23.5516
23.5773
23.6029
23.6286
23.6543
23.68
23.7057
23.7313
23.757
23.7827
23.8084
23.8341
23.8598
23.8855
23.9112
23.9369
23.9625
23.9882
24.0139
24.0396
24.0653
24.091
24.1167
24.1424
24.1681
24.1938
24.2195
24.2451
24.2708
24.2964
24.3221
24.3478
24.3734
24.3991
24.4248
24.4505
24.4762
24.5019
24.5276
24.5533
24.5789
24.6046
24.6303
24.656
24.6817
24.7074
24.7331
24.7588
24.7845
24.8102
24.8359
24.8616
24.8873
24.913
24.9387
24.9644
24.9901
25.0158
25.0415
25.0672
25.0929
25.1186
25.1443
25.17
25.1957
25.2215
25.2472
25.2728
25.2985
25.3242
25.3499
25.3756
25.4013
25.427
25.4527
25.4784
25.5041
25.5298
25.5555
25.5812
25.6069
25.6326
25.6583
25.684
25.7096
25.7353
25.761
25.7867
25.8124
25.8381
25.8638
25.8895
25.9152
25.9409
25.9666
25.9923
26.018
26.0437
26.0694
26.0952
26.1209
26.1465
26.1722
26.1979
26.2236
26.2493
26.275
26.3007
26.3264
26.3521
26.3778
26.4035
26.4291
26.4548
26.4805
26.5061
26.5318
26.5575
26.5832
26.6089
26.6346
26.6603
26.686
26.7117
26.7375
26.7632
26.7889
26.8146
26.8403
26.866
26.8917
26.9174
26.9431
26.9688
26.9945
27.0202
27.0459
27.0716
27.0973
27.1231
27.1487
27.1745
27.2002
27.2258
27.2515
27.2772
27.3029
27.3286
27.3542
27.3799
27.4057
27.4313
27.457
27.4827
27.5084
27.5341
27.5598
27.5855
27.6112
27.6369
27.6626
27.6883
27.714
27.7397
27.7655
27.7912
27.8169
27.8426
27.8682
27.894
27.9196
27.9453
27.971
27.9967
28.0224
28.0481
28.0738
28.0995
28.1251
28.1508
28.1765
28.2022
28.2279
28.2536
28.2793
28.305
28.3307
28.3563
28.382
28.4077
28.4334
28.4591
28.4848
28.5105
28.5362
28.5618
28.5875
28.6132
28.6388
28.6645
28.6902
28.7158
28.7415
28.7672
28.7929
28.8185
28.8442
28.8699
28.8956
28.9213
28.9469
28.9726
28.9984
29.0241
29.0498
29.0754
29.1011
29.1268
29.1525
29.1781
29.2038
29.2295
29.2552
29.2809
29.3066
29.3323
29.358
29.3837
29.4094
29.4351
29.4607
29.4864
29.5121
29.5378
29.5636
29.5893
29.6149
29.6406
29.6663
29.692
29.7176
29.7434
29.7691
29.7948
29.8205
29.8461
29.8718
29.8975
29.9232
29.9488
29.9745
30.0002
30.0259
30.0515
30.0772
30.1029
30.1286
30.1543
30.18
30.2057
30.2313
30.257
30.2827
30.3084
30.3341
30.3598
30.3855
30.4112
30.4369
30.4625
30.4882
30.5139
30.5396
30.5653
30.591
30.6167
30.6424
30.6681
30.6937
30.7194
30.7451
30.7708
30.7964
30.8221
30.8478
30.8734
30.8991
30.9248
30.9505
30.9762
31.0021
31.0278
31.0535
31.0791
31.1048
31.1305
31.1562
31.1819
31.2076
31.2333
31.259
31.2847
31.3104
31.3361
31.3618
31.3875
31.4131
31.4388
31.4645
31.4901
31.5158
31.5415
31.5672
31.5929
31.6186
31.6443
31.67
31.6956
31.7213
31.747
31.7727
31.7984
31.8241
31.8498
31.8755
31.9012
31.9269
31.9525
31.9783
32.0039
32.0296
32.0553
32.081
32.1067
32.1324
32.158
32.1837
32.2095
32.2352
32.2609
32.2866
32.3123
32.338
32.3637
32.3895
32.4152
32.4409
32.4665
32.4922
32.5179
32.5436
32.5693
32.595
32.6207
32.6464
32.672
32.6977
32.7234
32.7491
32.7748
32.8005
32.8261
32.8518
32.8775
32.9032
32.9288
32.9545
32.9802
33.0059
33.0316
33.0573
33.083
33.1087
33.1344
33.1601
33.1858
33.2115
33.2372
33.2628
33.2885
33.3142
33.3399
33.3655
33.3912
33.4169
33.4425
33.4682
33.4938
33.5195
33.5452
33.5708
33.5965
33.6221
33.6478
33.6734
33.6991
33.7248
33.7505
33.7762
33.8019
33.8275
33.8532
33.8789
33.9046
33.9303
33.956
33.9817
34.0074
34.0331
34.0588
34.0845
34.1102
34.1359
34.1616
34.1873
34.2129
34.2386
34.2643
34.29
34.3157
34.3414
34.3671
34.3927
34.4184
34.4441
34.4698
34.4955
34.5212
34.5469
34.5726
34.5982
34.6239
34.6496
34.6753
34.7009
34.7266
34.7523
34.778
34.8037
34.8294
34.8551
34.8808
34.9065
34.9322
34.9578
34.9835
35.0092
35.0349
35.0605
35.0862
35.1119
35.1375
35.1632
35.1889
35.2146
35.2403
35.266
35.2916
35.3173
35.343
35.3687
35.3944
35.4201
35.4458
35.4715
35.4971
35.5228
35.5485
35.5742
35.5999
35.6256
35.6512
35.677
35.7027
35.7284
35.754
35.7797
35.8054
35.8311
35.8568
35.8825
35.9082
35.9339
35.9595
35.9852
36.0109
36.0366
36.0622
36.0937
36.1194
36.145
36.1707
36.1964
36.2221
36.2478
36.2735
36.2992
36.3249
36.3506
36.3762
36.4019
36.4276
36.4533
36.479
36.5047
36.5304
36.5561
36.5818
36.6075
36.6332
36.6589
36.6846
36.7103
36.736
36.7617
36.7873
36.813
36.8387
36.8644
36.8901
36.9158
36.9415
36.9672
36.9929
37.0186
37.0443
37.07
37.0957
37.1214
37.1471
37.1727
37.1984
37.224
37.2497
37.2754
37.3011
37.3268
37.3524
37.3781
37.4038
37.4295
37.4552
37.4809
37.5066
37.5323
37.558
37.5837
37.6094
37.6351
37.6608
37.6865
37.7122
37.7379
37.7636
37.7893
37.815
37.8407
37.8664
37.8921
37.9178
37.9435
37.9692
37.9949
38.0206
38.0463
38.072
38.0977
38.1234
38.149
38.1747
38.2004
38.2261
38.2518
38.2775
38.3032
38.3289
38.3546
38.3803
38.406
38.4317
38.4574
38.4831
38.5088
38.5345
38.5602
38.5858
38.6115
38.6372
38.6628
38.6885
38.7142
38.7399
38.7656
38.7913
38.817
38.8427
38.8684
38.8941
38.9198
38.9455
38.9712
38.9968
39.0225
39.0482
39.0739
39.0996
39.1254
39.151
39.1767
39.2024
39.2281
39.2538
39.2794
39.3051
39.3308
39.3565
39.3821
39.4079
39.4335
39.4592
39.4849
39.5106
39.5363
39.5619
39.5876
39.6133
39.639
39.6647
39.6904
39.7161
39.7418
39.7675
39.7931
39.8188
39.8445
39.8702
39.8959
39.9216
39.9473
39.9731
39.9987
40.0244
40.0501
40.0758
40.1015
40.1272
40.1529
40.1787
40.2043
40.23
40.2557
40.2814
40.3071
40.3328
40.3585
40.3842
40.4099
40.4356
40.4613
40.487
40.5127
40.5384
40.5641
40.5898
40.6155
40.6412
40.6669
40.6926
40.7183
40.744
40.7697
40.7954
40.8211
40.8468
40.8725
40.8982
40.9239
40.9496
40.9752
41.0009
41.0266
41.0522
41.0779
41.1036
41.1293
41.155
41.1807
41.2064
41.2321
41.2578
41.2834
41.3091
41.3348
41.3605
41.3862
41.4119
41.4375
41.4632
41.4889
41.5146
41.5403
41.5659
41.5916
41.6173
41.643
41.6687
41.6943
41.72
41.7457
41.7714
41.7971
41.8228
41.8484
41.8742
41.8999
41.9255
41.9512
41.9769
42.0026
42.0282
42.0539
42.0796
42.1053
42.131
42.1567
42.1823
42.208
42.2337
42.2594
42.2851
42.3108
42.3364
42.3621
42.3878
42.4135
42.4392
42.4649
42.4905
42.5162
42.5419
42.5676
42.5933
42.619
42.6446
42.6703
42.696
42.7217
42.7474
42.7731
42.7988
42.8245
42.8501
42.8758
42.9015
42.9272
42.9529
42.9786
43.0043
43.03
43.0557
43.0815
43.1071
43.1328
43.1585
43.1842
43.2099
43.2356
43.2613
43.287
43.3127
43.3384
43.3641
43.3898
43.4155
43.4412
43.4668
43.4924
43.5181
43.5438
43.5695
43.5951
43.6208
43.6465
43.6721
43.6978
43.7235
43.7492
43.7749
43.8005
43.8262
43.8519
43.8776
43.9033
43.929
43.9547
43.9803
44.006
44.0317
44.0574
44.0831
44.1088
44.1345
44.1602
44.1859
44.2115
44.2373
44.2629
44.2886
44.3143
44.34
44.3657
44.3914
44.4171
44.4428
44.4684
44.4941
44.5198
44.5455
44.5712
44.5969
44.6226
44.6483
44.674
44.6997
44.7254
44.7511
44.7768
44.8025
44.8282
44.8539
44.8796
44.9053
44.931
44.9567
44.9824
45.0081
45.0338
45.0595
45.0852
45.1109
45.1366
45.1623
45.188
45.2137
45.2394
45.2651
45.2908
45.3165
45.3422
45.3679
45.3936
45.4193
45.445
45.4706
45.4963
45.522
45.5477
45.5734
45.5991
45.6248
45.6505
45.6762
45.7019
45.7276
45.7533
45.7789
45.8046
45.8303
45.8559
45.8816
45.9073
45.933
45.9587
45.9844
46.0101
46.0358
46.0615
46.0872
46.1129
46.1386
46.1643
46.1899
46.2156
46.2418
46.2676
46.2933
46.319
46.3447
46.3704
46.3961
46.4218
46.4475
46.4733
46.499
46.5246
46.5503
46.576
46.6017
46.6274
46.6531
46.6788
46.7045
46.7301
46.7558
46.7815
46.8072
46.8329
46.8586
46.8842
46.9099
46.9356
46.9613
46.987
47.0127
47.0384
47.064
47.0897
47.1154
47.1411
47.1668
47.1924
47.2181
47.2438
47.2695
47.2951
47.3208
47.3465
47.3721
47.3978
47.4235
47.4492
47.4749
47.5005
47.5262
47.552
47.5776
47.6033
47.629
47.6547
47.6804
47.7061
47.7318
47.7575
47.7832
47.8089
47.8346
47.8602
47.8859
47.9116
47.9373
47.963
47.9887
48.0143
48.04
48.0657
48.0914
48.117
48.1427
48.1684
48.1941
48.2197
48.2454
48.2711
48.2968
48.3225
48.3482
48.3739
48.3996
48.4253
48.451
48.4873
48.513
48.5387
48.5644
48.5901
48.6157
48.6414
48.6671
48.6928
48.7185
48.7442
48.7699
48.7956
48.8213
48.847
48.8727
48.8984
48.924
48.9497
48.9754
49.0011
49.0268
49.0524
49.0781
49.1039
49.1296
49.1553
49.181
49.2067
49.2324
49.2581
49.2837
49.3094
49.3351
49.3608
49.3864
49.4121
49.4378
49.4634
49.4891
49.5148
49.5405
49.5662
49.5919
49.6176
49.6432
49.6689
49.6946
49.7203
49.746
49.7717
49.7974
49.8231
49.8488
49.8745
49.9002
49.9259
49.9516
49.9772
50.003
50.0286
50.0543
50.08
50.1057
50.1313
50.157
50.1827
50.2084
50.234
50.2598
50.2854
50.3111
50.3368
50.3625
50.3882
50.4139
50.4396
50.4653
50.491
50.5167
50.5424
50.5681
50.5938
50.6195
50.6452
50.6709
50.6966
50.7223
50.748
50.7737
50.7994
50.825
50.8507
50.8764
50.9021
50.9278
50.9535
50.9792
51.0049
51.0306
51.0563
51.082
51.1077
51.1334
51.1591
51.1848
51.2105
51.2362
51.2619
51.2876
51.3133
51.339
51.3647
51.3903
51.416
51.4418
51.4675
51.4932
51.5189
51.5446
51.5703
51.596
51.6217
51.6474
51.6731
51.6988
51.7245
51.7502
51.7759
51.8016
51.8273
51.853
51.8787
51.9044
51.9301
51.9558
51.9815
52.0072
52.0329
52.0586
52.0843
52.11
52.1357
52.1614
52.187
52.2127
52.2384
52.2641
52.2934
52.3191
52.3447
52.3704
52.3962
52.4219
52.4476
52.4733
52.499
52.5247
52.5504
52.5761
52.6018
52.6275
52.6532
52.6789
52.7046
52.7303
52.756
52.7816
52.8074
52.8331
52.8588
52.8845
52.9101
52.9359
52.9616
52.9873
53.013
53.0386
53.0643
53.09
53.1157
53.1414
53.167
53.1927
53.2184
53.2441
53.2699
53.2956
53.3213
53.347
53.3727
53.3984
53.4241
53.4498
53.4754
53.5011
53.5267
53.5525
53.5781
53.6038
53.6295
53.6552
53.6809
53.7066
53.7323
53.758
53.7837
53.8095
53.8352
53.8608
53.8865
53.9122
53.9379
53.9636
53.9893
54.015
54.0407
54.0664
54.0921
54.1178
54.1435
54.1691
54.1949
54.2206
54.2463
54.272
54.2977
54.3234
54.3491
54.3747
54.4004
54.4261
54.4518
54.4774
54.5031
54.5288
54.5545
54.5802
54.6059
54.6316
54.6572
54.6829
54.7086
54.7343
54.76
54.7857
54.8114
54.8371
54.8628
54.8885
54.9142
54.9399
54.9656
54.9912
55.0169
55.0426
55.0683
55.094
55.1197
55.1454
55.1711
55.1967
55.2224
55.2481
55.2738
55.2995
55.3252
55.3509
55.3766
55.4023
55.428
55.4537
55.4794
55.5051
55.5308
55.5565
55.5822
55.6078
55.6335
55.6592
55.6849
55.7106
55.7363
55.762
55.7877
55.8134
55.8391
55.8648
55.8904
55.9162
55.9419
55.9676
55.9933
56.019
56.0447
56.0704
56.0961
56.1218
56.1475
56.1732
56.1989
56.2246
56.2503
56.276
56.3016
56.3273
56.353
56.3787
56.4044
56.4301
56.4558
56.4815
56.5072
56.5328
56.5585
56.5842
56.6098
56.6355
56.6612
56.6868
56.7125
56.7382
56.7639
56.7896
56.8153
56.841
56.8667
56.8924
56.9242
56.9576
56.9833
57.0089
57.0346
57.0603
57.086
57.1117
57.1374
57.1631
57.1888
57.2145
57.2402
57.2659
57.2916
57.3173
57.343
57.3687
57.3944
57.4201
57.4458
57.4715
57.4972
57.5229
57.5486
57.5743
57.6
57.6256
57.6513
57.677
57.7027
57.7284
57.7541
57.7798
57.8055
57.8312
57.8569
57.8826
57.9083
57.934
57.9597
57.9854
58.0111
58.0367
58.0624
58.0881
58.1138
58.1395
58.1652
58.1909
58.2166
58.2423
58.268
58.2937
58.3194
58.3451
58.3709
58.3966
58.4223
58.448
58.4737
58.4993
58.525
58.5507
58.5763
58.6021
58.6278
58.6535
58.6792
58.7049
58.7306
58.7563
58.782
58.8077
58.8334
58.8591
58.8847
58.9104
58.9362
58.9619
58.9876
59.0133
59.039
59.0647
59.0904
59.1161
59.1418
59.1675
59.1932
59.2189
59.2446
59.2703
59.296
59.3217
59.3473
59.373
59.3987
59.4244
59.4501
59.4758
59.5015
59.5272
59.5529
59.5786
59.6043
59.63
59.6557
59.6814
59.7071
59.7327
59.7584
59.7841
59.8098
59.8355
59.8612
59.8869
59.9126
59.9383
59.964
59.9897
60.0154
60.0411
60.0668
60.0925
60.1182
60.1439
60.1695
60.1952
60.2209
60.2466
60.2723
60.298
60.3237
60.3494
60.3751
60.4008
60.4265
60.4522
60.4779
60.5036
60.5293
60.555
60.5807
60.6063
60.632
60.6577
60.6833
60.709
60.7347
60.7604
60.7861
60.8118
60.8375
60.8631
60.8888
60.9145
60.9402
60.9658
60.9915
61.0172
61.0429
61.0685
61.0942
61.1199
61.1456
61.1713
61.197
61.2226
61.2483
61.274
61.2997
61.3254
61.3513
61.377
61.4027
61.4284
61.4541
61.4798
61.5055
61.5312
61.5569
61.5826
61.6083
61.634
61.6597
61.6853
61.7111
61.7368
61.7624
61.7881
61.8138
61.8395
61.8652
61.8908
61.9165
61.9422
61.9679
61.9937
62.0194
62.0451
62.0708
62.0964
62.1221
62.1478
62.1735
62.1992
62.2249
62.2506
62.2764
62.3021
62.3278
62.3535
62.3792
62.4049
62.4306
62.4563
62.482
62.5077
62.5334
62.559
62.5847
62.6104
62.6361
62.6618
62.6875
62.7132
62.7389
62.7646
62.7903
62.816
62.8417
62.8674
62.8931
62.9188
62.9445
62.9701
62.9958
63.0215
63.0472
63.0729
63.0986
63.1243
63.15
63.1757
63.2014
63.2271
63.2528
63.2785
63.3042
63.33
63.3556
63.3814
63.4071
63.4327
63.4584
63.4841
63.5098
63.5354
63.5611
63.5868
63.6124
63.6381
63.6638
63.6895
63.7152
63.7409
63.7666
63.7922
63.8179
63.8437
63.8694
63.8951
63.9208
63.9465
63.9722
63.9979
64.0236
64.0493
64.075
64.1007
64.1264
64.1521
64.1777
64.2034
64.2291
64.2548
64.2882
64.3139
64.3396
64.3653
64.391
64.4167
64.4424
64.4681
64.4938
64.5195
64.5452
64.5709
64.5966
64.6223
64.648
64.6737
64.6994
64.7251
64.7508
64.7765
64.8022
64.8279
64.8535
64.8792
64.9049
64.9306
64.9563
64.982
65.0077
65.0334
65.0591
65.0848
65.1105
65.1362
65.1619
65.1875
65.2132
65.2389
65.2646
65.2903
65.316
65.3417
65.3674
65.3931
65.4187
65.4444
65.4701
65.4958
65.5215
65.5472
65.5728
65.5985
65.6242
65.6499
65.6755
65.7012
65.7269
65.7526
65.7783
65.8039
65.8296
65.8553
65.881
65.9068
65.9325
65.9582
65.9839
66.0096
66.0353
66.0609
66.0866
66.1123
66.1381
66.1638
66.1895
66.2151
66.2408
66.2665
66.2922
66.3179
66.3435
66.3692
66.3949
66.4206
66.4463
66.472
66.4977
66.5234
66.5491
66.5748
66.6005
66.6261
66.6518
66.6776
66.7033
66.7289
66.7546
66.7803
66.806
66.8317
66.8574
66.8831
66.9087
66.9345
66.9602
66.9859
67.0116
67.0373
67.063
67.0887
67.1144
67.1401
67.1658
67.1915
67.2172
67.2429
67.2686
67.2942
67.3199
67.3456
67.3713
67.397
67.4227
67.4484
67.4741
67.4998
67.5255
67.5512
67.5769
67.6026
67.6282
67.6539
67.6796
67.7053
67.731
67.7567
67.7824
67.8081
67.8338
67.8595
67.8852
67.9109
67.9366
67.9623
67.988
68.0137
68.0394
68.0651
68.0908
68.1165
68.1422
68.1679
68.1936
68.2193
68.245
68.2707
68.2964
68.3221
68.3478
68.3735
68.3992
68.4249
68.4506
68.4763
68.5021
68.5278
68.5535
68.5792
68.6049
68.6306
68.6563
68.682
68.7077
68.7334
68.7591
68.7849
68.8106
68.8363
68.862
68.8877
68.9134
68.9391
68.9648
68.9905
69.0162
69.0419
69.0676
69.0933
69.119
69.1447
69.1704
69.1961
69.2218
69.2475
69.2732
69.2989
69.3246
69.3502
69.376
69.4016
69.4273
69.453
69.4787
69.5044
69.5301
69.5558
69.5815
69.6072
69.6328
69.6585
69.6842
69.7099
69.7356
69.7613
69.787
69.8127
69.8384
69.8641
69.8898
69.9154
69.9411
69.9668
69.9925
70.0182
70.0439
70.0696
70.0953
70.121
70.1467
70.1723
70.198
70.2237
70.2494
70.2752
70.3008
70.3265
70.3522
70.3779
70.4036
70.4293
70.455
70.4807
70.5064
70.5321
70.5578
70.5835
70.6092
70.6349
70.6605
70.6862
70.7119
70.7376
70.7633
70.789
70.8147
70.8404
70.8661
70.8918
70.9175
70.9432
70.9688
70.9945
71.0202
71.0459
71.0716
71.0973
71.123
71.1487
71.1744
71.2002
71.2259
71.2516
71.2773
71.303
71.3287
71.3544
71.3801
71.4058
71.4315
71.4571
71.4828
71.5085
71.5342
71.5599
71.5855
71.6112
71.6368
71.6625
71.6882
71.7138
71.7395
71.7653
71.7909
71.8166
71.8423
71.868
71.8937
71.9194
71.945
71.9707
71.9965
72.0222
72.0478
72.0735
72.0993
72.125
72.1506
72.1764
72.2021
72.2278
72.2535
72.2792
72.3049
72.3306
72.3563
72.382
72.4077
72.4334
72.4591
72.4848
72.5105
72.5362
72.5619
72.5876
72.6133
72.639
72.6647
72.6904
72.7161
72.7418
72.7675
72.7932
72.8189
72.8446
72.8703
72.8961
72.9218
72.9474
72.9731
72.9988
73.0245
73.0502
73.0759
73.1016
73.1273
73.153
73.1787
73.2044
73.2301
73.2558
73.2815
73.3072
73.3329
73.3586
73.3843
73.41
73.4357
73.4613
73.487
73.5127
73.5384
73.5641
73.5897
73.6154
73.6411
73.6668
73.6924
73.7181
73.7438
73.7694
73.7951
73.8208
73.8464
73.8721
73.8978
73.9235
73.9494
73.9751
74.0008
74.0265
74.0522
74.0779
74.1036
74.1292
74.1549
74.1806
74.2063
74.2319
74.2576
74.2833
74.309
74.3347
74.3604
74.3861
74.4118
74.4375
74.4632
74.4889
74.5146
74.5403
74.566
74.5916
74.6174
74.6431
74.6687
74.6944
74.7202
74.7459
74.7716
74.7973
74.8229
74.8488
74.8745
74.9002
74.9259
74.9516
74.9773
75.003
75.0287
75.0544
75.0801
75.1058
75.1314
75.1572
75.1829
75.2086
75.2343
75.26
75.2857
75.3114
75.3371
75.3628
75.3885
75.4142
75.4399
75.4656
75.4913
75.5169
75.5426
75.5683
75.594
75.6197
75.6453
75.671
75.6967
75.7224
75.7481
75.774
75.7997
75.8254
75.8511
75.8768
75.9025
75.9281
75.9538
75.9795
76.0052
76.0309
76.0566
76.0823
76.1079
76.1336
76.1593
76.185
76.2107
76.2364
76.2621
76.2878
76.3135
76.3392
76.3649
76.3906
76.4163
76.4419
76.4677
76.4934
76.519
76.5447
76.5704
76.5962
76.6219
76.6475
76.6732
76.6989
76.7246
76.7503
76.776
76.8017
76.8274
76.8531
76.8788
76.9045
76.9302
76.9559
76.9816
77.0073
77.033
77.0587
77.0844
77.1101
77.1357
77.1614
77.1871
77.2128
77.2385
77.2642
77.2899
77.3155
77.3412
77.3669
77.3926
77.4184
77.4441
77.4698
77.4955
77.5212
77.5469
77.5726
77.5983
77.624
77.6497
77.6754
77.7011
77.7268
77.7525
77.7782
77.8039
77.8296
77.8553
77.881
77.9067
77.9324
77.9581
77.9838
78.0095
78.0352
78.0609
78.0866
78.1123
78.1379
78.1636
78.1893
78.215
78.2407
78.2664
78.2921
78.3178
78.3435
78.3693
78.395
78.4207
78.4464
78.4721
78.4978
78.5235
78.5492
78.5749
78.6006
78.6262
78.6519
78.6776
78.7033
78.729
78.7547
78.7804
78.8061
78.8318
78.8575
78.8832
78.9089
78.9346
78.9602
78.9859
79.0116
79.0374
79.063
79.0887
79.1144
79.1401
79.1658
79.1916
79.2172
79.2429
79.2686
79.2943
79.32
79.3457
79.3714
79.3971
79.4228
79.4485
79.4742
79.4999
79.5256
79.5513
79.577
79.6027
79.6284
79.6541
79.6798
79.7055
79.7312
79.7569
79.7827
79.8083
79.834
79.8597
79.8854
79.9112
79.9368
79.9626
79.9883
80.014
80.0397
80.0654
80.0911
80.1168
80.1425
80.1682
80.1939
80.2195
80.2452
80.2709
80.2966
80.3223
80.3481
80.3738
80.3995
80.4252
80.4509
80.4766
80.5023
80.528
80.5537
80.5794
80.6051
80.6308
80.6565
80.6822
80.7079
80.7336
80.7593
80.785
80.8107
80.8364
80.8621
80.8878
80.9135
80.9392
80.9649
80.9906
81.0163
81.042
81.0677
81.0934
81.1191
81.1448
81.1705
81.1962
81.2219
81.2476
81.2733
81.299
81.3247
81.3504
81.3762
81.4018
81.4275
81.4532
81.4789
81.5047
81.5304
81.556
81.5818
81.6082
81.6375
81.6632
81.6889
81.7146
81.7403
81.766
81.7917
81.8174
81.8431
81.8688
81.8945
81.9202
81.9459
81.9716
81.9973
82.023
82.0487
82.0744
82.1001
82.1258
82.1515
82.1773
82.203
82.2286
82.2543
82.28
82.3057
82.3314
82.3571
82.3828
82.4085
82.4342
82.4599
82.4856
82.5113
82.537
82.5627
82.5884
82.6141
82.6398
82.6655
82.6912
82.7169
82.7426
82.7683
82.794
82.8197
82.8454
82.8711
82.8968
82.9225
82.9482
82.9739
82.9996
83.0253
83.0509
83.0767
83.1024
83.1281
83.1538
83.1795
83.2052
83.2309
83.2566
83.2823
83.308
83.3337
83.3594
83.3851
83.4108
83.4365
83.4622
83.4879
83.5135
83.5392
83.5649
83.5905
83.6162
83.6419
83.6675
83.6932
83.719
83.7446
83.7703
83.796
83.8218
83.8474
83.8732
83.8989
83.9246
83.9503
83.9761
84.0018
84.0275
84.0532
84.0789
84.1046
84.1303
84.156
84.1817
84.2074
84.2331
84.2588
84.2845
84.3102
84.3359
84.3616
84.3873
84.413
84.4387
84.4643
84.49
84.5157
84.5414
84.567
84.5927
84.6184
84.644
84.6697
84.6954
84.7211
84.7468
84.7725
84.7982
84.8239
84.8496
84.8753
84.901
84.9267
84.9523
84.978
85.0036
85.0294
85.0551
85.0807
85.1064
85.1321
85.1578
85.1835
85.2092
85.2348
85.2605
85.2863
85.3119
85.3376
85.3633
85.389
85.4147
85.4404
85.4661
85.4918
85.5175
85.5432
85.569
85.5946
85.6203
85.646
85.6719
85.6976
85.7233
85.749
85.7747
85.8004
85.8261
85.8518
85.8775
85.9032
85.9289
85.9546
85.9803
86.006
86.0317
86.0574
86.0831
86.1088
86.1345
86.1602
86.1859
86.2116
86.2373
86.263
86.2887
86.3144
86.3401
86.3658
86.3916
86.4173
86.443
86.4687
86.4944
86.5201
86.546
86.5717
86.5973
86.623
86.6487
86.6743
86.7
86.7256
86.7514
86.7771
86.8028
86.8285
86.8542
86.8799
86.9056
86.9313
86.9571
86.9827
87.0084
87.0341
87.0598
87.0856
87.1113
87.137
87.1627
87.1884
87.2141
87.2398
87.2655
87.2912
87.3169
87.3426
87.3683
87.394
87.4197
87.4454
87.4713
87.497
87.5228
87.5485
87.5742
87.5999
87.6256
87.6513
87.677
87.7027
87.7284
87.7541
87.7799
87.8056
87.8313
87.857
87.8826
87.9084
87.9341
87.9598
87.9855
88.0112
88.0369
88.0627
88.0884
88.1141
88.1398
88.1655
88.1912
88.2169
88.2426
88.2684
88.294
88.3198
88.3455
88.3712
88.3969
88.4226
88.4483
88.474
88.4997
88.5255
88.5512
88.5769
88.6026
88.6283
88.654
88.6797
88.7054
88.7311
88.7568
88.7825
88.8082
88.8339
88.8595
88.8852
88.9109
88.9366
88.9623
88.9881
89.0138
89.0395
89.0652
89.0909
89.1166
89.1423
89.168
89.1936
89.2193
89.2452
89.2709
89.2966
89.3223
89.348
89.3737
89.3994
89.4251
89.4508
89.4765
89.5022
89.5279
89.5536
89.5793
89.605
89.6307
89.6564
89.6821
89.7078
89.7335
89.7592
89.7849
89.8106
89.8414
89.867
89.8928
89.9184
89.9441
89.9698
89.9955
90.0212
90.0469
90.0726
90.0983
90.124
90.1497
90.1754
90.2011
90.2268
90.2525
90.2782
90.3039
90.3296
90.3553
90.381
90.4067
90.4324
90.4581
90.4838
90.5095
90.5352
90.5609
90.5867
90.6124
90.6381
90.6637
90.6894
90.7152
90.7408
90.7665
90.7922
90.8178
90.8435
90.8693
90.8949
90.9206
90.9463
90.9719
90.9976
91.0233
91.049
91.0747
91.1004
91.1261
91.1518
91.1774
91.2031
91.2288
91.2545
91.2802
91.3059
91.3315
91.3572
91.3829
91.4087
91.4344
91.4601
91.4858
91.5115
91.5372
91.5629
91.5886
91.6143
91.64
91.6657
91.6914
91.7171
91.7428
91.7684
91.7941
91.8198
91.8455
91.8712
91.8969
91.9226
91.9483
91.974
91.9997
92.0254
92.0511
92.0768
92.1025
92.1282
92.1539
92.1796
92.2053
92.231
92.2567
92.2824
92.3081
92.3338
92.3595
92.3852
92.4109
92.4366
92.4622
92.4879
92.5136
92.5393
92.565
92.5907
92.6164
92.6421
92.6677
92.6934
92.7191
92.7448
92.7705
92.7962
92.8219
92.8476
92.8733
92.899
92.9247
92.9504
92.976
93.0017
93.0274
93.0531
93.0788
93.1044
93.1301
93.1558
93.1815
93.2071
93.2328
93.2585
93.2842
93.3099
93.3356
93.3613
93.3869
93.4126
93.4383
93.464
93.4896
93.5153
93.5409
93.5666
93.5922
93.6179
93.6436
93.6693
93.695
93.7207
93.7464
93.7721
93.7978
93.8235
93.8491
93.8748
93.9005
93.9262
93.9519
93.9776
94.0033
94.029
94.0547
94.0804
94.1061
94.1318
94.1575
94.1832
94.2089
94.2346
94.2603
94.286
94.3117
94.3374
94.363
94.3888
94.4143
94.44
94.4655
94.4912
94.5168
94.5424
94.5681
94.5938
94.6194
94.6451
94.6708
94.6965
94.7222
94.7478
94.7735
94.7992
94.825
94.8507
94.8763
94.902
94.9277
94.9534
94.9791
95.0048
95.0305
95.0561
95.0818
95.1075
95.1332
95.1589
95.1846
95.2102
95.2359
95.2616
95.2873
95.313
95.3425
95.3682
95.3939
95.4196
95.4453
95.471
95.4967
95.5224
95.5481
95.5738
95.5995
95.6252
95.6509
95.6765
95.7022
95.7279
95.7536
95.7793
95.805
95.8306
95.8563
95.882
95.9077
95.9334
95.9591
95.9847
96.0105
96.0361
96.0618
96.0875
96.1132
96.1389
96.1646
96.1903
96.2159
96.2417
96.2673
96.293
96.3187
96.3444
96.3701
96.3958
96.4215
96.4472
96.4729
96.4986
96.5243
96.55
96.5756
96.6013
96.627
96.6527
96.6784
96.7041
96.7297
96.7555
96.7812
96.8069
96.8326
96.8583
96.884
96.9097
96.9354
96.961
96.9867
97.0124
97.0381
97.0637
97.0894
97.1151
97.1408
97.1665
97.1922
97.2179
97.2436
97.2693
97.295
97.3207
97.3464
97.3721
97.3978
97.4234
97.4491
97.4748
97.5004
97.5261
97.5518
97.5775
97.6032
97.6289
97.6546
97.6803
97.706
97.7317
97.7574
97.7831
97.8087
97.8344
97.8601
97.8858
97.9114
97.9371
97.9628
97.9885
98.0142
98.0399
98.0656
98.0913
98.117
98.1427
98.1683
98.194
98.2197
98.2454
98.2711
98.2968
98.3225
98.3482
98.3739
98.3995
98.4252
98.4509
98.4766
98.5022
98.5279
98.5536
98.5792
98.6049
98.6306
98.6563
98.682
98.7077
98.7334
98.759
98.7847
98.8104
98.8361
98.8618
98.8875
98.9132
98.9389
98.9646
98.9903
99.016
99.0417
99.0674
99.0931
99.1188
99.1445
99.1702
99.1958
99.2215
99.2472
99.2729
99.2986
99.3243
99.35
99.3756
99.4013
99.427
99.4528
99.4785
99.5041
99.5298
99.5554
99.5811
99.6068
99.6325
99.6581
99.6838
99.7095
99.7351
99.7608
99.7865
99.8122
99.8379
99.8636
99.8893
99.915
99.9407
99.9663
99.992
100.018
100.044
100.069
100.113
100.139
100.165
100.191
100.216
100.242
100.268
100.293
100.319
100.345
100.37
100.396
100.422
100.448
100.473
100.499
100.525
100.55
100.576
100.602
100.627
100.653
100.679
100.704
100.73
100.756
100.782
100.807
100.833
100.859
100.884
100.91
100.936
100.961
100.987
101.013
101.039
101.064
101.09
101.116
101.141
101.167
101.193
101.218
101.244
101.27
101.295
101.321
101.347
101.372
101.398
101.424
101.449
101.475
101.501
101.526
101.552
101.578
101.604
101.629
101.655
101.681
101.706
101.732
101.758
101.783
101.809
101.835
101.86
101.886
101.912
101.937
101.963
101.989
102.014
102.04
102.066
102.091
102.117
102.143
102.168
102.194
102.22
102.245
102.271
102.297
102.323
102.348
102.374
102.4
102.425
102.451
102.477
102.502
102.528
102.554
102.58
102.605
102.631
102.657
102.682
102.708
102.734
102.759
102.785
102.811
102.836
102.862
102.888
102.913
102.939
102.965
102.991
103.016
103.042
103.068
103.093
103.119
103.145
103.17
103.196
103.222
103.247
103.273
103.299
103.325
103.35
103.376
103.402
103.427
103.453
103.479
103.504
103.53
103.556
103.581
103.607
103.633
103.658
103.684
103.71
103.735
103.761
103.787
103.812
103.838
103.864
103.889
103.915
103.941
103.966
103.992
104.018
104.043
104.069
104.095
104.12
104.146
104.172
104.198
104.223
104.249
104.275
104.3
104.326
104.352
104.377
104.403
104.429
104.454
104.48
104.506
104.531
104.557
104.583
104.609
104.634
104.66
104.686
104.711
104.737
104.763
104.788
104.814
104.84
104.866
104.891
104.917
104.943
104.968
104.994
105.02
105.045
105.071
105.097
105.122
105.148
105.174
105.199
105.225
105.251
105.276
105.302
105.328
105.353
105.379
105.405
105.431
105.456
105.482
105.508
105.533
105.559
105.585
105.61
105.636
105.662
105.687
105.713
105.739
105.765
105.79
105.816
105.842
105.867
105.893
105.919
105.944
105.97
105.996
106.021
106.047
106.073
106.098
106.124
106.15
106.175
106.201
106.227
106.253
106.278
106.304
106.33
106.355
106.381
106.407
106.432
106.458
106.484
106.51
106.535
106.561
106.587
106.612
106.638
106.664
106.69
106.715
106.741
106.767
106.792
106.818
106.844
106.87
106.895
106.921
106.947
106.972
106.998
107.024
107.049
107.075
107.101
107.127
107.152
107.178
107.204
107.229
107.255
107.281
107.306
107.332
107.358
107.384
107.409
107.435
107.461
107.486
107.512
107.538
107.564
107.589
107.615
107.641
107.666
107.692
107.718
107.744
107.769
107.795
107.821
107.846
107.872
107.898
107.923
107.949
107.975
108
108.026
108.052
108.077
108.103
108.129
108.154
108.18
108.206
108.231
108.257
108.283
108.308
108.334
108.36
108.386
108.411
108.437
108.463
108.488
108.514
108.54
108.565
108.591
108.617
108.642
108.668
108.694
108.72
108.745
108.771
108.797
108.822
108.848
108.874
108.9
108.925
108.951
108.977
109.002
109.028
109.054
109.08
109.105
109.131
109.157
109.182
109.208
109.234
109.259
109.285
109.311
109.336
109.362
109.388
109.414
109.439
109.465
109.491
109.516
109.542
109.568
109.593
109.619
109.645
109.67
109.696
109.722
109.748
109.773
109.799
109.825
109.85
109.876
109.902
109.927
109.953
109.979
110.005
110.03
110.056
110.082
110.107
110.133
110.159
110.184
110.21
110.236
110.261
110.287
110.313
110.338
110.364
110.39
110.415
110.441
110.467
110.493
110.518
110.544
110.57
110.595
110.621
110.647
110.672
110.698
110.724
110.75
110.775
110.801
110.827
110.852
110.878
110.904
110.929
110.955
110.981
111.006
111.032
111.058
111.084
111.109
111.135
111.161
111.186
111.212
111.238
111.263
111.289
111.315
111.341
111.366
111.392
111.418
111.443
111.469
111.495
111.52
111.546
111.572
111.597
111.623
111.649
111.675
111.7
111.726
111.752
111.777
111.803
111.829
111.854
111.88
111.906
111.932
111.957
111.983
112.009
112.034
112.06
112.086
112.111
112.137
112.163
112.188
112.214
112.24
112.265
112.291
112.317
112.343
112.368
112.394
112.42
112.445
112.471
112.497
112.522
112.548
112.574
112.599
112.625
112.651
112.677
112.702
112.728
112.754
112.779
112.805
112.831
112.856
112.882
112.908
112.934
112.959
112.985
113.011
113.036
113.062
113.088
113.113
113.139
113.165
113.191
113.216
113.242
113.268
113.293
113.319
113.345
113.37
113.396
113.422
113.447
113.473
113.499
113.524
113.55
113.576
113.601
113.627
113.653
113.678
113.704
113.73
113.755
113.781
113.807
113.832
113.858
113.884
113.909
113.935
113.961
113.987
114.012
114.038
114.064
114.089
114.115
114.141
114.166
114.192
114.218
114.243
114.269
114.295
114.32
114.346
114.372
114.398
114.423
114.449
114.475
114.5
114.526
114.552
114.577
114.603
114.629
114.654
114.68
114.706
114.731
114.757
114.783
114.808
114.834
114.86
114.886
114.911
114.937
114.963
114.988
115.014
115.04
115.065
115.091
115.117
115.142
115.168
115.194
115.219
115.245
115.271
115.297
115.322
115.348
115.374
115.399
115.425
115.451
115.476
115.502
115.528
115.553
115.579
115.605
115.63
115.656
115.682
115.708
115.733
115.759
115.785
115.81
115.836
115.862
115.887
115.913
115.939
115.964
115.99
116.016
116.042
116.067
116.093
116.119
116.144
116.17
116.196
116.221
116.247
116.273
116.298
116.324
116.35
116.376
116.401
116.427
116.453
116.478
116.504
116.53
116.555
116.581
116.607
116.632
116.658
116.684
116.709
116.735
116.761
116.787
116.812
116.838
116.864
116.889
116.915
116.941
116.966
116.992
117.018
117.044
117.069
117.095
117.121
117.146
117.172
117.198
117.224
117.249
117.275
117.301
117.326
117.352
117.378
117.404
117.429
117.455
117.481
117.506
117.532
117.558
117.583
117.609
117.635
117.661
117.686
117.712
117.738
117.763
117.789
117.815
117.841
117.866
117.892
117.918
117.943
117.969
117.995
118.021
118.046
118.072
118.098
118.123
118.149
118.175
118.201
118.226
118.252
118.278
118.303
118.329
118.355
118.381
118.406
118.432
118.458
118.483
118.509
118.535
118.56
118.586
118.612
118.638
118.663
118.689
118.715
118.74
118.766
118.792
118.817
118.843
118.869
118.895
118.92
118.946
118.972
118.997
119.023
119.049
119.074
119.1
119.126
119.151
119.177
119.203
119.229
119.254
119.28
119.306
119.331
119.357
119.383
119.409
119.434
119.46
119.486
119.511
119.537
119.563
119.588
119.614
119.64
119.665
119.691
119.717
119.743
119.768
119.794
119.82
119.845
119.871
119.897
119.922
119.948
119.974
120
120.025
120.051
120.077
120.102
120.128
120.154
120.179
120.205
120.231
120.256
120.282
120.308
120.334
120.359
120.385
120.411
120.436
120.462
120.488
120.514
120.539
120.565
120.591
120.616
120.642
120.668
120.693
120.719
120.745
120.77
120.796
120.822
120.848
120.873
120.899
120.925
120.95
120.976
121.002
121.027
121.053
121.079
121.104
121.13
121.156
121.181
121.207
121.233
121.259
121.284
121.31
121.336
121.361
121.387
121.413
121.438
121.464
121.49
121.515
121.541
121.567
121.593
121.618
121.644
121.67
121.695
121.721
121.747
121.772
121.798
121.824
121.849
121.875
121.901
121.926
121.952
121.978
122.004
122.029
122.055
122.081
122.106
122.132
122.158
122.183
122.209
122.235
122.26
122.286
122.312
122.337
122.363
122.389
122.414
122.44
122.466
122.492
122.517
122.543
122.569
122.594
122.62
122.646
122.671
122.697
122.723
122.748
122.774
122.8
122.826
122.851
122.877
122.903
122.928
122.954
122.98
123.005
123.031
123.057
123.082
123.108
123.134
123.159
123.185
123.211
123.236
123.262
123.288
123.313
123.339
123.365
123.39
123.416
123.442
123.468
123.493
123.519
123.545
123.57
123.596
123.622
123.647
123.673
123.698
123.724
123.75
123.775
123.801
123.827
123.852
123.878
123.904
123.929
123.955
123.981
124.006
124.032
124.058
124.083
124.109
124.135
124.161
124.186
124.212
124.238
124.263
124.289
124.315
124.34
124.366
124.392
124.417
124.443
124.469
124.494
124.52
124.546
124.571
124.597
124.623
124.649
124.674
124.7
124.726
124.751
124.777
124.803
124.828
124.854
124.88
124.905
124.931
124.957
124.982
125.008
125.034
125.06
125.085
125.111
125.137
125.162
125.188
125.214
125.239
125.265
125.291
125.316
125.342
125.368
125.393
125.419
125.445
125.47
125.496
125.522
125.548
125.573
125.599
125.625
125.65
125.676
125.702
125.727
125.753
125.779
125.804
125.83
125.856
125.882
125.907
125.933
125.959
125.984
126.01
126.036
126.061
126.087
126.113
126.139
126.164
126.19
126.216
126.241
126.267
126.293
126.318
126.344
126.37
126.395
126.421
126.447
126.473
126.498
126.524
126.55
126.575
126.601
126.627
126.652
126.678
126.704
126.73
126.755
126.781
126.807
126.832
126.858
126.884
126.909
126.935
126.961
126.987
127.012
127.038
127.064
127.089
127.115
127.141
127.166
127.192
127.218
127.244
127.269
127.295
127.321
127.346
127.372
127.398
127.424
127.449
127.475
127.501
127.526
127.552
127.578
127.603
127.629
127.655
127.681
127.706
127.732
127.758
127.783
127.809
127.835
127.86
127.886
127.912
127.938
127.963
127.989
128.015
128.04
128.066
128.092
128.117
128.143
128.169
128.195
128.22
128.246
128.272
128.297
128.323
128.349
128.375
128.4
128.426
128.452
128.477
128.503
128.529
128.555
128.58
128.606
128.632
128.657
128.683
128.709
128.734
128.76
128.786
128.812
128.837
128.863
128.889
128.915
128.94
128.966
128.992
129.017
129.043
129.069
129.095
129.12
129.146
129.172
129.197
129.223
129.249
129.274
129.3
129.326
129.351
129.377
129.403
129.428
129.454
129.48
129.505
129.531
129.557
129.583
129.608
129.634
129.66
129.685
129.711
129.737
129.762
129.788
129.814
129.839
129.865
129.891
129.917
129.942
129.968
129.994
130.019
130.045
130.071
130.096
130.122
130.148
130.174
130.199
130.225
130.251
130.276
130.302
130.328
130.353
130.379
130.405
130.431
130.456
130.482
130.508
130.533
130.559
130.585
130.61
130.636
130.662
130.687
130.713
130.739
130.764
130.79
130.816
130.842
130.867
130.893
130.919
130.944
130.97
130.996
131.021
131.062
131.087
131.113
131.139
131.164
131.19
131.216
131.241
131.267
131.293
131.319
131.344
131.37
131.396
131.421
131.447
131.473
131.498
131.524
131.55
131.576
131.601
131.627
131.653
131.678
131.704
131.73
131.755
131.781
131.807
131.832
131.858
131.884
131.91
131.935
131.961
131.987
132.012
132.038
132.064
132.089
132.115
132.141
132.166
132.192
132.218
132.243
132.269
132.295
132.321
132.346
132.372
132.398
132.423
132.449
132.475
132.5
132.526
132.552
132.578
132.603
132.629
132.655
132.68
132.706
132.732
132.757
132.783
132.809
132.834
132.86
132.886
132.912
132.937
132.963
132.989
133.014
133.04
133.066
133.091
133.117
133.143
133.169
133.194
133.22
133.246
133.271
133.297
133.323
133.348
133.374
133.4
133.426
133.451
133.477
133.503
133.528
133.554
133.58
133.605
133.631
133.657
133.682
133.708
133.734
133.759
133.785
133.811
133.837
133.862
133.888
133.914
133.939
133.965
133.991
134.016
134.042
134.068
134.094
134.119
134.145
134.171
134.196
134.222
134.248
134.274
134.299
134.325
134.351
134.376
134.402
134.428
134.454
134.479
134.505
134.531
134.556
134.582
134.608
134.633
134.659
134.685
134.711
134.736
134.762
134.788
134.813
134.839
134.865
134.891
134.916
134.942
134.968
134.993
135.019
135.045
135.07
135.096
135.122
135.148
135.173
135.199
135.225
135.25
135.276
135.302
135.327
135.353
135.379
135.404
135.43
135.456
135.482
135.507
135.533
135.559
135.584
135.61
135.636
135.662
135.687
135.713
135.739
135.764
135.79
135.816
135.842
135.867
135.893
135.919
135.944
135.97
135.996
136.021
136.047
136.073
136.099
136.124
136.15
136.176
136.201
136.227
136.253
136.279
136.304
136.33
136.356
136.382
136.407
136.433
136.459
136.484
136.51
136.536
136.562
136.587
136.613
136.639
136.664
136.69
136.716
136.742
136.767
136.793
136.819
136.844
136.87
136.896
136.922
136.947
136.973
136.999
137.024
137.05
137.076
137.102
137.127
137.153
137.179
137.204
137.23
137.256
137.282
137.307
137.333
137.359
137.385
137.41
137.436
137.462
137.487
137.513
137.539
137.565
137.59
137.616
137.642
137.667
137.693
137.719
137.745
137.77
137.796
137.822
137.848
137.873
137.899
137.925
137.95
137.976
138.002
138.028
138.053
138.079
138.105
138.13
138.156
138.182
138.208
138.233
138.259
138.285
138.31
138.336
138.362
138.387
138.413
138.439
138.465
138.49
138.516
138.542
138.567
138.593
138.619
138.644
138.67
138.696
138.722
138.747
138.773
138.799
138.824
138.85
138.876
138.902
138.927
138.953
138.979
139.004
139.03
139.056
139.081
139.107
139.133
139.159
139.184
139.21
139.236
139.261
139.287
139.313
139.338
139.364
139.39
139.416
139.441
139.467
139.493
139.518
139.544
139.57
139.596
139.621
139.647
139.673
139.698
139.724
139.75
139.775
139.801
139.827
139.853
139.878
139.904
139.93
139.955
139.981
140.007
140.032
140.058
140.084
140.109
140.135
140.161
140.187
140.212
140.238
140.264
140.289
140.315
140.341
140.366
140.392
140.421
140.447
140.473
140.498
140.524
140.55
140.576
140.601
140.627
140.653
140.678
140.704
140.73
140.755
140.781
140.807
140.833
140.858
140.884
140.91
140.935
140.961
140.987
141.012
141.038
141.064
141.09
141.115
141.141
141.167
141.192
141.218
141.244
141.269
141.295
141.321
141.346
141.372
141.398
141.424
141.449
141.475
141.501
141.526
141.552
141.578
141.603
141.629
141.655
141.68
141.706
141.732
141.758
141.783
141.809
141.835
141.86
141.886
141.912
141.937
141.963
141.989
142.014
142.04
142.066
142.092
142.117
142.143
142.169
142.194
142.22
142.246
142.271
142.297
142.323
142.348
142.374
142.4
142.425
142.451
142.477
142.502
142.528
142.554
142.58
142.605
142.631
142.657
142.682
142.708
142.734
142.759
142.785
142.811
142.836
142.862
142.888
142.913
142.939
142.965
142.99
143.016
143.042
143.067
143.093
143.119
143.145
143.17
143.196
143.222
143.247
143.273
143.299
143.324
143.35
143.376
143.401
143.427
143.453
143.478
143.504
143.53
143.555
143.581
143.607
143.632
143.658
143.684
143.709
143.735
143.761
143.786
143.812
143.838
143.863
143.889
143.915
143.94
143.966
143.992
144.018
144.043
144.069
144.095
144.12
144.146
144.172
144.197
144.223
144.249
144.275
144.3
144.326
144.352
144.377
144.403
144.429
144.454
144.48
144.506
144.531
144.557
144.583
144.608
144.634
144.66
144.686
144.711
144.737
144.763
144.788
144.814
144.84
144.865
144.891
144.917
144.942
144.968
144.994
145.019
145.045
145.071
145.097
145.122
145.148
145.174
145.199
145.225
145.251
145.276
145.302
145.328
145.353
145.379
145.405
145.431
145.456
145.482
145.508
145.533
145.559
145.585
145.61
145.636
145.662
145.687
145.713
145.739
145.764
145.79
145.816
145.842
145.867
145.893
145.919
145.944
145.97
145.996
146.021
146.047
146.073
146.099
146.124
146.15
146.176
146.201
146.227
146.253
146.278
146.304
146.33
146.355
146.381
146.407
146.432
146.458
146.484
146.509
146.535
146.561
146.587
146.612
146.638
146.664
146.689
146.715
146.741
146.766
146.792
146.818
146.843
146.869
146.895
146.92
146.946
146.972
146.997
147.023
147.049
147.074
147.1
147.126
147.152
147.177
147.203
147.229
147.254
147.28
147.306
147.332
147.357
147.383
147.409
147.434
147.46
147.486
147.511
147.537
147.563
147.588
147.614
147.64
147.665
147.691
147.717
147.743
147.768
147.794
147.82
147.845
147.871
147.897
147.922
147.948
147.974
147.999
148.025
148.051
148.077
148.102
148.128
148.154
148.179
148.205
148.231
148.256
148.282
148.308
148.333
148.359
148.385
148.41
148.436
148.462
148.487
148.513
148.539
148.565
148.59
148.616
148.642
148.667
148.693
148.719
148.744
148.77
148.796
148.821
148.847
148.873
148.898
148.924
148.95
148.975
149.001
149.027
149.052
149.078
149.104
149.129
149.155
149.181
149.206
149.232
149.258
149.283
149.309
149.335
149.36
149.386
149.412
149.437
149.463
149.489
149.515
149.54
149.566
149.592
149.617
149.643
149.669
149.694
149.72
149.746
149.771
149.797
149.823
149.848
149.874
149.9
149.925
149.951
149.977
150.002
150.028
150.054
150.08
150.105
150.131
150.157
150.182
150.208
150.234
150.259
150.285
150.311
150.336
150.362
150.388
150.413
150.439
150.465
150.49
150.516
150.542
150.568
150.593
150.619
150.645
150.67
150.696
150.722
150.747
150.773
150.799
150.824
150.85
150.876
150.901
150.927
150.953
150.979
151.004
151.03
151.055
151.081
151.107
151.132
151.158
151.184
151.21
151.235
151.261
151.287
151.312
151.338
151.364
151.389
151.415
151.441
151.466
151.492
151.518
151.544
151.569
151.595
151.621
151.646
151.672
151.698
151.723
151.749
151.775
151.8
151.826
151.852
151.877
151.903
151.929
151.954
151.98
152.006
152.032
152.057
152.083
152.109
152.134
152.16
152.186
152.211
152.237
152.263
152.289
152.314
152.34
152.366
152.391
152.417
152.443
152.468
152.494
152.52
152.545
152.571
152.597
152.623
152.648
152.674
152.7
152.725
152.751
152.777
152.802
152.828
152.854
152.879
152.905
152.931
152.957
152.982
153.008
153.034
153.059
153.085
153.111
153.136
153.162
153.188
153.213
153.239
153.265
153.29
153.316
153.342
153.367
153.393
153.419
153.445
153.47
153.496
153.521
153.547
153.573
153.598
153.624
153.65
153.675
153.701
153.727
153.752
153.778
153.804
153.83
153.855
153.881
153.907
153.932
153.958
153.984
154.009
154.035
154.061
154.086
154.112
154.138
154.163
154.189
154.215
154.24
154.266
154.292
154.318
154.343
154.369
154.395
154.42
154.446
154.472
154.497
154.523
154.549
154.574
154.6
154.626
154.651
154.677
154.703
154.728
154.754
154.78
154.805
154.831
154.857
154.883
154.908
154.934
154.96
154.985
155.011
155.037
155.062
155.088
155.114
155.139
155.165
155.191
155.217
155.242
155.268
155.294
155.319
155.345
155.371
155.396
155.422
155.448
155.473
155.499
155.524
155.55
155.576
155.602
155.627
155.653
155.679
155.704
155.73
155.756
155.781
155.807
155.833
155.858
155.884
155.91
155.935
155.961
155.987
156.012
156.038
156.064
156.09
156.115
156.141
156.167
156.192
156.218
156.244
156.269
156.295
156.321
156.346
156.372
156.398
156.423
156.449
156.475
156.5
156.526
156.552
156.578
156.603
156.629
156.655
156.68
156.706
156.732
156.757
156.783
156.809
156.834
156.86
156.886
156.911
156.937
156.963
156.988
157.014
157.04
157.065
157.091
157.117
157.143
157.168
157.194
157.22
157.245
157.271
157.297
157.322
157.348
157.374
157.399
157.425
157.451
157.476
157.502
157.528
157.553
157.579
157.605
157.63
157.656
157.682
157.707
157.733
157.759
157.784
157.81
157.836
157.862
157.887
157.913
157.939
157.964
157.99
158.016
158.041
158.067
158.093
158.118
158.144
158.17
158.195
158.221
158.247
158.272
158.298
158.324
158.349
158.375
158.401
158.426
158.452
158.478
158.503
158.529
158.555
158.58
158.606
158.632
158.658
158.683
158.709
158.734
158.76
158.786
158.811
158.837
158.863
158.888
158.914
158.94
158.965
158.991
159.017
159.042
159.068
159.094
159.119
159.145
159.171
159.196
159.222
159.248
159.274
159.299
159.325
159.351
159.376
159.402
159.428
159.453
159.479
159.505
159.53
159.556
159.582
159.607
159.633
159.659
159.684
159.71
159.736
159.761
159.787
159.813
159.838
159.864
159.89
159.915
159.941
159.967
159.992
160.018
160.044
160.07
160.095
160.121
160.147
160.172
160.198
160.224
160.249
160.275
160.301
160.326
160.352
160.378
160.404
160.429
160.455
160.481
160.506
160.532
160.558
160.583
160.609
160.635
160.66
160.686
160.712
160.738
160.763
160.789
160.815
160.84
160.866
160.892
160.917
160.943
160.969
160.994
161.02
161.046
161.071
161.097
161.123
161.148
161.174
161.2
161.226
161.251
161.277
161.303
161.328
161.354
161.38
161.406
161.431
161.457
161.483
161.508
161.534
161.56
161.586
161.611
161.637
161.663
161.688
161.714
161.74
161.765
161.791
161.817
161.842
161.868
161.894
161.919
161.945
161.971
161.996
162.022
162.048
162.073
162.099
162.125
162.15
162.176
162.202
162.228
162.253
162.279
162.305
162.33
162.356
162.382
162.407
162.433
162.459
162.484
162.51
162.536
162.562
162.587
162.613
162.639
162.664
162.69
162.716
162.741
162.767
162.793
162.818
162.844
162.87
162.895
162.921
162.947
162.972
162.998
163.024
163.049
163.075
163.101
163.126
163.152
163.178
163.203
163.229
163.255
163.281
163.306
163.332
163.358
163.383
163.409
163.435
163.46
163.486
163.512
163.537
163.563
163.589
163.614
163.64
163.666
163.691
163.717
163.743
163.768
163.794
163.82
163.845
163.871
163.897
163.922
163.948
163.974
163.999
164.025
164.051
164.076
164.102
164.128
164.153
164.179
164.205
164.23
164.256
164.282
164.307
164.333
164.359
164.384
164.41
164.436
164.461
164.487
164.513
164.538
164.564
164.59
164.616
164.641
164.667
164.692
164.718
164.744
164.769
164.795
164.821
164.846
164.872
164.898
164.923
164.949
164.975
165.001
165.026
165.052
165.078
165.103
165.129
165.155
165.18
165.206
165.232
165.257
165.283
165.309
165.334
165.36
165.386
165.411
165.437
165.463
165.488
165.514
165.54
165.565
165.591
165.617
165.642
165.668
165.694
165.72
165.745
165.771
165.797
165.822
165.848
165.874
165.899
165.925
165.951
165.976
166.002
166.028
166.053
166.079
166.105
166.13
166.156
166.182
166.208
166.233
166.259
166.284
166.31
166.336
166.361
166.387
166.413
166.438
166.464
166.49
166.516
166.541
166.567
166.593
166.618
166.644
166.67
166.695
166.721
166.747
166.772
166.798
166.824
166.849
166.875
166.901
166.926
166.952
166.978
167.003
167.029
167.055
167.08
167.106
167.132
167.157
167.183
167.209
167.234
167.26
167.286
167.311
167.337
167.362
167.388
167.414
167.44
167.465
167.491
167.516
167.542
167.568
167.593
167.619
167.645
167.671
167.696
167.722
167.748
167.773
167.799
167.825
167.85
167.876
167.902
167.927
167.953
167.979
168.004
168.03
168.056
168.081
168.107
168.132
168.158
168.184
168.209
168.235
168.261
168.286
168.312
168.338
168.363
168.389
168.415
168.44
168.466
168.492
168.518
168.543
168.569
168.595
168.62
168.646
168.672
168.697
168.723
168.749
168.774
168.8
168.826
168.851
168.877
168.903
168.928
168.954
168.98
169.005
169.031
169.057
169.082
169.108
169.134
169.159
169.185
169.211
169.236
169.262
169.288
169.313
169.339
169.365
169.39
169.416
169.442
169.467
169.493
169.519
169.544
169.57
169.596
169.621
169.647
169.673
169.698
169.724
169.75
169.775
169.801
169.827
169.853
169.878
169.904
169.93
169.955
169.981
170.007
170.032
170.058
170.084
170.109
170.135
170.161
170.186
170.212
170.238
170.264
170.289
170.315
170.341
170.366
170.392
170.418
170.443
170.469
170.495
170.52
170.546
170.572
170.597
170.623
170.649
170.674
170.7
170.726
170.751
170.777
170.803
170.829
170.854
170.88
170.906
170.931
170.957
170.983
171.008
171.034
171.06
171.085
171.111
171.137
171.162
171.188
171.214
171.239
171.265
171.291
171.316
171.342
171.368
171.393
171.419
171.445
171.47
171.496
171.522
171.547
171.573
171.599
171.624
171.65
171.676
171.701
171.727
171.753
171.778
171.804
171.83
171.855
171.881
171.907
171.932
171.958
171.984
172.01
172.035
172.061
172.087
172.112
172.138
172.164
172.189
172.215
172.241
172.266
172.292
172.318
172.343
172.369
172.395
172.42
172.446
172.472
172.497
172.523
172.549
172.574
172.6
172.626
172.651
172.677
172.703
172.728
172.754
172.78
172.805
172.831
172.857
172.882
172.908
172.934
172.959
172.985
173.011
173.037
173.062
173.088
173.114
173.139
173.165
173.191
173.216
173.242
173.268
173.293
173.319
173.345
173.37
173.396
173.422
173.447
173.473
173.499
173.524
173.55
173.576
173.601
173.627
173.653
173.678
173.704
173.729
173.755
173.781
173.806
173.832
173.858
173.883
173.909
173.935
173.961
173.986
174.012
174.038
174.063
174.089
174.115
174.14
174.166
174.192
174.218
174.243
174.269
174.295
174.32
174.346
174.372
174.397
174.423
174.449
174.474
174.5
174.526
174.551
174.577
174.603
174.628
174.654
174.68
174.705
174.731
174.757
174.782
174.808
174.834
174.859
174.885
174.91
174.936
174.962
174.987
175.013
175.039
175.064
175.09
175.116
175.141
175.167
175.193
175.218
175.244
175.27
175.295
175.321
175.347
175.372
175.398
175.424
175.449
175.475
175.501
175.526
175.552
175.578
175.603
175.629
175.655
175.68
175.706
175.732
175.757
175.783
175.809
175.834
175.86
175.886
175.911
175.937
175.963
175.988
176.014
176.04
176.065
176.091
176.117
176.142
176.168
176.194
176.219
176.245
176.271
176.296
176.322
176.348
176.373
176.399
176.425
176.45
176.476
176.502
176.527
176.553
176.579
176.604
176.63
176.655
176.681
176.707
176.732
176.758
176.784
176.809
176.835
176.861
176.886
176.912
176.938
176.963
176.989
177.015
177.04
177.066
177.092
177.117
177.143
177.169
177.194
177.22
177.246
177.271
177.297
177.323
177.348
177.374
177.4
177.425
177.451
177.477
177.504
177.53
177.555
177.581
177.607
177.632
177.658
177.684
177.709
177.735
177.761
177.787
177.812
177.838
177.864
177.889
177.915
177.941
177.966
177.992
178.018
178.043
178.069
178.095
178.12
178.146
178.172
178.197
178.223
178.249
178.274
178.3
178.326
178.351
178.377
178.403
178.428
178.454
178.48
178.505
178.531
178.557
178.582
178.608
178.634
178.659
178.685
178.711
178.736
178.762
178.788
178.813
178.839
178.865
178.891
178.916
178.942
178.967
178.993
179.019
179.044
179.07
179.096
179.122
179.147
179.173
179.199
179.224
179.25
179.276
179.301
179.328
179.354
179.38
179.405
179.431
179.457
179.482
179.508
179.534
179.559
179.585
179.611
179.636
179.662
179.688
179.713
179.739
179.765
179.79
179.816
179.842
179.867
179.893
179.919
179.944
179.97
179.996
180.021
180.047
180.073
180.098
180.124
180.15
180.175
180.201
180.227
180.253
180.278
180.304
180.33
180.355
180.381
180.407
180.432
180.458
180.484
180.509
180.535
180.561
180.586
180.612
180.638
180.663
180.689
180.715
180.74
180.766
180.792
180.817
180.843
180.869
180.894
180.92
180.946
180.971
180.997
181.023
181.048
181.074
181.1
181.125
181.151
181.177
181.202
181.228
181.254
181.279
181.305
181.33
181.356
181.382
181.407
181.433
181.459
181.484
181.51
181.536
181.561
181.587
181.613
181.638
181.664
181.69
181.715
181.741
181.767
181.792
181.818
181.844
181.869
181.895
181.921
181.946
181.972
181.997
182.023
182.049
182.074
182.1
182.126
182.152
182.177
182.203
182.228
182.254
182.28
182.305
182.331
182.357
182.382
182.408
182.434
182.46
182.485
182.511
182.537
182.562
182.588
182.613
182.639
182.665
182.691
182.716
182.742
182.767
182.793
182.819
182.844
182.87
182.896
182.921
182.947
182.973
182.998
183.024
183.05
183.075
183.101
183.127
183.152
183.178
183.204
183.229
183.255
183.281
183.306
183.332
183.358
183.384
183.421
183.447
183.478
183.503
183.529
183.555
183.58
183.606
183.631
183.657
183.683
183.708
183.734
183.76
183.785
183.811
183.837
183.862
183.888
183.914
183.939
183.965
183.991
184.016
184.042
184.068
184.094
184.119
184.145
184.171
184.196
184.222
184.248
184.273
184.299
184.325
184.35
184.376
184.402
184.427
184.453
184.479
184.504
184.53
184.556
184.581
184.607
184.632
184.658
184.684
184.71
184.735
184.761
184.787
184.812
184.838
184.864
184.889
184.915
184.941
184.966
184.992
185.018
185.043
185.069
185.095
185.12
185.146
185.171
185.197
185.223
185.248
185.274
185.3
185.325
185.351
185.377
185.403
185.428
185.454
185.48
185.505
185.531
185.557
185.582
185.608
185.634
185.659
185.685
185.711
185.736
185.762
185.788
185.813
185.839
185.865
185.89
185.916
185.942
185.967
185.993
186.019
186.044
186.07
186.096
186.121
186.147
186.173
186.198
186.224
186.25
186.275
186.301
186.327
186.352
186.378
186.404
186.429
186.455
186.481
186.506
186.532
186.558
186.584
186.609
186.635
186.66
186.686
186.712
186.737
186.763
186.789
186.815
186.84
186.866
186.892
186.917
186.943
186.968
186.994
187.02
187.045
187.071
187.097
187.123
187.148
187.174
187.199
187.225
187.251
187.276
187.302
187.328
187.354
187.379
187.405
187.431
187.456
187.482
187.508
187.533
187.559
187.585
187.61
187.636
187.661
187.687
187.713
187.738
187.764
187.79
187.815
187.841
187.867
187.892
187.918
187.944
187.969
187.995
188.021
188.046
188.072
188.098
188.123
188.149
188.175
188.2
188.226
188.252
188.277
188.303
188.329
188.354
188.38
188.406
188.431
188.457
188.483
188.508
188.534
188.559
188.585
188.611
188.636
188.662
188.688
188.713
188.739
188.765
188.79
188.816
188.842
188.867
188.893
188.919
188.944
188.97
188.996
189.021
189.047
189.073
189.098
189.124
189.15
189.175
189.201
189.227
189.252
189.278
189.303
189.329
189.355
189.38
189.406
189.432
189.457
189.483
189.509
189.534
189.56
189.586
189.611
189.637
189.662
189.688
189.714
189.739
189.765
189.791
189.816
189.842
189.868
189.893
189.919
189.945
189.97
189.996
190.021
190.047
190.073
190.098
190.124
190.15
190.175
190.201
190.227
190.252
190.278
190.303
190.329
190.355
190.38
190.406
190.432
190.457
190.483
190.509
190.534
190.56
190.586
190.611
190.637
190.662
190.688
190.714
190.739
190.765
190.791
190.816
190.842
190.868
190.893
190.919
190.944
190.97
190.996
191.021
191.047
191.073
191.098
191.124
191.149
191.175
191.201
191.226
191.252
191.278
191.303
191.329
191.354
191.38
191.406
191.431
191.457
191.483
191.508
191.534
191.56
191.585
191.611
191.636
191.662
191.688
191.713
191.739
191.765
191.79
191.816
191.842
191.867
191.893
191.919
191.944
191.97
191.995
192.021
192.047
192.072
192.098
192.123
192.149
192.175
192.2
192.226
192.252
192.277
192.303
192.328
192.354
192.38
192.405
192.431
192.457
192.482
192.508
192.533
192.559
192.585
192.61
192.636
192.661
192.687
192.713
192.738
192.764
192.789
192.815
192.841
192.866
192.892
192.918
192.943
192.969
192.994
193.02
193.046
193.071
193.097
193.122
193.148
193.174
193.199
193.225
193.25
193.276
193.301
193.327
193.353
193.378
193.404
193.429
193.455
193.481
193.506
193.532
193.557
193.583
193.608
193.634
193.66
193.685
193.711
193.737
193.762
193.788
193.813
193.839
193.865
193.89
193.916
193.941
193.967
193.992
194.018
194.044
194.069
194.095
194.12
194.146
194.172
194.197
194.223
194.248
194.274
194.299
194.325
194.351
194.376
194.402
194.427
194.453
194.479
194.504
194.53
194.555
194.581
194.606
194.632
194.658
194.683
194.709
194.734
194.76
194.786
194.811
194.837
194.862
194.888
194.914
194.939
194.965
194.99
195.016
195.041
195.067
195.093
195.118
195.144
195.169
195.195
195.221
195.246
195.272
195.297
195.323
195.348
195.374
195.4
195.425
195.451
195.476
195.502
195.527
195.553
195.578
195.604
195.63
195.655
195.681
195.706
195.732
195.757
195.783
195.809
195.834
195.86
195.885
195.911
195.936
195.962
195.987
196.013
196.039
196.064
196.09
196.115
196.141
196.166
196.192
196.217
196.243
196.269
196.294
196.32
196.345
196.371
196.396
196.422
196.447
196.473
196.499
196.524
196.55
196.575
196.601
196.626
196.652
196.677
196.703
196.728
196.754
196.779
196.805
196.831
196.856
196.882
196.907
196.933
196.958
196.984
197.009
197.035
197.06
197.086
197.111
197.137
197.163
197.188
197.214
197.239
197.265
197.29
197.316
197.341
197.367
197.392
197.418
197.443
197.469
197.495
197.52
197.546
197.571
197.597
197.622
197.648
197.673
197.699
197.724
197.75
197.776
197.801
197.827
197.852
197.878
197.903
197.929
197.954
197.98
198.005
198.031
198.056
198.082
198.107
198.133
198.158
198.184
198.209
198.235
198.26
198.286
198.311
198.337
198.362
198.388
198.413
198.439
198.464
198.49
198.515
198.541
198.566
198.592
198.617
198.643
198.668
198.694
198.719
198.745
198.77
198.796
198.822
198.847
198.873
198.898
198.924
198.949
198.975
199
199.026
199.051
199.077
199.102
199.128
199.153
199.181
199.207
199.232
199.258
199.283
199.309
199.334
199.36
199.385
199.411
199.436
199.462
199.487
199.513
199.538
199.564
199.589
199.615
199.64
199.666
199.691
199.717
199.742
199.768
199.793
199.819
199.844
199.87
199.895
199.921
199.946
199.972
199.997
200.023
200.048
200.074
200.099
200.125
200.15
200.176
200.201
200.227
200.252
200.278
200.303
200.329
200.354
200.38
200.405
200.431
200.456
200.482
200.507
200.533
200.558
200.584
200.609
200.635
200.66
200.685
200.711
200.736
200.762
200.787
200.813
200.838
200.864
200.889
200.915
200.94
200.966
200.991
201.017
201.042
201.068
201.093
201.119
201.144
201.17
201.195
201.221
201.246
201.272
201.297
201.323
201.348
201.374
201.399
201.425
201.45
201.475
201.501
201.526
201.552
201.577
201.603
201.628
201.654
201.679
201.705
201.73
201.756
201.781
201.807
201.832
201.858
201.883
201.908
201.934
201.959
201.985
202.01
202.036
202.061
202.087
202.112
202.138
202.163
202.189
202.214
202.24
202.265
202.291
202.316
202.341
202.367
202.392
202.418
202.443
202.469
202.494
202.52
202.545
202.571
202.596
202.621
202.647
202.672
202.698
202.723
202.749
202.774
202.8
202.825
202.85
202.876
202.901
202.927
202.952
202.978
203.003
203.028
203.054
203.079
203.105
203.13
203.155
203.181
203.206
203.232
203.257
203.282
203.308
203.333
203.359
203.384
203.409
203.435
203.46
203.485
203.511
203.536
203.562
203.587
203.612
203.638
203.663
203.689
203.714
203.739
203.765
203.79
203.816
203.841
203.867
203.892
203.917
203.943
203.968
203.994
204.019
204.044
204.07
204.095
204.121
204.146
204.172
204.197
204.222
204.248
204.273
204.299
204.324
204.349
204.375
204.4
204.426
204.451
204.476
204.502
204.527
204.553
204.578
204.603
204.629
204.654
204.68
204.705
204.73
204.756
204.781
204.806
204.832
204.857
204.883
204.908
204.934
204.959
204.985
205.01
205.035
205.061
205.086
205.112
205.137
205.162
205.188
205.213
205.239
205.264
205.29
205.315
205.341
205.366
205.392
205.417
205.442
205.468
205.493
205.519
205.544
205.569
205.595
205.62
205.646
205.671
205.697
205.722
205.747
205.773
205.798
205.823
205.849
205.874
205.9
205.925
205.95
205.976
206.001
206.026
206.052
206.077
206.103
206.128
206.154
206.179
206.205
206.23
206.256
206.281
206.307
206.333
206.358
206.384
206.409
206.435
206.461
206.486
206.512
206.537
206.562
206.588
206.613
206.638
206.664
206.689
206.714
206.74
206.765
206.79
206.815
206.841
206.866
206.891
206.916
206.942
206.967
206.992
207.018
207.043
207.068
207.093
207.119
207.144
207.17
207.195
207.221
207.246
207.272
207.297
207.325
207.351
207.376
207.401
207.427
207.452
207.478
207.504
207.529
207.555
207.58
207.606
207.631
207.657
207.682
207.708
207.733
207.759
207.785
207.813
207.839
207.864
207.889
207.915
207.941
207.966
207.992
208.017
208.043
208.068
208.094
208.119
208.145
208.17
208.196
208.222
208.247
208.273
208.298
208.324
208.349
208.375
208.4
208.426
208.451
208.477
208.502
208.528
208.554
208.579
208.605
208.63
208.656
208.681
208.707
208.732
208.758
208.783
208.809
208.835
208.86
208.886
208.911
208.937
208.962
208.988
209.013
209.039
209.064
209.09
209.115
209.141
209.167
209.192
209.218
209.243
209.269
209.294
209.32
209.345
209.371
209.396
209.422
209.447
209.473
209.499
209.524
209.55
209.575
209.601
209.626
209.652
209.677
209.703
209.728
209.754
209.78
209.805
209.831
209.856
209.882
209.907
209.933
209.958
209.984
210.009
210.035
210.06
210.086
210.112
210.137
210.163
210.188
210.214
210.239
210.265
210.29
210.316
210.341
210.367
210.392
210.418
210.444
210.469
210.495
210.52
210.546
210.571
210.597
210.622
210.648
210.673
210.699
210.724
210.75
210.776
210.801
210.829
210.855
210.88
210.905
210.931
210.956
210.982
211.007
211.033
211.058
211.083
211.109
211.134
211.159
211.185
211.21
211.235
211.261
211.286
211.311
211.336
211.362
211.387
211.412
211.438
211.463
211.488
211.514
211.539
211.564
211.59
211.615
211.64
211.666
211.691
211.716
211.742
211.767
211.792
211.818
211.843
211.868
211.894
211.921
211.947
211.972
211.997
212.023
212.048
212.074
212.099
212.125
212.15
212.176
212.201
212.227
212.252
212.277
212.303
212.328
212.353
212.379
212.404
212.43
212.455
212.48
212.506
212.531
212.556
212.582
212.607
212.633
212.658
212.684
212.709
212.734
212.76
212.785
212.811
212.836
212.861
