0.0257719
0.051152
0.0764301
0.101706
0.126983
0.152234
0.177489
0.202742
0.228011
0.253292
0.278598
0.303915
0.329272
0.354596
0.379887
0.405169
0.430448
0.455743
0.48104
0.506342
0.531639
0.556934
0.58223
0.607523
0.63283
0.658126
0.68342
0.708721
0.734027
0.75933
0.784646
0.809937
0.835213
0.860491
0.885776
0.911074
0.93635
0.961625
0.986898
1.01217
1.03746
1.06274
1.08802
1.11329
1.13861
1.16394
1.18924
1.21454
1.23986
1.26518
1.2905
1.31582
1.34114
1.36644
1.39175
1.41706
1.44238
1.4677
1.49299
1.51829
1.54361
1.56892
1.59423
1.61954
1.64486
1.67017
1.69547
1.72077
1.74605
1.77133
1.79662
1.82193
1.84725
1.8726
1.8979
1.92322
1.94854
1.97386
1.9992
2.02456
2.04988
2.07522
2.10055
2.12589
2.15123
2.17656
2.20189
2.22725
2.25259
2.27791
2.30323
2.32855
2.35388
2.3792
2.40451
2.42984
2.45517
2.48046
2.50576
2.53107
2.55636
2.58166
2.60697
2.63226
2.65761
2.68297
2.70827
2.73358
2.7589
2.78421
2.80952
2.83483
2.86013
2.88543
2.91075
2.93609
2.96144
2.98677
3.01209
3.03744
3.06279
3.08812
3.11346
3.13879
3.16412
3.18945
3.21479
3.24013
3.26548
3.29082
3.31615
3.34149
3.36687
3.39222
3.41759
3.44293
3.46827
3.4936
3.51893
3.54425
3.56958
3.59492
3.62026
3.64558
3.6709
3.69621
3.72153
3.74685
3.77218
3.7975
3.82283
3.84813
3.87345
3.89875
3.92404
3.94933
3.97462
3.9999
4.0252
4.05049
4.07578
4.1011
4.12639
4.15168
4.17698
4.20227
4.22753
4.25282
4.27814
4.30351
4.32881
4.35411
4.37941
4.40473
4.43006
4.45536
4.48069
4.50603
4.53136
4.5567
4.58203
4.60738
4.63273
4.65805
4.68337
4.70869
4.73401
4.75932
4.78464
4.8099
4.83523
4.86055
4.88589
4.91123
4.93656
4.96194
4.98729
5.0126
5.03791
5.06324
5.08856
5.11386
5.13917
5.16448
5.1898
5.21512
5.24049
5.26583
5.2912
5.31658
5.34191
5.36725
5.3926
5.41791
5.44325
5.46858
5.49391
5.51924
5.54457
5.5699
5.59523
5.62055
5.6459
5.67123
5.69655
5.72187
5.7472
5.77252
5.79784
5.82316
5.84847
5.87379
5.89913
5.92446
5.94979
5.97516
6.00052
6.02593
6.05144
6.07684
6.10223
6.12757
6.1529
6.17824
6.20356
6.22889
6.25421
6.27953
6.30485
6.33017
6.35548
6.3808
6.40613
6.43144
6.45674
6.48204
6.50733
6.53268
6.55801
6.58337
6.60872
6.63401
6.6593
6.68463
6.70991
6.73521
6.76051
6.78581
6.81111
6.83637
6.86164
6.88691
6.91218
6.93746
6.96274
6.98803
7.0133
7.03859
7.06387
7.08918
7.1145
7.13982
7.16518
7.19054
7.21589
7.24127
7.26665
7.29203
7.31736
7.34269
7.36808
7.39347
7.41885
7.4442
7.46954
7.49485
7.52018
7.5455
7.5708
7.5961
7.62145
7.64679
7.67219
7.69754
7.72289
7.74823
7.77354
7.79886
7.8242
7.84954
7.87484
7.90013
7.92539
7.95067
7.97596
8.00124
8.02654
8.05185
8.07717
8.10248
8.12783
8.15316
8.17848
8.2038
8.22912
8.25446
8.2798
8.30513
8.33048
8.35586
8.38119
8.40652
8.43187
8.45721
8.48256
8.50791
8.53325
8.55861
8.58399
8.60933
8.63467
8.66001
8.68535
8.71069
8.73603
8.76137
8.78672
8.8121
8.83744
8.8628
8.88817
8.9135
8.93883
8.96415
8.98948
9.01481
9.04016
9.0655
9.09085
9.11619
9.14153
9.16687
9.19222
9.21755
9.24288
9.26822
9.29355
9.3189
9.34423
9.36957
9.39491
9.42027
9.44562
9.47093
9.49624
9.52155
9.54687
9.57219
9.59751
9.62283
9.64816
9.67347
9.6988
9.72412
9.74944
9.77476
9.8001
9.82544
9.85082
9.87616
9.9015
9.92684
9.95217
9.97751
10.0028
10.0282
10.0535
10.0788
10.1041
10.1295
10.1548
10.1801
10.2055
10.2308
10.2561
10.2815
10.3069
10.3322
10.3575
10.3829
10.4082
10.4335
10.4589
10.4842
10.5096
10.5349
10.5602
10.5856
10.6109
10.6363
10.6616
10.6869
10.7123
10.7376
10.7629
10.7883
10.8136
10.839
10.8643
10.8896
10.915
10.9403
10.9657
10.991
11.0163
11.0416
11.067
11.0923
11.1176
11.143
11.1684
11.1937
11.219
11.2444
11.2697
11.295
11.3204
11.3457
11.3711
11.3964
11.4218
11.4471
11.4724
11.4978
11.5231
11.5485
11.5739
11.5992
11.6245
11.6499
11.6752
11.7005
11.7259
11.7512
11.7766
11.8019
11.8272
11.8526
11.8779
11.9032
11.9286
11.9539
11.9793
12.0046
12.03
12.0553
12.0806
12.106
12.1313
12.1567
12.182
12.2074
12.2327
12.258
12.2834
12.3087
12.334
12.3593
12.3847
12.41
12.4353
12.4607
12.486
12.5114
12.5367
12.5621
12.5874
12.6128
12.6381
12.6634
12.6888
12.7141
12.7395
12.7649
12.7902
12.8155
12.8409
12.8662
12.8916
12.9169
12.9422
12.9676
12.9929
13.0182
13.0435
13.0688
13.0942
13.1195
13.1448
13.1702
13.1955
13.2208
13.2462
13.2715
13.2968
13.3222
13.3475
13.3728
13.3982
13.4235
13.4489
13.4742
13.4996
13.5249
13.5502
13.5756
13.6009
13.6262
13.6516
13.677
13.7023
13.7276
13.753
13.7783
13.8037
13.829
13.8544
13.8797
13.905
13.9304
13.9557
13.9811
14.0064
14.0318
14.0571
14.0824
14.1078
14.1332
14.1586
14.184
14.2093
14.2347
14.26
14.2854
14.3107
14.336
14.3614
14.3867
14.412
14.4373
14.4627
14.488
14.5133
14.5387
14.564
14.5893
14.6146
14.64
14.6653
14.6906
14.7159
14.7413
14.7666
14.7919
14.8173
14.8426
14.8679
14.8932
14.9186
14.9439
14.9692
14.9946
15.0199
15.0452
15.0705
15.0959
15.1212
15.1465
15.1719
15.1972
15.2226
15.2479
15.2733
15.2986
15.3239
15.3493
15.3746
15.4
15.4253
15.4507
15.476
15.5014
15.5267
15.552
15.5773
15.6026
15.628
15.6533
15.6786
15.7039
15.7293
15.7546
15.7799
15.8052
15.8306
15.8559
15.8812
15.9066
15.9319
15.9573
15.9826
16.008
16.0333
16.0587
16.084
16.1094
16.1347
16.16
16.1854
16.2107
16.2361
16.2614
16.2868
16.3121
16.3375
16.3628
16.3881
16.4134
16.4388
16.4641
16.4895
16.5148
16.5402
16.5655
16.5908
16.6161
16.6415
16.6668
16.6921
16.7175
16.7428
16.7681
16.7934
16.8187
16.8441
16.8694
16.8947
16.9201
16.9454
16.9707
16.9961
17.0214
17.0468
17.0721
17.0974
17.1228
17.1481
17.1734
17.1987
17.2241
17.2494
17.2748
17.3001
17.3254
17.3508
17.3761
17.4015
17.4268
17.4522
17.4775
17.5028
17.5282
17.5535
17.5788
17.6042
17.6295
17.6549
17.6802
17.7055
17.7309
17.7562
17.7816
17.8069
17.8322
17.8575
17.8829
17.9082
17.9336
17.9589
17.9842
18.0096
18.035
18.0603
18.0857
18.111
18.1363
18.1617
18.187
18.2123
18.2377
18.263
18.2883
18.3136
18.3389
18.3642
18.3895
18.4148
18.4401
18.4655
18.4908
18.5162
18.5415
18.5668
18.5921
18.6175
18.6428
18.6681
18.6934
18.7188
18.7441
18.7694
18.7948
18.8201
18.8454
18.8707
18.896
18.9214
18.9467
18.972
18.9973
19.0227
19.048
19.0733
19.0987
19.124
19.1493
19.1746
19.2
19.2253
19.2507
19.276
19.3013
19.3266
19.352
19.3773
19.4026
19.428
19.4533
19.4786
19.5039
19.5293
19.5546
19.5799
19.6052
19.6306
19.6559
19.6812
19.7066
19.7319
19.7572
19.7825
19.8078
19.8331
19.8584
19.8838
19.9091
19.9344
19.9598
19.9851
20.0104
20.0358
20.0611
20.0864
20.1118
20.1371
20.1624
20.1878
20.2131
20.2385
20.2638
20.2891
20.3145
20.3398
20.3651
20.3905
20.4158
20.4412
20.4665
20.4918
20.5171
20.5425
20.5678
20.5931
20.6185
20.6438
20.6691
20.6945
20.7198
20.7452
20.7706
20.7959
20.8212
20.8466
20.8719
20.8972
20.9226
20.9479
20.9732
20.9985
21.0238
21.0492
21.0745
21.0998
21.1251
21.1505
21.1758
21.2011
21.2265
21.2518
21.2772
21.3026
21.328
21.3533
21.3787
21.404
21.4294
21.4547
21.48
21.5054
21.5307
21.5561
21.5814
21.6068
21.6321
21.6575
21.6828
21.7082
21.7335
21.7589
21.7842
21.8096
21.8349
21.8603
21.8856
21.911
21.9363
21.9617
21.987
22.0123
22.0377
22.063
22.0884
22.1137
22.139
22.1644
22.1897
22.2151
22.2404
22.2657
22.2911
22.3164
22.3418
22.3671
22.3925
22.4178
22.4432
22.4685
22.4938
22.5192
22.5445
22.5699
22.5952
22.6206
22.6459
22.6712
22.6966
22.722
22.7473
22.7727
22.798
22.8233
22.8487
22.874
22.8994
22.9247
22.95
22.9754
23.0007
23.026
23.0513
23.0767
23.102
23.1273
23.1527
23.178
23.2033
23.2287
23.254
23.2794
23.3047
23.33
23.3554
23.3807
23.4061
23.4314
23.4567
23.482
23.5074
23.5327
23.558
23.5833
23.6087
23.634
23.6593
23.6847
23.71
23.7353
23.7607
23.786
23.8113
23.8366
23.8619
23.8873
23.9126
23.9379
23.9632
23.9886
24.0139
24.0392
24.0646
24.0899
24.1152
24.1406
24.1659
24.1912
24.2166
24.2419
24.2672
24.2926
24.3179
24.3432
24.3686
24.3939
24.4192
24.4446
24.4699
24.4952
24.5206
24.5459
24.5712
24.5966
24.6219
24.6472
24.6726
24.6979
24.7232
24.7485
24.7738
24.7992
24.8245
24.8498
24.8752
24.9005
24.9258
24.9512
24.9766
25.0019
25.0273
25.0526
25.0779
25.1032
25.1286
25.1539
25.1792
25.2045
25.2299
25.2552
25.2806
25.3059
25.3312
25.3566
25.3819
25.4072
25.4326
25.4579
25.4832
25.5086
25.534
25.5593
25.5846
25.6099
25.6352
25.6606
25.6859
25.7112
25.7366
25.7619
25.7873
25.8126
25.838
25.8633
25.8886
25.9139
25.9392
25.9646
25.9899
26.0152
26.0406
26.0659
26.0912
26.1166
26.1419
26.1673
26.1926
26.2179
26.2433
26.2686
26.2939
26.3192
26.3446
26.3699
26.3953
26.4206
26.446
26.4713
26.4966
26.522
26.5473
26.5727
26.598
26.6233
26.6487
26.674
26.6993
26.7246
26.7499
26.7753
26.8006
26.8259
26.8512
26.8766
26.9019
26.9272
26.9525
26.9779
27.0032
27.0285
27.0539
27.0792
27.1045
27.1299
27.1552
27.1805
27.2059
27.2312
27.2565
27.2819
27.3072
27.3325
27.3579
27.3832
27.4085
27.4338
27.4591
27.4845
27.5098
27.5351
27.5604
27.5858
27.6111
27.6364
27.6618
27.6871
27.7124
27.7378
27.7631
27.7885
27.8138
27.8392
27.8645
27.8899
27.9152
27.9406
27.9659
27.9913
28.0166
28.0419
28.0673
28.0926
28.1179
28.1432
28.1686
28.1939
28.2193
28.2446
28.27
28.2953
28.3207
28.346
28.3713
28.3967
28.422
28.4473
28.4727
28.498
28.5233
28.5487
28.574
28.5994
28.6247
28.6501
28.6754
28.7007
28.726
28.7514
28.7767
28.802
28.8273
28.8526
28.878
28.9033
28.9286
28.954
28.9793
29.0046
29.0299
29.0552
29.0806
29.1059
29.1312
29.1566
29.1819
29.2072
29.2326
29.2579
29.2832
29.3086
29.3339
29.3592
29.3846
29.4099
29.4352
29.4605
29.4859
29.5112
29.5365
29.5618
29.5872
29.6125
29.6378
29.6631
29.6885
29.7138
29.7391
29.7645
29.7898
29.8151
29.8405
29.8658
29.8911
29.9165
29.9418
29.9671
29.9925
30.0178
30.0432
30.0685
30.0939
30.1192
30.1446
30.1699
30.1952
30.2206
30.2459
30.2712
30.2966
30.3219
30.3472
30.3726
30.3979
30.4233
30.4486
30.4739
30.4993
30.5246
30.5499
30.5753
30.6006
30.6259
30.6512
30.6766
30.7019
30.7272
30.7526
30.7779
30.8032
30.8286
30.8539
30.8792
30.9045
30.9298
30.9552
30.9805
31.0058
31.0311
31.0564
31.0818
31.1071
31.1324
31.1578
31.1831
31.2084
31.2337
31.2591
31.2844
31.3097
31.335
31.3603
31.3856
31.411
31.4364
31.4617
31.487
31.5123
31.5377
31.563
31.5883
31.6136
31.6389
31.6642
31.6896
31.7149
31.7403
31.7656
31.7909
31.8162
31.8416
31.8669
31.8922
31.9176
31.9429
31.9683
31.9936
32.0189
32.0443
32.0696
32.0949
32.1203
32.1456
32.171
32.1963
32.2216
32.247
32.2723
32.2977
32.323
32.3483
32.3737
32.399
32.4243
32.4497
32.475
32.5004
32.5257
32.5511
32.5764
32.6017
32.6271
32.6524
32.6778
32.7032
32.7285
32.7539
32.7792
32.8045
32.8299
32.8552
32.8805
32.9058
32.9312
32.9565
32.9818
33.0071
33.0325
33.0578
33.0831
33.1085
33.1338
33.1591
33.1844
33.2098
33.2351
33.2604
33.2858
33.3111
33.3365
33.3618
33.3871
33.4125
33.4378
33.4631
33.4885
33.5138
33.5391
33.5644
33.5898
33.6151
33.6404
33.6658
33.6911
33.7164
33.7417
33.7671
33.7924
33.8177
33.843
33.8683
33.8936
33.9189
33.9442
33.9695
33.9948
34.0202
34.0455
34.0708
34.0962
34.1215
34.1468
34.1721
34.1975
34.2228
34.2481
34.2735
34.2988
34.3241
34.3495
34.3748
34.4001
34.4255
34.4508
34.4761
34.5015
34.5268
34.5521
34.5775
34.6028
34.6281
34.6534
34.6788
34.7041
34.7294
34.7547
34.7801
34.8054
34.8307
34.856
34.8814
34.9067
34.932
34.9574
34.9827
35.0081
35.0334
35.0587
35.084
35.1094
35.1347
35.1601
35.1854
35.2107
35.2361
35.2614
35.2868
35.3121
35.3375
35.3628
35.3882
35.4135
35.4388
35.4642
35.4895
35.5149
35.5402
35.5655
35.5909
35.6162
35.6416
35.6669
35.6922
35.7176
35.7429
35.7682
35.7935
35.8189
35.8442
35.8696
35.8949
35.9202
35.9456
35.9709
35.9962
36.0215
36.0469
36.0722
36.0975
36.1229
36.1482
36.1736
36.1989
36.2242
36.2495
36.2749
36.3002
36.3256
36.3509
36.3762
36.4016
36.4269
36.4523
36.4776
36.5029
36.5283
36.5536
36.579
36.6043
36.6297
36.655
36.6803
36.7057
36.731
36.7563
36.7816
36.807
36.8323
36.8576
36.883
36.9083
36.9337
36.959
36.9843
37.0097
37.035
37.0603
37.0856
37.1109
37.1363
37.1616
37.1869
37.2123
37.2376
37.2629
37.2882
37.3135
37.3389
37.3642
37.3896
37.4149
37.4403
37.4657
37.491
37.5163
37.5417
37.567
37.5923
37.6177
37.643
37.6684
37.6937
37.719
37.7443
37.7697
37.795
37.8203
37.8457
37.871
37.8963
37.9216
37.9469
37.9723
37.9976
38.0229
38.0483
38.0736
38.099
38.1243
38.1496
38.175
38.2003
38.2256
38.251
38.2763
38.3017
38.327
38.3523
38.3777
38.403
38.4283
38.4537
38.479
38.5043
38.5297
38.555
38.5803
38.6057
38.631
38.6563
38.6817
38.707
38.7324
38.7577
38.7831
38.8084
38.8337
38.8591
38.8844
38.9097
38.935
38.9603
38.9856
39.011
39.0363
39.0617
39.087
39.1123
39.1377
39.163
39.1884
39.2137
39.239
39.2644
39.2897
39.3151
39.3404
39.3657
39.3911
39.4164
39.4418
39.4671
39.4924
39.5178
39.5431
39.5684
39.5938
39.6191
39.6445
39.6698
39.6952
39.7205
39.7458
39.7712
39.7965
39.8219
39.8472
39.8726
39.8979
39.9232
39.9486
39.9739
39.9992
40.0246
40.0499
40.0752
40.1006
40.1259
40.1512
40.1766
40.2019
40.2273
40.2527
40.278
40.3034
40.3287
40.3541
40.3794
40.4048
40.4301
40.4554
40.4808
40.5061
40.5315
40.5568
40.5822
40.6075
40.6329
40.6582
40.6836
40.7089
40.7343
40.7596
40.7849
40.8103
40.8356
40.8609
40.8863
40.9116
40.9369
40.9622
40.9876
41.0129
41.0382
41.0635
41.0889
41.1142
41.1395
41.1649
41.1902
41.2156
41.2409
41.2663
41.2916
41.3169
41.3423
41.3676
41.3929
41.4182
41.4436
41.4689
41.4942
41.5195
41.5448
41.5701
41.5955
41.6208
41.6461
41.6714
41.6967
41.722
41.7474
41.7727
41.798
41.8233
41.8486
41.874
41.8993
41.9246
41.9499
41.9752
42.0006
42.0259
42.0512
42.0765
42.1019
42.1272
42.1526
42.1779
42.2032
42.2286
42.2539
42.2792
42.3046
42.3299
42.3552
42.3806
42.4059
42.4312
42.4566
42.4819
42.5072
42.5326
42.5579
42.5832
42.6086
42.634
42.6594
42.6847
42.7101
42.7354
42.7608
42.7861
42.8115
42.8368
42.8621
42.8875
42.9128
42.9381
42.9635
42.9888
43.0141
43.0395
43.0648
43.0901
43.1155
43.1408
43.1661
43.1915
43.2168
43.2421
43.2675
43.2928
43.3182
43.3435
43.3689
43.3942
43.4196
43.4449
43.4703
43.4956
43.5209
43.5462
43.5716
43.5969
43.6222
43.6476
43.6729
43.6982
43.7236
43.7489
43.7742
43.7996
43.8249
43.8502
43.8756
43.901
43.9263
43.9516
43.977
44.0023
44.0276
44.053
44.0783
44.1036
44.129
44.1543
44.1797
44.205
44.2304
44.2557
44.281
44.3064
44.3317
44.357
44.3824
44.4077
44.433
44.4584
44.4837
44.509
44.5343
44.5597
44.585
44.6103
44.6356
44.6609
44.6862
44.7115
44.7368
44.7622
44.7875
44.8128
44.8382
44.8635
44.8889
44.9143
44.9396
44.965
44.9903
45.0156
45.041
45.0663
45.0916
45.117
45.1423
45.1676
45.193
45.2183
45.2436
45.269
45.2943
45.3197
45.345
45.3704
45.3957
45.4211
45.4464
45.4718
45.4971
45.5225
45.5478
45.5731
45.5985
45.6238
45.6492
45.6745
45.6998
45.7252
45.7505
45.7759
45.8012
45.8266
45.8519
45.8773
45.9026
45.9279
45.9533
45.9786
46.004
46.0293
46.0547
46.08
46.1053
46.1307
46.156
46.1813
46.2067
46.232
46.2573
46.2827
46.308
46.3334
46.3587
46.3841
46.4094
46.4348
46.4601
46.4855
46.5108
46.5362
46.5615
46.5869
46.6122
46.6375
46.6629
46.6882
46.7135
46.7389
46.7642
46.7895
46.8149
46.8402
46.8655
46.8909
46.9162
46.9415
46.9669
46.9922
47.0176
47.0429
47.0683
47.0936
47.119
47.1443
47.1697
47.195
47.2204
47.2457
47.2711
47.2964
47.3218
47.3471
47.3725
47.3978
47.4231
47.4485
47.4738
47.4992
47.5245
47.5499
47.5752
47.6005
47.6259
47.6512
47.6765
47.7019
47.7272
47.7525
47.7779
47.8032
47.8285
47.8539
47.8792
47.9046
47.93
47.9553
47.9807
48.006
48.0314
48.0567
48.0821
48.1074
48.1327
48.1581
48.1834
48.2087
48.2341
48.2594
48.2848
48.3101
48.3355
48.3608
48.3861
48.4115
48.4369
48.4622
48.4875
48.5129
48.5382
48.5636
48.5889
48.6143
48.6396
48.665
48.6903
48.7156
48.741
48.7663
48.7917
48.817
48.8423
48.8677
48.893
48.9183
48.9436
48.9689
48.9942
49.0196
49.0449
49.0702
49.0956
49.1209
49.1462
49.1716
49.1969
49.2222
49.2476
49.273
49.2983
49.3236
49.349
49.3743
49.3997
49.425
49.4503
49.4757
49.501
49.5263
49.5517
49.577
49.6023
49.6277
49.653
49.6783
49.7037
49.729
49.7543
49.7796
49.805
49.8303
49.8556
49.881
49.9063
49.9316
49.957
49.9823
50.0077
50.033
50.0583
50.0837
50.109
50.1344
50.1597
50.1851
50.2104
50.2358
50.2611
50.2865
50.3118
50.3372
50.3625
50.3879
50.4132
50.4386
50.4639
50.4893
50.5146
50.54
50.5653
50.5906
50.616
50.6413
50.6666
50.692
50.7173
50.7426
50.768
50.7933
50.8187
50.844
50.8693
50.8947
50.92
50.9453
50.9706
50.996
51.0213
51.0466
51.072
51.0973
51.1226
51.148
51.1733
51.1986
51.224
51.2493
51.2746
51.3
51.3253
51.3506
51.376
51.4013
51.4267
51.452
51.4773
51.5027
51.528
51.5533
51.5787
51.6041
51.6295
51.6548
51.6802
51.7055
51.7309
51.7563
51.7816
51.807
51.8323
51.8576
51.883
51.9084
51.9338
51.9591
51.9845
52.0098
52.0352
52.0605
52.0859
52.1112
52.1365
52.1619
52.1872
52.2126
52.2379
52.2633
52.2886
52.3139
52.3392
52.3646
52.3899
52.4152
52.4406
52.4659
52.4912
52.5166
52.5419
52.5673
52.5926
52.6179
52.6433
52.6686
52.694
52.7194
52.7448
52.7701
52.7955
52.8208
52.8461
52.8715
52.8968
52.9221
52.9475
52.9728
52.9982
53.0235
53.0488
53.0742
53.0995
53.1249
53.1502
53.1755
53.2009
53.2262
53.2515
53.2769
53.3022
53.3276
53.3529
53.3782
53.4036
53.4289
53.4542
53.4795
53.5049
53.5303
53.5556
53.5809
53.6063
53.6316
53.6569
53.6823
53.7076
53.7329
53.7583
53.7836
53.8089
53.8343
53.8596
53.885
53.9103
53.9357
53.961
53.9863
54.0117
54.0371
54.0624
54.0878
54.1131
54.1385
54.1638
54.1892
54.2145
54.2398
54.2652
54.2905
54.3159
54.3412
54.3666
54.392
54.4174
54.4427
54.4681
54.4934
54.5188
54.5441
54.5694
54.5948
54.6201
54.6454
54.6708
54.6961
54.7214
54.7468
54.7721
54.7974
54.8227
54.8481
54.8734
54.8987
54.9241
54.9494
54.9747
55.0001
55.0254
55.0507
55.0761
55.1014
55.1268
55.1521
55.1775
55.2028
55.2282
55.2535
55.2789
55.3042
55.3295
55.3549
55.3802
55.4055
55.4309
55.4563
55.4817
55.507
55.5324
55.5577
55.583
55.6084
55.6337
55.659
55.6844
55.7097
55.735
55.7604
55.7857
55.8111
55.8364
55.8617
55.8871
55.9125
55.9378
55.9632
55.9885
56.0138
56.0392
56.0645
56.0899
56.1152
56.1405
56.1659
56.1912
56.2166
56.2419
56.2672
56.2926
56.3179
56.3432
56.3686
56.3939
56.4193
56.4446
56.4699
56.4952
56.5206
56.5459
56.5713
56.5966
56.6219
56.6473
56.6726
56.6979
56.7233
56.7486
56.7739
56.7992
56.8246
56.8499
56.8752
56.9005
56.9259
56.9512
56.9765
57.0019
57.0272
57.0525
57.0779
57.1032
57.1285
57.1539
57.1792
57.2046
57.2299
57.2553
57.2806
57.3059
57.3312
57.3566
57.3819
57.4072
57.4326
57.4579
57.4832
57.5086
57.5339
57.5592
57.5846
57.6099
57.6353
57.6606
57.6859
57.7112
57.7366
57.7619
57.7872
57.8126
57.8379
57.8632
57.8886
57.9139
57.9393
57.9647
57.99
58.0154
58.0407
58.0661
58.0915
58.1168
58.1421
58.1675
58.1928
58.2182
58.2435
58.2689
58.2942
58.3196
58.3449
58.3702
58.3956
58.4209
58.4462
58.4716
58.4969
58.5223
58.5476
58.5729
58.5983
58.6236
58.6489
58.6743
58.6996
58.7249
58.7503
58.7756
58.801
58.8263
58.8516
58.877
58.9023
58.9276
58.9529
58.9783
59.0036
59.0289
59.0542
59.0796
59.1049
59.1302
59.1555
59.1809
59.2062
59.2316
59.2569
59.2823
59.3076
59.3329
59.3583
59.3836
59.4089
59.4343
59.4596
59.4849
59.5103
59.5356
59.5609
59.5862
59.6116
59.6369
59.6622
59.6875
59.7129
59.7382
59.7635
59.7889
59.8142
59.8396
59.8649
59.8902
59.9156
59.9409
59.9662
59.9915
60.0169
60.0422
60.0675
60.0929
60.1182
60.1436
60.1689
60.1943
60.2196
60.2449
60.2703
60.2956
60.321
60.3463
60.3716
60.397
60.4223
60.4477
60.473
60.4984
60.5237
60.5491
60.5744
60.5998
60.6251
60.6504
60.6758
60.7011
60.7264
60.7518
60.7771
60.8025
60.8278
60.8531
60.8784
60.9038
60.9291
60.9544
60.9798
61.0051
61.0304
61.0558
61.0811
61.1065
61.1318
61.1571
61.1824
61.2078
61.2331
61.2585
61.2838
61.3091
61.3345
61.3598
61.3852
61.4105
61.4359
61.4613
61.4866
61.512
61.5373
61.5627
61.588
61.6134
61.6388
61.6641
61.6894
61.7148
61.7401
61.7654
61.7908
61.8161
61.8415
61.8668
61.8922
61.9176
61.9429
61.9683
61.9936
62.0189
62.0443
62.0696
62.0949
62.1203
62.1457
62.1711
62.1964
62.2218
62.2471
62.2725
62.2978
62.3232
62.3486
62.374
62.3993
62.4247
62.45
62.4753
62.5007
62.526
62.5514
62.5767
62.602
62.6274
62.6528
62.6781
62.7035
62.7288
62.7541
62.7795
62.8048
62.8302
62.8555
62.8808
62.9061
62.9315
62.9568
62.9822
63.0075
63.0328
63.0581
63.0835
63.1088
63.1342
63.1595
63.1849
63.2102
63.2355
63.2609
63.2862
63.3115
63.3369
63.3622
63.3875
63.4129
63.4382
63.4636
63.4889
63.5142
63.5395
63.5649
63.5902
63.6156
63.641
63.6663
63.6916
63.717
63.7423
63.7677
63.793
63.8184
63.8437
63.8691
63.8944
63.9197
63.945
63.9704
63.9957
64.021
64.0464
64.0717
64.097
64.1224
64.1477
64.1731
64.1984
64.2238
64.2491
64.2745
64.2998
64.3252
64.3505
64.3759
64.4012
64.4265
64.4519
64.4772
64.5026
64.5279
64.5533
64.5787
64.604
64.6294
64.6547
64.6801
64.7054
64.7307
64.7561
64.7815
64.8068
64.8321
64.8575
64.8828
64.9081
64.9335
64.9588
64.9842
65.0095
65.0349
65.0602
65.0855
65.1108
65.1362
65.1615
65.1868
65.2122
65.2375
65.2629
65.2882
65.3135
65.3389
65.3643
65.3896
65.4149
65.4403
65.4656
65.491
65.5163
65.5417
65.5671
65.5924
65.6178
65.6431
65.6684
65.6938
65.7192
65.7445
65.7699
65.7952
65.8205
65.8459
65.8712
65.8966
65.9219
65.9473
65.9727
65.998
66.0233
66.0487
66.074
66.0993
66.1247
66.15
66.1753
66.2006
66.226
66.2513
66.2767
66.302
66.3274
66.3527
66.3781
66.4034
66.4288
66.4542
66.4796
66.505
66.5303
66.5556
66.581
66.6063
66.6317
66.657
66.6824
66.7077
66.7331
66.7584
66.7837
66.8092
66.8345
66.8599
66.8852
66.9106
66.9359
66.9613
66.9867
67.012
67.0374
67.0627
67.088
67.1133
67.1387
67.164
67.1894
67.2148
67.2402
67.2655
67.2909
67.3162
67.3416
67.3669
67.3923
67.4177
67.4433
67.4686
67.494
67.5193
67.5446
67.57
67.5953
67.6206
67.6459
67.6713
67.6966
67.722
67.7474
67.7727
67.7981
67.8234
67.8487
67.8741
67.8995
67.9248
67.9501
67.9755
68.0008
68.0262
68.0515
68.0768
68.1022
68.1275
68.1529
68.1782
68.2035
68.2289
68.2542
68.2795
68.3048
68.3302
68.3556
68.3809
68.4063
68.4316
68.457
68.4824
68.5078
68.5332
68.5585
68.5839
68.6092
68.6346
68.6599
68.6853
68.7106
68.736
68.7614
68.7867
68.8121
68.8374
68.8627
68.8881
68.9134
68.9387
68.964
68.9894
69.0147
69.0401
69.0654
69.0908
69.1162
69.1415
69.1668
69.1922
69.2175
69.2429
69.2682
69.2936
69.3189
69.3442
69.3696
69.3949
69.4203
69.4456
69.4709
69.4963
69.5216
69.547
69.5723
69.5977
69.623
69.6484
69.6737
69.6991
69.7244
69.7497
69.7751
69.8005
69.8258
69.8512
69.8765
69.9018
69.9272
69.9525
69.9779
70.0032
70.0286
70.0539
70.0792
70.1046
70.1299
70.1553
70.1806
70.2059
70.2313
70.2566
70.282
70.3073
70.3326
70.358
70.3833
70.4087
70.434
70.4593
70.4847
70.51
70.5354
70.5607
70.5861
70.6114
70.6367
70.6621
70.6874
70.7128
70.7381
70.7635
70.7888
70.8141
70.8394
70.8648
70.8901
70.9155
70.9408
70.9661
70.9915
71.0168
71.0421
71.0675
71.0929
71.1182
71.1436
71.1689
71.1943
71.2197
71.245
71.2704
71.2957
71.3211
71.3464
71.3717
71.3971
71.4225
71.4478
71.4732
71.4985
71.5238
71.5492
71.5746
71.5999
71.6253
71.6506
71.6759
71.7013
71.7266
71.752
71.7773
71.8026
71.828
71.8534
71.8787
71.904
71.9294
71.9547
71.98
72.0054
72.0307
72.056
72.0814
72.1067
72.1321
72.1574
72.1827
72.2081
72.2334
72.2587
72.2841
72.3094
72.3348
72.3602
72.3855
72.4109
72.4362
72.4616
72.4869
72.5122
72.5375
72.5629
72.5882
72.6136
72.6389
72.6643
72.6896
72.7149
72.7403
72.7657
72.791
72.8163
72.8417
72.867
72.8923
72.9176
72.943
72.9683
72.9937
73.019
73.0443
73.0697
73.095
73.1203
73.1456
73.171
73.1964
73.2217
73.247
73.2724
73.2977
73.323
73.3484
73.3737
73.399
73.4244
73.4497
73.4751
73.5004
73.5257
73.5511
73.5764
73.6018
73.6271
73.6525
73.6778
73.7031
73.7285
73.7538
73.7792
73.8045
73.8299
73.8553
73.8806
73.906
73.9314
73.9568
73.9821
74.0076
74.0329
74.0583
74.0836
74.109
74.1343
74.1597
74.185
74.2104
74.2357
74.261
74.2864
74.3117
74.3371
74.3624
74.3877
74.4131
74.4384
74.4637
74.4891
74.5144
74.5398
74.5651
74.5905
74.6158
74.6411
74.6665
74.6918
74.7172
74.7425
74.7678
74.7931
74.8185
74.8438
74.8691
74.8944
74.9197
74.9451
74.9704
74.9957
75.0211
75.0464
75.0717
75.0971
75.1224
75.1478
75.1731
75.1984
75.2238
75.2491
75.2744
75.2998
75.3251
75.3504
75.3758
75.4011
75.4265
75.4518
75.4771
75.5025
75.5278
75.5531
75.5784
75.6038
75.6291
75.6545
75.6798
75.7051
75.7304
75.7558
75.7811
75.8064
75.8318
75.8571
75.8824
75.9078
75.9331
75.9585
75.9839
76.0093
76.0347
76.06
76.0854
76.1107
76.1361
76.1614
76.1867
76.2121
76.2375
76.2628
76.2882
76.3135
76.3389
76.3642
76.3896
76.4149
76.4403
76.4656
76.491
76.5163
76.5417
76.567
76.5924
76.6178
76.6432
76.6685
76.6939
76.7192
76.7445
76.7699
76.7952
76.8205
76.8459
76.8712
76.8965
76.9218
76.9471
76.9725
76.9978
77.0231
77.0485
77.0738
77.0991
77.1244
77.1498
77.1751
77.2005
77.2258
77.2512
77.2765
77.3018
77.3272
77.3525
77.3778
77.4032
77.4285
77.4539
77.4792
77.5046
77.5299
77.5553
77.5806
77.6059
77.6312
77.6566
77.6819
77.7072
77.7326
77.7579
77.7832
77.8086
77.8339
77.8593
77.8847
77.9101
77.9355
77.9608
77.9862
78.0116
78.0369
78.0623
78.0876
78.1129
78.1383
78.1636
78.189
78.2143
78.2397
78.265
78.2903
78.3156
78.341
78.3663
78.3917
78.417
78.4423
78.4677
78.493
78.5183
78.5437
78.569
78.5944
78.6197
78.645
78.6704
78.6957
78.7211
78.7464
78.7718
78.7972
78.8225
78.8478
78.8732
78.8985
78.9238
78.9491
78.9744
78.9998
79.0251
79.0505
79.0758
79.1012
79.1265
79.1519
79.1772
79.2025
79.2279
79.2532
79.2785
79.3039
79.3292
79.3546
79.3799
79.4052
79.4306
79.4559
79.4813
79.5066
79.5319
79.5572
79.5825
79.6078
79.6331
79.6585
79.6838
79.7091
79.7345
79.7598
79.7851
79.815
79.8403
79.8657
79.891
79.9166
79.9419
79.9672
79.9926
80.0179
80.0432
80.0685
80.0939
80.1192
80.1445
80.1698
80.1951
80.2204
80.2458
80.2711
80.2964
80.3218
80.3471
80.3725
80.3978
80.4232
80.4485
80.4738
80.4992
80.5245
80.5499
80.5752
80.6006
80.6259
80.6513
80.6766
80.7019
80.7273
80.7526
80.778
80.8033
80.8287
80.854
80.8793
80.9047
80.93
80.9553
80.9807
81.006
81.0314
81.0567
81.082
81.1073
81.1327
81.158
81.1833
81.2087
81.234
81.2593
81.2846
81.31
81.3353
81.3606
81.386
81.4113
81.4366
81.462
81.4873
81.5127
81.538
81.5634
81.5888
81.6141
81.6395
81.6648
81.6901
81.7155
81.7408
81.7661
81.7915
81.8168
81.8422
81.8675
81.8928
81.9181
81.9435
81.9688
81.9942
82.0195
82.0449
82.0702
82.0955
82.1209
82.1463
82.1716
82.197
82.2223
82.2476
82.273
82.2983
82.3236
82.349
82.3743
82.3997
82.425
82.4503
82.4757
82.501
82.5264
82.5517
82.5771
82.6024
82.6278
82.6531
82.6785
82.7039
82.7292
82.7545
82.7799
82.8052
82.8305
82.8559
82.8812
82.9065
82.9318
82.9572
82.9825
83.0078
83.0332
83.0585
83.0838
83.1092
83.1345
83.1599
83.1852
83.2105
83.2359
83.2612
83.2865
83.3119
83.3372
83.3626
83.3879
83.4132
83.4385
83.4639
83.4892
83.5145
83.5399
83.5652
83.5905
83.6159
83.6412
83.6665
83.6919
83.7172
83.7425
83.7679
83.7932
83.8185
83.8438
83.8692
83.8945
83.9198
83.9452
83.9705
83.9958
84.0212
84.0465
84.0718
84.0972
84.1225
84.1479
84.1732
84.1985
84.2239
84.2492
84.2746
84.2999
84.3252
84.3506
84.3759
84.4013
84.4266
84.4519
84.4773
84.5026
84.528
84.5534
84.5787
84.604
84.6294
84.6547
84.68
84.7053
84.7306
84.7559
84.7813
84.8066
84.8319
84.8573
84.8826
84.9079
84.9333
84.9586
84.9839
85.0092
85.0346
85.0599
85.0852
85.1106
85.1359
85.1612
85.1866
85.2119
85.2373
85.2626
85.2879
85.3133
85.3386
85.364
85.3894
85.4147
85.44
85.4654
85.4907
85.516
85.5414
85.5667
85.592
85.6173
85.6427
85.668
85.6933
85.7187
85.744
85.7693
85.7947
85.82
85.8453
85.8706
85.896
85.9213
85.9467
85.972
85.9974
86.0227
86.0481
86.0734
86.0988
86.1241
86.1494
86.1748
86.2001
86.2255
86.2508
86.2762
86.3015
86.3268
86.3522
86.3775
86.4028
86.4282
86.4535
86.4789
86.5042
86.5295
86.5549
86.5802
86.6056
86.631
86.6564
86.6817
86.707
86.7324
86.7577
86.7831
86.8084
86.8337
86.8591
86.8845
86.9098
86.9352
86.9605
86.9859
87.0112
87.0365
87.0619
87.0872
87.1126
87.1379
87.1632
87.1886
87.214
87.2394
87.2647
87.29
87.3154
87.3407
87.3661
87.3914
87.4168
87.4421
87.4675
87.4928
87.5181
87.5434
87.5688
87.5941
87.6194
87.6447
87.67
87.6954
87.7207
87.746
87.7714
87.7967
87.8221
87.8474
87.8728
87.8981
87.9235
87.9488
87.9742
87.9995
88.0249
88.0502
88.0755
88.1009
88.1262
88.1515
88.1769
88.2022
88.2276
88.2529
88.2782
88.3036
88.3289
88.3543
88.3796
88.4049
88.4303
88.4556
88.481
88.5063
88.5317
88.557
88.5823
88.6077
88.633
88.6584
88.6837
88.709
88.7344
88.7597
88.7851
88.8105
88.8358
88.8612
88.8865
88.9119
88.9373
88.9627
88.988
89.0134
89.0388
89.0642
89.0896
89.115
89.1403
89.1656
89.191
89.2163
89.2417
89.267
89.2924
89.3178
89.3432
89.3685
89.3939
89.4192
89.4446
89.4699
89.4952
89.5206
89.5459
89.5712
89.5966
89.6219
89.6472
89.6725
89.6979
89.7232
89.7486
89.7739
89.7992
89.8246
89.8499
89.8752
89.9006
89.9259
89.9512
89.9766
90.0019
90.0273
90.0526
90.078
90.1033
90.1287
90.154
90.1793
90.2047
90.23
90.2553
90.2807
90.306
90.3314
90.3567
90.382
90.4074
90.4327
90.4581
90.4834
90.5087
90.5341
90.5594
90.5847
90.6101
90.6354
90.6608
90.6861
90.7116
90.7369
90.7622
90.7876
90.8129
90.8383
90.8636
90.889
90.9143
90.9397
90.965
90.9903
91.0157
91.041
91.0663
91.0917
91.117
91.1424
91.1677
91.193
91.2184
91.2437
91.2691
91.2944
91.3197
91.3451
91.3704
91.3957
91.4211
91.4464
91.4718
91.4971
91.5224
91.5478
91.5731
91.5985
91.6238
91.6491
91.6745
91.6998
91.7252
91.7505
91.7758
91.8012
91.8265
91.8518
91.8772
91.9025
91.9278
91.9531
91.9785
92.0038
92.0291
92.0545
92.0798
92.1052
92.1305
92.1559
92.1812
92.2065
92.2318
92.2572
92.2825
92.3078
92.3332
92.3585
92.3839
92.4092
92.4345
92.4599
92.4853
92.5106
92.536
92.5613
92.5866
92.612
92.6373
92.6626
92.688
92.7133
92.7387
92.764
92.7894
92.8147
92.84
92.8654
92.8907
92.916
92.9413
92.9667
92.992
93.0173
93.0427
93.068
93.0933
93.1187
93.144
93.1693
93.1946
93.2199
93.2453
93.2706
93.296
93.3213
93.3466
93.3719
93.3973
93.4226
93.448
93.4733
93.4986
93.524
93.5493
93.5746
93.6
93.6253
93.6507
93.676
93.7014
93.7267
93.7521
93.7774
93.8028
93.8281
93.8534
93.8788
93.9041
93.9295
93.9548
93.9801
94.0055
94.0308
94.0561
94.0815
94.1068
94.1321
94.1575
94.1828
94.2081
94.2334
94.2588
94.2841
94.3095
94.3349
94.3603
94.3856
94.411
94.4363
94.4617
94.487
94.5124
94.5377
94.5631
94.5884
94.6138
94.6392
94.6646
94.6899
94.7152
94.7419
94.7672
94.7926
94.8179
94.8432
94.8686
94.8939
94.9192
94.9446
94.9699
94.9952
95.0206
95.0459
95.0712
95.0966
95.1219
95.1473
95.1726
95.198
95.2233
95.2487
95.274
95.2994
95.3247
95.3501
95.3754
95.4007
95.4261
95.4514
95.4768
95.5022
95.5275
95.5529
95.5782
95.6035
95.6289
95.6543
95.6797
95.705
95.7304
95.7557
95.7811
95.8064
95.8318
95.8571
95.8825
95.9078
95.9331
95.9585
95.9838
96.0091
96.0345
96.0598
96.0851
96.1105
96.1358
96.1612
96.1865
96.2119
96.2372
96.2625
96.2879
96.3132
96.3386
96.3639
96.3892
96.4146
96.4399
96.4653
96.4906
96.516
96.5413
96.5666
96.592
96.6174
96.6427
96.668
96.6934
96.7187
96.744
96.7694
96.7947
96.82
96.8453
96.8707
96.896
96.9214
96.9467
96.972
96.9974
97.0227
97.048
97.0733
97.0987
97.124
97.1494
97.1747
97.2
97.2253
97.2507
97.276
97.3014
97.3267
97.3521
97.3774
97.4028
97.4281
97.4535
97.4788
97.5041
97.5294
97.5547
97.5801
97.6054
97.6307
97.6561
97.6814
97.7068
97.7321
97.7574
97.7828
97.8081
97.8335
97.8588
97.8842
97.9095
97.9349
97.9602
97.9855
98.0109
98.0362
98.0615
98.0869
98.1123
98.1376
98.163
98.1883
98.2137
98.239
98.2643
98.2897
98.315
98.3403
98.3657
98.391
98.4163
98.4416
98.4669
98.4923
98.5176
98.543
98.5683
98.5936
98.619
98.6444
98.6697
98.6951
98.7204
98.7457
98.7711
98.7964
98.8218
98.8471
98.8724
98.8977
98.9231
98.9484
98.9737
98.9991
99.0244
99.0497
99.075
99.1003
99.1257
99.151
99.1763
99.2017
99.227
99.2523
99.2777
99.303
99.3283
99.3536
99.3789
99.4043
99.4296
99.4549
99.4802
99.5056
99.5309
99.5562
99.5815
99.6069
99.6322
99.6575
99.6829
99.7082
99.7336
99.7589
99.7843
99.8096
99.8349
99.8603
99.8856
99.9109
99.9363
99.9616
99.9869
100.012
100.038
100.063
100.088
100.114
100.139
100.164
100.19
100.215
100.24
100.266
100.291
100.317
100.342
100.367
100.393
100.418
100.443
100.469
100.494
100.519
100.545
100.57
100.595
100.621
100.646
100.671
100.697
100.722
100.747
100.773
100.798
100.823
100.849
100.874
100.899
100.925
100.95
100.975
101.001
101.026
101.051
101.077
101.102
101.127
101.153
101.178
101.203
101.229
101.254
101.279
101.305
101.33
101.355
101.381
101.406
101.431
101.457
101.482
101.507
101.533
101.558
101.583
101.609
101.634
101.659
101.685
101.71
101.735
101.761
101.786
101.811
101.837
101.862
101.887
101.913
101.938
101.963
101.989
102.014
102.04
102.065
102.09
102.116
102.141
102.166
102.192
102.217
102.242
102.268
102.293
102.318
102.344
102.369
102.395
102.42
102.445
102.471
102.496
102.521
102.547
102.572
102.597
102.623
102.648
102.673
102.699
102.724
102.749
102.775
102.8
102.825
102.851
102.876
102.901
102.927
102.952
102.977
103.003
103.028
103.053
103.079
103.104
103.129
103.155
103.18
103.206
103.231
103.256
103.282
103.307
103.332
103.358
103.383
103.408
103.434
103.459
103.484
103.51
103.535
103.56
103.586
103.611
103.637
103.662
103.687
103.713
103.738
103.763
103.789
103.814
103.839
103.865
103.89
103.915
103.941
103.966
103.991
104.017
104.042
104.067
104.093
104.118
104.143
104.169
104.194
104.219
104.245
104.27
104.295
104.321
104.346
104.371
104.397
104.422
104.447
104.473
104.498
104.523
104.549
104.574
104.599
104.625
104.65
104.675
104.701
104.726
104.751
104.777
104.802
104.827
104.852
104.878
104.903
104.928
104.954
104.979
105.004
105.03
105.055
105.08
105.106
105.131
105.157
105.182
105.207
105.233
105.258
105.283
105.309
105.334
105.359
105.385
105.41
105.435
105.461
105.486
105.511
105.537
105.562
105.587
105.613
105.638
105.663
105.689
105.714
105.739
105.765
105.79
105.815
105.841
105.866
105.891
105.917
105.942
105.967
105.993
106.018
106.044
106.069
106.094
106.12
106.145
106.17
106.196
106.221
106.246
106.272
106.297
106.322
106.348
106.373
106.398
106.424
106.449
106.475
106.5
106.525
106.551
106.576
106.601
106.627
106.652
106.677
106.703
106.728
106.753
106.779
106.804
106.829
106.855
106.88
106.905
106.931
106.956
106.981
107.007
107.032
107.057
107.083
107.108
107.133
107.158
107.184
107.209
107.235
107.26
107.285
107.311
107.336
107.361
107.387
107.412
107.437
107.463
107.488
107.513
107.539
107.564
107.59
107.615
107.64
107.666
107.691
107.716
107.742
107.767
107.792
107.818
107.843
107.868
107.894
107.919
107.944
107.97
107.995
108.02
108.046
108.071
108.096
108.122
108.147
108.173
108.198
108.223
108.249
108.274
108.299
108.325
108.35
108.375
108.401
108.426
108.451
108.477
108.502
108.527
108.553
108.578
108.603
108.629
108.654
108.679
108.705
108.73
108.755
108.781
108.806
108.831
108.857
108.882
108.907
108.933
108.958
108.983
109.009
109.034
109.059
109.085
109.11
109.135
109.161
109.186
109.211
109.237
109.262
109.287
109.313
109.338
109.363
109.389
109.414
109.44
109.465
109.49
109.516
109.541
109.566
109.592
109.617
109.642
109.668
109.693
109.718
109.744
109.769
109.794
109.82
109.845
109.87
109.896
109.921
109.946
109.972
109.997
110.022
110.048
110.073
110.098
110.124
110.149
110.175
110.2
110.225
110.251
110.276
110.301
110.327
110.352
110.377
110.403
110.428
110.453
110.479
110.504
110.529
110.555
110.58
110.606
110.631
110.656
110.682
110.707
110.732
110.758
110.783
110.808
110.834
110.859
110.884
110.91
110.935
110.96
110.986
111.011
111.036
111.062
111.087
111.112
111.138
111.163
111.188
111.214
111.239
111.264
111.29
111.315
111.34
111.366
111.391
111.416
111.442
111.467
111.492
111.518
111.543
111.569
111.594
111.619
111.645
111.67
111.695
111.721
111.746
111.771
111.797
111.822
111.847
111.873
111.898
111.923
111.949
111.974
111.999
112.025
112.05
112.075
112.101
112.126
112.152
112.177
112.202
112.228
112.253
112.278
112.304
112.329
112.354
112.38
112.405
112.43
112.456
112.481
112.506
112.532
112.557
112.582
112.608
112.633
112.658
112.684
112.709
112.734
112.76
112.785
112.81
112.836
112.861
112.886
112.912
112.937
112.962
112.988
113.013
113.038
113.064
113.089
113.114
113.14
113.165
113.19
113.216
113.241
113.267
113.292
113.317
113.343
113.368
113.393
113.419
113.444
113.469
113.495
113.52
113.545
113.571
113.596
113.621
113.647
113.672
113.697
113.723
113.748
113.773
113.799
113.824
113.849
113.875
113.9
113.925
113.951
113.976
114.001
114.027
114.052
114.077
114.103
114.128
114.153
114.179
114.204
114.23
114.255
114.28
114.306
114.331
114.356
114.382
114.407
114.432
114.458
114.483
114.508
114.534
114.559
114.584
114.61
114.635
114.66
114.686
114.711
114.736
114.762
114.787
114.812
114.837
114.863
114.888
114.913
114.939
114.964
114.989
115.015
115.04
115.065
115.091
115.116
115.141
115.167
115.192
115.217
115.243
115.268
115.293
115.319
115.344
115.369
115.395
115.42
115.445
115.471
115.496
115.521
115.547
115.572
115.597
115.623
115.648
115.673
115.699
115.724
115.749
115.775
115.8
115.825
115.851
115.876
115.901
115.927
115.952
115.978
116.003
116.028
116.054
116.079
116.104
116.13
116.155
116.18
116.206
116.231
116.256
116.282
116.307
116.333
116.358
116.383
116.409
116.434
116.459
116.485
116.51
116.535
116.561
116.586
116.611
116.637
116.662
116.687
116.713
116.738
116.763
116.789
116.814
116.839
116.865
116.89
116.915
116.941
116.966
116.991
117.017
117.042
117.067
117.093
117.118
117.143
117.168
117.194
117.219
117.244
117.27
117.295
117.32
117.346
117.371
117.397
117.422
117.447
117.473
117.498
117.523
117.549
117.574
117.599
117.625
117.65
117.675
117.701
117.726
117.751
117.777
117.802
117.827
117.852
117.878
117.903
117.929
117.954
117.979
118.005
118.03
118.055
118.081
118.106
118.131
118.157
118.182
118.207
118.233
118.258
118.283
118.309
118.334
118.359
118.385
118.41
118.435
118.461
118.486
118.511
118.537
118.562
118.588
118.613
118.638
118.664
118.689
118.714
118.74
118.765
118.79
118.816
118.841
118.866
118.892
118.917
118.942
118.968
118.993
119.018
119.044
119.069
119.094
119.12
119.145
119.17
119.196
119.221
119.246
119.272
119.297
119.322
119.348
119.373
119.398
119.424
119.449
119.474
119.5
119.525
119.55
119.576
119.601
119.626
119.652
119.677
119.702
119.728
119.753
119.778
119.804
119.829
119.854
119.88
119.905
119.93
119.956
119.981
120.006
120.032
120.057
120.082
120.108
120.133
120.158
120.184
120.209
120.234
120.26
120.285
120.31
120.336
120.361
120.387
120.412
120.437
120.463
120.488
120.513
120.539
120.564
120.589
120.615
120.64
120.665
120.691
120.716
120.741
120.767
120.792
120.817
120.843
120.868
120.893
120.919
120.944
120.969
120.995
121.02
121.045
121.071
121.096
121.121
121.147
121.172
121.197
121.223
121.248
121.273
121.299
121.324
121.349
121.375
121.4
121.425
121.451
121.476
121.501
121.527
121.552
121.577
121.603
121.628
121.653
121.679
121.704
121.729
121.755
121.78
121.805
121.831
121.856
121.881
121.907
121.932
121.957
121.983
122.008
122.033
122.059
122.084
122.109
122.135
122.16
122.185
122.211
122.236
122.261
122.287
122.312
122.337
122.363
122.388
122.413
122.439
122.464
122.489
122.515
122.54
122.565
122.591
122.616
122.641
122.667
122.692
122.717
122.743
122.768
122.793
122.819
122.844
122.869
122.895
122.92
122.945
122.971
122.996
123.021
123.047
123.072
123.097
123.123
123.148
123.173
123.199
123.224
123.249
123.275
123.3
123.325
123.351
123.376
123.402
123.427
123.452
123.478
123.503
123.528
123.554
123.579
123.604
123.63
123.655
123.68
123.706
123.731
123.757
123.782
123.807
123.832
123.858
123.883
123.909
123.934
123.959
123.985
124.01
124.035
124.061
124.086
124.111
124.137
124.162
124.187
124.213
124.238
124.264
124.289
124.314
124.34
124.365
124.39
124.416
124.441
124.466
124.492
124.517
124.542
124.568
124.593
124.618
124.644
124.669
124.694
124.72
124.745
124.77
124.796
124.821
124.846
124.872
124.897
124.922
124.948
124.973
124.998
125.024
125.049
125.074
125.1
125.125
125.15
125.176
125.201
125.226
125.252
125.277
125.302
125.328
125.353
125.378
125.404
125.429
125.455
125.48
125.505
125.531
125.556
125.581
125.607
125.632
125.657
125.683
125.708
125.733
125.759
125.784
125.809
125.835
125.86
125.885
125.911
125.936
125.961
125.987
126.012
126.037
126.063
126.088
126.113
126.139
126.164
126.189
126.215
126.24
126.266
126.291
126.316
126.342
126.367
126.392
126.418
126.443
126.468
126.494
126.519
126.544
126.57
126.595
126.62
126.646
126.671
126.696
126.722
126.747
126.773
126.798
126.823
126.849
126.874
126.899
126.925
126.95
126.975
127.001
127.026
127.051
127.077
127.102
127.127
127.153
127.178
127.203
127.229
127.254
127.279
127.305
127.33
127.355
127.381
127.406
127.431
127.457
127.482
127.507
127.533
127.558
127.583
127.609
127.634
127.659
127.685
127.71
127.735
127.761
127.786
127.811
127.837
127.862
127.887
127.913
127.938
127.963
127.989
128.014
128.04
128.065
128.09
128.116
128.141
128.166
128.192
128.217
128.242
128.268
128.293
128.318
128.344
128.369
128.394
128.42
128.445
128.47
128.496
128.521
128.546
128.572
128.597
128.622
128.648
128.673
128.698
128.724
128.749
128.774
128.8
128.825
128.85
128.876
128.901
128.926
128.952
128.977
129.002
129.028
129.053
129.078
129.104
129.129
129.154
129.18
129.205
129.23
129.256
129.281
129.306
129.332
129.357
129.382
129.408
129.433
129.458
129.484
129.509
129.534
129.56
129.585
129.61
129.636
129.661
129.686
129.712
129.737
129.763
129.788
129.813
129.839
129.864
129.889
129.915
129.94
129.965
129.991
130.016
130.041
130.067
130.092
130.117
130.143
130.168
130.193
130.219
130.244
130.269
130.295
130.32
130.345
130.371
130.396
130.421
130.447
130.472
130.498
130.523
130.548
130.574
130.599
130.624
130.65
130.675
130.7
130.726
130.751
130.776
130.802
130.827
130.852
130.878
130.903
130.928
130.954
130.979
131.004
131.03
131.055
131.08
131.106
131.131
131.156
131.182
131.207
131.232
131.258
131.283
131.309
131.334
131.359
131.385
131.41
131.435
131.461
131.486
131.511
131.537
131.562
131.587
131.613
131.638
131.663
131.689
131.714
131.739
131.765
131.79
131.815
131.841
131.866
131.891
131.917
131.942
131.967
131.993
132.018
132.043
132.069
132.094
132.119
132.145
132.17
132.195
132.221
132.246
132.271
132.297
132.322
132.347
132.373
132.398
132.423
132.449
132.474
132.499
132.525
132.55
132.575
132.601
132.626
132.651
132.677
132.702
132.727
132.753
132.778
132.803
132.829
132.854
132.879
132.905
132.93
132.955
132.981
133.006
133.031
133.057
133.082
133.107
133.133
133.158
133.183
133.209
133.234
133.259
133.285
133.31
133.335
133.361
133.386
133.411
133.437
133.462
133.487
133.513
133.538
133.563
133.589
133.614
133.639
133.665
133.69
133.716
133.741
133.766
133.792
133.817
133.842
133.868
133.893
133.918
133.944
133.969
133.995
134.02
134.045
134.071
134.096
134.121
134.147
134.172
134.197
134.223
134.248
134.274
134.299
134.324
134.35
134.375
134.4
134.426
134.451
134.476
134.502
134.527
134.552
134.578
134.603
134.629
134.654
134.679
134.705
134.73
134.755
134.78
134.806
134.831
134.856
134.882
134.907
134.932
134.958
134.983
135.008
135.034
135.059
135.084
135.11
135.135
135.16
135.186
135.211
135.236
135.262
135.287
135.313
135.338
135.363
135.389
135.414
135.439
135.465
135.49
135.515
135.541
135.566
135.591
135.617
135.642
135.667
135.693
135.718
135.743
135.769
135.794
135.819
135.845
135.87
135.895
135.921
135.946
135.971
135.997
136.022
136.047
136.073
136.098
136.123
136.149
136.174
136.199
136.225
136.25
136.275
136.301
136.326
136.352
136.377
136.402
136.428
136.453
136.478
136.504
136.529
136.554
136.58
136.605
136.63
136.656
136.681
136.706
136.732
136.757
136.782
136.808
136.833
136.858
136.884
136.909
136.934
136.96
136.985
137.01
137.036
137.061
137.086
137.112
137.137
137.162
137.188
137.213
137.238
137.263
137.289
137.314
137.339
137.365
137.39
137.415
137.441
137.466
137.491
137.517
137.542
137.567
137.593
137.618
137.643
137.669
137.694
137.719
137.745
137.77
137.795
137.821
137.846
137.872
137.897
137.922
137.948
137.973
137.998
138.024
138.049
138.074
138.1
138.125
138.15
138.176
138.201
138.226
138.252
138.277
138.302
138.328
138.353
138.378
138.404
138.429
138.454
138.48
138.505
138.53
138.556
138.581
138.606
138.632
138.657
138.682
138.708
138.733
138.758
138.784
138.809
138.834
138.86
138.885
138.91
138.936
138.961
138.986
139.012
139.037
139.062
139.088
139.113
139.139
139.164
139.189
139.215
139.24
139.265
139.291
139.316
139.341
139.367
139.392
139.417
139.443
139.468
139.493
139.519
139.544
139.569
139.595
139.62
139.645
139.67
139.696
139.721
139.746
139.772
139.797
139.822
139.848
139.873
139.898
139.924
139.949
139.974
140
140.025
140.05
140.076
140.101
140.126
140.152
140.177
140.202
140.228
140.253
140.279
140.304
140.329
140.355
140.38
140.405
140.431
140.456
140.481
140.507
140.532
140.557
140.583
140.608
140.633
140.659
140.684
140.709
140.735
140.76
140.785
140.811
140.836
140.861
140.887
140.912
140.937
140.963
140.988
141.013
141.039
141.064
141.089
141.115
141.14
141.166
141.191
141.216
141.242
141.267
141.292
141.318
141.343
141.368
141.394
141.419
141.444
141.469
141.495
141.52
141.545
141.571
141.596
141.622
141.647
141.672
141.698
141.723
141.748
141.774
141.799
141.824
141.85
141.875
141.9
141.926
141.951
141.976
142.002
142.027
142.052
142.078
142.103
142.128
142.154
142.179
142.204
142.23
142.255
142.281
142.306
142.331
142.357
142.382
142.407
142.433
142.458
142.483
142.509
142.534
142.559
142.585
142.61
142.635
142.661
142.686
142.711
142.737
142.762
142.787
142.813
142.838
142.863
142.889
142.914
142.939
142.965
142.99
143.015
143.041
143.066
143.091
143.117
143.142
143.167
143.193
143.218
143.243
143.269
143.294
143.319
143.345
143.37
143.396
143.421
143.446
143.472
143.497
143.522
143.548
143.573
143.598
143.624
143.649
143.674
143.7
143.725
143.75
143.776
143.801
143.826
143.852
143.877
143.902
143.928
143.953
143.978
144.004
144.029
144.054
144.08
144.105
144.13
144.156
144.181
144.206
144.232
144.257
144.282
144.308
144.333
144.358
144.384
144.409
144.434
144.46
144.485
144.511
144.536
144.561
144.587
144.612
144.637
144.662
144.688
144.713
144.738
144.764
144.789
144.814
144.84
144.865
144.89
144.916
144.941
144.966
144.992
145.017
145.042
145.068
145.093
145.118
145.144
145.169
145.194
145.22
145.245
145.27
145.296
145.321
145.346
145.372
145.397
145.422
145.448
145.473
145.498
145.524
145.549
145.574
145.6
145.625
145.65
145.676
145.701
145.726
145.752
145.777
145.802
145.828
145.853
145.878
145.904
145.929
145.955
145.98
146.005
146.031
146.056
146.081
146.107
146.132
146.157
146.183
146.208
146.233
146.259
146.284
146.309
146.335
146.36
146.385
146.411
146.436
146.461
146.487
146.512
146.537
146.563
146.588
146.613
146.639
146.664
146.689
146.715
146.74
146.765
146.791
146.816
146.841
146.867
146.892
146.917
146.943
146.968
146.993
147.019
147.044
147.07
147.095
147.12
147.146
147.171
147.196
147.222
147.247
147.272
147.298
147.323
147.348
147.374
147.399
147.424
147.45
147.475
147.5
147.526
147.551
147.576
147.602
147.627
147.652
147.678
147.703
147.728
147.754
147.779
147.804
147.83
147.855
147.88
147.905
147.931
147.956
147.982
148.007
148.032
148.058
148.083
148.108
148.134
148.159
148.184
148.21
148.235
148.26
148.286
148.311
148.336
148.362
148.387
148.412
148.438
148.463
148.489
148.514
148.539
148.565
148.59
148.615
148.641
148.666
148.691
148.717
148.742
148.767
148.793
148.818
148.843
148.869
148.894
148.919
148.945
148.97
148.995
149.021
149.046
149.071
149.097
149.122
149.147
149.173
149.198
149.223
149.249
149.274
149.299
149.325
149.35
149.375
149.401
149.426
149.452
149.477
149.502
149.528
149.553
149.578
149.604
149.629
149.654
149.68
149.705
149.731
149.756
149.781
149.807
149.832
149.858
149.883
149.908
149.934
149.959
149.984
150.01
150.035
150.06
150.086
150.111
150.136
150.162
150.187
150.212
150.238
150.263
150.289
150.314
150.34
150.365
150.39
150.416
150.441
150.466
150.492
150.517
150.542
150.568
150.593
150.618
150.644
150.669
150.694
150.72
150.745
150.77
150.796
150.821
150.846
150.872
150.897
150.922
150.948
150.973
150.998
151.024
151.049
151.074
151.1
151.125
151.15
151.176
151.201
151.226
151.252
151.277
151.302
151.328
151.353
151.378
151.404
151.429
151.454
151.48
151.505
151.53
151.556
151.581
151.606
151.632
151.657
151.682
151.708
151.733
151.758
151.784
151.809
151.835
151.86
151.885
151.911
151.936
151.961
151.987
152.012
152.037
152.063
152.088
152.113
152.139
152.164
152.189
152.215
152.24
152.265
152.291
152.316
152.341
152.367
152.392
152.418
152.443
152.468
152.494
152.519
152.544
152.57
152.595
152.62
152.646
152.671
152.696
152.722
152.747
152.772
152.798
152.823
152.848
152.874
152.899
152.924
152.95
152.975
153
153.026
153.051
153.076
153.102
153.127
153.152
153.178
153.203
153.228
153.254
153.279
153.304
153.33
153.355
153.38
153.406
153.431
153.457
153.482
153.507
153.533
153.558
153.583
153.609
153.634
153.659
153.685
153.71
153.735
153.761
153.786
153.811
153.837
153.862
153.887
153.913
153.938
153.963
153.989
154.014
154.039
154.065
154.09
154.115
154.141
154.166
154.191
154.217
154.242
154.267
154.293
154.318
154.343
154.369
154.394
154.419
154.445
154.47
154.495
154.521
154.546
154.571
154.597
154.622
154.647
154.673
154.698
154.723
154.749
154.774
154.799
154.824
154.85
154.875
154.9
154.926
154.951
154.976
155.002
155.027
155.053
155.078
155.103
155.129
155.154
155.179
155.205
155.23
155.255
155.281
155.306
155.331
155.357
155.382
155.407
155.433
155.458
155.483
155.509
155.534
155.559
155.585
155.61
155.635
155.661
155.686
155.711
155.737
155.762
155.787
155.813
155.838
155.863
155.889
155.914
155.94
155.965
155.99
156.016
156.041
156.066
156.092
156.117
156.142
156.168
156.193
156.218
156.244
156.269
156.294
156.32
156.345
156.37
156.396
156.421
156.446
156.472
156.497
156.522
156.548
156.573
156.598
156.624
156.649
156.674
156.7
156.725
156.75
156.776
156.801
156.826
156.852
156.877
156.902
156.928
156.953
156.978
157.004
157.029
157.054
157.08
157.105
157.13
157.156
157.181
157.206
157.232
157.257
157.282
157.308
157.333
157.359
157.384
157.409
157.435
157.46
157.485
157.511
157.536
157.562
157.587
157.612
157.638
157.663
157.688
157.714
157.739
157.764
157.79
157.815
157.841
157.866
157.891
157.917
157.942
157.967
157.993
158.018
158.043
158.069
158.094
158.12
158.145
158.17
158.196
158.221
158.246
158.272
158.297
158.322
158.348
158.373
158.398
158.424
158.449
158.474
158.5
158.525
158.55
158.576
158.601
158.626
158.652
158.677
158.702
158.728
158.753
158.778
158.804
158.829
158.855
158.88
158.905
158.93
158.956
158.981
159.006
159.032
159.057
159.082
159.108
159.133
159.159
159.184
159.209
159.235
159.26
159.285
159.311
159.336
159.361
159.387
159.412
159.437
159.463
159.488
159.513
159.539
159.564
159.589
159.615
159.64
159.665
159.691
159.716
159.742
159.767
159.792
159.818
159.843
159.868
159.894
159.919
159.944
159.97
159.995
160.02
160.046
160.071
160.096
160.122
160.147
160.172
160.198
160.223
160.248
160.274
160.299
160.324
160.35
160.375
160.4
160.426
160.451
160.476
160.502
160.527
160.552
160.578
160.603
160.628
160.654
160.679
160.704
160.73
160.755
160.78
160.806
160.831
160.856
160.882
160.907
160.932
160.958
160.983
161.008
161.034
161.059
161.084
161.11
161.135
161.16
161.186
161.211
161.236
161.262
161.287
161.312
161.338
161.363
161.389
161.414
161.439
161.465
161.49
161.515
161.541
161.566
161.591
161.617
161.642
161.667
161.693
161.718
161.743
161.769
161.794
161.819
161.845
161.87
161.895
161.921
161.946
161.971
161.997
162.022
162.047
162.073
162.098
162.123
162.149
162.174
162.199
162.225
162.25
162.275
162.301
162.326
162.351
162.377
162.402
162.427
162.453
162.478
162.504
162.529
162.554
162.58
162.605
162.63
162.656
162.681
162.706
162.732
162.757
162.782
162.808
162.833
162.858
162.884
162.909
162.934
162.96
162.985
163.01
163.036
163.061
163.086
163.112
163.137
163.162
163.188
163.213
163.238
163.264
163.289
163.314
163.34
163.365
163.391
163.416
163.441
163.467
163.492
163.517
163.543
163.568
163.593
163.619
163.644
163.669
163.695
163.72
163.745
163.771
163.796
163.821
163.847
163.872
163.898
163.923
163.948
163.974
163.999
164.024
164.05
164.075
164.1
164.126
164.151
164.176
164.202
164.227
164.252
164.278
164.303
164.328
164.354
164.379
164.404
164.43
164.455
164.48
164.506
164.531
164.556
164.582
164.607
164.632
164.658
164.683
164.708
164.734
164.759
164.784
164.81
164.835
164.86
164.886
164.911
164.936
164.962
164.987
165.012
165.038
165.063
165.088
165.114
165.139
165.164
165.19
165.215
165.24
165.266
165.291
165.316
165.342
165.367
165.392
165.418
165.443
165.468
165.494
165.519
165.544
165.57
165.595
165.62
165.646
165.671
165.696
165.722
165.747
165.772
165.798
165.823
165.848
165.874
165.899
165.924
165.95
165.975
166.001
166.026
166.051
166.077
166.102
166.127
166.153
166.178
166.203
166.229
166.254
166.279
166.305
166.33
166.355
166.381
166.406
166.431
166.457
166.482
166.507
166.533
166.558
166.584
166.609
166.634
166.66
166.685
166.71
166.736
166.761
166.786
166.812
166.837
166.862
166.888
166.913
166.938
166.964
166.989
167.014
167.04
167.065
167.09
167.116
167.141
167.166
167.192
167.217
167.242
167.268
167.293
167.318
167.344
167.369
167.394
167.42
167.445
167.47
167.496
167.521
167.546
167.572
167.597
167.622
167.648
167.673
167.699
167.724
167.749
167.775
167.8
167.825
167.851
167.876
167.901
167.927
167.952
167.977
168.003
168.028
168.053
168.079
168.104
168.13
168.155
168.18
168.206
168.231
168.256
168.282
168.307
168.332
168.358
168.383
168.408
168.434
168.459
168.484
168.51
168.535
168.56
168.586
168.611
168.637
168.662
168.687
168.713
168.738
168.763
168.789
168.814
168.839
168.865
168.89
168.915
168.941
168.966
168.991
169.017
169.042
169.068
169.093
169.118
169.144
169.169
169.194
169.22
169.245
169.27
169.296
169.321
169.346
169.372
169.397
169.422
169.448
169.473
169.498
169.524
169.549
169.574
169.6
169.625
169.65
169.676
169.701
169.726
169.752
169.777
169.802
169.827
169.853
169.878
169.903
169.929
169.954
169.979
170.005
170.03
170.055
170.081
170.106
170.139
170.164
170.19
170.215
170.24
170.266
170.291
170.316
170.342
170.367
170.392
170.418
170.443
170.468
170.494
170.519
170.544
170.57
170.595
170.62
170.646
170.671
170.697
170.722
170.747
170.773
170.798
170.823
170.849
170.874
170.899
170.925
170.95
170.975
171.001
171.026
171.051
171.077
171.102
171.127
171.153
171.178
171.203
171.229
171.254
171.279
171.305
171.33
171.355
171.381
171.406
171.431
171.457
171.482
171.507
171.533
171.558
171.583
171.609
171.634
171.659
171.685
171.71
171.735
171.761
171.786
171.811
171.837
171.862
171.887
171.913
171.938
171.963
171.989
172.014
172.039
172.065
172.09
172.115
172.141
172.166
172.192
172.217
172.242
172.268
172.293
172.318
172.344
172.369
172.394
172.42
172.445
172.47
172.496
172.521
172.546
172.572
172.597
172.622
172.648
172.673
172.698
172.724
172.749
172.774
172.8
172.825
172.85
172.876
172.901
172.926
172.952
172.977
173.002
173.027
173.053
173.078
173.103
173.129
173.154
173.179
173.205
173.23
173.256
173.281
173.306
173.332
173.357
173.382
173.408
173.433
173.458
173.484
173.509
173.534
173.56
173.585
173.61
173.636
173.661
173.686
173.712
173.737
173.762
173.788
173.813
173.838
173.864
173.889
173.914
173.94
173.965
173.99
174.016
174.041
174.067
174.092
174.117
174.143
174.168
174.193
174.219
174.244
174.269
174.295
174.32
174.345
174.371
174.396
174.421
174.447
174.472
174.497
174.523
174.548
174.573
174.599
174.624
174.649
174.675
174.7
174.725
174.75
174.776
174.801
174.826
174.852
174.877
174.902
174.928
174.953
174.978
175.004
175.029
175.054
175.08
175.105
175.13
175.156
175.181
175.206
175.232
175.257
175.282
175.308
175.333
175.358
175.384
175.409
175.434
175.46
175.485
175.51
175.536
175.561
175.586
175.612
175.637
175.662
175.688
175.713
175.738
175.764
175.789
175.814
175.839
175.865
175.89
175.915
175.941
175.966
175.992
176.017
176.042
176.068
176.093
176.118
176.144
176.169
176.194
176.22
176.245
176.271
176.296
176.321
176.347
176.372
176.397
176.423
176.448
176.473
176.499
176.524
176.549
176.575
176.6
176.625
176.651
176.676
176.701
176.727
176.752
176.777
176.803
176.828
176.853
176.879
176.904
176.929
176.955
176.98
177.005
177.031
177.056
177.081
177.107
177.132
177.157
177.183
177.208
177.233
177.259
177.284
177.309
177.335
177.36
177.385
177.411
177.436
177.461
177.487
177.512
177.537
177.563
177.588
177.613
177.639
177.664
177.689
177.715
177.74
177.765
177.791
177.816
177.841
177.867
177.892
177.918
177.943
177.968
177.994
178.019
178.044
178.07
178.095
178.12
178.146
178.171
178.196
178.222
178.247
178.272
178.298
178.323
178.348
178.374
178.399
178.424
178.45
178.475
178.5
178.526
178.551
178.577
178.602
178.627
178.653
178.678
178.703
178.729
178.754
178.779
178.805
178.83
178.855
178.881
178.906
178.931
178.957
178.982
179.007
179.033
179.058
179.084
179.109
179.134
179.16
179.185
179.21
179.236
179.261
179.287
179.312
179.337
179.363
179.388
179.413
179.439
179.464
179.489
179.515
179.54
179.565
179.591
179.616
179.641
179.667
179.692
179.717
179.743
179.768
179.793
179.819
179.844
179.869
179.895
179.92
179.945
179.971
179.996
180.021
180.047
180.072
180.098
180.123
180.148
180.173
180.199
180.224
180.249
180.275
180.3
180.326
180.351
180.376
180.402
180.427
180.452
180.478
180.503
180.528
180.554
180.579
180.604
180.63
180.655
180.68
180.706
180.731
180.756
180.782
180.807
180.833
180.858
180.883
180.908
180.934
180.959
180.984
181.01
181.035
181.06
181.086
181.111
181.136
181.162
181.187
181.212
181.238
181.263
181.288
181.314
181.339
181.364
181.39
181.415
181.44
181.466
181.491
181.516
181.542
181.567
181.593
181.618
181.643
181.669
181.694
181.719
181.745
181.77
181.795
181.821
181.846
181.871
181.897
181.922
181.947
181.973
181.998
182.023
182.049
182.074
182.099
182.125
182.15
182.175
182.201
182.226
182.251
182.277
182.302
182.327
182.353
182.378
182.403
182.429
182.454
182.479
182.505
182.53
182.555
182.581
182.606
182.631
182.657
182.682
182.707
182.733
182.758
182.783
182.809
182.834
182.859
182.885
182.91
182.935
182.961
182.986
183.011
183.037
183.062
183.087
183.113
183.138
183.164
183.189
183.214
183.24
183.265
183.29
183.316
183.341
183.366
183.392
183.417
183.442
183.468
183.493
183.518
183.544
183.569
183.594
183.62
183.645
183.67
183.696
183.721
183.746
183.772
183.797
183.822
183.848
183.873
183.898
183.924
183.949
183.974
184
184.025
184.05
184.076
184.101
184.127
184.152
184.177
184.203
184.228
184.253
184.279
184.304
184.329
184.355
184.38
184.406
184.431
184.456
184.482
184.507
184.532
184.558
184.583
184.608
184.634
184.659
184.684
184.709
184.735
184.76
184.785
184.811
184.836
184.861
184.887
184.912
184.937
184.963
184.988
185.013
185.039
185.064
185.089
185.115
185.14
185.165
185.191
185.216
185.241
185.267
185.292
185.317
185.343
185.368
185.393
185.419
185.444
185.47
185.495
185.52
185.546
185.571
185.596
185.622
185.647
185.672
185.698
185.723
185.748
185.774
185.799
185.824
185.85
185.875
185.9
185.926
185.951
185.976
186.002
186.027
186.052
186.078
186.103
186.128
186.154
186.179
186.205
186.23
186.255
186.281
186.306
186.331
186.357
186.382
186.407
186.433
186.458
186.483
186.509
186.534
186.559
186.585
186.61
186.635
186.661
186.686
186.711
186.737
186.762
186.787
186.813
186.838
186.863
186.889
186.914
186.939
186.965
186.99
187.015
187.041
187.066
187.091
187.117
187.142
187.168
187.193
187.218
187.244
187.269
187.294
187.32
187.345
187.37
187.396
187.421
187.446
187.472
187.497
187.522
187.548
187.573
187.598
187.624
187.649
187.674
187.7
187.725
187.751
187.776
187.801
187.827
187.852
187.877
187.903
187.928
187.953
187.979
188.004
188.029
188.055
188.08
188.105
188.131
188.156
188.181
188.207
188.232
188.257
188.283
188.308
188.333
188.359
188.384
188.409
188.435
188.46
188.485
188.511
188.536
188.562
188.587
188.612
188.638
188.663
188.688
188.714
188.739
188.764
188.79
188.815
188.84
188.866
188.891
188.916
188.941
188.967
188.992
189.017
189.043
189.068
189.093
189.119
189.144
189.169
189.195
189.22
189.245
189.271
189.296
189.322
189.347
189.372
189.398
189.423
189.448
189.474
189.499
189.524
189.55
189.575
189.6
189.626
189.651
189.676
189.702
189.727
189.752
189.778
189.803
189.828
189.854
189.879
189.904
189.93
189.955
189.98
190.006
190.031
190.056
190.082
190.107
190.132
190.158
190.183
190.208
190.234
190.259
190.284
190.31
190.335
190.36
190.386
190.411
190.436
190.462
190.487
190.513
190.538
190.563
190.589
190.614
190.639
190.665
190.69
190.715
190.741
190.766
190.791
190.817
190.842
190.867
190.893
190.918
190.943
190.969
190.994
191.019
191.045
191.07
191.095
191.121
191.146
191.171
191.197
191.222
191.247
191.273
191.298
191.323
191.349
191.374
191.399
191.425
191.45
191.475
191.501
191.526
191.551
191.577
191.602
191.627
191.653
191.678
191.703
191.729
191.754
191.779
191.805
191.83
191.855
191.881
191.906
191.931
191.957
191.982
192.008
192.033
192.058
192.084
192.109
192.134
192.16
192.185
192.21
192.236
192.261
192.286
192.312
192.337
192.362
192.388
192.413
192.438
192.464
192.489
192.514
192.54
192.565
192.59
192.616
192.641
192.666
192.692
192.717
192.742
192.768
192.793
192.818
192.844
192.869
192.895
192.92
192.945
192.971
192.996
193.021
193.047
193.072
193.097
193.123
193.148
193.173
193.199
193.224
193.249
193.275
193.3
193.325
193.351
193.376
193.401
193.427
193.452
193.477
193.503
193.528
193.553
193.579
193.604
193.629
193.655
193.68
193.705
193.731
193.756
193.781
193.807
193.832
193.857
193.883
193.908
193.933
193.959
193.984
194.009
194.035
194.06
194.086
194.111
194.136
194.162
194.187
194.212
194.238
194.263
194.288
194.314
194.339
194.364
194.39
194.415
194.44
194.466
194.491
194.516
194.542
194.567
194.592
194.618
194.643
194.668
194.694
194.719
194.744
194.77
194.795
194.82
194.846
194.871
194.896
194.922
194.947
194.972
194.998
195.023
195.048
195.074
195.099
195.124
195.15
195.175
195.2
195.226
195.251
195.276
195.302
195.327
195.352
195.378
195.403
195.428
195.454
195.479
195.504
195.53
195.555
195.58
195.606
195.631
195.656
195.682
195.707
195.732
195.758
195.783
195.808
195.834
195.859
195.884
195.91
195.935
195.96
195.986
196.011
196.036
196.062
196.087
196.112
196.138
196.163
196.188
196.214
196.239
196.265
196.29
196.315
196.341
196.366
196.391
196.417
196.442
196.467
196.493
196.518
196.543
196.569
196.594
196.619
196.645
196.67
196.695
196.721
196.746
196.771
196.797
196.822
196.847
196.873
196.898
196.923
196.949
196.974
196.999
197.025
197.05
197.075
197.101
197.126
197.151
197.177
197.202
197.227
197.253
197.278
197.303
197.329
197.354
197.379
197.405
197.43
197.455
197.481
197.506
197.531
197.557
197.582
197.608
197.633
197.658
197.684
197.709
197.734
197.76
197.785
197.81
197.836
197.861
197.886
197.912
197.937
197.962
197.988
198.013
198.038
198.064
198.089
198.114
198.14
198.165
198.19
198.216
198.241
198.266
198.292
198.317
198.343
198.368
198.393
198.419
198.444
198.469
198.495
198.52
198.545
198.571
198.596
198.621
198.647
198.672
198.697
198.723
198.748
198.773
198.799
198.824
198.849
198.875
198.9
198.925
198.951
198.976
199.001
199.027
199.052
199.077
199.103
199.128
199.153
199.179
199.204
199.23
199.255
199.28
199.306
199.331
199.356
199.382
199.407
199.432
199.458
199.483
199.508
199.534
199.559
199.584
199.61
199.635
199.66
199.686
199.711
199.736
199.762
199.787
199.812
199.838
199.863
199.888
199.914
199.939
199.964
199.99
200.015
200.04
200.066
200.091
200.116
200.142
200.167
200.192
200.218
200.243
200.268
200.294
200.319
200.344
200.37
200.395
200.42
200.446
200.471
200.496
200.522
200.547
200.572
200.598
200.623
200.648
200.674
200.699
200.724
200.75
200.775
200.8
200.826
200.851
200.876
200.902
200.927
200.952
200.978
201.003
201.028
201.054
201.079
201.104
201.13
201.155
201.18
201.206
201.231
201.257
201.282
201.307
201.333
201.358
201.383
201.409
201.434
201.459
201.485
201.51
201.535
201.561
201.586
201.611
201.637
201.662
201.687
201.713
201.738
201.763
201.789
201.814
201.839
201.865
201.89
201.915
201.941
201.966
201.991
202.017
202.042
202.067
202.093
202.118
202.143
202.169
202.194
202.219
202.245
202.27
202.296
202.321
202.346
202.372
202.397
202.422
202.448
202.473
202.498
202.524
202.549
202.574
202.6
202.625
202.65
202.676
202.701
202.726
202.752
202.777
202.802
202.828
202.853
202.878
202.904
202.929
202.954
202.98
203.005
203.03
203.056
203.081
203.106
203.132
203.157
203.182
203.208
203.233
203.258
203.284
203.309
203.334
203.36
203.385
203.411
203.436
203.461
203.487
203.512
203.537
203.563
203.588
203.613
203.639
203.664
203.689
203.715
203.74
203.765
203.791
203.816
203.841
203.866
203.892
203.917
203.942
203.968
203.993
204.018
204.044
204.069
204.095
204.12
204.145
204.171
204.196
204.221
204.247
204.272
204.297
204.323
204.348
204.373
204.399
204.424
204.449
204.475
204.5
204.525
204.551
204.576
204.601
204.627
204.652
204.677
204.703
204.728
204.753
204.779
204.804
204.829
204.855
204.88
204.905
204.931
204.956
204.981
205.007
205.032
205.057
205.083
205.108
205.133
205.159
205.184
205.209
205.235
205.26
205.285
205.311
205.336
205.361
205.387
205.412
205.437
205.463
205.488
205.513
205.539
205.564
205.589
205.615
205.64
205.665
205.691
205.716
205.741
205.767
205.792
205.817
205.843
205.868
205.893
205.919
205.944
205.969
205.995
206.02
206.045
206.071
206.096
206.121
206.147
206.172
206.197
206.223
206.248
206.273
206.299
206.324
206.349
206.375
206.4
206.425
206.451
206.476
206.501
206.527
206.552
206.577
206.603
206.628
206.654
206.679
206.704
206.73
206.755
206.78
206.806
206.831
206.856
206.882
206.907
206.932
206.958
206.983
207.008
207.034
207.059
207.084
207.11
207.135
207.16
207.186
207.211
207.236
207.261
207.287
207.312
207.337
207.363
207.388
207.413
207.439
207.464
207.49
207.515
207.54
207.566
207.591
207.616
207.641
207.667
207.692
207.717
207.743
207.768
207.793
207.819
207.844
207.869
207.895
207.92
207.945
207.971
207.996
208.021
208.046
208.072
208.097
208.122
208.148
208.173
208.198
208.224
208.249
208.274
208.3
208.325
208.35
208.376
208.401
208.426
208.452
208.477
208.502
208.528
208.553
208.578
208.604
208.629
208.654
208.68
208.705
208.73
208.755
208.781
208.806
208.831
208.857
208.882
208.907
208.933
208.958
208.983
209.009
209.034
209.059
209.084
209.11
209.135
209.16
209.186
209.211
209.236
209.262
209.287
209.312
209.337
209.363
209.388
209.413
209.439
209.464
209.489
209.515
209.54
209.565
209.59
209.616
209.641
209.666
209.692
209.717
209.742
209.768
209.793
209.818
209.844
209.869
209.894
209.92
209.945
209.97
209.995
210.021
210.046
210.071
210.097
210.122
210.147
210.173
210.198
210.223
210.248
210.274
210.299
210.324
210.35
210.375
210.4
210.426
210.451
210.477
210.502
210.527
210.552
210.578
210.603
210.629
210.654
210.679
210.704
210.73
210.755
210.781
210.806
210.831
210.856
210.882
210.907
210.932
210.958
210.983
211.008
211.034
211.059
211.084
211.11
211.135
211.16
211.186
211.211
211.236
211.262
211.287
211.312
211.338
211.363
211.388
211.414
211.439
211.464
211.49
211.515
211.54
211.566
211.591
211.616
211.641
211.667
211.692
211.717
211.743
211.768
211.793
211.819
211.844
211.869
211.895
211.92
211.945
211.971
211.996
212.021
212.047
212.072
212.097
212.122
212.148
212.173
212.198
212.224
212.249
212.274
212.3
212.325
212.35
212.376
212.401
212.426
212.452
212.477
212.502
212.528
212.553
212.578
212.604
212.629
212.654
212.68
212.705
212.73
212.756
212.781
212.806
212.832
212.857
212.882
212.907
212.933
212.958
212.983
213.009
213.034
213.059
213.084
213.11
213.135
213.16
213.186
213.211
213.236
213.262
213.287
213.312
213.338
213.363
213.388
213.413
213.439
213.464
213.489
213.515
213.54
213.565
213.591
213.616
213.641
213.667
213.692
213.717
213.743
213.768
213.793
213.819
213.844
213.869
213.895
213.92
213.945
213.971
213.996
214.021
214.047
214.072
214.097
214.122
214.148
214.173
214.198
214.224
214.249
214.274
214.3
214.325
214.35
214.376
214.401
214.426
214.451
214.477
214.502
214.527
214.553
214.578
214.603
214.629
214.654
214.679
214.705
214.73
214.755
214.78
214.806
214.831
214.856
214.882
214.907
214.932
214.957
214.983
215.008
215.033
215.059
215.084
215.109
215.134
215.16
215.185
215.211
215.236
215.261
215.286
215.312
215.337
215.362
215.388
215.413
215.438
215.464
215.489
215.514
215.54
215.565
215.59
215.615
215.641
215.666
215.691
215.717
215.742
215.767
215.793
215.818
215.843
215.868
215.894
215.919
215.944
215.97
215.995
216.02
216.046
216.071
216.097
216.122
216.148
216.174
216.199
216.225
216.25
216.275
216.301
216.326
216.352
216.378
216.403
216.429
216.454
216.479
216.505
216.53
216.555
216.581
216.606
216.631
216.657
216.682
216.707
216.733
216.758
216.783
216.809
216.834
216.859
216.885
216.91
216.936
216.962
216.987
217.013
217.038
217.064
217.089
217.114
217.14
217.165
217.19
217.216
217.241
217.266
217.292
217.317
217.343
217.368
217.393
217.419
217.444
217.469
217.495
217.52
217.545
217.571
217.596
217.621
217.646
217.672
217.697
217.722
217.747
217.773
217.798
217.823
217.849
217.874
217.899
217.925
217.95
217.976
218.001
218.027
218.052
218.078
218.103
218.128
218.154
218.179
218.205
218.23
218.256
218.281
218.307
218.332
218.357
218.383
218.408
218.434
218.459
218.485
218.51
218.535
218.561
218.586
218.612
218.637
218.663
218.688
218.713
218.739
218.764
218.79
218.815
218.841
218.866
218.891
218.917
