4.27629
4.49659
7.28227
13.3514
28.2045
27.8291
29.4552
25.6412
18.8504
18.5887
17.247
17.0474
16.7944
16.451
16.242
16.1119
16.0264
15.9699
15.9933
16.0742
16.1261
16.3909
16.7066
17.1264
17.4776
17.9746
18.5039
19.0002
19.5084
20.0194
20.4352
20.7448
20.8788
21.0271
21.1877
21.2212
21.1661
20.9893
20.7603
20.5285
20.3022
20.0804
19.8722
19.6932
19.5457
19.4662
19.3961
19.3526
19.3567
19.4345
19.5377
19.6856
19.8429
19.9949
20.1957
20.3789
20.5405
20.7211
20.883
21.0168
21.1346
21.2134
21.2409
21.1907
21.085
20.9898
20.8741
20.7225
20.5649
20.4117
20.2691
20.1499
20.0542
19.9867
19.8952
19.8603
19.8614
19.8935
19.9467
20.0184
20.1348
20.2488
20.3732
20.4764
20.5787
20.6628
20.7406
20.8011
20.8301
20.8541
20.8609
20.8455
20.8054
20.7397
20.6486
20.5395
20.4085
20.3045
20.1997
20.1322
20.0809
20.0389
20.0243
20.0257
20.0564
20.0894
20.1446
20.2117
20.3066
20.4255
20.4992
20.6095
20.7043
20.7773
20.8365
20.8721
20.8858
20.8862
20.8639
20.8284
20.783
20.7303
20.6624
20.5948
20.5233
20.4354
20.3662
20.3211
20.2969
20.284
20.2974
20.3369
20.4024
20.4812
20.5459
20.6006
20.6578
20.7052
20.7691
20.8262
20.8763
20.909
20.932
20.9458
20.9475
20.9263
20.8925
20.8457
20.8023
20.7616
20.7254
20.6938
20.6607
20.6105
20.5728
20.5528
20.5409
20.5456
20.5669
20.5923
20.625
20.6673
20.7146
20.7672
20.8092
20.8605
20.901
20.9217
20.9386
20.9463
20.9102
20.8755
20.8382
20.8014
20.7721
20.7389
20.7083
20.679
20.6553
20.639
20.6252
20.6011
20.5673
20.5298
20.5119
20.5215
20.5576
20.5797
20.5706
20.5966
20.6235
20.6497
20.6711
20.6873
20.6952
20.701
20.7023
20.7045
20.7036
20.6995
20.6961
20.6911
20.685
20.6737
20.6549
20.6386
20.6391
20.6364
20.6328
20.6297
20.623
20.6174
20.614
20.6104
20.6027
20.6068
20.6109
20.6298
20.6529
20.6783
20.7053
20.7313
20.7577
20.7796
20.7972
20.8173
20.8129
20.8046
20.7996
20.7957
20.7918
20.7893
20.7844
20.7798
20.7745
20.7701
20.7688
20.7665
20.7732
20.7745
20.7867
20.8011
20.8226
20.8296
20.8442
20.8556
20.8622
20.8677
20.8742
20.8818
20.9017
20.9184
20.9361
20.9522
20.9672
20.9842
20.9942
21.0104
21.0172
21.0155
21.0019
20.9868
20.9746
20.9645
20.9565
20.9627
20.9744
20.9856
20.9997
21.0138
21.0139
21.0113
21.0048
21.0105
21.0113
21.0174
21.0267
21.0403
21.0605
21.086
21.1113
21.1275
21.1381
21.1384
21.1337
21.1296
21.1299
21.1231
21.1196
21.1186
21.1195
21.1199
21.1127
21.1089
21.1107
21.1083
21.1073
21.1064
21.1046
21.0992
21.101
21.1092
21.1255
21.1497
21.1675
21.176
21.1808
21.1849
21.1895
21.1973
21.2046
21.2173
21.2269
21.2377
21.2489
21.2597
21.2712
21.2799
21.2866
21.2929
21.2898
21.291
21.2919
21.2947
21.2983
21.299
21.2985
21.3061
21.3137
21.318
21.3247
21.3351
21.3464
21.338
21.3311
21.3257
21.3234
21.3273
21.3293
21.3311
21.3297
21.3286
21.3281
21.3217
21.3083
21.3013
21.2964
21.2917
21.2819
21.2818
21.2692
21.2642
21.263
21.2634
21.2672
21.2798
21.2939
21.3004
21.307
21.3149
21.3062
21.3123
21.3233
21.3318
21.3275
21.3302
21.3281
21.3206
21.3086
21.3033
21.3029
21.3106
21.3237
21.3425
21.3605
21.3546
21.3606
21.3664
21.3666
21.36
21.3553
21.3554
21.3552
21.354
21.339
21.3366
21.338
21.3431
21.3465
21.3514
21.3485
21.3382
21.3294
21.3287
21.33
21.336
21.3428
21.3491
21.349
21.3531
21.36
21.3697
21.3795
21.3897
21.4001
21.4077
21.4101
21.4047
21.3969
21.3881
21.3782
21.3713
21.3612
21.354
21.3495
21.35
21.3507
21.3484
21.3487
21.347
21.3461
21.3429
21.3413
21.3458
21.3557
21.367
21.3658
21.3698
21.381
21.3977
21.4055
21.4245
21.4351
21.4432
21.4329
21.4162
21.4004
21.3892
21.3839
21.3803
21.378
21.3787
21.3798
21.3856
21.395
21.4054
21.4097
21.4023
21.4007
21.4063
21.4174
21.4323
21.4464
21.4638
21.4783
21.4872
21.492
21.4923
21.4885
21.4804
21.4698
21.4612
21.4504
21.4322
21.4143
21.4081
21.4048
21.397
21.3965
21.3987
21.3962
21.3952
21.4
21.4042
21.4112
21.4232
21.4424
21.4612
21.4767
21.4865
21.4828
21.4789
21.4768
21.4763
21.4698
21.4608
21.4504
21.4408
21.4125
21.3923
21.3829
21.3827
21.3798
21.3742
21.3666
21.362
21.3605
21.3607
21.3626
21.3618
21.3702
21.3762
21.383
21.3921
21.3963
21.3937
21.3915
21.3892
21.3905
21.3929
21.3904
21.3874
21.3854
21.3812
21.3773
21.375
21.355
21.3425
21.3272
21.3164
21.3041
21.2977
21.2939
21.2928
21.2918
21.2892
21.2868
21.291
21.2971
21.3059
21.3096
21.3139
21.3174
21.3133
21.3108
21.317
21.3209
21.3224
21.3237
21.33
21.3245
21.3211
21.317
21.3098
21.3006
21.2945
21.2904
21.2907
21.29
21.2895
21.2887
21.2839
21.2814
21.2795
21.2827
21.2897
21.2982
21.3118
21.3253
21.3302
21.3407
21.3532
21.3604
21.3699
21.3821
21.3925
21.396
21.395
21.3884
21.3849
21.3763
21.3654
21.3547
21.3434
21.3327
21.3261
21.323
21.3224
21.3226
21.3188
21.3142
21.3115
21.3069
21.3041
21.3035
21.3042
21.2997
21.2989
21.2998
21.3011
21.2962
21.292
21.2878
21.2831
21.2771
21.2651
21.2569
21.2495
21.2422
21.236
21.2317
21.2294
21.2283
21.2289
21.2374
21.2476
21.2529
21.2495
21.2424
21.2345
21.2277
21.224
21.2181
21.2125
21.195
21.1838
21.1733
21.17
21.1684
21.1608
21.1632
21.1674
21.1689
21.1701
21.1699
21.1702
21.1663
21.1609
21.1586
21.1675
21.1727
21.1682
21.1601
21.1498
21.1427
21.1379
21.1308
21.1245
21.1244
21.1283
21.1257
21.1226
21.1161
21.1097
21.1038
21.0973
21.0895
21.0875
21.0888
21.0988
21.1101
21.1216
21.1348
21.1527
21.1667
21.1748
21.1745
21.176
21.1734
21.1792
21.185
21.1838
21.1794
21.1749
21.1629
21.1502
21.1404
21.1364
21.1352
21.1343
21.1347
21.1393
21.1407
21.1471
21.157
21.167
21.1811
21.1974
21.191
21.1947
21.2067
21.2197
21.2259
21.2189
21.2167
21.2112
21.2053
21.1929
21.1817
21.1706
21.1578
21.1463
21.1373
21.1297
21.1231
21.1141
21.1085
21.1053
21.1031
21.105
21.1041
21.1031
21.0983
21.0929
21.0988
21.1182
21.1411
21.1555
21.1715
21.1855
21.2042
21.2076
21.2134
21.2163
21.2194
21.2265
21.2293
21.2284
21.2208
21.2143
21.208
21.1923
21.1819
21.1744
21.1784
21.1829
21.1974
21.2157
21.2358
21.2565
21.2755
21.2914
21.3044
21.308
21.3113
21.3201
21.3277
21.3377
21.3442
21.3472
21.3482
21.3418
21.3322
21.3263
21.3087
21.2924
21.2814
21.271
21.2593
21.2482
21.2368
21.2361
21.2424
21.2509
21.2578
21.2734
21.2961
21.3186
21.3439
21.3552
21.3647
21.3752
21.3863
21.3854
21.3789
21.3622
21.347
21.3306
21.3123
21.2887
21.2657
21.2523
21.2372
21.2214
21.2123
21.2055
21.1967
21.2052
21.2179
21.2355
21.2383
21.2533
21.2699
21.2853
21.3022
21.3186
21.3347
21.3475
21.3558
21.3612
21.3601
21.3505
21.3314
21.3139
21.29
21.2639
21.2394
21.2221
21.2058
21.1965
21.1911
21.1827
21.1837
21.1877
21.1907
21.1846
21.187
21.1972
21.2137
21.231
21.2493
21.2688
21.285
21.2975
21.307
21.3172
21.3169
21.3186
21.3092
21.2955
21.281
21.26
21.2441
21.2273
21.2143
21.2043
21.193
21.1821
21.173
21.1652
21.1633
21.1698
21.1801
21.1919
21.1979
21.2087
21.2215
21.235
21.23
21.238
21.2464
21.2487
21.2499
21.2455
21.2267
21.2103
21.1924
21.1737
21.1557
21.1376
21.118
21.1003
21.0881
21.0851
21.0812
21.0847
21.0907
21.1028
21.119
21.1406
21.166
21.1933
21.2196
21.243
21.2719
21.2949
21.3098
21.3239
21.3315
21.3381
21.3396
21.3294
21.3188
21.3072
21.2945
21.2802
21.2648
21.2507
21.2403
21.2317
21.2225
21.2155
21.2143
21.2205
21.2287
21.2282
21.2312
21.2447
21.2597
21.2772
21.2936
21.307
21.3186
21.3258
21.327
21.3312
21.3294
21.3164
21.3036
21.2864
21.2686
21.2504
21.2259
21.2011
21.1798
21.1589
21.1489
21.1348
21.1264
21.1227
21.1241
21.1303
21.1457
21.165
21.1839
21.204
21.2213
21.2335
21.2471
21.2546
21.2622
21.2692
21.2747
21.2739
21.265
21.2506
21.2307
21.2042
21.1779
21.1515
21.1332
21.1207
21.1151
21.1008
21.1045
21.1115
21.1222
21.1296
21.1423
21.1626
21.1812
21.1988
21.2136
21.2229
21.2333
21.2438
21.2539
21.2485
21.2465
21.2469
21.2402
21.2282
21.217
21.2026
21.1839
21.1641
21.1467
21.1344
21.1265
21.1259
21.1351
21.1512
21.1689
21.1813
21.1868
21.1892
21.1917
21.1964
21.2089
21.2179
21.2243
21.2265
21.2289
21.222
21.2137
21.1986
21.1791
21.1636
21.1511
21.1332
21.117
21.1058
21.0989
21.0952
21.0982
21.1058
21.1152
21.1296
21.1486
21.1666
21.1886
21.2078
21.2294
21.2566
21.2761
21.2899
21.3043
21.3144
21.3208
21.323
21.3221
21.3171
21.3113
21.3072
21.301
21.2967
21.2902
21.2883
21.2877
21.2894
21.2924
21.2962
21.2985
21.299
21.3028
21.3082
21.3175
21.3338
21.3435
21.3475
21.3597
21.3768
21.394
21.4097
21.4176
21.4202
21.4189
21.4135
21.4012
21.3838
21.3633
21.3449
21.329
21.3144
21.2988
21.2865
21.2773
21.2707
21.2713
21.2743
21.2817
21.2916
21.3022
21.3112
21.2881
21.286
21.2855
21.2872
21.2918
21.2953
21.2888
21.2815
21.2717
21.2615
21.2542
21.2463
21.235
21.2238
21.2163
21.2139
21.2045
21.2051
21.2061
21.2071
21.2099
21.2153
21.2181
21.2232
21.2249
21.2218
21.2238
21.2247
21.2093
21.2047
21.2038
21.2055
21.205
21.2084
21.2121
21.2133
21.2151
21.2118
21.1976
21.1842
21.1713
21.1652
21.1639
21.161
21.1602
21.1602
21.1604
21.1651
21.1695
21.1731
21.1775
21.1789
21.1797
21.1779
21.1746
21.1697
21.1712
21.1781
21.1833
21.1859
21.1849
21.1773
21.1732
21.1709
21.1693
21.1685
21.1707
21.1769
21.1677
21.1742
21.1808
21.191
21.2019
21.2115
21.2214
21.2279
21.2179
21.2106
21.2056
21.2022
21.206
21.2072
21.2032
21.1957
21.1856
21.1782
21.1737
21.1743
21.1815
21.1779
21.1679
21.1559
21.1463
21.1439
21.1466
21.144
21.1483
21.1533
21.1598
21.1701
21.1814
21.1889
21.1909
21.1908
21.1923
21.1756
21.1658
21.1603
21.1601
21.159
21.1354
21.1223
21.1085
21.0948
21.0834
21.0772
21.0765
21.077
21.0814
21.0862
21.09
21.1007
21.1127
21.1267
21.139
21.1446
21.149
21.1651
21.1763
21.1823
21.1923
21.1991
21.2006
21.1973
21.1917
21.1768
21.1645
21.1531
21.1422
21.1352
21.1302
21.1253
21.1185
21.111
21.1021
21.0937
21.0665
21.0546
21.0257
21.0184
21.0132
21.0159
21.0155
21.0351
21.0671
21.0968
21.1252
21.1443
21.1587
21.1658
21.1728
21.1724
21.1671
21.1546
21.1485
21.141
21.1321
21.1214
21.1131
21.0966
21.0822
21.0762
21.0666
21.0551
21.0438
21.0401
21.0407
21.0508
21.0687
21.0942
21.1233
21.1478
21.1715
21.1909
21.2068
21.2127
21.2102
21.2118
21.2145
21.2149
21.2111
21.2105
21.2111
21.2092
21.2028
21.1955
21.1744
21.1586
21.1483
21.145
21.141
21.1401
21.1439
21.1505
21.1645
21.1756
21.1827
21.1939
21.2034
21.2175
21.2272
21.2308
21.2301
21.2291
21.225
21.216
21.2043
21.1856
21.1718
21.1684
21.1656
21.1628
21.159
21.1458
21.15
21.1516
21.1519
21.1626
21.1766
21.1931
21.2092
21.2247
21.2395
21.2433
21.2481
21.2515
21.2592
21.2617
21.2576
21.2446
21.2193
21.2051
21.1952
21.1864
21.1762
21.171
21.164
21.1605
21.159
21.1595
21.1591
21.1637
21.1661
21.1657
21.1751
21.184
21.1959
21.2067
21.2107
21.2201
21.2226
21.2299
21.2326
21.2345
21.2325
21.2307
21.2256
21.2007
21.1748
21.152
21.136
21.1198
21.1055
21.0973
21.0886
21.0838
21.0858
21.0875
21.0888
21.0986
21.1138
21.1259
21.1426
21.1586
21.1745
21.1888
21.2017
21.214
21.22
21.213
21.1996
21.1884
21.1797
21.168
21.1567
21.1423
21.1261
21.1115
21.094
21.0742
21.061
21.0421
21.0262
21.0155
21.0137
21.0261
21.042
21.0541
21.0623
21.0701
21.0776
21.0882
21.0971
21.1073
21.116
21.1123
21.1092
21.1073
21.101
21.1007
21.1006
21.0976
21.084
21.0699
21.0535
21.0348
21.014
20.9963
20.9894
20.9826
20.9786
20.9878
21.002
21.0134
21.0266
21.0405
21.0538
21.0521
21.0607
21.0704
21.0765
21.0771
21.077
21.0757
21.0722
21.0703
21.0612
21.06
21.0535
21.0528
21.0537
21.0596
21.0597
21.0549
21.05
21.0474
21.043
21.0399
21.0475
21.0559
21.0599
21.069
21.0804
21.0861
21.0849
21.0779
21.0732
21.0713
21.0637
21.0579
21.0531
21.0445
21.0417
21.0436
21.0443
21.0403
21.0328
21.027
21.0221
21.0054
20.9951
20.9908
20.9921
20.9953
20.9945
20.9968
21.0009
21.002
21.0005
21.0037
21.0111
21.0116
21.0114
21.0119
21.0138
21.0165
21.019
21.0169
21.019
21.024
21.0251
21.0235
21.0206
21.0163
21.0135
21.0122
21.013
21.0119
21.0068
21.0007
20.9993
20.9943
20.9922
20.9775
20.9769
20.9791
20.9807
20.9861
20.9956
21.0069
21.0249
21.0403
21.0492
21.0517
21.0487
21.0361
21.0311
21.035
21.0405
21.0396
21.041
21.0456
21.0435
21.0397
21.0313
21.0235
21.0138
21.0063
21.0003
20.9973
20.9997
21.0013
21.0049
21.0093
21.0156
21.0184
21.0223
21.0247
21.0265
21.0255
21.0264
21.0288
21.0357
21.0399
21.0441
21.0473
21.0507
21.0524
21.0516
21.055
21.035
21.0274
21.0202
21.0192
21.023
21.0293
21.0402
21.0534
21.0717
21.0789
21.0791
21.0822
21.0882
21.0884
21.0841
21.0752
21.064
21.0506
21.0302
21.01
21.0003
20.9996
21.0001
21.0079
21.0144
21.0205
21.0176
21.0121
21.0083
21.0049
21.0081
21.0133
21.0252
21.0198
21.0228
21.0246
21.022
21.0235
21.0234
21.0196
21.0151
21.0117
21.0024
21.0009
21.0071
21.016
21.0141
21.0058
20.9829
20.9621
20.9395
20.9176
20.9044
20.8957
20.8856
20.8873
20.8803
20.8773
20.8857
20.8985
20.9162
20.933
20.9483
20.9542
20.9656
20.9811
20.9927
20.9875
20.9806
20.9791
20.9753
20.9698
20.9618
20.9532
20.9462
20.9372
20.9235
20.9133
20.9028
20.8956
20.8902
20.8894
20.8886
20.8967
20.9126
20.9239
20.9343
20.9532
20.9732
20.9856
21.0046
21.0232
21.0362
21.0437
21.0469
21.0524
21.0507
21.0414
21.0304
21.0156
20.9983
20.9793
20.9552
20.9267
20.8983
20.8731
20.8517
20.842
20.8459
20.8518
20.8462
20.8658
20.8869
20.9131
20.9396
20.9666
20.9871
21.0026
21.0114
21.0134
21.0133
21.0103
21.0078
20.9982
20.9882
20.9714
20.9504
20.9285
20.9131
20.9013
20.892
20.8823
20.871
20.8586
20.8454
20.8401
20.8424
20.8482
20.8574
20.8682
20.8745
20.8851
20.8962
20.9075
20.9143
20.9242
20.9393
20.9608
20.9791
20.9879
20.9916
20.9855
20.979
20.9659
20.9468
20.9288
20.9163
20.9065
20.8972
20.8895
20.8847
20.8799
20.8751
20.8749
20.8766
20.8844
20.8961
20.9073
20.9205
20.9398
20.9593
20.9759
20.9838
20.9859
20.9892
20.987
20.9777
20.9765
20.974
20.9663
20.9589
20.9496
20.9396
20.9328
20.9246
20.9141
20.904
20.8991
20.9012
20.9036
20.9125
20.929
20.9432
20.9542
20.966
20.9685
20.9677
20.9611
20.9536
20.9482
20.9486
20.9425
20.927
20.928
20.9284
20.9245
20.9197
20.9101
20.897
20.8861
20.8776
20.8701
20.8632
20.8577
20.862
20.8691
20.8746
20.8912
20.9063
20.9209
20.9331
20.9423
20.9549
20.9641
20.9693
20.9811
20.9865
20.9881
20.9865
20.9808
20.9778
20.9725
20.9623
20.947
20.9348
20.9193
20.9007
20.8858
20.8722
20.8618
20.8562
20.8535
20.856
20.8409
20.8415
20.8499
20.8588
20.8632
20.8587
20.857
20.8628
20.8716
20.872
20.8685
20.8718
20.8727
20.8724
20.8699
20.8657
20.8591
20.8437
20.8209
20.8091
20.8027
20.783
20.7771
20.7768
20.7875
20.7946
20.8079
20.8212
20.8303
20.8379
20.8587
20.8787
20.8974
20.9147
20.9284
20.9384
20.9456
20.9518
20.9368
20.9292
20.9101
20.8934
20.8797
20.8658
20.8545
20.8483
20.8444
20.8288
20.8249
20.8196
20.8255
20.8353
20.8296
20.8244
20.8325
20.8457
20.8576
20.8692
20.8835
20.8834
20.8819
20.8726
20.8735
20.8638
20.8518
20.8411
20.8322
20.8238
20.8143
20.8021
20.787
20.7754
20.7645
20.7562
20.7515
20.7541
20.764
20.7574
20.7626
20.7769
20.7925
20.81
20.8243
20.8388
20.8559
20.8723
20.8753
20.8786
20.8935
20.9117
20.9229
20.9235
20.9229
20.9169
20.9092
20.8989
20.8816
20.8681
20.8527
20.8452
20.8383
20.8401
20.8428
20.8454
20.8488
20.8576
20.8695
20.8665
20.8824
20.9023
20.9264
20.9496
20.9684
20.9767
20.9879
20.9917
20.987
20.9701
20.953
20.9422
20.9354
20.9227
20.9076
20.8998
20.8934
20.8893
20.8907
20.8902
20.8892
20.8953
20.905
20.9177
20.9285
20.9435
20.9586
20.9696
20.9939
21.0206
21.0466
21.0709
21.0637
21.0645
21.0616
21.0524
21.0462
21.0344
21.0269
21.0124
20.9957
20.9774
20.9595
20.9419
20.9277
20.9138
20.9092
20.9029
20.8991
20.8978
20.9109
20.9152
20.926
20.9455
20.9601
20.9797
21.0034
21.028
21.0439
21.0588
21.0707
21.0751
21.0794
21.0842
21.0879
21.0827
21.0729
21.0538
21.0341
21.0136
20.9946
20.9785
20.9666
20.9582
20.9599
20.9689
20.9848
21.0059
21.0294
21.056
21.072
21.0925
21.1071
21.1148
21.1239
21.1322
21.1332
21.1309
21.1172
21.1009
21.0831
21.0756
21.0624
21.0465
21.0292
21.0145
21.0008
20.9868
20.9795
20.9763
20.9747
20.9769
20.9871
20.9968
21.012
21.0321
21.0555
21.0807
21.1009
21.1113
21.1075
21.1103
21.106
21.1006
21.097
21.0931
21.091
21.0805
21.0676
21.0561
21.0445
21.0345
21.0236
21.0102
21.009
21.0223
21.0334
21.0518
21.0725
21.0959
21.1194
21.1401
21.1615
21.1832
21.1909
21.1944
21.1942
21.1921
21.1912
21.1824
21.1713
21.1669
21.1647
21.164
21.1587
21.1469
21.1399
21.1363
21.1317
21.13
21.1222
21.1163
21.1164
21.1249
21.136
21.1477
21.1674
21.187
21.2036
21.2045
21.2027
21.2051
21.2003
21.1922
21.182
21.1704
21.1683
21.1669
21.1441
21.1248
21.1071
21.0932
21.0878
21.0821
21.082
21.076
21.0796
21.091
21.1046
21.1194
21.1388
21.1626
21.1849
21.2009
21.2083
21.2163
21.2158
21.2089
21.1986
21.1909
21.17
21.1639
21.1612
21.164
21.1691
21.1775
21.1878
21.2005
21.2168
21.2356
21.2596
21.2841
21.3047
21.3212
21.3195
21.3076
21.2897
21.2675
21.2454
21.2237
21.2045
21.188
21.1754
21.1632
21.1591
21.161
21.164
21.1703
21.1815
21.1962
21.2171
21.2331
21.2428
21.2523
21.2569
21.2586
21.2531
21.2404
21.2246
21.2092
21.1932
21.1772
21.1618
21.1484
21.1395
21.1292
21.1197
21.1084
21.107
21.1107
21.123
21.1375
21.1535
21.1712
21.1879
21.1967
21.2131
21.2298
21.2494
21.2507
21.252
21.254
21.2494
21.2353
21.2137
21.1963
21.1832
21.1771
21.1706
21.1682
21.1583
21.1505
21.1467
21.154
21.1667
21.1806
21.198
21.2151
21.2299
21.2441
21.2575
21.2704
21.2792
21.2797
21.278
21.2767
21.272
21.264
21.2576
21.255
21.2387
21.2347
21.2325
21.2289
21.2271
21.224
21.2239
21.2255
21.229
21.2352
21.2405
21.244
21.2456
21.2455
21.2488
21.2499
21.242
21.2356
21.228
21.229
21.2305
21.2294
21.2253
21.2214
21.2139
21.2056
21.1929
21.1791
21.1689
21.1589
21.1477
21.1471
21.1446
21.1413
21.1451
21.1554
21.1638
21.1714
21.185
21.207
21.221
21.2363
21.2487
21.2662
21.2767
21.2849
21.2824
21.2807
21.2774
21.2676
21.2522
21.2418
21.2327
21.2219
21.2143
21.197
21.1893
21.1846
21.1816
21.1689
21.1574
21.1492
21.147
21.1497
21.1572
21.1656
21.1768
21.1925
21.2062
21.2152
21.2199
21.2228
21.2258
21.229
21.2338
21.2369
21.2374
21.2303
21.2195
21.2065
21.1966
21.1916
21.1913
21.1886
21.1785
21.1751
21.166
21.1577
21.156
21.1536
21.1548
21.1556
21.1504
21.1469
21.1605
21.157
21.1647
21.1711
21.1791
21.1901
21.2044
21.2121
21.2146
21.2154
21.2034
21.1894
21.1764
21.1696
21.1632
21.1544
21.145
21.1353
21.1263
21.1217
21.1168
21.1149
21.1189
21.1234
21.13
21.1377
21.1481
21.1613
21.1762
21.1879
21.1986
21.2065
21.2068
21.1846
21.1767
21.1699
21.1603
21.1483
21.1364
21.1219
21.1142
21.1092
21.1046
21.0998
21.0959
21.0953
21.0971
21.1004
21.1045
21.1126
21.1231
21.1292
21.1395
21.154
21.1651
21.1765
21.1678
21.1736
21.1839
21.1858
21.1802
21.1659
21.1497
21.1397
21.1303
21.1128
21.0977
21.0776
21.0643
21.058
21.0524
21.0349
21.0337
21.0407
21.0489
21.0598
21.0754
21.0949
21.098
21.1052
21.1164
21.132
21.1448
21.1588
21.1734
21.1826
21.186
21.1843
21.1729
21.1569
21.1398
21.1218
21.1037
21.0883
21.0801
21.0805
21.0894
21.0978
21.0967
21.1049
21.1171
21.1276
21.1369
21.1492
21.1554
21.1614
21.1627
21.1663
21.1619
21.1575
21.1553
21.1535
21.158
21.1587
21.1593
21.1587
21.1565
21.1528
21.1512
21.1493
21.1421
21.1329
21.1232
21.1113
21.0976
21.0898
21.0838
21.079
21.0762
21.0767
21.0753
21.0796
21.0871
21.0911
21.0793
21.0838
21.0912
21.096
21.1025
21.1099
21.1178
21.1256
21.1352
21.1327
21.1249
21.1182
21.1115
21.1022
21.0869
21.0741
21.0636
21.0542
21.0467
21.0413
21.0339
21.029
21.0277
21.0274
21.0277
21.0311
21.0404
21.0535
21.0609
21.0712
21.0825
21.0989
21.1124
21.1239
21.1336
21.1391
21.1392
21.132
21.1204
21.1051
21.0862
21.0677
21.0498
21.0304
21.0148
21.0026
20.994
20.9924
20.9917
20.9935
20.9842
20.984
20.9921
21.0043
21.0193
21.0332
21.0424
21.0541
21.0648
21.0745
21.0749
21.0791
21.0822
21.083
21.0762
21.0623
21.0502
21.039
21.0276
21.0211
21.0186
21.0243
21.0264
21.0288
21.0343
21.0413
21.0534
21.0603
21.0715
21.0854
21.0974
21.1118
21.1225
21.1366
21.1403
21.1504
21.1545
21.1613
21.1682
21.166
21.1596
21.1536
21.1422
21.1314
21.1206
21.1164
21.1165
21.1163
21.1169
21.1182
21.1259
21.1408
21.149
21.1517
21.1584
21.1637
21.1711
21.1785
21.1866
21.1981
21.2143
21.2251
21.2256
21.2126
21.2158
21.2131
21.2081
21.1975
21.1859
21.1712
21.157
21.1419
21.1303
21.1252
21.1271
21.1309
21.1353
21.1452
21.1591
21.1681
21.1791
21.1914
21.2042
21.2171
21.2193
21.2175
21.2148
21.2
21.1946
21.1914
21.1831
21.1732
21.1642
21.1529
21.1423
21.1349
21.1275
21.1221
21.1197
21.1059
21.0926
21.0846
21.0806
21.0865
21.0952
21.1071
21.1229
21.1418
21.1609
21.1755
21.1873
21.1942
21.1952
21.1976
21.2057
21.2024
21.1964
21.1909
21.1848
21.1796
21.172
21.1602
21.1502
21.1432
21.1394
21.1423
21.1466
21.1422
21.1418
21.1407
21.1405
21.1541
21.1776
21.1986
21.208
21.2234
21.2356
21.2446
21.2553
21.2664
21.2666
21.2583
21.2509
21.2371
21.2188
21.1914
21.1732
21.1574
21.1432
21.1283
21.1151
21.1033
21.0937
21.088
21.0861
21.0874
21.0928
21.1046
21.1237
21.1515
21.1793
21.2054
21.2247
21.2395
21.2469
21.2456
21.2313
21.2182
21.2042
21.1903
21.1805
21.1723
21.1709
21.1716
21.1737
21.18
21.1877
21.1919
21.1929
21.1949
21.2005
21.2093
21.2248
21.2211
21.2161
21.219
21.2216
21.2306
21.239
21.2432
21.2378
21.2282
21.2248
21.216
21.2066
21.2054
21.1998
21.1975
21.1912
21.1799
21.1727
21.1715
21.1678
21.1675
21.1701
21.1669
21.171
21.1807
21.1847
21.2026
21.2181
21.2309
21.243
21.2499
21.2495
21.241
21.2298
21.2211
21.2157
21.2034
21.1869
21.1705
21.1547
21.1502
21.1529
21.1556
21.1618
21.1683
21.174
21.1741
21.1768
21.1796
21.1861
21.2031
21.2293
21.2416
21.2436
21.2424
21.2475
21.2544
21.257
21.2517
21.2454
21.2303
21.212
21.192
21.1704
21.1495
21.13
21.1148
21.1087
21.1103
21.1169
21.1258
21.1352
21.148
21.1709
21.1907
21.2097
21.2252
21.24
21.2553
21.2546
21.2696
21.2801
21.2866
21.283
21.2701
21.2519
21.2306
21.2063
21.1807
21.1517
21.1272
21.1002
21.0802
21.0669
21.0557
21.0534
21.0565
21.062
21.0683
21.0754
21.0802
21.09
21.0973
21.1067
21.1176
21.1281
21.1328
21.1324
21.1376
21.1405
21.1427
21.1415
21.1301
21.1112
21.0839
21.0637
21.0479
21.0338
21.021
21.0102
21.0048
21.0074
21.0149
21.0233
21.035
21.0527
21.0674
21.0783
21.0863
21.0905
21.1027
21.1248
21.1456
21.1727
21.1869
21.1874
21.1845
21.1801
21.1793
21.174
21.1638
21.1523
21.1343
21.1171
21.0899
21.0712
21.055
21.0502
21.0511
21.0557
21.0623
21.0755
21.0889
21.1025
21.1048
21.11
21.1207
21.132
21.1478
21.1636
21.1766
21.1883
21.1945
21.1952
21.1885
21.1781
21.169
21.1574
21.1526
21.1445
21.1347
21.1271
21.1265
21.1329
21.1339
21.1422
21.1537
21.1686
21.1816
21.1906
21.1973
21.2046
21.1986
21.203
21.2094
21.2108
21.2029
21.1914
21.1626
21.1501
21.1459
21.1359
21.1227
21.1126
21.1032
21.0982
21.0938
21.0952
21.0959
21.0974
21.0952
21.0964
21.1016
21.1104
21.122
21.136
21.1488
21.1621
21.1665
21.1662
21.1702
21.1677
21.1739
21.1664
21.1549
21.1418
21.1328
21.1088
21.0967
21.0888
21.0708
21.0494
21.0334
21.0226
21.0157
21.0177
21.0203
21.0233
21.0293
21.0344
21.0371
21.0425
21.0426
21.0478
21.0613
21.0756
21.0904
21.0748
21.0736
21.077
21.0656
21.0621
21.0588
21.0586
21.0448
21.0347
21.0239
21.014
21.0069
20.9981
20.9881
20.9905
20.9969
21.0023
21.009
21.017
21.0266
21.039
21.0492
21.0583
21.0727
21.0879
21.1015
21.1097
21.1159
21.1188
21.1185
21.1167
21.1135
21.1114
21.1084
21.1047
21.0867
21.0713
21.0434
21.027
21.0184
21.0192
21.0184
21.0194
21.0226
21.0089
21.0117
21.0195
21.0275
21.0412
21.0508
21.0614
21.0578
21.0568
21.0655
21.064
21.0557
21.0523
21.0474
21.0437
21.0389
21.0369
21.0358
21.0368
21.0393
21.0455
21.0519
21.0602
21.0648
21.0746
21.0915
21.0959
21.105
21.1138
21.1167
21.1262
21.1386
21.147
21.1492
21.1461
21.1275
21.1107
21.0978
21.0883
21.0768
21.0701
21.0541
21.0344
21.0169
21.0059
21.0017
21
20.9929
20.9978
21.0147
21.0121
21.0162
21.0154
21.0232
21.0398
21.056
21.0661
21.072
21.0763
21.0765
21.084
21.0823
21.0818
21.0852
21.0772
21.0651
21.0515
21.0338
21.0156
20.9994
20.9871
20.9795
20.9764
20.9766
20.9834
20.998
21.0169
21.0419
21.0665
21.0943
21.1238
21.1398
21.1509
21.1689
21.1865
21.2038
21.2121
21.2179
21.2147
21.1978
21.1798
21.1593
21.1437
21.1322
21.1213
21.1132
21.1106
21.1051
21.1084
21.1176
21.1331
21.1464
21.1619
21.1743
21.1837
21.2041
21.2242
21.2415
21.2636
21.277
21.2668
21.2662
21.2698
21.2642
21.2487
21.2376
21.2242
21.2085
21.1882
21.1648
21.1459
21.1297
21.1116
21.1012
21.0927
21.0927
21.0985
21.0988
21.1029
21.1103
21.1057
21.1142
21.1267
21.1404
21.1422
21.1569
21.1635
21.165
21.1519
21.145
21.143
21.14
21.1378
21.1344
21.1231
21.1098
21.0908
21.0894
21.0919
21.0842
21.0674
21.0583
21.0582
21.0614
21.0685
21.088
21.1044
21.1218
21.1421
21.166
21.189
21.1973
21.201
21.2036
21.21
21.2102
21.2023
21.191
21.1809
21.1645
21.1548
21.1374
21.1199
21.1083
21.0971
21.0875
21.0871
21.0919
21.1028
21.1169
21.1298
21.1413
21.1573
21.1713
21.185
21.1963
21.2052
21.2159
21.2223
21.2258
21.2304
21.2341
21.2198
21.1924
21.1645
21.1431
21.117
21.1025
21.0911
21.0693
21.0506
21.0308
21.0187
21.0113
21.0109
21.0091
21.0167
21.0273
21.0458
21.0777
21.1101
21.1395
21.1654
21.1891
21.21
21.2132
21.2032
21.2043
21.2032
21.1742
21.158
21.1409
21.1238
21.1059
21.0961
21.0863
21.0752
21.0646
21.0616
21.0646
21.071
21.078
21.085
21.0986
21.1215
21.149
21.173
21.1968
21.2201
21.2381
21.2576
21.2744
21.2813
21.2835
21.2834
21.29
21.2894
21.2811
21.2711
21.2632
21.2431
21.2239
21.2088
21.1936
21.1706
21.1505
21.134
21.1122
21.1005
21.0975
21.0986
21.1042
21.1135
21.1299
21.1467
21.1713
21.2042
21.23
21.2511
21.2596
21.2632
21.262
21.2694
21.272
21.268
21.2538
21.2364
21.2169
21.1948
21.1699
21.1401
21.116
21.0975
21.0758
21.0698
21.0759
21.0841
21.0923
21.0877
21.0958
21.1055
21.111
21.1155
21.1177
21.1216
21.1282
21.1362
21.1409
21.1432
21.1375
21.1229
21.1062
21.0908
21.075
21.0626
21.0569
21.0433
21.0333
21.0236
21.0156
21.0168
21.0234
21.0381
21.0591
21.0807
21.107
21.1349
21.1537
21.1696
21.1793
21.187
21.198
21.206
21.2109
21.2124
21.2111
21.2052
21.1939
21.1781
21.1639
21.1505
21.1368
21.1242
21.1172
21.1171
21.1205
21.1273
21.1349
21.1468
21.1558
21.1591
21.1703
21.1828
21.2004
21.2172
21.2364
21.2531
21.2697
21.2862
21.2995
21.2999
21.2979
21.2979
21.3001
21.3069
21.306
21.3117
21.3258
21.3384
21.3563
21.3809
21.4101
21.4406
21.4749
21.5143
21.5547
21.5998
21.6508
21.7005
21.7612
21.8216
21.8765
21.9323
21.9826
22.0242
22.063
22.1027
22.1434
22.1826
22.2226
22.2667
22.3156
22.3753
22.4479
22.5237
22.6056
22.7186
22.8927
23.1197
23.3989
23.6928
23.9831
24.2414
24.4994
24.7462
24.9436
25.1856
25.483
25.8126
26.0226
26.312
26.6718
-nan
