0.0259249
0.0597739
0.0853992
0.111064
0.136698
0.162384
0.188056
0.213729
0.239383
0.265079
0.290757
0.316393
0.342108
0.367742
0.39334
0.418961
0.444551
0.470242
0.495942
0.521569
0.5472
0.572821
0.598498
0.624197
0.649925
0.67562
0.701371
0.727114
0.752846
0.778564
0.804316
0.830104
0.855845
0.881565
0.907296
0.933012
0.958757
0.984548
1.01042
1.03618
1.06195
1.08774
1.11353
1.13931
1.16506
1.19081
1.21657
1.24236
1.26818
1.29397
1.31974
1.34551
1.37131
1.39707
1.4278
1.45352
1.47929
1.50512
1.53093
1.55669
1.58244
1.6082
1.63394
1.6597
1.68545
1.71122
1.73698
1.76275
1.78852
1.81445
1.84026
1.86609
1.8919
1.91768
1.94343
1.96919
1.99493
2.02071
2.0465
2.07229
2.09808
2.12388
2.14962
2.1754
2.20122
2.22701
2.25283
2.27865
2.30445
2.33025
2.35664
2.38245
2.40827
2.4341
2.45989
2.48565
2.51142
2.5372
2.56298
2.58873
2.61452
2.64029
2.66613
2.69197
2.71773
2.74352
2.76933
2.79515
2.82092
2.8467
2.87252
2.89836
2.92415
2.94992
2.97566
3.00144
3.0273
3.05308
3.07886
3.10467
3.13045
3.15623
3.18199
3.20783
3.23361
3.25944
3.28525
3.31102
3.33684
3.3627
3.38857
3.41437
3.44019
3.46597
3.49178
3.51763
3.54343
3.56923
3.59499
3.62076
3.64654
3.67237
3.69818
3.72392
3.74967
3.77542
3.80121
3.827
3.85274
3.87845
3.90422
3.93
3.95572
3.98145
4.00716
4.03291
4.05869
4.08442
4.11017
4.13597
4.16178
4.18754
4.2133
4.23908
4.26487
4.2907
4.31652
4.34236
4.36814
4.3939
4.41978
4.44563
4.47142
4.49717
4.52291
4.54869
4.57453
4.60032
4.62609
4.65191
4.67766
4.70343
4.72921
4.75507
4.78092
4.80671
4.83249
4.85825
4.88405
4.90985
4.93571
4.96154
4.9873
5.01308
5.03892
5.06474
5.0906
5.11639
5.14218
5.16794
5.19372
5.21956
5.24532
5.27109
5.29688
5.32261
5.34839
5.37419
5.40012
5.42592
5.45173
5.4775
5.5033
5.52908
5.55481
5.58059
5.60646
5.63225
5.65805
5.68388
5.70966
5.73543
5.7612
5.78705
5.81286
5.83863
5.86444
5.89021
5.91602
5.94173
5.9675
5.99328
6.01905
6.0448
6.07058
6.09637
6.12221
6.14801
6.1738
6.19957
6.22534
6.2511
6.2769
6.30274
6.32854
6.35435
6.38019
6.40599
6.43176
6.45753
6.48331
6.50911
6.53494
6.56081
6.5866
6.61238
6.63815
6.66393
6.68974
6.71555
6.74137
6.76723
6.79306
6.8189
6.84481
6.87061
6.89638
6.92221
6.94808
6.97387
6.99968
7.0255
7.05133
7.07713
7.10299
7.1288
7.15464
7.18038
7.20614
7.23191
7.25774
7.28349
7.30927
7.33514
7.36091
7.38668
7.41247
7.43831
7.46413
7.48992
7.51571
7.54156
7.56743
7.59323
7.61905
7.64496
7.67083
7.69668
7.72245
7.74838
7.77421
7.80007
7.8259
7.85175
7.87754
7.90335
7.92917
7.95494
7.98073
8.00653
8.0323
8.05812
8.08395
8.10976
8.13554
8.1613
8.18711
8.21291
8.23874
8.2646
8.29045
8.31628
8.34211
8.36794
8.39376
8.41957
8.44537
8.47116
8.49695
8.52275
8.54854
8.57432
8.60024
8.62606
8.65188
8.67779
8.70367
8.72946
8.75523
8.78107
8.80691
8.8328
8.85859
8.88446
8.91024
8.93605
8.96193
8.98778
9.0137
9.03949
9.06531
9.09108
9.1169
9.14269
9.16847
9.19435
9.22016
9.24594
9.27174
9.29763
9.32344
9.34922
9.37502
9.40083
9.42663
9.45243
9.47826
9.5042
9.53003
9.55587
9.58175
9.6078
9.63363
9.65947
9.68531
9.71116
9.73698
9.76279
9.78865
9.81451
9.84033
9.86615
9.89194
9.91778
9.94359
9.9693
9.99505
10.0208
10.0467
10.0725
10.0982
10.1241
10.1498
10.1756
10.2014
10.2272
10.2531
10.2789
10.3047
10.3305
10.3563
10.3821
10.4079
10.4337
10.4596
10.4854
10.5112
10.5371
10.563
10.5887
10.6145
10.6403
10.6662
10.6919
10.7178
10.7435
10.7693
10.795
10.8208
10.8465
10.8723
10.8981
10.9239
10.9497
10.9756
11.0014
11.0272
11.053
11.0789
11.1047
11.1305
11.1564
11.1822
11.2081
11.234
11.2598
11.2856
11.3114
11.3372
11.363
11.3888
11.4147
11.4405
11.4664
11.4922
11.518
11.5438
11.5698
11.5956
11.6213
11.6471
11.6729
11.6987
11.7245
11.7503
11.7761
11.8019
11.8276
11.8534
11.8792
11.905
11.9308
11.9566
11.9823
12.0081
12.0339
12.0597
12.0855
12.1114
12.1371
12.1629
12.1887
12.2145
12.2403
12.2661
12.292
12.3177
12.3435
12.3693
12.3951
12.4209
12.4467
12.4725
12.4983
12.5242
12.55
12.5757
12.6015
12.6273
12.6532
12.679
12.7048
12.7307
12.7565
12.7823
12.8081
12.834
12.8597
12.8855
12.9114
12.9373
12.963
12.9889
13.0149
13.0408
13.0666
13.0924
13.1182
13.144
13.1697
13.1956
13.2214
13.2472
13.2729
13.2988
13.3246
13.3504
13.3763
13.4021
13.4279
13.4537
13.4796
13.5054
13.5312
13.557
13.5828
13.6086
13.6345
13.6603
13.6861
13.7119
13.7378
13.7635
13.7894
13.8152
13.841
13.8668
13.8926
13.9184
13.9442
13.9701
13.9958
14.0217
14.0475
14.0733
14.0991
14.1249
14.1508
14.1766
14.2024
14.2282
14.2539
14.2797
14.3056
14.3314
14.3572
14.3831
14.4088
14.4347
14.4605
14.4863
14.512
14.5378
14.5636
14.5894
14.6152
14.641
14.6669
14.6927
14.7185
14.7442
14.77
14.7959
14.8217
14.8475
14.8733
14.8992
14.925
14.9508
14.9766
15.0025
15.0283
15.0541
15.0799
15.1057
15.1316
15.1574
15.1831
15.209
15.2349
15.2608
15.2866
15.3124
15.3383
15.3642
15.39
15.4159
15.4416
15.4674
15.4932
15.5191
15.5448
15.5707
15.5966
15.6224
15.6482
15.6741
15.7
15.7258
15.7516
15.7774
15.8032
15.829
15.8547
15.8805
15.9063
15.9321
15.9579
15.9837
16.0095
16.0352
16.061
16.0868
16.1126
16.1384
16.1642
16.19
16.2158
16.2416
16.2675
16.2932
16.319
16.3448
16.3707
16.3965
16.4224
16.4482
16.474
16.4998
16.5257
16.5515
16.5772
16.6031
16.6289
16.6547
16.6805
16.7063
16.7321
16.7579
16.7836
16.8095
16.8354
16.8612
16.887
16.9128
16.9387
16.9645
16.9903
17.0161
17.0419
17.0678
17.0936
17.1195
17.1453
17.1711
17.1969
17.2227
17.2485
17.2743
17.3001
17.3259
17.3517
17.3775
17.4033
17.4291
17.4549
17.4808
17.5065
17.5324
17.5582
17.5845
17.6104
17.6363
17.6621
17.6879
17.7137
17.7396
17.7655
17.7913
17.8171
17.8428
17.8687
17.8945
17.9203
17.9461
17.9719
17.9977
18.0235
18.0493
18.0751
18.1009
18.1268
18.1526
18.1784
18.2043
18.2301
18.256
18.2818
18.3076
18.3334
18.3592
18.385
18.4108
18.4366
18.4624
18.4881
18.5139
18.5397
18.5655
18.5913
18.6171
18.6429
18.6686
18.6945
18.7202
18.746
18.7719
18.7976
18.8234
18.8492
18.875
18.9008
18.9265
18.9523
18.9782
19.004
19.0298
19.0556
19.0813
19.1072
19.133
19.1587
19.1846
19.2103
19.2361
19.2619
19.2877
19.3135
19.3394
19.3652
19.3911
19.4169
19.4427
19.4685
19.4944
19.5202
19.546
19.5718
19.5976
19.6234
19.6493
19.6751
19.7009
19.7267
19.7525
19.7784
19.8042
19.83
19.8559
19.8816
19.9074
19.9332
19.959
19.9848
20.0106
20.0364
20.0622
20.088
20.1138
20.1397
20.1655
20.1913
20.2171
20.2429
20.2687
20.2945
20.3203
20.3461
20.3719
20.3977
20.4235
20.4493
20.4752
20.501
20.5268
20.5526
20.5784
20.6042
20.6301
20.6559
20.6816
20.7074
20.7332
20.759
20.7847
20.8105
20.8362
20.862
20.8877
20.9135
20.9393
20.9651
20.9909
21.0167
21.0424
21.0682
21.094
21.1197
21.1456
21.1714
21.1973
21.2231
21.249
21.2748
21.3005
21.3264
21.3522
21.378
21.4039
21.4297
21.4555
21.4813
21.5072
21.5329
21.5587
21.5845
21.6103
21.6362
21.662
21.6879
21.7137
21.7395
21.7653
21.7911
21.8169
21.8428
21.8686
21.8944
21.9202
21.946
21.9718
21.9976
22.0234
22.0492
22.0751
22.1009
22.1268
22.1526
22.1784
22.2043
22.2301
22.2559
22.2818
22.3076
22.3334
22.3592
22.3849
22.4107
22.4366
22.4624
22.4882
22.514
22.5399
22.5657
22.5916
22.6174
22.6431
22.6689
22.6948
22.7206
22.7464
22.7723
22.7981
22.8239
22.8498
22.8757
22.9015
22.9273
22.9531
22.9789
23.0047
23.0306
23.0564
23.0822
23.1079
23.1337
23.1595
23.1854
23.2112
23.237
23.2628
23.2886
23.3145
23.3404
23.3662
23.392
23.4179
23.4438
23.4696
23.4953
23.5211
23.5469
23.5727
23.5986
23.6244
23.6501
23.676
23.7018
23.7276
23.7534
23.7791
23.805
23.8308
23.8566
23.8824
23.9082
23.934
23.9597
23.9855
24.0113
24.037
24.0629
24.0886
24.1145
24.1402
24.1661
24.1919
24.2178
24.2436
24.2694
24.2952
24.321
24.3469
24.3727
24.3986
24.4244
24.4502
24.476
24.5019
24.5277
24.5536
24.5795
24.6053
24.6311
24.657
24.6828
24.7086
24.7344
24.7602
24.786
24.8119
24.8377
24.8635
24.8893
24.9152
24.941
24.9668
24.9926
25.0185
25.0443
25.0701
25.096
25.1218
25.1476
25.1734
25.1992
25.225
25.2508
25.2766
25.3024
25.3282
25.354
25.3798
25.4057
25.4315
25.4573
25.4831
25.509
25.5348
25.5606
25.5865
25.6123
25.6381
25.6639
25.6897
25.7155
25.7413
25.7671
25.7929
25.8187
25.8446
25.8705
25.8963
25.9221
25.9481
25.9739
25.9997
26.0255
26.0513
26.0771
26.103
26.1288
26.1546
26.1804
26.2061
26.2319
26.2577
26.2836
26.3094
26.3353
26.3611
26.3869
26.4126
26.4385
26.4643
26.4901
26.5159
26.5418
26.5676
26.5934
26.6192
26.645
26.6708
26.6967
26.7226
26.7483
26.7742
26.7999
26.8257
26.8516
26.8774
26.9032
26.929
26.9548
26.9806
27.0065
27.0323
27.0581
27.0839
27.1097
27.1355
27.1613
27.1871
27.2157
27.2415
27.2674
27.2932
27.319
27.3448
27.3706
27.3964
27.4222
27.448
27.4738
27.4996
27.5254
27.5512
27.577
27.6028
27.6286
27.6544
27.6802
27.7061
27.7319
27.7578
27.7836
27.8094
27.8352
27.8611
27.8869
27.9127
27.9385
27.9644
27.9902
28.0161
28.0419
28.0677
28.0935
28.1193
28.1452
28.171
28.1968
28.2227
28.2485
28.2743
28.3002
28.326
28.3518
28.3776
28.4034
28.4292
28.455
28.4808
28.5067
28.5325
28.5583
28.5841
28.6101
28.6359
28.6617
28.6875
28.7133
28.7391
28.7649
28.7908
28.8165
28.8423
28.8681
28.894
28.9198
28.9456
28.9714
28.9972
29.0231
29.0489
29.0747
29.1005
29.1264
29.1522
29.1781
29.2039
29.2297
29.2556
29.2814
29.3073
29.3331
29.3589
29.3847
29.4105
29.4363
29.4621
29.488
29.5139
29.5397
29.5655
29.5913
29.6171
29.6428
29.6686
29.6944
29.7202
29.7461
29.7719
29.7977
29.8235
29.8493
29.8752
29.901
29.9268
29.9526
29.9784
30.0042
30.03
30.0558
30.0816
30.1074
30.1333
30.1638
30.1896
30.2154
30.2412
30.2671
30.293
30.3189
30.3447
30.3705
30.3962
30.4221
30.4479
30.4737
30.4996
30.5255
30.5513
30.577
30.6028
30.6286
30.6544
30.6802
30.706
30.7318
30.7576
30.7833
30.8091
30.8349
30.8606
30.8864
30.9122
30.938
30.9638
30.9895
31.0152
31.041
31.0669
31.0927
31.1185
31.1444
31.1701
31.1959
31.2217
31.2475
31.2733
31.2991
31.325
31.3508
31.3767
31.4025
31.4282
31.454
31.4798
31.5056
31.5313
31.5571
31.5829
31.6086
31.6344
31.6602
31.6859
31.7117
31.7374
31.7632
31.789
31.8147
31.8405
31.8663
31.8921
31.9179
31.9437
31.9694
31.9952
32.021
32.0468
32.0726
32.0984
32.1242
32.15
32.1758
32.2016
32.2274
32.2531
32.2789
32.3047
32.3305
32.3562
32.382
32.4078
32.4335
32.4593
32.4851
32.5108
32.5366
32.5624
32.5882
32.614
32.6397
32.6655
32.6914
32.7172
32.743
32.7688
32.7946
32.8205
32.8463
32.8722
32.898
32.9239
32.9497
32.9755
33.0012
33.027
33.0528
33.0786
33.1044
33.1302
33.156
33.1818
33.2075
33.2333
33.259
33.2848
33.3106
33.3364
33.3622
33.388
33.4138
33.4397
33.4654
33.4912
33.5171
33.5429
33.5688
33.5946
33.6204
33.6462
33.672
33.6979
33.7237
33.7496
33.7754
33.8012
33.827
33.8528
33.8786
33.9043
33.9301
33.9559
33.9817
34.0075
34.0333
34.0591
34.0849
34.1107
34.1365
34.1623
34.1881
34.2139
34.2397
34.2655
34.2913
34.3172
34.3429
34.3687
34.3946
34.4204
34.4462
34.472
34.4978
34.5236
34.5494
34.5752
34.601
34.6268
34.6526
34.6784
34.7042
34.73
34.7558
34.7816
34.8074
34.8332
34.859
34.8849
34.9107
34.9365
34.9623
34.9881
35.0139
35.0397
35.0656
35.0914
35.1172
35.143
35.1687
35.1946
35.2204
35.2463
35.2721
35.2979
35.3238
35.3495
35.3753
35.4011
35.4269
35.4528
35.4786
35.5044
35.5302
35.556
35.5819
35.6077
35.6335
35.6594
35.6852
35.711
35.7367
35.7626
35.7884
35.8142
35.84
35.8657
35.8915
35.9173
35.9432
35.9689
35.9947
36.0205
36.0463
36.072
36.0978
36.1236
36.1494
36.1752
36.201
36.2268
36.2526
36.2784
36.3042
36.33
36.3559
36.3817
36.4075
36.4333
36.4592
36.485
36.5107
36.5365
36.5623
36.5882
36.614
36.6399
36.6657
36.6915
36.7173
36.7431
36.769
36.7948
36.8205
36.8463
36.8722
36.898
36.9238
36.9496
36.9754
37.0013
37.0271
37.0529
37.0787
37.1045
37.1303
37.1561
37.1819
37.2077
37.2336
37.2594
37.2852
37.311
37.3368
37.3626
37.3885
37.4142
37.4406
37.4664
37.4923
37.5181
37.5439
37.5697
37.5955
37.6214
37.6473
37.6731
37.6989
37.7246
37.7504
37.7762
37.802
37.8278
37.8536
37.8794
37.9052
37.931
37.9568
37.9825
38.0083
38.0341
38.0598
38.0856
38.1114
38.1372
38.163
38.1888
38.2146
38.2403
38.2661
38.2919
38.3177
38.3435
38.3694
38.3951
38.4209
38.4468
38.4726
38.4983
38.5242
38.55
38.5758
38.6016
38.6274
38.6532
38.679
38.7048
38.7305
38.7563
38.7822
38.808
38.8338
38.8597
38.8855
38.9113
38.937
38.9628
38.9886
39.0144
39.0401
39.066
39.0918
39.1176
39.1434
39.1693
39.195
39.2208
39.2466
39.2723
39.2982
39.324
39.3498
39.3756
39.4015
39.4273
39.453
39.4788
39.5046
39.5304
39.5563
39.5821
39.6079
39.6337
39.6595
39.6853
39.7111
39.7369
39.7627
39.7885
39.8142
39.8401
39.8659
39.8918
39.9176
39.9434
39.9692
39.995
40.0208
40.0467
40.0725
40.1036
40.1295
40.1553
40.1812
40.207
40.2328
40.2587
40.2844
40.3102
40.336
40.3617
40.3875
40.4133
40.4391
40.4649
40.4907
40.5165
40.5423
40.5682
40.594
40.6199
40.6458
40.6716
40.6974
40.7231
40.749
40.7748
40.8006
40.8264
40.8523
40.8781
40.9039
40.9297
40.9554
40.9812
41.0071
41.0329
41.0587
41.0845
41.1103
41.1362
41.1621
41.1879
41.2137
41.2396
41.2654
41.2912
41.317
41.3429
41.3687
41.3945
41.4203
41.4462
41.4719
41.4977
41.5235
41.5494
41.5752
41.6011
41.6269
41.6527
41.6786
41.7044
41.7302
41.7561
41.7819
41.8078
41.8336
41.8596
41.8854
41.9111
41.9369
41.9627
41.9886
42.0145
42.0403
42.0661
42.0919
42.1178
42.1437
42.1695
42.1953
42.2212
42.247
42.2729
42.2987
42.3245
42.3503
42.3761
42.4019
42.4278
42.4536
42.4794
42.5052
42.5309
42.5567
42.5825
42.6083
42.6341
42.6599
42.6865
42.7158
42.7416
42.7674
42.7933
42.8191
42.8449
42.8708
42.8967
42.9225
42.9483
42.9742
43
43.0258
43.0516
43.0774
43.1032
43.1291
43.155
43.1808
43.2066
43.2324
43.2583
43.2841
43.31
43.3359
43.3617
43.3874
43.4132
43.4391
43.4649
43.4907
43.5165
43.5423
43.5682
43.594
43.6198
43.6456
43.6715
43.6974
43.7232
43.749
43.7748
43.8006
43.8265
43.8523
43.878
43.9039
43.9297
43.9555
43.9813
44.0071
44.0329
44.0586
44.0844
44.1102
44.136
44.1618
44.1876
44.2133
44.2391
44.2649
44.2907
44.3166
44.3425
44.3683
44.3941
44.4199
44.4457
44.4716
44.4974
44.5233
44.5491
44.5749
44.6007
44.6265
44.6523
44.678
44.7039
44.7297
44.7555
44.7813
44.8071
44.8329
44.8587
44.8845
44.9103
44.9362
44.962
44.9878
45.0138
45.0396
45.0654
45.0913
45.1171
45.1429
45.1687
45.1945
45.2203
45.2462
45.272
45.2978
45.3236
45.3494
45.3752
45.401
45.4268
45.4527
45.4785
45.5043
45.5301
45.5559
45.5817
45.6075
45.6333
45.6591
45.6849
45.7107
45.7366
45.7624
45.7882
45.814
45.8398
45.8656
45.8914
45.9172
45.9429
45.9687
45.9945
46.0204
46.0461
46.0719
46.0977
46.1235
46.1493
46.1751
46.2009
46.2267
46.2526
46.2784
46.3042
46.33
46.3558
46.3817
46.4075
46.4333
46.4592
46.485
46.5108
46.5366
46.5625
46.5882
46.6141
46.6399
46.6657
46.6914
46.7172
46.7431
46.7689
46.7947
46.8204
46.8462
46.872
46.8978
46.9236
46.9494
46.9752
47.001
47.0268
47.0526
47.0785
47.1043
47.1301
47.1559
47.1817
47.2075
47.2334
47.2592
47.285
47.3108
47.3366
47.3624
47.3882
47.414
47.4397
47.4655
47.4913
47.5171
47.5429
47.5687
47.5946
47.6204
47.6461
47.6719
47.6977
47.7235
47.7493
47.7751
47.8009
47.8267
47.8525
47.8784
47.9042
47.93
47.9558
47.9816
48.0074
48.0332
48.059
48.0848
48.1106
48.1364
48.1623
48.1882
48.2141
48.2399
48.2657
48.2916
48.3174
48.3432
48.369
48.3948
48.4206
48.4464
48.4722
48.498
48.5238
48.5496
48.5754
48.6012
48.627
48.6529
48.6787
48.7045
48.7303
48.7561
48.782
48.8078
48.8337
48.8596
48.8853
48.9111
48.9369
48.9627
48.9884
49.0142
49.04
49.0658
49.0917
49.1175
49.1435
49.1693
49.1951
49.2209
49.2468
49.2726
49.2984
49.3242
49.3501
49.3759
49.4018
49.4276
49.4534
49.4792
49.505
49.5308
49.5567
49.5825
49.6083
49.6341
49.6599
49.6858
49.7116
49.7374
49.7633
49.7891
49.8148
49.8406
49.8665
49.8923
49.9181
49.9439
49.9697
49.9955
50.0213
50.0471
50.0729
50.0988
50.1246
50.1505
50.1762
50.202
50.2279
50.2536
50.2795
50.3054
50.3313
50.3571
50.3829
50.4087
50.4345
50.4604
50.4863
50.5122
50.538
50.5639
50.5897
50.6155
50.6413
50.6671
50.6929
50.7187
50.7445
50.7703
50.7961
50.8219
50.8478
50.8735
50.8993
50.9251
50.951
50.9768
51.0026
51.0284
51.0542
51.08
51.1059
51.1317
51.1574
51.1833
51.2091
51.2349
51.2608
51.2867
51.3124
51.3383
51.3641
51.39
51.4158
51.4417
51.4675
51.4932
51.519
51.5448
51.5706
51.5965
51.6224
51.6482
51.6741
51.6999
51.7258
51.7516
51.7775
51.8033
51.8292
51.855
51.8808
51.9066
51.9324
51.9582
51.984
52.0098
52.0356
52.0615
52.0873
52.1131
52.1389
52.1647
52.1906
52.2164
52.2422
52.268
52.2938
52.3196
52.3453
52.3711
52.397
52.4228
52.4487
52.4745
52.5003
52.5262
52.552
52.5778
52.6036
52.6294
52.6553
52.6811
52.707
52.7328
52.7586
52.7844
52.8102
52.8361
52.8619
52.8877
52.9135
52.9393
52.9651
52.9909
53.0167
53.0426
53.0684
53.0942
53.12
53.1458
53.1716
53.1973
53.2231
53.2488
53.2746
53.3004
53.3262
53.352
53.3779
53.4037
53.4295
53.4553
53.4811
53.507
53.5328
53.5587
53.5845
53.6102
53.6361
53.6619
53.6877
53.7136
53.7395
53.7654
53.7912
53.817
53.8428
53.8686
53.8945
53.9203
53.946
53.9718
53.9976
54.0234
54.0492
54.075
54.1008
54.1267
54.1525
54.1784
54.2042
54.23
54.2558
54.2816
54.3075
54.3332
54.359
54.3848
54.4106
54.4365
54.4623
54.488
54.5138
54.5397
54.5656
54.5914
54.6172
54.643
54.6688
54.6946
54.7204
54.7462
54.772
54.7978
54.8236
54.8494
54.8753
54.9011
54.9269
54.9527
54.9785
55.0043
55.0301
55.0559
55.0817
55.1075
55.1332
55.1591
55.185
55.2107
55.2365
55.2624
55.2883
55.3141
55.3398
55.3656
55.3914
55.4172
55.443
55.4688
55.4947
55.5205
55.5463
55.5721
55.5979
55.6238
55.6496
55.6754
55.7012
55.7271
55.7529
55.7787
55.8045
55.8303
55.8562
55.8819
55.9077
55.9335
55.9593
55.9852
56.011
56.0368
56.0625
56.0884
56.1142
56.14
56.1658
56.1916
56.2174
56.2433
56.2691
56.2949
56.3207
56.3465
56.3724
56.3982
56.4241
56.4499
56.4758
56.5016
56.5275
56.5533
56.5792
56.605
56.6308
56.6566
56.6825
56.7082
56.7341
56.7599
56.7858
56.8117
56.8375
56.8633
56.8891
56.915
56.9408
56.9666
56.9924
57.0182
57.0441
57.07
57.0957
57.1215
57.1474
57.1732
57.199
57.2249
57.2506
57.2765
57.3024
57.3282
57.3541
57.3799
57.4057
57.4315
57.4573
57.4832
57.509
57.5348
57.5605
57.5863
57.6121
57.6379
57.6638
57.6896
57.7154
57.7412
57.767
57.7928
57.8186
57.8444
57.8702
57.896
57.9218
57.9476
57.9734
57.9992
58.0251
58.0509
58.0767
58.1025
58.1283
58.1542
58.18
58.2058
58.2318
58.2576
58.2834
58.3092
58.335
58.3607
58.3865
58.4123
58.4382
58.4641
58.4899
58.5157
58.5415
58.5674
58.5932
58.619
58.6448
58.6706
58.6964
58.7221
58.7479
58.7737
58.7996
58.8254
58.8512
58.877
58.9027
58.9285
58.9543
58.9802
59.006
59.0319
59.0576
59.0834
59.1093
59.135
59.1608
59.1866
59.2125
59.2383
59.2642
59.29
59.3158
59.3416
59.3674
59.3932
59.419
59.4448
59.4706
59.4964
59.5222
59.548
59.5739
59.5997
59.6255
59.6513
59.677
59.7028
59.7285
59.7542
59.78
59.8058
59.8317
59.8576
59.8834
59.9092
59.935
59.9608
59.9866
60.0124
60.0381
60.064
60.0897
60.1156
60.1414
60.1672
60.193
60.2188
60.2446
60.2703
60.2961
60.3219
60.3477
60.3735
60.3993
60.4251
60.4509
60.4768
60.5026
60.5284
60.5542
60.58
60.6058
60.6316
60.6574
60.6831
60.7089
60.7346
60.7604
60.7862
60.812
60.8378
60.8636
60.8894
60.9152
60.941
60.9669
60.9926
61.0184
61.0442
61.07
61.0958
61.1216
61.1475
61.1733
61.1992
61.2249
61.2507
61.2765
61.3023
61.3282
61.354
61.3797
61.4055
61.4313
61.457
61.4827
61.5085
61.5343
61.5601
61.586
61.6118
61.6376
61.6634
61.6893
61.715
61.7408
61.7667
61.7925
61.8183
61.8441
61.8698
61.8956
61.9214
61.9472
61.9729
61.9986
62.0244
62.0502
62.076
62.1018
62.1276
62.1533
62.1792
62.205
62.2308
62.2565
62.2822
62.308
62.3338
62.3596
62.3854
62.4112
62.4369
62.4627
62.4885
62.5143
62.5401
62.5659
62.5917
62.6175
62.6433
62.6691
62.695
62.7208
62.7466
62.7724
62.7982
62.8241
62.8499
62.8757
62.9015
62.9273
62.9531
62.9789
63.0048
63.0306
63.0563
63.0821
63.1079
63.1338
63.1597
63.1854
63.2112
63.237
63.2628
63.2886
63.3144
63.3402
63.366
63.3918
63.4176
63.4434
63.4691
63.4949
63.5206
63.5464
63.5721
63.5979
63.6237
63.6495
63.6753
63.701
63.7268
63.7526
63.7784
63.8042
63.8301
63.8559
63.8817
63.9074
63.9332
63.9589
63.9847
64.0104
64.0362
64.0619
64.0877
64.1136
64.1394
64.1652
64.1909
64.2167
64.2424
64.2682
64.294
64.3198
64.3457
64.3714
64.3972
64.423
64.4488
64.4746
64.5004
64.5262
64.552
64.5779
64.6037
64.6294
64.6552
64.6811
64.7069
64.7327
64.7585
64.7843
64.8101
64.8359
64.8617
64.8875
64.9133
64.9391
64.9649
64.9907
65.0165
65.0423
65.0681
65.094
65.1476
65.1734
65.1992
65.225
65.2508
65.2766
65.3024
65.3283
65.3541
65.3799
65.4057
65.4315
65.4572
65.483
65.5088
65.5347
65.5604
65.5862
65.6121
65.6379
65.6637
65.6895
65.7152
65.741
65.7668
65.7925
65.8184
65.8442
65.87
65.8959
65.9216
65.9474
65.9731
65.9989
66.0246
66.0505
66.0762
66.102
66.1277
66.1535
66.1793
66.2051
66.2308
66.2566
66.2824
66.3081
66.3339
66.3596
66.3854
66.4112
66.437
66.4628
66.4886
66.5145
66.5403
66.5661
66.592
66.6178
66.6437
66.6695
66.6953
66.7212
66.747
66.7728
66.7986
66.8245
66.8503
66.8761
66.9019
66.9277
66.9535
66.9793
67.0051
67.0309
67.0567
67.0826
67.1084
67.1341
67.1599
67.1857
67.2116
67.2374
67.2632
67.289
67.3149
67.3407
67.3666
67.3924
67.4182
67.4439
67.4698
67.4956
67.5213
67.5471
67.5729
67.5987
67.6245
67.6504
67.6762
67.702
67.7278
67.7537
67.7795
67.8054
67.8312
67.857
67.8828
67.9086
67.9344
67.9602
67.986
68.0118
68.0376
68.0635
68.0893
68.1152
68.1409
68.1667
68.1926
68.2185
68.2444
68.2702
68.296
68.3218
68.3477
68.3735
68.3993
68.4251
68.451
68.4767
68.5025
68.5284
68.5541
68.58
68.6058
68.6317
68.6575
68.6833
68.7091
68.735
68.7607
68.7866
68.8126
68.8384
68.8642
68.89
68.9158
68.9417
68.9674
68.9932
69.019
69.0449
69.0707
69.0964
69.1223
69.1481
69.174
69.1998
69.2256
69.2514
69.2772
69.303
69.3288
69.3546
69.3804
69.4062
69.432
69.4577
69.4836
69.5094
69.5352
69.561
69.5868
69.6127
69.6385
69.6644
69.6903
69.7161
69.742
69.7678
69.7937
69.8195
69.8453
69.8711
69.8969
69.9227
69.9484
69.9742
70
70.0258
70.0516
70.0774
70.1031
70.1289
70.1547
70.1805
70.2063
70.2322
70.258
70.2838
70.3096
70.3354
70.3612
70.3916
70.4174
70.4464
70.4836
70.5094
70.5351
70.5609
70.5867
70.6125
70.6384
70.6642
70.6899
70.7157
70.7414
70.7672
70.793
70.8188
70.8445
70.8703
70.896
70.9218
70.9476
70.9734
70.9992
71.0249
71.0507
71.0766
71.1024
71.1283
71.1541
71.1799
71.2058
71.2316
71.2573
71.2832
71.309
71.3348
71.3606
71.3864
71.4122
71.438
71.4638
71.4896
71.5154
71.5412
71.567
71.5928
71.6186
71.6444
71.6701
71.6959
71.7217
71.7476
71.7734
71.7992
71.825
71.8508
71.8766
71.9023
71.9281
71.9539
71.9796
72.0054
72.0312
72.0569
72.0826
72.1085
72.1343
72.1601
72.1859
72.2117
72.2375
72.2633
72.2892
72.315
72.3407
72.3665
72.3924
72.4182
72.444
72.4698
72.4956
72.5213
72.5471
72.5729
72.5986
72.6244
72.6501
72.6759
72.7017
72.7274
72.7532
72.779
72.8048
72.8306
72.8564
72.8821
72.9078
72.9336
72.9593
72.985
73.0108
73.0365
73.0622
73.088
73.1137
73.1394
73.1652
73.1909
73.2167
73.2424
73.2682
73.294
73.3199
73.3457
73.3715
73.3973
73.4232
73.4489
73.4747
73.5006
73.5264
73.5522
73.5781
73.6038
73.6297
73.6556
73.6814
73.7072
73.733
73.7588
73.7846
73.8105
73.8363
73.8622
73.888
73.9138
73.9396
73.9655
73.9913
74.017
74.0429
74.0688
74.0945
74.1204
74.1463
74.1721
74.1979
74.2237
74.2495
74.2752
74.301
74.3269
74.3527
74.3786
74.4045
74.4303
74.4561
74.4819
74.5077
74.5335
74.5594
74.5852
74.611
74.6369
74.6627
74.6885
74.7143
74.7401
74.7659
74.7916
74.8174
74.8431
74.869
74.8948
74.9206
74.9464
74.9722
74.998
75.0238
75.0496
75.0755
75.1013
75.127
75.1528
75.1786
75.2044
75.2302
75.256
75.2817
75.3075
75.3334
75.3592
75.3849
75.4107
75.4365
75.4623
75.4881
75.514
75.5398
75.5657
75.5915
75.6173
75.6431
75.6689
75.6947
75.7206
75.7465
75.7723
75.7981
75.824
75.8498
75.8756
75.9013
75.9271
75.9529
75.9786
76.0044
76.0302
76.056
76.0818
76.1076
76.1334
76.1592
76.185
76.2108
76.2366
76.2625
76.2883
76.3141
76.34
76.3658
76.3916
76.4173
76.4432
76.4691
76.4948
76.5206
76.5464
76.5723
76.5981
76.6239
76.6497
76.6755
76.7014
76.7271
76.753
76.7788
76.8046
76.8304
76.8562
76.882
76.9078
76.9335
76.9593
76.9852
77.011
77.0368
77.0626
77.0884
77.1142
77.1401
77.1658
77.1916
77.2174
77.2432
77.269
77.2948
77.3206
77.3464
77.3722
77.3981
77.4239
77.4497
77.4755
77.5014
77.5271
77.5529
77.5787
77.6045
77.6304
77.6561
77.682
77.7078
77.7336
77.7594
77.7852
77.8111
77.8369
77.8627
77.8885
77.9143
77.9402
77.9661
77.9919
78.0178
78.0436
78.0693
78.0951
78.1209
78.1468
78.1726
78.1984
78.2243
78.2501
78.276
78.3017
78.3276
78.3534
78.3792
78.4051
78.4309
78.4567
78.4825
78.5083
78.534
78.5599
78.5857
78.6115
78.6374
78.6633
78.6891
78.7149
78.7407
78.7665
78.7923
78.8181
78.8439
78.8697
78.8955
78.9213
78.9471
78.9729
78.9987
79.0244
79.0502
79.076
79.1019
79.1276
79.1534
79.1792
79.205
79.2308
79.2567
79.2825
79.3083
79.3341
79.3599
79.3857
79.4115
79.4373
79.4631
79.4889
79.5147
79.5405
79.5662
79.592
79.6178
79.6437
79.6695
79.6953
79.7212
79.747
79.7728
79.7985
79.8244
79.8503
79.8762
79.902
79.9278
79.9536
79.9793
80.0051
80.0309
80.0568
80.0826
80.1085
80.1343
80.1602
80.186
80.2119
80.2377
80.2635
80.2893
80.3151
80.3409
80.3668
80.3926
80.4183
80.4442
80.47
80.4958
80.5216
80.5474
80.5732
80.599
80.6248
80.6506
80.6764
80.7023
80.7281
80.754
80.7798
80.8056
80.8314
80.8572
80.8831
80.9088
80.9346
80.9604
80.9862
81.0121
81.0379
81.0637
81.0895
81.1153
81.1411
81.167
81.1928
81.2185
81.2444
81.2701
81.296
81.3217
81.3475
81.3734
81.3991
81.4249
81.4507
81.4765
81.5023
81.5282
81.554
81.5798
81.6056
81.6314
81.6572
81.683
81.7089
81.7347
81.7605
81.7863
81.8121
81.838
81.8638
81.8896
81.9155
81.9413
81.9671
81.9929
82.0187
82.0444
82.0703
82.0962
82.122
82.1478
82.1736
82.1994
82.2251
82.251
82.2768
82.3026
82.3284
82.3543
82.3801
82.406
82.4318
82.4576
82.4834
82.5092
82.535
82.5608
82.5866
82.6123
82.6381
82.6639
82.6897
82.7155
82.7412
82.7671
82.7929
82.8187
82.8445
82.8703
82.8961
82.922
82.9478
82.9736
82.9994
83.0252
83.051
83.0768
83.1026
83.1283
83.1541
83.1798
83.2057
83.2314
83.2572
83.283
83.3087
83.3345
83.3603
83.3861
83.4119
83.4377
83.4635
83.4893
83.5151
83.5408
83.5666
83.5924
83.6182
83.644
83.6698
83.6956
83.7214
83.7472
83.773
83.7988
83.8246
83.8504
83.8762
83.9021
83.9279
83.9536
83.9794
84.0052
84.031
84.0568
84.0826
84.1084
84.1342
84.16
84.1858
84.2117
84.2375
84.2633
84.2891
84.3149
84.3407
84.3666
84.3924
84.4182
84.4439
84.4697
84.4955
84.5213
84.5472
84.5729
84.5987
84.6246
84.6504
84.6762
84.702
84.7278
84.7536
84.7794
84.8052
84.8311
84.8569
84.8826
84.9084
84.9343
84.9601
84.986
85.0118
85.0376
85.0634
85.0892
85.1149
85.1408
85.1666
85.1924
85.2181
85.244
85.2698
85.2956
85.3215
85.3472
85.373
85.3987
85.4246
85.4504
85.4762
85.5115
85.5373
85.5631
85.5888
85.6146
85.6404
85.6662
85.692
85.7179
85.7437
85.7694
85.7953
85.8211
85.847
85.8728
85.8986
85.9243
85.9501
85.9759
86.0017
86.0276
86.0534
86.0792
86.105
86.1308
86.1566
86.1824
86.2082
86.234
86.2599
86.2858
86.3116
86.3374
86.3632
86.389
86.4148
86.4406
86.4664
86.4922
86.518
86.5438
86.5697
86.5955
86.6213
86.6471
86.673
86.6988
86.7246
86.7504
86.7762
86.802
86.8278
86.8535
86.8794
86.9052
86.931
86.9568
86.9826
87.0083
87.0341
87.0599
87.0858
87.1115
87.1373
87.1631
87.1889
87.2147
87.2405
87.2663
87.2921
87.3179
87.3437
87.3695
87.3953
87.4211
87.4469
87.4727
87.4985
87.5244
87.5502
87.576
87.6018
87.6276
87.6534
87.6792
87.7049
87.7308
87.7566
87.7824
87.8081
87.8339
87.8597
87.8855
87.9113
87.9371
87.9628
87.9886
88.0144
88.0401
88.0659
88.0917
88.1175
88.1432
88.1691
88.1949
88.2208
88.2466
88.2724
88.2982
88.324
88.3499
88.3757
88.4014
88.4272
88.4529
88.4788
88.5045
88.5303
88.5561
88.5819
88.6077
88.6335
88.6596
88.6854
88.7111
88.7369
88.7627
88.7885
88.8143
88.8402
88.8661
88.8918
88.9176
88.9434
88.9692
88.9951
89.0209
89.0466
89.0724
89.0983
89.1242
89.1499
89.1758
89.2016
89.2274
89.2532
89.279
89.3048
89.3306
89.3564
89.3822
89.408
89.4337
89.4595
89.4853
89.5112
89.537
89.5628
89.5887
89.6144
89.6402
89.666
89.6918
89.7176
89.7433
89.7691
89.7949
89.8207
89.8465
89.8722
89.898
89.9238
89.9496
89.9754
90.0012
90.027
90.0528
90.0786
90.1045
90.1303
90.156
90.1818
90.2077
90.2335
90.2592
90.2851
90.311
90.3368
90.3626
90.3884
90.4142
90.4401
90.4659
90.4917
90.5175
90.5434
90.5691
90.595
90.6208
90.6466
90.6723
90.6981
90.7239
90.7497
90.7755
90.8013
90.8271
90.853
90.8787
90.9045
90.9303
90.9561
90.9819
91.0077
91.0337
91.0595
91.0853
91.1112
91.137
91.1628
91.1886
91.2145
91.2403
91.2661
91.2919
91.3176
91.3434
91.3693
91.3951
91.421
91.4468
91.4726
91.4985
91.5244
91.5502
91.576
91.6018
91.6277
91.6535
91.6793
91.7052
91.731
91.7568
91.7826
91.8085
91.8343
91.8601
91.886
91.9118
91.9375
91.9633
91.9891
92.0148
92.0406
92.0664
92.0922
92.118
92.1439
92.1697
92.1956
92.2214
92.2472
92.273
92.2989
92.3247
92.3506
92.3765
92.4023
92.4282
92.454
92.4799
92.5057
92.5315
92.5575
92.5833
92.6092
92.6351
92.6609
92.6868
92.7126
92.7385
92.7643
92.7901
92.8159
92.8417
92.8675
92.8933
92.9192
92.945
92.9708
92.9967
93.0225
93.0482
93.0741
93.1
93.1258
93.1516
93.1774
93.2032
93.229
93.2548
93.2806
93.3064
93.3323
93.3582
93.384
93.4098
93.4357
93.4615
93.4873
93.5131
93.539
93.5648
93.5907
93.6165
93.6423
93.6682
93.6941
93.7199
93.7458
93.7716
93.7974
93.8232
93.8491
93.8749
93.9007
93.9265
93.9522
93.978
94.0038
94.0297
94.0555
94.0814
94.1072
94.133
94.1588
94.1846
94.2103
94.2361
94.2619
94.2878
94.3135
94.3394
94.3652
94.391
94.4168
94.4426
94.4684
94.4942
94.5201
94.546
94.5718
94.5977
94.6235
94.6493
94.6751
94.7009
94.7268
94.7527
94.7785
94.8043
94.8301
94.856
94.8818
94.9075
94.9334
94.9593
94.9851
95.0109
95.0368
95.0626
95.0884
95.1142
95.1401
95.1659
95.1917
95.2175
95.2435
95.2693
95.2952
95.3211
95.3469
95.3728
95.3986
95.4244
95.4502
95.4761
95.5019
95.5278
95.5536
95.5794
95.6053
95.6311
95.657
95.6828
95.7086
95.7345
95.7602
95.7861
95.8119
95.8377
95.8636
95.8894
95.9152
95.941
95.9668
95.9925
96.0183
96.0441
96.0699
96.0957
96.1216
96.1474
96.1733
96.1991
96.2249
96.2507
96.2764
96.3023
96.3282
96.354
96.3798
96.4057
96.4315
96.4573
96.4831
96.5089
96.5347
96.5605
96.5863
96.6122
96.6381
96.6639
96.6897
96.7156
96.7415
96.7673
96.7931
96.819
96.8447
96.8706
96.8964
96.9222
96.948
96.9738
96.9997
97.0255
97.0513
97.0771
97.1029
97.1288
97.1547
97.1805
97.2063
97.2321
97.258
97.2838
97.3096
97.3354
97.3613
97.3871
97.4129
97.4387
97.4645
97.4903
97.5161
97.5419
97.5678
97.5936
97.6194
97.6453
97.6711
97.6969
97.7226
97.7484
97.7743
97.8001
97.8259
97.8518
97.8776
97.9033
97.9292
97.955
97.9809
98.0067
98.0325
98.0584
98.0843
98.1101
98.1359
98.1617
98.1876
98.2134
98.2392
98.265
98.2908
98.3165
98.3424
98.3683
98.3941
98.4198
98.4456
98.4714
98.4971
98.523
98.5487
98.5745
98.6003
98.6261
98.652
98.6778
98.7036
98.7294
98.7552
98.781
98.8067
98.8325
98.8583
98.8841
98.9099
98.9357
98.9615
98.9873
99.0131
99.0389
99.0647
99.0906
99.1165
99.1423
99.1682
99.194
99.2199
99.2457
99.2715
99.2973
99.3231
99.3489
99.3748
99.4006
99.4263
99.4522
99.4779
99.5037
99.5295
99.5553
99.5812
99.607
99.6328
99.6586
99.6844
99.7102
99.736
99.7617
99.7875
99.8133
99.8391
99.8649
99.8907
99.9165
99.9423
99.9681
99.9939
100.02
100.045
100.071
100.097
100.123
100.149
100.174
100.2
100.226
100.252
100.278
100.303
100.329
100.355
100.381
100.407
100.433
100.458
100.484
100.51
100.536
100.562
100.588
100.613
100.639
100.665
100.691
100.717
100.743
100.769
100.795
100.82
100.846
100.872
100.898
100.924
100.949
100.975
101.001
101.027
101.053
101.079
101.104
101.13
101.156
101.182
101.208
101.233
101.259
101.285
101.311
101.337
101.363
101.388
101.414
101.44
101.466
101.492
101.518
101.543
101.569
101.595
101.621
101.647
101.673
101.699
101.724
101.75
101.776
101.802
101.828
101.854
101.879
101.905
101.931
101.957
101.983
102.009
102.034
102.06
102.086
102.112
102.138
102.163
102.189
102.215
102.241
102.267
102.293
102.318
102.344
102.37
102.396
102.422
102.448
102.473
102.499
102.525
102.551
102.577
102.603
102.628
102.654
102.68
102.706
102.732
102.757
102.783
102.809
102.835
102.861
102.886
102.912
102.938
102.964
102.99
103.016
103.042
103.067
103.093
103.119
103.145
103.171
103.196
103.222
103.248
103.274
103.3
103.326
103.351
103.377
103.403
103.429
103.455
103.481
103.506
103.532
103.558
103.584
103.61
103.636
103.661
103.687
103.713
103.739
103.765
103.791
103.816
103.842
103.868
103.894
103.92
103.946
103.971
103.997
104.023
104.049
104.075
104.1
104.126
104.152
104.178
104.204
104.23
104.255
104.281
104.307
104.333
104.359
104.385
104.41
104.436
104.462
104.488
104.514
104.539
104.565
104.591
104.617
104.643
104.669
104.694
104.72
104.746
104.772
104.798
104.824
104.849
104.875
104.901
104.927
104.953
104.978
105.004
105.03
105.056
105.082
105.108
105.133
105.159
105.185
105.211
105.237
105.262
105.288
105.314
105.34
105.366
105.392
105.417
105.443
105.469
105.495
105.521
105.546
105.572
105.598
105.624
105.65
105.676
105.701
105.727
105.753
105.779
105.805
105.831
105.857
105.882
105.908
105.934
105.96
105.986
106.012
106.037
106.063
106.089
106.115
106.141
106.166
106.192
106.218
106.244
106.27
106.296
106.321
106.347
106.373
106.399
106.425
106.45
106.476
106.502
106.528
106.554
106.58
106.605
106.636
106.662
106.688
106.713
106.739
106.765
106.791
106.817
106.842
106.868
106.894
106.92
106.946
106.972
106.998
107.023
107.049
107.075
107.101
107.127
107.152
107.178
107.204
107.23
107.256
107.282
107.308
107.333
107.359
107.385
107.411
107.437
107.462
107.488
107.514
107.54
107.566
107.591
107.617
107.643
107.669
107.695
107.72
107.746
107.772
107.798
107.824
107.85
107.875
107.901
107.927
107.953
107.978
108.004
108.03
108.056
108.082
108.107
108.133
108.159
108.185
108.211
108.236
108.262
108.288
108.314
108.34
108.366
108.391
108.417
108.443
108.469
108.495
108.521
108.546
108.572
108.598
108.624
108.65
108.676
108.701
108.727
108.753
108.779
108.805
108.83
108.856
108.882
108.908
108.934
108.959
108.985
109.011
109.037
109.063
109.089
109.114
109.14
109.166
109.192
109.218
109.243
109.269
109.295
109.321
109.347
109.373
109.399
109.424
109.45
109.476
109.502
109.528
109.554
109.579
109.605
109.631
109.657
109.683
109.708
109.734
109.76
109.786
109.812
109.837
109.863
109.889
109.915
109.941
109.966
109.992
110.018
110.044
110.07
110.096
110.121
110.147
110.173
110.199
110.225
110.25
110.276
110.302
110.328
110.354
110.38
110.405
110.431
110.457
110.483
110.509
110.534
110.56
110.586
110.612
110.638
110.664
110.689
110.715
110.741
110.767
110.793
110.819
110.844
110.87
110.896
110.922
110.947
110.973
110.999
111.025
111.051
111.076
111.108
111.134
111.159
111.185
111.211
111.237
111.263
111.289
111.314
111.34
111.38
111.406
111.432
111.458
111.483
111.509
111.535
111.561
111.586
111.612
111.638
111.664
111.69
111.715
111.741
111.767
111.793
111.819
111.845
111.87
111.896
111.922
111.948
111.974
111.999
112.025
112.051
112.077
112.103
112.128
112.154
112.18
112.206
112.232
112.257
112.283
112.309
112.335
112.361
112.386
112.412
112.438
112.464
112.49
112.515
112.541
112.567
112.593
112.619
112.644
112.67
112.696
112.722
112.748
112.774
112.799
112.825
112.851
112.877
112.903
112.928
112.954
112.98
113.006
113.032
113.058
113.083
113.109
113.135
113.161
113.187
113.213
113.238
113.264
113.29
113.316
113.342
113.368
113.393
113.419
113.445
113.471
113.497
113.523
113.548
113.574
113.6
113.626
113.652
113.677
113.703
113.729
113.755
113.781
113.806
113.832
113.858
113.884
113.91
113.936
113.961
113.987
114.013
114.039
114.065
114.091
114.116
114.142
114.168
114.194
114.22
114.246
114.272
114.297
114.323
114.349
114.375
114.401
114.426
114.452
114.478
114.504
114.53
114.556
114.581
114.607
114.633
114.659
114.685
114.71
114.736
114.762
114.788
114.814
114.84
114.865
114.891
114.917
114.943
114.969
114.995
115.02
115.046
115.072
115.098
115.124
115.149
115.175
115.201
115.227
115.253
115.278
115.304
115.33
115.356
115.382
115.408
115.433
115.459
115.485
115.511
115.537
115.563
115.588
115.614
115.64
115.666
115.691
115.717
115.743
115.769
115.795
115.821
115.846
115.872
115.898
115.924
115.95
115.975
116.001
116.027
116.053
116.079
116.104
116.13
116.156
116.182
116.208
116.233
116.259
116.285
116.311
116.337
116.363
116.388
116.414
116.44
116.466
116.492
116.518
116.543
116.569
116.595
116.621
116.647
116.673
116.698
116.724
116.75
116.776
116.802
116.828
116.853
116.879
116.905
116.931
116.957
116.982
117.008
117.034
117.06
117.086
117.112
117.137
117.163
117.189
117.215
117.241
117.266
117.292
117.318
117.344
117.37
117.396
117.421
117.447
117.473
117.499
117.525
117.551
117.576
117.602
117.628
117.654
117.68
117.706
117.731
117.757
117.783
117.809
117.835
117.861
117.886
117.912
117.938
117.964
117.99
118.015
118.041
118.067
118.093
118.119
118.145
118.17
118.196
118.222
118.248
118.274
118.299
118.325
118.351
118.377
118.403
118.429
118.454
118.48
118.506
118.532
118.558
118.584
118.609
118.635
118.661
118.687
118.713
118.738
118.764
118.79
118.816
118.842
118.867
118.893
118.919
118.945
118.971
118.996
119.022
119.048
119.074
119.1
119.125
119.151
119.177
119.203
119.229
119.254
119.28
119.306
119.332
119.358
119.384
119.409
119.435
119.461
119.487
119.513
119.539
119.564
119.59
119.616
119.642
119.668
119.694
119.72
119.745
119.771
119.797
119.823
119.849
119.874
119.9
119.926
119.952
119.978
120.003
120.029
120.055
120.081
120.106
120.132
120.158
120.184
120.21
120.235
120.261
120.287
120.313
120.339
120.364
120.39
120.416
120.442
120.468
120.493
120.519
120.545
120.571
120.597
120.623
120.648
120.674
120.7
120.726
120.752
120.777
120.803
120.829
120.855
120.881
120.906
120.932
120.958
120.984
121.01
121.035
121.061
121.087
121.113
121.139
121.164
121.19
121.216
121.242
121.268
121.293
121.319
121.345
121.371
121.397
121.422
121.448
121.474
121.5
121.526
121.551
121.577
121.603
121.629
121.655
121.68
121.706
121.732
121.758
121.784
121.809
121.835
121.861
121.887
121.913
121.938
121.964
121.99
122.016
122.042
122.067
122.093
122.119
122.145
122.171
122.196
122.222
122.248
122.274
122.3
122.325
122.351
122.377
122.403
122.429
122.455
122.48
122.506
122.532
122.558
122.584
122.61
122.635
122.661
122.687
122.713
122.739
122.764
122.79
122.816
122.842
122.868
122.894
122.919
122.945
122.971
122.997
123.023
123.048
123.074
123.1
123.126
123.152
123.178
123.203
123.229
123.255
123.281
123.307
123.332
123.358
123.384
123.41
123.436
123.462
123.487
123.513
123.539
123.565
123.591
123.616
123.642
123.668
123.694
123.72
123.745
123.771
123.797
123.823
123.849
123.874
123.9
123.926
123.952
123.978
124.003
124.029
124.055
124.081
124.107
124.132
124.158
124.184
124.21
124.236
124.261
124.287
124.313
124.339
124.364
124.39
124.416
124.442
124.468
124.493
124.519
124.545
124.571
124.597
124.622
124.648
124.674
124.7
124.726
124.751
124.777
124.803
124.829
124.855
124.88
124.906
124.932
124.958
124.984
125.01
125.035
125.061
125.087
125.113
125.138
125.164
125.19
125.216
125.242
125.267
125.293
125.319
125.345
125.371
125.397
125.422
125.448
125.474
125.5
125.526
125.551
125.577
125.603
125.629
125.655
125.68
125.706
125.732
125.758
125.784
125.809
125.835
125.861
125.887
125.913
125.938
125.964
125.99
126.016
126.041
126.067
126.093
126.119
126.145
126.171
126.196
126.222
126.248
126.274
126.3
126.325
126.351
126.377
126.403
126.429
126.454
126.48
126.506
126.532
126.558
126.583
126.609
126.635
126.661
126.686
126.712
126.738
126.764
126.79
126.816
126.841
126.867
126.893
126.919
126.945
126.971
126.996
127.022
127.048
127.074
127.1
127.126
127.151
127.177
127.203
127.229
127.255
127.28
127.306
127.332
127.358
127.384
127.41
127.435
127.461
127.487
127.513
127.539
127.564
127.59
127.616
127.642
127.668
127.693
127.719
127.745
127.771
127.797
127.823
127.848
127.874
127.9
127.926
127.952
127.977
128.003
128.029
128.055
128.081
128.106
128.132
128.158
128.184
128.21
128.235
128.261
128.287
128.313
128.339
128.365
128.39
128.416
128.442
128.468
128.494
128.519
128.545
128.571
128.597
128.623
128.648
128.674
128.7
128.726
128.751
128.777
128.803
128.829
128.855
128.88
128.906
128.932
128.958
128.984
129.01
129.035
129.061
129.087
129.113
129.139
129.164
129.19
129.216
129.242
129.268
129.293
129.319
129.345
129.371
129.397
129.422
129.448
129.474
129.5
129.526
129.551
129.577
129.603
129.629
129.655
129.68
129.706
129.732
129.758
129.784
129.809
129.835
129.861
129.887
129.913
129.938
129.964
129.99
130.016
130.042
130.068
130.093
130.119
130.145
130.171
130.197
130.222
130.248
130.274
130.3
130.326
130.351
130.377
130.403
130.429
130.455
130.48
130.506
130.532
130.558
130.584
130.61
130.635
130.661
130.687
130.713
130.739
130.764
130.79
130.816
130.842
130.868
130.894
130.919
130.945
130.971
130.997
131.023
131.048
131.074
131.1
131.126
131.152
131.178
131.203
131.229
131.255
131.281
131.307
131.332
131.358
131.384
131.41
131.435
131.461
131.487
131.513
131.539
131.564
131.59
131.616
131.642
131.668
131.694
131.719
131.745
131.771
131.797
131.822
131.848
131.874
131.9
131.925
131.951
131.977
132.003
132.028
132.054
132.08
132.106
132.132
132.157
132.183
132.209
132.235
132.261
132.286
132.312
132.338
132.364
132.39
132.415
132.441
132.467
132.493
132.519
132.545
132.57
132.596
132.622
132.648
132.674
132.699
132.725
132.751
132.777
132.803
132.829
132.854
132.88
132.906
132.932
132.958
132.983
133.009
133.035
133.061
133.087
133.112
133.138
133.164
133.19
133.216
133.241
133.267
133.293
133.319
133.344
133.37
133.396
133.422
133.448
133.473
133.499
133.525
133.551
133.577
133.602
133.628
133.654
133.68
133.706
133.732
133.757
133.783
133.809
133.835
133.861
133.886
133.912
133.938
133.964
133.99
134.015
134.041
134.067
134.093
134.119
134.144
134.17
134.196
134.222
134.248
134.273
134.299
134.325
134.356
134.381
134.407
134.433
134.459
134.485
134.51
134.536
134.562
134.588
134.614
134.639
134.665
134.691
134.717
134.743
134.768
134.794
134.82
134.846
134.872
134.897
134.923
134.949
134.975
135.001
135.026
135.052
135.078
135.104
135.129
135.155
135.181
135.207
135.232
135.258
135.284
135.31
135.336
135.361
135.387
135.413
135.439
135.465
135.49
135.516
135.542
135.568
135.594
135.619
135.645
135.671
135.697
135.723
135.749
135.774
135.8
135.826
135.852
135.877
135.903
135.929
135.955
135.981
136.006
136.032
136.058
136.084
136.11
136.135
136.161
136.187
136.213
136.239
136.265
136.29
136.316
136.342
136.368
136.394
136.42
136.445
136.471
136.497
136.523
136.549
136.575
136.6
136.626
136.652
136.678
136.704
136.729
136.755
136.781
136.807
136.833
136.859
136.884
136.91
136.936
136.962
136.988
137.013
137.039
137.065
137.091
137.117
137.142
137.168
137.194
137.22
137.246
137.271
137.297
137.323
137.349
137.375
137.4
137.426
137.452
137.478
137.504
137.53
137.555
137.581
137.608
137.633
137.659
137.685
137.711
137.737
137.762
137.788
137.814
137.84
137.866
137.891
137.917
137.943
137.969
137.995
138.02
138.046
138.072
138.098
138.124
138.149
138.175
138.201
138.227
138.253
138.279
138.304
138.33
138.356
138.382
138.408
138.433
138.459
138.485
138.511
138.537
138.563
138.588
138.614
138.64
138.666
138.692
138.717
138.743
138.769
138.795
138.821
138.847
138.872
138.898
138.924
138.95
138.976
139.002
139.027
139.053
139.079
139.105
139.131
139.156
139.182
139.208
139.234
139.26
139.285
139.311
139.337
139.363
139.388
139.414
139.44
139.466
139.492
139.518
139.543
139.569
139.595
139.621
139.647
139.672
139.698
139.724
139.75
139.776
139.802
139.828
139.853
139.879
139.905
139.931
139.956
139.982
140.008
140.034
140.06
140.085
140.111
140.137
140.163
140.189
140.214
140.24
140.266
140.292
140.318
140.343
140.369
140.395
140.421
140.447
140.473
140.498
140.524
140.55
140.576
140.602
140.627
140.653
140.679
140.705
140.731
140.756
140.782
140.808
140.834
140.859
140.885
140.911
140.937
140.962
140.988
141.014
141.04
141.066
141.091
141.117
141.143
141.169
141.195
141.22
141.246
141.272
141.298
141.323
141.349
141.375
141.401
141.427
141.453
141.478
141.504
141.53
141.556
141.582
141.607
141.633
141.659
141.685
141.711
141.736
141.762
141.788
141.814
141.84
141.866
141.891
141.917
141.943
141.969
141.994
142.02
142.046
142.072
142.098
142.123
142.149
142.175
142.201
142.226
142.252
142.278
142.304
142.33
142.355
142.381
142.407
142.433
142.459
142.484
142.51
142.536
142.562
142.587
142.613
142.639
142.665
142.691
142.716
142.742
142.768
142.794
142.82
142.845
142.871
142.897
142.923
142.948
142.974
143
143.026
143.052
143.078
143.103
143.129
143.155
143.181
143.206
143.232
143.258
143.284
143.31
143.335
143.361
143.387
143.413
143.439
143.464
143.49
143.516
143.542
143.567
143.593
143.619
143.645
143.671
143.696
143.722
143.748
143.774
143.799
143.825
143.851
143.877
143.903
143.928
143.954
143.98
144.006
144.031
144.057
144.083
144.109
144.134
144.16
144.186
144.212
144.238
144.263
144.289
144.315
144.341
144.367
144.393
144.418
144.444
144.47
144.496
144.522
144.547
144.573
144.599
144.625
144.651
144.676
144.702
144.728
144.754
144.779
144.805
144.831
144.857
144.883
144.908
144.934
144.96
144.986
145.012
145.038
145.063
145.089
145.115
145.141
145.167
145.192
145.218
145.244
145.27
145.296
145.321
145.347
145.373
145.399
145.425
145.45
145.476
145.502
145.528
145.554
145.579
145.605
145.631
145.657
145.683
145.708
145.734
145.76
145.786
145.812
145.837
145.863
145.889
145.915
145.94
145.966
145.992
146.018
146.044
146.069
146.095
146.121
146.147
146.173
146.198
146.224
146.25
146.276
146.302
146.327
146.353
146.379
146.405
146.431
146.457
146.482
146.508
146.534
146.56
146.586
146.611
146.637
146.663
146.689
146.714
146.74
146.766
146.792
146.818
146.843
146.869
146.895
146.921
146.947
146.973
146.998
147.024
147.05
147.076
147.102
147.127
147.153
147.179
147.205
147.231
147.256
147.282
147.308
147.334
147.359
147.385
147.411
147.437
147.463
147.488
147.514
147.54
147.566
147.592
147.617
147.643
147.669
147.695
147.721
147.746
147.772
147.798
147.824
147.85
147.875
147.901
147.944
147.969
147.995
148.021
148.047
148.073
148.099
148.124
148.15
148.176
148.202
148.228
148.254
148.279
148.305
148.331
148.357
148.383
148.409
148.434
148.46
148.486
148.512
148.538
148.564
148.589
148.615
148.641
148.667
148.693
148.718
148.744
148.77
148.796
148.822
148.847
148.873
148.899
148.925
148.951
148.976
149.002
149.028
149.054
149.08
149.106
149.131
149.157
149.183
149.209
149.235
149.26
149.286
149.312
149.338
149.364
149.39
149.415
149.441
149.467
149.493
149.519
149.544
149.57
149.596
149.622
149.648
149.674
149.699
149.725
149.751
149.777
149.803
149.829
149.854
149.88
149.906
149.932
149.958
149.984
150.009
150.035
150.061
150.087
150.113
150.138
150.164
150.19
150.216
150.242
150.267
150.293
150.319
150.345
150.371
150.397
150.422
150.448
150.474
150.5
150.526
150.552
150.578
150.603
150.629
150.655
150.681
150.707
150.732
150.758
150.784
150.81
150.836
150.862
150.887
150.913
150.939
150.965
150.991
151.016
151.042
151.068
151.094
151.12
151.146
151.171
151.197
151.223
151.249
151.275
151.301
151.327
151.352
151.378
151.404
151.43
151.456
151.481
151.507
151.533
151.559
151.585
151.611
151.636
151.662
151.688
151.714
151.74
151.765
151.791
151.817
151.843
151.869
151.895
151.921
151.946
151.972
151.998
152.023
152.049
152.075
152.101
152.127
152.153
152.178
152.204
152.23
152.256
152.281
152.307
152.333
152.359
152.385
152.41
152.436
152.462
152.488
152.514
152.539
152.565
152.591
152.617
152.643
152.669
152.694
152.72
152.746
152.772
152.798
152.824
152.849
152.875
152.901
152.927
152.953
152.978
153.004
153.03
153.056
153.082
153.107
153.133
153.159
153.185
153.211
153.237
153.262
153.288
153.314
153.34
153.366
153.392
153.417
153.443
153.469
153.495
153.521
153.547
153.572
153.598
153.624
153.65
153.676
153.702
153.728
153.753
153.779
153.805
153.831
153.857
153.882
153.908
153.934
153.96
153.986
154.012
154.037
154.063
154.089
154.115
154.141
154.167
154.192
154.218
154.244
154.27
154.296
154.321
154.347
154.373
154.399
154.425
154.451
154.476
154.502
154.528
154.554
154.58
154.605
154.631
154.657
154.683
154.709
154.735
154.76
154.786
154.812
154.838
154.864
154.889
154.915
154.941
154.967
154.993
155.019
155.045
155.07
155.096
155.122
155.148
155.174
155.2
155.225
155.251
155.277
155.303
155.329
155.355
155.38
155.406
155.432
155.458
155.484
155.509
155.535
155.561
155.587
155.613
155.638
155.664
155.69
155.716
155.742
155.768
155.793
155.819
155.845
155.871
155.897
155.923
155.948
155.974
156
156.026
156.052
156.077
156.103
156.129
156.155
156.181
156.206
156.232
156.258
156.284
156.31
156.335
156.361
156.387
156.416
156.442
156.467
156.493
156.519
156.545
156.571
156.596
156.622
156.648
156.674
156.699
156.725
156.751
156.777
156.803
156.828
156.854
156.88
156.906
156.932
156.957
156.983
157.009
157.035
157.061
157.087
157.112
157.138
157.164
157.19
157.216
157.241
157.267
157.293
157.319
157.345
157.371
157.396
157.422
157.448
157.474
157.5
157.526
157.551
157.577
157.603
157.629
157.654
157.68
157.706
157.732
157.758
157.783
157.809
157.835
157.861
157.887
157.912
157.938
157.964
157.99
158.016
158.041
158.067
158.093
158.119
158.145
158.171
158.196
158.222
158.248
158.274
158.3
158.325
158.351
158.377
158.403
158.428
158.454
158.48
158.506
158.532
158.557
158.583
158.609
158.635
158.661
158.686
158.712
158.738
158.764
158.79
158.815
158.841
158.867
158.893
158.919
158.944
158.97
158.996
159.022
159.047
159.073
159.099
159.125
159.151
159.176
159.202
159.228
159.254
159.28
159.306
159.331
159.357
159.383
159.409
159.434
159.46
159.486
159.512
159.538
159.564
159.589
159.615
159.641
159.667
159.693
159.718
159.744
159.77
159.796
159.822
159.848
159.873
159.899
159.925
159.951
159.977
160.002
160.028
160.054
160.08
160.106
160.131
160.157
160.183
160.209
160.235
160.26
160.286
160.312
160.338
160.364
160.389
160.415
160.441
160.467
160.493
160.519
160.544
160.57
160.596
160.622
160.648
160.674
160.699
160.725
160.751
160.777
160.803
160.828
160.854
160.88
160.906
160.931
160.957
160.983
161.009
161.035
161.06
161.086
161.112
161.138
161.164
161.19
161.216
161.241
161.267
161.293
161.319
161.344
161.37
161.396
161.422
161.448
161.474
161.499
161.525
161.551
161.577
161.603
161.628
161.654
161.68
161.706
161.732
161.757
161.783
161.809
161.835
161.861
161.887
161.913
161.938
161.964
161.99
162.016
162.042
162.068
162.093
162.119
162.145
162.171
162.196
162.222
162.248
162.274
162.3
162.326
162.351
162.377
162.403
162.429
162.455
162.48
162.506
162.532
162.558
162.584
162.61
162.635
162.661
162.687
162.713
162.739
162.764
162.79
162.816
162.842
162.868
162.893
162.919
162.945
162.971
162.997
163.023
163.048
163.074
163.1
163.126
163.151
163.177
163.203
163.229
163.255
163.281
163.306
163.332
163.358
163.384
163.41
163.435
163.461
163.487
163.513
163.539
163.565
163.59
163.616
163.642
163.668
163.694
163.72
163.745
163.771
163.797
163.823
163.849
163.874
163.9
163.926
163.952
163.978
164.004
164.029
164.055
164.081
164.107
164.133
164.158
164.184
164.21
164.236
164.262
164.287
164.313
164.339
164.365
164.391
164.416
164.442
164.468
164.494
164.52
164.545
164.571
164.597
164.623
164.649
164.674
164.7
164.726
164.752
164.778
164.804
164.829
164.855
164.881
164.907
164.933
164.958
164.984
165.01
165.036
165.062
165.088
165.113
165.139
165.165
165.191
165.217
165.242
165.268
165.294
165.32
165.346
165.371
165.397
165.423
165.449
165.475
165.501
165.526
165.552
165.578
165.604
165.63
165.655
165.681
165.707
165.733
165.759
165.784
165.81
165.836
165.862
165.888
165.913
165.939
165.965
165.991
166.017
166.042
166.068
166.094
166.12
166.146
166.171
166.197
166.223
166.249
166.275
166.301
166.326
166.352
166.378
166.404
166.43
166.456
166.481
166.507
166.533
166.559
166.585
166.61
166.636
166.662
166.688
166.714
166.739
166.765
166.791
166.817
166.843
166.869
166.894
166.92
166.946
166.972
166.998
167.023
167.049
167.075
167.101
167.127
167.152
167.178
167.204
167.23
167.256
167.281
167.307
167.333
167.359
167.385
167.41
167.436
167.462
167.488
167.514
167.539
167.565
167.591
167.617
167.643
167.668
167.694
167.72
167.746
167.772
167.797
167.823
167.849
167.875
167.901
167.926
167.952
167.978
168.004
168.029
168.055
168.081
168.107
168.133
168.159
168.184
168.21
168.236
168.262
168.288
168.313
168.339
168.365
168.391
168.417
168.442
168.468
168.494
168.52
168.546
168.571
168.597
168.623
168.649
168.675
168.701
168.726
168.752
168.778
168.804
168.83
168.855
168.881
168.907
168.933
168.959
168.984
169.01
169.036
169.062
169.088
169.114
169.139
169.165
169.191
169.217
169.243
169.268
169.294
169.32
169.346
169.372
169.397
169.423
169.449
169.475
169.5
169.526
169.552
169.578
169.604
169.629
169.655
169.681
169.707
169.733
169.758
169.784
169.81
169.836
169.862
169.887
169.913
169.939
169.965
169.99
170.016
170.042
170.068
170.094
170.12
170.145
170.171
170.197
170.223
170.248
170.274
170.3
170.326
170.352
170.377
170.403
170.429
170.455
170.481
170.506
170.532
170.558
170.584
170.61
170.635
170.661
170.687
170.713
170.739
170.764
170.79
170.816
170.842
170.868
170.893
170.919
170.945
170.971
170.996
171.022
171.048
171.074
171.1
171.125
171.151
171.177
171.203
171.229
171.254
171.28
171.306
171.332
171.358
171.383
171.409
171.435
171.461
171.487
171.512
171.538
171.564
171.59
171.616
171.641
171.667
171.693
171.719
171.744
171.77
171.796
171.822
171.848
171.873
171.899
171.925
171.951
171.976
172.002
172.028
172.054
172.08
172.105
172.131
172.157
172.183
172.208
172.234
172.26
172.286
172.312
172.338
172.363
172.389
172.415
172.441
172.467
172.492
172.518
172.544
172.57
172.595
172.621
172.647
172.673
172.699
172.724
172.75
172.776
172.802
172.828
172.854
172.879
172.905
172.931
172.957
172.983
173.008
173.034
173.06
173.086
173.111
173.137
173.163
173.189
173.215
173.24
173.266
173.292
173.318
173.344
173.369
173.395
173.421
173.447
173.472
173.498
173.524
173.55
173.576
173.601
173.627
173.653
173.679
173.705
173.73
173.756
173.782
173.808
173.833
173.859
173.885
173.911
173.936
173.962
173.988
174.014
174.04
174.065
174.091
174.117
174.143
174.169
174.194
174.22
174.246
174.272
174.298
174.323
174.349
174.375
174.401
174.426
174.452
174.478
174.504
174.529
174.555
174.581
174.607
174.633
174.658
174.684
174.71
174.736
174.761
174.787
174.813
174.839
174.865
174.89
174.916
174.942
174.968
174.993
175.019
175.045
175.071
175.097
175.122
175.148
175.174
175.2
175.225
175.251
175.277
175.303
175.328
175.354
175.38
175.406
175.432
175.457
175.483
175.509
175.535
175.56
175.586
175.612
175.638
175.664
175.689
175.715
175.741
175.767
175.793
175.818
175.844
175.87
175.896
175.921
175.947
175.973
175.999
176.024
176.05
176.076
176.102
176.128
176.153
176.179
176.205
176.231
176.257
176.282
176.308
176.334
176.36
176.385
176.411
176.437
176.463
176.489
176.514
176.54
176.566
176.592
176.617
176.643
176.669
176.695
176.721
176.746
176.772
176.798
176.824
176.85
176.875
176.901
176.927
176.953
176.979
177.004
177.03
177.056
177.082
177.107
177.133
177.159
177.185
177.21
177.236
177.262
177.288
177.313
177.339
177.365
177.391
177.417
177.442
177.468
177.494
177.52
177.545
177.571
177.597
177.623
177.649
177.674
177.7
177.726
177.752
177.777
177.803
177.829
177.855
177.881
177.906
177.932
177.958
177.984
178.009
178.035
178.061
178.087
178.112
178.138
178.164
178.19
178.216
178.241
178.267
178.293
178.319
178.345
178.37
178.396
178.422
178.448
178.474
178.499
178.525
178.551
178.577
178.602
178.628
178.654
178.68
178.706
178.731
178.757
178.783
178.809
178.835
178.86
178.886
178.912
178.938
178.964
178.989
179.015
179.041
179.067
179.093
179.119
179.144
179.17
179.196
179.222
179.248
179.273
179.299
179.325
179.351
179.376
179.402
179.428
179.454
179.48
179.505
179.531
179.557
179.583
179.608
179.634
179.66
179.686
179.712
179.737
179.763
179.789
179.815
179.841
179.866
179.892
179.918
179.944
179.969
179.995
180.021
180.047
180.072
180.098
180.124
180.15
180.175
180.201
180.227
180.253
180.278
180.304
180.33
180.356
180.381
180.407
180.433
180.459
180.485
180.51
180.536
180.562
180.588
180.614
180.639
180.665
180.691
180.716
180.742
180.768
180.794
180.82
180.845
180.871
180.897
180.922
180.948
180.974
181
181.026
181.051
181.077
181.103
181.129
181.155
181.18
181.206
181.232
181.258
181.283
181.309
181.335
181.361
181.387
181.412
181.438
181.464
181.49
181.515
181.541
181.567
181.593
181.619
181.645
181.67
181.696
181.722
181.748
181.773
181.799
181.825
181.851
181.876
181.902
181.928
181.954
181.98
182.005
182.031
182.057
182.083
182.109
182.134
182.16
182.186
182.212
182.238
182.263
182.289
182.315
182.341
182.366
182.392
182.418
182.444
182.47
182.495
182.521
182.547
182.573
182.599
182.624
182.65
182.676
182.702
182.728
182.753
182.779
182.805
182.831
182.857
182.882
182.908
182.934
182.96
182.986
183.011
183.037
183.063
183.089
183.115
183.14
183.166
183.192
183.218
183.244
183.27
183.295
183.321
183.347
183.373
183.399
183.424
183.45
183.476
183.502
183.528
183.553
183.579
183.605
183.631
183.657
183.682
183.708
183.734
183.76
183.786
183.812
183.837
183.863
183.889
183.915
183.94
183.966
183.992
184.018
184.044
184.069
184.095
184.121
184.147
184.173
184.199
184.224
184.25
184.276
184.302
184.328
184.354
184.379
184.405
184.431
184.457
184.483
184.508
184.534
184.56
184.586
184.611
184.637
184.663
184.689
184.715
184.74
184.766
184.792
184.818
184.844
184.869
184.895
184.921
184.947
184.973
184.998
185.024
185.05
185.076
185.101
185.127
185.153
185.179
185.204
185.23
185.256
185.282
185.308
185.333
185.359
185.385
185.411
185.437
185.462
185.488
185.514
185.54
185.566
185.591
185.617
185.643
185.669
185.695
185.72
185.746
185.772
185.798
185.824
185.849
185.875
185.901
185.927
185.953
185.978
186.004
186.03
186.056
186.082
186.107
186.133
186.159
186.185
186.211
186.236
186.262
186.288
186.314
186.34
186.365
186.391
186.417
186.443
186.469
186.494
186.52
186.546
186.572
186.597
186.623
186.649
186.675
186.701
186.726
186.752
186.778
186.804
186.83
186.855
186.881
186.907
186.933
186.959
186.985
187.01
187.036
187.062
187.088
187.114
187.139
187.165
187.191
187.217
187.243
187.269
187.294
187.32
187.346
187.372
187.398
187.423
187.449
187.475
187.501
187.527
187.553
187.578
187.604
187.63
187.656
187.682
187.708
187.733
187.759
187.785
187.811
187.837
187.863
187.888
187.914
187.94
187.966
187.992
188.017
188.043
188.069
188.095
188.121
188.147
188.172
188.198
188.224
188.25
188.276
188.302
188.327
188.353
188.379
188.405
188.431
188.456
188.482
188.508
188.534
188.56
188.585
188.611
188.637
188.663
188.689
188.715
188.74
188.766
188.792
188.818
188.844
188.87
188.896
188.921
188.947
188.973
188.999
189.025
189.052
189.077
189.103
189.129
189.155
189.181
189.206
189.232
189.258
189.284
189.31
189.336
189.361
189.387
189.413
189.439
189.465
189.491
189.516
189.542
189.568
189.594
189.62
189.645
189.671
189.697
189.723
189.748
189.774
189.8
189.826
189.852
189.878
189.903
189.929
189.955
189.981
190.007
190.032
190.058
190.084
190.11
190.136
190.161
190.187
190.213
190.239
190.265
190.291
190.316
190.342
190.368
190.394
190.42
190.445
190.471
190.497
190.523
190.549
190.574
190.6
190.626
190.652
190.678
190.703
190.729
190.755
190.781
190.806
190.832
190.858
190.884
190.909
190.935
191.012
191.038
191.063
191.089
191.115
191.141
191.167
191.192
191.218
191.244
191.27
191.296
191.321
191.347
191.373
191.399
191.425
191.45
191.476
191.502
191.528
191.554
191.58
191.605
191.631
191.657
191.683
191.708
191.734
191.76
191.786
191.812
191.838
191.863
191.889
191.915
191.941
191.967
191.992
192.018
192.044
192.07
192.096
192.121
192.147
192.173
192.199
192.225
192.25
192.276
192.302
192.328
192.354
192.379
192.405
192.431
192.457
192.483
192.509
192.534
192.56
192.586
192.612
192.637
192.663
192.689
192.715
192.74
192.766
192.792
192.818
192.844
192.87
192.895
192.921
192.947
192.973
192.998
193.024
193.05
193.076
193.101
193.127
193.153
193.179
193.204
193.23
193.256
193.282
193.307
193.333
193.359
193.385
193.411
193.436
193.462
193.488
193.514
193.54
193.565
193.591
193.617
193.643
193.669
193.694
193.72
193.746
193.772
193.797
193.823
193.849
193.875
193.901
193.926
193.952
193.978
194.004
194.029
194.055
194.081
194.107
194.133
194.158
194.184
194.21
194.236
194.262
194.287
194.313
194.339
194.365
194.391
194.416
194.442
194.468
194.494
194.519
194.545
194.571
194.597
194.622
194.648
194.674
194.7
194.726
194.751
194.777
194.803
194.829
194.855
194.88
194.906
194.932
194.958
194.984
195.009
195.035
195.061
195.087
195.113
195.138
195.164
195.19
195.216
195.241
195.267
195.293
195.319
195.345
195.37
195.396
195.422
195.448
195.473
195.499
195.525
195.551
195.577
195.602
195.628
195.654
195.68
195.706
195.731
195.757
195.783
195.809
195.835
195.861
195.886
195.912
195.938
195.964
195.989
196.015
196.041
196.067
196.093
196.118
196.144
196.17
196.196
196.222
196.247
196.273
196.32
196.346
196.372
196.398
196.423
196.449
196.475
196.501
196.526
196.552
196.578
196.604
196.63
196.656
196.681
196.707
196.733
196.759
196.785
196.81
196.836
196.862
196.888
196.914
196.94
196.965
196.991
197.017
197.043
197.069
197.094
197.12
197.146
197.172
197.198
197.223
197.249
197.275
197.301
197.327
197.352
197.378
197.404
197.43
197.456
197.481
197.507
197.533
197.559
197.585
197.61
197.636
197.662
197.688
197.714
197.74
197.765
197.791
197.817
197.843
197.869
197.894
197.92
197.946
197.972
197.998
198.024
198.049
198.075
198.101
198.127
198.153
198.178
198.204
198.23
198.256
198.281
198.307
198.333
198.359
198.385
198.41
198.436
198.462
198.488
198.514
198.539
198.565
198.591
198.617
198.643
198.668
198.694
198.72
198.746
198.772
198.798
198.823
198.849
198.875
198.901
198.927
198.952
198.978
199.004
199.03
199.056
199.081
199.107
199.133
199.159
199.185
199.21
199.236
199.262
199.288
199.314
199.339
199.365
199.391
199.417
199.448
199.473
199.499
199.525
199.551
199.577
199.602
199.628
199.654
199.68
199.705
199.731
199.757
199.783
199.809
199.834
199.86
199.886
199.912
199.938
199.963
199.989
200.015
200.041
200.066
200.092
200.118
200.144
200.17
200.195
200.221
200.247
200.273
200.298
200.324
200.35
200.376
200.402
200.427
200.453
200.479
200.505
200.53
200.556
200.582
200.608
200.634
200.659
200.685
200.711
200.737
200.762
200.788
200.814
200.84
200.865
200.891
200.917
200.943
200.968
200.994
201.02
201.046
201.072
201.098
201.123
201.149
201.175
201.201
201.226
201.252
201.278
201.304
201.329
201.355
201.381
201.407
201.433
201.458
201.484
201.51
201.536
201.562
201.587
201.613
201.639
201.665
201.691
201.716
201.742
201.768
201.794
201.819
201.845
201.871
201.897
201.922
201.948
201.974
202
202.025
202.051
202.077
202.103
202.128
202.154
202.18
202.206
202.232
202.257
202.283
202.309
202.335
202.36
202.386
202.412
202.438
202.464
202.489
202.515
202.541
202.567
202.592
202.618
202.644
202.67
202.696
202.721
202.747
202.773
202.799
202.824
202.85
202.876
202.902
202.927
202.953
202.979
203.005
203.031
203.056
203.082
203.108
203.134
203.159
203.185
203.211
203.237
203.262
203.288
203.314
203.34
203.366
203.391
203.417
203.443
203.469
203.494
203.52
203.546
203.572
203.597
203.623
203.649
203.675
203.7
203.726
203.752
203.778
203.803
203.829
203.855
203.881
203.906
203.932
203.958
203.983
204.009
204.035
204.061
204.086
204.112
204.138
204.164
204.189
204.215
204.241
204.267
204.292
204.318
204.344
204.37
204.395
204.421
204.447
204.472
204.498
204.524
204.549
204.575
204.601
204.626
204.652
204.678
204.703
204.729
204.755
204.78
204.806
204.832
204.857
204.883
204.909
204.934
204.96
204.985
205.011
205.037
205.062
205.088
205.113
205.139
205.165
205.19
205.216
205.242
205.267
205.293
205.318
205.344
205.369
205.395
205.421
205.446
205.472
205.497
205.523
205.548
205.574
205.599
205.625
205.65
205.675
205.701
205.726
205.752
205.777
205.802
205.828
205.853
205.879
205.904
205.929
205.955
205.98
206.006
206.031
206.056
206.082
206.107
206.132
206.158
206.183
206.209
206.234
206.259
206.285
206.31
206.335
206.361
206.386
206.412
206.437
206.462
206.488
206.513
206.539
206.564
206.589
206.615
206.64
206.665
206.691
206.716
206.742
206.767
206.792
206.818
206.843
206.868
206.894
206.919
206.944
206.97
206.995
207.02
207.046
207.071
207.096
207.122
207.147
207.172
207.198
207.223
207.248
207.274
207.299
207.324
207.35
207.375
207.401
207.426
207.451
207.477
207.502
207.527
207.553
207.578
207.603
207.629
207.654
207.679
207.705
207.73
207.756
207.781
207.806
207.832
207.857
207.882
207.908
207.933
207.958
207.984
208.009
208.034
208.06
208.085
208.11
