4.40995
10.7215
31.2819
29.2603
27.9074
25.6934
22.7193
19.971
17.6095
16.0978
15.3036
15.2466
15.1466
15.0291
14.9506
14.9438
15.0081
15.1542
15.3705
15.6367
16.0218
16.4546
16.8937
17.3769
17.9221
18.4706
19.0034
19.5374
20.058
20.5367
20.9524
21.2648
21.4581
21.5365
21.5075
21.3863
21.181
20.9381
20.6767
20.4185
20.1779
19.9701
19.8064
19.6933
19.6297
19.6195
19.6506
19.7387
19.8044
19.8929
20.0371
20.2011
20.4002
20.5979
20.7717
20.9284
21.0659
21.1921
21.278
21.3477
21.3842
21.3922
21.3561
21.2895
21.1945
21.0782
20.9582
20.8313
20.7113
20.6069
20.5216
20.4646
20.4297
20.4143
20.4322
20.4634
20.5043
20.5711
20.6453
20.7199
20.8189
20.916
21.0106
21.1129
21.207
21.2657
21.3207
21.3652
21.3809
21.3721
21.3448
21.2892
21.2059
21.1119
21.008
20.9027
20.8032
20.7183
20.6559
20.6152
20.594
20.5901
20.6088
20.6463
20.7038
20.774
20.8445
20.9262
20.9987
21.0807
21.1591
21.2348
21.3009
21.3648
21.4107
21.4272
21.416
21.3842
21.3307
21.2601
21.1798
21.0984
21.0164
20.9402
20.8724
20.8144
20.7737
20.7524
20.75
20.7612
20.7841
20.816
20.8576
20.9009
20.9617
21.025
21.0933
21.1666
21.2332
21.2867
21.3224
21.3404
21.3446
21.3258
21.2882
21.2399
21.1803
21.1155
21.0488
20.991
20.9427
20.9069
20.8828
20.8726
20.8748
20.8842
20.9007
20.9169
20.9398
20.9696
21.003
21.0421
21.0782
21.1158
21.1512
21.1785
21.1998
21.2075
21.2098
21.2119
21.2094
21.2012
21.1914
21.1761
21.1579
21.1369
21.1096
21.0798
21.0484
21.0205
21.0011
20.9883
20.9801
20.9762
20.986
21.0044
21.0284
21.0483
21.0547
21.0593
21.0639
21.0763
21.0892
21.1052
21.123
21.1365
21.1507
21.1619
21.169
21.1644
21.1563
21.1468
21.1372
21.1194
21.098
21.0782
21.0618
21.0443
21.0305
21.0259
21.0274
21.0313
21.0418
21.0507
21.0579
21.0693
21.0825
21.0951
21.1055
21.1157
21.1291
21.1412
21.1456
21.1433
21.1383
21.1354
21.1345
21.1352
21.137
21.1336
21.1252
21.1151
21.1043
21.0923
21.0789
21.0693
21.0625
21.0592
21.0545
21.0572
21.0651
21.0757
21.0894
21.1095
21.1234
21.1321
21.14
21.1456
21.1474
21.146
21.1411
21.1314
21.1228
21.1103
21.0949
21.0869
21.0771
21.0656
21.0548
21.0416
21.0329
21.0254
21.0226
21.0211
21.0255
21.0341
21.0425
21.0519
21.0611
21.0675
21.0737
21.0801
21.0865
21.0949
21.1045
21.117
21.1286
21.1395
21.1439
21.1424
21.1374
21.1273
21.1113
21.0919
21.0739
21.0569
21.0431
21.0289
21.0176
21.0119
21.0124
21.0174
21.022
21.0329
21.0434
21.0565
21.0701
21.0822
21.0936
21.1026
21.1151
21.1246
21.1294
21.1334
21.1334
21.1295
21.1252
21.1191
21.1107
21.0995
21.0889
21.078
21.071
21.0608
21.0515
21.043
21.0348
21.0301
21.0252
21.0234
21.0295
21.0386
21.0503
21.0616
21.0724
21.0823
21.0944
21.1049
21.115
21.1231
21.1329
21.1431
21.1497
21.1516
21.1501
21.1426
21.1269
21.1108
21.0935
21.0775
21.0616
21.0482
21.0404
21.036
21.0316
21.0261
21.0249
21.029
21.0372
21.0497
21.0693
21.0896
21.1114
21.1326
21.1504
21.1717
21.1872
21.2008
21.2096
21.2092
21.2004
21.1906
21.1785
21.1643
21.1451
21.125
21.1028
21.0754
21.0468
21.0215
20.9994
20.9842
20.9751
20.9733
20.9767
20.9841
20.9961
21.0106
21.0284
21.0512
21.0777
21.1068
21.1326
21.1588
21.1794
21.1923
21.1974
21.1953
21.186
21.1717
21.152
21.1283
21.104
21.0813
21.0611
21.0439
21.0268
21.0117
21.0011
20.9937
20.9919
20.9948
21.0014
21.0143
21.0331
21.0542
21.0772
21.101
21.1251
21.1449
21.1602
21.172
21.1812
21.1876
21.1929
21.1928
21.1891
21.177
21.1581
21.1346
21.1093
21.0847
21.0624
21.0441
21.0305
21.0178
21.0121
21.0114
21.0153
21.0242
21.0377
21.056
21.0802
21.1045
21.1321
21.1551
21.1789
21.1975
21.2099
21.2121
21.2105
21.2034
21.1918
21.1762
21.1546
21.1315
21.1106
21.0925
21.0747
21.0613
21.0543
21.0496
21.0491
21.0519
21.0567
21.0686
21.0799
21.0959
21.1149
21.1311
21.147
21.1609
21.174
21.1858
21.1938
21.1992
21.1988
21.1928
21.1804
21.1671
21.1539
21.1404
21.1264
21.1168
21.1089
21.1015
21.0964
21.0924
21.0911
21.0939
21.0965
21.1041
21.1145
21.1192
21.1251
21.1286
21.1335
21.1418
21.1518
21.1652
21.1802
21.1893
21.1958
21.2
21.1995
21.1946
21.1872
21.1785
21.1669
21.1548
21.1465
21.1355
21.1269
21.1191
21.1097
21.1028
21.0991
21.097
21.093
21.0922
21.0967
21.1011
21.112
21.1274
21.1475
21.1689
21.1891
21.209
21.2243
21.2322
21.233
21.2281
21.2172
21.2095
21.1954
21.1808
21.1636
21.1458
21.1214
21.0975
21.0804
21.0698
21.0647
21.0643
21.0731
21.0876
21.1037
21.1186
21.1316
21.1433
21.1559
21.1689
21.1875
21.2088
21.2239
21.2324
21.2343
21.2296
21.2244
21.2159
21.205
21.1906
21.173
21.1545
21.1302
21.1092
21.0905
21.0744
21.0661
21.063
21.0683
21.0794
21.0951
21.1146
21.1353
21.1552
21.1741
21.1892
21.2033
21.2137
21.222
21.2267
21.2278
21.2254
21.2221
21.2116
21.1982
21.1868
21.1758
21.1639
21.1528
21.1408
21.1285
21.1183
21.1125
21.11
21.1115
21.1139
21.1197
21.1268
21.1391
21.157
21.1748
21.1899
21.2056
21.219
21.23
21.2335
21.2326
21.2315
21.2302
21.2323
21.231
21.2328
21.2309
21.2218
21.2058
21.1854
21.1641
21.1426
21.1213
21.101
21.0853
21.0747
21.0695
21.0703
21.0771
21.0892
21.1049
21.1271
21.1542
21.1824
21.2089
21.2332
21.2554
21.2721
21.2842
21.293
21.2939
21.2893
21.2812
21.2687
21.2486
21.2237
21.1979
21.1727
21.1512
21.1307
21.117
21.1127
21.1123
21.1173
21.126
21.1343
21.1436
21.1547
21.171
21.1874
21.1985
21.2023
21.2012
21.1977
21.1934
21.1864
21.1813
21.1769
21.1762
21.1759
21.1774
21.1805
21.185
21.1877
21.1936
21.1998
21.2047
21.2104
21.2144
21.2183
21.2196
21.2153
21.2113
21.2072
21.2018
21.1961
21.1922
21.1826
21.1727
21.1636
21.1558
21.1492
21.1474
21.151
21.1579
21.1681
21.1752
21.1848
21.1945
21.2027
21.215
21.231
21.2465
21.2529
21.254
21.248
21.236
21.2199
21.206
21.1929
21.1825
21.1711
21.1613
21.1539
21.1476
21.1439
21.1419
21.1425
21.1468
21.1526
21.1626
21.1735
21.1869
21.2041
21.2171
21.2274
21.2334
21.2317
21.2289
21.2253
21.2198
21.2149
21.2096
21.2054
21.1984
21.192
21.1836
21.1742
21.1648
21.1558
21.15
21.1481
21.1493
21.1542
21.1628
21.1741
21.1907
21.2062
21.2224
21.2365
21.2454
21.2493
21.2478
21.2398
21.2292
21.2172
21.2067
21.1957
21.1841
21.1736
21.1634
21.1528
21.1435
21.1376
21.138
21.142
21.1434
21.1439
21.1439
21.1456
21.149
21.1533
21.1615
21.1717
21.1855
21.1984
21.2124
21.2283
21.2473
21.2619
21.2703
21.2729
21.2696
21.2612
21.2476
21.2304
21.2151
21.1999
21.1854
21.1723
21.1619
21.1541
21.1467
21.1421
21.1386
21.1353
21.1311
21.1325
21.1375
21.1446
21.1537
21.1659
21.1828
21.2002
21.2152
21.2316
21.2464
21.2594
21.2679
21.271
21.2691
21.2575
21.2436
21.2264
21.211
21.194
21.1804
21.1672
21.1544
21.1451
21.135
21.1258
21.1174
21.1172
21.1208
21.1267
21.1364
21.1532
21.173
21.1947
21.2124
21.2329
21.2543
21.2706
21.2812
21.2805
21.272
21.2612
21.2447
21.228
21.209
21.1872
21.166
21.1472
21.1319
21.1228
21.1201
21.1234
21.1324
21.143
21.1541
21.165
21.1771
21.1942
21.2123
21.2294
21.2458
21.2588
21.2634
21.2623
21.2577
21.2491
21.2382
21.2251
21.2091
21.1918
21.1745
21.1589
21.149
21.1421
21.1375
21.1329
21.1286
21.1275
21.1297
21.1357
21.1441
21.1541
21.1679
21.1806
21.1977
21.2153
21.2301
21.2404
21.2494
21.2577
21.2607
21.2612
21.2599
21.2571
21.2528
21.2451
21.231
21.2154
21.2002
21.1849
21.1683
21.1523
21.1408
21.1327
21.1254
21.1301
21.1385
21.1456
21.1556
21.166
21.1735
21.1822
21.1909
21.2041
21.2185
21.2337
21.2519
21.2662
21.2752
21.2824
21.2827
21.2757
21.259
21.2384
21.2155
21.1925
21.1715
21.1531
21.1415
21.1304
21.1208
21.1158
21.1141
21.1173
21.1242
21.1363
21.1485
21.1652
21.1809
21.1946
21.2093
21.2264
21.2428
21.2622
21.2769
21.2862
21.2874
21.2843
21.2786
21.2669
21.2541
21.2384
21.2226
21.2048
21.1849
21.1648
21.1493
21.1357
21.1266
21.1198
21.1225
21.1261
21.132
21.139
21.1489
21.1598
21.1722
21.1885
21.2068
21.2273
21.2423
21.2558
21.2612
21.2622
21.2585
21.2536
21.2459
21.2378
21.2298
21.2219
21.2132
21.2039
21.1964
21.1885
21.1838
21.1798
21.1749
21.1689
21.1616
21.1538
21.1499
21.1497
21.1555
21.1669
21.1789
21.1932
21.2087
21.2179
21.2256
21.2289
21.2311
21.2306
21.2298
21.2303
21.2295
21.2273
21.2231
21.2173
21.2095
21.2032
21.1999
21.1964
21.1901
21.1821
21.1737
21.1658
21.1587
21.1555
21.1592
21.166
21.1749
21.1879
21.1985
21.2093
21.2166
21.2215
21.2252
21.2223
21.2171
21.2114
21.2054
21.2027
21.2015
21.1998
21.1982
21.1991
21.2
21.2035
21.2057
21.2066
21.2089
21.2064
21.2027
21.1992
21.1975
21.196
21.1957
21.1949
21.1939
21.1931
21.1965
21.1987
21.2003
21.2004
21.1988
21.2009
21.2018
21.2051
21.2055
21.2016
21.1952
21.1874
21.179
21.1727
21.1633
21.1578
21.1588
21.1638
21.1701
21.1762
21.1848
21.1961
21.2106
21.2256
21.2413
21.252
21.2562
21.2562
21.2534
21.2463
21.2381
21.2325
21.2299
21.2268
21.2208
21.2132
21.2029
21.1946
21.1854
21.1833
21.1824
21.181
21.1827
21.187
21.1917
21.1851
21.1781
21.1764
21.1811
21.1894
21.1966
21.2046
21.2101
21.2146
21.2175
21.2227
21.2276
21.2346
21.2429
21.2508
21.2562
21.2556
21.2501
21.2396
21.2256
21.2143
21.202
21.1917
21.1807
21.1735
21.1681
21.1632
21.159
21.1545
21.1526
21.1552
21.1569
21.1615
21.1685
21.1784
21.1886
21.199
21.2076
21.2145
21.2234
21.2284
21.2314
21.2371
21.2419
21.2441
21.245
21.2434
21.2404
21.24
21.236
21.2278
21.2172
21.2081
21.1975
21.1883
21.1749
21.1597
21.1446
21.1332
21.1218
21.1168
21.118
21.1258
21.1423
21.1624
21.1815
21.2025
21.2238
21.24
21.2555
21.2701
21.2827
21.2888
21.2921
21.2924
21.2859
21.2731
21.253
21.2325
21.2096
21.1895
21.1702
21.1546
21.1417
21.1302
21.125
21.1232
21.1254
21.1281
21.1377
21.1501
21.1628
21.1771
21.1892
21.2041
21.2193
21.2371
21.2533
21.2662
21.2774
21.2818
21.2895
21.2898
21.2838
21.2744
21.2574
21.2349
21.2103
21.1859
21.1635
21.1444
21.1299
21.1208
21.1129
21.1112
21.1124
21.1196
21.1314
21.1459
21.1641
21.184
21.2005
21.2177
21.2324
21.2448
21.2568
21.2652
21.2777
21.2857
21.2903
21.2861
21.277
21.2652
21.2501
21.234
21.2185
21.2022
21.1849
21.1684
21.1519
21.1383
21.128
21.1207
21.1192
21.121
21.1296
21.143
21.1636
21.1834
21.2034
21.2221
21.2404
21.2536
21.264
21.2719
21.2746
21.2744
21.2712
21.2668
21.2622
21.2532
21.2417
21.2271
21.2076
21.1861
21.1638
21.1415
21.126
21.1142
21.1072
21.1074
21.1095
21.1207
21.1365
21.1549
21.1758
21.1922
21.2082
21.2193
21.2284
21.2357
21.2391
21.239
21.2353
21.2333
21.2319
21.2287
21.2251
21.224
21.2239
21.224
21.2259
21.2227
21.2198
21.217
21.2111
21.2034
21.1915
21.1773
21.1635
21.153
21.1479
21.1485
21.1503
21.1556
21.1614
21.1693
21.176
21.1824
21.1931
21.2016
21.2128
21.2214
21.2252
21.2266
21.2257
21.2222
21.2174
21.2111
21.2092
21.2061
21.2025
21.2
21.2014
21.1999
21.1962
21.1902
21.1881
21.1883
21.1885
21.1889
21.1916
21.1937
21.198
21.2014
21.2061
21.2115
21.2145
21.215
21.2118
21.2071
21.2008
21.1914
21.1843
21.1786
21.175
21.172
21.1694
21.1681
21.1713
21.1786
21.1847
21.1917
21.1971
21.2068
21.2185
21.2337
21.2446
21.249
21.249
21.2445
21.2384
21.2293
21.2151
21.2005
21.1867
21.1742
21.1644
21.1563
21.1522
21.1516
21.1526
21.1541
21.153
21.1519
21.157
21.1626
21.175
21.1886
21.2029
21.2158
21.2261
21.2334
21.2379
21.2415
21.243
21.2421
21.2399
21.2339
21.2239
21.2139
21.2009
21.1924
21.1845
21.1773
21.17
21.1616
21.156
21.152
21.1522
21.1528
21.1566
21.1625
21.169
21.1771
21.1848
21.1916
21.1994
21.208
21.2198
21.2315
21.2443
21.2551
21.2632
21.2699
21.2726
21.2716
21.2712
21.2648
21.2579
21.2461
21.2329
21.2155
21.1948
21.1754
21.1571
21.1385
21.1201
21.1064
21.0958
21.0917
21.0927
21.1001
21.1126
21.1272
21.1461
21.1669
21.1902
21.2153
21.242
21.2654
21.2804
21.2898
21.293
21.2869
21.2751
21.2612
21.2456
21.2296
21.2126
21.1935
21.1748
21.1582
21.1415
21.1294
21.124
21.1247
21.1303
21.1415
21.1529
21.1603
21.1685
21.1785
21.1919
21.2082
21.2237
21.2373
21.2461
21.248
21.2421
21.2336
21.224
21.2144
21.2062
21.1978
21.1914
21.1887
21.1908
21.1914
21.191
21.1886
21.1872
21.1864
21.1861
21.1853
21.1892
21.1934
21.2009
21.2069
21.2107
21.2133
21.2147
21.2153
21.2149
21.2124
21.2102
21.2077
21.2046
21.2018
21.1959
21.1929
21.1901
21.1905
21.1913
21.1916
21.1931
21.1928
21.194
21.1934
21.193
21.1959
21.2011
21.2092
21.2175
21.2228
21.225
21.2249
21.2278
21.2313
21.2358
21.2326
21.2274
21.222
21.2163
21.2082
21.1977
21.1885
21.1799
21.1751
21.1707
21.1696
21.1728
21.1773
21.187
21.1939
21.1993
21.2065
21.2101
21.2118
21.2087
21.2058
21.2
21.1954
21.1946
21.1954
21.194
21.1973
21.2003
21.2025
21.2099
21.2156
21.2192
21.2179
21.2141
21.2057
21.196
21.1852
21.1738
21.1638
21.1581
21.1543
21.1523
21.1532
21.1583
21.1608
21.1665
21.1765
21.1898
21.2033
21.2148
21.2249
21.2343
21.238
21.2477
21.2559
21.2599
21.2587
21.2517
21.2429
21.2286
21.2137
21.1982
21.1842
21.1753
21.1663
21.1589
21.1494
21.1428
21.1415
21.1441
21.1522
21.162
21.1715
21.1814
21.1914
21.2055
21.2181
21.2299
21.2417
21.2521
21.261
21.2659
21.2665
21.2583
21.2453
21.2282
21.2074
21.1853
21.1662
21.148
21.1318
21.1196
21.1144
21.1164
21.119
21.1239
21.1324
21.1465
21.1617
21.1765
21.1998
21.2214
21.2419
21.2627
21.2816
21.2941
21.2935
21.2862
21.2725
21.2549
21.2376
21.2196
21.1984
21.18
21.1668
21.1566
21.1497
21.1441
21.1389
21.1345
21.1325
21.1358
21.1447
21.1595
21.1744
21.1931
21.2118
21.2278
21.2436
21.2561
21.2685
21.2769
21.2827
21.2825
21.277
21.2707
21.2589
21.2442
21.2266
21.2088
21.1918
21.175
21.1599
21.144
21.1317
21.1249
21.1216
21.1244
21.1301
21.141
21.1525
21.165
21.1775
21.1929
21.2126
21.2374
21.2641
21.2865
21.2969
21.2966
21.2869
21.2706
21.2505
21.2294
21.2096
21.1918
21.1768
21.1678
21.1622
21.1606
21.1614
21.1625
21.1661
21.1712
21.1773
21.1889
21.202
21.2189
21.2281
21.2305
21.2271
21.2181
21.2101
21.2082
21.2047
21.2041
21.2064
21.2084
21.2081
21.2049
21.2036
21.2036
21.2013
21.1993
21.1977
21.1954
21.1964
21.2007
21.2016
21.205
21.2106
21.2146
21.2158
21.2178
21.2152
21.2101
21.2042
21.196
21.1907
21.1867
21.1836
21.1818
21.1838
21.1874
21.193
21.1976
21.2036
21.2121
21.2219
21.2296
21.2343
21.2384
21.2444
21.2464
21.2493
21.251
21.2552
21.2517
21.2458
21.236
21.2249
21.2105
21.1959
21.1798
21.1716
21.1644
21.1571
21.1536
21.1551
21.1591
21.1626
21.1702
21.181
21.1926
21.2052
21.2204
21.2299
21.2346
21.2348
21.2322
21.2262
21.2216
21.2206
21.2211
21.2208
21.2197
21.218
21.2166
21.2145
21.2118
21.2071
21.2049
21.2058
21.2057
21.2042
21.2004
21.1918
21.1859
21.1796
21.1749
21.1702
21.1684
21.1678
21.1727
21.1827
21.1931
21.2046
21.2117
21.2146
21.2176
21.2189
21.2189
21.2182
21.2199
21.2234
21.2261
21.2284
21.2308
21.2308
21.227
21.2203
21.2103
21.1961
21.1835
21.1737
21.1711
21.1745
21.1812
21.1891
21.1966
21.208
21.219
21.2267
21.2338
21.24
21.2437
21.2416
21.2329
21.2254
21.2188
21.2149
21.2127
21.2122
21.2148
21.2183
21.2189
21.218
21.2191
21.2172
21.2112
21.2046
21.1997
21.1935
21.1899
21.188
21.1847
21.1834
21.1843
21.189
21.1927
21.1965
21.2005
21.2068
21.2099
21.2104
21.2108
21.2113
21.2133
21.2136
21.2136
21.2155
21.2172
21.2179
21.2172
21.2114
21.2006
21.1909
21.181
21.1723
21.1674
21.1655
21.1694
21.1758
21.1884
21.2038
21.2207
21.2333
21.2423
21.2477
21.2491
21.25
21.2539
21.2555
21.254
21.2496
21.2414
21.2269
21.2088
21.1905
21.1736
21.1582
21.149
21.1436
21.1428
21.146
21.1524
21.1636
21.1776
21.1931
21.2095
21.2242
21.2336
21.2393
21.2369
21.231
21.222
21.2159
21.2109
21.2055
21.2018
21.2025
21.2024
21.2018
21.1956
21.188
21.1803
21.1754
21.1709
21.1701
21.1703
21.1732
21.1812
21.193
21.205
21.2198
21.2311
21.2404
21.2471
21.2491
21.2436
21.237
21.2276
21.2144
21.2036
21.1928
21.1839
21.1759
21.17
21.1649
21.1656
21.1669
21.1685
21.1691
21.1733
21.179
21.188
21.1978
21.2038
21.2055
21.2065
21.208
21.2094
21.2158
21.2238
21.2322
21.2417
21.2483
21.2516
21.2516
21.2516
21.248
21.244
21.2377
21.225
21.2123
21.1984
21.1847
21.1734
21.1602
21.1508
21.1444
21.1452
21.1513
21.1616
21.1721
21.1822
21.1919
21.206
21.2218
21.2363
21.2441
21.2443
21.244
21.2416
21.238
21.233
21.2293
21.2242
21.2156
21.2059
21.1924
21.1803
21.1681
21.1563
21.1448
21.1389
21.1375
21.1388
21.1423
21.1495
21.159
21.1706
21.1846
21.205
21.2277
21.2482
21.2692
21.2848
21.2919
21.2892
21.2835
21.2737
21.2629
21.2557
21.2449
21.2319
21.2137
21.1921
21.1691
21.1476
21.1301
21.1181
21.1121
21.1093
21.1151
21.1258
21.1405
21.1579
21.1803
21.21
21.2358
21.2599
21.2789
21.2935
21.3021
21.305
21.3073
21.3059
21.302
21.2951
21.2802
21.2558
21.2302
21.2043
21.1778
21.1507
21.1311
21.1189
21.1138
21.1159
21.1201
21.1279
21.1384
21.1498
21.164
21.1789
21.1921
21.2061
21.2173
21.2243
21.2337
21.244
21.2503
21.258
21.2653
21.2667
21.2664
21.2633
21.2557
21.2415
21.2243
21.2066
21.1925
21.1774
21.1661
21.1575
21.1539
21.1546
21.1558
21.1575
21.1575
21.1627
21.1698
21.1789
21.1941
21.2076
21.2209
21.2339
21.2472
21.2555
21.2582
21.2578
21.2537
21.2474
21.2416
21.2306
21.2219
21.2137
21.2065
21.1998
21.1955
21.1912
21.1909
21.183
21.1778
21.1757
21.1754
21.1798
21.1849
21.1921
21.1982
21.2043
21.2115
21.219
21.2264
21.2314
21.2357
21.239
21.2383
21.2353
21.2327
21.2294
21.2217
21.2169
21.2142
21.2133
21.212
21.2084
21.2044
21.1993
21.1924
21.1847
21.1794
21.1776
21.1765
21.1742
21.1775
21.1837
21.1926
21.2028
21.2122
21.2199
21.2226
21.2219
21.2226
21.2294
21.2318
21.2309
21.229
21.2229
21.2154
21.205
21.1948
21.1848
21.1736
21.165
21.1614
21.1624
21.1684
21.1754
21.1782
21.1802
21.1821
21.1825
21.1866
21.1914
21.197
21.2007
21.2079
21.2155
21.2194
21.2225
21.2278
21.2305
21.2376
21.2418
21.2426
21.2402
21.2323
21.2261
21.2213
21.2159
21.2133
21.2131
21.2088
21.2035
21.1974
21.192
21.1903
21.1846
21.1777
21.175
21.1708
21.1643
21.1597
21.156
21.1567
21.1586
21.1659
21.1733
21.178
21.189
21.1994
21.2105
21.223
21.2337
21.24
21.2413
21.2426
21.2449
21.2464
21.2476
21.2428
21.2346
21.2235
21.207
21.1868
21.1667
21.1446
21.1284
21.1204
21.1143
21.1106
21.1057
21.1049
21.1091
21.1157
21.1254
21.1373
21.1523
21.1657
21.1763
21.1846
21.1908
21.1947
21.1995
21.2051
21.2082
21.2084
21.2067
21.2027
21.1926
21.1791
21.1653
21.1506
21.1358
21.1243
21.1111
21.1033
21.1002
21.1009
21.1092
21.1154
21.1237
21.1338
21.1451
21.1599
21.1732
21.1842
21.1922
21.2021
21.2096
21.2154
21.2162
21.2152
21.2088
21.2034
21.1957
21.1873
21.179
21.1671
21.1571
21.1489
21.1436
21.1382
21.1362
21.1337
21.1315
21.1304
21.1303
21.1317
21.1314
21.1313
21.134
21.1387
21.1454
21.1529
21.1667
21.179
21.1924
21.2051
21.2114
21.2181
21.2223
21.2236
21.2232
21.2222
21.2218
21.2201
21.2175
21.2133
21.205
21.1935
21.1799
21.166
21.1542
21.1419
21.1322
21.1281
21.133
21.1375
21.1458
21.1587
21.1739
21.188
21.1991
21.2055
21.2052
21.2055
21.2031
21.1994
21.1972
21.1948
21.1929
21.1929
21.1936
21.19
21.1851
21.1779
21.1732
21.1665
21.1606
21.1543
21.1521
21.1536
21.1552
21.1619
21.166
21.169
21.1725
21.1785
21.1879
21.1973
21.2065
21.2157
21.2248
21.2306
21.2336
21.235
21.2329
21.2298
21.2256
21.2176
21.2044
21.1902
21.181
21.1699
21.1604
21.1506
21.144
21.1382
21.135
21.1339
21.1333
21.1339
21.1364
21.1465
21.1601
21.1786
21.2002
21.2179
21.2297
21.2359
21.2384
21.2398
21.2373
21.2382
21.2423
21.2382
21.2297
21.2158
21.1962
21.1754
21.1571
21.1388
21.127
21.1188
21.1158
21.1169
21.1223
21.1312
21.1442
21.1634
21.1835
21.2079
21.2301
21.2462
21.2579
21.267
21.2721
21.2736
21.2767
21.2721
21.2596
21.2469
21.2285
21.208
21.1857
21.1613
21.1382
21.1181
21.1028
21.093
21.0922
21.0985
21.1098
21.1255
21.1416
21.1609
21.1773
21.1937
21.2137
21.2318
21.2508
21.2653
21.2721
21.2722
21.263
21.2514
21.2378
21.2256
21.2127
21.2005
21.191
21.182
21.1741
21.1697
21.1657
21.1615
21.1601
21.16
21.16
21.1592
21.158
21.1573
21.1587
21.1649
21.1717
21.1798
21.1859
21.1926
21.202
21.2111
21.2224
21.2285
21.2277
21.2215
21.2134
21.2039
21.1966
21.1911
21.1866
21.182
21.1777
21.1755
21.1758
21.1795
21.1896
21.2009
21.2118
21.2207
21.2256
21.225
21.2176
21.2083
21.2011
21.1971
21.1961
21.1964
21.1949
21.1941
21.193
21.193
21.1915
21.1909
21.1894
21.1891
21.1903
21.1941
21.2013
21.2074
21.2112
21.2119
21.2091
21.2051
21.2011
21.1974
21.1944
21.191
21.188
21.1843
21.1813
21.1806
21.1787
21.1796
21.1813
21.1843
21.1888
21.1962
21.2037
21.209
21.2107
21.2077
21.2026
21.2001
21.1982
21.1994
21.2012
21.2024
21.2034
21.2063
21.2044
21.2025
21.1968
21.1909
21.1883
21.1881
21.186
21.1868
21.1898
21.1962
21.2036
21.2123
21.2175
21.2215
21.2203
21.215
21.2097
21.202
21.195
21.1894
21.1866
21.1849
21.1858
21.1906
21.1944
21.1964
21.1989
21.2014
21.203
21.203
21.2043
21.2073
21.2132
21.2209
21.2247
21.2281
21.2294
21.2238
21.211
21.1952
21.1815
21.1707
21.1631
21.1604
21.1626
21.1678
21.1764
21.1849
21.195
21.2031
21.2118
21.217
21.2217
21.2267
21.2252
21.2213
21.2202
21.2169
21.2129
21.2117
21.2137
21.221
21.2265
21.2257
21.2186
21.2049
21.1909
21.181
21.1682
21.1581
21.1502
21.1425
21.1337
21.1309
21.1302
21.1336
21.1398
21.1494
21.1676
21.1837
21.2003
21.215
21.223
21.2263
21.2298
21.233
21.2392
21.2481
21.2523
21.2523
21.2494
21.2421
21.2349
21.2284
21.2175
21.2037
21.1904
21.1784
21.168
21.161
21.1588
21.1582
21.1577
21.1561
21.1534
21.1536
21.1592
21.1691
21.1808
21.1953
21.2089
21.2183
21.2258
21.2352
21.2445
21.2517
21.2543
21.2498
21.2417
21.2288
21.2173
21.2072
21.1991
21.1918
21.1814
21.1726
21.1651
21.1594
21.1599
21.1645
21.1715
21.1778
21.1811
21.1856
21.188
21.1939
21.2024
21.2159
21.2324
21.2468
21.2594
21.2657
21.2658
21.2612
21.2526
21.2418
21.2297
21.2171
21.2045
21.1909
21.179
21.1717
21.1648
21.1614
21.1572
21.1556
21.1546
21.1547
21.1616
21.1701
21.1813
21.192
21.2035
21.2142
21.2247
21.2342
21.2398
21.2425
21.2446
21.241
21.2343
21.2257
21.2142
21.2011
21.1901
21.1838
21.1817
21.1825
21.1845
21.1917
21.204
21.2137
21.2194
21.2197
21.2135
21.2086
21.203
21.2022
21.2007
21.2003
21.2007
21.1978
21.1946
21.1884
21.1835
21.181
21.1808
21.1817
21.1821
21.1828
21.1835
21.1851
21.1888
21.197
21.2037
21.2118
21.2221
21.2304
21.2396
21.2452
21.2449
21.2393
21.2274
21.2154
21.2031
21.191
21.1809
21.1731
21.1669
21.1677
21.1651
21.1656
21.1689
21.1735
21.18
21.1831
21.1907
21.1967
21.2031
21.2126
21.2221
21.2319
21.2364
21.2422
21.2425
21.2393
21.2318
21.2241
21.2153
21.2074
21.1961
21.1883
21.1819
21.1753
21.1736
21.1768
21.1831
21.1903
21.197
21.2001
21.2034
21.2052
21.2054
21.2022
21.1969
21.1887
21.1795
21.1706
21.1647
21.1633
21.1662
21.17
21.1756
21.1787
21.1814
21.1851
21.1983
21.2115
21.2255
21.2368
21.2439
21.2464
21.2446
21.2381
21.2293
21.2213
21.2116
21.2032
21.1978
21.1875
21.1786
21.1704
21.1618
21.1572
21.1552
21.1545
21.1539
21.1557
21.1585
21.162
21.1682
21.1798
21.1925
21.2034
21.2118
21.2133
21.2132
21.2109
21.2086
21.2085
21.2096
21.2128
21.2188
21.223
21.2258
21.2237
21.2227
21.2217
21.2204
21.2149
21.2062
21.1953
21.1856
21.1784
21.1725
21.1664
21.1632
21.1636
21.1677
21.1729
21.1789
21.1832
21.1898
21.1986
21.2074
21.2173
21.2296
21.234
21.2398
21.2474
21.2495
21.2428
21.2335
21.2236
21.2135
21.2032
21.1904
21.1724
21.1543
21.1401
21.13
21.1242
21.1225
21.1273
21.1369
21.1493
21.1633
21.1807
21.1954
21.2149
21.2294
21.2424
21.2515
21.2592
21.2647
21.2656
21.2658
21.2601
21.2529
21.2442
21.2321
21.2167
21.2028
21.1904
21.1781
21.1675
21.1569
21.1502
21.1466
21.1458
21.1475
21.1544
21.1635
21.1726
21.1833
21.1935
21.2034
21.2144
21.2254
21.2379
21.2471
21.2502
21.2467
21.2412
21.234
21.2255
21.2155
21.2061
21.1974
21.1861
21.1778
21.1721
21.1644
21.161
21.1619
21.1674
21.1736
21.1785
21.182
21.1828
21.1854
21.1908
21.2021
21.2183
21.2385
21.2596
21.2771
21.2849
21.2833
21.2767
21.2597
21.2455
21.2309
21.216
21.2012
21.1823
21.166
21.1541
21.1475
21.147
21.1503
21.1549
21.161
21.1663
21.1714
21.1767
21.1869
21.193
21.203
21.2158
21.2277
21.2392
21.247
21.2488
21.2468
21.2409
21.2324
21.2233
21.2163
21.2101
21.2004
21.1882
21.1791
21.1698
21.1608
21.155
21.1525
21.1562
21.1599
21.1653
21.1763
21.1881
21.2047
21.2234
21.2396
21.2584
21.2747
21.2873
21.2982
21.3037
21.3046
21.298
21.2793
21.2546
21.2271
21.2066
21.1845
21.1634
21.1432
21.1269
21.1135
21.0999
21.0891
21.0823
21.0828
21.0866
21.0986
21.1224
21.151
21.183
21.2128
21.2403
21.2633
21.2825
21.2959
21.3028
21.303
21.2967
21.2857
21.2711
21.253
21.2362
21.2172
21.1965
21.1767
21.1604
21.1477
21.1382
21.1304
21.126
21.1231
21.1276
21.1334
21.1462
21.1637
21.1825
21.2032
21.2242
21.2464
21.2649
21.2766
21.2809
21.2777
21.2761
21.2728
21.2686
21.2595
21.246
21.2307
21.2153
21.1963
21.1778
21.1589
21.1438
21.1325
21.1265
21.1264
21.1317
21.1397
21.1517
21.169
21.1874
21.2103
21.2327
21.2524
21.2675
21.2757
21.2727
21.2683
21.2588
21.2485
21.2374
21.2267
21.2158
21.2033
21.1894
21.1816
21.1741
21.168
21.1616
21.159
21.1586
21.1574
21.1611
21.1683
21.1758
21.1844
21.1884
21.1902
21.1961
21.2009
21.2055
21.2139
21.2229
21.2313
21.2354
21.2387
21.2398
21.2387
21.2348
21.2321
21.2287
21.2281
21.226
21.223
21.2238
21.2195
21.2116
21.2002
21.1881
21.1747
21.1649
21.1563
21.1488
21.1456
21.1433
21.1448
21.1512
21.1624
21.175
21.1889
21.2025
21.2151
21.2253
21.2351
21.243
21.243
21.244
21.2462
21.2438
21.2408
21.2363
21.2347
21.2293
21.221
21.2098
21.1966
21.1841
21.1695
21.1558
21.1452
21.1398
21.1378
21.1402
21.1417
21.1464
21.1538
21.1638
21.1741
21.1867
21.2028
21.2161
21.2292
21.2402
21.2453
21.2479
21.2471
21.2421
21.2319
21.2196
21.2052
21.1937
21.1827
21.1736
21.1673
21.1657
21.1662
21.1683
21.1713
21.1744
21.1776
21.1854
21.1958
21.209
21.2216
21.2327
21.2401
21.2448
21.2453
21.2445
21.2369
21.2278
21.2195
21.2116
21.1999
21.1873
21.173
21.1629
21.1548
21.1514
21.1529
21.1558
21.1569
21.1641
21.1758
21.1846
21.1936
21.2009
21.2128
21.2272
21.2398
21.2498
21.2569
21.262
21.2616
21.2567
21.2495
21.2406
21.2289
21.2144
21.1979
21.1812
21.164
21.1505
21.1413
21.1358
21.1354
21.1401
21.1483
21.1561
21.1626
21.1727
21.1851
21.198
21.2147
21.2329
21.2486
21.2605
21.27
21.2739
21.2761
21.2742
21.2699
21.2635
21.2532
21.2385
21.2206
21.2004
21.1789
21.161
21.1521
21.1471
21.1421
21.1375
21.1378
21.1395
21.1477
21.1605
21.1736
21.1872
21.2003
21.2081
21.2142
21.2238
21.2354
21.2443
21.2482
21.2482
21.2481
21.2496
21.2475
21.246
21.2473
21.2483
21.2505
21.2534
21.2524
21.2479
21.246
21.2469
21.247
21.2546
21.2598
21.2679
21.2811
21.2922
21.3014
21.3102
21.3155
21.32
21.3285
21.3369
21.3457
21.3601
21.3755
21.3864
21.3951
21.4083
21.4211
21.4314
21.4381
21.4411
21.4439
21.4443
21.4432
21.4457
21.4511
21.4608
21.4704
21.4827
21.4949
21.5044
21.5145
21.5245
21.5353
21.5546
21.5759
21.5964
21.6307
21.6716
21.7151
21.7576
21.7917
21.8251
21.8604
21.8933
21.9256
21.9597
21.9934
22.0311
22.0748
22.1279
22.185
22.2475
22.3156
22.3843
22.4683
22.5505
22.626
22.7237
22.8401
22.9595
23.0579
23.1642
23.2682
23.3731
23.4717
23.6003
23.7373
23.8845
24.0267
24.1708
24.3093
24.4563
24.6198
24.8047
25.0267
25.2797
25.4995
25.7566
26.0128
26.2656
26.5115
26.756
27.0123
27.2837
27.557
27.8353
28.0892
28.2938
28.4973
28.7109
28.9443
29.1776
29.4523
29.7795
30.0616
30.1735
30.3601
30.6625
31.0689
31.494
31.9941
32.375
32.5217
32.5909
32.6565
32.7597
32.9432
33.2438
33.6407
33.3043
