4.10155
6.22925
12.5866
12.1827
11.9655
11.6411
10.6427
9.23368
8.95928
8.73066
8.7234
8.74986
8.7783
8.75751
8.69055
8.5946
8.48222
8.42868
8.37538
8.25956
8.1321
8.03444
7.90121
7.77329
7.65151
7.54939
7.45694
7.36331
7.26557
7.17531
7.09216
7.01367
6.94365
6.88537
6.76849
6.70235
6.65401
6.61826
6.58719
6.51873
6.47554
6.45367
6.44163
6.44902
6.45682
6.47273
6.48852
6.5066
6.52508
6.55868
6.59399
6.6224
6.67397
6.72789
6.79625
6.87419
6.91256
6.93593
6.99904
7.07803
7.15798
7.22929
7.30684
7.3527
7.40265
7.47619
7.5449
7.61037
7.66426
7.71587
7.76628
7.81591
7.86234
7.90893
7.95708
7.99159
8.02271
8.04902
8.06173
8.05658
8.05323
8.05046
8.06394
8.07691
8.09031
8.09805
8.10055
8.10465
8.11259
8.11804
8.12328
8.12162
8.11507
8.10025
8.08452
8.05513
8.02513
8.00138
7.97903
7.95575
7.93629
7.92049
7.89717
7.86913
7.84674
7.82413
7.8023
7.7829
7.76929
7.75101
7.73808
7.72886
7.70632
7.70558
7.70823
7.71324
7.71985
7.73545
7.7529
7.76502
7.77995
7.79587
7.82032
7.84138
7.86233
7.87799
7.89081
7.88511
7.88155
7.89147
7.90881
7.91612
7.92971
7.94461
7.96255
7.98077
8.00512
8.0281
8.0498
8.06635
8.0798
8.0897
8.10071
8.11136
8.10963
8.10908
8.11287
8.11669
8.11588
8.11615
8.11631
8.11443
8.11157
8.11022
8.10973
8.10569
8.10509
8.10064
8.0842
8.07776
8.06774
8.0594
8.05661
8.05608
8.04997
8.03637
8.02151
8.00735
7.99692
7.98887
7.98313
7.97668
7.97172
7.97065
7.97135
7.97054
7.9708
7.97538
7.97784
7.98112
7.98566
7.99005
7.99696
8.00174
8.0096
8.01541
8.0229
8.0278
8.0357
8.04194
8.03198
8.02702
8.02402
8.02292
8.01896
8.01111
8.00419
8.00011
7.99399
7.99036
7.98662
7.98204
7.98149
7.97782
7.97114
7.96641
7.96234
7.95626
7.94935
7.94173
7.9353
7.92847
7.92025
7.91101
7.90067
7.89453
7.89599
7.89826
7.90091
7.90469
7.90909
7.91646
7.92451
7.93582
7.94781
7.96265
7.97521
7.98886
8.00394
8.01771
8.04061
8.05324
8.0639
8.07062
8.07605
8.06756
8.06434
8.05997
8.05528
8.05244
8.04654
8.04489
8.04306
8.04777
8.04965
8.05166
8.0533
8.0518
8.04901
8.04824
8.03801
8.03919
8.03208
8.0258
8.01989
8.01714
8.01473
8.00813
8.00397
7.99272
7.98067
7.97068
7.96588
7.95708
7.96129
7.96044
7.96408
7.96686
7.97525
7.9801
7.98003
7.97766
7.97777
7.97454
7.97188
7.97157
7.96439
7.96182
7.96051
7.9606
7.96255
7.96506
7.96621
7.96892
7.97155
7.97686
7.98322
7.98888
7.99225
7.99895
7.99495
7.99467
7.9951
7.98968
7.98296
7.98015
7.97938
7.98139
7.98257
7.98569
7.99063
7.9969
8.00315
8.00641
8.00375
8.00052
7.985
7.98134
7.98294
7.97379
7.96452
7.96547
7.96639
7.96656
7.96579
7.96675
7.96603
7.96675
7.96543
7.96387
7.96294
7.96182
7.96094
7.95614
7.95154
7.94948
7.94726
7.94482
7.94398
7.94306
7.94451
7.94236
7.94003
7.94213
7.94379
7.9463
7.94991
7.95252
7.95801
7.96116
7.96225
7.95812
7.94998
7.948
7.95425
7.96243
7.97262
7.98339
7.97901
7.98307
7.98751
7.99428
7.99867
8.01029
8.02343
8.02793
8.03343
8.03629
8.03149
8.02327
8.02137
8.02535
8.02431
8.02342
8.02246
8.02081
8.01899
8.01605
8.0138
8.01088
8.00867
7.99889
7.99288
7.97774
7.96708
7.96479
7.96483
7.96549
7.96637
7.96592
7.96836
7.97232
7.97621
7.97618
7.9812
7.98567
7.9908
7.99549
8.00079
8.00609
8.0091
8.01738
8.02448
8.02758
8.0305
8.03696
8.04312
8.04924
8.0611
8.0698
8.07729
8.08376
8.09233
8.09889
8.10486
8.11012
8.11616
8.12242
8.12719
8.13118
8.13333
8.13853
8.14255
8.14598
8.14827
8.14627
8.14236
8.13797
8.13366
8.12914
8.12753
8.13155
8.13351
8.13726
8.14198
8.14347
8.12782
8.11926
8.11205
8.10487
8.09616
8.09218
8.08672
8.08299
8.07932
8.07483
8.07111
8.06903
8.06793
8.06716
8.06867
8.07116
8.07553
8.08129
8.08725
8.09188
8.09689
8.0939
8.07873
8.07372
8.07047
8.06695
8.0586
8.06004
8.06192
8.06142
8.05864
8.05131
8.04408
8.03429
8.02061
8.00806
7.99419
7.98201
7.9742
7.96562
7.9595
7.95344
7.95185
7.95228
7.95323
7.95574
7.96216
7.96864
7.97625
7.98542
7.9821
7.98073
7.98006
7.98365
7.98741
7.99234
7.99819
8.00414
8.01133
8.01413
8.02046
8.02678
8.03201
8.03675
8.04041
8.04593
8.0523
8.05739
8.06389
8.06961
8.06928
8.07667
8.08077
8.08797
8.0923
8.0976
8.10025
8.10305
8.1055
8.10563
8.10119
8.09796
8.09694
8.09164
8.09033
8.09042
8.09096
8.09462
8.09774
8.10116
8.10428
8.10891
8.11382
8.11804
8.12173
8.12427
8.12478
8.12416
8.12343
8.12412
8.12522
8.12431
8.12477
8.12588
8.12733
8.1288
8.12961
8.1291
8.1283
8.12556
8.12324
8.11883
8.11776
8.11666
8.11589
8.11515
8.11445
8.11298
8.11087
8.10864
8.1053
8.10142
8.09909
8.09632
8.09496
8.09368
8.0881
8.08346
8.07791
8.07526
8.07364
8.07393
8.07238
8.07049
8.06755
8.0671
8.06542
8.06407
8.05535
8.05581
8.05677
8.05867
8.05687
8.06254
8.06761
8.07322
8.07999
8.08628
8.08917
8.09346
8.09939
8.10299
8.09723
8.09061
8.0884
8.08724
8.08524
8.08272
8.07914
8.07798
8.07596
8.07517
8.07325
8.07022
8.0735
8.07526
8.07906
8.08592
8.09064
8.09538
8.09819
8.09693
8.09576
8.09602
8.09792
8.09974
8.09972
8.09963
8.10023
8.10169
8.10236
8.10392
8.10447
8.10659
8.10863
8.1092
8.11116
8.11052
8.11065
8.1103
8.10999
8.11055
8.11353
8.11381
8.11117
8.103
8.09589
8.08948
8.08619
8.08127
8.07679
8.07278
8.06834
8.06391
8.05847
8.04824
8.03822
8.02839
8.02011
8.01236
8.00571
7.99347
7.98441
7.97581
7.96711
7.95831
7.95067
7.94316
7.93503
7.92905
7.92237
7.91374
7.90658
7.90916
7.90866
7.9097
7.91212
7.9194
7.92585
7.93418
7.94361
7.95269
7.96443
7.97552
7.98127
7.98339
7.98589
7.98453
7.98441
7.98314
7.98607
7.99091
7.99662
8.00237
8.00126
8.00045
7.99804
7.99578
7.99757
8.00053
7.99826
7.99955
8.0049
8.01411
8.01113
8.01087
8.00948
8.00759
8.00843
8.01395
8.01743
8.0187
8.01851
8.01549
8.01421
8.01595
8.01762
8.01855
8.01893
8.01783
8.01655
8.01514
8.00672
7.99476
7.98909
7.98489
7.98348
7.96966
7.96726
7.9636
7.94974
7.93189
7.9223
7.91672
7.91014
7.90339
7.89596
7.88932
7.88523
7.88011
7.87672
7.87449
7.87295
7.87258
7.87342
7.8728
7.86819
7.86392
7.86183
7.86127
7.85972
7.85559
7.85462
7.85198
7.85074
7.84766
7.84634
7.84466
7.84439
7.8464
7.84923
7.84984
7.85156
7.85254
7.85393
7.85499
7.85704
7.85854
7.85833
7.85786
7.85629
7.85208
7.85544
7.85995
7.86307
7.86595
7.86798
7.85904
7.85816
7.86071
7.86472
7.86816
7.86171
7.85325
7.84487
7.83819
7.83212
7.83065
7.82965
7.8377
7.8425
7.8474
7.84738
7.84653
7.85139
7.85814
7.8648
7.86778
7.87203
7.87313
7.87392
7.87412
7.87267
7.87245
7.87468
7.87777
7.87911
7.87958
7.88176
7.88668
7.89113
7.89491
7.89646
7.89613
7.89534
7.88712
7.89094
7.88965
7.88953
7.88939
7.88822
7.88856
7.88706
7.88749
7.88881
7.891
7.89395
7.89674
7.90124
7.90757
7.9147
7.9227
7.9284
7.93045
7.93065
7.93102
7.9191
7.91529
7.91805
7.92079
7.9216
7.92344
7.92071
7.92189
7.92491
7.9242
7.91935
7.91442
7.90927
7.90301
7.89675
7.89347
7.89028
7.88853
7.88908
7.88989
7.88871
7.88979
7.89116
7.8933
7.89115
7.89097
7.89015
7.89229
7.89027
7.89196
7.89161
7.89153
7.89085
7.89347
7.89492
7.89616
7.89672
7.89552
7.8968
7.89507
7.89779
7.8971
7.89636
7.89396
7.89288
7.89411
7.89376
7.89285
7.89128
7.88742
7.88449
7.88231
7.87689
7.87354
7.87164
7.87184
7.87293
7.87401
7.87749
7.87565
7.87395
7.86989
7.86751
7.86443
7.86286
7.86174
7.86061
7.85979
7.8611
7.86202
7.86316
7.86481
7.86044
7.85586
7.85172
7.84847
7.84472
7.8489
7.85383
7.85976
7.86534
7.87145
7.87582
7.87933
7.88252
7.88386
7.885
7.88692
7.8842
7.88194
7.87749
7.87088
7.86481
7.85868
7.85323
7.8479
7.84298
7.83853
7.83487
7.83237
7.8312
7.83144
7.83542
7.83633
7.83913
7.84256
7.84708
7.85075
7.85228
7.85611
7.86006
7.86484
7.87047
7.87774
7.88119
7.88329
7.88699
7.89245
7.89988
7.90509
7.90877
7.91378
7.91668
7.9153
7.91688
7.92034
7.92651
7.93341
7.9401
7.94625
7.95028
7.95722
7.96509
7.97008
7.97774
7.98383
7.98557
7.98564
7.98656
7.98633
7.98598
7.98475
7.98488
7.98403
7.98628
7.9869
7.98865
7.99134
7.99376
7.995
7.99866
8.0041
8.00861
8.01317
8.02072
8.0237
8.02536
8.02465
8.02362
8.02317
8.01934
8.01263
8.00119
7.97986
7.96683
7.95587
7.9495
7.94279
7.93743
7.93157
7.92507
7.91815
7.91047
7.90372
7.89754
7.89345
7.89054
7.88805
7.88592
7.88423
7.88417
7.88228
7.88154
7.88109
7.88298
7.88474
7.8886
7.89418
7.89664
7.9037
7.91386
7.92043
7.9249
7.92206
7.91862
7.92069
7.92512
7.92778
7.92622
7.92531
7.9279
7.92843
7.92709
7.92416
7.92115
7.91885
7.91913
7.9198
7.91948
7.91935
7.91732
7.91486
7.91251
7.91124
7.90951
7.89823
7.8964
7.8927
7.89583
7.89989
7.90502
7.91005
7.91553
7.92094
7.92688
7.93316
7.93918
7.94444
7.95057
7.94998
7.95085
7.95249
7.95516
7.958
7.95992
7.95921
7.95837
7.95749
7.95812
7.9616
7.96381
7.95695
7.95171
7.95253
7.95594
7.95922
7.96217
7.96451
7.9678
7.97098
7.97192
7.97686
7.98895
7.9974
8.01559
8.02707
8.03783
8.04553
8.05261
8.0518
8.05269
8.05179
8.04896
8.04693
8.04443
8.04269
8.03922
8.03612
8.03091
8.02203
8.01035
8.00661
8.00147
7.99357
7.9879
7.98388
7.97963
7.97389
7.96873
7.97283
7.9672
7.96237
7.96631
7.96715
7.96686
7.95378
7.94263
7.93186
7.92087
7.90995
7.89907
7.88651
7.88909
7.88739
7.88559
7.88549
7.88507
7.88591
7.88643
7.88839
7.88986
7.89418
7.89711
7.89583
7.89626
7.89947
7.90743
7.91563
7.92296
7.93286
7.94386
7.95301
7.96322
7.96369
7.96568
7.96999
7.97777
7.98458
7.9919
7.99752
7.99761
8.00744
8.01506
8.0241
8.0321
8.04093
8.04766
8.05338
8.05855
8.06206
8.06354
8.05997
8.05732
8.05384
8.0532
8.05132
8.04986
8.04916
8.0495
8.04843
8.04599
8.03747
8.02927
8.01962
8.01187
8.00594
8.00126
7.9964
7.99177
7.98119
7.97593
7.97087
7.96691
7.96354
7.96261
7.96082
7.95468
7.94834
7.94333
7.93832
7.93519
7.93023
7.92375
7.91931
7.91573
7.91159
7.90864
7.9069
7.90725
7.90694
7.90099
7.89995
7.90036
7.90258
7.90321
7.90329
7.90434
7.90464
7.90466
7.90538
7.90452
7.89746
7.89532
7.90067
7.90154
7.90587
7.90552
7.90703
7.90942
7.91153
7.90998
7.90658
7.90673
7.90608
7.90433
7.91038
7.91947
7.92366
7.93274
7.93987
7.94593
7.95257
7.95783
7.96153
7.96418
7.9649
7.96355
7.95753
7.96255
7.96113
7.96061
7.95743
7.95543
7.95215
7.94714
7.9412
7.93354
7.92621
7.92014
7.91481
7.90925
7.90434
7.89305
7.88144
7.87449
7.87054
7.86023
7.86878
7.86917
7.86896
7.87096
7.87285
7.87436
7.8743
7.86406
7.86197
7.85688
7.85222
7.85141
7.8539
7.85745
7.86302
7.86776
7.87414
7.87793
7.87933
7.88547
7.88657
7.88998
7.8942
7.89796
7.9047
7.91241
7.91684
7.91541
7.9255
7.93119
7.93656
7.94202
7.94638
7.95019
7.9523
7.95453
7.95785
7.95945
7.95927
7.9559
7.95496
7.95323
7.94992
7.94683
7.94286
7.93698
7.93104
7.92468
7.91874
7.91164
7.90576
7.89932
7.89193
7.88691
7.88088
7.87667
7.87387
7.87061
7.8679
7.86799
7.87266
7.87933
7.88532
7.89293
7.90059
7.89464
7.89769
7.89107
7.88806
7.88511
7.88313
7.88056
7.87782
7.87601
7.87309
7.87039
7.86884
7.86906
7.87043
7.87129
7.87258
7.87481
7.87754
7.88302
7.8879
7.89297
7.89206
7.89149
7.88898
7.88924
7.8899
7.88949
7.88897
7.88747
7.88595
7.88654
7.88933
7.88319
7.88157
7.88379
7.88601
7.88909
7.88981
7.88475
7.88537
7.88823
7.89125
7.89261
7.89361
7.89032
7.88888
7.88408
7.88295
7.88128
7.87844
7.87643
7.87351
7.87053
7.86952
7.87007
7.86802
7.86598
7.8657
7.86511
7.86616
7.86715
7.87037
7.8676
7.87104
7.87388
7.8796
7.88467
7.8888
7.88902
7.88585
7.88433
7.88141
7.87925
7.8754
7.87196
7.85752
7.85725
7.85839
7.85501
7.84899
7.84361
7.84186
7.84384
7.84262
7.83982
7.8333
7.82698
7.82343
7.81837
7.81336
7.81131
7.80517
7.80101
7.80675
7.80834
7.81202
7.81602
7.82055
7.82782
7.82718
7.83637
7.8382
7.83814
7.83945
7.83859
7.83878
7.8381
7.83691
7.83633
7.83492
7.8366
7.83923
7.84197
7.84099
7.8473
7.85454
7.86051
7.85438
7.85456
7.8548
7.8535
7.85136
7.85007
7.85053
7.84968
7.84879
7.84844
7.84669
7.84467
7.84202
7.84037
7.83846
7.8365
7.83117
7.82816
7.82877
7.8277
7.82464
7.82636
7.82664
7.83353
7.8329
7.83209
7.82618
7.82635
7.82404
7.82092
7.8151
7.81026
7.80526
7.80007
7.79569
7.79098
7.7879
7.78678
7.78649
7.78633
7.78731
7.7842
7.79163
7.80065
7.81304
7.81668
7.82699
7.8274
7.82707
7.83463
7.83861
7.84391
7.84872
7.85132
7.85559
7.85778
7.85969
7.86364
7.86862
7.87344
7.8751
7.87769
7.88116
7.88462
7.88606
7.8824
7.88124
7.87863
7.87744
7.87754
7.87688
7.87693
7.87245
7.87816
7.88342
7.88231
7.88609
7.89127
7.89591
7.89477
7.89205
7.88626
7.8832
7.87989
7.87197
7.86702
7.86288
7.86059
7.85967
7.86017
7.86232
7.85776
7.85935
7.86165
7.86707
7.87169
7.87562
7.87861
7.88235
7.88762
7.89255
7.90004
7.9063
7.91043
7.91728
7.92154
7.92825
7.92962
7.93048
7.93227
7.92706
7.92966
7.93153
7.93263
7.94174
7.94256
7.94198
7.94062
7.94028
7.93814
7.93626
7.93337
7.9294
7.92839
7.92337
7.91865
7.91218
7.9056
7.89825
7.89252
7.88555
7.88055
7.87659
7.87443
7.87348
7.86571
7.86482
7.86342
7.86135
7.86148
7.86013
7.86149
7.86633
7.87205
7.87563
7.88218
7.8881
7.88812
7.89511
7.89704
7.89874
7.9014
7.90343
7.90637
7.90722
7.91037
7.91387
7.91909
7.91411
7.91572
7.91628
7.92078
7.92411
7.93016
7.93547
7.94264
7.95007
7.95651
7.96179
7.9687
7.97303
7.97674
7.98088
7.98705
7.99056
7.99192
7.9989
8.00136
8.00403
8.00368
8.00375
8.00221
8.00132
7.99937
7.99535
7.99867
7.9983
7.99654
7.99557
7.99154
7.98678
7.97946
7.97405
7.96619
7.95783
7.94851
7.9449
7.93918
7.93543
7.93325
7.93144
7.93037
7.93006
7.93053
7.9291
7.93062
7.93196
7.93372
7.93391
7.93444
7.93634
7.93921
7.94212
7.94508
7.94204
7.93835
7.9359
7.93345
7.92563
7.92103
7.91522
7.90439
7.89256
7.88466
7.88208
7.88067
7.88215
7.88767
7.89127
7.89632
7.90042
7.90599
7.91061
7.91554
7.92192
7.929
7.9346
7.9322
7.93528
7.94112
7.94586
7.94924
7.95558
7.95888
7.96045
7.96342
7.97245
7.98115
7.97928
7.98258
7.99738
8.00782
8.0185
8.02727
8.03394
8.04297
8.05384
8.05462
8.05367
8.05043
8.0498
8.04818
8.04826
8.05006
8.05308
8.0558
8.05869
8.06141
8.0608
8.05997
8.05988
8.05944
8.05923
8.06356
8.06727
8.07077
8.07367
8.07645
8.07839
8.07771
8.07508
8.07234
8.0679
8.06317
8.05529
8.04557
8.02441
8.01812
8.01251
8.00737
8.00272
8.00224
8.00108
8.00368
8.00463
8.00694
8.00848
8.00747
8.00633
8.00676
8.00555
8.00379
8.00305
8.00353
8.0038
8.00238
8.00372
8.00677
8.00999
8.0162
8.02119
8.0254
8.03084
8.0416
8.03957
8.04136
8.0429
8.04505
8.04673
8.04785
8.04832
8.05256
8.05315
8.05104
8.04681
8.04085
8.03252
8.0302
8.02398
8.01826
8.00341
8.00427
8.01141
8.01607
8.02131
8.01902
8.01447
8.01005
8.00613
8.00173
7.9986
7.99504
7.99053
7.98674
7.98375
7.98526
8.00045
8.01536
8.02559
8.0362
8.04686
8.05453
8.05815
8.06212
8.06461
8.06352
8.05216
8.05402
8.05547
8.05643
8.05776
8.05898
8.06047
8.06343
8.06512
8.06659
8.06334
8.06022
8.06174
8.06555
8.06919
8.07349
8.07557
8.08059
8.08113
8.0802
8.08145
8.08072
8.07246
8.05926
8.05005
8.04189
8.03737
8.03164
8.0256
8.02181
8.02075
8.01789
8.0142
8.01064
8.00568
8.00256
7.99661
7.99139
7.98518
7.97543
7.9641
7.95625
7.94931
7.94319
7.9388
7.93872
7.94208
7.94488
7.948
7.951
7.95566
7.96069
7.95351
7.95593
7.9574
7.96137
7.96578
7.97404
7.97857
7.98384
7.98752
7.99288
8
8.00612
8.01325
8.01836
8.02372
8.02725
8.03033
8.02943
8.03571
8.05588
8.07227
8.08605
8.09835
8.10463
8.1109
8.11474
8.11797
8.11718
8.11556
8.12824
8.12231
8.12011
8.11595
8.11238
8.10796
8.1054
8.1036
8.10269
8.0965
8.09061
8.08255
8.07698
8.07124
8.06188
8.05665
8.05124
8.04552
8.0455
8.0448
8.04412
8.04351
8.041
8.03884
8.0369
8.03558
8.03279
8.03109
8.02939
8.0264
8.02417
8.02383
8.02357
8.02419
8.02304
8.01938
8.01437
8.00992
8.00729
8.00385
8.00236
7.99953
7.99916
7.99966
8.00046
8.00042
8.0037
7.99068
7.98515
7.98672
7.98801
7.99072
7.99491
7.99756
8.0029
8.00862
8.01512
8.01237
8.015
8.02135
8.0287
8.03584
8.04306
8.05182
8.06576
8.07367
8.07067
8.0685
8.06726
8.06589
8.06643
8.06666
8.06612
8.06712
8.06652
8.06561
8.06592
8.06689
8.06681
8.06554
8.06429
8.06057
8.05742
8.05597
8.04863
8.04087
8.03261
8.02443
8.01703
8.01001
8.00682
8.00345
7.99837
7.99395
7.98871
7.98374
7.97938
7.97309
7.96647
7.96039
7.95379
7.94587
7.93816
7.9308
7.92541
7.91407
7.90907
7.90854
7.89851
7.88364
7.88538
7.88727
7.88917
7.8898
7.89211
7.89246
7.89037
7.88863
7.88752
7.8878
7.88799
7.88881
7.89252
7.89274
7.89377
7.89555
7.89699
7.89984
7.90186
7.90433
7.9044
7.90664
7.90879
7.90997
7.91746
7.91645
7.92542
7.93425
7.94248
7.95398
7.9639
7.97348
7.97776
7.98253
7.97859
7.97067
7.9608
7.95249
7.94233
7.93283
7.92255
7.91458
7.90644
7.8995
7.89032
7.89428
7.89344
7.88999
7.88784
7.88631
7.88571
7.8845
7.8841
7.88582
7.88791
7.89101
7.88335
7.88822
7.89213
7.89495
7.89729
7.89781
7.89909
7.89971
7.90081
7.90211
7.88585
7.88188
7.88676
7.89028
7.89634
7.88972
7.8871
7.88394
7.87974
7.87817
7.87559
7.87463
7.87373
7.87016
7.87032
7.86917
7.86174
7.85983
7.85677
7.86083
7.86087
7.85944
7.85851
7.8564
7.85434
7.84321
7.83278
7.83936
7.84487
7.84542
7.8413
7.83859
7.83714
7.82745
7.81902
7.81122
7.80686
7.8011
7.79337
7.78626
7.78311
7.77375
7.76397
7.75254
7.74377
7.73632
7.73079
7.72563
7.72369
7.72046
7.71987
7.72076
7.72181
7.72074
7.72426
7.72787
7.73081
7.72801
7.73343
7.73674
7.7391
7.74261
7.74644
7.75047
7.75062
7.74879
7.76011
7.77252
7.7846
7.79569
7.80685
7.81579
7.8238
7.82915
7.83174
7.82885
7.82613
7.82275
7.81908
7.816
7.81271
7.80995
7.80348
7.80798
7.80795
7.80879
7.80822
7.81034
7.81272
7.8167
7.81958
7.82123
7.82318
7.82514
7.82618
7.82552
7.81744
7.81121
7.79326
7.78992
7.78831
7.79016
7.79359
7.79297
7.79395
7.79593
7.79909
7.80353
7.80909
7.81425
7.81899
7.82586
7.83806
7.85056
7.86394
7.87827
7.89166
7.90219
7.91382
7.92044
7.91772
7.91366
7.91077
7.90773
7.90504
7.90064
7.89914
7.88986
7.8806
7.87163
7.86359
7.85812
7.85107
7.84519
7.84564
7.85212
7.85928
7.86942
7.87899
7.89124
7.90185
7.91345
7.92468
7.93417
7.94084
7.94668
7.93948
7.93579
7.92993
7.92229
7.91219
7.90006
7.90019
7.89592
7.89195
7.88738
7.88084
7.87381
7.86723
7.85961
7.85394
7.84964
7.8463
7.84281
7.84106
7.83871
7.83522
7.8343
7.83306
7.83408
7.83481
7.8361
7.83957
7.84472
7.84926
7.85503
7.85944
7.86458
7.87012
7.87269
7.87425
7.87781
7.88003
7.88325
7.88807
7.89126
7.89397
7.89558
7.89539
7.89607
7.89772
7.89907
7.89978
7.90648
7.91017
7.91357
7.92417
7.93618
7.94963
7.96094
7.97288
7.98672
7.99725
8.00573
8.0131
8.02107
8.02696
8.03024
8.03398
8.03518
8.03796
8.03912
8.04138
8.04524
8.04976
8.05207
8.0532
8.05453
8.05442
8.04634
8.04776
8.04747
8.04379
8.04012
8.02732
8.0211
8.01099
8.00919
8.00303
7.9996
7.99521
7.99051
7.99197
7.98921
7.98442
7.9808
7.97659
7.97256
7.97049
7.97096
7.97354
7.97451
7.97552
7.97535
7.97269
7.9722
7.9698
7.96761
7.96483
7.96141
7.96058
7.959
7.95727
7.956
7.95526
7.94834
7.94475
7.9406
7.93701
7.93368
7.93117
7.93083
7.93689
7.94216
7.95039
7.95608
7.96235
7.96637
7.97661
7.98092
7.98474
7.98986
7.99506
8.00186
8.0078
8.01351
8.0207
8.02763
8.02995
8.03468
8.02971
8.02819
8.02725
8.02542
8.02433
8.02246
8.0224
8.02367
8.01465
8.01872
8.02056
8.01405
8.00737
8.0058
7.99747
7.99658
7.99217
7.98844
7.983
7.9687
7.95857
7.95354
7.95171
7.94606
7.94355
7.9357
7.92856
7.92292
7.91757
7.90957
7.90423
7.90124
7.89736
7.893
7.88942
7.88492
7.88026
7.87826
7.87705
7.87644
7.87695
7.87666
7.87634
7.87901
7.87511
7.87326
7.87081
7.87037
7.87119
7.87232
7.87593
7.87832
7.88216
7.88554
7.88838
7.89013
7.8996
7.91217
7.92281
7.93298
7.9412
7.9507
7.96047
7.97072
7.98105
7.99238
8.00923
8.02366
8.03644
8.0491
8.05704
8.06351
8.0639
8.06317
8.05998
8.05484
8.0489
8.04039
8.03477
8.02962
8.02154
8.01858
8.00639
7.99506
7.98273
7.97046
7.95588
7.94575
7.93401
7.92249
7.91332
7.90391
7.89517
7.88603
7.87718
7.87383
7.87249
7.87171
7.87373
7.87601
7.87953
7.88337
7.88957
7.8971
7.90206
7.90741
7.91066
7.91748
7.91828
7.92066
7.92603
7.92795
7.93082
7.9349
7.94166
7.94823
7.95655
7.96356
7.97275
7.98071
7.97786
7.98323
7.98719
7.9967
8.00424
8.01114
8.01964
8.02468
8.03466
8.02578
8.02146
8.02006
8.01789
8.01406
8.00862
8.00472
8.00255
8.00228
8.00237
7.9958
7.99388
7.99067
7.98864
7.98722
7.98835
7.98906
7.99075
7.99236
7.99147
7.98586
7.97167
7.96863
7.96449
7.96598
7.96629
7.96941
7.97344
7.97956
7.98772
7.99248
7.99781
7.99712
7.9957
7.99622
8.00225
8.00351
8.00152
7.99796
7.99488
7.99213
7.9901
7.98996
7.98661
7.98246
7.98062
7.97779
7.97337
7.96702
7.96068
7.95212
7.94309
7.93412
7.9267
7.91858
7.91196
7.90591
7.90322
7.90204
7.90142
7.89812
7.89948
7.90136
7.8989
7.89711
7.89645
7.89687
7.89748
7.89712
7.89586
7.89737
7.89024
7.88627
7.89388
7.90368
7.91883
7.9317
7.94459
7.9525
7.95528
7.95859
7.96202
7.96579
7.96983
7.97266
7.97084
7.9721
7.97309
7.97317
7.97464
7.97586
7.96942
7.96524
7.96151
7.96079
7.95886
7.95819
7.95684
7.95666
7.95583
7.95512
7.9555
7.95691
7.95763
7.9566
7.95823
7.95818
7.95838
7.95802
7.95627
7.94811
7.94378
7.94013
7.93527
7.93596
7.93127
7.9267
7.92206
7.91243
7.90301
7.89509
7.89774
7.89672
7.89592
7.89487
7.89485
7.89678
7.89346
7.89293
7.89187
7.89062
7.89105
7.89158
7.89269
7.89415
7.89424
7.89588
7.89959
7.90395
7.91169
7.92113
7.92912
7.9346
7.94418
7.95111
7.95862
7.96519
7.9711
7.96659
7.96282
7.96328
7.96194
7.96191
7.96577
7.9708
7.97561
7.98192
7.98881
7.99551
7.99842
8.00276
8.00836
8.01425
8.01867
8.0068
8.00002
7.99348
7.98406
7.97517
7.95889
7.9487
7.93843
7.92664
7.92136
7.91693
7.91162
7.90191
7.89117
7.88304
7.88054
7.87421
7.86909
7.86377
7.85845
7.8539
7.85005
7.8432
7.84786
7.85173
7.85517
7.86004
7.86411
7.86881
7.87222
7.87548
7.87289
7.86421
7.8579
7.85018
7.84726
7.8432
7.83749
7.83813
7.83952
7.84067
7.83386
7.83488
7.83104
7.82044
7.82456
7.8235
7.81942
7.81821
7.83035
7.83417
7.84154
7.84225
7.84832
7.85069
7.86127
7.86699
7.87492
7.88102
7.89106
7.89741
7.90472
7.90995
7.91432
7.90506
7.9099
7.91067
7.91435
7.91702
7.92093
7.9144
7.91639
7.91596
7.91708
7.91816
7.92011
7.9181
7.91778
7.91502
7.91222
7.90587
7.89926
7.8997
7.89693
7.89786
7.89677
7.89889
7.89807
7.89559
7.89606
7.89386
7.88802
7.8814
7.88098
7.87627
7.87965
7.87848
7.87901
7.8809
7.88089
7.87715
7.87226
7.86841
7.86484
7.86391
7.86406
7.86494
7.86503
7.86507
7.86743
7.86685
7.86792
7.86697
7.86721
7.86361
7.85997
7.85976
7.85803
7.85836
7.85428
7.85888
7.86678
7.8706
7.87501
7.87941
7.88527
7.88952
7.88583
7.8828
7.87686
7.87895
7.85987
7.865
7.86013
7.85854
7.85884
7.85818
7.85923
7.86218
7.86967
7.8743
7.87856
7.88259
7.88905
7.89491
7.89951
7.89991
7.89435
7.89582
7.89599
7.89653
7.90207
7.90381
7.9073
7.90919
7.91221
7.91411
7.914
7.91079
7.90783
7.90738
7.90553
7.90487
7.90242
7.9024
7.8899
7.88149
7.8798
7.88094
7.8807
7.88412
7.8862
7.88731
7.88916
7.89186
7.89475
7.89821
7.89905
7.90186
7.90475
7.90845
7.91164
7.91554
7.9165
7.91414
7.91073
7.91248
7.91359
7.91426
7.91575
7.91857
7.91477
7.90604
7.89763
7.8897
7.88167
7.87456
7.86764
7.86363
7.86319
7.86367
7.86509
7.8671
7.87365
7.87538
7.87176
7.86921
7.8762
7.88424
7.89293
7.90094
7.90786
7.90823
7.90506
7.90018
7.8998
7.89375
7.88834
7.8823
7.87818
7.87298
7.86691
7.86838
7.87934
7.88951
7.89612
7.89144
7.89004
7.88917
7.88701
7.88759
7.89494
7.89938
7.90676
7.91282
7.91773
7.92255
7.92703
7.93143
7.93411
7.93525
7.9304
7.92309
7.91936
7.91505
7.91319
7.91078
7.90859
7.9117
7.91502
7.91652
7.91951
7.92244
7.9251
7.92457
7.91557
7.91732
7.91641
7.92184
7.92662
7.93139
7.92786
7.92578
7.92505
7.92712
7.92736
7.92734
7.93112
7.93193
7.93214
7.93582
7.93992
7.94462
7.94951
7.94912
7.9514
7.95253
7.9533
7.95394
7.957
7.96187
7.96701
7.97177
7.97656
7.97916
7.98098
7.9822
7.98151
7.98237
7.98354
7.98606
7.98606
7.98655
7.98725
7.98825
7.98927
7.98858
7.99032
7.97793
7.97655
7.9734
7.96921
7.96624
7.96119
7.95615
7.95062
7.94494
7.94046
7.93611
7.93356
7.92189
7.91143
7.90569
7.8989
7.8965
7.89399
7.88252
7.88645
7.88783
7.89055
7.89626
7.90357
7.91166
7.9178
7.9267
7.92714
7.92525
7.92414
7.92208
7.9218
7.92034
7.91923
7.9188
7.91667
7.91485
7.90549
7.90352
7.90116
7.8957
7.90002
7.90417
7.90773
7.90979
7.91237
7.91909
7.92499
7.92903
7.92773
7.92283
7.91603
7.91162
7.90671
7.90103
7.90768
7.91134
7.91378
7.91515
7.91732
7.91763
7.915
7.90909
7.90381
7.89803
7.8928
7.88783
7.88301
7.88019
7.87465
7.87583
7.88004
7.88379
7.88777
7.89315
7.8918
7.88902
7.88742
7.88649
7.88701
7.88846
7.89066
7.892
7.89323
7.89625
7.89998
7.90391
7.90707
7.91168
7.91609
7.92076
7.9268
7.93158
7.93516
7.93761
7.93832
7.93738
7.94153
7.94764
7.95335
7.95974
7.96449
7.96569
7.9639
7.96329
7.96443
7.96397
7.96085
7.96211
7.95687
7.94918
7.94279
7.93451
7.92773
7.92148
7.91781
7.91487
7.90987
7.9071
7.90254
7.90203
7.90036
7.90054
7.89144
7.88231
7.87883
7.87194
7.86658
7.86279
7.86686
7.86824
7.86941
7.87181
7.8724
7.87332
7.8747
7.87581
7.87652
7.87198
7.86539
7.85964
7.86396
7.86688
7.87206
7.87474
7.8769
7.88035
7.884
7.88655
7.89103
7.89695
7.90064
7.90681
7.91472
7.9208
7.92613
7.93397
7.93953
7.94483
7.94995
7.9526
7.95247
7.95445
7.95394
7.95331
7.94899
7.94706
7.94668
7.94836
7.94877
7.94671
7.94459
7.94329
7.94185
7.94234
7.94113
7.94252
7.94177
7.93785
7.93733
7.92641
7.92497
7.92598
7.92722
7.93084
7.93164
7.9338
7.93681
7.93988
7.94371
7.94496
7.94585
7.94628
7.94035
7.93905
7.93808
7.93439
7.93158
7.92919
7.92908
7.9302
7.93169
7.92409
7.92376
7.9212
7.92633
7.92641
7.92969
7.93329
7.93665
7.93712
7.93375
7.93366
7.93452
7.93517
7.94014
7.94529
7.94434
7.94479
7.9461
7.94969
7.9563
7.95957
7.96834
7.97759
7.98482
7.99048
7.99762
8.0043
8.00903
8.01244
8.01518
8.01331
8.01145
8.00793
8.00544
8.00439
7.99221
7.98411
7.98448
7.98517
7.97795
7.97732
7.97691
7.97894
7.97797
7.97627
7.97453
7.97406
7.96912
7.97153
7.97401
7.97203
7.97669
7.97723
7.97768
7.97915
7.9792
7.97849
7.97794
7.97781
7.97796
7.97601
7.97241
7.9689
7.96694
7.96714
7.96971
7.97172
7.97428
7.97717
7.97834
7.98424
7.99542
8.00649
8.01743
8.02634
8.03126
8.03919
8.05079
8.06317
8.07689
8.08785
8.0961
8.10339
8.09559
8.09257
8.09004
8.08888
8.08722
8.08542
8.08295
8.08146
8.08155
8.07811
8.07306
8.06744
8.06709
8.06596
8.07001
8.07229
8.07895
8.08411
8.08925
8.0964
8.10407
8.10908
8.11389
8.11258
8.11464
8.11456
8.11405
8.11501
8.12091
8.12566
8.11467
8.10875
8.10585
8.10664
8.10695
8.11114
8.11924
8.12782
8.13506
8.13341
8.13366
8.13692
8.13981
8.1407
8.13794
8.13253
8.12626
8.11759
8.1111
8.10213
8.09367
8.08455
8.07458
8.06438
8.04545
8.03287
8.02354
8.01572
8.00951
7.99382
7.98779
7.98454
7.98136
7.97845
7.97581
7.9744
7.97785
7.98195
7.98709
7.99153
7.99682
8.00221
8.00898
8.00291
8.009
8.01184
8.02159
8.03034
8.04197
8.05564
8.0704
8.08323
8.095
8.10447
8.10812
8.10351
8.1079
8.11235
8.12386
8.12713
8.12953
8.12899
8.13048
8.1303
8.13473
8.13579
8.13694
8.13424
8.13142
8.12858
8.12416
8.11945
8.11337
8.10751
8.10026
8.08577
8.07961
8.07704
8.0739
8.07035
8.06958
8.06699
8.06654
8.06708
8.06304
8.06259
8.06321
8.05685
8.05183
8.05
8.04879
8.05377
8.05894
8.06171
8.06426
8.06114
8.05885
8.05816
8.05834
8.04571
8.03652
8.03411
8.0364
8.03808
8.03885
8.04281
8.04506
8.04931
8.05376
8.05776
8.05941
8.06339
8.06553
8.06852
8.07343
8.07661
8.07974
8.0833
8.08832
8.09077
8.09111
8.09213
8.09321
8.09309
8.09246
8.0897
8.0822
8.07235
8.06687
8.06175
8.05462
8.05007
8.04677
8.03663
8.03119
8.02893
8.02285
8.01881
8.01815
8.01773
8.01742
8.02171
8.0234
8.02593
8.0288
8.03123
8.0343
8.03717
8.03989
8.04135
8.03656
8.03469
8.03431
8.03443
8.03433
8.03307
8.03292
8.03153
8.02949
8.02656
8.02383
8.02277
8.02192
8.02134
8.02356
8.02685
8.03101
8.03611
8.04123
8.037
8.03041
8.02882
8.03108
8.03416
8.03875
8.04303
8.04852
8.0488
8.04528
8.04578
8.04908
8.04848
8.0544
8.05981
8.04984
8.03793
8.04429
8.04575
8.0396
8.03776
8.03667
8.03826
8.04122
8.04401
8.04763
8.05074
8.05438
8.05677
8.06112
8.0664
8.06985
8.07723
8.08412
8.08275
8.08341
8.08038
8.07094
8.06827
8.06638
8.07386
8.07801
8.07509
8.07859
8.08113
8.08096
8.08182
8.08225
8.08006
8.07864
8.07732
8.07672
8.07683
8.07695
8.07845
8.08406
8.08638
8.08935
8.09347
8.09702
8.09948
8.10295
8.10437
8.10841
8.10675
8.10613
8.10575
8.09995
8.09615
8.09495
8.09327
8.08936
8.08828
8.08877
8.08694
8.08636
8.08674
8.08786
8.08209
8.07543
8.07155
8.06479
8.05928
8.05435
8.04899
8.04349
8.04006
8.03505
8.03327
8.028
8.02816
8.02748
8.02488
8.02129
8.02033
8.02342
8.02724
8.03074
8.03366
8.03644
8.0411
8.04882
8.05662
8.06564
8.07754
8.08479
8.08839
8.09152
8.09419
8.09861
8.10578
8.11355
8.12037
8.12854
8.13434
8.1376
8.14222
8.14694
8.14377
8.14427
8.14527
8.14964
8.15602
8.16014
8.16263
8.15258
8.14898
8.15123
8.15623
8.15206
8.15122
8.13865
8.1372
8.13818
8.13992
8.13836
8.13815
8.13891
8.13734
8.13531
8.13243
8.1283
8.12325
8.11813
8.11347
8.10759
8.10534
8.10181
8.09963
8.09627
8.09324
8.0914
8.09225
8.092
8.09209
8.09029
8.08731
8.0759
8.06899
8.06718
8.0678
8.07024
8.07278
8.07254
8.07313
8.07528
8.07513
8.07503
8.07362
8.075
8.07438
8.07427
8.07621
8.07936
8.08026
8.08075
8.08437
8.09226
8.09482
8.09811
8.10232
8.1075
8.1139
8.118
8.12301
8.12875
8.13298
8.13455
8.13439
8.12818
8.12187
8.11789
8.10618
8.09593
8.08827
8.07785
8.07782
8.08112
8.08779
8.0944
8.10168
8.1045
8.10554
8.10985
8.1116
8.10947
8.1027
8.09488
8.08868
8.08639
8.08553
8.08574
8.0852
8.08411
8.08273
8.0795
8.07611
8.07428
8.0731
8.07142
8.07059
8.06445
8.06052
8.05611
8.05048
8.0486
8.04663
8.04504
8.04701
8.0503
8.0554
8.06054
8.0663
8.0725
8.08068
8.09038
8.09741
8.10601
8.11436
8.12264
8.13128
8.13996
8.14898
8.15555
8.159
8.1628
8.16838
8.17377
8.17657
8.18141
8.18651
8.18951
8.19504
8.2007
8.20384
8.20501
8.2071
8.2064
8.2051
8.20208
8.18804
8.18322
8.17785
8.16891
8.15988
8.1562
8.15058
8.1452
8.13756
8.13169
8.12584
8.11142
8.09394
8.08811
8.08232
8.07429
8.0688
8.06401
8.06428
8.06312
8.06728
8.07129
8.07277
8.07532
8.07763
8.07044
8.06326
8.06079
8.05832
8.05815
8.05863
8.05159
8.04232
8.03687
8.03427
8.03549
8.04065
8.04213
8.04233
8.04484
8.04905
8.05401
8.05863
8.06408
8.07157
8.07788
8.08451
8.09094
8.09666
8.10384
8.10814
8.11306
8.11595
8.12
8.11937
8.12007
8.11983
8.12048
8.11914
8.11923
8.11928
8.11877
8.11871
8.1183
8.11913
8.12171
8.12613
8.12525
8.11953
8.1178
8.11505
8.11329
8.10885
8.10838
8.10639
8.10626
8.10918
8.11107
8.11148
8.11421
8.11655
8.1105
8.09861
8.09309
8.08736
8.08004
8.07321
8.06905
8.06693
8.06757
8.06743
8.06994
8.07146
8.07197
8.07852
8.08443
8.09133
8.09504
8.0988
8.1026
8.10484
8.10944
8.11158
8.11403
8.11606
8.11631
8.11718
8.11978
8.1213
8.12167
8.13013
8.13577
8.14018
8.14747
8.15502
8.16117
8.15868
8.16452
8.16392
8.16045
8.16142
8.16844
8.17369
8.16539
8.16035
8.15846
8.15853
8.15675
8.15953
8.15663
8.15497
8.15384
8.15344
8.15164
8.15131
8.14936
8.14819
8.14592
8.1432
8.13972
8.13667
8.13324
8.12921
8.11943
8.11065
8.10256
8.09444
8.08655
8.08008
8.07511
8.07277
8.0725
8.06513
8.0615
8.06031
8.0625
8.06295
8.06455
8.06834
8.074
8.0761
8.0799
8.08528
8.08922
8.09623
8.10331
8.1111
8.11843
8.12364
8.12904
8.13035
8.12812
8.12851
8.13456
8.13597
8.13717
8.14056
8.14251
8.14373
8.1462
8.14946
8.15527
8.16072
8.16718
8.17222
8.17721
8.18003
8.18148
8.1847
8.19012
8.18298
8.17894
8.17965
8.17979
8.17858
8.17865
8.18087
8.18594
8.19132
8.19442
8.19638
8.1982
8.19778
8.19814
8.19833
8.19979
8.20093
8.20259
8.19183
8.1965
8.19745
8.19328
8.18846
8.18353
8.18027
8.17864
8.17762
8.17584
8.16735
8.15724
8.15007
8.14571
8.14277
8.14124
8.13952
8.13807
8.13329
8.1256
8.1172
8.11244
8.10577
8.10126
8.09997
8.10064
8.10376
8.10637
8.10721
8.10538
8.1004
8.09698
8.095
8.09525
8.09862
8.10152
8.09837
8.09694
8.09936
8.10539
8.109
8.11405
8.11944
8.12467
8.13527
8.14398
8.15137
8.15935
8.16741
8.17389
8.17748
8.18126
8.18819
8.17829
8.17485
8.16577
8.16233
8.15953
8.15965
8.15806
8.15358
8.14761
8.14827
8.14505
8.14131
8.1378
8.13162
8.12658
8.12278
8.11792
8.11496
8.11249
8.1103
8.1078
8.09877
8.09428
8.09168
8.09315
8.09438
8.09594
8.09713
8.09912
8.10217
8.10693
8.11091
8.11594
8.11962
8.12163
8.11292
8.1112
8.11177
8.10894
8.11114
8.11557
8.11884
8.12146
8.1241
8.12318
8.12161
8.1178
8.11543
8.10422
8.09734
8.08865
8.08497
8.08532
8.08649
8.08963
8.09351
8.09897
8.10517
8.11192
8.11859
8.1257
8.13147
8.13814
8.14063
8.14332
8.13877
8.1372
8.13821
8.1384
8.12785
8.11666
8.10715
8.10468
8.10042
8.09834
8.09508
8.09158
8.09109
8.09424
8.10239
8.10171
8.10135
8.10172
8.10278
8.09992
8.0923
8.08901
8.08261
8.07944
8.07827
8.07493
8.07139
8.06951
8.06721
8.06496
8.0647
8.06537
8.06781
8.06908
8.07138
8.07545
8.07743
8.07936
8.08111
8.083
8.08467
8.08496
8.08502
8.08144
8.07622
8.07467
8.07358
8.07198
8.06937
8.06284
8.06088
8.06393
8.06755
8.07129
8.07568
8.07905
8.08317
8.08779
8.09078
8.09503
8.09988
8.10412
8.10817
8.10926
8.11274
8.1188
8.11617
8.11577
8.11569
8.11936
8.12317
8.11859
8.12562
8.13331
8.13296
8.1332
8.13574
8.13722
8.13712
8.13585
8.13425
8.13057
8.12535
8.11973
8.11425
8.10976
8.10534
8.10004
8.08648
8.08037
8.07538
8.07023
8.06481
8.0639
8.06557
8.0625
8.05882
8.05792
8.05949
8.06005
8.06149
8.06187
8.06488
8.06775
8.07042
8.07344
8.07706
8.08205
8.08609
8.09002
8.09768
8.10532
8.10859
8.10892
8.11239
8.11323
8.1095
8.10619
8.10296
8.09961
8.09561
8.09378
8.09549
8.09547
8.08643
8.08581
8.0852
8.08777
8.08769
8.08976
8.09338
8.09634
8.09974
8.1027
8.10661
8.11167
8.11797
8.12448
8.13114
8.11749
8.11313
8.1117
8.11123
8.107
8.10859
8.09598
8.08929
8.0795
8.07441
8.06446
8.05887
8.05356
8.05032
8.0391
8.03411
8.03171
8.03228
8.03092
8.02312
8.00103
7.98766
7.97696
7.97561
7.97117
7.9676
7.96686
7.95971
7.95778
7.95566
7.95493
7.95787
7.96041
7.96714
7.96744
7.97279
7.97801
7.9842
7.98944
7.99482
7.99833
8.00284
8.00581
8.00848
8.00944
8.01036
8.01161
8.01445
8.01685
8.01798
8.02061
8.02336
8.01836
8.01498
8.0202
8.01657
8.01528
8.01947
8.02571
8.03424
8.04206
8.04481
8.04739
8.04984
8.0499
8.05312
8.05541
8.05659
8.05616
8.05724
8.05935
8.06068
8.06266
8.06332
8.06355
8.0643
8.06447
8.06711
8.06625
8.06638
8.06596
8.06671
8.06815
8.07141
8.07548
8.07973
8.07788
8.06783
8.06012
8.05204
8.05215
8.05361
8.05221
8.04946
8.04918
8.0508
8.05296
8.05489
8.05681
8.0609
8.06582
8.07102
8.07575
8.07483
8.07857
8.08532
8.09133
8.09329
8.09678
8.09635
8.09701
8.09289
8.0921
8.09119
8.09255
8.0941
8.09976
8.10371
8.10244
8.09873
8.09598
8.09939
8.09951
8.10038
8.09943
8.09905
8.09754
8.10207
8.10557
8.10946
8.11275
8.11683
8.12002
8.12294
8.1259
8.12602
8.12684
8.12704
8.13016
8.13162
8.13283
8.13364
8.13346
8.1297
8.12683
8.12457
8.12272
8.12128
8.11988
8.11736
8.11459
8.09964
8.0938
8.09038
8.08749
8.08486
8.07783
8.07672
8.0779
8.07678
8.07509
8.07474
8.0753
8.0783
8.08194
8.08744
8.09016
8.09631
8.10096
8.10155
8.10347
8.10675
8.11417
8.11634
8.11654
8.11535
8.11305
8.11294
8.10994
8.11034
8.1131
8.11569
8.11889
8.11851
8.11664
8.11796
8.11811
8.11733
8.12083
8.1211
8.11849
8.12125
8.12827
8.13731
8.14676
8.15386
8.16174
8.17037
8.17818
8.18416
8.18738
8.18191
8.17689
8.17243
8.16733
8.16227
8.15692
8.15084
8.1407
8.13181
8.12518
8.12371
8.12181
8.11618
8.10997
8.10685
8.10595
8.1052
8.10362
8.10204
8.09787
8.09383
8.09227
8.08782
8.08155
8.07658
8.07715
8.07859
8.07933
8.07924
8.08235
8.08674
8.09281
8.09822
8.10275
8.10948
8.11644
8.12153
8.12488
8.12973
8.13284
8.13265
8.13894
8.14334
8.14763
8.15292
8.15836
8.15426
8.15416
8.15736
8.16288
8.16902
8.17594
8.18339
8.18821
8.19318
8.19911
8.20392
8.20872
8.21211
8.21361
8.21436
8.21264
8.19951
8.1945
8.19194
8.19316
8.19488
8.19704
8.1993
8.20181
8.20194
8.20406
8.20829
8.21275
8.21704
8.2216
8.22619
8.23184
8.23365
8.23298
8.23577
8.23537
8.23881
8.24057
8.24201
8.24433
8.24416
8.24323
8.23866
8.23603
8.23619
8.23323
8.23009
8.22699
8.22295
8.22005
8.21462
8.20976
8.20363
8.19572
8.19112
8.18377
8.17738
8.17234
8.16822
8.16622
8.16625
8.16491
8.15871
8.15495
8.15485
8.15752
8.1597
8.16338
8.16717
8.16998
8.1691
8.16993
8.17075
8.17246
8.17436
8.17791
8.18257
8.18574
8.18725
8.18358
8.18438
8.18787
8.19165
8.19503
8.19751
8.20272
8.20796
8.21627
8.22269
8.22854
8.23212
8.23486
8.23472
8.22894
8.22151
8.21749
8.21247
8.20943
8.20676
8.20496
8.20486
8.20521
8.20693
8.20402
8.20225
8.2007
8.19666
8.19279
8.19395
8.19159
8.19021
8.18789
8.18518
8.18285
8.18445
8.18412
8.18511
8.1864
8.18755
8.19059
8.19298
8.17847
8.17311
8.17035
8.16698
8.16868
8.16222
8.15209
8.15269
8.15348
8.15635
8.1601
8.1612
8.15603
8.15159
8.14752
8.14429
8.14176
8.13821
8.12245
8.12036
8.11716
8.11431
8.11072
8.10818
8.10621
8.09968
8.08694
8.08371
8.07896
8.07847
8.07681
8.06848
8.06082
8.0536
8.04325
8.03695
8.0328
8.03165
8.03264
8.03523
8.03585
8.03949
8.04177
8.04589
8.05164
8.05494
8.06305
8.07041
8.07889
8.08333
8.08118
8.07852
8.08023
8.07808
8.07986
8.07586
8.0789
8.08343
8.08687
8.09129
8.09793
8.10248
8.10705
8.11197
8.11533
8.11684
8.12033
8.11962
8.12019
8.12206
8.12199
8.11962
8.1199
8.11794
8.11487
8.1126
8.11151
8.11104
8.1116
8.1137
8.11582
8.11476
8.11981
8.12281
8.12486
8.12453
8.12651
8.12833
8.12991
8.13119
8.12861
8.1235
8.11618
8.11399
8.1126
8.11177
8.10909
8.10854
8.10721
8.09268
8.0935
8.09298
8.09062
8.09304
8.09684
8.10336
8.11091
8.11764
8.12319
8.13021
8.13506
8.13621
8.13359
8.12787
8.11929
8.11032
8.10428
8.09964
8.10131
8.10515
8.10529
8.10354
8.094
8.09416
8.09064
8.09093
8.08996
8.09011
8.09063
8.09189
8.09322
8.09669
8.09983
8.10091
8.0879
8.08844
8.08122
8.07875
8.07702
8.07479
8.07313
8.07226
8.07184
8.07429
8.07441
8.0771
8.08012
8.08554
8.08763
8.08846
8.08874
8.08593
8.07426
8.06703
8.06483
8.06612
8.0514
8.03985
8.04005
8.04065
8.04635
8.05209
8.05445
8.05514
8.06078
8.06433
8.06535
8.05196
8.05405
8.05482
8.05732
8.06002
8.05545
8.05703
8.0559
8.05476
8.05398
8.04053
8.04088
8.04188
8.03406
8.02418
8.01957
8.01443
8.01115
8.00652
8.00246
7.99896
7.99509
7.99375
7.98869
7.98021
7.97539
7.97235
7.97258
7.97473
7.9788
7.98517
7.9932
8.00513
8.0131
8.0217
8.0269
8.03187
8.03737
8.04208
8.04514
8.04791
8.05105
8.05433
8.05825
8.06109
8.06501
8.06798
8.04588
8.05062
8.05385
8.05514
8.06002
8.06432
8.06961
8.07418
8.07824
8.08252
8.08522
8.08589
8.09723
8.10263
8.10811
8.11082
8.11171
8.11373
8.11463
8.11738
8.12111
8.12397
8.124
8.11874
8.11501
8.11255
8.11127
8.1014
8.10118
8.09793
8.09682
8.09749
8.09461
8.09688
8.09582
8.09384
8.09045
8.08714
8.08984
8.09687
8.10036
8.10515
8.10958
8.11284
8.1185
8.12355
8.12688
8.12749
8.12749
8.12407
8.12157
8.12181
8.12172
8.12714
8.13285
8.13639
8.13925
8.13963
8.13766
8.13921
8.14278
8.14768
8.15237
8.15288
8.15
8.14349
8.1354
8.12891
8.12347
8.11704
8.11198
8.10617
8.10239
8.09745
8.09656
8.09581
8.09797
8.09926
8.10262
8.10539
8.1084
8.11197
8.11599
8.11888
8.12003
8.12253
8.12524
8.1235
8.11356
8.10483
8.09423
8.08525
8.07747
8.07386
8.06945
8.06771
8.06726
8.0672
8.06659
8.06682
8.06688
8.07107
8.07169
8.07416
8.07653
8.07999
8.08388
8.08965
8.0948
8.10015
8.1065
8.11336
8.11111
8.11054
8.11053
8.10905
8.10664
8.10543
8.10566
8.10752
8.11186
8.11491
8.12041
8.1254
8.13529
8.14283
8.15099
8.15987
8.16731
8.17434
8.17733
8.17149
8.16938
8.16762
8.16484
8.16481
8.16114
8.15474
8.1514
8.14759
8.14411
8.13377
8.12311
8.11524
8.1079
8.10408
8.10066
8.09937
8.09799
8.09789
8.09978
8.10196
8.10224
8.1014
8.1032
8.10604
8.10813
8.10796
8.10609
8.10933
8.11387
8.11893
8.12272
8.11868
8.11956
8.12358
8.12991
8.141
8.14554
8.14924
8.15281
8.15641
8.16193
8.16423
8.16658
8.16909
8.16976
8.16397
8.158
8.15333
8.14278
8.13805
8.13596
8.13526
8.1384
8.14213
8.14371
8.14729
8.14469
8.14521
8.14578
8.14811
8.14899
8.14953
8.15019
8.14949
8.15244
8.15712
8.15057
8.14691
8.14521
8.14377
8.14266
8.14143
8.13947
8.13523
8.1303
8.13154
8.1278
8.12796
8.12985
8.13143
8.12866
8.12594
8.12399
8.11842
8.11566
8.11356
8.11269
8.11124
8.1134
8.11621
8.11775
8.11999
8.1216
8.12235
8.12122
8.12342
8.12408
8.12702
8.12988
8.13606
8.14354
8.14985
8.15618
8.16101
8.16703
8.17357
8.17994
8.18418
8.18632
8.19142
8.19488
8.18796
8.18832
8.18753
8.18647
8.18492
8.18079
8.17961
8.17684
8.17176
8.1662
8.15965
8.15221
8.14407
8.13504
8.12622
8.11771
8.11024
8.10168
8.0951
8.09012
8.08624
8.08435
8.08331
8.08069
8.07855
8.07798
8.07747
8.07835
8.07927
8.07023
8.06586
8.06521
8.06794
8.07097
8.07234
8.07839
8.08282
8.08968
8.07994
8.08066
8.08512
8.08979
8.09427
8.09866
8.10275
8.10647
8.11284
8.11739
8.12375
8.12755
8.13591
8.14402
8.15019
8.15788
8.16488
8.16709
8.16813
8.16901
8.16847
8.16701
8.16575
8.16446
8.16359
8.1643
8.16478
8.16408
8.16209
8.15968
8.15632
8.15166
8.14675
8.14345
8.14176
8.14164
8.14235
8.14172
8.14317
8.14524
8.15066
8.15728
8.16005
8.16301
8.16882
8.17674
8.18421
8.19167
8.19905
8.20477
8.21171
8.21847
8.22545
8.23162
8.23917
8.24478
8.24645
8.24927
8.25128
8.25565
8.25653
8.25911
8.26015
8.26083
8.259
8.25312
8.24326
8.23454
8.22438
8.21542
8.20483
8.19753
8.18891
8.18511
8.18075
8.1776
8.16389
8.14503
8.13337
8.11836
8.11021
8.10163
8.09524
8.08972
8.08522
8.07924
8.07676
8.06083
8.05967
8.05699
8.05665
8.06004
8.06382
8.0678
8.07315
8.0786
8.07732
8.08127
8.08363
8.08422
8.09247
8.10107
8.11018
8.12077
8.13135
8.14193
8.15346
8.16257
8.17202
8.18038
8.18961
8.19744
8.20554
8.21359
8.22062
8.22772
8.23326
8.23786
8.24143
8.24133
8.23881
8.23569
8.22669
8.20471
8.19322
8.18345
8.1736
8.16264
8.15233
8.14134
8.13139
8.12204
8.11424
8.10676
8.09919
8.093
8.08856
8.08454
8.07669
8.06926
8.06443
8.06029
8.05836
8.05483
8.05177
8.05078
8.05284
8.05545
8.06115
8.06777
8.07392
8.08203
8.09115
8.09669
8.10763
8.11973
8.13199
8.14492
8.15832
8.17027
8.18273
8.19024
8.19793
8.20417
8.20986
8.21641
8.22168
8.22711
8.23088
8.23166
8.22746
8.22542
8.22511
8.22724
8.22912
8.23072
8.23185
8.23207
8.22907
8.22479
8.22339
8.22161
8.22056
8.22195
8.22476
8.22846
8.23315
8.23919
8.24162
8.24118
8.24188
8.2431
8.2393
8.23725
8.23494
8.23224
8.2267
8.21913
8.21707
8.21473
8.21118
8.21365
8.22121
8.22557
8.2309
8.23273
8.23509
8.23753
8.24116
8.23013
8.22549
8.2223
8.2195
8.21797
8.2163
8.21677
8.20709
8.20643
8.2032
8.20068
8.19849
8.19735
8.19607
8.18661
8.1861
8.18588
8.18818
8.19068
8.19094
8.19057
8.18998
8.18911
8.18806
8.18767
8.18662
8.1878
8.18663
8.18729
8.18809
8.18803
8.18598
8.18447
8.18482
8.18354
8.18178
8.17842
8.16939
8.15927
8.14759
8.1369
8.1286
8.11917
8.09438
8.08262
8.0771
8.07276
8.06851
8.0654
8.06332
8.05933
8.05938
8.06349
8.0651
8.0686
8.06463
8.0606
8.06086
8.06091
8.06373
8.06806
8.06941
8.07454
8.08027
8.08642
8.0887
8.09031
8.09261
8.0966
8.09888
8.09643
8.09693
8.10488
8.11157
8.12018
8.12704
8.13382
8.13908
8.14561
8.1491
8.1522
8.15314
8.14987
8.14844
8.14552
8.14156
8.13532
8.12959
8.12303
8.11446
8.10748
8.10241
8.09724
8.09065
8.08482
8.07941
8.08057
8.07844
8.07799
8.07931
8.08038
8.07831
8.07572
8.07101
8.06891
8.06674
8.06512
8.06724
8.06918
8.07235
8.07628
8.08297
8.0905
8.1015
8.09917
8.10262
8.11009
8.11648
8.12079
8.13086
8.14321
8.1408
8.14415
8.15236
8.16016
8.16682
8.16906
8.17077
8.17112
8.17492
8.17804
8.18058
8.18137
8.18074
8.17852
8.17473
8.17447
8.17452
8.17624
8.18007
8.18223
8.17709
8.173
8.16686
8.16538
8.16089
8.15697
8.15055
8.14317
8.13954
8.13557
8.13214
8.12756
8.12448
8.12129
8.11904
8.11578
8.11308
8.11312
8.11211
8.10396
8.09692
8.09088
8.08554
8.08018
8.07733
8.07417
8.07162
8.07006
8.06807
8.0655
8.06451
8.06243
8.05993
8.05584
8.05472
8.05425
8.05339
8.05368
8.05465
8.05844
8.06247
8.07041
8.07681
8.08256
8.07862
8.06309
8.07283
8.08044
8.08741
8.09202
8.10063
8.10666
8.11379
8.11907
8.12657
8.13244
8.13706
8.14191
8.14688
8.15399
8.15909
8.16646
8.17394
8.18214
8.18896
8.18729
8.18143
8.182
8.18245
8.18614
8.19021
8.19344
8.19332
8.19393
8.19629
8.20112
8.2069
8.21322
8.2167
8.22413
8.23297
8.23988
8.24685
8.25072
8.24191
8.23785
8.23346
8.22706
8.22012
8.21309
8.20688
8.19384
8.17149
8.16374
8.15841
8.15274
8.14484
8.13475
8.11866
8.10731
8.09237
8.07909
8.06575
8.05203
8.04082
8.0351
8.03041
8.02844
8.02621
8.02478
8.02356
8.02361
8.02533
8.02879
8.02846
8.0292
8.032
8.02834
8.03091
8.03005
8.03214
8.03709
8.04078
8.04462
8.05488
8.06336
8.07054
8.07575
8.08301
8.08949
8.09288
8.09499
8.09673
8.10228
8.10476
8.11033
8.11713
8.12372
8.12833
8.13238
8.13679
8.14199
8.14856
8.15245
8.15314
8.15477
8.15928
8.16256
8.16781
8.17201
8.17553
8.1792
8.18185
8.18512
8.18593
8.18551
8.18334
8.18014
8.17628
8.17405
8.17148
8.16912
8.16578
8.1616
8.15701
8.15221
8.14865
8.1462
8.14433
8.14057
8.13828
8.13054
8.11792
8.11583
8.11196
8.1107
8.11058
8.10881
8.10965
8.11273
8.11861
8.12534
8.12853
8.13063
8.13011
8.13241
8.1355
8.14167
8.14899
8.15716
8.16585
8.16366
8.16739
8.17135
8.17297
8.17831
8.18338
8.18846
8.18976
8.19301
8.1945
8.19738
8.19915
8.20233
8.20114
8.20119
8.20088
8.20158
8.20165
8.202
8.20603
8.20511
8.19771
8.19368
8.19591
8.18943
8.18915
8.1883
8.18633
8.18353
8.17949
8.17601
8.1714
8.16368
8.15691
8.14801
8.14548
8.13718
8.13087
8.12041
8.11483
8.11561
8.11505
8.11318
8.11477
8.11705
8.11951
8.11908
8.12131
8.12019
8.12213
8.12439
8.13184
8.13859
8.14258
8.14442
8.14549
8.14666
8.15254
8.15303
8.15416
8.15799
8.15921
8.15473
8.157
8.15889
8.16033
8.16325
8.16507
8.16461
8.16479
8.16459
8.16149
8.16103
8.16067
8.15741
8.15119
8.14528
8.13977
8.13638
8.13221
8.12713
8.12051
8.11372
8.10274
8.09509
8.09552
8.09483
8.0962
8.09961
8.1051
8.11134
8.11611
8.12105
8.12293
8.12643
8.13094
8.1314
8.13217
8.11429
8.11076
8.11048
8.11267
8.11558
8.11786
8.12192
8.1248
8.12735
8.12867
8.13209
8.13562
8.14012
8.14505
8.15091
8.15482
8.15917
8.16329
8.16879
8.17341
8.17641
8.17634
8.176
8.17643
8.17386
8.17209
8.16873
8.1696
8.17159
8.17442
8.17387
8.17173
8.16839
8.16173
8.15523
8.15245
8.14278
8.13735
8.13776
8.1394
8.14473
8.14741
8.1483
8.15162
8.15861
8.16959
8.17545
8.18042
8.18422
8.18451
8.18097
8.17934
8.17952
8.17868
8.17685
8.17577
8.17423
8.17752
8.17535
8.17553
8.1729
8.17065
8.16779
8.16455
8.156
8.1459
8.13562
8.12732
8.12169
8.11863
8.10706
8.10547
8.10132
8.09258
8.08384
8.07903
8.07403
8.07082
8.06957
8.068
8.06964
8.06123
8.05723
8.05413
8.05284
8.05605
8.0582
8.06256
8.06601
8.07393
8.07314
8.07503
8.07482
8.07417
8.07645
8.07972
8.0829
8.08707
8.08889
8.0942
8.09642
8.09843
8.10233
8.10578
8.11028
8.11133
8.11332
8.11425
8.11229
8.11053
8.1108
8.11114
8.10837
8.10519
8.1013
8.10039
8.09971
8.09817
8.09526
8.08882
8.08077
8.07684
8.07288
8.06868
8.06939
8.06963
8.07322
8.07916
8.08308
8.09004
8.0929
8.09697
8.09784
8.0952
8.08353
8.0761
8.0721
8.069
8.06589
8.06331
8.0407
8.03525
8.03373
8.03599
8.03893
8.04178
8.04663
8.05042
8.04398
8.03885
8.03538
8.03472
8.0323
8.03162
8.02926
8.02355
8.02368
8.02543
8.0322
8.03759
8.03266
8.02706
8.01626
8.01245
8.0088
8.00737
8.00503
8.00356
8.00088
7.99918
7.99824
7.99676
7.99558
7.99514
7.99467
7.99456
7.99313
7.9906
7.98886
7.98913
7.98483
7.98278
7.98177
7.98331
7.97841
7.97534
7.97638
7.97208
7.97366
7.97639
7.98014
7.98215
7.98141
7.97882
7.97444
7.97529
7.98092
7.98435
7.99142
7.992
7.98756
7.98732
7.99004
7.993
7.99465
7.99717
8.00222
8.00782
8.01366
8.02058
8.02676
8.03498
8.04442
8.04986
8.05791
8.06352
8.06495
8.06879
8.07263
8.07386
8.0747
8.07601
8.07662
8.07628
8.07457
8.07229
8.06949
8.06783
8.05929
8.05978
8.05296
8.046
8.03962
8.03363
8.02725
8.02196
8.0154
8.01152
8.00909
8.00658
8.00572
8.00544
8.00709
8.01013
8.01292
8.01724
8.02273
8.0292
8.026
8.02469
8.02721
8.02884
8.03178
8.04101
8.04825
8.05467
8.06021
8.0638
8.06571
8.06844
8.07353
8.0749
8.0777
8.08092
8.08324
8.08666
8.0902
8.09191
8.09526
8.09775
8.09868
8.09981
8.09883
8.09682
8.09318
8.09032
8.08698
8.08294
8.08064
8.07732
8.07277
8.06978
8.064
8.05819
8.05432
8.0454
8.04342
8.04169
8.04178
8.0418
8.04394
8.04415
8.04462
8.04502
8.04589
8.0459
8.04605
8.04575
8.03851
8.03799
8.03886
8.03951
8.03895
8.03863
8.03833
8.03802
8.03705
8.03632
8.03792
8.04836
8.05339
8.05994
8.06674
8.07395
8.07902
8.07602
8.07587
8.07637
8.07974
8.07717
8.06627
8.06273
8.06322
8.06729
8.06954
8.06866
8.06929
8.06891
8.0706
8.07056
8.07327
8.07455
8.0769
8.08338
8.09108
8.09357
8.09582
8.10115
8.10425
8.10693
8.10962
8.10849
8.10818
8.10632
8.10264
8.09898
8.09452
8.08972
8.08433
8.07872
8.07476
8.06715
8.06843
8.06956
8.06491
8.06441
8.06391
8.0645
8.06451
8.06274
8.0596
8.06121
8.06268
8.06583
8.06855
8.07297
8.07723
8.08303
8.08823
8.09552
8.10326
8.1046
8.10252
8.10448
8.10476
8.10026
8.10062
8.1051
8.1097
8.11538
8.12226
8.12691
8.13028
8.13587
8.14314
8.15517
8.16657
8.17645
8.18404
8.19186
8.19936
8.20457
8.21122
8.22094
8.22535
8.22891
8.23042
8.2311
8.2315
8.23078
8.22589
8.22217
8.21608
8.20981
8.20255
8.19408
8.18745
8.18035
8.17402
8.16705
8.16132
8.15659
8.15369
8.1489
8.14573
8.14394
8.14154
8.13097
8.12454
8.12005
8.11751
8.11758
8.11384
8.11196
8.11198
8.11332
8.11423
8.1167
8.11032
8.11515
8.11963
8.12514
8.13089
8.13079
8.13738
8.14303
8.14964
8.15123
8.15521
8.15652
8.15667
8.14777
8.15373
8.16019
8.16483
8.17114
8.17794
8.18336
8.18883
8.19346
8.20085
8.20143
8.19958
8.19667
8.19832
8.19888
8.19966
8.20107
8.20189
8.20086
8.19891
8.19712
8.19487
8.19487
8.19357
8.1905
8.18625
8.18331
8.18003
8.17614
8.16596
8.16419
8.15578
8.14393
8.1349
8.12951
8.11194
8.09891
8.0904
8.08408
8.08072
8.08067
8.07734
8.07156
8.06397
8.05906
8.05271
8.04535
8.03285
8.02463
8.02264
8.0218
8.01839
8.01307
8.01215
8.01046
8.00992
8.01162
7.9992
8.00173
8.01155
8.01492
8.02652
8.03607
8.04218
8.05025
8.05714
8.05999
8.06247
8.06392
8.05877
8.0585
8.0603
8.06507
8.06937
8.07026
8.07271
8.07217
8.07136
8.06965
8.06812
8.06669
8.06428
8.06385
8.06757
8.06756
8.06741
8.06573
8.06368
8.06166
8.05855
8.05508
8.05066
8.04737
8.04564
8.04288
8.04061
8.03868
8.04086
8.04329
8.04677
8.04953
8.05207
8.04972
8.04784
8.04691
8.04645
8.04701
8.04754
8.04865
8.04491
8.0454
8.04036
8.03983
8.03934
8.03995
8.04035
8.03275
8.01967
8.00796
7.99681
7.97948
7.9714
7.96387
7.95605
7.9475
7.94081
7.93715
7.93732
7.93729
7.93785
7.93833
7.94011
7.93991
7.94284
7.94537
7.94768
7.95022
7.95046
7.95131
7.94667
7.94826
7.95018
7.95323
7.95435
7.95174
7.94886
7.94253
7.94252
7.94411
7.94449
7.94564
7.94625
7.94625
7.94944
7.94952
7.94725
7.94007
7.93951
7.93867
7.93773
7.93465
7.92982
7.92255
7.91449
7.90826
7.90393
7.89722
7.89266
7.88956
7.88868
7.88572
7.88107
7.88185
7.88165
7.88274
7.88599
7.89014
7.89405
7.89828
7.90287
7.9071
7.9101
7.91158
7.90972
7.90871
7.90666
7.90844
7.90814
7.90784
7.90694
7.90719
7.9032
7.90506
7.9044
7.90368
7.90283
7.89952
7.89463
7.89059
7.88795
7.88647
7.88932
7.89195
7.89819
7.9058
7.90483
7.90324
7.90129
7.90188
7.90507
7.90857
7.91275
7.91504
7.91579
7.91561
7.91657
7.91673
7.91565
7.91513
7.91452
7.91184
7.90909
7.90195
7.90099
7.8968
7.89191
7.88812
7.88516
7.88408
7.88566
7.88919
7.89177
7.89652
7.90029
7.90079
7.90693
7.91224
7.91458
7.91974
7.92442
7.92943
7.93478
7.93734
7.94249
7.94404
7.94793
7.95225
7.95675
7.95614
7.95621
7.95568
7.9564
7.95344
7.95353
7.95406
7.95945
7.96475
7.97211
7.97102
7.9695
7.96704
7.96548
7.965
7.96498
7.96538
7.96582
7.96607
7.96732
7.9686
7.97013
7.96991
7.96753
7.96218
7.95985
7.95688
7.95411
7.95355
7.95472
7.95183
7.95153
7.94985
7.94954
7.93475
7.92928
7.91762
7.91578
7.91925
7.92182
7.92314
7.92236
7.92289
7.92149
7.92165
7.92017
7.91929
7.91865
7.92009
7.92214
7.92404
7.92805
7.93215
7.93924
7.94373
7.94467
7.94851
7.94905
7.94396
7.93937
7.93425
7.93016
7.92572
7.92249
7.92031
7.93086
7.94183
7.9596
7.9726
7.97919
7.98461
7.99054
7.99666
8.00263
8.00852
8.01289
8.01819
8.02304
8.02795
8.03133
8.03565
8.04186
8.04935
8.06038
8.0656
8.07282
8.07965
8.0844
8.08734
8.08771
8.08806
8.08677
8.08346
8.07014
8.05881
8.04391
8.03337
8.01981
8.01343
8.00136
7.99219
7.98259
7.97578
7.96953
7.9629
7.95742
7.95231
7.94702
7.9415
7.93764
7.93375
7.93121
7.93064
7.92749
7.92516
7.91879
7.90741
7.90227
7.89815
7.88959
7.88836
7.88888
7.88784
7.88872
7.89409
7.89931
7.90595
7.9123
7.91978
7.92634
7.93955
7.94159
7.94596
7.95254
7.96144
7.97103
7.98192
7.98248
7.97211
7.97223
7.97186
7.96999
7.96811
7.96627
7.96416
7.96336
7.96169
7.96097
7.95981
7.95921
7.95895
7.96067
7.96237
7.96441
7.96697
7.96959
7.97249
7.97594
7.97801
7.97924
7.98123
7.97776
7.97722
7.97519
7.97149
7.96872
7.96358
7.96036
7.96424
7.96651
7.96734
7.96583
7.96551
7.96408
7.96336
7.95963
7.95571
7.95049
7.94616
7.93425
7.92669
7.91943
7.91206
7.90545
7.89944
7.8907
7.88102
7.87301
7.87072
7.86601
7.86181
7.85954
7.85589
7.85359
7.85055
7.84868
7.84788
7.84774
7.84765
7.84851
7.84915
7.85093
7.85311
7.85619
7.85956
7.86426
7.8687
7.87184
7.868
7.86223
7.85682
7.8536
7.85172
7.84959
7.85193
7.85405
7.85997
7.86705
7.87368
7.87761
7.88435
7.8906
7.8967
7.90428
7.91106
7.91732
7.92271
7.92739
7.93234
7.93429
7.93329
7.93348
7.93189
7.93119
7.92917
7.91791
7.91307
7.90893
7.90638
7.90131
7.89268
7.88532
7.87812
7.87135
7.86942
7.8669
7.86716
7.86918
7.87118
7.87321
7.87837
7.88353
7.8875
7.88912
7.88393
7.88084
7.88051
7.88323
7.88731
7.89198
7.89922
7.90473
7.91417
7.92294
7.93121
7.94031
7.94816
7.95643
7.96333
7.97008
7.9729
7.9732
7.96979
7.96466
7.95954
7.95445
7.94882
7.94297
7.93753
7.93124
7.92697
7.9284
7.9255
7.92361
7.91956
7.91708
7.91488
7.9131
7.91343
7.91208
7.912
7.9122
7.91367
7.91412
7.9153
7.91432
7.9138
7.91695
7.91731
7.91446
7.91165
7.90884
7.90467
7.90087
7.89719
7.89391
7.89021
7.88456
7.88171
7.87807
7.87616
7.87248
7.86945
7.87185
7.87573
7.88017
7.8859
7.89432
7.90248
7.91036
7.91932
7.93023
7.93995
7.94866
7.95618
7.96212
7.96779
7.97217
7.96417
7.96717
7.97219
7.97581
7.98039
7.98374
7.98527
7.98474
7.98225
7.97878
7.97553
7.97324
7.97142
7.96845
7.96505
7.96167
7.95829
7.95695
7.95788
7.96181
7.9547
7.95793
7.95977
7.96175
7.96469
7.96473
7.96434
7.96182
7.96327
7.95279
7.955
7.95258
7.94646
7.94218
7.93852
7.93145
7.92628
7.92081
7.91656
7.91166
7.9129
7.91422
7.91588
7.91683
7.92082
7.92322
7.92399
7.9271
7.92897
7.93084
7.93229
7.93377
7.92624
7.92239
7.9171
7.91019
7.90581
7.90704
7.90471
7.90104
7.89759
7.89336
7.88688
7.88044
7.87298
7.86919
7.85956
7.86152
7.84705
7.84332
7.83942
7.83632
7.83237
7.8308
7.8282
7.82728
7.8264
7.8284
7.83269
7.83882
7.84649
7.85071
7.85515
7.85992
7.85366
7.84385
7.83929
7.83502
7.8312
7.82795
7.82455
7.82191
7.82191
7.82035
7.82201
7.82258
7.82605
7.83026
7.82519
7.83296
7.83886
7.84297
7.84541
7.84755
7.84993
7.85167
7.85444
7.85945
7.85813
7.87301
7.87885
7.88331
7.88869
7.8902
7.89192
7.89159
7.89105
7.88908
7.884
7.87593
7.86725
7.85967
7.85009
7.83965
7.8307
7.82328
7.81418
7.8043
7.79659
7.7862
7.77648
7.76872
7.76009
7.75325
7.7491
7.74932
7.74583
7.74268
7.73953
7.7373
7.7368
7.73512
7.73257
7.73338
7.73434
7.73746
7.74222
7.74786
7.74557
7.75279
7.76336
7.77457
7.78492
7.78387
7.7938
7.79866
7.80215
7.8077
7.81462
7.82035
7.82488
7.82708
7.82988
7.83357
7.82573
7.8276
7.82645
7.82704
7.82761
7.83094
7.83258
7.83483
7.83434
7.8352
7.83878
7.84502
7.84657
7.84919
7.85108
7.85247
7.85583
7.85695
7.85851
7.8579
7.85884
7.85994
7.85712
7.84909
7.84173
7.8284
7.82488
7.82316
7.82128
7.81913
7.81717
7.81401
7.80887
7.80496
7.80094
7.7996
7.79672
7.79296
7.79018
7.78763
7.78572
7.78363
7.78101
7.78123
7.78044
7.77958
7.77845
7.77934
7.77855
7.78141
7.78443
7.78817
7.79228
7.79555
7.79923
7.80387
7.8064
7.80886
7.81134
7.8124
7.81338
7.80773
7.80527
7.8013
7.79957
7.79933
7.79891
7.80012
7.79586
7.79633
7.79622
7.79657
7.79779
7.79934
7.8005
7.80246
7.79127
7.79338
7.79111
7.79615
7.7952
7.79958
7.80031
7.79934
7.79752
7.79576
7.79407
7.7931
7.79248
7.79145
7.79269
7.79271
7.7933
7.79424
7.79661
7.79574
7.79417
7.80243
7.81126
7.81197
7.83284
7.84262
7.84732
7.85235
7.85457
7.85662
7.85898
7.85942
7.85801
7.85528
7.85128
7.84556
7.84062
7.83534
7.8217
7.80657
7.79872
7.79175
7.78423
7.78108
7.77279
7.7709
7.77443
7.77867
7.77865
7.77801
7.77162
7.76599
7.76502
7.77108
7.77155
7.76965
7.76648
7.76369
7.76123
7.75806
7.75672
7.75575
7.75472
7.75516
7.75495
7.75758
7.76123
7.76595
7.77083
7.77605
7.7818
7.78931
7.79402
7.7991
7.80351
7.80964
7.81539
7.81986
7.82394
7.8274
7.8282
7.83038
7.82959
7.83292
7.8359
7.83289
7.82781
7.82146
7.80664
7.81047
7.8139
7.81702
7.81933
7.81791
7.81694
7.81562
7.8138
7.80943
7.81239
7.81374
7.81196
7.81031
7.8075
7.79842
7.79294
7.78919
7.78914
7.78726
7.78489
7.79014
7.79316
7.79433
7.79175
7.79065
7.78207
7.77958
7.77718
7.77648
7.77808
7.78031
7.78125
7.78095
7.78394
7.77786
7.77607
7.76852
7.77171
7.77789
7.77972
7.78717
7.79587
7.80169
7.80547
7.81219
7.81887
7.82253
7.82583
7.82766
7.83293
7.83651
7.84261
7.84644
7.85057
7.85648
7.86277
7.85988
7.85416
7.84818
7.83516
7.83549
7.83521
7.83193
7.83918
7.8409
7.84
7.83816
7.83254
7.82348
7.81325
7.80235
7.79079
7.7829
7.7758
7.76933
7.76315
7.75882
7.75529
7.75047
7.74417
7.74026
7.73732
7.72647
7.7295
7.72984
7.73122
7.73497
7.73789
7.74479
7.75129
7.75729
7.76323
7.76792
7.76983
7.76899
7.77495
7.78121
7.78705
7.79553
7.80278
7.81041
7.81775
7.82296
7.82725
7.82701
7.83093
7.82965
7.83054
7.82964
7.83073
7.83038
7.83018
7.83038
7.83053
7.83044
7.83108
7.83106
7.83116
7.83192
7.82818
7.82555
7.82199
7.81553
7.82006
7.82492
7.83145
7.83899
7.84588
7.85263
7.85562
7.85886
7.85882
7.85632
7.85356
7.85055
7.84664
7.84196
7.83545
7.83511
7.83676
7.84376
7.85013
7.8516
7.84922
7.84618
7.83439
7.82487
7.81627
7.8077
7.80149
7.79714
7.79367
7.79254
7.79277
7.79504
7.80143
7.80496
7.81056
7.81604
7.82293
7.82499
7.82674
7.83176
7.83292
7.83139
7.83539
7.84061
7.8453
7.84721
7.84993
7.84934
7.85118
7.85097
7.85162
7.85157
7.85386
7.85397
7.85479
7.84491
7.84013
7.83542
7.83183
7.82914
7.8251
7.82117
7.82157
7.82067
7.81271
7.80818
7.80652
7.80668
7.80784
7.81091
7.81425
7.81914
7.82495
7.83114
7.83875
7.84569
7.85474
7.86362
7.86971
7.87517
7.88121
7.88547
7.88995
7.89311
7.89722
7.90036
7.8969
7.89912
7.90058
7.90015
7.89816
7.89515
7.89072
7.88839
7.88249
7.87255
7.86333
7.85287
7.84238
7.83311
7.82381
7.81591
7.80995
7.80509
7.80297
7.80117
7.80142
7.80275
7.80572
7.81052
7.81486
7.81896
7.82184
7.82258
7.82302
7.82198
7.82085
7.8189
7.81017
7.80999
7.80714
7.80293
7.79806
7.79383
7.79511
7.79949
7.8049
7.81096
7.81508
7.81773
7.81816
7.8195
7.81988
7.81832
7.81558
7.81214
7.80877
7.80545
7.80199
7.79915
7.79525
7.79088
7.78538
7.79078
7.78574
7.77924
7.77322
7.76624
7.76312
7.76379
7.76648
7.76683
7.76782
7.76882
7.76863
7.76997
7.77093
7.77124
7.76966
7.76687
7.76037
7.75311
7.75058
7.74925
7.74678
7.74667
7.74175
7.74978
7.75606
7.75103
7.75386
7.75669
7.75757
7.75869
7.75847
7.75833
7.75312
7.76185
7.75964
7.75683
7.75353
7.75094
7.74821
7.7471
7.74727
7.75031
7.75374
7.76248
7.76779
7.77205
7.77545
7.78238
7.79004
7.79005
7.78888
7.78775
7.7824
7.78139
7.78785
7.79223
7.79327
7.79489
7.79783
7.80205
7.80513
7.81216
7.8189
7.81889
7.82286
7.82263
7.81534
7.81565
7.81474
7.81261
7.8099
7.80926
7.80429
7.79993
7.79631
7.79177
7.78801
7.78346
7.77946
7.77626
7.77312
7.7698
7.76868
7.76775
7.7675
7.76674
7.76693
7.76504
7.76374
7.76336
7.75862
7.75697
7.75683
7.75946
7.75795
7.75597
7.75511
7.75335
7.75479
7.75425
7.7525
7.749
7.74184
7.73431
7.72209
7.71922
7.71621
7.71247
7.71004
7.7075
7.70477
7.70245
7.69854
7.69557
7.69307
7.69068
7.68876
7.68566
7.67522
7.67367
7.66454
7.65984
7.65907
7.65923
7.66064
7.66913
7.67367
7.67264
7.68261
7.68622
7.68947
7.69477
7.70275
7.71019
7.7168
7.72227
7.7251
7.72675
7.7302
7.73143
7.74412
7.74975
7.75028
7.7571
7.76617
7.77407
7.78031
7.78465
7.78908
7.79467
7.79821
7.79593
7.79362
7.79637
7.79752
7.79915
7.79961
7.79912
7.79846
7.79676
7.79558
7.79415
7.79222
7.79189
7.79446
7.79611
7.79609
7.79548
7.79591
7.79559
7.7966
7.7962
7.80015
7.79437
7.79712
7.79505
7.7935
7.79247
7.78752
7.78415
7.77851
7.77405
7.771
7.76899
7.7678
7.76882
7.77241
7.77338
7.77496
7.77502
7.77527
7.77371
7.77111
7.77188
7.77183
7.77071
7.77089
7.77143
7.77066
7.77057
7.76974
7.76802
7.76648
7.76058
7.75661
7.75095
7.74543
7.74066
7.73667
7.73414
7.73252
7.7301
7.72936
7.72525
7.72579
7.72866
7.73385
7.74385
7.75007
7.75959
7.7671
7.76553
7.7672
7.77072
7.77325
7.77454
7.77497
7.7757
7.77596
7.77642
7.77606
7.77507
7.76656
7.76516
7.76376
7.76095
7.75762
7.75447
7.75236
7.7538
7.75443
7.7555
7.75867
7.76421
7.76484
7.76211
7.75942
7.76279
7.76209
7.76045
7.76168
7.75754
7.75305
7.74913
7.74595
7.74462
7.74569
7.74452
7.74345
7.74418
7.74441
7.74525
7.74633
7.7471
7.74738
7.7498
7.75143
7.75243
7.75391
7.75457
7.7563
7.75593
7.76876
7.77486
7.77915
7.7883
7.79705
7.81151
7.82391
7.83164
7.83255
7.83677
7.84067
7.84661
7.85202
7.85781
7.86326
7.86458
7.86144
7.8628
7.86274
7.86433
7.86418
7.86316
7.86183
7.86075
7.85973
7.85872
7.84827
7.8467
7.84527
7.84412
7.8412
7.83677
7.83193
7.82532
7.82032
7.81113
7.79787
7.79097
7.7864
7.77868
7.78033
7.77258
7.7655
7.76204
7.7578
7.75004
7.74345
7.73675
7.73271
7.72769
7.72173
7.71783
7.71327
7.71101
7.7088
7.7081
7.70733
7.70967
7.71335
7.71445
7.71608
7.72551
7.73315
7.74095
7.74563
7.75006
7.75566
7.76088
7.76427
7.7674
7.77251
7.77503
7.7766
7.77953
7.78193
7.78123
7.78345
7.78398
7.78436
7.78489
7.78824
7.79135
7.79541
7.79953
7.80491
7.80928
7.81638
7.81313
7.81196
7.81387
7.81673
7.82407
7.83005
7.83728
7.84361
7.84907
7.8508
7.85347
7.85442
7.8558
7.85514
7.85495
7.85388
7.85112
7.85909
7.86704
7.87431
7.8804
7.88429
7.88563
7.88911
7.88768
7.88689
7.88564
7.88312
7.87582
7.87578
7.87513
7.87522
7.87351
7.87267
7.87294
7.87268
7.86969
7.86022
7.85423
7.85305
7.85258
7.85184
7.85145
7.85154
7.85162
7.85221
7.85214
7.84858
7.84379
7.83893
7.83611
7.83388
7.83241
7.82232
7.81831
7.81786
7.81581
7.8132
7.80921
7.80491
7.80157
7.79799
7.79574
7.79772
7.80728
7.81456
7.82127
7.82332
7.82448
7.82472
7.82566
7.82745
7.82796
7.82615
7.82604
7.82397
7.81655
7.80904
7.80332
7.7992
7.79543
7.79328
7.79118
7.78353
7.78653
7.78881
7.79656
7.80131
7.80933
7.81238
7.81393
7.81463
7.81336
7.81033
7.80591
7.80105
7.80051
7.79857
7.80061
7.80104
7.80135
7.80134
7.8019
7.80346
7.80695
7.81163
7.81627
7.82141
7.82826
7.83372
7.84084
7.8473
7.85324
7.85965
7.86197
7.86889
7.87626
7.8809
7.88541
7.89054
7.89026
7.89092
7.89313
7.89481
7.89216
7.88586
7.87965
7.87451
7.87552
7.87368
7.86976
7.86699
7.86295
7.86063
7.86623
7.86911
7.86975
7.87004
7.87066
7.87396
7.87517
7.87767
7.87917
7.88294
7.88068
7.8749
7.87217
7.86825
7.86658
7.86544
7.8611
7.85739
7.85364
7.85627
7.85832
7.86089
7.86345
7.86264
7.86681
7.87219
7.8779
7.88299
7.88719
7.89193
7.89688
7.89635
7.8932
7.89549
7.89153
7.89173
7.89094
7.89201
7.88503
7.88584
7.88792
7.88691
7.88411
7.87984
7.87518
7.87059
7.86605
7.86047
7.85549
7.8505
7.84497
7.83887
7.83185
7.82509
7.82041
7.81753
7.81539
7.80208
7.80215
7.80386
7.80706
7.81032
7.81291
7.81706
7.82063
7.82316
7.82563
7.83157
7.83678
7.84247
7.84416
7.84279
7.84506
7.84845
7.84987
7.85095
7.85097
7.84868
7.84644
7.84365
7.84212
7.83975
7.83716
7.83549
7.83723
7.83183
7.83617
7.83679
7.83754
7.83982
7.84267
7.84561
7.84737
7.84529
7.83993
7.8347
7.83085
7.82669
7.82307
7.82018
7.81755
7.81623
7.81596
7.81786
7.8198
7.82509
7.83034
7.83539
7.84075
7.84709
7.85155
7.86427
7.87134
7.87848
7.8854
7.8935
7.89998
7.90587
7.9139
7.92084
7.92712
7.93166
7.93027
7.93118
7.92926
7.92391
7.92244
7.91814
7.90864
7.89953
7.88876
7.87811
7.86663
7.85507
7.84173
7.82616
7.81653
7.80491
7.78903
7.77739
7.76554
7.75582
7.74785
7.74055
7.73905
7.74034
7.7391
7.73754
7.73662
7.73852
7.74101
7.7423
7.74613
7.74996
7.75775
7.76066
7.76236
7.76432
7.77262
7.77662
7.78003
7.78284
7.77392
7.76659
7.76939
7.77001
7.77122
7.7697
7.76668
7.76464
7.76287
7.7583
7.75877
7.7603
7.76306
7.76563
7.77188
7.77692
7.7848
7.79419
7.79618
7.80126
7.80723
7.81582
7.82315
7.82941
7.83765
7.84829
7.84914
7.84974
7.85307
7.86152
7.87433
7.88406
7.89317
7.89704
7.90021
7.90572
7.91447
7.92125
7.92481
7.92736
7.93332
7.93809
7.9386
7.93765
7.93804
7.93708
7.93556
7.93491
7.93318
7.93224
7.92704
7.92262
7.91901
7.91578
7.91259
7.90928
7.90794
7.90482
7.9032
7.90134
7.90162
7.90326
7.90643
7.90784
7.90967
7.91429
7.91767
7.9237
7.93197
7.94018
7.9432
7.94506
7.9487
7.95491
7.96244
7.96756
7.97287
7.97851
7.98263
7.98707
7.99775
8.0032
8.00804
8.01799
8.02591
8.03011
8.03733
8.04155
8.04691
8.05106
8.05371
8.05641
8.0496
8.04602
8.04212
8.03995
8.03486
8.03068
8.02735
8.01641
8.01199
8.00934
8.00927
8.00916
8.01019
8.01452
8.0181
8.02373
8.03011
8.03689
8.04533
8.0537
8.06125
8.06592
8.06592
8.05092
8.04809
8.04622
8.04823
8.05099
8.05337
8.0565
8.05943
8.0604
8.0609
8.06239
8.06303
8.06556
8.06711
8.06984
8.06837
8.06626
8.06532
8.06297
8.06478
8.06356
8.06318
8.06591
8.06834
8.06936
8.06335
8.06489
8.06767
8.06745
8.06483
8.06748
8.06969
8.07381
8.07779
8.08088
8.08385
8.0874
8.08772
8.08767
8.08874
8.08829
8.08502
8.08337
8.07985
8.07533
8.07099
8.06856
8.06503
8.0621
8.05922
8.05968
8.06068
8.0629
8.06451
8.06862
8.06894
8.06814
8.06898
8.07057
8.05545
8.05162
8.04984
8.0512
8.05508
8.05417
8.05552
8.05384
8.05335
8.05269
8.04974
8.04942
8.04806
8.04323
8.04318
8.04701
8.05192
8.05762
8.06546
8.07028
8.07788
8.0845
8.09157
8.10044
8.10949
8.11868
8.12584
8.1333
8.13216
8.13033
8.1244
8.12144
8.11331
8.1118
8.10988
8.10908
8.10504
8.09983
8.09306
8.09375
8.0946
8.09494
8.09523
8.09731
8.1009
8.10587
8.10008
8.09493
8.09024
8.08998
8.08708
8.08852
8.0895
8.08928
8.09182
8.09419
8.0949
8.09492
8.09438
8.0855
8.0773
8.07495
8.07434
8.07149
8.07031
8.06791
8.06473
8.06198
8.06005
8.05906
8.05764
8.05468
8.05801
8.05826
8.059
8.05939
8.06255
8.06438
8.0594
8.0561
8.05619
8.04849
8.05622
8.05885
8.06025
8.05621
8.05171
8.05156
8.05169
8.05177
8.0523
8.05223
8.05424
8.05723
8.06029
8.05739
8.05996
8.05661
8.06248
8.06426
8.06524
8.07118
8.0828
8.08971
8.09565
8.10196
8.11082
8.11725
8.12582
8.134
8.14302
8.14878
8.15571
8.16158
8.16988
8.1787
8.18552
8.1968
8.20757
8.21741
8.21773
8.21514
8.2269
8.23314
8.23035
8.24941
8.25851
8.26661
8.27395
8.28374
8.29407
8.30327
8.31095
8.31557
8.31263
8.31171
8.31052
8.30903
8.30831
8.30735
8.31274
8.3197
8.32506
8.33143
8.33489
8.3358
8.33745
8.33993
8.34154
8.34725
8.3521
8.36427
8.37075
8.37305
8.37514
8.37988
8.38356
8.39166
8.40129
8.41312
8.42551
8.43965
8.45279
8.46651
8.47617
8.48958
8.5025
8.51306
8.5234
8.53056
8.5417
8.55058
8.55879
8.56786
8.5774
8.58535
8.58863
8.58441
8.58774
8.58829
8.58607
8.58291
8.57548
8.5595
8.54941
8.54648
8.54194
8.53857
8.53752
8.53692
8.53903
8.54034
8.5342
8.52498
8.51461
8.49999
8.49766
8.50343
8.50449
8.50426
8.50187
8.50164
8.50041
8.49536
8.48594
8.48349
8.48257
8.50023
8.50943
8.5196
8.53003
8.53948
8.55167
8.56429
8.57851
8.59202
8.60252
8.61014
8.61577
8.62059
8.62669
8.63321
8.65004
8.65959
8.67601
8.69047
8.70203
8.71545
8.72722
8.73382
8.73488
8.73848
8.74229
8.74638
8.7485
8.73683
8.72561
8.72743
8.73437
8.73132
8.72426
8.71685
8.71026
8.7009
8.69116
8.68148
8.66858
8.65295
8.63907
8.62567
8.61246
8.60008
8.58431
8.59612
8.61063
8.62666
8.64639
8.64971
8.64104
8.63175
8.62111
8.61484
8.60696
8.59719
8.58815
8.57937
8.57175
8.56607
8.55897
8.55134
8.54416
8.53619
8.5302
8.52894
8.52736
8.51946
8.51276
8.50914
8.50475
8.50573
8.49685
8.49227
8.48776
8.50062
8.50968
8.5097
8.50624
8.50969
8.51438
8.51958
8.5243
8.53203
8.53709
8.54406
8.55043
8.55475
8.57614
8.59649
8.61018
8.62058
8.63225
8.64252
8.65235
8.66296
8.67438
8.68441
8.69726
8.71137
8.72829
8.74326
8.76078
8.78003
8.79923
8.82064
8.84221
8.86721
8.89292
8.9215
8.95016
8.97246
8.98654
9.00611
9.0224
9.03107
9.03995
9.04718
9.05523
9.059
9.06936
9.07825
9.08557
9.08957
9.09433
9.08849
9.08999
9.09889
9.10914
9.12285
9.13787
9.1643
9.17993
9.19948
9.22471
9.25359
9.27956
9.3043
9.33688
9.37017
9.38568
9.40746
9.43324
9.45977
9.48587
9.5121
9.53951
9.5655
9.59141
9.60997
9.62984
9.6447
9.65555
9.669
9.68392
9.69994
9.71318
9.72372
9.73132
9.72293
9.71454
9.70716
9.70028
9.70223
9.71511
9.73147
9.75034
9.77167
9.78951
9.80623
9.83254
9.8632
9.90096
9.94033
9.97148
9.9944
10.028
10.0646
10.1055
10.1437
10.181
10.2168
10.2524
10.2861
10.3312
10.3781
10.4242
10.4784
10.5352
10.5905
10.647
10.6972
10.7412
10.783
10.8229
10.8533
10.8791
10.8931
10.9009
10.9072
10.9104
10.9096
10.9059
10.903
10.9047
10.9089
10.9183
10.9292
10.9352
10.9492
10.9712
10.99
10.9997
11.0137
11.0417
11.0744
11.1142
11.1509
11.1886
11.2413
11.2928
11.3522
11.4032
11.4382
11.4736
11.5101
11.5508
11.5958
11.6488
11.6922
11.7364
11.7875
11.8457
11.9088
11.9693
12.0355
12.1027
12.1638
12.2049
12.2297
12.2471
12.2706
12.2984
12.3288
12.3634
12.403
12.4487
12.4971
12.5243
12.553
12.5837
12.6313
12.6776
12.7302
12.8005
12.8784
12.954
13.0455
13.1297
13.2112
13.2956
13.3703
13.4406
13.5148
13.5835
13.6612
13.74
13.8118
13.8872
13.971
14.0522
14.1364
14.2155
14.2922
14.3809
14.4929
14.6222
14.7664
14.8851
15.0222
15.1633
15.3117
15.4608
15.6103
15.7373
15.8396
15.9199
16.0033
16.1079
16.234
16.3786
16.4948
16.6142
16.7542
16.8756
16.9882
17.0727
17.1505
17.2237
17.3031
17.3859
17.4802
17.5708
17.6781
17.7982
17.9735
18.1547
18.3602
18.5447
18.7072
18.8805
19.0353
19.153
19.267
19.3667
19.4739
19.5518
19.6229
19.6959
19.8102
19.9573
20.1672
20.4104
20.7041
21.0361
21.3373
21.5151
21.6324
21.7113
21.8138
21.9402
22.136
22.3391
22.5731
22.7795
22.9917
23.1684
23.3419
23.5589
23.7071
23.8505
24.0249
24.2641
24.5742
24.9629
25.433
25.9007
26.2479
26.4888
26.6223
26.7324
26.855
27.0382
27.2812
27.6207
28.0205
28.4805
28.8662
29.1338
29.2702
29.3585
29.4417
29.5702
29.7581
30.0326
30.313
30.706
-nan
