0.0260038
0.051455
0.0768199
0.10217
0.127536
0.152881
0.178242
0.203601
0.22902
0.254419
0.279802
0.305217
0.330615
0.356017
0.381432
0.406825
0.432214
0.457624
0.483035
0.508449
0.533862
0.559279
0.584709
0.610125
0.635545
0.660971
0.686388
0.711804
0.737248
0.76267
0.788101
0.813542
0.83899
0.864443
0.889885
0.915331
0.940774
0.96622
0.99166
1.01713
1.04257
1.06802
1.09346
1.11892
1.14438
1.16983
1.19528
1.22072
1.24617
1.27161
1.29734
1.32283
1.34828
1.37373
1.39918
1.42463
1.45006
1.47548
1.50091
1.52638
1.55186
1.57729
1.60275
1.6282
1.65364
1.67908
1.70453
1.72997
1.7554
1.78083
1.80625
1.83168
1.85712
1.88255
1.90799
1.93345
1.9589
1.98436
2.0098
2.03525
2.06069
2.08614
2.11159
2.13702
2.16247
2.18792
2.21339
2.23884
2.26426
2.28973
2.31517
2.34062
2.36606
2.39151
2.41696
2.4424
2.46785
2.49333
2.51876
2.54419
2.56962
2.59507
2.62052
2.64595
2.67141
2.69686
2.72235
2.74781
2.77325
2.79867
2.82413
2.84959
2.87505
2.9005
2.92593
2.95142
2.97686
3.00231
3.02776
3.0532
3.07867
3.10411
3.12956
3.155
3.18046
3.20589
3.23134
3.25677
3.28224
3.30767
3.33313
3.35858
3.38402
3.40946
3.43491
3.46036
3.48581
3.51125
3.53671
3.56216
3.58761
3.61308
3.63853
3.66397
3.68941
3.71483
3.74027
3.76566
3.7911
3.81654
3.84202
3.86745
3.89291
3.91836
3.9438
3.96924
3.99468
4.02017
4.04562
4.07107
4.09654
4.12201
4.14746
4.17291
4.19838
4.22384
4.24933
4.27478
4.30028
4.32574
4.35118
4.37664
4.40209
4.42753
4.45307
4.47857
4.50401
4.52946
4.55493
4.58037
4.60581
4.63124
4.6567
4.68215
4.70759
4.73306
4.75851
4.78392
4.80935
4.83478
4.86021
4.88565
4.91109
4.93651
4.96195
4.98738
5.0128
5.03823
5.06368
5.08913
5.11459
5.14004
5.16553
5.191
5.21643
5.24187
5.26732
5.29275
5.31821
5.34366
5.36913
5.39461
5.42007
5.44551
5.47097
5.49644
5.52189
5.54734
5.57282
5.59829
5.62374
5.64919
5.67465
5.70009
5.72556
5.75102
5.77647
5.80191
5.82737
5.85283
5.87829
5.90374
5.92922
5.9547
5.98015
6.00561
6.03107
6.05649
6.08194
6.10739
6.13284
6.1583
6.18375
6.20919
6.23465
6.26009
6.28555
6.31101
6.33646
6.36193
6.38737
6.41285
6.43833
6.46378
6.48929
6.51476
6.54023
6.56571
6.59116
6.61661
6.64207
6.66755
6.69302
6.71848
6.74392
6.76936
6.79483
6.8203
6.84577
6.87121
6.89668
6.92215
6.9476
6.97307
6.99852
7.02392
7.0494
7.07488
7.10033
7.12578
7.15126
7.17674
7.20222
7.22767
7.25314
7.27856
7.304
7.32945
7.35489
7.38041
7.40589
7.43133
7.45678
7.48222
7.5077
7.53317
7.55862
7.58407
7.60952
7.63497
7.66041
7.68584
7.71129
7.73671
7.76216
7.78762
7.81309
7.83853
7.86397
7.88942
7.91491
7.94036
7.96581
7.99126
8.01672
8.04217
8.06763
8.09309
8.11856
8.14403
8.16948
8.19491
8.22034
8.24577
8.27123
8.29669
8.32217
8.34762
8.37308
8.39853
8.42392
8.44939
8.47484
8.50028
8.52574
8.55122
8.57667
8.60215
8.6276
8.65308
8.67854
8.704
8.72946
8.75495
8.78043
8.80587
8.83133
8.8568
8.88223
8.90769
8.93319
8.95864
8.98409
9.00958
9.03507
9.06055
9.08603
9.11153
9.13702
9.16252
9.188
9.21345
9.23891
9.26434
9.28977
9.31521
9.34069
9.36616
9.39165
9.41709
9.44253
9.46799
9.49348
9.51893
9.5444
9.56985
9.59532
9.62078
9.64623
9.67169
9.69716
9.72263
9.74806
9.77352
9.79898
9.82445
9.8499
9.87534
9.9008
9.92626
9.95174
9.97723
10.0027
10.0281
10.0536
10.079
10.1045
10.1299
10.1554
10.1809
10.2063
10.2318
10.2572
10.2827
10.3081
10.3336
10.359
10.3844
10.4099
10.4353
10.4608
10.4862
10.5117
10.5371
10.5626
10.5881
10.6136
10.639
10.6645
10.69
10.7154
10.7408
10.7663
10.7918
10.8172
10.8427
10.8681
10.8936
10.919
10.9445
10.97
10.9954
11.0209
11.0464
11.0719
11.0973
11.1228
11.1482
11.1737
11.1991
11.2245
11.25
11.2755
11.3009
11.3264
11.3518
11.3773
11.4028
11.4282
11.4537
11.4791
11.5046
11.53
11.5555
11.5809
11.6064
11.6319
11.6573
11.6828
11.7082
11.7337
11.7591
11.7845
11.81
11.8355
11.861
11.8865
11.9119
11.9374
11.9628
11.9883
12.0137
12.0413
12.0667
12.0922
12.1176
12.1431
12.1685
12.194
12.2194
12.2449
12.2704
12.2958
12.3213
12.3467
12.3722
12.3977
12.4231
12.4486
12.474
12.4995
12.5249
12.5504
12.5758
12.6012
12.6267
12.6521
12.6775
12.703
12.7284
12.7538
12.7793
12.8047
12.8302
12.8556
12.8811
12.9066
12.9321
12.9575
12.983
13.0084
13.0338
13.0593
13.0847
13.1102
13.1357
13.1611
13.1866
13.2121
13.2375
13.2629
13.2884
13.3138
13.3393
13.3647
13.3902
13.4156
13.4411
13.4665
13.4919
13.5174
13.5429
13.5683
13.5938
13.6193
13.6447
13.6702
13.6957
13.7211
13.7466
13.772
13.7974
13.8229
13.8484
13.8739
13.8993
13.9248
13.9502
13.9757
14.0012
14.0267
14.0521
14.0776
14.103
14.1285
14.154
14.1794
14.2048
14.2303
14.2557
14.2812
14.3066
14.3321
14.3575
14.383
14.4084
14.4339
14.4594
14.4849
14.5103
14.5358
14.5612
14.5867
14.6121
14.6376
14.663
14.6884
14.7139
14.7393
14.7648
14.7902
14.8157
14.8411
14.8665
14.892
14.9174
14.9429
14.9683
14.9937
15.0191
15.0446
15.07
15.0955
15.1209
15.1464
15.1718
15.1973
15.2227
15.2481
15.2736
15.299
15.3245
15.3499
15.3754
15.4008
15.4263
15.4517
15.4772
15.5026
15.5281
15.5535
15.579
15.6044
15.6298
15.6553
15.6807
15.7061
15.7316
15.757
15.7825
15.8079
15.8334
15.8588
15.8843
15.9097
15.9352
15.9606
15.986
16.0115
16.037
16.0624
16.0879
16.1133
16.1388
16.1642
16.1897
16.2151
16.2406
16.266
16.2915
16.3169
16.3424
16.3678
16.3933
16.4187
16.4442
16.4696
16.4951
16.5206
16.5461
16.5715
16.597
16.6225
16.6479
16.6734
16.6988
16.7243
16.7498
16.7752
16.8006
16.8261
16.8515
16.877
16.9024
16.9279
16.9534
16.9788
17.0043
17.0297
17.0552
17.0807
17.1062
17.1319
17.1611
17.1865
17.212
17.2374
17.2629
17.2884
17.3138
17.3393
17.3647
17.3902
17.4156
17.4411
17.4665
17.492
17.5174
17.5429
17.5683
17.5938
17.6192
17.6447
17.6701
17.6956
17.721
17.7464
17.7719
17.7973
17.8228
17.8482
17.8736
17.8991
17.9246
17.95
17.9755
18.0009
18.0264
18.0518
18.0772
18.1027
18.1281
18.1536
18.1791
18.2045
18.23
18.2554
18.2809
18.3063
18.3318
18.3572
18.3827
18.4081
18.4336
18.459
18.4845
18.5099
18.5354
18.5609
18.5863
18.6118
18.6372
18.6626
18.6881
18.7136
18.739
18.7645
18.79
18.8154
18.8409
18.8663
18.8918
18.9172
18.9426
18.9681
18.9935
19.0189
19.0444
19.0698
19.0953
19.1207
19.1462
19.1716
19.1971
19.2226
19.248
19.2735
19.2989
19.3244
19.3498
19.3753
19.4007
19.4262
19.4517
19.4771
19.5026
19.528
19.5535
19.5789
19.6044
19.6298
19.6553
19.6807
19.7061
19.7316
19.7571
19.7825
19.8079
19.8334
19.8588
19.8843
19.9097
19.9351
19.9606
19.986
20.0115
20.037
20.0624
20.0879
20.1133
20.1388
20.1642
20.1896
20.2151
20.2405
20.266
20.2915
20.3169
20.3424
20.3679
20.3933
20.4187
20.4442
20.4696
20.4951
20.5205
20.546
20.5714
20.5969
20.6223
20.6478
20.6732
20.6987
20.7241
20.7496
20.775
20.8005
20.8259
20.8514
20.8768
20.9023
20.9278
20.9532
20.9787
21.0042
21.0296
21.0551
21.0805
21.1059
21.1314
21.1568
21.1823
21.2077
21.2331
21.2586
21.284
21.3095
21.3349
21.3603
21.3858
21.4112
21.4367
21.4622
21.4876
21.5131
21.5385
21.5639
21.5894
21.6148
21.6403
21.6657
21.6911
21.7166
21.742
21.7675
21.7929
21.8184
21.8438
21.8693
21.8947
21.9202
21.9456
21.971
21.9965
22.0219
22.0474
22.0728
22.0983
22.1238
22.1492
22.1747
22.2001
22.2255
22.251
22.2764
22.3019
22.3273
22.3527
22.3782
22.4036
22.4291
22.4545
22.4799
22.5054
22.5308
22.5562
22.5816
22.6071
22.6325
22.658
22.6834
22.7089
22.7343
22.7598
22.7852
22.8107
22.8361
22.8616
22.887
22.9125
22.9379
22.9634
22.9888
23.0143
23.0397
23.0652
23.0906
23.1161
23.1415
23.167
23.1925
23.218
23.2434
23.2688
23.2943
23.3197
23.3451
23.3706
23.396
23.4215
23.4469
23.4724
23.4978
23.5232
23.5487
23.5741
23.5996
23.625
23.6505
23.6759
23.7014
23.7269
23.7523
23.7778
23.8032
23.8287
23.8541
23.8796
23.905
23.9306
23.956
23.9815
24.0069
24.0324
24.0578
24.0833
24.1087
24.1342
24.1596
24.1851
24.2106
24.236
24.2614
24.2869
24.3123
24.3378
24.3632
24.3886
24.4141
24.4396
24.465
24.4905
24.5159
24.5414
24.5668
24.5923
24.6177
24.6432
24.6686
24.6941
24.7195
24.745
24.7704
24.7958
24.8213
24.8467
24.8722
24.8976
24.923
24.9485
24.9739
24.9994
25.0248
25.0502
25.0757
25.1012
25.1266
25.1521
25.1775
25.2029
25.2284
25.2538
25.2793
25.3048
25.3302
25.3557
25.3811
25.4066
25.432
25.4575
25.4829
25.5084
25.5338
25.5593
25.5847
25.6102
25.6356
25.6611
25.6865
25.712
25.7374
25.7629
25.7884
25.8138
25.8393
25.8647
25.8902
25.9156
25.9411
25.9665
25.9919
26.0174
26.0428
26.0683
26.0937
26.1192
26.1446
26.17
26.1955
26.2209
26.2464
26.272
26.2974
26.3229
26.3484
26.3738
26.3993
26.4247
26.4502
26.4757
26.5011
26.5266
26.552
26.5775
26.6029
26.6283
26.6538
26.6792
26.7047
26.7301
26.7555
26.781
26.8064
26.8319
26.8573
26.8828
26.9082
26.9337
26.9591
26.9845
27.01
27.0354
27.0609
27.0863
27.1117
27.1372
27.1626
27.1881
27.2136
27.239
27.2645
27.2899
27.3153
27.3408
27.3662
27.3917
27.4171
27.4426
27.4681
27.4935
27.519
27.5445
27.5699
27.5953
27.6208
27.6462
27.6717
27.6971
27.7225
27.748
27.7734
27.7989
27.8243
27.8498
27.8752
27.9007
27.9261
27.9516
27.977
28.0025
28.0279
28.0534
28.0789
28.1043
28.1298
28.1552
28.1806
28.2061
28.2315
28.257
28.2824
28.3079
28.3333
28.3588
28.3842
28.4097
28.4351
28.4605
28.486
28.5115
28.537
28.5624
28.5879
28.6133
28.6387
28.6642
28.6896
28.7151
28.7405
28.766
28.7914
28.8169
28.8423
28.8678
28.8932
28.9187
28.9442
28.9696
28.9951
29.0205
29.046
29.0715
29.0969
29.1224
29.1478
29.1733
29.1988
29.2243
29.2497
29.2752
29.3006
29.3261
29.3515
29.377
29.4025
29.4279
29.4534
29.4788
29.5043
29.5298
29.5552
29.5807
29.6061
29.6316
29.6571
29.6825
29.7079
29.7334
29.7588
29.7842
29.8097
29.8352
29.8606
29.8861
29.9116
29.9371
29.9625
29.988
30.0135
30.0389
30.0644
30.0898
30.1153
30.1407
30.1662
30.1916
30.2171
30.2425
30.268
30.2935
30.3189
30.3444
30.3698
30.3953
30.4207
30.4462
30.4716
30.4971
30.5226
30.548
30.5735
30.599
30.6244
30.6499
30.6754
30.7008
30.7263
30.7518
30.7772
30.8027
30.8282
30.8536
30.8791
30.9045
30.93
30.9555
30.9809
31.0064
31.0319
31.0574
31.0829
31.1084
31.1339
31.1593
31.1848
31.2103
31.2357
31.2612
31.2867
31.3122
31.3376
31.3631
31.3886
31.4141
31.4396
31.465
31.4905
31.516
31.5414
31.5669
31.5924
31.6178
31.6433
31.6687
31.6942
31.7196
31.7451
31.7706
31.7961
31.8215
31.847
31.8724
31.8978
31.9233
31.9488
31.9742
31.9997
32.0251
32.0506
32.076
32.1015
32.127
32.1525
32.178
32.2034
32.2289
32.2544
32.2798
32.3053
32.3308
32.3563
32.3817
32.4072
32.4327
32.4582
32.4836
32.5091
32.5346
32.56
32.5855
32.611
32.6364
32.6619
32.6874
32.7128
32.7383
32.7638
32.7892
32.8147
32.8402
32.8656
32.891
32.9165
32.942
32.9675
32.9929
33.0184
33.0439
33.0694
33.0948
33.1203
33.1457
33.1711
33.1965
33.222
33.2474
33.2728
33.2983
33.3237
33.3492
33.3746
33.4001
33.4255
33.451
33.4764
33.5019
33.5273
33.5528
33.5783
33.6037
33.6291
33.6546
33.6801
33.7055
33.7309
33.7564
33.7818
33.8073
33.8327
33.8582
33.8836
33.909
33.9345
33.9599
33.9854
34.0108
34.0362
34.0617
34.0871
34.1125
34.138
34.1634
34.1889
34.2143
34.2398
34.2652
34.2907
34.3161
34.3415
34.367
34.3924
34.4179
34.4433
34.4688
34.4942
34.5197
34.5452
34.5706
34.5961
34.6215
34.647
34.6725
34.698
34.7234
34.7489
34.7743
34.7997
34.8252
34.8506
34.876
34.9014
34.9269
34.9523
34.9777
35.0031
35.0286
35.054
35.0794
35.1049
35.1303
35.1558
35.1812
35.2067
35.2321
35.2576
35.283
35.3084
35.3339
35.3593
35.3847
35.4102
35.4356
35.461
35.4865
35.5119
35.5374
35.5628
35.5883
35.6137
35.6392
35.6646
35.6901
35.7155
35.741
35.7665
35.7919
35.8174
35.8428
35.8683
35.8937
35.9191
35.9446
35.97
35.9955
36.021
36.0464
36.0718
36.0973
36.1227
36.1482
36.1736
36.1991
36.2245
36.25
36.2754
36.3008
36.3263
36.3517
36.3772
36.4026
36.4281
36.4535
36.479
36.5044
36.5298
36.5553
36.5807
36.6062
36.6316
36.6571
36.6825
36.7079
36.7334
36.7588
36.7843
36.8097
36.8352
36.8606
36.8861
36.9116
36.937
36.9625
36.9879
37.0134
37.0388
37.0643
37.0897
37.1152
37.1406
37.1661
37.1915
37.217
37.2425
37.2679
37.2934
37.3188
37.3443
37.3697
37.3952
37.4206
37.4461
37.4715
37.497
37.5225
37.5479
37.5734
37.5989
37.6244
37.6498
37.6753
37.7007
37.7262
37.7516
37.7771
37.8025
37.828
37.8534
37.8789
37.9044
37.9298
37.9553
37.9807
38.0062
38.0317
38.0571
38.0826
38.108
38.1335
38.1589
38.1844
38.2098
38.2353
38.2608
38.2862
38.3117
38.3372
38.3626
38.3881
38.4136
38.439
38.4645
38.4899
38.5154
38.5408
38.5663
38.5917
38.6171
38.6426
38.6681
38.6935
38.7189
38.7444
38.7698
38.7953
38.8207
38.8462
38.8716
38.8971
38.9225
38.9479
38.9734
38.9988
39.0242
39.0497
39.0752
39.1007
39.1261
39.1516
39.1771
39.2026
39.228
39.2535
39.2789
39.3044
39.3299
39.3553
39.3808
39.4062
39.4317
39.4572
39.4826
39.5081
39.5336
39.5591
39.5845
39.61
39.6354
39.6609
39.6864
39.7118
39.7373
39.7627
39.7882
39.8136
39.8391
39.8645
39.89
39.9154
39.9409
39.9664
39.9918
40.0173
40.0428
40.0682
40.0937
40.1191
40.1446
40.1701
40.1955
40.221
40.2465
40.2719
40.2974
40.3228
40.3483
40.3737
40.3992
40.4246
40.45
40.4754
40.5009
40.5263
40.5517
40.5772
40.6026
40.628
40.6535
40.6789
40.7044
40.7298
40.7553
40.7808
40.8062
40.8317
40.8572
40.8826
40.9081
40.9335
40.959
40.9845
41.0099
41.0354
41.0609
41.0863
41.1118
41.1372
41.1627
41.1882
41.2136
41.2391
41.2645
41.29
41.3155
41.341
41.3664
41.3919
41.4173
41.4428
41.4683
41.4937
41.5192
41.5446
41.5701
41.5955
41.621
41.6464
41.6719
41.6973
41.7228
41.7482
41.7737
41.7991
41.8246
41.85
41.8755
41.901
41.9264
41.9519
41.9774
42.0028
42.0283
42.0537
42.0792
42.1047
42.1301
42.1555
42.181
42.2064
42.2319
42.2573
42.2828
42.3082
42.3336
42.3591
42.3845
42.41
42.4355
42.4609
42.4864
42.5119
42.5374
42.5628
42.5883
42.6137
42.6392
42.6646
42.69
42.7155
42.7409
42.7664
42.7918
42.8173
42.8427
42.8682
42.8937
42.9192
42.9446
42.9701
42.9956
43.021
43.0465
43.0719
43.0974
43.1228
43.1483
43.1737
43.1992
43.2246
43.2501
43.2756
43.301
43.3265
43.3519
43.3774
43.4028
43.4283
43.4537
43.4792
43.5047
43.5301
43.5556
43.5811
43.6066
43.632
43.6575
43.6829
43.7083
43.7338
43.7592
43.7847
43.8101
43.8356
43.861
43.8865
43.9119
43.9374
43.9628
43.9883
44.0137
44.0392
44.0646
44.0901
44.1155
44.141
44.1664
44.1919
44.2173
44.2428
44.2682
44.2937
44.3191
44.3445
44.37
44.3954
44.4209
44.4463
44.4717
44.4972
44.5226
44.548
44.5735
44.5989
44.6244
44.6499
44.6753
44.7007
44.7262
44.7516
44.7771
44.8025
44.8279
44.8533
44.8788
44.9042
44.9296
44.9551
44.9805
45.0059
45.0314
45.0568
45.0823
45.1078
45.1333
45.1587
45.1842
45.2097
45.2351
45.2606
45.286
45.3115
45.337
45.3624
45.3879
45.4134
45.4388
45.4643
45.4898
45.5152
45.5407
45.5662
45.5916
45.6171
45.6425
45.668
45.6935
45.7189
45.7444
45.7698
45.801
45.8265
45.8519
45.8774
45.9028
45.9283
45.9537
45.9792
46.0046
46.0301
46.0556
46.081
46.1065
46.1319
46.1574
46.1828
46.2083
46.2337
46.2592
46.2846
46.3101
46.3355
46.3609
46.3864
46.4119
46.4373
46.4628
46.4883
46.5137
46.5391
46.5646
46.5901
46.6155
46.641
46.6664
46.6918
46.7173
46.7427
46.7682
46.7936
46.8191
46.8445
46.87
46.8954
46.9208
46.9463
46.9717
46.9971
47.0226
47.048
47.0735
47.0989
47.1244
47.1499
47.1753
47.2008
47.2263
47.2517
47.2771
47.3026
47.328
47.3535
47.3789
47.4044
47.4298
47.4552
47.4807
47.5062
47.5316
47.5571
47.5826
47.608
47.6335
47.6589
47.6844
47.717
47.7424
47.7679
47.7934
47.8189
47.8443
47.8698
47.8953
47.9207
47.9461
47.9716
47.9971
48.0226
48.048
48.0735
48.099
48.1244
48.1499
48.1754
48.2008
48.2263
48.2518
48.2772
48.3027
48.3281
48.3536
48.379
48.4045
48.4299
48.4731
48.4986
48.5241
48.5495
48.575
48.6004
48.6259
48.6513
48.6768
48.7022
48.7277
48.7532
48.7786
48.8041
48.8296
48.855
48.8805
48.9059
48.9314
48.9569
48.9823
49.0078
49.0332
49.0587
49.0841
49.1096
49.135
49.1605
49.1859
49.2114
49.2369
49.2623
49.2878
49.3133
49.3387
49.3642
49.3896
49.4151
49.4405
49.466
49.4914
49.5169
49.5423
49.5678
49.5933
49.6187
49.6442
49.6696
49.6951
49.7205
49.7459
49.7714
49.7969
49.8223
49.8478
49.8732
49.8987
49.9241
49.9496
49.9751
50.0005
50.026
50.0514
50.0769
50.1023
50.1278
50.1533
50.1787
50.2042
50.2296
50.2551
50.2805
50.306
50.3314
50.3569
50.3824
50.4078
50.4332
50.4587
50.4841
50.5096
50.535
50.5605
50.586
50.6114
50.6368
50.6623
50.6878
50.7132
50.7387
50.7641
50.7896
50.815
50.8405
50.866
50.8914
50.9169
50.9423
50.9678
50.9933
51.0187
51.0442
51.0696
51.0951
51.1206
51.146
51.1715
51.1969
51.2223
51.2478
51.2733
51.2987
51.3241
51.3496
51.375
51.4005
51.4259
51.4514
51.4769
51.5023
51.5278
51.5532
51.5787
51.6041
51.6296
51.655
51.6805
51.7059
51.7314
51.7568
51.7823
51.8077
51.8332
51.8586
51.8841
51.9095
51.935
51.9604
51.9859
52.0114
52.0368
52.0622
52.0877
52.1131
52.1386
52.164
52.1895
52.2149
52.2404
52.2658
52.2913
52.3167
52.3422
52.3676
52.3931
52.4186
52.444
52.4695
52.4949
52.5204
52.5459
52.5713
52.5968
52.6222
52.6477
52.6731
52.6986
52.724
52.7495
52.7749
52.8004
52.8258
52.8513
52.8767
52.9022
52.9277
52.9531
52.9786
53.004
53.0295
53.0549
53.0803
53.1058
53.1313
53.1567
53.1822
53.2076
53.233
53.2585
53.2839
53.3094
53.3348
53.3603
53.3857
53.4112
53.4366
53.462
53.4875
53.5129
53.5384
53.5639
53.5893
53.6148
53.6402
53.6657
53.6911
53.7166
53.742
53.7675
53.793
53.8184
53.8439
53.8693
53.8948
53.9203
53.9457
53.9712
53.9967
54.0221
54.0475
54.073
54.0984
54.1239
54.1493
54.1748
54.2002
54.2257
54.2512
54.2766
54.3021
54.3276
54.353
54.3784
54.4039
54.4293
54.4548
54.4802
54.5057
54.5311
54.5565
54.582
54.6074
54.6329
54.6584
54.6838
54.7093
54.7347
54.7602
54.7856
54.8111
54.8365
54.862
54.8874
54.9128
54.9382
54.9637
54.9891
55.0145
55.0399
55.0654
55.0908
55.1163
55.1417
55.1672
55.1927
55.2181
55.2435
55.269
55.2945
55.3199
55.3454
55.3708
55.3963
55.4218
55.4472
55.4727
55.4981
55.5235
55.549
55.5744
55.5999
55.6253
55.6508
55.6762
55.7017
55.7271
55.7525
55.778
55.8034
55.8289
55.8544
55.8798
55.9053
55.9307
55.9562
55.9817
56.0071
56.0326
56.058
56.0835
56.109
56.1344
56.1599
56.1853
56.2108
56.2362
56.2616
56.2871
56.3126
56.338
56.3635
56.3889
56.4144
56.4398
56.4653
56.4907
56.5162
56.5416
56.5671
56.5925
56.618
56.6434
56.6689
56.6943
56.7197
56.7452
56.7707
56.7961
56.8216
56.847
56.8725
56.8979
56.9233
56.9488
56.9743
56.9997
57.0252
57.0507
57.0761
57.1015
57.127
57.1524
57.1779
57.2033
57.2288
57.2542
57.2797
57.3052
57.3306
57.3561
57.3816
57.407
57.4325
57.4579
57.4834
57.5089
57.5343
57.5598
57.5852
57.6107
57.6361
57.6616
57.687
57.7124
57.7379
57.7633
57.7888
57.8143
57.8398
57.8652
57.8907
57.9161
57.9416
57.967
57.9925
58.018
58.0434
58.0689
58.0943
58.1198
58.1452
58.1707
58.1961
58.2216
58.247
58.2725
58.2979
58.3234
58.3488
58.3743
58.3997
58.4252
58.4507
58.4761
58.5016
58.527
58.5525
58.5779
58.6034
58.6288
58.6543
58.6797
58.7052
58.7307
58.7561
58.7816
58.807
58.8325
58.8579
58.8834
58.9088
58.9343
58.9597
58.9852
59.0106
59.0361
59.0616
59.0871
59.1125
59.138
59.1634
59.1889
59.2143
59.2398
59.2652
59.2907
59.3161
59.3416
59.367
59.3924
59.4179
59.4433
59.4688
59.4942
59.5196
59.5451
59.5706
59.596
59.6214
59.6469
59.6723
59.6978
59.7232
59.7486
59.7741
59.7995
59.825
59.8504
59.8759
59.9013
59.9267
59.9522
59.9776
60.0031
60.0286
60.054
60.0795
60.1049
60.1304
60.1558
60.1813
60.2067
60.2321
60.2576
60.283
60.3085
60.334
60.3594
60.3849
60.4103
60.4358
60.4613
60.4867
60.5122
60.5377
60.5632
60.5886
60.6141
60.6395
60.665
60.6904
60.7159
60.7413
60.7667
60.7922
60.8176
60.8431
60.8686
60.894
60.9195
60.9449
60.9704
60.9958
61.0213
61.0467
61.0722
61.0977
61.1231
61.1485
61.174
61.1995
61.2249
61.2503
61.2758
61.3012
61.3267
61.3521
61.3776
61.403
61.4285
61.454
61.4794
61.5049
61.5304
61.5558
61.5813
61.6067
61.6322
61.6577
61.6831
61.7085
61.734
61.7594
61.7849
61.8103
61.8358
61.8612
61.8867
61.9121
61.9376
61.963
61.9885
62.0139
62.0393
62.0647
62.0902
62.1157
62.1411
62.1666
62.192
62.2174
62.2429
62.2683
62.2938
62.3192
62.3447
62.3701
62.3956
62.421
62.4465
62.4719
62.4974
62.5228
62.5483
62.5737
62.5992
62.6247
62.6501
62.6756
62.701
62.7265
62.752
62.7775
62.8029
62.8284
62.8538
62.8793
62.9047
62.9302
62.9557
62.9811
63.0065
63.0319
63.0574
63.0828
63.1083
63.1338
63.1594
63.1848
63.2103
63.2358
63.2612
63.2867
63.3122
63.3376
63.3631
63.3886
63.414
63.4395
63.4649
63.4903
63.5158
63.5413
63.5667
63.5921
63.6176
63.643
63.6685
63.6939
63.7194
63.7448
63.7703
63.7957
63.8212
63.8466
63.8721
63.8975
63.9229
63.9484
63.9738
63.9993
64.0247
64.0502
64.0756
64.1011
64.1265
64.1519
64.1774
64.2028
64.2283
64.2537
64.2792
64.3046
64.3301
64.3555
64.381
64.4064
64.4319
64.4574
64.4828
64.5083
64.5337
64.5592
64.5846
64.61
64.6355
64.6609
64.6864
64.7118
64.7373
64.7628
64.7882
64.8137
64.8391
64.8646
64.89
64.9154
64.9409
64.9663
64.9917
65.0171
65.0426
65.068
65.0935
65.1189
65.1444
65.1698
65.1953
65.2207
65.2461
65.2716
65.297
65.3225
65.3479
65.3734
65.3988
65.4242
65.4497
65.4751
65.5006
65.5261
65.5515
65.577
65.6025
65.6279
65.6534
65.6788
65.7043
65.7297
65.7552
65.7806
65.8061
65.8315
65.857
65.8825
65.9079
65.9334
65.9588
65.9843
66.0097
66.0351
66.0606
66.086
66.1115
66.1369
66.1624
66.1879
66.2133
66.2388
66.2642
66.2897
66.3151
66.3405
66.366
66.3914
66.4169
66.4423
66.4677
66.4931
66.5186
66.544
66.5695
66.5949
66.6204
66.6458
66.6713
66.6967
66.7222
66.7476
66.7731
66.7986
66.825
66.8505
66.8759
66.9014
66.9268
66.9523
66.9777
67.0032
67.0287
67.0541
67.0796
67.105
67.1305
67.1559
67.1814
67.2068
67.2323
67.2577
67.2832
67.3086
67.3341
67.3595
67.385
67.4104
67.4359
67.4613
67.4867
67.5122
67.5377
67.5631
67.5886
67.6141
67.6395
67.665
67.6904
67.7159
67.7413
67.7668
67.7922
67.8177
67.8431
67.8685
67.894
67.9194
67.9449
67.9703
67.9958
68.0212
68.0467
68.0721
68.0976
68.1231
68.1485
68.174
68.1994
68.2249
68.2504
68.2758
68.3013
68.3267
68.3522
68.3776
68.4031
68.4285
68.454
68.4794
68.5049
68.5303
68.5558
68.5812
68.6067
68.6322
68.6576
68.683
68.7085
68.734
68.7594
68.7849
68.8103
68.8358
68.8612
68.8867
68.9121
68.9376
68.963
68.9885
69.014
69.0394
69.0649
69.0903
69.1158
69.1413
69.1667
69.1922
69.2176
69.2431
69.2686
69.294
69.3195
69.3449
69.3704
69.3959
69.4213
69.4468
69.4723
69.4977
69.5232
69.5487
69.5741
69.5996
69.625
69.6505
69.6759
69.7014
69.7268
69.7523
69.7777
69.8032
69.8286
69.854
69.8795
69.9049
69.9304
69.9558
69.9813
70.0068
70.0322
70.0577
70.0831
70.1086
70.1341
70.1595
70.185
70.2105
70.2359
70.2614
70.2868
70.3123
70.3378
70.3632
70.3886
70.4141
70.4396
70.465
70.4905
70.5159
70.5414
70.5668
70.5922
70.6177
70.6432
70.6686
70.6941
70.7195
70.745
70.7704
70.7959
70.8213
70.8468
70.8722
70.8977
70.9231
70.9486
70.9741
70.9995
71.025
71.0505
71.0759
71.1014
71.1269
71.1523
71.1778
71.2032
71.2287
71.2542
71.2796
71.3051
71.3306
71.356
71.3815
71.4069
71.4324
71.4579
71.4833
71.5088
71.5342
71.5597
71.5852
71.6106
71.6361
71.6616
71.687
71.7125
71.7379
71.7634
71.7888
71.8143
71.8398
71.8652
71.8907
71.9161
71.9416
71.967
71.9925
72.018
72.0434
72.0689
72.0944
72.1198
72.1453
72.1707
72.1962
72.2216
72.2471
72.2725
72.298
72.3234
72.3489
72.3743
72.3998
72.4252
72.4507
72.4761
72.5016
72.527
72.5524
72.5779
72.6033
72.6288
72.6542
72.6797
72.7052
72.7307
72.7561
72.7815
72.807
72.8325
72.8579
72.8834
72.9088
72.9343
72.9597
72.9852
73.0106
73.0361
73.0616
73.087
73.1125
73.138
73.1634
73.1889
73.2143
73.2398
73.2653
73.2907
73.3162
73.3416
73.3671
73.3926
73.418
73.4434
73.4689
73.4944
73.5198
73.5453
73.5707
73.5962
73.6216
73.6471
73.6725
73.698
73.7234
73.7489
73.7743
73.7998
73.8253
73.8507
73.8762
73.9016
73.9271
73.9526
73.9781
74.0035
74.029
74.0544
74.0799
74.1053
74.1307
74.1562
74.1816
74.2071
74.2325
74.258
74.2834
74.3089
74.3344
74.3598
74.3853
74.4107
74.4362
74.4616
74.487
74.5125
74.5379
74.5634
74.5889
74.6144
74.6398
74.6653
74.6907
74.7162
74.7417
74.7671
74.7926
74.8181
74.8435
74.869
74.8944
74.9198
74.9453
74.9707
74.9961
75.0215
75.0469
75.0724
75.0978
75.1232
75.1487
75.1741
75.1995
75.225
75.2504
75.2759
75.3013
75.3268
75.3522
75.3777
75.4031
75.4286
75.454
75.4795
75.505
75.5304
75.5559
75.5814
75.6068
75.6323
75.6577
75.6832
75.7086
75.7341
75.7595
75.7849
75.8104
75.8359
75.8613
75.8867
75.9122
75.9376
75.9631
75.9885
76.014
76.0394
76.0649
76.0904
76.1158
76.1413
76.1667
76.1922
76.2176
76.2431
76.2686
76.294
76.3195
76.3449
76.3704
76.3959
76.4213
76.4468
76.4722
76.4977
76.5232
76.5486
76.5741
76.5996
76.625
76.6505
76.6759
76.7014
76.7269
76.7523
76.7778
76.8032
76.8287
76.8542
76.8796
76.9051
76.9306
76.956
76.9815
77.0069
77.0323
77.0578
77.0832
77.1086
77.1341
77.1595
77.185
77.2104
77.2359
77.2614
77.2868
77.3123
77.3377
77.3632
77.3886
77.4141
77.4395
77.465
77.4905
77.5159
77.5414
77.5668
77.5923
77.6178
77.6432
77.6687
77.6941
77.7196
77.745
77.7705
77.7959
77.8214
77.8468
77.8722
77.8977
77.9232
77.9486
77.974
77.9995
78.0249
78.0503
78.0757
78.1012
78.1266
78.1521
78.1775
78.203
78.2284
78.2539
78.2793
78.3048
78.3302
78.3557
78.3811
78.4066
78.432
78.4575
78.4829
78.5084
78.5338
78.5593
78.5847
78.6102
78.6356
78.6611
78.6865
78.7119
78.7374
78.7629
78.7883
78.8137
78.8392
78.8646
78.8901
78.9156
78.941
78.9665
78.9919
79.0174
79.0429
79.0683
79.0938
79.1192
79.1447
79.1701
79.1956
79.221
79.2465
79.2719
79.2974
79.3228
79.3482
79.3737
79.3993
79.4247
79.4502
79.4757
79.5012
79.5266
79.5521
79.5775
79.6029
79.6284
79.6539
79.6793
79.7048
79.7302
79.7556
79.7811
79.8065
79.832
79.8575
79.8829
79.9084
79.9338
79.9593
79.9847
80.0102
80.0356
80.0611
80.0931
80.1185
80.144
80.1694
80.1949
80.2203
80.2457
80.2712
80.2967
80.3221
80.3476
80.3731
80.3985
80.424
80.4495
80.4749
80.5004
80.5258
80.5513
80.5767
80.6021
80.6276
80.6531
80.6785
80.7039
80.7293
80.7548
80.7802
80.8057
80.8312
80.8567
80.8821
80.9076
80.9331
80.9585
80.984
81.0095
81.0349
81.0604
81.0858
81.1113
81.1368
81.1622
81.1877
81.2132
81.2386
81.2641
81.2895
81.3149
81.3404
81.3658
81.3913
81.4167
81.4421
81.4676
81.4931
81.5185
81.5439
81.5694
81.5948
81.6203
81.6458
81.6712
81.6967
81.7221
81.7476
81.773
81.7985
81.8239
81.8494
81.8748
81.9003
81.9257
81.9512
81.9767
82.0021
82.0276
82.0531
82.0785
82.104
82.1295
82.1549
82.1804
82.2058
82.2313
82.2567
82.2822
82.3077
82.3331
82.3586
82.384
82.4095
82.4349
82.4604
82.4859
82.5113
82.5368
82.5622
82.5876
82.6131
82.6386
82.664
82.6895
82.7149
82.7404
82.7658
82.7913
82.8167
82.8422
82.8676
82.8931
82.9186
82.944
82.9695
82.9949
83.0204
83.0459
83.0714
83.0968
83.1223
83.1477
83.1732
83.1987
83.2242
83.2496
83.275
83.3005
83.326
83.3514
83.3769
83.4023
83.4278
83.4532
83.4787
83.5041
83.5296
83.555
83.5804
83.6059
83.6313
83.6568
83.6822
83.7077
83.7331
83.7586
83.784
83.8095
83.8349
83.8604
83.8858
83.9113
83.9368
83.9622
83.9877
84.0131
84.0386
84.064
84.0895
84.1149
84.1404
84.1658
84.1913
84.2167
84.2422
84.2676
84.2931
84.3185
84.3439
84.3694
84.3948
84.4203
84.4458
84.4712
84.4966
84.5221
84.5475
84.573
84.5984
84.6239
84.6493
84.6748
84.7002
84.7257
84.7511
84.7766
84.802
84.8274
84.8529
84.8783
84.9038
84.9292
84.9547
84.9801
85.0055
85.031
85.0564
85.0819
85.1073
85.1328
85.1582
85.1837
85.2091
85.2346
85.2601
85.2855
85.311
85.3364
85.3619
85.3874
85.4128
85.4382
85.4637
85.4891
85.5146
85.54
85.5655
85.5909
85.6164
85.6418
85.6673
85.6927
85.7182
85.7436
85.769
85.7945
85.8199
85.8454
85.8708
85.8962
85.9217
85.9471
85.9726
85.998
86.0235
86.0489
86.0744
86.0998
86.1253
86.1508
86.1762
86.2016
86.2271
86.2526
86.278
86.3035
86.329
86.3544
86.3799
86.4053
86.4308
86.4563
86.4817
86.5072
86.5326
86.5581
86.5835
86.609
86.6344
86.6599
86.6853
86.7108
86.7362
86.7617
86.7872
86.8126
86.8381
86.8636
86.889
86.9145
86.9399
86.9654
86.9908
87.0163
87.0418
87.0672
87.0927
87.1181
87.1436
87.1691
87.1945
87.22
87.2455
87.2709
87.2964
87.3218
87.3473
87.3727
87.3982
87.4237
87.4491
87.4746
87.5
87.5255
87.551
87.5764
87.6019
87.6274
87.6529
87.6783
87.7038
87.7292
87.7547
87.7801
87.8055
87.8309
87.8563
87.8817
87.9072
87.9326
87.9581
87.9835
88.009
88.0345
88.0599
88.0854
88.1109
88.1363
88.1618
88.1872
88.2127
88.2381
88.2636
88.2891
88.3146
88.34
88.3655
88.391
88.4164
88.4419
88.4674
88.4929
88.5183
88.5438
88.5693
88.5948
88.6202
88.6457
88.6711
88.6966
88.722
88.7475
88.773
88.7984
88.8239
88.8493
88.8748
88.9003
88.9257
88.9512
88.9767
89.0021
89.0276
89.053
89.0785
89.104
89.1294
89.1549
89.1804
89.2058
89.2313
89.2567
89.2822
89.3077
89.3331
89.3586
89.384
89.4094
89.4349
89.4604
89.4858
89.5113
89.5367
89.5622
89.5876
89.6131
89.6385
89.664
89.6894
89.7149
89.7403
89.7657
89.7912
89.8166
89.8421
89.8675
89.8929
89.9184
89.9438
89.9693
89.9947
90.0201
90.0456
90.071
90.0965
90.1219
90.1474
90.1728
90.1983
90.2237
90.2492
90.2746
90.3001
90.3256
90.351
90.3765
90.4019
90.4273
90.4528
90.4782
90.5037
90.5292
90.5546
90.5801
90.6056
90.631
90.6565
90.6819
90.7074
90.7328
90.7583
90.7837
90.8092
90.8346
90.8601
90.8855
90.9109
90.9364
90.9618
90.9873
91.0127
91.0381
91.0636
91.089
91.1145
91.1399
91.1654
91.1909
91.2163
91.2418
91.2672
91.2927
91.3182
91.3436
91.3691
91.3945
91.42
91.4455
91.4709
91.4964
91.5218
91.5473
91.5728
91.5982
91.6237
91.6492
91.6746
91.7001
91.7255
91.751
91.7764
91.8019
91.8274
91.8528
91.8783
91.9038
91.9292
91.9547
91.9801
92.0056
92.031
92.0565
92.082
92.1074
92.1329
92.1583
92.1838
92.2092
92.2347
92.2602
92.2856
92.3111
92.3366
92.362
92.3875
92.413
92.4384
92.4639
92.4893
92.5147
92.5402
92.5656
92.5911
92.6165
92.642
92.6674
92.6929
92.7183
92.7438
92.7692
92.7946
92.8201
92.8455
92.871
92.8964
92.9219
92.9473
92.9728
92.9983
93.0237
93.0492
93.0746
93.1
93.1255
93.151
93.1764
93.2019
93.2273
93.2528
93.2782
93.3036
93.3291
93.3546
93.38
93.4055
93.4309
93.4563
93.4818
93.5072
93.5327
93.5581
93.5836
93.609
93.6345
93.6599
93.6854
93.7108
93.7363
93.7618
93.7872
93.8127
93.8381
93.8636
93.889
93.9145
93.9399
93.9654
93.9908
94.0163
94.0417
94.0672
94.0926
94.118
94.1435
94.169
94.1944
94.2199
94.2454
94.2708
94.2962
94.3217
94.3471
94.3726
94.3981
94.4235
94.4489
94.4744
94.4999
94.5253
94.5508
94.5762
94.6017
94.6272
94.6526
94.6781
94.7035
94.729
94.7544
94.7799
94.8053
94.8308
94.8562
94.8817
94.9071
94.9326
94.9581
94.9835
95.009
95.0344
95.0599
95.0853
95.1108
95.1363
95.1617
95.1871
95.2126
95.2381
95.2635
95.2889
95.3144
95.3398
95.3653
95.3907
95.4162
95.4416
95.4671
95.4925
95.518
95.5434
95.5689
95.5943
95.6197
95.6452
95.6707
95.6961
95.7216
95.747
95.7725
95.798
95.8234
95.8489
95.8743
95.8997
95.9252
95.9507
95.9761
96.0016
96.0271
96.0525
96.0779
96.1034
96.1289
96.1543
96.1798
96.2052
96.2307
96.2562
96.2816
96.3071
96.3325
96.358
96.3834
96.4088
96.4343
96.4597
96.4852
96.5106
96.5361
96.5615
96.587
96.6124
96.6379
96.6634
96.6888
96.7143
96.7397
96.7652
96.7906
96.816
96.8415
96.8669
96.8924
96.9178
96.9433
96.9688
96.9942
97.0197
97.0451
97.0706
97.096
97.1215
97.1469
97.1723
97.1978
97.2233
97.2487
97.2742
97.2996
97.3251
97.3505
97.376
97.4014
97.4269
97.4523
97.4778
97.5032
97.5287
97.5541
97.5796
97.605
97.6305
97.6559
97.6814
97.7068
97.7322
97.7577
97.7831
97.8086
97.834
97.8594
97.8849
97.9103
97.9358
97.9612
97.9867
98.0121
98.0375
98.063
98.0884
98.1139
98.1393
98.1647
98.1902
98.2156
98.2411
98.2665
98.292
98.3174
98.3429
98.3683
98.3938
98.4192
98.4447
98.4701
98.4956
98.521
98.5465
98.5719
98.5974
98.6228
98.6483
98.6737
98.6992
98.7246
98.7501
98.7755
98.801
98.8264
98.8519
98.8773
98.9028
98.9283
98.9537
98.9791
99.0046
99.03
99.0555
99.081
99.1064
99.1319
99.1573
99.1828
99.2083
99.2337
99.2592
99.2847
99.3101
99.3356
99.361
99.3865
99.4119
99.4374
99.4629
99.4883
99.5138
99.545
99.5705
99.596
99.6214
99.6469
99.6723
99.6977
99.7232
99.7486
99.7741
99.7996
99.825
99.8505
99.8759
99.9014
99.9268
99.9523
99.9777
100.003
100.029
100.054
100.08
100.105
100.13
100.156
100.181
100.207
100.232
100.258
100.283
100.309
100.334
100.36
100.385
100.41
100.436
100.461
100.487
100.512
100.538
100.563
100.589
100.614
100.64
100.665
100.691
100.716
100.741
100.767
100.792
100.818
100.843
100.869
100.894
100.92
100.945
100.971
100.996
101.022
101.047
101.072
101.098
101.123
101.149
101.174
101.2
101.225
101.251
101.276
101.302
101.327
101.352
101.378
101.403
101.429
101.454
101.48
101.505
101.531
101.556
101.582
101.607
101.632
101.658
101.683
101.709
101.734
101.76
101.785
101.81
101.836
101.861
101.887
101.912
101.938
101.963
101.989
102.014
102.04
102.065
102.091
102.116
102.141
102.167
102.192
102.218
102.243
102.269
102.294
102.32
102.345
102.37
102.396
102.421
102.447
102.472
102.498
102.523
102.549
102.574
102.6
102.625
102.65
102.676
102.701
102.727
102.752
102.778
102.803
102.829
102.854
102.88
102.905
102.93
102.956
102.981
103.007
103.032
103.058
103.083
103.109
103.134
103.159
103.185
103.21
103.236
103.261
103.287
103.312
103.338
103.363
103.389
103.414
103.44
103.465
103.49
103.516
103.541
103.567
103.592
103.618
103.643
103.669
103.694
103.719
103.745
103.77
103.796
103.821
103.847
103.872
103.898
103.923
103.949
103.974
104
104.025
104.051
104.076
104.101
104.127
104.152
104.178
104.203
104.229
104.254
104.28
104.305
104.331
104.356
104.381
104.407
104.432
104.458
104.483
104.509
104.534
104.56
104.585
104.611
104.636
104.661
104.687
104.712
104.738
104.763
104.789
104.814
104.84
104.865
104.89
104.916
104.941
104.967
104.992
105.018
105.043
105.068
105.094
105.119
105.145
105.17
105.196
105.221
105.247
105.272
105.298
105.323
105.348
105.374
105.399
105.425
105.45
105.476
105.501
105.527
105.552
105.578
105.603
105.628
105.654
105.679
105.705
105.73
105.756
105.781
105.807
105.832
105.858
105.883
105.909
105.934
105.96
105.985
106.01
106.036
106.061
106.087
106.112
106.138
106.163
106.189
106.214
106.24
106.265
106.29
106.316
106.341
106.367
106.392
106.418
106.443
106.469
106.494
106.52
106.545
106.571
106.596
106.621
106.647
106.672
106.698
106.723
106.749
106.774
106.8
106.825
106.851
106.876
106.902
106.927
106.953
106.978
107.003
107.029
107.054
107.08
107.105
107.131
107.156
107.182
107.207
107.232
107.258
107.283
107.309
107.334
107.36
107.385
107.411
107.436
107.462
107.487
107.513
107.538
107.564
107.589
107.614
107.64
107.665
107.691
107.716
107.742
107.767
107.793
107.818
107.844
107.869
107.895
107.92
107.945
107.971
107.996
108.022
108.047
108.073
108.098
108.124
108.149
108.175
108.2
108.226
108.251
108.277
108.302
108.327
108.353
108.378
108.404
108.429
108.455
108.48
108.506
108.531
108.557
108.582
108.608
108.633
108.659
108.684
108.709
108.735
108.76
108.786
108.811
108.837
108.862
108.888
108.913
108.939
108.964
108.99
109.015
109.04
109.066
109.091
109.117
109.142
109.168
109.193
109.219
109.244
109.27
109.295
109.321
109.346
109.371
109.397
109.422
109.448
109.473
109.499
109.524
109.55
109.575
109.601
109.626
109.652
109.677
109.703
109.728
109.753
109.779
109.804
109.83
109.855
109.881
109.906
109.932
109.957
109.982
110.008
110.033
110.059
110.084
110.11
110.135
110.161
110.186
110.212
110.237
110.262
110.288
110.313
110.339
110.364
110.39
110.416
110.441
110.467
110.492
110.518
110.543
110.569
110.594
110.619
110.645
110.67
110.696
110.721
110.747
110.772
110.798
110.823
110.849
110.874
110.9
110.925
110.95
110.976
111.001
111.027
111.052
111.078
111.103
111.129
111.154
111.179
111.205
111.23
111.256
111.281
111.307
111.332
111.358
111.383
111.409
111.434
111.46
111.485
111.51
111.537
111.562
111.588
111.613
111.639
111.664
111.69
111.715
111.741
111.766
111.791
111.817
111.842
111.868
111.893
111.919
111.944
111.97
111.995
112.021
112.046
112.072
112.097
112.122
112.148
112.173
112.199
112.224
112.25
112.275
112.301
112.326
112.352
112.377
112.402
112.428
112.453
112.479
112.504
112.53
112.555
112.581
112.606
112.632
112.657
112.682
112.708
112.733
112.759
112.784
112.81
112.835
112.861
112.886
112.912
112.937
112.962
112.988
113.013
113.039
113.064
113.09
113.115
113.141
113.166
113.192
113.217
113.243
113.268
113.293
113.319
113.344
113.37
113.395
113.421
113.446
113.472
113.497
113.523
113.548
113.573
113.599
113.624
113.65
113.675
113.701
113.726
113.752
113.777
113.802
113.828
113.853
113.879
113.904
113.93
113.955
113.981
114.006
114.031
114.057
114.082
114.108
114.133
114.159
114.184
114.21
114.235
114.261
114.286
114.311
114.337
114.362
114.388
114.413
114.439
114.464
114.49
114.515
114.541
114.566
114.592
114.617
114.642
114.668
114.693
114.719
114.744
114.77
114.795
114.821
114.846
114.871
114.897
114.922
114.948
114.973
114.999
115.024
115.05
115.075
115.1
115.126
115.151
115.177
115.202
115.228
115.253
115.279
115.304
115.33
115.355
115.381
115.406
115.431
115.457
115.482
115.508
115.533
115.559
115.584
115.61
115.635
115.661
115.686
115.712
115.737
115.762
115.788
115.813
115.839
115.864
115.89
115.915
115.941
115.966
115.991
116.017
116.042
116.068
116.093
116.119
116.144
116.17
116.195
116.221
116.246
116.272
116.297
116.323
116.348
116.373
116.399
116.424
116.45
116.475
116.501
116.526
116.552
116.577
116.603
116.628
116.654
116.679
116.704
116.73
116.755
116.781
116.806
116.832
116.857
116.883
116.908
116.934
116.959
116.984
117.01
117.035
117.061
117.086
117.112
117.137
117.163
117.188
117.214
117.239
117.264
117.29
117.315
117.341
117.366
117.392
117.417
117.443
117.468
117.494
117.519
117.545
117.57
117.595
117.621
117.646
117.672
117.697
117.723
117.748
117.774
117.799
117.825
117.85
117.875
117.901
117.926
117.952
117.977
118.003
118.028
118.053
118.079
118.104
118.13
118.155
118.181
118.206
118.232
118.257
118.283
118.308
118.333
118.359
118.384
118.41
118.435
118.461
118.486
118.512
118.537
118.562
118.588
118.613
118.639
118.664
118.69
118.715
118.741
118.766
118.792
118.817
118.842
118.868
118.893
118.919
118.944
118.97
118.995
119.021
119.046
119.072
119.097
119.122
119.148
119.173
119.199
119.224
119.25
119.275
119.301
119.326
119.352
119.377
119.402
119.428
119.453
119.479
119.504
119.53
119.555
119.581
119.606
119.632
119.657
119.682
119.708
119.733
119.759
119.784
119.81
119.835
119.861
119.886
119.912
119.937
119.962
119.988
120.013
120.039
120.064
120.09
120.115
120.141
120.166
120.192
120.217
120.242
120.268
120.293
120.319
120.344
120.37
120.395
120.421
120.446
120.472
120.497
120.523
120.548
120.573
120.599
120.624
120.65
120.675
120.701
120.726
120.757
120.782
120.808
120.833
120.859
120.884
120.91
120.935
120.961
120.986
121.012
121.037
121.062
121.088
121.113
121.139
121.164
121.19
121.215
121.241
121.266
121.292
121.317
121.342
121.368
121.393
121.419
121.444
121.47
121.495
121.521
121.546
121.572
121.597
121.623
121.648
121.673
121.699
121.724
121.75
121.775
121.801
121.826
121.852
121.877
121.903
121.928
121.954
121.979
122.004
122.03
122.055
122.081
122.106
122.132
122.157
122.183
122.208
122.234
122.259
122.284
122.31
122.335
122.361
122.386
122.412
122.437
122.463
122.488
122.514
122.539
122.565
122.59
122.615
122.641
122.666
122.692
122.717
122.743
122.768
122.794
122.819
122.844
122.87
122.895
122.921
122.946
122.972
122.997
123.023
123.048
123.074
123.099
123.125
123.15
123.175
123.201
123.226
123.252
123.277
123.303
123.328
123.354
123.379
123.405
123.43
123.455
123.481
123.506
123.532
123.557
123.583
123.608
123.634
123.659
123.684
123.71
123.735
123.761
123.786
123.812
123.837
123.863
123.888
123.914
123.939
123.964
123.99
124.015
124.041
124.066
124.092
124.117
124.143
124.168
124.194
124.219
124.245
124.27
124.295
124.321
124.346
124.372
124.397
124.423
124.448
124.474
124.499
124.525
124.55
124.575
124.601
124.626
124.652
124.677
124.703
124.728
124.754
124.779
124.805
124.83
124.855
124.881
124.906
124.932
124.957
124.983
125.008
125.034
125.059
125.084
125.11
125.135
125.161
125.186
125.212
125.237
125.263
125.288
125.314
125.339
125.365
125.39
125.415
125.441
125.466
125.492
125.517
125.543
125.568
125.594
125.619
125.645
125.67
125.695
125.721
125.746
125.772
125.797
125.823
125.848
125.874
125.899
125.924
125.95
125.975
126.001
126.026
126.052
126.077
126.103
126.128
126.154
126.179
126.204
126.23
126.255
126.281
126.306
126.332
126.357
126.383
126.408
126.433
126.459
126.484
126.51
126.535
126.561
126.586
126.612
126.637
126.662
126.688
126.713
126.739
126.764
126.79
126.815
126.841
126.866
126.892
126.917
126.942
126.968
126.993
127.019
127.044
127.07
127.095
127.121
127.146
127.172
127.197
127.222
127.248
127.273
127.299
127.324
127.35
127.375
127.401
127.426
127.452
127.477
127.502
127.528
127.553
127.579
127.604
127.63
127.655
127.681
127.706
127.732
127.757
127.782
127.808
127.833
127.859
127.884
127.91
127.935
127.961
127.986
128.012
128.037
128.063
128.088
128.113
128.139
128.164
128.19
128.215
128.241
128.266
128.292
128.317
128.343
128.368
128.393
128.419
128.444
128.47
128.495
128.521
128.546
128.572
128.597
128.622
128.648
128.673
128.699
128.724
128.75
128.775
128.801
128.826
128.851
128.877
128.902
128.928
128.953
128.979
129.004
129.03
129.055
129.081
129.106
129.132
129.157
129.182
129.208
129.233
129.259
129.284
129.31
129.335
129.361
129.386
129.411
129.437
129.462
129.488
129.513
129.539
129.564
129.59
129.615
129.641
129.666
129.692
129.717
129.742
129.768
129.793
129.819
129.844
129.87
129.895
129.921
129.946
129.972
129.997
130.022
130.048
130.073
130.099
130.124
130.15
130.175
130.201
130.226
130.251
130.277
130.302
130.328
130.353
130.379
130.404
130.43
130.455
130.481
130.506
130.531
130.557
130.582
130.608
130.633
130.659
130.684
130.71
130.735
130.761
130.786
130.811
130.837
130.862
130.888
130.913
130.939
130.964
130.99
131.015
131.04
131.066
131.091
131.117
131.142
131.168
131.193
131.219
131.244
131.27
131.295
131.32
131.346
131.371
131.397
131.422
131.448
131.473
131.499
131.524
131.55
131.575
131.6
131.626
131.651
131.677
131.702
131.728
131.753
131.779
131.804
131.83
131.855
131.88
131.906
131.931
131.957
131.982
132.008
132.033
132.059
132.084
132.11
132.135
132.161
132.186
132.211
132.237
132.262
132.288
132.313
132.339
132.364
132.39
132.415
132.441
132.466
132.492
132.517
132.542
132.568
132.593
132.619
132.644
132.67
132.695
132.721
132.746
132.772
132.797
132.822
132.848
132.873
132.899
132.924
132.95
132.975
133.001
133.026
133.051
133.077
133.102
133.128
133.153
133.179
133.204
133.23
133.255
133.281
133.306
133.331
133.357
133.382
133.408
133.433
133.459
133.484
133.51
133.535
133.56
133.586
133.611
133.637
133.662
133.688
133.713
133.739
133.764
133.789
133.815
133.84
133.866
133.891
133.917
133.942
133.968
133.993
134.019
134.044
134.069
134.095
134.12
134.146
134.171
134.197
134.222
134.248
134.273
134.298
134.324
134.349
134.375
134.4
134.426
134.451
134.477
134.502
134.527
134.553
134.578
134.604
134.629
134.655
134.68
134.706
134.731
134.757
134.782
134.808
134.833
134.859
134.884
134.91
134.935
134.961
134.986
135.011
135.037
135.062
135.088
135.113
135.139
135.164
135.19
135.215
135.24
135.266
135.291
135.317
135.342
135.368
135.393
135.419
135.444
135.469
135.495
135.52
135.546
135.571
135.597
135.622
135.648
135.673
135.699
135.724
135.749
135.775
135.8
135.826
135.851
135.877
135.902
135.928
135.953
135.979
136.004
136.029
136.055
136.08
136.106
136.131
136.157
136.182
136.208
136.233
136.259
136.284
136.309
136.335
136.36
136.386
136.411
136.437
136.462
136.488
136.513
136.539
136.564
136.589
136.615
136.64
136.666
136.691
136.717
136.742
136.768
136.793
136.819
136.844
136.87
136.895
136.92
136.946
136.971
136.997
137.022
137.048
137.073
137.099
137.124
137.15
137.175
137.201
137.226
137.251
137.277
137.302
137.328
137.353
137.379
137.404
137.43
137.455
137.481
137.506
137.532
137.557
137.582
137.608
137.633
137.659
137.684
137.71
137.735
137.761
137.786
137.812
137.837
137.863
137.888
137.913
137.939
137.964
137.99
138.015
138.041
138.066
138.092
138.117
138.143
138.168
138.193
138.219
138.244
138.27
138.295
138.321
138.346
138.372
138.397
138.423
138.448
138.474
138.499
138.524
138.55
138.575
138.601
138.626
138.652
138.677
138.703
138.728
138.753
138.779
138.804
138.83
138.855
138.881
138.906
138.932
138.957
138.983
139.008
139.034
139.059
139.084
139.11
139.135
139.161
139.186
139.212
139.237
139.263
139.288
139.314
139.339
139.365
139.39
139.415
139.441
139.466
139.492
139.517
139.543
139.568
139.594
139.619
139.644
139.67
139.695
139.721
139.746
139.772
139.797
139.823
139.848
139.873
139.899
139.941
139.967
139.992
140.018
140.043
140.069
140.094
140.12
140.145
140.17
140.196
140.221
140.247
140.272
140.298
140.323
140.349
140.374
140.4
140.425
140.45
140.476
140.501
140.527
140.552
140.578
140.603
140.629
140.654
140.68
140.705
140.731
140.756
140.782
140.807
140.832
140.858
140.883
140.909
140.934
140.96
140.985
141.011
141.036
141.062
141.087
141.112
141.138
141.163
141.189
141.214
141.24
141.265
141.291
141.316
141.342
141.367
141.393
141.418
141.443
141.469
141.494
141.52
141.545
141.571
141.596
141.622
141.647
141.672
141.698
141.723
141.749
141.774
141.8
141.825
141.851
141.876
141.901
141.927
141.952
141.978
142.003
142.029
142.054
142.08
142.105
142.131
142.156
142.181
142.207
142.232
142.258
142.283
142.309
142.334
142.36
142.385
142.411
142.436
142.462
142.487
142.512
142.538
142.563
142.589
142.614
142.64
142.665
142.691
142.716
142.742
142.767
142.793
142.818
142.843
142.869
142.894
142.92
142.945
142.971
142.996
143.022
143.047
143.073
143.098
143.123
143.149
143.174
143.2
143.225
143.251
143.276
143.302
143.327
143.353
143.378
143.403
143.429
143.454
143.48
143.505
143.531
143.556
143.582
143.607
143.633
143.658
143.684
143.709
143.734
143.76
143.785
143.811
143.836
143.861
143.887
143.912
143.938
143.963
143.989
144.014
144.04
144.065
144.091
144.116
144.142
144.167
144.192
144.218
144.243
144.269
144.294
144.32
144.345
144.371
144.396
144.422
144.447
144.472
144.498
144.523
144.549
144.574
144.6
144.625
144.651
144.676
144.702
144.727
144.752
144.778
144.803
144.829
144.854
144.88
144.905
144.931
144.956
144.981
145.007
145.032
145.058
145.083
145.109
145.134
145.16
145.185
145.211
145.236
145.261
145.287
145.312
145.338
145.363
145.389
145.414
145.44
145.465
145.491
145.516
145.542
145.567
145.593
145.618
145.643
145.669
145.694
145.72
145.745
145.771
145.796
145.822
145.847
145.872
145.898
145.923
145.949
145.974
146
146.025
146.051
146.076
146.102
146.127
146.153
146.178
146.203
146.229
146.254
146.28
146.305
146.331
146.356
146.382
146.407
146.433
146.458
146.483
146.509
146.534
146.56
146.585
146.611
146.636
146.662
146.687
146.713
146.738
146.763
146.789
146.814
146.84
146.865
146.891
146.916
146.942
146.967
146.993
147.018
147.044
147.069
147.095
147.12
147.145
147.171
147.196
147.222
147.247
147.273
147.298
147.324
147.349
147.375
147.4
147.425
147.451
147.476
147.502
147.527
147.553
147.578
147.604
147.629
147.655
147.68
147.705
147.731
147.756
147.782
147.807
147.833
147.858
147.884
147.909
147.934
147.96
147.985
148.011
148.036
148.062
148.087
148.113
148.138
148.163
148.189
148.214
148.24
148.265
148.293
148.319
148.344
148.369
148.395
148.42
148.446
148.471
148.497
148.522
148.548
148.573
148.599
148.624
148.65
148.675
148.7
148.726
148.751
148.777
148.802
148.828
148.853
148.879
148.904
148.93
148.955
148.981
149.006
149.032
149.057
149.082
149.108
149.133
149.159
149.184
149.21
149.235
149.261
149.286
149.311
149.337
149.362
149.388
149.413
149.439
149.464
149.49
149.515
149.541
149.566
149.591
149.617
149.642
149.668
149.693
149.719
149.744
149.77
149.795
149.821
149.846
149.871
149.897
149.922
149.948
149.973
149.999
150.024
150.05
150.075
150.101
150.126
150.151
150.177
150.202
150.228
150.253
150.279
150.304
150.33
150.355
150.38
150.406
150.431
150.457
150.482
150.508
150.533
150.559
150.584
150.61
150.635
150.66
150.686
150.711
150.737
150.762
150.788
150.813
150.839
150.864
150.89
150.915
150.941
150.966
150.991
151.017
151.042
151.068
151.093
151.119
151.144
151.17
151.195
151.221
151.246
151.272
151.297
151.322
151.348
151.373
151.399
151.424
151.45
151.475
151.501
151.526
151.552
151.577
151.603
151.628
151.653
151.679
151.704
151.73
151.755
151.781
151.806
151.832
151.857
151.883
151.908
151.933
151.959
151.984
152.01
152.035
152.061
152.086
152.112
152.137
152.163
152.188
152.213
152.239
152.264
152.29
152.315
152.341
152.366
152.392
152.417
152.442
152.468
152.493
152.519
152.544
152.57
152.595
152.621
152.646
152.671
152.697
152.722
152.748
152.773
152.799
152.824
152.85
152.875
152.901
152.926
152.951
152.977
153.002
153.028
153.053
153.079
153.104
153.13
153.155
153.181
153.206
153.232
153.257
153.282
153.308
153.333
153.359
153.384
153.41
153.435
153.461
153.486
153.512
153.537
153.562
153.588
153.613
153.639
153.664
153.69
153.715
153.741
153.766
153.792
153.817
153.842
153.868
153.893
153.919
153.944
153.97
153.995
154.021
154.046
154.072
154.097
154.122
154.148
154.173
154.199
154.224
154.25
154.275
154.301
154.326
154.352
154.377
154.402
154.428
154.453
154.479
154.504
154.53
154.555
154.581
154.606
154.631
154.657
154.682
154.708
154.733
154.759
154.784
154.81
154.835
154.861
154.886
154.911
154.937
154.962
154.988
155.013
155.039
155.064
155.089
155.115
155.14
155.166
155.191
155.217
155.242
155.268
155.293
155.319
155.344
155.369
155.395
155.42
155.446
155.471
155.497
155.522
155.548
155.573
155.598
155.624
155.649
155.675
155.7
155.726
155.751
155.777
155.802
155.828
155.853
155.878
155.904
155.929
155.955
155.98
156.006
156.031
156.057
156.082
156.107
156.133
156.158
156.184
156.209
156.235
156.26
156.286
156.311
156.337
156.362
156.387
156.413
156.438
156.464
156.489
156.515
156.54
156.566
156.591
156.617
156.642
156.667
156.693
156.718
156.744
156.769
156.795
156.82
156.846
156.871
156.897
156.922
156.947
156.973
156.998
157.024
157.049
157.075
157.1
157.126
157.151
157.177
157.202
157.228
157.253
157.278
157.304
157.329
157.355
157.38
157.406
157.431
157.457
157.482
157.508
157.533
157.558
157.584
157.609
157.635
157.66
157.686
157.711
157.737
157.762
157.788
157.813
157.838
157.864
157.889
157.915
157.94
157.966
157.991
158.017
158.042
158.068
158.093
158.118
158.144
158.169
158.195
158.22
158.246
158.271
158.297
158.322
158.347
158.373
158.398
158.424
158.449
158.475
158.5
158.526
158.551
158.577
158.602
158.628
158.653
158.679
158.704
158.729
158.755
158.78
158.806
158.831
158.857
158.882
158.908
158.933
158.958
158.984
159.009
159.035
159.06
159.086
159.111
159.137
159.162
159.188
159.213
159.238
159.264
159.289
159.315
159.34
159.366
159.391
159.417
159.442
159.468
159.493
159.518
159.544
159.569
159.595
159.62
159.646
159.671
159.697
159.722
159.747
159.773
159.798
159.824
159.849
159.875
159.9
159.926
159.951
159.977
160.002
160.028
160.053
160.079
160.104
160.129
160.155
160.18
160.206
160.231
160.257
160.282
160.308
160.341
160.366
160.392
160.417
160.443
160.468
160.494
160.519
160.545
160.57
160.596
160.621
160.647
160.672
160.697
160.723
160.748
160.774
160.799
160.825
160.85
160.876
160.901
160.926
160.952
160.977
161.003
161.028
161.054
161.079
161.105
161.13
161.156
161.181
161.206
161.232
161.257
161.283
161.313
161.338
161.364
161.389
161.415
161.44
161.466
161.491
161.517
161.542
161.567
161.593
161.618
161.644
161.669
161.695
161.72
161.746
161.771
161.797
161.822
161.847
161.873
161.898
161.924
161.949
161.975
162
162.026
162.051
162.077
162.102
162.127
162.153
162.178
162.204
162.229
162.255
162.28
162.306
162.331
162.356
162.382
162.407
162.433
162.458
162.484
162.509
162.535
162.56
162.586
162.611
162.636
162.662
162.687
162.713
162.738
162.764
162.789
162.814
162.84
162.865
162.891
162.916
162.942
162.967
162.993
163.018
163.043
163.069
163.094
163.12
163.145
163.171
163.196
163.221
163.247
163.272
163.298
163.323
163.349
163.374
163.4
163.433
163.459
163.484
163.509
163.535
163.56
163.586
163.611
163.637
163.662
163.688
163.713
163.738
163.764
163.789
163.815
163.84
163.866
163.891
163.917
163.942
163.968
163.993
164.018
164.044
164.069
164.095
164.12
164.146
164.171
164.197
164.222
164.248
164.273
164.299
164.325
164.35
164.376
164.401
164.427
164.452
164.478
164.503
164.529
164.554
164.58
164.605
164.63
164.656
164.681
164.707
164.732
164.758
164.783
164.809
164.834
164.86
164.885
164.91
164.936
164.961
164.987
165.012
165.038
165.063
165.088
165.114
165.139
165.165
165.19
165.216
165.241
165.267
165.292
165.317
165.343
165.368
165.394
165.419
165.445
165.47
165.496
165.521
165.547
165.572
165.597
165.623
165.648
165.674
165.699
165.725
165.75
165.776
165.801
165.827
165.852
165.878
165.903
165.928
165.954
165.979
166.005
166.03
166.056
166.081
166.107
166.132
166.157
166.183
166.208
166.234
166.259
166.285
166.31
166.336
166.361
166.387
166.412
166.438
166.463
166.488
166.514
166.539
166.565
166.59
166.616
166.641
166.667
166.692
166.718
166.743
166.769
166.794
166.819
166.845
166.87
166.896
166.921
166.947
166.972
166.998
167.023
167.049
167.074
167.1
167.125
167.15
167.176
167.201
167.227
167.252
167.278
167.303
167.329
167.354
167.38
167.405
167.43
167.456
167.481
167.507
167.532
167.558
167.583
167.609
167.634
167.66
167.685
167.71
167.736
167.761
167.787
167.812
167.838
167.863
167.889
167.914
167.939
167.965
167.99
168.016
168.041
168.067
168.092
168.118
168.143
168.169
168.194
168.22
168.245
168.271
168.296
168.321
168.347
168.372
168.398
168.423
168.449
168.474
168.5
168.525
168.551
168.576
168.601
168.627
168.652
168.678
168.703
168.729
168.754
168.78
168.805
168.831
168.856
168.881
168.907
168.932
168.958
168.983
169.009
169.034
169.06
169.085
169.111
169.136
169.162
169.187
169.213
169.238
169.263
169.289
169.314
169.34
169.365
169.391
169.416
169.442
169.467
169.493
169.518
169.543
169.569
169.594
169.62
169.645
169.671
169.696
169.722
169.747
169.772
169.798
169.823
169.849
169.874
169.9
169.925
169.951
169.976
170.002
170.027
170.052
170.078
170.103
170.129
170.154
170.18
170.205
170.231
170.256
170.282
170.307
170.332
170.358
170.383
170.409
170.434
170.46
170.485
170.511
170.536
170.562
170.587
170.613
170.638
170.663
170.689
170.714
170.74
170.765
170.791
170.816
170.842
170.867
170.893
170.918
170.943
170.969
170.994
171.02
171.045
171.071
171.096
171.122
171.147
171.172
171.198
171.223
171.249
171.274
171.3
171.325
171.351
171.376
171.402
171.427
171.453
171.478
171.503
171.529
171.554
171.58
171.605
171.631
171.656
171.682
171.707
171.732
171.758
171.783
171.809
171.834
171.86
171.885
171.911
171.936
171.962
171.987
172.012
172.038
172.063
172.089
172.114
172.14
172.165
172.191
172.216
172.242
172.267
172.293
172.318
172.343
172.369
172.394
172.42
172.445
172.471
172.496
172.522
172.547
172.573
172.598
172.623
172.649
172.674
172.7
172.725
172.751
172.776
172.802
172.827
172.853
172.878
172.903
172.929
172.954
172.98
173.005
173.031
173.056
173.082
173.107
173.132
173.158
173.183
173.209
173.234
173.26
173.285
173.311
173.336
173.362
173.387
173.412
173.438
173.463
173.489
173.514
173.54
173.565
173.591
173.616
173.642
173.667
173.692
173.718
173.743
173.769
173.794
173.82
173.845
173.871
173.896
173.921
173.947
173.972
173.998
174.023
174.049
174.074
174.099
174.125
174.15
174.176
174.201
174.227
174.252
174.278
174.303
174.329
174.354
174.38
174.405
174.43
174.456
174.481
174.507
174.532
174.558
174.583
174.609
174.634
174.66
174.685
174.71
174.736
174.761
174.787
174.812
174.838
174.863
174.889
174.914
174.939
174.965
174.99
175.016
175.041
175.067
175.092
175.117
175.143
175.168
175.194
175.219
175.245
175.27
175.295
175.321
175.346
175.372
175.397
175.423
175.448
175.473
175.499
175.524
175.55
175.575
175.601
175.626
175.652
175.677
175.702
175.728
175.753
175.779
175.804
175.83
175.855
175.881
175.906
175.931
175.957
175.982
176.008
176.033
176.059
176.084
176.11
176.135
176.161
176.186
176.211
176.237
176.262
176.288
176.313
176.339
176.364
176.39
176.415
176.441
176.466
176.491
176.517
176.542
176.568
176.593
176.619
176.644
176.67
176.695
176.721
176.746
176.771
176.797
176.822
176.848
176.873
176.899
176.924
176.95
176.975
177
177.026
177.051
177.077
177.102
177.128
177.153
177.179
177.204
177.229
177.255
177.28
177.306
177.331
177.357
177.382
177.408
177.433
177.459
177.484
177.51
177.535
177.56
177.586
177.611
177.637
177.662
177.688
177.713
177.739
177.764
177.789
177.815
177.84
177.866
177.891
177.917
177.942
177.968
177.993
178.018
178.044
178.069
178.095
178.12
178.146
178.171
178.196
178.222
178.247
178.273
178.298
178.324
178.349
178.375
178.4
178.425
178.451
178.476
178.502
178.527
178.553
178.578
178.604
178.629
178.655
178.68
178.706
178.731
178.756
178.782
178.807
178.833
178.858
178.884
178.909
178.935
178.96
178.986
179.011
179.036
179.062
179.087
179.113
179.138
179.164
179.189
179.215
179.24
179.266
179.297
179.323
179.348
179.373
179.399
179.424
179.45
179.475
179.501
179.526
179.552
179.577
179.603
179.628
179.653
179.679
179.704
179.73
179.755
179.781
179.806
179.832
179.857
179.883
179.908
179.933
179.959
179.984
180.01
180.035
180.061
180.086
180.111
180.137
180.162
180.188
180.213
180.239
180.264
180.29
180.315
180.34
180.366
180.391
180.417
180.442
180.468
180.493
180.518
180.544
180.569
180.595
180.62
180.646
180.671
180.697
180.722
180.747
180.773
180.798
180.824
180.849
180.875
180.9
180.925
180.951
180.976
181.002
181.027
181.053
181.078
181.104
181.129
181.154
181.18
181.205
181.231
181.256
181.282
181.307
181.332
181.358
181.383
181.409
181.434
181.46
181.485
181.51
181.536
181.561
181.587
181.612
181.638
181.663
181.689
181.714
181.74
181.765
181.79
181.816
181.841
181.867
181.892
181.918
181.943
181.969
181.994
182.019
182.045
182.07
182.096
182.121
182.147
182.172
182.197
182.223
182.248
182.274
182.299
182.325
182.35
182.376
182.401
182.426
182.452
182.477
182.503
182.528
182.554
182.579
182.605
182.63
182.655
182.681
182.706
182.732
182.757
182.783
182.808
182.834
182.859
182.885
182.91
182.935
182.961
182.986
183.012
183.037
183.063
183.088
183.114
183.139
183.164
183.19
183.215
183.241
183.266
183.292
183.317
183.342
183.368
183.393
183.419
183.444
183.47
183.495
183.521
183.546
183.571
183.597
183.629
183.654
183.68
183.705
183.731
183.756
183.782
183.807
183.832
183.858
183.883
183.909
183.934
183.96
183.985
184.011
184.036
184.061
184.087
184.112
184.138
184.163
184.189
184.214
184.239
184.265
184.29
184.316
184.341
184.367
184.392
184.418
184.443
184.468
184.494
184.519
184.545
184.57
184.596
184.621
184.646
184.672
184.697
184.723
184.748
184.774
184.799
184.825
184.85
184.875
184.901
184.926
184.951
184.977
185.002
185.028
185.053
185.079
185.104
185.129
185.155
185.18
185.206
185.231
185.256
185.282
185.307
185.333
185.358
185.384
185.409
185.434
185.46
185.485
185.511
185.536
185.561
185.587
185.612
185.638
185.663
185.689
185.714
185.739
185.765
185.79
185.816
185.841
185.866
185.892
185.917
185.943
185.968
185.993
186.019
186.044
186.07
186.095
186.121
186.146
186.171
186.197
186.222
186.248
186.273
186.298
186.324
186.349
186.375
186.4
186.425
186.451
186.476
186.502
186.527
186.553
186.578
186.603
186.629
186.654
186.68
186.705
186.73
186.756
186.781
186.807
186.832
186.857
186.883
186.908
186.934
186.959
186.984
187.01
187.035
187.061
187.086
187.111
187.137
187.162
187.188
187.213
187.238
187.264
187.289
187.315
187.34
187.366
187.391
187.416
187.442
187.467
187.493
187.518
187.543
187.569
187.594
187.62
187.645
187.67
187.696
187.721
187.747
187.772
187.797
187.823
187.848
187.874
187.899
187.924
187.95
187.975
188.001
188.026
188.052
188.077
188.102
188.128
188.153
188.179
188.204
188.229
188.255
188.28
188.306
188.331
188.356
188.382
188.407
188.433
188.458
188.483
188.509
188.534
188.56
188.585
188.61
188.636
188.661
188.687
188.712
188.737
188.763
188.788
188.814
188.839
188.865
188.89
188.915
188.941
188.966
188.991
189.017
189.042
189.068
189.093
189.119
189.144
189.169
189.195
189.22
189.246
189.271
189.296
189.322
189.347
189.373
189.398
189.423
189.449
189.474
189.5
189.525
189.55
189.576
189.601
189.627
189.652
189.677
189.703
189.728
189.754
189.779
189.804
189.83
189.855
189.881
189.906
189.931
189.957
189.982
190.008
190.033
190.059
190.084
190.109
190.135
190.16
190.186
190.211
190.236
190.262
190.287
190.313
190.338
190.363
190.389
190.414
190.44
190.465
190.49
190.516
190.541
190.567
190.592
190.617
190.643
190.668
190.694
190.719
190.744
190.77
190.795
190.821
190.846
190.871
190.897
190.922
190.948
190.973
190.999
191.024
191.049
191.075
191.1
191.125
191.151
191.176
191.202
191.227
191.253
191.278
191.303
191.329
191.354
191.38
191.405
191.43
191.456
191.481
191.507
191.532
191.557
191.583
191.608
191.634
191.659
191.684
191.71
191.735
191.761
191.786
191.811
191.837
191.862
191.888
191.913
191.939
191.964
191.989
192.015
192.04
192.066
192.091
192.116
192.142
192.167
192.193
192.218
192.243
192.269
192.294
192.32
192.345
192.37
192.396
192.421
192.447
192.472
192.498
192.523
192.548
192.574
192.599
192.625
192.65
192.675
192.701
192.726
192.752
192.777
192.802
192.828
192.853
192.879
192.904
192.929
192.955
192.98
193.006
193.031
193.056
193.082
193.107
193.133
193.158
193.183
193.209
193.234
193.26
193.285
193.31
193.336
193.361
193.387
193.412
193.438
193.463
193.488
193.514
193.539
193.565
193.59
193.615
193.641
193.666
193.692
193.717
193.742
193.768
193.793
193.819
193.844
193.869
193.895
193.92
193.946
193.971
193.996
194.022
194.047
194.073
194.098
194.123
194.149
194.174
194.199
194.225
194.25
194.276
194.301
194.326
194.352
194.377
194.403
194.428
194.453
194.479
194.504
194.53
194.555
194.58
194.606
194.631
194.657
194.682
194.707
194.733
194.758
194.784
194.809
194.834
194.86
194.885
194.911
194.936
194.961
194.987
195.012
195.038
195.063
195.088
195.114
195.139
195.165
195.19
195.215
195.241
195.266
195.291
195.317
195.342
195.368
195.393
195.418
195.444
195.469
195.494
195.52
195.545
195.57
195.596
195.621
195.647
195.672
195.697
195.723
195.748
195.773
195.799
195.824
195.849
195.875
195.9
195.926
195.951
195.976
196.002
196.027
196.052
196.078
196.103
196.129
196.154
196.179
196.205
196.23
196.255
196.281
196.306
196.332
196.357
196.382
196.408
196.433
196.458
196.484
196.509
196.535
196.56
196.585
196.611
196.636
196.661
196.687
196.712
196.737
196.763
196.788
196.814
196.839
196.864
196.89
196.915
196.94
196.966
196.991
197.017
197.042
197.067
197.093
197.118
197.143
197.169
197.194
197.22
197.245
197.27
197.296
197.321
197.347
197.372
197.397
197.423
197.448
197.473
197.499
197.524
197.549
197.575
197.6
197.626
197.651
197.676
197.702
197.727
197.752
197.778
197.803
197.829
197.854
197.88
197.905
197.93
197.956
197.981
198.007
198.032
198.057
198.083
198.108
198.133
198.159
198.184
198.21
198.235
198.26
198.286
198.311
198.336
198.362
198.387
198.413
198.438
198.463
198.489
198.514
198.539
198.565
198.59
198.616
198.641
198.666
198.692
198.717
198.742
198.768
198.793
198.819
198.844
198.869
198.895
198.92
198.945
198.971
198.996
199.022
199.047
199.072
199.098
199.123
199.148
199.174
199.199
199.224
199.25
199.275
199.301
199.326
199.351
199.377
199.402
199.427
199.453
199.478
199.504
199.529
199.554
199.58
199.605
199.63
199.656
199.681
199.706
199.732
199.757
199.782
199.808
199.833
199.858
199.884
199.909
199.934
199.96
199.985
200.01
200.036
200.061
200.087
200.112
200.137
200.163
200.188
200.213
200.239
200.264
200.289
200.315
200.34
200.365
200.391
200.416
200.441
200.467
200.492
200.518
200.543
200.568
200.594
200.619
200.644
200.67
200.695
200.72
200.746
200.771
200.796
200.822
200.847
200.872
200.898
200.923
200.948
200.974
200.999
201.025
201.05
201.075
201.101
201.126
201.151
201.177
201.202
201.227
201.253
201.278
201.303
201.329
201.354
201.38
201.405
201.43
201.456
201.481
201.506
201.532
201.557
201.582
201.608
201.633
201.658
201.684
201.709
201.735
201.76
201.785
201.811
201.836
201.861
201.887
201.912
201.937
201.963
201.988
202.013
202.039
202.064
202.089
202.115
202.14
202.165
202.191
202.216
202.241
202.267
202.292
202.317
202.343
202.368
202.394
202.419
202.444
202.47
202.495
202.52
202.546
202.571
202.596
202.622
202.647
202.672
202.698
202.723
202.748
202.774
202.799
202.824
202.85
202.875
202.9
202.925
202.951
202.976
203.001
203.027
203.052
203.077
203.103
203.128
203.153
203.179
203.204
203.229
203.255
203.28
203.305
203.331
203.356
203.381
203.406
203.432
203.457
203.482
203.508
203.533
203.558
203.584
203.609
203.634
203.66
203.685
203.71
203.735
203.761
203.786
203.811
203.837
203.862
203.887
203.912
203.938
203.963
203.988
204.013
204.039
204.064
204.089
204.114
204.14
204.165
204.19
204.215
204.241
204.266
204.291
204.317
204.342
204.367
204.392
204.418
204.443
204.468
204.493
204.519
204.544
204.569
204.595
204.62
204.645
204.67
204.696
204.721
204.746
204.771
204.797
204.822
204.847
204.873
204.898
204.923
204.949
204.974
204.999
205.024
205.05
205.075
205.1
205.126
205.151
205.176
205.201
205.227
205.252
205.277
205.302
205.328
205.353
205.378
205.403
205.429
205.454
205.479
205.504
205.53
205.555
205.58
205.605
205.631
205.656
205.681
205.707
205.732
205.757
205.782
205.808
205.833
205.858
205.884
205.909
205.934
205.959
205.985
206.01
206.035
206.06
206.086
206.111
206.136
206.162
206.187
206.212
206.237
206.263
206.288
206.313
206.338
206.363
206.389
206.414
206.439
206.464
206.489
206.515
206.54
206.565
206.59
206.616
206.641
206.666
206.691
206.716
206.742
206.767
206.792
206.817
206.843
206.868
206.893
206.918
206.943
206.969
206.994
207.019
207.044
207.069
207.095
207.12
207.145
207.17
207.196
207.221
207.246
207.271
207.296
207.322
207.347
207.372
207.397
207.422
207.448
207.473
207.498
207.523
207.548
207.573
207.599
207.624
207.649
207.674
207.699
207.725
207.75
207.775
207.8
207.825
207.85
207.876
207.901
207.926
207.951
207.976
208.002
208.027
208.052
208.077
208.102
208.127
208.153
208.178
208.203
208.228
208.253
208.279
208.304
208.329
208.354
208.379
208.404
208.43
208.455
208.48
208.505
208.531
208.556
208.581
208.606
208.631
208.657
208.682
208.707
208.732
208.757
208.782
208.808
208.833
208.858
208.883
208.908
208.934
208.959
208.984
209.009
209.034
209.06
209.085
209.11
209.135
209.16
209.186
209.211
209.236
209.261
209.286
209.311
209.337
209.362
209.387
209.412
209.437
209.463
209.488
209.513
209.538
209.563
209.588
209.614
209.639
209.664
209.689
209.714
209.74
209.765
209.79
209.815
209.84
209.866
209.891
209.916
209.941
209.966
209.992
210.017
210.042
210.067
210.092
210.117
210.142
210.168
210.193
210.218
210.243
210.268
210.293
210.318
210.344
210.369
210.394
210.419
210.444
210.47
210.495
210.52
210.545
210.57
210.595
210.621
210.646
210.671
210.696
210.721
210.747
210.772
210.797
210.822
210.847
210.872
210.897
210.923
210.948
210.973
210.998
211.023
211.048
211.073
211.099
211.124
211.149
211.174
211.199
211.224
211.25
211.275
211.3
211.325
211.35
211.375
211.4
211.426
211.451
211.476
211.501
211.526
211.551
211.576
211.602
211.627
211.652
211.677
211.702
211.727
211.753
211.778
211.803
211.828
211.853
211.878
211.903
211.929
211.954
211.979
212.004
212.029
212.054
212.08
212.105
212.13
212.155
212.18
212.205
