0.0286622
0.0541151
0.079442
0.104735
0.130033
0.15532
0.180592
0.205851
0.231113
0.256364
0.281632
0.306912
0.33216
0.357441
0.382742
0.408044
0.433343
0.458654
0.483968
0.50931
0.534636
0.559949
0.585265
0.610569
0.635882
0.661195
0.686497
0.711812
0.737106
0.762404
0.787731
0.813051
0.838371
0.863689
0.889014
0.914327
0.939644
0.964977
0.990291
1.01561
1.04096
1.06629
1.09161
1.11697
1.14229
1.16762
1.19297
1.21831
1.24366
1.26899
1.29435
1.31982
1.34539
1.37083
1.39641
1.42176
1.4471
1.47244
1.49779
1.52312
1.54851
1.57389
1.59923
1.62461
1.64997
1.67533
1.70066
1.726
1.75133
1.77666
1.80205
1.82745
1.85283
1.87817
1.9035
1.92882
1.95415
1.97948
2.00481
2.03014
2.05548
2.08082
2.10614
2.13148
2.15688
2.18226
2.20759
2.23292
2.25826
2.2836
2.30897
2.33432
2.35966
2.385
2.41038
2.43571
2.46106
2.48645
2.51186
2.53723
2.56268
2.58809
2.61343
2.63876
2.66408
2.6894
2.71473
2.74006
2.76539
2.79071
2.81614
2.8415
2.86685
2.89221
2.91756
2.94292
2.96827
2.9936
3.01891
3.04422
3.06956
3.09488
3.1202
3.14556
3.1709
3.19625
3.22159
3.24693
3.27228
3.29762
3.32295
3.3483
3.37366
3.39898
3.42431
3.44964
3.47499
3.50033
3.52572
3.55111
3.57645
3.6018
3.62714
3.65246
3.6778
3.70313
3.72846
3.7538
3.77913
3.80449
3.82984
3.85517
3.88056
3.90592
3.93126
3.9566
3.98193
4.00727
4.03263
4.05796
4.0833
4.10864
4.13396
4.15931
4.18466
4.21
4.23533
4.26067
4.28601
4.31134
4.33668
4.36203
4.38737
4.41268
4.43802
4.46335
4.48869
4.51402
4.53936
4.56469
4.59002
4.61534
4.64074
4.66613
4.69148
4.71682
4.74216
4.76754
4.79288
4.81827
4.84368
4.86903
4.89441
4.91976
4.94514
4.97051
4.99585
5.02119
5.04654
5.07188
5.09722
5.12255
5.14788
5.17322
5.19854
5.22391
5.24926
5.27458
5.29991
5.32523
5.35055
5.37587
5.4012
5.42653
5.45187
5.47719
5.50254
5.52789
5.55322
5.57855
5.6039
5.6293
5.65467
5.68001
5.70536
5.73069
5.75604
5.78138
5.80673
5.83207
5.85741
5.88275
5.90811
5.93347
5.95887
5.98426
6.0096
6.03494
6.06029
6.08561
6.11098
6.13633
6.16167
6.18701
6.21234
6.23767
6.26298
6.28833
6.31371
6.33905
6.36442
6.38976
6.41509
6.44043
6.46578
6.49111
6.51644
6.54178
6.56711
6.59244
6.61778
6.64312
6.66846
6.6938
6.71913
6.7445
6.76986
6.79525
6.82065
6.84602
6.87136
6.89673
6.9221
6.94744
6.97277
6.99812
7.02345
7.04878
7.07412
7.09946
7.1248
7.1502
7.1756
7.20095
7.22634
7.25174
7.2771
7.3025
7.32789
7.35324
7.37859
7.40401
7.4294
7.45475
7.48009
7.50543
7.53078
7.55613
7.58146
7.60681
7.63215
7.65755
7.68295
7.70829
7.7337
7.7591
7.78446
7.80987
7.83527
7.86063
7.886
7.91136
7.93669
7.96202
7.98739
8.01269
8.03804
8.06337
8.0887
8.11403
8.13942
8.1648
8.19013
8.21548
8.24082
8.26621
8.29157
8.31691
8.34224
8.36758
8.39294
8.41828
8.44361
8.46897
8.49438
8.51971
8.54504
8.57038
8.59572
8.62107
8.64643
8.67177
8.69711
8.72244
8.74779
8.77313
8.79847
8.82381
8.84915
8.87449
8.89984
8.92517
8.95051
8.97585
9.00118
9.02651
9.05184
9.07716
9.10247
9.12778
9.1531
9.17841
9.20372
9.22903
9.25435
9.27967
9.30499
9.33031
9.35561
9.38092
9.40623
9.43155
9.45686
9.48218
9.50749
9.53281
9.55815
9.58349
9.60882
9.63415
9.65948
9.68481
9.71015
9.73548
9.76081
9.78614
9.81147
9.8368
9.86213
9.8875
9.91284
9.93817
9.96351
9.98884
10.0142
10.0395
10.0648
10.0901
10.1155
10.1408
10.1661
10.1914
10.2168
10.2421
10.2674
10.2927
10.318
10.3433
10.3687
10.394
10.4194
10.4447
10.47
10.4953
10.5206
10.5459
10.5712
10.5965
10.6218
10.6472
10.6725
10.6978
10.7231
10.7485
10.7738
10.7991
10.8244
10.8498
10.8751
10.9005
10.9258
10.9511
10.9765
11.0019
11.0272
11.0526
11.0779
11.1033
11.1286
11.1539
11.1793
11.2046
11.2299
11.2553
11.2806
11.306
11.3314
11.3567
11.382
11.4073
11.4327
11.458
11.4833
11.5087
11.534
11.5594
11.5847
11.61
11.6354
11.6607
11.686
11.7113
11.7367
11.762
11.7873
11.8127
11.838
11.8633
11.8887
11.914
11.9394
11.9647
11.9901
12.0154
12.0407
12.0661
12.0914
12.1168
12.1421
12.1674
12.1928
12.2181
12.2435
12.2688
12.2942
12.3195
12.3448
12.3702
12.3955
12.4209
12.4462
12.4715
12.4969
12.5222
12.5476
12.5729
12.5982
12.6236
12.6489
12.6742
12.6996
12.7249
12.7502
12.7756
12.8009
12.8262
12.8515
12.8769
12.9023
12.9276
12.953
12.9783
13.0036
13.029
13.0543
13.0797
13.105
13.1304
13.1557
13.1811
13.2064
13.2318
13.2571
13.2824
13.3078
13.3331
13.3585
13.3838
13.4091
13.4345
13.4598
13.4852
13.5105
13.5358
13.5612
13.5865
13.6119
13.6372
13.6626
13.688
13.7133
13.7387
13.764
13.7893
13.8147
13.84
13.8654
13.8907
13.916
13.9414
13.9667
13.9921
14.0174
14.0427
14.0681
14.0934
14.1188
14.1442
14.1695
14.1948
14.2202
14.2455
14.2709
14.2962
14.3216
14.3469
14.3722
14.3976
14.4229
14.4483
14.4736
14.4989
14.5242
14.5496
14.5749
14.6003
14.6256
14.6509
14.6763
14.7016
14.727
14.7523
14.7777
14.803
14.8283
14.8537
14.879
14.9044
14.9297
14.955
14.9804
15.0057
15.031
15.0564
15.0817
15.1071
15.1324
15.1578
15.1831
15.2085
15.2338
15.2591
15.2845
15.3098
15.3352
15.3605
15.3859
15.4112
15.4365
15.4619
15.4872
15.5125
15.5379
15.5633
15.5886
15.6139
15.6393
15.6646
15.69
15.7153
15.7406
15.766
15.7913
15.8167
15.8421
15.8674
15.8927
15.9181
15.9434
15.9688
15.9941
16.0194
16.0448
16.0701
16.0955
16.1208
16.1461
16.1715
16.1968
16.2221
16.2475
16.2728
16.2981
16.3235
16.3489
16.3742
16.3996
16.425
16.4503
16.4757
16.501
16.5263
16.5517
16.577
16.6024
16.6277
16.653
16.6784
16.7038
16.7291
16.7544
16.7798
16.8051
16.8305
16.8558
16.8812
16.9065
16.9319
16.9574
16.9827
17.0081
17.0334
17.0587
17.0841
17.1094
17.1348
17.1601
17.1855
17.2108
17.2362
17.2616
17.287
17.3123
17.3377
17.363
17.3884
17.4137
17.4391
17.4644
17.4897
17.5151
17.5404
17.5658
17.5911
17.6165
17.6419
17.6672
17.6926
17.7179
17.7433
17.7686
17.794
17.8193
17.8446
17.87
17.8953
17.9206
17.946
17.9713
17.9966
18.022
18.0473
18.0727
18.0981
18.1234
18.1487
18.174
18.1993
18.2247
18.25
18.2754
18.3007
18.326
18.3514
18.3767
18.402
18.4274
18.4527
18.4781
18.5034
18.5287
18.5541
18.5794
18.6048
18.6301
18.6555
18.6808
18.7062
18.7315
18.7568
18.7822
18.8075
18.8329
18.8582
18.8836
18.9089
18.9342
18.9596
18.9849
19.0103
19.0356
19.061
19.0863
19.1116
19.137
19.1623
19.1877
19.213
19.2383
19.2636
19.289
19.3143
19.3397
19.365
19.3903
19.4157
19.441
19.4664
19.4917
19.517
19.5424
19.5677
19.593
19.6184
19.6437
19.6691
19.6944
19.7198
19.7451
19.7704
19.7958
19.8211
19.8465
19.8718
19.8971
19.9225
19.9478
19.9732
19.9985
20.0239
20.0492
20.0745
20.0999
20.1252
20.1505
20.1759
20.2012
20.2265
20.2518
20.2772
20.3025
20.3279
20.3532
20.3785
20.4039
20.4292
20.4545
20.4798
20.5052
20.5305
20.5558
20.5812
20.6065
20.6318
20.6572
20.6825
20.7078
20.7332
20.7585
20.7838
20.8092
20.8345
20.8599
20.8852
20.9105
20.9358
20.9612
20.9865
21.0119
21.0372
21.0626
21.0879
21.1132
21.1386
21.1639
21.1894
21.2148
21.2401
21.2655
21.2908
21.3162
21.3415
21.3668
21.3922
21.4175
21.4428
21.4682
21.4935
21.5188
21.5442
21.5695
21.5948
21.6202
21.6455
21.6708
21.6961
21.7215
21.7468
21.7721
21.7974
21.8227
21.8481
21.8734
21.8988
21.9241
21.9494
21.9748
22.0001
22.0254
22.0508
22.0761
22.1014
22.1268
22.1521
22.1775
22.2028
22.2281
22.2535
22.2789
22.3042
22.3296
22.355
22.3804
22.4058
22.4311
22.4565
22.4819
22.5072
22.5326
22.558
22.5834
22.6087
22.634
22.6594
22.6847
22.71
22.7354
22.7608
22.7861
22.8115
22.8368
22.8621
22.8874
22.9128
22.9381
22.9634
22.9888
23.0142
23.0396
23.0649
23.0903
23.1156
23.141
23.1663
23.1916
23.2169
23.2423
23.2676
23.293
23.3183
23.3436
23.369
23.3943
23.4196
23.445
23.4703
23.4956
23.5209
23.5462
23.5716
23.5969
23.6222
23.6476
23.6729
23.6982
23.7236
23.7489
23.7742
23.7996
23.8249
23.8502
23.8756
23.9009
23.9263
23.9516
23.9769
24.0023
24.0276
24.0529
24.0783
24.1036
24.1289
24.1542
24.1795
24.2049
24.2302
24.2555
24.2808
24.3062
24.3315
24.3568
24.3821
24.4075
24.4328
24.4582
24.4835
24.5088
24.5341
24.5595
24.5848
24.6102
24.6355
24.6609
24.6862
24.7115
24.7369
24.7622
24.7875
24.8129
24.8382
24.8636
24.8889
24.9143
24.9397
24.965
24.9904
25.0157
25.041
25.0664
25.0918
25.1171
25.1425
25.1678
25.1931
25.2184
25.2438
25.2691
25.2945
25.3199
25.3453
25.3707
25.396
25.4213
25.4467
25.472
25.4973
25.5227
25.548
25.5734
25.5987
25.6241
25.6495
25.6748
25.7001
25.7255
25.7508
25.7761
25.8015
25.8268
25.8522
25.8775
25.9029
25.9282
25.9535
25.9788
26.0042
26.0295
26.0548
26.0801
26.1055
26.1308
26.1561
26.1814
26.2068
26.2321
26.2575
26.2828
26.3082
26.3335
26.3589
26.3843
26.4096
26.4349
26.4602
26.4856
26.511
26.5363
26.5617
26.587
26.6124
26.6377
26.663
26.6884
26.7137
26.739
26.7643
26.7897
26.815
26.8404
26.8657
26.8911
26.9164
26.9417
26.9671
26.9925
27.0178
27.0431
27.0685
27.0938
27.1192
27.1445
27.1698
27.1952
27.2205
27.2459
27.2712
27.2966
27.3219
27.3473
27.3726
27.398
27.4233
27.4487
27.474
27.4994
27.5247
27.55
27.5754
27.6007
27.626
27.6514
27.6768
27.7022
27.7275
27.7529
27.7783
27.8036
27.829
27.8543
27.8796
27.905
27.9303
27.9556
27.981
28.0063
28.0316
28.057
28.0823
28.1076
28.133
28.1583
28.1837
28.209
28.2343
28.2597
28.285
28.3104
28.3357
28.361
28.3864
28.4117
28.437
28.4624
28.4877
28.5131
28.5384
28.5638
28.5891
28.6145
28.6398
28.6651
28.6905
28.7159
28.7413
28.7666
28.792
28.8173
28.8427
28.868
28.8934
28.9187
28.9441
28.9694
28.9948
29.0201
29.0455
29.0708
29.0962
29.1215
29.1469
29.1722
29.1976
29.223
29.2484
29.2737
29.2991
29.3245
29.3499
29.3753
29.4006
29.426
29.4513
29.4766
29.502
29.5273
29.5527
29.5781
29.6034
29.6287
29.654
29.6794
29.7047
29.73
29.7554
29.7807
29.806
29.8314
29.8567
29.882
29.9074
29.9327
29.958
29.9834
30.0087
30.034
30.0594
30.0847
30.11
30.1354
30.1607
30.186
30.2114
30.2367
30.262
30.2874
30.3127
30.338
30.3634
30.3887
30.414
30.4394
30.4647
30.4901
30.5154
30.5408
30.5661
30.5915
30.6168
30.6422
30.6675
30.6928
30.7182
30.7435
30.7688
30.7942
30.8195
30.8449
30.8702
30.8956
30.9209
30.9463
30.9716
30.997
31.0223
31.0477
31.073
31.0984
31.1237
31.1491
31.1744
31.1997
31.2251
31.2505
31.2758
31.3012
31.3265
31.3519
31.3772
31.4025
31.4279
31.4532
31.4786
31.504
31.5295
31.5549
31.5802
31.6055
31.6309
31.6562
31.6816
31.7069
31.7322
31.7575
31.7829
31.8082
31.8335
31.8588
31.8842
31.9095
31.9348
31.9602
31.9856
32.0109
32.0363
32.0616
32.0869
32.1122
32.1376
32.1629
32.1882
32.2135
32.2388
32.2642
32.2895
32.3148
32.3401
32.3655
32.3908
32.4162
32.4416
32.4669
32.4923
32.5176
32.5429
32.5683
32.5936
32.6189
32.6443
32.6696
32.695
32.7203
32.7456
32.7709
32.7963
32.8216
32.8469
32.8722
32.8976
32.9229
32.9483
32.9737
32.999
33.0243
33.0497
33.075
33.1003
33.1257
33.151
33.1764
33.2017
33.2271
33.2524
33.2778
33.3031
33.3285
33.3538
33.3792
33.4045
33.4298
33.4552
33.4805
33.5059
33.5312
33.5566
33.5819
33.6072
33.6326
33.6579
33.6833
33.7086
33.734
33.7593
33.7846
33.81
33.8354
33.8607
33.8861
33.9114
33.9367
33.962
33.9873
34.0127
34.038
34.0634
34.0888
34.1141
34.1394
34.1648
34.1901
34.2154
34.2408
34.2661
34.2914
34.3167
34.3421
34.3674
34.3927
34.418
34.4433
34.4687
34.494
34.5193
34.5447
34.57
34.5953
34.6207
34.646
34.6713
34.6967
34.722
34.7474
34.7727
34.798
34.8234
34.8487
34.874
34.8993
34.9247
34.9501
34.9754
35.0008
35.0262
35.0515
35.0769
35.1022
35.1276
35.153
35.1784
35.2037
35.229
35.2544
35.2797
35.3051
35.3304
35.3558
35.3811
35.4065
35.4318
35.4571
35.4824
35.5078
35.5331
35.5585
35.5838
35.6091
35.6344
35.6598
35.6851
35.7104
35.7358
35.7611
35.7865
35.8118
35.8372
35.8625
35.8878
35.9132
35.9385
35.9638
35.9891
36.0145
36.0398
36.0651
36.0905
36.1158
36.1411
36.1664
36.1917
36.2171
36.2424
36.2677
36.2931
36.3184
36.3437
36.369
36.3944
36.4197
36.445
36.4704
36.4957
36.521
36.5463
36.5717
36.597
36.6223
36.6477
36.673
36.6984
36.7237
36.749
36.7743
36.7997
36.825
36.8504
36.8757
36.901
36.9264
36.9517
36.977
37.0024
37.0277
37.053
37.0783
37.1037
37.129
37.1543
37.1797
37.205
37.2303
37.2556
37.281
37.3063
37.3316
37.357
37.3823
37.4077
37.433
37.4583
37.4837
37.509
37.5343
37.5597
37.585
37.6103
37.6357
37.661
37.6863
37.7117
37.737
37.7623
37.7877
37.813
37.8383
37.8636
37.889
37.9143
37.9396
37.9649
37.9902
38.0155
38.0409
38.0662
38.0915
38.1168
38.1421
38.1675
38.1928
38.2181
38.2435
38.2688
38.2942
38.3195
38.3448
38.3702
38.3955
38.4208
38.4462
38.4715
38.4969
38.5223
38.5476
38.573
38.5983
38.6236
38.6489
38.6743
38.6996
38.7249
38.7503
38.7756
38.801
38.8263
38.8516
38.877
38.9023
38.9277
38.9531
38.9785
39.0038
39.0292
39.0545
39.0799
39.1052
39.1306
39.1559
39.1813
39.2066
39.232
39.2573
39.2826
39.308
39.3333
39.3586
39.384
39.4094
39.4347
39.46
39.4854
39.5107
39.5361
39.5614
39.5868
39.6121
39.6375
39.6628
39.6882
39.7136
39.7389
39.7643
39.7896
39.815
39.8403
39.8656
39.891
39.9164
39.9417
39.9671
39.9924
40.0178
40.0431
40.0684
40.0938
40.1191
40.1444
40.1698
40.1951
40.2204
40.2458
40.2711
40.2965
40.3218
40.3472
40.3725
40.3979
40.4233
40.4486
40.4739
40.4992
40.5246
40.5499
40.5752
40.6006
40.6259
40.6512
40.6765
40.7019
40.7272
40.7525
40.7779
40.8032
40.8285
40.8538
40.8792
40.9045
40.9299
40.9552
40.9806
41.0059
41.0312
41.0566
41.0819
41.1073
41.1326
41.1579
41.1833
41.2086
41.234
41.2593
41.2846
41.31
41.3354
41.3607
41.386
41.4114
41.4367
41.462
41.4874
41.5127
41.538
41.5634
41.5887
41.614
41.6393
41.6647
41.69
41.7153
41.7406
41.7659
41.7912
41.8166
41.8419
41.8672
41.8926
41.9179
41.9432
41.9685
41.9939
42.0192
42.0445
42.0699
42.0952
42.1205
42.1459
42.1712
42.1966
42.2219
42.2472
42.2726
42.2979
42.3232
42.3486
42.3739
42.3993
42.4246
42.4499
42.4753
42.5006
42.526
42.5513
42.5767
42.602
42.6274
42.6528
42.6781
42.7034
42.7288
42.7541
42.7795
42.8048
42.8301
42.8555
42.8808
42.9062
42.9315
42.9568
42.9822
43.0075
43.0329
43.0582
43.0836
43.1089
43.1342
43.1596
43.1849
43.2102
43.2356
43.2609
43.2863
43.3116
43.3369
43.3623
43.3876
43.4129
43.4383
43.4636
43.4889
43.5143
43.5396
43.5649
43.5903
43.6156
43.6409
43.6662
43.6916
43.7169
43.7422
43.7675
43.7929
43.8182
43.8435
43.8689
43.8942
43.9195
43.9448
43.9702
43.9955
44.0208
44.0461
44.0715
44.0968
44.1221
44.1474
44.1728
44.1981
44.2235
44.2488
44.2741
44.2995
44.3248
44.3502
44.3755
44.4008
44.4262
44.4515
44.4768
44.5022
44.5275
44.5529
44.5782
44.6036
44.6289
44.6543
44.6796
44.705
44.7303
44.7556
44.781
44.8063
44.8317
44.8571
44.8824
44.9077
44.9331
44.9584
44.9837
45.0091
45.0345
45.0598
45.0851
45.1104
45.1358
45.1611
45.1865
45.2118
45.2372
45.2625
45.2878
45.3132
45.3385
45.3638
45.3892
45.4146
45.4399
45.4652
45.4906
45.516
45.5413
45.5667
45.592
45.6173
45.6427
45.668
45.6934
45.7187
45.744
45.7694
45.7947
45.82
45.8454
45.8707
45.8961
45.9214
45.9468
45.9721
45.9974
46.0228
46.0481
46.0734
46.0988
46.1241
46.1494
46.1748
46.2001
46.2255
46.2508
46.2761
46.3015
46.3268
46.3522
46.3775
46.4028
46.4282
46.4535
46.4788
46.5042
46.5295
46.5549
46.5802
46.6055
46.6308
46.6561
46.6815
46.7068
46.7321
46.7575
46.7828
46.8081
46.8335
46.8588
46.8841
46.9094
46.9348
46.9601
46.9854
47.0108
47.0362
47.0615
47.0869
47.1122
47.1376
47.1629
47.1883
47.2136
47.2389
47.2643
47.2896
47.315
47.3403
47.3657
47.391
47.4164
47.4417
47.467
47.4924
47.5177
47.5431
47.5684
47.5938
47.6191
47.6444
47.6698
47.6952
47.7205
47.7458
47.7712
47.7965
47.8219
47.8472
47.8726
47.8979
47.9232
47.9486
47.9739
47.9993
48.0246
48.0499
48.0753
48.1006
48.1259
48.1512
48.1766
48.2019
48.2272
48.2525
48.2779
48.3032
48.3285
48.3538
48.3791
48.4044
48.4298
48.4551
48.4805
48.5058
48.5312
48.5565
48.5819
48.6072
48.6326
48.6579
48.6833
48.7086
48.734
48.7593
48.7847
48.8101
48.8354
48.8607
48.8861
48.9114
48.9368
48.9621
48.9874
49.0128
49.0381
49.0635
49.0888
49.1142
49.1395
49.1648
49.1901
49.2155
49.2408
49.2662
49.2915
49.3168
49.3422
49.3675
49.3928
49.4181
49.4434
49.4687
49.494
49.5193
49.5446
49.5699
49.5953
49.6206
49.6459
49.6712
49.6966
49.7219
49.7473
49.7726
49.798
49.8234
49.8487
49.874
49.8994
49.9247
49.95
49.9754
50.0007
50.026
50.0514
50.0767
50.102
50.1273
50.1527
50.178
50.2033
50.2287
50.254
50.2793
50.3047
50.33
50.3554
50.3807
50.406
50.4314
50.4567
50.482
50.5074
50.5327
50.5581
50.5834
50.6088
50.6341
50.6595
50.6848
50.7102
50.7355
50.7608
50.7862
50.8115
50.8369
50.8622
50.8876
50.9129
50.9383
50.9636
50.989
51.0143
51.0397
51.0651
51.0905
51.1158
51.1411
51.1665
51.1918
51.2172
51.2425
51.2678
51.2932
51.3185
51.3439
51.3692
51.3945
51.4199
51.4452
51.4705
51.4959
51.5212
51.5465
51.5719
51.5973
51.6226
51.648
51.6733
51.6986
51.724
51.7493
51.7746
51.7999
51.8253
51.8506
51.8759
51.9013
51.9266
51.9519
51.9772
52.0026
52.0279
52.0533
52.0787
52.104
52.1293
52.1547
52.18
52.2053
52.2306
52.256
52.2813
52.3067
52.332
52.3573
52.3827
52.408
52.4334
52.4587
52.484
52.5094
52.5347
52.5601
52.5855
52.6108
52.6361
52.6615
52.6868
52.7121
52.7375
52.7628
52.7882
52.8135
52.8388
52.8642
52.8895
52.9148
52.9402
52.9655
52.9909
53.0162
53.0416
53.0669
53.0923
53.1176
53.1429
53.1683
53.1936
53.219
53.2443
53.2697
53.295
53.3203
53.3457
53.371
53.3963
53.4217
53.447
53.4723
53.4977
53.523
53.5483
53.5737
53.599
53.6244
53.6497
53.675
53.7004
53.7257
53.7511
53.7764
53.8018
53.8272
53.8526
53.8779
53.9033
53.9286
53.9539
53.9793
54.0046
54.03
54.0553
54.0806
54.106
54.1313
54.1566
54.182
54.2073
54.2326
54.2579
54.2833
54.3087
54.3341
54.3595
54.3848
54.4102
54.4355
54.461
54.4863
54.5117
54.5371
54.5624
54.5878
54.6131
54.6385
54.6638
54.6892
54.7145
54.7399
54.7652
54.7906
54.8159
54.8412
54.8666
54.8919
54.9173
54.9426
54.968
54.9933
55.0186
55.044
55.0693
55.0947
55.12
55.1454
55.1707
55.1961
55.2214
55.2468
55.2721
55.2975
55.3228
55.3482
55.3735
55.3988
55.4242
55.4495
55.4749
55.5002
55.5256
55.5509
55.5763
55.6016
55.6269
55.6523
55.6776
55.7029
55.7283
55.7536
55.779
55.8043
55.8296
55.855
55.8803
55.9056
55.931
55.9563
55.9816
56.007
56.0323
56.0577
56.083
56.1083
56.1336
56.159
56.1843
56.2096
56.235
56.2603
56.2856
56.311
56.3363
56.3617
56.387
56.4124
56.4377
56.4631
56.4884
56.5138
56.5391
56.5645
56.5898
56.6152
56.6405
56.6659
56.6912
56.7165
56.7419
56.7672
56.7926
56.8179
56.8433
56.8686
56.8939
56.9193
56.9446
56.97
56.9953
57.0207
57.046
57.0714
57.0967
57.122
57.1474
57.1728
57.1981
57.2235
57.2488
57.2741
57.2995
57.3248
57.3502
57.3755
57.4008
57.4262
57.4515
57.4769
57.5022
57.5275
57.5529
57.5783
57.6036
57.6289
57.6543
57.6796
57.705
57.7303
57.7556
57.781
57.8064
57.8317
57.857
57.8824
57.9077
57.933
57.9584
57.9837
58.009
58.0344
58.0597
58.085
58.1104
58.1357
58.1611
58.1864
58.2117
58.2371
58.2624
58.2878
58.3131
58.3384
58.3638
58.3892
58.4147
58.4401
58.4654
58.4908
58.5162
58.5416
58.5669
58.5923
58.6177
58.6431
58.6685
58.6939
58.7193
58.7446
58.77
58.7954
58.8208
58.8461
58.8715
58.8968
58.9221
58.9475
58.9728
58.9982
59.0236
59.049
59.0743
59.0997
59.1251
59.1505
59.1758
59.2012
59.2265
59.2519
59.2772
59.3025
59.3279
59.3532
59.3786
59.4039
59.4293
59.4546
59.4799
59.5052
59.5306
59.556
59.5813
59.6067
59.632
59.6574
59.6828
59.7082
59.7335
59.7589
59.7843
59.8096
59.835
59.8603
59.8857
59.911
59.9363
59.9617
59.987
60.0123
60.0377
60.0631
60.0884
60.1138
60.1391
60.1644
60.1897
60.2151
60.2404
60.2657
60.291
60.3164
60.3417
60.3671
60.3924
60.4177
60.4431
60.4684
60.4937
60.5191
60.5444
60.5698
60.5951
60.6204
60.6458
60.6711
60.6965
60.7218
60.7472
60.7725
60.7979
60.8232
60.8485
60.8739
60.8992
60.9246
60.9499
60.9752
61.0006
61.026
61.0513
61.0767
61.102
61.1273
61.1527
61.178
61.2034
61.2287
61.254
61.2794
61.3047
61.33
61.3554
61.3807
61.4061
61.4314
61.4567
61.4821
61.5074
61.5328
61.5581
61.5835
61.6088
61.6342
61.6595
61.6848
61.7102
61.7355
61.7608
61.7862
61.8115
61.8368
61.8621
61.8875
61.9128
61.9381
61.9634
61.9888
62.0141
62.0394
62.0648
62.0901
62.1154
62.1407
62.1661
62.1914
62.2167
62.242
62.2674
62.2927
62.318
62.3433
62.3687
62.394
62.4193
62.4447
62.47
62.4953
62.5207
62.546
62.5713
62.5967
62.622
62.6473
62.6727
62.698
62.7233
62.7487
62.774
62.7993
62.8247
62.85
62.8754
62.9007
62.926
62.9514
62.9767
63.002
63.0274
63.0527
63.078
63.1034
63.1287
63.154
63.1794
63.2047
63.23
63.2554
63.2807
63.306
63.3313
63.3567
63.382
63.4073
63.4327
63.458
63.4834
63.5087
63.534
63.5594
63.5847
63.61
63.6354
63.6607
63.6861
63.7114
63.7368
63.7621
63.7875
63.8128
63.8381
63.8635
63.8888
63.9142
63.9395
63.9648
63.9902
64.0155
64.0408
64.0661
64.0915
64.1168
64.1421
64.1675
64.1928
64.2182
64.2435
64.2688
64.2942
64.3195
64.3448
64.3702
64.3955
64.4208
64.4461
64.4715
64.4968
64.5221
64.5474
64.5728
64.5982
64.6235
64.6489
64.6743
64.6997
64.725
64.7504
64.7758
64.8011
64.8265
64.8518
64.8772
64.9025
64.9279
64.9533
64.9787
65.0041
65.0294
65.0548
65.0802
65.1056
65.1309
65.1563
65.1817
65.207
65.2324
65.2578
65.2831
65.3085
65.3341
65.3595
65.3848
65.4102
65.4355
65.4609
65.4862
65.5116
65.5369
65.5622
65.5876
65.6129
65.6383
65.6636
65.689
65.7143
65.7397
65.765
65.7903
65.8157
65.841
65.8663
65.8917
65.917
65.9423
65.9677
65.993
66.0183
66.0436
66.069
66.0943
66.1196
66.145
66.1703
66.1956
66.221
66.2464
66.2717
66.297
66.3224
66.3477
66.3731
66.3984
66.4237
66.4491
66.4745
66.4998
66.5251
66.5505
66.5758
66.6011
66.6265
66.6518
66.6771
66.7025
66.7278
66.7532
66.7786
66.804
66.8293
66.8547
66.88
66.9054
66.9307
66.9561
66.9814
67.0068
67.0321
67.0575
67.0828
67.1082
67.1335
67.1589
67.1842
67.2096
67.2349
67.2602
67.2856
67.3109
67.3363
67.3616
67.387
67.4123
67.4377
67.4631
67.4884
67.5137
67.5391
67.5644
67.5897
67.6151
67.6404
67.6658
67.6911
67.7165
67.7418
67.7671
67.7925
67.8178
67.8432
67.8685
67.8939
67.9192
67.9446
67.9699
67.9953
68.0206
68.046
68.0713
68.0966
68.122
68.1473
68.1726
68.198
68.2233
68.2487
68.274
68.2993
68.3247
68.35
68.3753
68.4007
68.426
68.4514
68.4767
68.502
68.5274
68.5528
68.5782
68.6035
68.6289
68.6542
68.6795
68.7049
68.7302
68.7556
68.7809
68.8062
68.8315
68.8569
68.8823
68.9077
68.933
68.9584
68.9838
69.0091
69.0344
69.0598
69.0851
69.1105
69.1358
69.1612
69.1865
69.2119
69.2372
69.2625
69.2879
69.3132
69.3386
69.3639
69.3893
69.4146
69.44
69.4654
69.4908
69.5161
69.5415
69.5668
69.5921
69.6175
69.6428
69.6682
69.6935
69.7188
69.7442
69.7695
69.7948
69.8202
69.8455
69.8709
69.8962
69.9215
69.9469
69.9722
69.9975
70.0228
70.0482
70.0735
70.0988
70.1242
70.1495
70.1749
70.2002
70.2256
70.251
70.2763
70.3016
70.327
70.3523
70.3777
70.403
70.4284
70.4537
70.4791
70.5044
70.5298
70.5551
70.5804
70.6058
70.6311
70.6565
70.6821
70.7074
70.7328
70.7581
70.7835
70.8088
70.8342
70.8595
70.8848
70.9102
70.9355
70.9608
70.9862
71.0115
71.0369
71.0622
71.0875
71.1128
71.1382
71.1635
71.1889
71.2142
71.2395
71.2649
71.2902
71.3156
71.3409
71.3663
71.3917
71.417
71.4424
71.4677
71.4931
71.5184
71.5437
71.5691
71.5944
71.6198
71.6451
71.6704
71.6958
71.7211
71.7465
71.7718
71.7971
71.8225
71.8478
71.8731
71.8984
71.9238
71.9491
71.9745
71.9998
72.0252
72.0505
72.0758
72.1012
72.1265
72.1518
72.1772
72.2026
72.2281
72.2534
72.2788
72.3041
72.3295
72.3548
72.3802
72.4055
72.4308
72.4562
72.4815
72.5069
72.5322
72.5576
72.583
72.6083
72.6336
72.659
72.6843
72.7097
72.735
72.7603
72.7857
72.811
72.8364
72.8617
72.887
72.9124
72.9377
72.9631
72.9884
73.0137
73.0391
73.0644
73.0897
73.115
73.1404
73.1658
73.1911
73.2165
73.2418
73.2672
73.2925
73.3178
73.3432
73.3685
73.3939
73.4192
73.4446
73.4699
73.4953
73.5206
73.546
73.5713
73.5967
73.622
73.6474
73.6727
73.698
73.7234
73.7487
73.774
73.7994
73.8247
73.85
73.8754
73.9007
73.926
73.9514
73.9767
74.002
74.0274
74.0527
74.078
74.1033
74.1287
74.154
74.1794
74.2047
74.23
74.2554
74.2807
74.3061
74.3315
74.3569
74.3822
74.4076
74.433
74.4583
74.4837
74.5091
74.5344
74.5597
74.5851
74.6104
74.6358
74.6611
74.6864
74.7118
74.7371
74.7624
74.7878
74.8131
74.8385
74.8638
74.8892
74.9145
74.9398
74.9652
74.9905
75.0158
75.0412
75.0665
75.0919
75.1172
75.1426
75.1679
75.1932
75.2185
75.2439
75.2692
75.2945
75.3199
75.3452
75.3706
75.3959
75.4212
75.4466
75.4719
75.4972
75.5226
75.548
75.5733
75.5987
75.624
75.6494
75.6747
75.7001
75.7254
75.7508
75.7761
75.8015
75.8268
75.8522
75.8775
75.9028
75.9282
75.9535
75.9788
76.0042
76.0295
76.0549
76.0802
76.1055
76.1308
76.1562
76.1815
76.2068
76.2322
76.2576
76.2829
76.3083
76.3336
76.359
76.3843
76.4096
76.435
76.4603
76.4857
76.511
76.5363
76.5617
76.587
76.6123
76.6376
76.663
76.6883
76.7137
76.739
76.7643
76.7897
76.815
76.8404
76.8657
76.8911
76.9164
76.9417
76.9671
76.9924
77.0178
77.0432
77.0685
77.0939
77.1192
77.1445
77.1699
77.1952
77.2206
77.2459
77.2713
77.2966
77.3219
77.3473
77.3726
77.3979
77.4233
77.4486
77.4739
77.4993
77.5246
77.5499
77.5753
77.6006
77.626
77.6513
77.6767
77.702
77.7273
77.7527
77.778
77.8033
77.8287
77.854
77.8794
77.9047
77.9301
77.9555
77.9808
78.0061
78.0315
78.0568
78.0822
78.1075
78.1328
78.1581
78.1835
78.2088
78.2342
78.2595
78.2848
78.3102
78.3355
78.3609
78.3862
78.4116
78.4369
78.4622
78.4876
78.513
78.5383
78.5636
78.589
78.6143
78.6397
78.665
78.6904
78.7157
78.7411
78.7664
78.7917
78.8171
78.8424
78.8678
78.8932
78.9185
78.9439
78.9693
78.9946
79.02
79.0454
79.0707
79.0961
79.1214
79.1468
79.1721
79.1974
79.2228
79.2481
79.2735
79.2988
79.3241
79.3495
79.3748
79.4001
79.4255
79.4508
79.4761
79.5014
79.5268
79.5521
79.5774
79.6028
79.6281
79.6534
79.6788
79.7041
79.7295
79.7548
79.7801
79.8055
79.8308
79.8562
79.8816
79.9069
79.9322
79.9576
79.9829
80.0082
80.0336
80.0589
80.0843
80.1096
80.1349
80.1603
80.1856
80.2109
80.2363
80.2616
80.2869
80.3123
80.3376
80.3629
80.3883
80.4136
80.4389
80.4642
80.4896
80.515
80.5403
80.5656
80.591
80.6163
80.6417
80.667
80.6924
80.7177
80.7431
80.7684
80.7937
80.8191
80.8444
80.8698
80.8951
80.9205
80.9459
80.9713
80.9966
81.022
81.0474
81.0728
81.0981
81.1235
81.1488
81.1741
81.1994
81.2248
81.2501
81.2754
81.3008
81.3261
81.3514
81.3768
81.4021
81.4275
81.4528
81.4782
81.5035
81.5289
81.5542
81.5796
81.6049
81.6302
81.6556
81.6809
81.7062
81.7316
81.7569
81.7822
81.8076
81.8329
81.8582
81.8835
81.9089
81.9342
81.9595
81.9849
82.0102
82.0355
82.0609
82.0862
82.1115
82.1369
82.1622
82.1875
82.2129
82.2382
82.2636
82.2889
82.3142
82.3396
82.3649
82.3903
82.4157
82.441
82.4664
82.4917
82.517
82.5424
82.5677
82.593
82.6184
82.6437
82.6691
82.6944
82.7198
82.7451
82.7704
82.7958
82.8211
82.8464
82.8718
82.8971
82.9225
82.9478
82.9732
82.9985
83.0239
83.0492
83.0746
83.0999
83.1253
83.1506
83.1759
83.2013
83.2266
83.2519
83.2773
83.3026
83.3279
83.3533
83.3786
83.404
83.4293
83.4547
83.48
83.5054
83.5307
83.5561
83.5814
83.6067
83.6321
83.6574
83.6827
83.7081
83.7334
83.7588
83.7841
83.8094
83.8347
83.86
83.8853
83.9107
83.936
83.9613
83.9866
84.012
84.0373
84.0626
84.088
84.1133
84.1386
84.164
84.1894
84.2148
84.2401
84.2654
84.2908
84.3161
84.3415
84.3668
84.3921
84.4175
84.4428
84.4682
84.4935
84.5188
84.5442
84.5695
84.5949
84.6202
84.6456
84.6709
84.6963
84.7216
84.747
84.7723
84.7976
84.823
84.8484
84.8737
84.8991
84.9244
84.9497
84.9751
85.0004
85.0257
85.0511
85.0764
85.1018
85.1271
85.1525
85.1778
85.2032
85.2285
85.2539
85.2793
85.3047
85.33
85.3554
85.3807
85.406
85.4313
85.4567
85.482
85.5074
85.5327
85.558
85.5833
85.6087
85.634
85.6594
85.6847
85.71
85.7354
85.7607
85.7861
85.8114
85.8368
85.8621
85.8875
85.9128
85.9382
85.9635
85.9888
86.0142
86.0395
86.0648
86.0902
86.1155
86.1408
86.1661
86.1914
86.2168
86.2421
86.2674
86.2927
86.3181
86.3434
86.3688
86.3941
86.4194
86.4448
86.4701
86.4954
86.5208
86.5462
86.5715
86.5969
86.6223
86.6476
86.6729
86.6983
86.7236
86.749
86.7743
86.7997
86.825
86.8503
86.8757
86.901
86.9264
86.9518
86.9771
87.0024
87.0278
87.0531
87.0784
87.1038
87.1291
87.1545
87.1798
87.2052
87.2305
87.2559
87.2812
87.3066
87.3319
87.3573
87.3826
87.4079
87.4333
87.4586
87.484
87.5093
87.5346
87.5601
87.5855
87.6108
87.6362
87.6615
87.6869
87.7122
87.7375
87.7629
87.7882
87.8135
87.8389
87.8643
87.8896
87.915
87.9403
87.9656
87.991
88.0163
88.0417
88.067
88.0923
88.1176
88.143
88.1683
88.1936
88.2189
88.2443
88.2696
88.295
88.3203
88.3457
88.3711
88.3965
88.4219
88.4472
88.4726
88.4979
88.5232
88.5486
88.574
88.5993
88.6247
88.6501
88.6754
88.7008
88.7261
88.7515
88.7769
88.8022
88.8275
88.8529
88.8782
88.9035
88.9289
88.9542
88.9796
89.0049
89.0303
89.0557
89.081
89.1064
89.1317
89.1571
89.1824
89.2078
89.2331
89.2585
89.2838
89.3092
89.3345
89.3598
89.3852
89.4105
89.4359
89.4612
89.4866
89.5119
89.5372
89.5626
89.5879
89.6133
89.6386
89.664
89.6893
89.7147
89.74
89.7654
89.7907
89.816
89.8414
89.8667
89.8921
89.9174
89.9427
89.9681
89.9934
90.0187
90.0441
90.0694
90.0948
90.1201
90.1455
90.1708
90.1962
90.2215
90.2468
90.2721
90.2975
90.3228
90.3482
90.3736
90.3989
90.4243
90.4496
90.4749
90.5003
90.5257
90.5511
90.5765
90.6018
90.6272
90.6525
90.6779
90.7032
90.7285
90.7539
90.7792
90.8046
90.83
90.8553
90.8806
90.906
90.9313
90.9567
90.982
91.0074
91.0327
91.058
91.0834
91.1087
91.134
91.1594
91.1847
91.2101
91.2354
91.2607
91.2861
91.3114
91.3368
91.3621
91.3874
91.4128
91.4381
91.4635
91.4888
91.5142
91.5395
91.5648
91.5902
91.6156
91.6409
91.6662
91.6916
91.7169
91.7422
91.7676
91.7929
91.8182
91.8435
91.8688
91.8942
91.9195
91.9448
91.9702
91.9955
92.0208
92.0462
92.0715
92.0968
92.1222
92.1475
92.1728
92.1982
92.2235
92.2488
92.2742
92.2995
92.3248
92.3502
92.3755
92.4008
92.4262
92.4515
92.4768
92.5022
92.5275
92.5528
92.5782
92.6035
92.6288
92.6542
92.6795
92.7048
92.7302
92.7555
92.7809
92.8062
92.8316
92.8569
92.8822
92.9076
92.9329
92.9582
92.9836
93.0089
93.0342
93.0596
93.0849
93.1102
93.1356
93.1609
93.1862
93.2116
93.237
93.2623
93.2876
93.313
93.3383
93.3636
93.389
93.4143
93.4396
93.465
93.4903
93.5156
93.541
93.5663
93.5916
93.617
93.6423
93.6676
93.693
93.7183
93.7436
93.769
93.7943
93.8196
93.845
93.8703
93.8956
93.921
93.9463
93.9716
93.997
94.0223
94.0477
94.073
94.0983
94.1237
94.149
94.1743
94.1997
94.225
94.2503
94.2757
94.301
94.3263
94.3517
94.3771
94.4024
94.4277
94.4531
94.4784
94.5038
94.5291
94.5544
94.5798
94.6051
94.6304
94.6557
94.6811
94.7064
94.7317
94.7571
94.7824
94.8078
94.8332
94.8586
94.8839
94.9092
94.9346
94.9599
94.9853
95.0106
95.036
95.0613
95.0867
95.112
95.1374
95.1627
95.188
95.2134
95.2387
95.264
95.2894
95.3147
95.3401
95.3654
95.3908
95.4161
95.4415
95.4669
95.4923
95.5176
95.543
95.5683
95.5937
95.619
95.6444
95.6698
95.6951
95.7205
95.7458
95.7712
95.7965
95.8218
95.8472
95.8726
95.8979
95.9232
95.9486
95.974
95.9993
96.0246
96.05
96.0753
96.1006
96.126
96.1513
96.1766
96.202
96.2273
96.2526
96.278
96.3033
96.3286
96.354
96.3793
96.4046
96.43
96.4553
96.4806
96.5059
96.5313
96.5566
96.582
96.6073
96.6327
96.658
96.6833
96.7087
96.734
96.7594
96.7847
96.81
96.8353
96.8607
96.886
96.9114
96.9367
96.962
96.9874
97.0127
97.0381
97.0634
97.0888
97.1141
97.1395
97.1648
97.1902
97.2155
97.2409
97.2663
97.2916
97.3169
97.3423
97.3676
97.393
97.4183
97.4437
97.469
97.4944
97.5197
97.5451
97.5704
97.5958
97.6211
97.6465
97.6718
97.6972
97.7225
97.7479
97.7732
97.7986
97.824
97.8493
97.8746
97.9
97.9253
97.9507
97.9761
98.0014
98.0268
98.0521
98.0774
98.1028
98.1281
98.1534
98.1788
98.2042
98.2296
98.2549
98.2803
98.3056
98.331
98.3563
98.3816
98.407
98.4323
98.4577
98.483
98.5084
98.5337
98.5591
98.5844
98.6098
98.6351
98.6605
98.6858
98.7111
98.7365
98.7618
98.7872
98.8125
98.8378
98.8632
98.8885
98.9139
98.9392
98.9645
98.9899
99.0152
99.0406
99.0659
99.0912
99.1166
99.1422
99.1676
99.1929
99.2183
99.2437
99.2691
99.2944
99.3198
99.3451
99.3704
99.3958
99.4211
99.4465
99.4718
99.4971
99.5225
99.5479
99.5733
99.5987
99.6241
99.6494
99.6748
99.7002
99.7256
99.751
99.7763
99.8017
99.8271
99.8525
99.8779
99.9032
99.9285
99.9539
99.9792
100.005
100.03
100.055
100.081
100.106
100.132
100.157
100.182
100.208
100.233
100.258
100.284
100.309
100.335
100.36
100.385
100.411
100.436
100.461
100.487
100.512
100.537
100.563
100.588
100.613
100.639
100.664
100.69
100.715
100.74
100.766
100.791
100.816
100.842
100.867
100.892
100.918
100.943
100.968
100.994
101.019
101.044
101.07
101.095
101.12
101.146
101.171
101.196
101.222
101.247
101.273
101.298
101.323
101.349
101.374
101.399
101.425
101.45
101.475
101.501
101.526
101.552
101.577
101.602
101.628
101.653
101.678
101.704
101.729
101.754
101.78
101.805
101.83
101.856
101.881
101.906
101.931
101.957
101.982
102.008
102.033
102.058
102.084
102.109
102.134
102.16
102.185
102.21
102.235
102.261
102.286
102.312
102.337
102.362
102.388
102.413
102.438
102.464
102.489
102.514
102.54
102.565
102.59
102.616
102.641
102.666
102.692
102.717
102.742
102.768
102.793
102.818
102.844
102.869
102.894
102.92
102.945
102.97
102.996
103.021
103.046
103.072
103.097
103.122
103.148
103.173
103.198
103.224
103.249
103.274
103.3
103.325
103.35
103.376
103.401
103.426
103.452
103.477
103.503
103.528
103.553
103.579
103.604
103.629
103.655
103.68
103.705
103.731
103.756
103.781
103.807
103.832
103.857
103.883
103.908
103.933
103.959
103.984
104.009
104.035
104.06
104.086
104.111
104.136
104.162
104.187
104.212
104.238
104.263
104.288
104.314
104.339
104.364
104.39
104.415
104.44
104.466
104.491
104.516
104.542
104.567
104.592
104.618
104.643
104.669
104.694
104.719
104.745
104.77
104.795
104.821
104.846
104.871
104.897
104.922
104.947
104.973
104.998
105.023
105.049
105.074
105.099
105.125
105.15
105.175
105.201
105.226
105.251
105.277
105.302
105.327
105.353
105.378
105.403
105.429
105.454
105.479
105.505
105.53
105.555
105.581
105.606
105.631
105.657
105.682
105.707
105.733
105.758
105.783
105.809
105.834
105.86
105.885
105.91
105.936
105.961
105.986
106.012
106.037
106.062
106.088
106.113
106.138
106.164
106.189
106.214
106.24
106.265
106.29
106.316
106.341
106.366
106.392
106.417
106.442
106.468
106.493
106.518
106.544
106.569
106.594
106.62
106.645
106.67
106.696
106.721
106.746
106.772
106.797
106.823
106.848
106.873
106.899
106.924
106.949
106.975
107
107.025
107.051
107.076
107.101
107.127
107.152
107.177
107.203
107.228
107.254
107.279
107.304
107.33
107.355
107.38
107.406
107.431
107.456
107.482
107.507
107.532
107.558
107.583
107.608
107.634
107.659
107.684
107.71
107.735
107.76
107.786
107.811
107.836
107.862
107.887
107.912
107.938
107.963
107.989
108.014
108.039
108.065
108.09
108.115
108.141
108.166
108.191
108.217
108.242
108.268
108.293
108.318
108.344
108.369
108.394
108.42
108.445
108.47
108.496
108.521
108.546
108.572
108.597
108.622
108.648
108.673
108.698
108.724
108.749
108.775
108.8
108.825
108.851
108.876
108.901
108.927
108.952
108.977
109.003
109.028
109.053
109.079
109.104
109.129
109.155
109.18
109.205
109.231
109.256
109.281
109.307
109.332
109.357
109.383
109.408
109.433
109.459
109.484
109.509
109.535
109.56
109.586
109.611
109.636
109.661
109.687
109.712
109.737
109.763
109.788
109.813
109.839
109.864
109.89
109.915
109.94
109.966
109.991
110.016
110.042
110.067
110.092
110.118
110.143
110.168
110.194
110.219
110.244
110.27
110.295
110.32
110.346
110.371
110.396
110.422
110.447
110.472
110.498
110.523
110.548
110.574
110.599
110.625
110.65
110.675
110.701
110.726
110.751
110.777
110.802
110.827
110.853
110.878
110.903
110.929
110.954
110.979
111.005
111.03
111.055
111.081
111.106
111.131
111.157
111.182
111.207
111.233
111.258
111.284
111.309
111.334
111.36
111.385
111.41
111.436
111.461
111.486
111.512
111.537
111.562
111.588
111.613
111.638
111.664
111.689
111.714
111.74
111.765
111.79
111.816
111.841
111.866
111.892
111.917
111.942
111.968
111.993
112.018
112.044
112.069
112.094
112.12
112.145
112.17
112.196
112.221
112.246
112.272
112.297
112.322
112.348
112.373
112.398
112.424
112.449
112.474
112.5
112.525
112.551
112.576
112.601
112.627
112.652
112.677
112.703
112.728
112.753
112.779
112.804
112.829
112.855
112.88
112.905
112.931
112.956
112.981
113.007
113.032
113.057
113.083
113.108
113.133
113.159
113.184
113.209
113.235
113.26
113.285
113.311
113.336
113.362
113.387
113.412
113.438
113.463
113.488
113.514
113.539
113.564
113.59
113.615
113.64
113.666
113.691
113.716
113.742
113.767
113.792
113.818
113.843
113.869
113.894
113.919
113.945
113.97
113.995
114.021
114.046
114.071
114.096
114.122
114.147
114.173
114.198
114.223
114.249
114.274
114.299
114.325
114.35
114.375
114.401
114.426
114.452
114.477
114.502
114.528
114.553
114.578
114.604
114.629
114.654
114.68
114.705
114.73
114.756
114.781
114.807
114.832
114.858
114.883
114.908
114.934
114.959
114.984
115.01
115.035
115.061
115.086
115.111
115.137
115.162
115.187
115.213
115.238
115.263
115.289
115.314
115.34
115.365
115.39
115.416
115.441
115.467
115.492
115.517
115.543
115.568
115.593
115.619
115.644
115.669
115.695
115.72
115.745
115.771
115.796
115.821
115.847
115.872
115.897
115.923
115.948
115.973
115.999
116.024
116.049
116.075
116.1
116.125
116.151
116.176
116.202
116.227
116.252
116.278
116.303
116.328
116.354
116.379
116.404
116.43
116.455
116.48
116.506
116.531
116.556
116.582
116.607
116.632
116.658
116.683
116.708
116.734
116.759
116.785
116.81
116.835
116.861
116.886
116.911
116.937
116.962
116.987
117.013
117.038
117.063
117.089
117.114
117.139
117.165
117.19
117.215
117.241
117.266
117.291
117.317
117.342
117.367
117.393
117.418
117.443
117.469
117.494
117.519
117.545
117.57
117.595
117.621
117.646
117.671
117.697
117.722
117.748
117.773
117.798
117.824
117.849
117.874
117.9
117.925
117.95
117.976
118.001
118.026
118.052
118.077
118.102
118.128
118.153
118.178
118.204
118.229
118.254
118.28
118.305
118.33
118.356
118.381
118.406
118.432
118.457
118.482
118.508
118.533
118.558
118.584
118.609
118.634
118.66
118.685
118.71
118.736
118.761
118.786
118.812
118.837
118.862
118.888
118.913
118.939
118.964
118.989
119.015
119.04
119.065
119.091
119.116
119.141
119.167
119.192
119.217
119.243
119.268
119.293
119.319
119.344
119.369
119.395
119.42
119.445
119.471
119.496
119.521
119.547
119.572
119.597
119.623
119.648
119.673
119.699
119.724
119.749
119.775
119.8
119.825
119.851
119.876
119.901
119.927
119.952
119.977
120.003
120.028
120.053
120.079
120.104
120.129
120.155
120.18
120.205
120.231
120.256
120.281
120.307
120.332
120.357
120.383
120.408
120.433
120.459
120.484
120.509
120.535
120.56
120.585
120.611
120.636
120.661
120.687
120.712
120.737
120.763
120.788
120.814
120.839
120.864
120.89
120.915
120.94
120.966
120.991
121.016
121.042
121.067
121.092
121.118
121.143
121.168
121.194
121.219
121.244
121.27
121.295
121.32
121.346
121.371
121.396
121.422
121.447
121.473
121.498
121.523
121.549
121.574
121.599
121.625
121.65
121.675
121.701
121.726
121.751
121.777
121.802
121.827
121.853
121.878
121.903
121.929
121.954
121.979
122.005
122.03
122.055
122.081
122.106
122.131
122.157
122.182
122.207
122.233
122.258
122.283
122.309
122.334
122.359
122.385
122.41
122.435
122.461
122.486
122.511
122.537
122.562
122.587
122.613
122.638
122.663
122.689
122.714
122.739
122.765
122.79
122.815
122.841
122.866
122.892
122.917
122.942
122.968
122.993
123.018
123.044
123.069
123.094
123.12
123.145
123.17
123.196
123.221
123.246
123.272
123.297
123.322
123.348
123.373
123.398
123.424
123.449
123.474
123.5
123.525
123.55
123.576
123.601
123.626
123.652
123.677
123.702
123.728
123.753
123.778
123.804
123.829
123.855
123.88
123.905
123.931
123.956
123.981
124.007
124.032
124.057
124.083
124.108
124.133
124.159
124.184
124.209
124.235
124.26
124.285
124.311
124.336
124.361
124.387
124.412
124.437
124.463
124.488
124.514
124.539
124.564
124.59
124.615
124.64
124.666
124.691
124.716
124.742
124.767
124.792
124.818
124.843
124.868
124.894
124.919
124.944
124.97
124.995
125.02
125.046
125.071
125.096
125.122
125.147
125.172
125.198
125.223
125.248
125.274
125.299
125.325
125.35
125.375
125.401
125.426
125.451
125.477
125.502
125.527
125.553
125.578
125.603
125.629
125.654
125.679
125.705
125.73
125.755
125.781
125.806
125.831
125.857
125.882
125.908
125.933
125.958
125.984
126.009
126.034
126.06
126.085
126.11
126.136
126.161
126.186
126.212
126.237
126.262
126.288
126.313
126.338
126.364
126.389
126.414
126.44
126.465
126.49
126.516
126.541
126.566
126.592
126.617
126.642
126.668
126.693
126.718
126.744
126.769
126.795
126.82
126.845
126.871
126.896
126.921
126.946
126.972
126.997
127.023
127.048
127.073
127.099
127.124
127.149
127.175
127.2
127.225
127.251
127.276
127.301
127.327
127.352
127.377
127.403
127.428
127.453
127.479
127.504
127.529
127.555
127.58
127.605
127.631
127.656
127.681
127.707
127.732
127.757
127.783
127.808
127.833
127.859
127.884
127.909
127.935
127.96
127.985
128.011
128.036
128.062
128.087
128.112
128.138
128.163
128.188
128.213
128.239
128.264
128.289
128.315
128.34
128.365
128.391
128.416
128.441
128.467
128.492
128.518
128.543
128.568
128.594
128.619
128.644
128.67
128.695
128.72
128.746
128.771
128.796
128.822
128.847
128.872
128.898
128.923
128.948
128.974
128.999
129.024
129.05
129.075
129.1
129.126
129.151
129.177
129.202
129.228
129.253
129.278
129.304
129.329
129.354
129.38
129.405
129.43
129.456
129.481
129.506
129.532
129.557
129.582
129.608
129.633
129.658
129.684
129.709
129.734
129.76
129.785
129.81
129.836
129.861
129.886
129.912
129.937
129.962
129.987
130.013
130.038
130.063
130.089
130.114
130.139
130.165
130.19
130.215
130.241
130.266
130.291
130.317
130.342
130.367
130.393
130.418
130.443
130.469
130.494
130.519
130.545
130.57
130.595
130.621
130.646
130.671
130.697
130.722
130.747
130.773
130.798
130.823
130.849
130.874
130.899
130.925
130.95
130.975
131.001
131.026
131.051
131.077
131.102
131.127
131.153
131.178
131.203
131.229
131.254
131.279
131.305
131.33
131.355
131.381
131.406
131.431
131.457
131.482
131.507
131.533
131.558
131.583
131.609
131.634
131.659
131.685
131.71
131.735
131.761
131.786
131.811
131.837
131.862
131.887
131.912
131.938
131.963
131.988
132.014
132.039
132.064
132.09
132.115
132.14
132.166
132.191
132.216
132.242
132.267
132.292
132.317
132.343
132.368
132.393
132.419
132.444
132.469
132.495
132.52
132.545
132.571
132.596
132.621
132.647
132.672
132.697
132.723
132.748
132.773
132.799
132.824
132.849
132.875
132.9
132.925
132.951
132.976
133.001
133.027
133.052
133.077
133.103
133.128
133.153
133.179
133.204
133.229
133.255
133.28
133.305
133.331
133.356
133.381
133.407
133.432
133.457
133.483
133.508
133.533
133.559
133.584
133.609
133.635
133.66
133.685
133.711
133.736
133.761
133.787
133.812
133.837
133.863
133.888
133.913
133.939
133.964
133.989
134.015
134.04
134.065
134.091
134.116
134.141
134.167
134.192
134.217
134.243
134.268
134.293
134.319
134.344
134.369
134.395
134.42
134.445
134.471
134.496
134.521
134.547
134.572
134.597
134.623
134.648
134.673
134.699
134.724
134.75
134.775
134.8
134.826
134.851
134.876
134.902
134.927
134.952
134.978
135.003
135.028
135.054
135.079
135.104
135.13
135.155
135.18
135.206
135.231
135.256
135.282
135.307
135.332
135.358
135.383
135.408
135.434
135.459
135.484
135.51
135.535
135.56
135.586
135.611
135.636
135.662
135.687
135.712
135.738
135.763
135.788
135.814
135.839
135.864
135.89
135.915
135.94
135.966
135.991
136.016
136.042
136.067
136.092
136.118
136.143
136.169
136.194
136.219
136.245
136.27
136.295
136.321
136.346
136.371
136.397
136.422
136.447
136.473
136.498
136.523
136.549
136.574
136.599
136.625
136.65
136.675
136.701
136.726
136.751
136.777
136.802
136.827
136.853
136.878
136.903
136.929
136.954
136.979
137.005
137.03
137.055
137.081
137.106
137.131
137.157
137.182
137.207
137.233
137.258
137.284
137.309
137.334
137.36
137.385
137.41
137.436
137.461
137.486
137.512
137.537
137.562
137.588
137.613
137.638
137.664
137.689
137.714
137.74
137.765
137.79
137.816
137.841
137.866
137.892
137.917
137.942
137.968
137.993
138.018
138.044
138.069
138.095
138.12
138.145
138.171
138.196
138.221
138.247
138.272
138.297
138.323
138.348
138.373
138.399
138.424
138.449
138.475
138.5
138.526
138.551
138.576
138.601
138.627
138.652
138.677
138.703
138.728
138.754
138.779
138.804
138.83
138.855
138.88
138.906
138.931
138.956
138.982
139.007
139.032
139.058
139.083
139.108
139.134
139.159
139.184
139.21
139.235
139.26
139.286
139.311
139.337
139.362
139.387
139.413
139.438
139.463
139.489
139.514
139.539
139.565
139.59
139.615
139.641
139.666
139.691
139.717
139.742
139.767
139.793
139.818
139.843
139.869
139.894
139.919
139.945
139.97
139.995
140.021
140.046
140.071
140.097
140.122
140.147
140.173
140.198
140.223
140.249
140.274
140.299
140.325
140.35
140.375
140.401
140.426
140.451
140.477
140.502
140.527
140.553
140.578
140.603
140.629
140.654
140.679
140.705
140.73
140.755
140.781
140.806
140.831
140.857
140.882
140.907
140.933
140.958
140.984
141.009
141.034
141.059
141.085
141.11
141.136
141.161
141.186
141.212
141.237
141.262
141.288
141.313
141.338
141.364
141.389
141.414
141.44
141.465
141.49
141.516
141.541
141.566
141.592
141.617
141.642
141.668
141.693
141.718
141.744
141.769
141.794
141.82
141.845
141.871
141.896
141.921
141.947
141.972
141.997
142.023
142.048
142.073
142.099
142.124
142.149
142.175
142.2
142.225
142.251
142.276
142.301
142.327
142.352
142.377
142.403
142.428
142.453
142.479
142.504
142.529
142.555
142.58
142.606
142.631
142.656
142.682
142.707
142.732
142.758
142.783
142.808
142.834
142.859
142.884
142.91
142.935
142.96
142.986
143.011
143.036
143.062
143.087
143.112
143.138
143.163
143.188
143.214
143.239
143.264
143.29
143.315
143.341
143.366
143.391
143.417
143.442
143.467
143.493
143.518
143.543
143.569
143.594
143.619
143.645
143.67
143.695
143.721
143.746
143.771
143.797
143.822
143.847
143.873
143.898
143.923
143.949
143.974
143.999
144.025
144.05
144.075
144.101
144.126
144.151
144.177
144.202
144.227
144.253
144.278
144.304
144.329
144.354
144.38
144.405
144.43
144.456
144.481
144.506
144.532
144.557
144.582
144.608
144.633
144.658
144.684
144.709
144.734
144.76
144.785
144.81
144.836
144.861
144.886
144.912
144.937
144.962
144.988
145.013
145.039
145.064
145.089
145.115
145.14
145.165
145.191
145.216
145.241
145.267
145.292
145.317
145.343
145.368
145.393
145.419
145.444
145.469
145.495
145.52
145.545
145.571
145.596
145.621
145.647
145.672
145.697
145.723
145.748
145.773
145.799
145.824
145.849
145.875
145.9
145.926
145.951
145.976
146.002
146.027
146.052
146.078
146.103
146.128
146.154
146.179
146.204
146.229
146.255
146.28
146.305
146.331
146.356
146.381
146.407
146.432
146.457
146.483
146.508
146.534
146.559
146.584
146.61
146.635
146.66
146.686
146.711
146.736
146.762
146.787
146.812
146.838
146.863
146.888
146.914
146.939
146.964
146.99
147.015
147.041
147.066
147.091
147.117
147.142
147.167
147.193
147.218
147.243
147.269
147.294
147.319
147.345
147.37
147.395
147.421
147.446
147.471
147.497
147.522
147.547
147.573
147.598
147.623
147.649
147.674
147.699
147.725
147.75
147.776
147.801
147.826
147.852
147.877
147.902
147.928
147.953
147.978
148.004
148.029
148.054
148.08
148.105
148.13
148.156
148.181
148.206
148.232
148.257
148.282
148.308
148.333
148.358
148.384
148.409
148.434
148.46
148.485
148.51
148.536
148.561
148.586
148.612
148.637
148.662
148.688
148.713
148.738
148.764
148.789
148.814
148.84
148.865
148.89
148.916
148.941
148.966
148.992
149.017
149.043
149.068
149.093
149.119
149.144
149.169
149.195
149.22
149.245
149.271
149.296
149.321
149.347
149.372
149.397
149.423
149.448
149.473
149.499
149.524
149.55
149.575
149.6
149.626
149.651
149.676
149.702
149.727
149.752
149.778
149.803
149.828
149.854
149.879
149.904
149.93
149.955
149.98
150.006
150.031
150.056
150.082
150.107
150.132
150.158
150.183
150.209
150.234
150.259
150.285
150.31
150.335
150.361
150.386
150.412
150.437
150.462
150.488
150.513
150.538
150.564
150.589
150.614
150.64
150.665
150.69
150.716
150.741
150.766
150.792
150.817
150.842
150.868
150.893
150.918
150.944
150.969
150.995
151.02
151.045
151.071
151.096
151.121
151.147
151.172
151.197
151.223
151.248
151.274
151.299
151.324
151.35
151.375
151.4
151.426
151.451
151.477
151.502
151.527
151.553
151.578
151.603
151.629
151.654
151.679
151.705
151.73
151.755
151.781
151.806
151.831
151.857
151.882
151.907
151.933
151.958
151.983
152.009
152.034
152.06
152.085
152.11
152.136
152.161
152.186
152.212
152.237
152.262
152.288
152.313
152.338
152.364
152.389
152.414
152.44
152.465
152.49
152.516
152.541
152.566
152.592
152.617
152.642
152.668
152.693
152.718
152.744
152.769
152.794
152.82
152.845
152.87
152.896
152.921
152.946
152.972
152.997
153.022
153.048
153.073
153.098
153.124
153.149
153.174
153.2
153.225
153.25
153.276
153.301
153.326
153.352
153.377
153.402
153.428
153.453
153.479
153.504
153.529
153.555
153.58
153.605
153.631
153.656
153.681
153.707
153.732
153.757
153.783
153.808
153.833
153.859
153.884
153.909
153.935
153.96
153.985
154.011
154.036
154.061
154.087
154.112
154.137
154.163
154.188
154.213
154.239
154.264
154.289
154.315
154.34
154.365
154.391
154.416
154.441
154.467
154.492
154.517
154.543
154.568
154.593
154.619
154.644
154.669
154.695
154.72
154.745
154.771
154.796
154.821
154.847
154.872
154.898
154.923
154.948
154.974
154.999
155.024
155.05
155.075
155.1
155.126
155.151
155.176
155.202
155.227
155.253
155.278
155.303
155.329
155.354
155.379
155.405
155.43
155.455
155.481
155.506
155.532
155.557
155.582
155.607
155.633
155.658
155.684
155.709
155.734
155.76
155.785
155.81
155.836
155.861
155.886
155.912
155.937
155.962
155.988
156.013
156.038
156.064
156.089
156.114
156.14
156.165
156.19
156.216
156.241
156.266
156.292
156.317
156.342
156.368
156.393
156.418
156.444
156.469
156.494
156.52
156.545
156.57
156.596
156.621
156.646
156.672
156.697
156.722
156.748
156.773
156.799
156.824
156.849
156.875
156.9
156.925
156.951
156.976
157.001
157.027
157.052
157.077
157.103
157.128
157.153
157.179
157.204
157.229
157.255
157.28
157.306
157.331
157.356
157.382
157.407
157.432
157.458
157.483
157.508
157.534
157.559
157.584
157.61
157.635
157.66
157.686
157.711
157.736
157.762
157.787
157.812
157.838
157.863
157.888
157.914
157.939
157.964
157.99
158.015
158.04
158.066
158.091
158.116
158.142
158.167
158.192
158.218
158.243
158.268
158.294
158.319
158.344
158.37
158.395
158.42
158.446
158.471
158.497
158.522
158.548
158.573
158.598
158.624
158.649
158.675
158.7
158.725
158.751
158.776
158.801
158.827
158.852
158.877
158.903
158.928
158.953
158.979
159.004
159.029
159.055
159.08
159.105
159.131
159.156
159.182
159.207
159.232
159.258
159.283
159.308
159.334
159.359
159.384
159.41
159.435
159.461
159.486
159.511
159.537
159.562
159.588
159.613
159.638
159.664
159.689
159.714
159.74
159.765
159.79
159.816
159.842
159.867
159.892
159.918
159.943
159.969
159.994
160.019
160.045
160.07
160.095
160.121
160.146
160.171
160.197
160.222
160.247
160.273
160.298
160.324
160.349
160.374
160.4
160.425
160.45
160.476
160.501
160.526
160.552
160.577
160.602
160.628
160.653
160.678
160.704
160.729
160.754
160.78
160.805
160.83
160.856
160.881
160.906
160.932
160.957
160.982
161.008
161.033
161.058
161.084
161.109
161.135
161.16
161.185
161.211
161.236
161.261
161.287
161.312
161.337
161.363
161.388
161.413
161.439
161.464
161.489
161.515
161.54
161.565
161.591
161.616
161.641
161.667
161.692
161.717
161.743
161.768
161.793
161.819
161.844
161.869
161.895
161.92
161.945
161.971
161.996
162.021
162.047
162.072
162.097
162.123
162.148
162.173
162.199
162.224
162.249
162.275
162.3
162.325
162.351
162.376
162.401
162.427
162.452
162.477
162.503
162.528
162.553
162.579
162.604
162.629
162.655
162.68
162.706
162.731
162.756
162.782
162.807
162.832
162.858
162.883
162.908
162.934
162.959
162.984
163.01
163.035
163.06
163.086
163.111
163.136
163.162
163.187
163.213
163.238
163.263
163.289
163.314
163.339
163.365
163.39
163.415
163.441
163.466
163.491
163.517
163.542
163.567
163.593
163.618
163.643
163.669
163.694
163.719
163.745
163.77
163.795
163.821
163.846
163.871
163.897
163.922
163.947
163.973
163.998
164.023
164.049
164.074
164.099
164.125
164.15
164.175
164.201
164.226
164.251
164.277
164.302
164.327
164.353
164.378
164.403
164.429
164.454
164.479
164.505
164.53
164.555
164.581
164.606
164.632
164.657
164.682
164.708
164.733
164.758
164.784
164.809
164.834
164.86
164.885
164.91
164.936
164.961
164.987
165.012
165.037
165.063
165.088
165.113
165.139
165.164
165.189
165.215
165.24
165.265
165.291
165.316
165.341
165.367
165.392
165.417
165.443
165.468
165.493
165.519
165.544
165.569
165.595
165.62
165.645
165.671
165.696
165.721
165.747
165.772
165.797
165.823
165.848
165.873
165.899
165.924
165.949
165.975
166
166.025
166.051
166.076
166.101
166.127
166.152
166.177
166.203
166.228
166.253
166.279
166.304
166.33
166.355
166.38
166.406
166.431
166.456
166.482
166.507
166.532
166.558
166.583
166.608
166.634
166.659
166.685
166.71
166.735
166.761
166.786
166.811
166.837
166.862
166.888
166.913
166.938
166.964
166.989
167.014
167.04
167.065
167.09
167.116
167.141
167.166
167.192
167.217
167.243
167.268
167.293
167.319
167.344
167.369
167.395
167.42
167.445
167.471
167.496
167.534
167.559
167.585
167.61
167.635
167.661
167.686
167.711
167.737
167.762
167.787
167.813
167.838
167.863
167.889
167.914
167.939
167.965
167.99
168.015
168.041
168.066
168.091
168.117
168.142
168.167
168.193
168.218
168.243
168.269
168.294
168.319
168.345
168.37
168.395
168.421
168.446
168.471
168.497
168.522
168.547
168.573
168.598
168.623
168.649
168.674
168.699
168.725
168.75
168.775
168.801
168.826
168.851
168.877
168.902
168.928
168.953
168.978
169.004
169.029
169.054
169.08
169.105
169.13
169.156
169.181
169.206
169.232
169.257
169.282
169.308
169.333
169.358
169.384
169.409
169.434
169.46
169.485
169.51
169.536
169.561
169.586
169.612
169.637
169.663
169.688
169.713
169.739
169.764
169.789
169.815
169.84
169.865
169.891
169.916
169.941
169.967
169.992
170.017
170.043
170.068
170.093
170.119
170.144
170.169
170.195
170.22
170.245
170.271
170.296
170.321
170.347
170.372
170.397
170.423
170.448
170.473
170.499
170.524
170.55
170.575
170.6
170.626
170.651
170.676
170.702
170.727
170.752
170.778
170.803
170.828
170.854
170.879
170.904
170.93
170.955
170.981
171.006
171.031
171.057
171.082
171.107
171.133
171.158
171.183
171.209
171.234
171.259
171.285
171.31
171.335
171.361
171.386
171.411
171.437
171.462
171.487
171.513
171.538
171.563
171.589
171.614
171.639
171.665
171.69
171.715
171.741
171.766
171.791
171.817
171.842
171.867
171.893
171.918
171.943
171.969
171.994
172.019
172.045
172.07
172.095
172.121
172.146
172.171
172.197
172.222
172.247
172.273
172.298
172.323
172.349
172.374
172.399
172.425
172.45
172.475
172.501
172.526
172.552
172.577
172.602
172.628
172.653
172.678
172.704
172.729
172.754
172.78
172.805
172.83
172.856
172.881
172.907
172.932
172.957
172.983
173.008
173.033
173.059
173.084
173.109
173.135
173.16
173.185
173.211
173.236
173.261
173.287
173.312
173.337
173.363
173.388
173.413
173.439
173.464
173.489
173.515
173.54
173.565
173.591
173.616
173.641
173.667
173.692
173.717
173.743
173.768
173.793
173.819
173.844
173.869
173.895
173.92
173.946
173.971
173.996
174.022
174.047
174.072
174.098
174.123
174.148
174.174
174.199
174.224
174.25
174.275
174.3
174.325
174.351
174.376
174.401
174.427
174.452
174.478
174.503
174.528
174.554
174.579
174.604
174.63
174.655
174.68
174.706
174.731
174.756
174.782
174.807
174.832
174.858
174.883
174.908
174.934
174.959
174.984
175.01
175.035
175.061
175.086
175.111
175.137
175.162
175.187
175.213
175.238
175.263
175.289
175.314
175.339
175.365
175.39
175.415
175.441
175.466
175.491
175.517
175.542
175.567
175.593
175.618
175.643
175.669
175.694
175.72
175.745
175.77
175.796
175.821
175.846
175.872
175.897
175.922
175.948
175.973
175.998
176.024
176.049
176.074
176.1
176.125
176.15
176.176
176.201
176.226
176.252
176.277
176.302
176.328
176.353
176.378
176.404
176.429
176.454
176.48
176.505
176.53
176.556
176.581
176.606
176.632
176.657
176.682
176.708
176.733
176.758
176.784
176.809
176.834
176.86
176.885
176.91
176.936
176.961
176.986
177.012
177.037
177.062
177.088
177.113
177.139
177.164
177.189
177.215
177.24
177.265
177.291
177.316
177.341
177.367
177.392
177.417
177.443
177.468
177.493
177.519
177.544
177.57
177.595
177.62
177.646
177.671
177.696
177.722
177.747
177.772
177.798
177.823
177.848
177.874
177.899
177.924
177.95
177.975
178
178.026
178.051
178.076
178.102
178.127
178.152
178.178
178.203
178.228
178.254
178.279
178.304
178.33
178.355
178.38
178.406
178.431
178.457
178.482
178.507
178.533
178.558
178.583
178.609
178.634
178.659
178.685
178.71
178.735
178.761
178.786
178.811
178.837
178.862
178.887
178.913
178.938
178.963
178.989
179.014
179.039
179.065
179.09
179.115
179.141
179.166
179.191
179.217
179.242
179.267
179.293
179.318
179.343
179.369
179.394
179.42
179.445
179.47
179.496
179.521
179.546
179.572
179.597
179.622
179.648
179.673
179.698
179.724
179.749
179.774
179.8
179.825
179.85
179.876
179.901
179.926
179.952
179.977
180.002
180.028
180.053
180.078
180.104
180.129
180.154
180.18
180.205
180.23
180.256
180.281
180.306
180.332
180.357
180.382
180.408
180.433
180.458
180.484
180.509
180.534
180.56
180.585
180.611
180.636
180.661
180.687
180.712
180.737
180.763
180.788
180.813
180.839
180.864
180.889
180.915
180.94
180.965
180.991
181.016
181.041
181.067
181.092
181.117
181.143
181.168
181.193
181.219
181.244
181.269
181.295
181.32
181.346
181.371
181.396
181.422
181.447
181.472
181.498
181.523
181.548
181.574
181.599
181.624
181.65
181.675
181.7
181.726
181.751
181.776
181.802
181.827
181.852
181.878
181.903
181.928
181.954
181.979
182.004
182.03
182.055
182.08
182.106
182.131
182.156
182.182
182.207
182.232
182.258
182.283
182.308
182.334
182.359
182.384
182.41
182.435
182.46
182.486
182.511
182.536
182.562
182.587
182.612
182.638
182.663
182.689
182.714
182.739
182.765
182.79
182.815
182.841
182.866
182.891
182.917
182.942
182.967
182.993
183.018
183.043
183.069
183.094
183.119
183.145
183.17
183.195
183.221
183.246
183.271
183.297
183.322
183.347
183.373
183.398
183.424
183.449
183.474
183.5
183.525
183.55
183.576
183.601
183.626
183.652
183.677
183.702
183.728
183.753
183.778
183.804
183.829
183.854
183.88
183.905
183.931
183.956
183.981
184.007
184.032
184.057
184.083
184.108
184.133
184.159
184.184
184.209
184.235
184.26
184.285
184.311
184.336
184.361
184.387
184.412
184.438
184.463
184.488
184.514
184.539
184.564
184.59
184.615
184.64
184.666
184.691
184.716
184.742
184.767
184.792
184.818
184.843
184.868
184.894
184.919
184.944
184.97
184.995
185.02
185.046
185.071
185.096
185.122
185.147
185.172
185.198
185.223
185.248
185.274
185.299
185.325
185.35
185.375
185.401
185.426
185.451
185.477
185.502
185.527
185.553
185.578
185.603
185.629
185.654
185.679
185.705
185.73
185.755
185.781
185.806
185.831
185.857
185.882
185.907
185.933
185.958
185.984
186.009
186.034
186.06
186.085
186.11
186.136
186.161
186.186
186.212
186.237
186.262
186.288
186.313
186.338
186.364
186.389
186.414
186.44
186.465
186.49
186.516
186.541
186.566
186.592
186.617
186.642
186.668
186.693
186.719
186.744
186.769
186.795
186.82
186.845
186.871
186.896
186.921
186.947
186.972
186.997
187.023
187.048
187.073
187.099
187.124
187.149
187.175
187.2
187.225
187.251
187.276
187.301
187.327
187.352
187.377
187.403
187.428
187.453
187.479
187.504
187.529
187.555
187.58
187.605
187.631
187.656
187.681
187.707
187.732
187.758
187.783
187.808
187.834
187.859
187.884
187.91
187.935
187.96
187.986
188.011
188.037
188.062
188.087
188.113
188.138
188.163
188.189
188.214
188.239
188.265
188.29
188.315
188.341
188.366
188.391
188.417
188.442
188.467
188.493
188.518
188.543
188.569
188.594
188.619
188.645
188.67
188.695
188.721
188.746
188.771
188.797
188.822
188.847
188.873
188.898
188.924
188.949
188.974
189
189.025
189.05
189.076
189.101
189.126
189.152
189.177
189.202
189.228
189.253
189.278
189.304
189.329
189.354
189.38
189.405
189.43
189.456
189.481
189.506
189.532
189.557
189.582
189.608
189.633
189.658
189.684
189.709
189.734
189.76
189.785
189.811
189.836
189.861
189.887
189.912
189.937
189.963
189.988
190.013
190.039
190.064
190.089
190.115
190.14
190.165
190.191
190.216
190.241
190.267
190.292
190.317
190.343
190.368
190.393
190.419
190.444
190.469
190.495
190.52
190.546
190.571
190.596
190.622
190.647
190.672
190.698
190.723
190.748
190.774
190.799
190.824
190.85
190.875
190.9
190.926
190.951
190.977
191.002
191.027
191.053
191.078
191.103
191.129
191.154
191.179
191.205
191.23
191.255
191.281
191.306
191.331
191.357
191.382
191.407
191.433
191.458
191.483
191.509
191.534
191.559
191.585
191.61
191.635
191.661
191.686
191.711
191.737
191.762
191.787
191.813
191.838
191.863
191.889
191.914
191.939
191.965
191.99
192.015
192.041
192.066
192.091
192.117
192.142
192.167
192.193
192.218
192.243
192.269
192.294
192.319
192.345
192.37
192.395
192.421
192.446
192.471
192.497
192.522
192.547
192.573
192.598
192.623
192.649
192.674
192.699
192.725
192.75
192.775
192.801
192.826
192.851
192.877
192.902
192.927
192.953
192.978
193.003
193.029
193.054
193.079
193.105
193.13
193.155
193.181
193.206
193.231
193.257
193.282
193.308
193.333
193.358
193.384
193.409
193.434
193.46
193.485
193.51
193.536
193.561
193.586
193.612
193.637
193.662
193.688
193.713
193.738
193.764
193.789
193.815
193.84
193.865
193.891
193.916
193.941
193.967
193.992
194.017
194.043
194.068
194.093
194.119
194.144
194.169
194.195
194.22
194.245
194.271
194.296
194.322
194.347
194.372
194.398
194.423
194.448
194.474
194.499
194.524
194.55
194.575
194.6
194.626
194.651
194.676
194.702
194.727
194.752
194.778
194.803
194.828
194.854
194.879
194.905
194.93
194.955
194.981
195.006
195.031
195.057
195.082
195.107
195.133
195.158
195.183
195.209
195.234
195.259
195.285
195.31
195.335
195.361
195.386
195.412
195.437
195.462
195.488
195.513
195.538
195.564
195.589
195.614
195.64
195.665
195.69
195.716
195.741
195.766
195.792
195.817
195.842
195.868
195.893
195.918
195.944
195.969
195.994
196.02
196.045
196.07
196.096
196.121
196.146
196.172
196.197
196.222
196.248
196.273
196.298
196.324
196.349
196.374
196.4
196.425
196.45
196.476
196.501
196.526
196.552
196.577
196.602
196.628
196.653
196.679
196.704
196.729
196.755
196.78
196.805
196.831
196.856
196.881
196.907
196.932
196.957
196.983
197.008
197.033
197.059
197.084
197.109
197.135
197.16
197.186
197.211
197.236
197.262
197.287
197.312
197.338
197.363
197.388
197.414
197.439
197.464
197.49
197.515
197.54
197.566
197.591
197.616
197.642
197.667
197.692
197.718
197.743
197.769
197.794
197.819
197.845
197.87
197.895
197.921
197.946
197.971
197.997
198.022
198.047
198.073
198.098
198.123
198.149
198.174
198.199
198.225
198.25
198.276
198.301
198.326
198.352
198.377
198.402
198.428
198.453
198.478
198.504
198.529
198.554
198.58
198.605
198.631
198.656
198.681
198.707
198.732
198.757
198.783
198.808
198.833
198.859
198.884
198.909
198.935
198.96
198.985
199.011
199.036
199.062
199.087
199.112
199.138
199.163
199.188
199.214
199.239
199.264
199.29
199.315
199.34
199.366
199.391
199.416
199.442
199.467
199.492
199.518
199.543
199.568
199.594
199.619
199.644
199.67
199.695
199.721
199.746
199.771
199.797
199.822
199.847
199.873
199.898
199.923
199.949
199.974
199.999
200.025
200.05
200.075
200.101
200.126
200.151
200.177
200.202
200.227
200.253
200.278
200.303
200.329
200.354
200.379
200.405
200.43
200.456
200.481
200.506
200.532
200.557
200.582
200.608
200.633
200.658
200.684
200.709
200.734
200.76
200.785
200.81
200.836
200.861
200.886
200.912
200.937
200.962
200.988
201.013
201.038
201.064
201.089
201.114
201.14
201.165
201.191
201.216
201.241
201.267
201.292
201.317
201.343
201.368
201.393
201.419
201.444
201.469
201.495
201.52
201.545
201.571
201.596
201.622
201.647
201.672
201.698
201.723
201.748
201.774
201.799
201.824
201.849
201.875
201.9
201.926
201.951
201.976
202.002
202.027
202.052
202.078
202.103
202.128
202.154
202.179
202.204
202.23
202.255
202.28
202.306
202.331
202.356
202.382
202.407
202.432
202.458
202.483
202.508
202.534
202.559
202.584
202.61
202.635
202.661
202.686
202.711
202.737
202.762
202.787
202.813
202.838
202.863
202.889
202.914
202.939
202.965
202.99
203.015
203.041
203.066
203.091
203.117
203.142
203.167
203.193
203.218
203.243
203.269
203.294
203.319
203.345
203.37
203.396
203.421
203.446
203.472
203.497
203.522
203.548
203.573
203.598
203.624
203.649
203.674
203.7
203.725
203.75
203.776
203.801
203.826
203.852
203.877
203.902
203.928
203.953
203.978
204.004
204.029
204.054
204.08
204.105
204.13
204.156
204.181
204.206
204.232
204.257
204.282
204.308
204.333
204.358
204.384
204.409
204.434
204.46
204.485
204.511
204.536
204.561
204.586
204.612
204.637
204.662
204.688
204.713
204.738
204.764
204.789
204.814
204.84
204.865
204.89
204.916
204.941
204.966
204.992
205.017
205.042
205.068
205.093
205.118
205.144
205.169
205.194
205.219
205.245
205.27
205.295
205.321
205.346
205.371
205.397
205.422
205.447
205.473
205.498
205.523
205.548
205.574
205.599
205.624
205.65
205.675
205.7
205.726
205.751
205.776
205.802
205.827
205.852
205.878
205.903
205.928
205.954
205.979
206.004
206.03
206.055
206.08
206.105
206.131
206.156
206.181
206.207
206.232
206.257
206.283
206.308
206.333
206.359
206.384
206.409
206.435
206.46
206.485
206.511
206.536
206.561
206.587
206.612
206.637
206.663
206.688
206.713
206.738
206.764
206.789
206.814
206.84
206.865
206.89
206.916
206.941
206.966
206.992
207.017
207.042
207.068
207.093
207.118
207.143
207.169
207.194
207.219
207.245
207.27
207.295
207.321
207.346
207.371
207.397
207.422
207.447
207.473
207.498
207.523
207.549
207.574
207.599
207.624
207.65
207.675
207.7
207.726
207.751
207.776
207.802
207.827
207.852
207.878
207.903
207.928
207.954
207.979
208.004
208.029
208.055
208.08
208.105
208.131
208.156
208.181
208.207
208.232
208.257
208.283
208.308
208.333
208.359
208.384
208.409
208.435
208.46
208.485
208.511
208.536
208.561
208.587
208.612
208.637
208.663
208.688
208.713
208.738
208.764
208.789
208.814
208.84
208.865
208.89
208.916
208.941
208.966
208.992
209.017
209.042
209.068
209.093
209.118
209.144
209.169
209.194
209.22
209.245
209.27
209.295
209.321
209.346
209.372
209.397
209.422
209.447
209.473
209.498
209.523
209.549
209.574
209.6
209.625
209.65
209.675
209.701
209.726
209.751
209.777
209.802
209.827
209.853
209.878
209.903
209.929
209.954
209.979
210.005
210.03
210.055
210.08
210.106
210.131
210.156
210.182
210.207
210.232
210.258
210.283
210.308
210.334
210.359
210.384
210.41
210.435
210.46
210.486
210.511
210.536
210.562
210.587
210.612
210.638
210.663
210.688
210.714
210.739
210.764
210.79
210.815
210.84
210.866
210.891
210.916
210.942
210.967
210.992
211.017
211.043
211.068
211.093
211.119
211.144
211.169
211.195
211.22
211.245
211.271
211.296
211.321
211.347
211.372
211.397
211.422
211.448
211.473
211.498
211.524
211.549
211.574
211.6
211.625
211.65
211.675
211.701
211.726
211.751
211.777
211.802
211.827
211.853
211.878
211.903
211.928
211.954
211.979
212.004
212.03
212.055
212.08
212.106
212.131
212.156
212.181
212.207
212.232
212.257
212.283
212.308
212.333
212.359
212.384
212.409
212.435
212.46
212.485
212.51
212.536
212.561
212.586
212.612
212.637
212.662
212.688
212.713
212.738
212.764
212.789
212.814
212.84
212.865
212.89
212.916
212.941
212.966
212.991
213.017
213.042
213.067
213.093
213.118
213.143
213.169
213.194
213.219
213.245
213.27
213.295
213.321
213.346
213.371
213.397
213.422
213.447
213.472
213.498
213.523
213.548
213.574
213.599
213.624
213.65
213.675
213.7
213.726
213.751
213.776
213.802
213.827
213.852
213.878
213.903
213.928
213.954
213.979
214.004
214.029
214.055
214.08
214.105
214.131
214.156
214.181
214.207
214.232
214.257
214.283
214.308
214.333
214.358
214.384
214.409
214.434
214.459
214.485
214.51
214.535
214.56
214.586
214.611
214.636
214.661
214.686
214.712
214.737
214.762
214.787
214.813
214.838
214.863
214.888
214.913
214.939
214.964
214.989
215.014
215.04
215.065
215.09
215.115
215.14
215.166
215.191
215.217
215.242
215.267
215.292
215.318
215.343
215.368
215.393
215.418
215.444
215.469
215.494
215.519
215.544
215.569
215.595
215.62
215.645
215.67
215.695
215.721
215.746
215.771
215.796
215.821
215.846
215.872
215.897
215.922
215.947
215.973
215.998
216.023
216.048
216.073
216.099
216.124
216.149
216.174
216.2
216.225
216.25
216.275
216.3
216.326
216.351
216.376
216.401
216.426
216.451
216.477
216.502
216.527
216.552
216.577
216.603
216.628
216.653
216.678
216.703
216.728
216.754
216.779
216.804
216.829
216.854
216.879
216.905
216.93
216.955
216.98
217.005
217.03
217.056
217.081
217.106
217.131
217.156
217.182
217.207
217.232
217.257
217.283
217.308
217.333
217.358
217.383
217.408
217.434
217.459
217.484
217.509
217.534
217.56
217.585
217.61
217.635
217.66
217.685
217.711
217.736
217.761
217.786
217.811
217.837
217.862
217.887
217.912
217.937
217.963
217.988
218.013
218.038
218.063
218.088
218.114
218.139
218.164
218.189
218.214
218.239
218.265
218.29
218.315
218.34
218.365
218.39
218.416
218.441
218.466
218.491
218.516
218.542
218.567
218.592
218.617
218.642
218.667
218.693
218.718
218.743
218.768
218.793
218.818
218.844
218.869
218.894
218.919
218.944
218.969
218.995
219.02
219.045
219.07
219.095
219.121
219.146
219.171
219.196
219.221
219.246
219.272
219.297
219.322
219.347
219.372
219.397
219.423
219.448
219.473
219.498
219.523
219.549
219.574
219.599
219.624
219.649
219.674
219.7
219.725
219.75
219.775
219.8
219.826
219.851
219.876
219.901
219.926
219.951
219.977
220.002
220.027
220.052
220.077
220.102
220.128
220.153
220.178
220.203
220.228
220.254
220.279
220.304
220.329
220.354
220.379
220.405
220.43
220.455
220.48
220.505
220.53
220.556
220.581
220.606
220.631
220.656
220.681
220.707
220.732
220.757
220.782
220.807
220.833
220.858
220.883
220.908
220.933
220.958
220.984
221.009
221.034
221.059
221.084
221.109
221.135
221.16
221.185
221.21
221.235
221.261
221.286
221.311
221.336
221.361
221.386
221.412
221.437
221.462
221.487
221.512
221.537
221.563
221.588
221.613
221.638
221.663
221.689
221.714
221.739
221.764
221.789
221.815
221.84
221.865
221.89
221.915
221.94
221.966
221.991
222.016
222.041
222.066
222.091
222.117
222.142
222.167
222.192
222.217
222.243
222.268
222.293
222.318
222.343
222.368
222.394
222.419
222.444
222.469
222.494
222.52
222.545
222.57
222.595
222.62
222.645
222.671
222.696
222.721
222.746
222.771
222.797
222.822
222.847
222.872
222.897
