0.0296941
0.0589721
0.084331
0.109704
0.135083
0.160461
0.185848
0.211218
0.236607
0.262025
0.287414
0.312808
0.338212
0.363602
0.389015
0.414404
0.439811
0.465209
0.490606
0.515998
0.541415
0.566837
0.592249
0.617662
0.643059
0.668466
0.693898
0.719322
0.744768
0.770209
0.795662
0.821105
0.846553
0.872009
0.897454
0.922918
0.948369
0.973811
0.999254
1.02469
1.05018
1.07564
1.10108
1.12652
1.15197
1.17743
1.20287
1.22832
1.25375
1.27919
1.30464
1.3301
1.35557
1.38103
1.40648
1.43194
1.45739
1.48285
1.50829
1.53373
1.55919
1.58465
1.61011
1.63557
1.66101
1.68647
1.71191
1.73738
1.76285
1.7883
1.81376
1.83923
1.86469
1.89014
1.9156
1.94104
1.96649
1.99196
2.01742
2.04288
2.06834
2.09375
2.11925
2.14473
2.17017
2.19563
2.2211
2.24655
2.272
2.29743
2.32287
2.34831
2.37375
2.39922
2.42467
2.4501
2.47552
2.50097
2.5264
2.55185
2.57732
2.60277
2.62822
2.65368
2.67911
2.70457
2.73004
2.75549
2.78094
2.80639
2.83184
2.85728
2.88272
2.90817
2.93362
2.95906
2.98452
3.01
3.03545
3.06091
3.08634
3.11181
3.13725
3.16269
3.18813
3.21358
3.23902
3.26446
3.28989
3.31533
3.34079
3.36624
3.3917
3.41718
3.44265
3.46811
3.49357
3.51906
3.54451
3.56995
3.59538
3.62082
3.64627
3.67172
3.69718
3.72264
3.74809
3.77353
3.79898
3.82442
3.84994
3.87542
3.90087
3.92633
3.95178
3.97717
4.00263
4.0281
4.05355
4.07904
4.10451
4.12998
4.15546
4.18092
4.20641
4.23187
4.25732
4.28278
4.30826
4.33373
4.35917
4.38462
4.41006
4.43552
4.46099
4.48643
4.51188
4.53733
4.56278
4.58822
4.61368
4.63913
4.6646
4.69006
4.71551
4.74097
4.76642
4.79187
4.81732
4.84279
4.86824
4.8937
4.91914
4.94461
4.97008
4.99553
5.02099
5.04645
5.07193
5.09738
5.12283
5.14829
5.17375
5.1992
5.22464
5.25008
5.27554
5.30098
5.32643
5.35188
5.37732
5.40276
5.4282
5.45366
5.47912
5.5046
5.53005
5.5555
5.58095
5.60641
5.63186
5.65732
5.68277
5.70822
5.73368
5.75916
5.78462
5.81009
5.83557
5.86103
5.88648
5.91191
5.93735
5.96284
5.98829
6.01376
6.03921
6.06466
6.09012
6.11558
6.14105
6.16652
6.19199
6.21742
6.24287
6.26835
6.29384
6.31928
6.34473
6.37019
6.39563
6.42108
6.44651
6.47195
6.4974
6.52317
6.54865
6.57412
6.59958
6.62504
6.65048
6.67592
6.70138
6.72684
6.75229
6.77774
6.80319
6.82864
6.85408
6.87952
6.90497
6.93041
6.95585
6.9813
7.00675
7.03221
7.05768
7.08313
7.10859
7.13404
7.15949
7.18496
7.21042
7.23587
7.26132
7.28678
7.31222
7.33767
7.37098
7.39645
7.42189
7.44734
7.47279
7.49822
7.52367
7.54911
7.57455
7.6
7.62544
7.65088
7.67633
7.70175
7.72722
7.75269
7.77815
7.80362
7.82906
7.85451
7.87995
7.9054
7.93085
7.95629
7.98174
8.00719
8.03264
8.05809
8.08354
8.10899
8.13444
8.15991
8.18538
8.21086
8.23631
8.26175
8.2872
8.31265
8.3381
8.36354
8.38898
8.41443
8.43986
8.46528
8.4907
8.51612
8.54155
8.56699
8.59242
8.61786
8.6433
8.66877
8.69422
8.71967
8.74512
8.77059
8.79605
8.8215
8.84695
8.8724
8.89783
8.92327
8.94876
8.97423
8.99969
9.02515
9.05058
9.07601
9.10144
9.12687
9.15232
9.17775
9.2032
9.22865
9.2541
9.27955
9.30499
9.33044
9.35589
9.38134
9.40679
9.43225
9.45768
9.48313
9.50858
9.53403
9.55949
9.58493
9.61037
9.63584
9.6613
9.68674
9.71217
9.73761
9.76309
9.78854
9.81399
9.83945
9.86495
9.89039
9.91585
9.94131
9.96677
9.99222
10.0177
10.0431
10.0686
10.094
10.1195
10.145
10.1705
10.1959
10.2214
10.2468
10.2722
10.2977
10.3231
10.3486
10.374
10.3995
10.4249
10.4504
10.4758
10.5013
10.5267
10.5522
10.5777
10.6031
10.6286
10.6541
10.6795
10.705
10.7304
10.7559
10.7814
10.8068
10.8323
10.8578
10.8832
10.9087
10.9341
10.9595
10.985
11.0104
11.0358
11.0613
11.0868
11.1122
11.1377
11.1631
11.1886
11.214
11.2395
11.2649
11.2904
11.3159
11.3414
11.3668
11.3923
11.4178
11.4432
11.4687
11.4941
11.5196
11.545
11.5705
11.596
11.6215
11.6469
11.6724
11.6978
11.7233
11.7487
11.7742
11.7996
11.8251
11.8506
11.876
11.9014
11.9269
11.9524
11.9778
12.0033
12.0288
12.0542
12.0797
12.1052
12.1306
12.1561
12.1816
12.207
12.2325
12.258
12.2834
12.3089
12.3343
12.3598
12.3852
12.4107
12.4361
12.4616
12.4871
12.5125
12.538
12.5634
12.5889
12.6144
12.6399
12.6653
12.6908
12.7163
12.7417
12.7672
12.7926
12.818
12.8435
12.8689
12.8944
12.9199
12.9453
12.9708
12.9963
13.0217
13.0472
13.0726
13.0981
13.1236
13.149
13.1744
13.1999
13.2254
13.2508
13.2763
13.3017
13.3272
13.3527
13.3781
13.4035
13.429
13.4544
13.4799
13.5053
13.5308
13.5562
13.5817
13.6071
13.6326
13.658
13.6835
13.7089
13.7344
13.7599
13.7853
13.8108
13.8363
13.8617
13.8872
13.9126
13.938
13.9635
13.9889
14.0144
14.0398
14.0653
14.0907
14.1162
14.1417
14.1671
14.1926
14.218
14.2435
14.269
14.2944
14.3199
14.3453
14.3708
14.3962
14.4217
14.4471
14.4726
14.498
14.5235
14.5489
14.5744
14.5999
14.6253
14.6508
14.6762
14.7017
14.7271
14.7526
14.778
14.8035
14.829
14.8544
14.8799
14.9053
14.9308
14.9563
14.9817
15.0071
15.0326
15.0581
15.0836
15.1091
15.1346
15.16
15.1855
15.2109
15.2364
15.2619
15.2873
15.3128
15.3383
15.3637
15.3892
15.4146
15.4401
15.4655
15.491
15.5164
15.5419
15.5674
15.5928
15.6183
15.6437
15.6692
15.6947
15.7202
15.7456
15.7711
15.7966
15.822
15.8475
15.8729
15.8984
15.9238
15.9493
15.9747
16.0002
16.0256
16.0511
16.0765
16.102
16.1274
16.1529
16.1783
16.2038
16.2292
16.2547
16.2801
16.3056
16.3311
16.3565
16.382
16.4074
16.4329
16.4583
16.4838
16.5092
16.5347
16.5602
16.5856
16.6111
16.6365
16.662
16.6875
16.7129
16.7384
16.7638
16.7893
16.8148
16.8402
16.8656
16.8911
16.9165
16.942
16.9675
16.9929
17.0184
17.0438
17.0693
17.0947
17.1202
17.1456
17.1711
17.1965
17.222
17.2474
17.2728
17.2983
17.3239
17.3494
17.3749
17.4003
17.4257
17.4512
17.4766
17.502
17.5274
17.5528
17.5783
17.6037
17.6291
17.6545
17.68
17.7054
17.7308
17.7563
17.7817
17.8072
17.8327
17.8581
17.8836
17.9091
17.9345
17.9599
17.9854
18.0109
18.0363
18.0618
18.0872
18.1126
18.1381
18.1635
18.189
18.2144
18.2399
18.2653
18.2908
18.3162
18.3417
18.3671
18.3925
18.418
18.4434
18.4689
18.4943
18.5197
18.5452
18.5707
18.5961
18.6216
18.6471
18.6725
18.698
18.7234
18.7489
18.7743
18.7998
18.8253
18.8507
18.8762
18.9016
18.9271
18.9525
18.978
19.0034
19.0288
19.0543
19.0797
19.1052
19.1307
19.1561
19.1816
19.207
19.2325
19.258
19.2834
19.3089
19.3343
19.3597
19.3852
19.4106
19.4361
19.4616
19.487
19.5125
19.538
19.5634
19.5889
19.6143
19.6398
19.6652
19.6907
19.7161
19.7416
19.767
19.7925
19.818
19.8434
19.8689
19.8943
19.9197
19.9452
19.9706
19.9961
20.0215
20.047
20.0724
20.0979
20.1233
20.1488
20.1742
20.1997
20.2251
20.2506
20.276
20.3015
20.3269
20.3524
20.3778
20.4032
20.4287
20.4541
20.4796
20.505
20.5305
20.5559
20.5814
20.6069
20.6323
20.6578
20.6832
20.7087
20.7341
20.7596
20.785
20.8105
20.8359
20.8614
20.8869
20.9123
20.9378
20.9632
20.9887
21.0141
21.0396
21.065
21.0905
21.1159
21.1414
21.1669
21.1923
21.2178
21.2432
21.2687
21.2941
21.3195
21.345
21.3704
21.3958
21.4213
21.4467
21.4722
21.4976
21.5231
21.5485
21.5739
21.5994
21.6248
21.6503
21.6757
21.7011
21.7266
21.752
21.7775
21.8029
21.8284
21.8538
21.8792
21.9047
21.9301
21.9556
21.981
22.0065
22.0319
22.0574
22.0828
22.1082
22.1337
22.1591
22.1846
22.21
22.2354
22.2609
22.2863
22.3118
22.3372
22.3627
22.3881
22.4135
22.439
22.4645
22.4899
22.5153
22.5408
22.5662
22.5916
22.617
22.6425
22.6679
22.6934
22.7188
22.7443
22.7697
22.7952
22.8206
22.846
22.8715
22.8969
22.9224
22.9478
22.9732
22.9987
23.0241
23.0496
23.075
23.1005
23.1259
23.1514
23.1769
23.2023
23.2278
23.2532
23.2787
23.3041
23.3296
23.355
23.3805
23.4059
23.4314
23.4569
23.4823
23.5078
23.5333
23.5587
23.5842
23.6096
23.6351
23.6606
23.6861
23.7115
23.737
23.7624
23.7879
23.8133
23.8388
23.8642
23.8897
23.9152
23.9406
23.9661
23.9915
24.017
24.0425
24.0679
24.0934
24.1189
24.1443
24.1698
24.1952
24.2206
24.2461
24.2715
24.297
24.3224
24.3479
24.3733
24.3988
24.4242
24.4497
24.4751
24.5006
24.526
24.5515
24.5769
24.6024
24.6278
24.6533
24.6787
24.7042
24.7296
24.7551
24.7805
24.806
24.8315
24.8569
24.8824
24.9078
24.9333
24.9588
24.9842
25.0096
25.0351
25.0605
25.086
25.1115
25.1369
25.1624
25.1878
25.2133
25.2388
25.2642
25.2897
25.3151
25.3406
25.366
25.3915
25.4169
25.4424
25.4679
25.4933
25.5188
25.5443
25.5697
25.5952
25.6207
25.6461
25.6716
25.697
25.7225
25.7479
25.7734
25.7989
25.8243
25.8498
25.8752
25.9007
25.9262
25.9516
25.9771
26.0025
26.028
26.0534
26.0789
26.1043
26.1298
26.1552
26.1807
26.2061
26.2315
26.257
26.2825
26.3079
26.3334
26.3589
26.3844
26.4098
26.4353
26.4607
26.4862
26.5117
26.5371
26.5626
26.588
26.6135
26.639
26.6645
26.6899
26.7154
26.7408
26.7663
26.7917
26.8172
26.8426
26.868
26.8935
26.9189
26.9444
26.9698
26.9953
27.0207
27.0462
27.0716
27.0971
27.1225
27.148
27.1734
27.1989
27.2244
27.2498
27.2753
27.3008
27.3262
27.3517
27.3771
27.4026
27.4281
27.4535
27.479
27.5045
27.5299
27.5554
27.5809
27.6063
27.6318
27.6572
27.6827
27.7081
27.7336
27.7591
27.7845
27.81
27.8354
27.8609
27.8863
27.9118
27.9373
27.9627
27.9882
28.0136
28.0391
28.0646
28.09
28.1155
28.1409
28.1664
28.1919
28.2173
28.2428
28.2683
28.2937
28.3192
28.3446
28.3701
28.3955
28.421
28.4464
28.4718
28.4973
28.5228
28.5482
28.5737
28.5991
28.6246
28.65
28.6755
28.7009
28.7263
28.7518
28.7773
28.8028
28.8282
28.8537
28.8791
28.9046
28.93
28.9555
28.9809
29.0064
29.0318
29.0573
29.0827
29.1082
29.1336
29.159
29.1845
29.2099
29.2354
29.2609
29.2863
29.3118
29.3372
29.3627
29.3881
29.4136
29.4391
29.4645
29.49
29.5154
29.5409
29.5663
29.5918
29.6173
29.6427
29.6682
29.6936
29.719
29.7445
29.7699
29.7954
29.8208
29.8463
29.8717
29.8972
29.9227
29.9481
29.9736
29.999
30.0245
30.0499
30.0754
30.1008
30.1263
30.1517
30.1772
30.2026
30.2281
30.2535
30.279
30.3044
30.3299
30.3554
30.3808
30.4063
30.4317
30.4572
30.4827
30.5081
30.5336
30.559
30.5845
30.61
30.6354
30.6608
30.6863
30.7117
30.7372
30.7626
30.7881
30.8136
30.839
30.8645
30.8899
30.9154
30.9408
30.9662
30.9917
31.0171
31.0426
31.068
31.0935
31.1189
31.1443
31.1697
31.1952
31.2206
31.2461
31.2715
31.297
31.3224
31.3479
31.3733
31.3988
31.4242
31.4497
31.4751
31.5006
31.526
31.5515
31.5769
31.6024
31.6278
31.6533
31.6787
31.7042
31.7296
31.7551
31.7806
31.806
31.8315
31.8569
31.8824
31.9078
31.9333
31.9587
31.9842
32.0097
32.0351
32.0606
32.086
32.1115
32.1369
32.1624
32.1878
32.2133
32.2388
32.2642
32.2897
32.3151
32.3406
32.366
32.3915
32.4169
32.4424
32.4678
32.4933
32.5187
32.5442
32.5697
32.5951
32.6206
32.646
32.6715
32.6969
32.7224
32.7478
32.7733
32.7988
32.8242
32.8497
32.8751
32.9006
32.926
32.9515
32.977
33.0024
33.0279
33.0533
33.0788
33.1042
33.1297
33.1551
33.1806
33.206
33.2315
33.2569
33.2824
33.3078
33.3333
33.3587
33.3842
33.4096
33.4351
33.4605
33.486
33.5114
33.5369
33.5624
33.5878
33.6133
33.6387
33.6642
33.6896
33.7151
33.7406
33.766
33.7915
33.8172
33.8426
33.8681
33.8935
33.919
33.9445
33.9699
33.9954
34.0208
34.0463
34.0718
34.0972
34.1227
34.1481
34.1736
34.199
34.2245
34.2499
34.2754
34.3009
34.3263
34.3518
34.3772
34.4027
34.4281
34.4536
34.479
34.5045
34.5299
34.5554
34.5808
34.6063
34.6317
34.6572
34.6826
34.7081
34.7335
34.759
34.7845
34.8099
34.8354
34.8608
34.8863
34.9117
34.9372
34.9626
34.9881
35.0135
35.039
35.0644
35.0899
35.1153
35.1408
35.1663
35.1917
35.2172
35.2427
35.2681
35.2936
35.319
35.3445
35.3699
35.3954
35.4208
35.4463
35.4717
35.4972
35.5226
35.548
35.5735
35.599
35.6244
35.6499
35.6753
35.7008
35.7262
35.7517
35.7771
35.8026
35.8281
35.8535
35.879
35.9045
35.9299
35.9554
35.9808
36.0063
36.0317
36.0572
36.0827
36.1081
36.1336
36.159
36.1845
36.2099
36.2354
36.2609
36.2863
36.3118
36.3372
36.3627
36.3881
36.4136
36.439
36.4645
36.4899
36.5154
36.5408
36.5663
36.5917
36.6172
36.6426
36.6681
36.6935
36.719
36.7445
36.7699
36.7954
36.8208
36.8463
36.8717
36.8972
36.9227
36.9481
36.9736
36.9991
37.0245
37.05
37.0754
37.1009
37.1263
37.1518
37.1772
37.2027
37.2281
37.2536
37.2791
37.3045
37.33
37.3554
37.3809
37.4063
37.4318
37.4573
37.4827
37.5082
37.5336
37.5591
37.5845
37.61
37.6354
37.6608
37.6863
37.7117
37.7372
37.7626
37.7881
37.8135
37.839
37.8645
37.8899
37.9154
37.9408
37.9663
37.9918
38.0173
38.0427
38.0682
38.0936
38.1191
38.1446
38.17
38.1954
38.2209
38.2464
38.2718
38.2973
38.3227
38.3481
38.3735
38.3989
38.4243
38.4497
38.4751
38.5005
38.5259
38.5513
38.5767
38.6021
38.6275
38.6529
38.6783
38.7037
38.7291
38.7545
38.7799
38.8054
38.8308
38.8562
38.8816
38.907
38.9324
38.9578
38.9833
39.0087
39.0341
39.0595
39.0849
39.1103
39.1357
39.1611
39.1865
39.212
39.2374
39.2629
39.2883
39.3138
39.3393
39.3647
39.3902
39.4156
39.4411
39.4665
39.492
39.5174
39.543
39.5684
39.5939
39.6193
39.6448
39.6702
39.6957
39.7211
39.7466
39.772
39.7975
39.8229
39.8484
39.8738
39.8993
39.9248
39.9502
39.9757
40.0011
40.0266
40.052
40.0775
40.1029
40.1284
40.1539
40.1793
40.2048
40.2302
40.2557
40.2812
40.3066
40.3321
40.3576
40.383
40.4085
40.434
40.4594
40.4848
40.5103
40.5358
40.5612
40.5867
40.6121
40.6376
40.6631
40.6886
40.714
40.7395
40.7649
40.7904
40.8158
40.8413
40.8667
40.8922
40.9176
40.9431
40.9686
40.994
41.0195
41.0449
41.0704
41.0959
41.1213
41.1468
41.1722
41.1977
41.2231
41.2486
41.274
41.2994
41.3248
41.3502
41.3756
41.401
41.4264
41.4518
41.4773
41.5027
41.5281
41.5535
41.5789
41.6043
41.6298
41.6552
41.6807
41.7061
41.7316
41.7571
41.7825
41.808
41.8334
41.8589
41.8843
41.9097
41.9352
41.9607
41.9861
42.0116
42.0371
42.0625
42.088
42.1134
42.1389
42.1643
42.1898
42.2152
42.2407
42.2661
42.2916
42.317
42.3425
42.3679
42.3933
42.4188
42.4443
42.4697
42.4952
42.5207
42.5461
42.5716
42.597
42.6224
42.6479
42.6733
42.6988
42.7242
42.7497
42.7751
42.8006
42.826
42.8515
42.8769
42.9024
42.9278
42.9533
42.9787
43.0042
43.0296
43.0551
43.0806
43.106
43.1315
43.1569
43.1824
43.2078
43.2333
43.2587
43.2842
43.3096
43.3351
43.3606
43.3861
43.4115
43.437
43.4625
43.4879
43.5134
43.5388
43.5642
43.5897
43.6151
43.6406
43.666
43.6915
43.7169
43.7424
43.7678
43.7933
43.8187
43.8442
43.8696
43.8951
43.9205
43.946
43.9714
43.9969
44.0223
44.0478
44.0732
44.0987
44.1241
44.1496
44.175
44.2005
44.2259
44.2514
44.2768
44.3023
44.3277
44.3532
44.3786
44.4041
44.4295
44.455
44.4804
44.5059
44.5313
44.5568
44.5822
44.6077
44.6332
44.6586
44.6841
44.7095
44.735
44.7605
44.7859
44.8114
44.8369
44.8623
44.8878
44.9132
44.9387
44.9642
44.9897
45.0151
45.0406
45.066
45.0915
45.1169
45.1424
45.1678
45.1933
45.2187
45.2442
45.2696
45.295
45.3205
45.3459
45.3714
45.3968
45.4223
45.4477
45.4732
45.4986
45.5241
45.5495
45.575
45.6005
45.6259
45.6514
45.6768
45.7023
45.7277
45.7532
45.7787
45.8041
45.8296
45.8551
45.8805
45.906
45.9315
45.9569
45.9824
46.0078
46.0333
46.0588
46.0842
46.1097
46.1351
46.1606
46.186
46.2115
46.2369
46.2624
46.2878
46.3132
46.3387
46.3641
46.3896
46.415
46.4405
46.4659
46.4914
46.5168
46.5423
46.5677
46.5932
46.6187
46.6441
46.6696
46.695
46.7205
46.7459
46.7714
46.7968
46.8223
46.8477
46.8732
46.8986
46.9241
46.9495
46.975
47.0004
47.0259
47.0514
47.0768
47.1023
47.1277
47.1532
47.1786
47.2041
47.2295
47.255
47.2804
47.3059
47.3313
47.3568
47.3822
47.4077
47.4331
47.4586
47.484
47.5095
47.5349
47.5604
47.5858
47.6113
47.6368
47.6622
47.6877
47.7131
47.7386
47.764
47.7895
47.815
47.8404
47.8659
47.8913
47.9168
47.9423
47.9677
47.9932
48.0186
48.0441
48.0695
48.095
48.1204
48.1459
48.1714
48.1968
48.2223
48.2477
48.2732
48.2986
48.3241
48.3495
48.375
48.4004
48.4258
48.4513
48.4767
48.5021
48.5276
48.553
48.5785
48.6039
48.6294
48.6549
48.6803
48.7058
48.7312
48.7567
48.7821
48.8076
48.833
48.8585
48.8839
48.9094
48.9348
48.9603
48.9857
49.0112
49.0366
49.0621
49.0875
49.113
49.1384
49.1639
49.1894
49.2148
49.2403
49.2658
49.2912
49.3166
49.3421
49.3675
49.393
49.4184
49.4439
49.4694
49.4948
49.5203
49.5457
49.5711
49.5966
49.622
49.6475
49.6729
49.6984
49.7238
49.7493
49.7748
49.8002
49.8257
49.8511
49.8766
49.9021
49.9276
49.953
49.9785
50.0039
50.0294
50.0548
50.0803
50.1057
50.1312
50.1567
50.1821
50.2076
50.233
50.2585
50.2839
50.3094
50.3349
50.3603
50.3858
50.4112
50.4366
50.4621
50.4875
50.513
50.5384
50.5638
50.5893
50.6148
50.6403
50.6657
50.6912
50.7167
50.7421
50.7675
50.793
50.8185
50.8439
50.8694
50.8949
50.9203
50.9458
50.9712
50.9966
51.0221
51.0475
51.073
51.0984
51.1239
51.1493
51.1748
51.2002
51.2257
51.2512
51.2766
51.3021
51.3275
51.353
51.3784
51.4039
51.4293
51.4548
51.4802
51.5057
51.5312
51.5566
51.5821
51.6075
51.633
51.6584
51.6839
51.7093
51.7348
51.7603
51.7858
51.8112
51.8367
51.8622
51.8876
51.9131
51.9385
51.9639
51.9894
52.0148
52.0403
52.0658
52.0912
52.1167
52.1421
52.1676
52.193
52.2185
52.2439
52.2694
52.2948
52.3203
52.3457
52.3712
52.3966
52.4221
52.4475
52.473
52.4984
52.5239
52.5493
52.5748
52.6002
52.6257
52.6511
52.6766
52.702
52.7275
52.7529
52.7784
52.8038
52.8293
52.8548
52.8802
52.9057
52.9312
52.9567
52.9822
53.0076
53.0331
53.0585
53.084
53.1094
53.1349
53.1604
53.1858
53.2112
53.2366
53.2621
53.2875
53.313
53.3385
53.364
53.3894
53.4149
53.4403
53.4658
53.4914
53.5168
53.5423
53.5677
53.5932
53.6186
53.6441
53.6695
53.695
53.7205
53.746
53.7714
53.7969
53.8223
53.8478
53.8732
53.8987
53.9242
53.9496
53.9751
54.0006
54.026
54.0515
54.0769
54.1024
54.1279
54.1533
54.1788
54.2042
54.2297
54.2552
54.2806
54.3061
54.3315
54.357
54.3824
54.4079
54.4333
54.4588
54.4843
54.5097
54.5352
54.5607
54.5861
54.6116
54.6371
54.6625
54.688
54.7134
54.7389
54.7643
54.7897
54.8152
54.8406
54.8661
54.8915
54.917
54.9425
54.9679
54.9934
55.0188
55.0443
55.0697
55.0952
55.1207
55.1461
55.1716
55.1971
55.2225
55.248
55.2734
55.2989
55.3244
55.3498
55.3752
55.4007
55.4261
55.4516
55.4771
55.5025
55.528
55.5534
55.5789
55.6043
55.6298
55.6552
55.6807
55.7061
55.7316
55.7571
55.7825
55.808
55.8334
55.8589
55.8843
55.9097
55.9352
55.9606
55.9861
56.0115
56.037
56.0624
56.0879
56.1134
56.1388
56.1643
56.1897
56.2152
56.2406
56.2661
56.2915
56.317
56.3424
56.3679
56.3934
56.4188
56.4443
56.4697
56.4952
56.5206
56.5461
56.5716
56.5971
56.6225
56.648
56.6734
56.6989
56.7243
56.7498
56.7752
56.8007
56.8261
56.8516
56.877
56.9025
56.9279
56.9534
56.9788
57.0043
57.0297
57.0551
57.0806
57.106
57.1315
57.1569
57.1824
57.2079
57.2333
57.2588
57.2842
57.3097
57.3351
57.3606
57.386
57.4115
57.437
57.4624
57.4879
57.5133
57.5388
57.5643
57.5897
57.6152
57.6406
57.6661
57.6916
57.717
57.7425
57.7679
57.7934
57.8189
57.8443
57.8698
57.8952
57.9207
57.9461
57.9716
57.9971
58.0225
58.048
58.0734
58.0989
58.1243
58.1498
58.1752
58.2007
58.2261
58.2516
58.277
58.3025
58.3279
58.3533
58.3787
58.4042
58.4296
58.4551
58.4805
58.5059
58.5314
58.5568
58.5823
58.6077
58.6332
58.6586
58.6841
58.7095
58.735
58.7605
58.7859
58.8114
58.8368
58.8623
58.8877
58.9132
58.9386
58.9641
58.9895
59.015
59.0404
59.0659
59.0913
59.1167
59.1422
59.1676
59.1931
59.2185
59.244
59.2694
59.2949
59.3203
59.3458
59.3712
59.3967
59.4221
59.4476
59.473
59.4985
59.524
59.5494
59.5749
59.6003
59.6258
59.6512
59.6767
59.7021
59.7275
59.753
59.7784
59.8039
59.8294
59.8548
59.8803
59.9057
59.9312
59.9566
59.9821
60.0075
60.033
60.0584
60.0839
60.1093
60.1348
60.1602
60.1857
60.2111
60.2366
60.262
60.2875
60.3129
60.3384
60.3639
60.3893
60.4148
60.4402
60.4657
60.4911
60.5166
60.542
60.5675
60.593
60.6184
60.6439
60.6693
60.6948
60.7202
60.7457
60.7711
60.7966
60.8221
60.8475
60.873
60.8984
60.9239
60.9493
60.9748
61.0002
61.0257
61.0511
61.0766
61.102
61.1275
61.1529
61.1784
61.2038
61.2292
61.2547
61.2801
61.3056
61.331
61.3565
61.3819
61.4074
61.4328
61.4583
61.4837
61.5092
61.5346
61.5601
61.5856
61.611
61.6365
61.6619
61.6874
61.7128
61.7383
61.7637
61.7892
61.8147
61.8401
61.8656
61.891
61.9165
61.9419
61.9674
61.9928
62.0183
62.0438
62.0692
62.0947
62.1201
62.1456
62.1711
62.1965
62.2219
62.2474
62.2728
62.2983
62.3237
62.3492
62.3746
62.4
62.4255
62.451
62.4764
62.5019
62.5273
62.5528
62.5782
62.6037
62.6291
62.6546
62.68
62.7055
62.7309
62.7563
62.7818
62.8072
62.8327
62.8581
62.8836
62.909
62.9345
62.9599
62.9854
63.0108
63.0363
63.0617
63.0872
63.1127
63.1381
63.1636
63.189
63.2145
63.24
63.2654
63.2909
63.3164
63.3418
63.3672
63.3927
63.4181
63.4436
63.469
63.4945
63.52
63.5454
63.5709
63.5963
63.6218
63.6472
63.6727
63.6981
63.7236
63.749
63.7745
63.8
63.8254
63.8509
63.8763
63.9018
63.9272
63.9527
63.978
64.0035
64.029
64.0544
64.0799
64.1054
64.1308
64.1563
64.1818
64.2072
64.2327
64.2581
64.2836
64.3091
64.3345
64.36
64.3854
64.4109
64.4363
64.4617
64.4872
64.5126
64.5381
64.5635
64.589
64.6144
64.6399
64.6653
64.6908
64.7162
64.7417
64.7671
64.7926
64.818
64.8435
64.8689
64.8944
64.9198
64.9453
64.9707
64.9962
65.0217
65.0471
65.0726
65.098
65.1235
65.1489
65.1744
65.1999
65.2253
65.2508
65.2762
65.3017
65.3271
65.3526
65.3781
65.4035
65.429
65.4544
65.4798
65.5053
65.5308
65.5562
65.5817
65.6071
65.6326
65.6581
65.6835
65.709
65.7345
65.7599
65.7854
65.8108
65.8363
65.8618
65.8872
65.9127
65.9381
65.9636
65.9891
66.0145
66.04
66.0654
66.0909
66.1163
66.1418
66.1672
66.1927
66.2181
66.2436
66.269
66.2945
66.3199
66.3454
66.3708
66.3963
66.4218
66.4472
66.4727
66.4981
66.5236
66.5491
66.5745
66.6
66.6255
66.6509
66.6764
66.7018
66.7273
66.7527
66.7782
66.8037
66.8291
66.8546
66.88
66.9055
66.9309
66.9564
66.9818
67.0073
67.0328
67.0582
67.0837
67.1091
67.1346
67.16
67.1855
67.2109
67.2364
67.2618
67.2873
67.3127
67.3382
67.3636
67.3891
67.4145
67.44
67.4654
67.4909
67.5164
67.5418
67.5673
67.5927
67.6181
67.6436
67.669
67.6945
67.7199
67.7454
67.7708
67.7963
67.8217
67.8472
67.8727
67.8981
67.9236
67.949
67.9745
67.9999
68.0254
68.0509
68.0763
68.1018
68.1272
68.1527
68.1781
68.2036
68.229
68.2545
68.2799
68.3054
68.3308
68.3563
68.3817
68.4071
68.4326
68.458
68.4834
68.5089
68.5343
68.5598
68.5852
68.6107
68.6362
68.6616
68.6871
68.7126
68.738
68.7635
68.7889
68.8144
68.8399
68.8653
68.8908
68.9162
68.9417
68.9671
68.9926
69.018
69.0435
69.0689
69.0944
69.1198
69.1453
69.1707
69.1962
69.2216
69.2471
69.2725
69.298
69.3235
69.3489
69.3743
69.3998
69.4252
69.4507
69.4761
69.5016
69.527
69.5524
69.5779
69.6033
69.6288
69.6542
69.6797
69.7052
69.7306
69.7561
69.7815
69.807
69.8324
69.8579
69.8833
69.9088
69.9343
69.9597
69.9852
70.0106
70.0361
70.0615
70.087
70.1124
70.1379
70.1633
70.1888
70.2143
70.2397
70.2652
70.2906
70.3161
70.3415
70.367
70.3925
70.4179
70.4434
70.4689
70.4943
70.5198
70.5452
70.5707
70.5962
70.6217
70.6471
70.6726
70.698
70.7235
70.7489
70.7744
70.7998
70.8253
70.8508
70.8762
70.9017
70.9271
70.9526
70.978
71.0035
71.0289
71.0544
71.0799
71.1053
71.1308
71.1562
71.1817
71.2072
71.2326
71.2581
71.2836
71.309
71.3345
71.3599
71.3853
71.4108
71.4362
71.4617
71.4872
71.5127
71.5381
71.5636
71.5891
71.6145
71.64
71.6654
71.6909
71.7164
71.7418
71.7673
71.7928
71.8182
71.8437
71.8692
71.8946
71.92
71.9455
71.9709
71.9964
72.0218
72.0472
72.0727
72.0981
72.1236
72.1491
72.1745
72.2
72.2254
72.2508
72.2763
72.3018
72.3272
72.3527
72.3781
72.4036
72.4291
72.4545
72.48
72.5054
72.5309
72.5563
72.5818
72.6073
72.6327
72.6582
72.6836
72.7091
72.7345
72.76
72.7854
72.8109
72.8363
72.8618
72.8872
72.9126
72.9381
72.9636
72.989
73.0145
73.04
73.0654
73.0909
73.1163
73.1418
73.1672
73.1927
73.2181
73.2436
73.269
73.2945
73.3199
73.3454
73.3708
73.3963
73.4218
73.4472
73.4727
73.4981
73.5235
73.549
73.5744
73.5999
73.6253
73.6508
73.6763
73.7017
73.7272
73.7526
73.7781
73.8036
73.829
73.8545
73.8799
73.9054
73.9309
73.9563
73.9818
74.0072
74.0329
74.0583
74.0837
74.1092
74.1346
74.1601
74.1855
74.211
74.2365
74.2619
74.2874
74.3128
74.3383
74.3638
74.3892
74.4147
74.4401
74.4656
74.491
74.5165
74.5419
74.5674
74.5928
74.6183
74.6438
74.6692
74.6947
74.7202
74.7456
74.7711
74.7965
74.822
74.8474
74.8729
74.8983
74.9238
74.9493
74.9747
75.0002
75.0256
75.0511
75.0766
75.102
75.1275
75.1529
75.1784
75.2039
75.2293
75.2548
75.2802
75.3057
75.3312
75.3566
75.382
75.4075
75.433
75.4584
75.4839
75.5093
75.5348
75.5603
75.5857
75.6112
75.6366
75.6621
75.6875
75.713
75.7385
75.7639
75.7894
75.8149
75.8403
75.8658
75.8913
75.9167
75.9422
75.9676
75.9931
76.0185
76.044
76.0695
76.0949
76.1203
76.1458
76.1712
76.1967
76.2221
76.2476
76.273
76.2984
76.3239
76.3493
76.3748
76.4002
76.4256
76.4511
76.4766
76.502
76.5274
76.5529
76.5783
76.6038
76.6292
76.6547
76.6802
76.7056
76.7311
76.7565
76.782
76.8074
76.8329
76.8583
76.8838
76.9092
76.9347
76.9602
76.9856
77.011
77.0365
77.0619
77.0874
77.1128
77.1383
77.1637
77.1892
77.2146
77.2401
77.2655
77.291
77.3164
77.3419
77.3673
77.3928
77.4182
77.4437
77.4691
77.4946
77.52
77.5455
77.571
77.5964
77.6219
77.6473
77.6728
77.6982
77.7237
77.7491
77.7746
77.8001
77.8255
77.851
77.8765
77.902
77.9275
77.9529
77.9783
78.0038
78.0292
78.0547
78.0801
78.1056
78.131
78.1565
78.1819
78.2074
78.2329
78.2583
78.2838
78.3092
78.3347
78.3601
78.3855
78.411
78.4364
78.4619
78.4873
78.5128
78.5382
78.5637
78.5891
78.6146
78.6401
78.6655
78.691
78.7164
78.7419
78.7673
78.7928
78.8183
78.8437
78.8691
78.8946
78.92
78.9455
78.9709
78.9964
79.0218
79.0473
79.0728
79.0982
79.1237
79.1492
79.1746
79.2001
79.2256
79.251
79.2765
79.3019
79.3274
79.3528
79.3783
79.4038
79.4292
79.4547
79.4801
79.5055
79.531
79.5564
79.5819
79.6073
79.6328
79.6582
79.6837
79.7091
79.7346
79.76
79.7855
79.811
79.8364
79.8618
79.8873
79.9127
79.9382
79.9636
79.989
80.0145
80.0399
80.0654
80.0908
80.1163
80.1417
80.1672
80.1926
80.2181
80.2435
80.2689
80.2944
80.3198
80.3453
80.3707
80.3961
80.4216
80.447
80.4725
80.4979
80.5233
80.5488
80.5742
80.5997
80.6251
80.6505
80.676
80.7014
80.7269
80.7523
80.7778
80.8032
80.8287
80.8541
80.8796
80.905
80.9304
80.9559
80.9813
81.0067
81.0322
81.0576
81.0831
81.1085
81.134
81.1594
81.1849
81.2103
81.2358
81.2612
81.2866
81.3121
81.3375
81.3709
81.3963
81.4218
81.4472
81.4727
81.4981
81.5235
81.549
81.5744
81.5999
81.6253
81.6508
81.6762
81.7017
81.7271
81.7526
81.778
81.8035
81.8289
81.8544
81.8798
81.9052
81.9307
81.9561
81.9816
82.007
82.0325
82.0579
82.0834
82.1089
82.1343
82.1598
82.1852
82.2107
82.2361
82.2616
82.2871
82.3125
82.338
82.3634
82.3888
82.4143
82.4397
82.4651
82.4906
82.5161
82.5415
82.5669
82.5924
82.6179
82.6433
82.6687
82.6942
82.7196
82.745
82.7705
82.7959
82.8214
82.8468
82.8723
82.8977
82.9232
82.9486
82.974
82.9995
83.0249
83.0504
83.0758
83.1013
83.1267
83.1522
83.1776
83.2031
83.2285
83.254
83.2794
83.3049
83.3303
83.3558
83.3813
83.4067
83.4322
83.4576
83.4831
83.5086
83.534
83.5595
83.5849
83.6104
83.6358
83.6613
83.6867
83.7122
83.7376
83.7631
83.7885
83.814
83.8394
83.8649
83.8904
83.9158
83.9413
83.9667
83.9922
84.0177
84.0431
84.0686
84.094
84.1195
84.145
84.1704
84.1959
84.2213
84.2468
84.2722
84.2977
84.3231
84.3486
84.374
84.3995
84.425
84.4504
84.4758
84.5013
84.5267
84.5522
84.5777
84.6031
84.6286
84.654
84.6795
84.7049
84.7304
84.7558
84.7813
84.8067
84.8322
84.8576
84.8831
84.9085
84.9339
84.9594
84.9848
85.0102
85.0356
85.0611
85.0865
85.112
85.1374
85.1629
85.1883
85.2138
85.2392
85.2647
85.2901
85.3155
85.341
85.3665
85.3919
85.4174
85.4429
85.4683
85.4938
85.5192
85.5447
85.5701
85.5956
85.6211
85.6465
85.672
85.6975
85.723
85.7485
85.7739
85.7994
85.8248
85.8503
85.8757
85.9012
85.9266
85.9521
85.9776
86.003
86.0285
86.0539
86.0794
86.1049
86.1303
86.1558
86.1813
86.2067
86.2322
86.2577
86.2832
86.3086
86.3341
86.3595
86.385
86.4105
86.4359
86.4614
86.4868
86.5122
86.5377
86.5632
86.5886
86.6141
86.6395
86.665
86.6904
86.7159
86.7413
86.7668
86.7923
86.8177
86.8432
86.8686
86.8941
86.9195
86.945
86.9704
86.9959
87.0213
87.0467
87.0722
87.0976
87.1231
87.1486
87.174
87.1995
87.2249
87.2504
87.2758
87.3013
87.3267
87.3522
87.3777
87.4031
87.4285
87.454
87.4795
87.5049
87.5306
87.556
87.5814
87.6069
87.6323
87.6578
87.6832
87.7086
87.7341
87.7595
87.785
87.8104
87.8359
87.8613
87.8868
87.9122
87.9377
87.9631
87.9885
88.014
88.0394
88.0649
88.0903
88.1158
88.1412
88.1667
88.1921
88.2176
88.243
88.2685
88.2939
88.3193
88.3447
88.3702
88.3956
88.421
88.4464
88.4719
88.4973
88.5228
88.5482
88.5737
88.5991
88.6246
88.65
88.6755
88.7009
88.7264
88.7519
88.7773
88.8028
88.8282
88.8537
88.8791
88.9046
88.93
88.9555
88.981
89.0064
89.0319
89.0573
89.0828
89.1082
89.1337
89.1591
89.1845
89.21
89.2354
89.2608
89.2863
89.3117
89.3371
89.3626
89.388
89.4134
89.4388
89.4642
89.4896
89.515
89.5405
89.5659
89.5914
89.6168
89.6423
89.6677
89.6932
89.7186
89.7441
89.7695
89.795
89.8204
89.8459
89.8714
89.8968
89.9223
89.9477
89.9732
89.9987
90.0241
90.0496
90.075
90.1005
90.1259
90.1514
90.1768
90.2023
90.2277
90.2532
90.2786
90.304
90.3295
90.3549
90.3804
90.4058
90.4313
90.4567
90.4822
90.5076
90.5331
90.5585
90.584
90.6094
90.6349
90.6603
90.6858
90.7112
90.7367
90.7621
90.7876
90.813
90.8385
90.8639
90.8894
90.9148
90.9403
90.9657
90.9912
91.0166
91.0421
91.0675
91.093
91.1184
91.1439
91.1694
91.1948
91.2203
91.2457
91.2712
91.2966
91.3221
91.3475
91.373
91.3984
91.4239
91.4493
91.4748
91.5002
91.5257
91.5512
91.5766
91.6021
91.6275
91.653
91.6784
91.7039
91.7294
91.7548
91.7803
91.8057
91.8312
91.8566
91.8821
91.9075
91.933
91.9584
91.9839
92.0093
92.0348
92.0603
92.0857
92.1112
92.1366
92.162
92.1875
92.2129
92.2384
92.2638
92.2893
92.3147
92.3402
92.3657
92.3911
92.4166
92.442
92.4675
92.4929
92.5184
92.5438
92.5693
92.5948
92.6202
92.6457
92.6712
92.6966
92.7221
92.7475
92.773
92.7985
92.8239
92.8494
92.8748
92.9003
92.9257
92.9512
92.9766
93.0021
93.0275
93.053
93.0784
93.1039
93.1293
93.1548
93.1803
93.2057
93.2312
93.2567
93.2821
93.3075
93.333
93.3585
93.3839
93.4093
93.4348
93.4602
93.4857
93.5111
93.5366
93.562
93.5875
93.6129
93.6384
93.6639
93.6893
93.7148
93.7402
93.7657
93.7912
93.8166
93.8421
93.8675
93.893
93.9185
93.9439
93.9694
93.9949
94.0203
94.0458
94.0713
94.0967
94.1221
94.1476
94.1731
94.1985
94.224
94.2494
94.2749
94.3004
94.3258
94.3513
94.3767
94.4022
94.4276
94.4531
94.4785
94.504
94.5294
94.5549
94.5804
94.6058
94.6313
94.6567
94.6822
94.7077
94.7331
94.7586
94.784
94.8095
94.8349
94.8604
94.8859
94.9113
94.9368
94.9623
94.9877
95.0132
95.0386
95.064
95.0895
95.115
95.1404
95.1659
95.1913
95.2168
95.2422
95.2677
95.2931
95.3186
95.344
95.3695
95.3949
95.4204
95.4458
95.4712
95.4967
95.5221
95.5475
95.573
95.5984
95.6239
95.6493
95.6747
95.7002
95.7256
95.7511
95.7765
95.802
95.8274
95.8529
95.8783
95.9038
95.9292
95.9546
95.9801
96.0056
96.031
96.0565
96.0819
96.1074
96.1328
96.1583
96.1837
96.2092
96.2346
96.2601
96.2855
96.311
96.3365
96.3619
96.3873
96.4128
96.4383
96.4637
96.4891
96.5146
96.5401
96.5655
96.591
96.6164
96.6419
96.6673
96.6928
96.7182
96.7437
96.7691
96.7946
96.8201
96.8456
96.871
96.8965
96.9219
96.9474
96.9728
96.9982
97.0237
97.0491
97.0746
97.1001
97.1255
97.151
97.1764
97.2019
97.2273
97.2528
97.2782
97.3037
97.3291
97.3546
97.3801
97.4055
97.431
97.4565
97.4819
97.5074
97.5329
97.5583
97.5838
97.6092
97.6347
97.6601
97.6856
97.711
97.7364
97.7619
97.7873
97.8127
97.8382
97.8636
97.8891
97.9145
97.94
97.9654
97.9908
98.0163
98.0417
98.0672
98.0926
98.1181
98.1436
98.169
98.1945
98.2199
98.2454
98.2708
98.2962
98.3217
98.3471
98.3726
98.398
98.4234
98.4488
98.4742
98.4997
98.5251
98.5506
98.576
98.6014
98.6269
98.6524
98.6779
98.7033
98.7288
98.7543
98.7797
98.8052
98.8306
98.8561
98.8815
98.907
98.9324
98.9579
98.9833
99.0088
99.0342
99.0597
99.0852
99.1106
99.1361
99.1615
99.187
99.2124
99.2379
99.2633
99.2888
99.3142
99.3397
99.3651
99.3906
99.4161
99.4415
99.4669
99.4924
99.5179
99.5433
99.5688
99.5942
99.6197
99.6451
99.6706
99.696
99.7215
99.747
99.7724
99.7979
99.8233
99.8488
99.8742
99.8997
99.9251
99.9505
99.976
100.001
100.027
100.052
100.078
100.103
100.129
100.154
100.18
100.205
100.231
100.256
100.281
100.307
100.332
100.358
100.383
100.409
100.434
100.46
100.485
100.511
100.536
100.561
100.587
100.612
100.638
100.663
100.689
100.714
100.74
100.765
100.79
100.816
100.841
100.867
100.892
100.918
100.943
100.969
100.994
101.02
101.045
101.07
101.096
101.121
101.147
101.172
101.198
101.223
101.249
101.274
101.3
101.325
101.35
101.376
101.401
101.427
101.452
101.478
101.503
101.529
101.554
101.58
101.605
101.63
101.656
101.681
101.707
101.732
101.758
101.783
101.809
101.834
101.86
101.885
101.91
101.936
101.961
101.987
102.012
102.038
102.063
102.089
102.114
102.139
102.165
102.19
102.216
102.241
102.267
102.292
102.318
102.343
102.369
102.394
102.419
102.445
102.47
102.496
102.521
102.547
102.572
102.598
102.623
102.649
102.674
102.699
102.725
102.75
102.776
102.801
102.827
102.852
102.878
102.903
102.929
102.954
102.979
103.005
103.03
103.056
103.081
103.107
103.132
103.158
103.183
103.209
103.234
103.259
103.285
103.31
103.336
103.361
103.387
103.412
103.438
103.463
103.489
103.514
103.539
103.565
103.59
103.616
103.641
103.667
103.692
103.718
103.743
103.769
103.794
103.819
103.845
103.87
103.896
103.921
103.947
103.972
103.998
104.023
104.049
104.074
104.099
104.125
104.15
104.176
104.201
104.227
104.252
104.278
104.303
104.329
104.354
104.379
104.405
104.43
104.456
104.481
104.507
104.532
104.558
104.583
104.609
104.634
104.66
104.685
104.711
104.736
104.761
104.787
104.819
104.844
104.87
104.895
104.921
104.946
104.972
104.997
105.023
105.048
105.073
105.099
105.124
105.15
105.175
105.201
105.226
105.252
105.277
105.303
105.328
105.353
105.379
105.404
105.43
105.455
105.481
105.506
105.532
105.557
105.583
105.608
105.633
105.659
105.684
105.71
105.735
105.761
105.786
105.812
105.837
105.863
105.888
105.914
105.939
105.964
105.99
106.015
106.041
106.066
106.092
106.117
106.143
106.168
106.193
106.219
106.244
106.27
106.295
106.321
106.346
106.372
106.397
106.422
106.448
106.473
106.499
106.524
106.55
106.575
106.601
106.626
106.651
106.677
106.702
106.728
106.753
106.779
106.804
106.83
106.855
106.881
106.906
106.932
106.957
106.982
107.008
107.033
107.059
107.084
107.11
107.135
107.161
107.186
107.211
107.237
107.262
107.288
107.313
107.339
107.364
107.39
107.415
107.441
107.466
107.491
107.517
107.542
107.568
107.593
107.619
107.644
107.67
107.695
107.721
107.746
107.771
107.797
107.822
107.848
107.873
107.899
107.924
107.95
107.975
108.001
108.026
108.051
108.077
108.102
108.128
108.153
108.179
108.204
108.23
108.255
108.281
108.306
108.331
108.357
108.382
108.408
108.433
108.459
108.484
108.509
108.535
108.56
108.586
108.611
108.637
108.662
108.688
108.713
108.738
108.764
108.789
108.815
108.84
108.866
108.891
108.917
108.942
108.967
108.993
109.018
109.044
109.069
109.095
109.12
109.146
109.171
109.197
109.222
109.248
109.273
109.298
109.324
109.349
109.375
109.4
109.426
109.451
109.477
109.502
109.528
109.553
109.578
109.604
109.629
109.655
109.68
109.706
109.731
109.757
109.782
109.808
109.833
109.858
109.884
109.909
109.935
109.96
109.986
110.011
110.037
110.062
110.087
110.113
110.138
110.164
110.189
110.215
110.24
110.266
110.291
110.317
110.342
110.367
110.393
110.418
110.444
110.469
110.495
110.52
110.546
110.571
110.596
110.622
110.647
110.673
110.698
110.724
110.749
110.775
110.8
110.825
110.851
110.876
110.902
110.927
110.953
110.978
111.004
111.029
111.055
111.08
111.105
111.131
111.156
111.182
111.207
111.233
111.258
111.284
111.309
111.334
111.36
111.385
111.411
111.436
111.462
111.487
111.513
111.538
111.563
111.589
111.614
111.64
111.665
111.691
111.716
111.742
111.767
111.792
111.818
111.843
111.869
111.894
111.92
111.945
111.971
111.996
112.021
112.047
112.072
112.098
112.123
112.149
112.174
112.2
112.225
112.25
112.276
112.301
112.327
112.352
112.378
112.403
112.429
112.454
112.479
112.505
112.53
112.556
112.581
112.607
112.632
112.658
112.683
112.708
112.734
112.759
112.785
112.81
112.836
112.861
112.887
112.912
112.938
112.963
112.988
113.014
113.039
113.065
113.09
113.116
113.141
113.167
113.192
113.217
113.243
113.268
113.294
113.319
113.345
113.37
113.396
113.421
113.447
113.472
113.497
113.523
113.548
113.574
113.599
113.625
113.65
113.676
113.701
113.727
113.752
113.778
113.803
113.828
113.854
113.879
113.905
113.93
113.956
113.981
114.007
114.032
114.058
114.083
114.108
114.134
114.159
114.185
114.21
114.236
114.261
114.287
114.312
114.338
114.363
114.388
114.414
114.439
114.465
114.49
114.516
114.541
114.567
114.592
114.618
114.643
114.668
114.694
114.719
114.745
114.77
114.796
114.821
114.847
114.872
114.898
114.923
114.948
114.974
114.999
115.025
115.05
115.076
115.101
115.127
115.152
115.178
115.203
115.228
115.254
115.279
115.305
115.33
115.356
115.381
115.407
115.432
115.458
115.483
115.508
115.534
115.559
115.585
115.61
115.636
115.661
115.687
115.712
115.738
115.763
115.789
115.814
115.839
115.865
115.89
115.916
115.941
115.967
115.992
116.018
116.043
116.069
116.094
116.119
116.145
116.17
116.196
116.221
116.247
116.272
116.298
116.323
116.349
116.374
116.399
116.425
116.45
116.476
116.501
116.527
116.552
116.578
116.603
116.629
116.654
116.679
116.705
116.73
116.756
116.781
116.807
116.832
116.858
116.883
116.909
116.934
116.959
116.985
117.01
117.036
117.061
117.087
117.112
117.137
117.163
117.188
117.214
117.239
117.265
117.29
117.316
117.341
117.366
117.392
117.417
117.443
117.468
117.494
117.519
117.545
117.57
117.596
117.621
117.646
117.672
117.697
117.723
117.748
117.774
117.799
117.825
117.85
117.876
117.901
117.927
117.952
117.977
118.003
118.028
118.054
118.079
118.105
118.13
118.156
118.181
118.207
118.232
118.257
118.283
118.308
118.334
118.359
118.385
118.41
118.436
118.461
118.486
118.512
118.537
118.563
118.588
118.614
118.639
118.665
118.69
118.715
118.741
118.766
118.792
118.817
118.843
118.868
118.894
118.919
118.945
118.97
118.995
119.021
119.046
119.072
119.097
119.123
119.148
119.174
119.199
119.225
119.25
119.275
119.301
119.326
119.352
119.377
119.403
119.428
119.454
119.479
119.505
119.53
119.556
119.581
119.606
119.632
119.657
119.683
119.708
119.734
119.759
119.785
119.81
119.836
119.861
119.886
119.912
119.937
119.963
119.988
120.014
120.039
120.065
120.09
120.116
120.141
120.166
120.192
120.217
120.243
120.268
120.294
120.319
120.345
120.37
120.396
120.421
120.446
120.472
120.497
120.523
120.548
120.574
120.599
120.625
120.65
120.676
120.701
120.726
120.752
120.777
120.803
120.828
120.854
120.879
120.905
120.93
120.955
120.981
121.006
121.032
121.058
121.083
121.108
121.134
121.159
121.185
121.21
121.236
121.261
121.287
121.312
121.338
121.363
121.388
121.414
121.439
121.465
121.49
121.516
121.541
121.567
121.592
121.617
121.643
121.668
121.694
121.72
121.745
121.77
121.796
121.821
121.847
121.872
121.898
121.923
121.949
121.974
122
122.025
122.05
122.076
122.101
122.127
122.152
122.178
122.203
122.229
122.254
122.28
122.305
122.33
122.356
122.381
122.407
122.432
122.458
122.483
122.509
122.534
122.56
122.585
122.611
122.636
122.661
122.687
122.712
122.738
122.763
122.789
122.814
122.84
122.865
122.89
122.916
122.941
122.967
122.992
123.018
123.043
123.069
123.094
123.12
123.145
123.171
123.196
123.221
123.247
123.272
123.298
123.323
123.349
123.374
123.4
123.425
123.45
123.476
123.501
123.527
123.552
123.578
123.603
123.629
123.654
123.68
123.705
123.73
123.756
123.781
123.807
123.832
123.858
123.883
123.909
123.934
123.96
123.985
124.01
124.036
124.061
124.087
124.112
124.138
124.163
124.189
124.214
124.24
124.265
124.29
124.316
124.341
124.367
124.392
124.418
124.443
124.469
124.494
124.52
124.545
124.57
124.596
124.621
124.647
124.672
124.698
124.723
124.749
124.774
124.8
124.825
124.851
124.876
124.901
124.927
124.952
124.978
125.003
125.029
125.054
125.08
125.105
125.13
125.156
125.181
125.207
125.232
125.258
125.283
125.309
125.334
125.36
125.385
125.41
125.436
125.461
125.487
125.512
125.538
125.563
125.589
125.614
125.64
125.665
125.69
125.716
125.741
125.767
125.792
125.818
125.843
125.869
125.894
125.919
125.945
125.97
125.996
126.021
126.047
126.072
126.098
126.123
126.149
126.174
126.2
126.225
126.25
126.276
126.301
126.327
126.352
126.378
126.403
126.429
126.454
126.48
126.505
126.531
126.556
126.581
126.607
126.632
126.658
126.683
126.709
126.734
126.76
126.785
126.811
126.836
126.861
126.887
126.912
126.938
126.963
126.989
127.014
127.04
127.065
127.091
127.116
127.141
127.167
127.192
127.218
127.243
127.269
127.294
127.32
127.345
127.37
127.396
127.421
127.447
127.472
127.498
127.523
127.549
127.574
127.599
127.625
127.65
127.676
127.701
127.727
127.752
127.778
127.803
127.829
127.854
127.879
127.905
127.93
127.956
127.981
128.007
128.032
128.058
128.083
128.109
128.134
128.159
128.185
128.21
128.236
128.261
128.287
128.312
128.337
128.363
128.388
128.414
128.439
128.465
128.49
128.515
128.541
128.566
128.592
128.617
128.643
128.668
128.694
128.719
128.744
128.77
128.795
128.821
128.846
128.872
128.897
128.923
128.948
128.973
128.999
129.024
129.05
129.075
129.101
129.126
129.152
129.177
129.203
129.228
129.253
129.279
129.304
129.33
129.355
129.381
129.406
129.432
129.457
129.483
129.508
129.534
129.559
129.584
129.61
129.635
129.661
129.686
129.712
129.737
129.763
129.788
129.813
129.839
129.864
129.89
129.915
129.941
129.966
129.992
130.017
130.043
130.068
130.093
130.119
130.144
130.17
130.195
130.221
130.246
130.272
130.297
130.323
130.348
130.373
130.399
130.424
130.45
130.475
130.501
130.526
130.552
130.577
130.603
130.628
130.654
130.679
130.704
130.73
130.755
130.781
130.806
130.832
130.857
130.883
130.908
130.934
130.959
130.984
131.01
131.035
131.061
131.086
131.112
131.137
131.163
131.188
131.213
131.239
131.264
131.29
131.315
131.341
131.366
131.392
131.417
131.443
131.468
131.493
131.519
131.544
131.57
131.595
131.621
131.646
131.672
131.697
131.723
131.748
131.774
131.799
131.824
131.85
131.875
131.901
131.926
131.952
131.977
132.003
132.028
132.054
132.079
132.104
132.13
132.155
132.181
132.206
132.232
132.257
132.283
132.308
132.333
132.359
132.384
132.41
132.435
132.461
132.486
132.512
132.537
132.563
132.588
132.613
132.639
132.664
132.69
132.715
132.741
132.766
132.792
132.817
132.843
132.868
132.893
132.919
132.944
132.97
132.995
133.021
133.046
133.072
133.097
133.123
133.148
133.173
133.199
133.224
133.25
133.275
133.301
133.326
133.352
133.377
133.403
133.428
133.453
133.479
133.504
133.53
133.555
133.581
133.606
133.632
133.657
133.683
133.708
133.734
133.759
133.784
133.81
133.835
133.861
133.886
133.912
133.937
133.963
133.988
134.014
134.039
134.064
134.09
134.115
134.141
134.166
134.192
134.217
134.243
134.268
134.293
134.319
134.344
134.37
134.395
134.421
134.446
134.472
134.497
134.523
134.548
134.573
134.599
134.624
134.65
134.675
134.701
134.726
134.752
134.777
134.803
134.828
134.853
134.879
134.904
134.93
134.955
134.981
135.006
135.032
135.057
135.083
135.108
135.133
135.159
135.184
135.21
135.235
135.261
135.286
135.312
135.337
135.363
135.388
135.413
135.439
135.464
135.49
135.515
135.541
135.566
135.592
135.617
135.642
135.668
135.693
135.719
135.744
135.77
135.795
135.821
135.846
135.872
135.897
135.923
135.948
135.973
136.01
136.035
136.061
136.086
136.112
136.137
136.162
136.188
136.213
136.239
136.264
136.29
136.315
136.341
136.366
136.392
136.417
136.442
136.468
136.493
136.519
136.544
136.57
136.595
136.621
136.646
136.672
136.697
136.722
136.748
136.773
136.799
136.824
136.85
136.875
136.901
136.926
136.952
136.977
137.002
137.028
137.053
137.079
137.104
137.13
137.155
137.181
137.206
137.232
137.257
137.282
137.308
137.333
137.359
137.384
137.41
137.435
137.461
137.486
137.511
137.537
137.562
137.588
137.613
137.639
137.664
137.69
137.715
137.741
137.766
137.791
137.817
137.842
137.868
137.893
137.919
137.944
137.97
137.995
138.021
138.046
138.071
138.097
138.122
138.148
138.173
138.199
138.224
138.25
138.275
138.3
138.326
138.351
138.377
138.402
138.428
138.453
138.478
138.504
138.529
138.555
138.58
138.606
138.631
138.656
138.682
138.708
138.733
138.758
138.784
138.809
138.835
138.86
138.886
138.911
138.937
138.962
138.988
139.013
139.038
139.064
139.089
139.115
139.14
139.166
139.191
139.217
139.242
139.268
139.293
139.318
139.344
139.369
139.395
139.42
139.446
139.471
139.497
139.522
139.548
139.573
139.598
139.624
139.649
139.675
139.7
139.726
139.751
139.777
139.802
139.828
139.853
139.879
139.904
139.929
139.955
139.98
140.006
140.031
140.057
140.082
140.108
140.133
140.158
140.184
140.209
140.235
140.26
140.286
140.311
140.337
140.362
140.388
140.413
140.439
140.464
140.489
140.515
140.54
140.566
140.591
140.617
140.642
140.668
140.693
140.719
140.744
140.769
140.795
140.82
140.846
140.871
140.897
140.922
140.948
140.973
140.998
141.024
141.049
141.075
141.1
141.126
141.151
141.177
141.202
141.227
141.253
141.278
141.304
141.329
141.355
141.38
141.406
141.431
141.457
141.482
141.508
141.533
141.558
141.584
141.609
141.635
141.66
141.686
141.711
141.737
141.762
141.787
141.813
141.838
141.864
141.889
141.915
141.94
141.966
141.991
142.017
142.042
142.067
142.093
142.118
142.144
142.169
142.195
142.22
142.246
142.271
142.296
142.322
142.347
142.373
142.398
142.424
142.449
142.475
142.5
142.525
142.551
142.576
142.602
142.627
142.653
142.678
142.704
142.729
142.755
142.78
142.805
142.831
142.856
142.882
142.907
142.933
142.958
142.983
143.009
143.034
143.06
143.085
143.111
143.136
143.162
143.187
143.213
143.238
143.264
143.289
143.315
143.34
143.366
143.391
143.417
143.442
143.467
143.493
143.518
143.544
143.569
143.595
143.62
143.646
143.671
143.697
143.722
143.747
143.773
143.798
143.824
143.849
143.875
143.9
143.926
143.951
143.977
144.002
144.027
144.053
144.078
144.104
144.129
144.155
144.18
144.206
144.231
144.256
144.282
144.307
144.333
144.358
144.384
144.409
144.435
144.46
144.485
144.511
144.536
144.562
144.587
144.613
144.638
144.664
144.689
144.714
144.74
144.765
144.791
144.816
144.842
144.867
144.893
144.918
144.944
144.969
144.994
145.02
145.045
145.071
145.096
145.122
145.147
145.173
145.198
145.223
145.249
145.274
145.3
145.325
145.351
145.376
145.402
145.427
145.452
145.478
145.503
145.529
145.554
145.58
145.605
145.631
145.656
145.681
145.707
145.732
145.758
145.783
145.809
145.834
145.86
145.885
145.911
145.936
145.961
145.987
146.012
146.038
146.063
146.089
146.114
146.14
146.165
146.191
146.216
146.241
146.267
146.292
146.318
146.343
146.369
146.394
146.42
146.451
146.477
146.502
146.528
146.553
146.578
146.604
146.629
146.655
146.68
146.706
146.731
146.757
146.782
146.808
146.833
146.858
146.884
146.909
146.935
146.96
146.986
147.011
147.037
147.062
147.088
147.113
147.139
147.164
147.189
147.215
147.24
147.266
147.291
147.317
147.342
147.368
147.393
147.418
147.444
147.469
147.495
147.52
147.546
147.571
147.597
147.622
147.648
147.673
147.698
147.724
147.749
147.775
147.8
147.826
147.851
147.877
147.902
147.928
147.953
147.979
148.004
148.029
148.055
148.08
148.106
148.131
148.157
148.182
148.208
148.233
148.258
148.284
148.309
148.335
148.36
148.386
148.411
148.437
148.462
148.487
148.513
148.538
148.564
148.589
148.615
148.64
148.666
148.691
148.717
148.742
148.767
148.793
148.818
148.844
148.869
148.895
148.92
148.946
148.971
148.997
149.022
149.047
149.073
149.098
149.124
149.149
149.175
149.2
149.226
149.251
149.277
149.302
149.327
149.353
149.378
149.404
149.429
149.455
149.48
149.506
149.531
149.557
149.582
149.607
149.633
149.658
149.684
149.709
149.735
149.76
149.786
149.811
149.837
149.862
149.888
149.913
149.938
149.964
149.989
150.015
150.04
150.066
150.091
150.117
150.142
150.167
150.193
150.218
150.244
150.269
150.295
150.32
150.346
150.371
150.397
150.422
150.448
150.473
150.499
150.524
150.549
150.575
150.6
150.626
150.651
150.677
150.702
150.728
150.753
150.778
150.804
150.829
150.855
150.88
150.906
150.931
150.957
150.982
151.008
151.033
151.059
151.084
151.109
151.135
151.16
151.186
151.211
151.237
151.262
151.288
151.313
151.339
151.364
151.389
151.415
151.44
151.466
151.491
151.517
151.542
151.568
151.593
151.619
151.644
151.669
151.695
151.72
151.746
151.771
151.797
151.822
151.848
151.873
151.899
151.924
151.949
151.975
152
152.026
152.051
152.077
152.102
152.128
152.153
152.179
152.204
152.229
152.255
152.28
152.306
152.331
152.357
152.382
152.408
152.433
152.459
152.484
152.509
152.535
152.56
152.586
152.611
152.637
152.662
152.688
152.713
152.739
152.764
152.789
152.815
152.84
152.866
152.891
152.917
152.942
152.968
152.993
153.019
153.044
153.069
153.095
153.12
153.146
153.171
153.197
153.222
153.248
153.273
153.299
153.324
153.349
153.375
153.4
153.426
153.451
153.477
153.502
153.528
153.553
153.579
153.604
153.63
153.655
153.68
153.706
153.731
153.757
153.782
153.808
153.833
153.859
153.884
153.909
153.935
153.96
153.986
154.011
154.037
154.062
154.088
154.113
154.139
154.164
154.19
154.215
154.24
154.266
154.291
154.317
154.342
154.368
154.393
154.419
154.444
154.47
154.495
154.52
154.546
154.571
154.597
154.622
154.648
154.673
154.699
154.724
154.75
154.775
154.8
154.826
154.851
154.877
154.902
154.928
154.953
154.979
155.004
155.03
155.055
155.08
155.106
155.131
155.157
155.182
155.208
155.233
155.259
155.284
155.31
155.335
155.36
155.386
155.411
155.437
155.462
155.488
155.513
155.539
155.564
155.59
155.615
155.641
155.666
155.691
155.717
155.742
155.768
155.793
155.819
155.844
155.869
155.895
155.92
155.946
155.971
155.997
156.022
156.048
156.073
156.099
156.124
156.149
156.175
156.2
156.226
156.251
156.277
156.302
156.328
156.353
156.378
156.404
156.429
156.455
156.48
156.506
156.531
156.557
156.582
156.608
156.633
156.658
156.684
156.709
156.735
156.76
156.786
156.811
156.837
156.862
156.888
156.913
156.939
156.964
156.989
157.015
157.04
157.066
157.091
157.117
157.142
157.168
157.193
157.219
157.244
157.269
157.295
157.32
157.346
157.371
157.397
157.422
157.448
157.473
157.499
157.524
157.549
157.575
157.6
157.626
157.651
157.677
157.702
157.728
157.753
157.779
157.804
157.83
157.855
157.88
157.906
157.931
157.957
157.982
158.008
158.033
158.058
158.084
158.109
158.135
158.16
158.186
158.211
158.237
158.262
158.287
158.313
158.338
158.364
158.389
158.415
158.44
158.466
158.491
158.516
158.542
158.567
158.593
158.618
158.644
158.669
158.695
158.72
158.746
158.771
158.797
158.822
158.847
158.873
158.898
158.924
158.949
158.975
159
159.026
159.051
159.077
159.102
159.127
159.153
159.178
159.204
159.229
159.255
159.28
159.306
159.331
159.357
159.382
159.407
159.433
159.458
159.484
159.509
159.535
159.56
159.586
159.611
159.637
159.662
159.688
159.713
159.739
159.764
159.789
159.815
159.84
159.866
159.891
159.917
159.942
159.968
159.993
160.019
160.044
160.069
160.095
160.12
160.146
160.171
160.197
160.222
160.247
160.273
160.298
160.324
160.349
160.375
160.4
160.426
160.451
160.477
160.502
160.527
160.553
160.578
160.604
160.629
160.655
160.68
160.706
160.731
160.757
160.782
160.807
160.833
160.858
160.884
160.909
160.935
160.96
160.986
161.011
161.037
161.062
161.087
161.113
161.138
161.164
161.189
161.215
161.24
161.266
161.291
161.317
161.342
161.368
161.393
161.418
161.444
161.469
161.495
161.52
161.546
161.571
161.597
161.622
161.647
161.673
161.698
161.724
161.749
161.775
161.8
161.826
161.851
161.877
161.902
161.928
161.953
161.978
162.004
162.029
162.055
162.08
162.106
162.131
162.157
162.182
162.208
162.233
162.258
162.284
162.309
162.335
162.36
162.386
162.411
162.437
162.462
162.488
162.513
162.538
162.564
162.589
162.615
162.64
162.666
162.691
162.717
162.742
162.768
162.793
162.818
162.844
162.869
162.895
162.92
162.946
162.971
162.997
163.022
163.048
163.073
163.098
163.124
163.149
163.175
163.2
163.226
163.251
163.277
163.302
163.328
163.353
163.379
163.404
163.429
163.455
163.48
163.506
163.531
163.557
163.582
163.608
163.633
163.659
163.684
163.709
163.735
163.76
163.786
163.811
163.837
163.862
163.888
163.913
163.939
163.964
163.99
164.015
164.04
164.066
164.091
164.117
164.142
164.168
164.193
164.219
164.244
164.27
164.295
164.32
164.346
164.371
164.397
164.422
164.448
164.473
164.499
164.524
164.55
164.575
164.6
164.626
164.651
164.677
164.702
164.728
164.753
164.779
164.804
164.83
164.855
164.881
164.906
164.931
164.957
164.982
165.008
165.033
165.059
165.084
165.11
165.135
165.161
165.186
165.211
165.237
165.262
165.288
165.313
165.339
165.364
165.39
165.415
165.441
165.466
165.491
165.517
165.542
165.568
165.593
165.619
165.644
165.67
165.695
165.721
165.746
165.772
165.797
165.822
165.848
165.873
165.899
165.924
165.95
165.975
166.001
166.026
166.052
166.077
166.102
166.128
166.153
166.179
166.204
166.23
166.255
166.281
166.306
166.335
166.36
166.386
166.411
166.437
166.462
166.488
166.513
166.538
166.564
166.589
166.615
166.64
166.666
166.691
166.717
166.742
166.768
166.793
166.818
166.844
166.869
166.895
166.92
166.946
166.971
166.997
167.022
167.047
167.073
167.098
167.124
167.149
167.175
167.2
167.226
167.251
167.277
167.302
167.328
167.353
167.378
167.404
167.429
167.455
167.48
167.506
167.531
167.557
167.582
167.608
167.633
167.659
167.684
167.709
167.735
167.76
167.786
167.811
167.837
167.862
167.888
167.913
167.939
167.964
167.989
168.015
168.04
168.066
168.091
168.117
168.142
168.168
168.193
168.218
168.244
168.269
168.295
168.32
168.346
168.371
168.397
168.422
168.447
168.473
168.498
168.524
168.549
168.575
168.6
168.626
168.651
168.676
168.702
168.727
168.753
168.778
168.804
168.829
168.854
168.88
168.905
168.931
168.956
168.982
169.007
169.033
169.058
169.084
169.109
169.134
169.16
169.185
169.211
169.236
169.262
169.287
169.313
169.338
169.363
169.389
169.414
169.44
169.465
169.491
169.516
169.542
169.567
169.593
169.618
169.643
169.669
169.694
169.72
169.745
169.771
169.796
169.822
169.847
169.873
169.898
169.923
169.949
169.974
170
170.025
170.051
170.076
170.102
170.127
170.152
170.178
170.203
170.229
170.254
170.28
170.305
170.331
170.356
170.381
170.407
170.432
170.458
170.483
170.509
170.534
170.56
170.585
170.61
170.636
170.661
170.687
170.712
170.738
170.763
170.789
170.814
170.839
170.865
170.89
170.916
170.941
170.967
170.992
171.018
171.043
171.069
171.094
171.119
171.145
171.17
171.196
171.221
171.247
171.272
171.298
171.323
171.349
171.374
171.399
171.425
171.45
171.476
171.501
171.527
171.552
171.578
171.603
171.629
171.654
171.679
171.705
171.73
171.756
171.781
171.807
171.832
171.858
171.883
171.908
171.934
171.959
171.985
172.01
172.036
172.061
172.087
172.112
172.137
172.163
172.188
172.214
172.239
172.265
172.29
172.316
172.341
172.367
172.392
172.417
172.443
172.468
172.494
172.519
172.545
172.57
172.596
172.621
172.646
172.672
172.697
172.723
172.748
172.774
172.799
172.825
172.85
172.876
172.901
172.926
172.952
172.977
173.003
173.028
173.054
173.079
173.105
173.13
173.155
173.181
173.206
173.232
173.257
173.283
173.308
173.334
173.359
173.385
173.41
173.436
173.461
173.486
173.512
173.537
173.563
173.588
173.614
173.639
173.665
173.69
173.716
173.741
173.766
173.792
173.817
173.843
173.868
173.894
173.919
173.945
173.97
173.996
174.021
174.046
174.072
174.097
174.123
174.148
174.174
174.199
174.225
174.25
174.276
174.301
174.326
174.352
174.377
174.403
174.428
174.454
174.479
174.505
174.53
174.556
174.581
174.606
174.632
174.657
174.683
174.708
174.734
174.759
174.785
174.81
174.836
174.861
174.887
174.912
174.938
174.963
174.988
175.014
175.039
175.065
175.09
175.116
175.141
175.167
175.192
175.217
175.243
175.268
175.294
175.319
175.345
175.37
175.396
175.421
175.447
175.472
175.497
175.523
175.548
175.574
175.599
175.625
175.65
175.676
175.701
175.726
175.752
175.777
175.803
175.828
175.854
175.879
175.905
175.93
175.956
175.981
176.006
176.032
176.057
176.083
176.108
176.134
176.159
176.185
176.21
176.236
176.261
176.286
176.312
176.337
176.363
176.388
176.414
176.439
176.465
176.49
176.516
176.541
176.566
176.592
176.617
176.643
176.668
176.694
176.719
176.745
176.77
176.796
176.821
176.847
176.872
176.897
176.923
176.948
176.974
176.999
177.025
177.05
177.076
177.101
177.127
177.152
177.177
177.203
177.228
177.254
177.279
177.305
177.33
177.356
177.381
177.406
177.432
177.457
177.483
177.508
177.534
177.559
177.585
177.61
177.636
177.661
177.686
177.712
177.737
177.763
177.788
177.814
177.839
177.865
177.89
177.916
177.941
177.967
177.992
178.017
178.043
178.068
178.094
178.119
178.145
178.17
178.196
178.221
178.247
178.272
178.297
178.323
178.348
178.374
178.399
178.425
178.45
178.476
178.501
178.526
178.552
178.577
178.603
178.628
178.654
178.679
178.705
178.73
178.756
178.781
178.806
178.832
178.857
178.883
178.908
178.934
178.959
178.985
179.01
179.036
179.061
179.086
179.112
179.137
179.163
179.188
179.222
179.247
179.273
179.298
179.324
179.349
179.375
179.4
179.426
179.451
179.476
179.502
179.527
179.553
179.578
179.604
179.629
179.654
179.68
179.705
179.731
179.756
179.782
179.807
179.833
179.858
179.883
179.909
179.934
179.96
179.985
180.011
180.036
180.062
180.087
180.113
180.138
180.164
180.189
180.214
180.24
180.265
180.291
180.316
180.342
180.367
180.393
180.418
180.444
180.469
180.494
180.52
180.545
180.571
180.596
180.622
180.647
180.673
180.698
180.724
180.749
180.774
180.8
180.825
180.851
180.876
180.902
180.927
180.953
180.978
181.004
181.029
181.054
181.08
181.105
181.131
181.156
181.182
181.207
181.233
181.258
181.284
181.309
181.334
181.36
181.385
181.411
181.436
181.462
181.487
181.513
181.538
181.564
181.589
181.614
181.64
181.665
181.691
181.716
181.742
181.767
181.793
181.818
181.844
181.869
181.894
181.92
181.945
181.971
181.996
182.022
182.047
182.073
182.098
182.123
182.149
182.174
182.2
182.225
182.251
182.276
182.302
182.327
182.352
182.378
182.403
182.429
182.454
182.48
182.505
182.531
182.556
182.582
182.607
182.633
182.658
182.683
182.709
182.734
182.76
182.785
182.811
182.836
182.862
182.887
182.913
182.938
182.963
182.989
183.014
183.04
183.065
183.091
183.116
183.142
183.167
183.193
183.218
183.244
183.269
183.294
183.32
183.345
183.371
183.396
183.422
183.447
183.473
183.498
183.523
183.549
183.574
183.6
183.625
183.651
183.676
183.702
183.727
183.752
183.778
183.803
183.829
183.854
183.88
183.905
183.931
183.956
183.982
184.007
184.032
184.058
184.083
184.109
184.134
184.16
184.185
184.211
184.236
184.262
184.287
184.313
184.338
184.363
184.389
184.414
184.44
184.465
184.491
184.516
184.542
184.567
184.593
184.618
184.643
184.669
184.694
184.72
184.745
184.771
184.796
184.822
184.847
184.873
184.898
184.923
184.949
184.974
185
185.025
185.051
185.076
185.102
185.127
185.153
185.178
185.204
185.229
185.254
185.28
185.305
185.331
185.356
185.382
185.407
185.433
185.458
185.484
185.509
185.534
185.56
185.585
185.611
185.636
185.662
185.687
185.713
185.738
185.764
185.789
185.815
185.84
185.865
185.891
185.916
185.942
185.967
185.993
186.018
186.044
186.069
186.094
186.12
186.145
186.171
186.196
186.222
186.247
186.273
186.298
186.324
186.349
186.374
186.4
186.425
186.451
186.476
186.502
186.527
186.553
186.578
186.604
186.629
186.654
186.68
186.705
186.731
186.756
186.782
186.807
186.833
186.858
186.883
186.909
186.934
186.96
186.985
187.011
187.036
187.061
187.087
187.112
187.138
187.163
187.189
187.214
187.239
187.265
187.29
187.316
187.341
187.367
187.392
187.418
187.443
187.468
187.494
187.519
187.545
187.57
187.596
187.621
187.646
187.672
187.697
187.723
187.748
187.774
187.799
187.825
187.85
187.875
187.901
187.926
187.952
187.977
188.003
188.028
188.053
188.079
188.104
188.13
188.155
188.181
188.206
188.231
188.257
188.282
188.308
188.333
188.359
188.384
188.409
188.435
188.46
188.486
188.511
188.537
188.562
188.587
188.613
188.638
188.664
188.689
188.715
188.74
188.765
188.791
188.816
188.842
188.867
188.893
188.918
188.943
188.969
188.994
189.02
189.045
189.07
189.096
189.121
189.147
189.172
189.198
189.223
189.249
189.274
189.299
189.325
189.35
189.376
189.401
189.427
189.452
189.478
189.503
189.528
189.554
189.579
189.605
189.63
189.656
189.681
189.706
189.732
189.757
189.783
189.808
189.834
189.859
189.884
189.91
189.935
189.961
189.986
190.012
190.037
190.063
190.088
190.113
190.139
190.164
190.19
190.215
190.241
190.266
190.291
190.317
190.342
190.368
190.393
190.419
190.444
190.469
190.495
190.52
190.546
190.571
190.597
190.622
190.648
190.673
190.698
190.724
190.749
190.775
190.8
190.826
190.851
190.877
190.902
190.927
190.953
190.978
191.004
191.029
191.055
191.08
191.106
191.131
191.156
191.182
191.207
191.233
191.258
191.284
191.309
191.334
191.36
191.385
191.411
191.436
191.462
191.487
191.513
191.538
191.563
191.589
191.614
191.64
191.665
191.691
191.716
191.742
191.767
191.792
191.818
191.843
191.869
191.894
191.92
191.945
191.97
191.996
192.021
192.047
192.072
192.098
192.123
192.149
192.174
192.199
192.225
192.25
192.276
192.301
192.327
192.352
192.377
192.403
192.428
192.454
192.479
192.505
192.53
192.555
192.581
192.606
192.632
192.657
192.683
192.708
192.733
192.759
192.784
192.81
192.835
192.861
192.886
192.911
192.937
192.962
192.988
193.013
193.039
193.064
193.09
193.115
193.14
193.166
193.191
193.217
193.242
193.268
193.293
193.319
193.344
193.369
193.395
193.42
193.446
193.471
193.497
193.522
193.547
193.573
193.598
193.624
193.649
193.675
193.7
193.726
193.751
193.777
193.802
193.827
193.853
193.878
193.904
193.929
193.955
193.98
194.005
194.031
194.056
194.082
194.107
194.133
194.158
194.184
194.209
194.234
194.26
194.285
194.311
194.336
194.362
194.387
194.412
194.438
194.463
194.489
194.514
194.54
194.565
194.591
194.616
194.641
194.667
194.692
194.718
194.743
194.769
194.794
194.819
194.845
194.87
194.896
194.921
194.947
194.972
194.998
195.023
195.048
195.074
195.099
195.125
195.15
195.176
195.201
195.227
195.252
195.277
195.303
195.328
195.354
195.379
195.405
195.43
195.455
195.481
195.506
195.532
195.557
195.583
195.608
195.634
195.659
195.684
195.71
195.735
195.761
195.786
195.812
195.837
195.862
195.888
195.913
195.939
195.964
195.99
196.015
196.041
196.066
196.092
196.117
196.142
196.168
196.193
196.219
196.244
196.27
196.295
196.32
196.346
196.371
196.397
196.422
196.448
196.473
196.499
196.524
196.549
196.575
196.6
196.626
196.651
196.677
196.702
196.727
196.753
196.778
196.804
196.829
196.855
196.88
196.906
196.931
196.956
196.982
197.007
197.033
197.058
197.084
197.109
197.134
197.16
197.185
197.211
197.236
197.262
197.287
197.312
197.338
197.363
197.389
197.414
197.439
197.465
197.49
197.516
197.541
197.567
197.592
197.617
197.643
197.668
197.694
197.719
197.744
197.77
197.795
197.821
197.846
197.872
197.897
197.922
197.948
197.973
197.999
198.024
198.05
198.075
198.1
198.126
198.151
198.177
198.202
198.228
198.253
198.278
198.304
198.329
198.355
198.38
198.405
198.431
198.456
198.481
198.507
198.532
198.557
198.583
198.608
198.634
198.659
198.685
198.71
198.735
198.761
198.786
198.812
198.837
198.862
198.888
198.913
198.939
198.964
198.989
199.015
199.04
199.066
199.091
199.116
199.142
199.167
199.193
199.218
199.243
199.269
199.294
199.32
199.345
199.37
199.396
199.421
199.447
199.472
199.497
199.523
199.548
199.574
199.599
199.624
199.65
199.675
199.7
199.726
199.751
199.777
199.802
199.827
199.853
199.878
199.904
199.929
199.954
199.98
200.005
200.031
200.056
200.082
200.107
200.132
200.158
200.183
200.209
200.234
200.259
200.285
200.31
200.336
200.361
200.386
200.412
200.437
200.463
200.488
200.513
200.539
200.564
200.59
200.615
200.64
200.666
200.691
200.716
200.742
200.767
200.793
200.818
200.843
200.869
200.894
200.92
200.945
200.97
200.996
201.021
201.046
201.072
201.097
201.122
201.148
201.173
201.198
201.224
201.249
201.274
201.3
201.325
201.35
201.376
201.401
201.426
201.452
201.477
201.502
201.528
201.553
201.578
201.604
201.629
201.654
201.68
201.705
201.73
201.756
201.781
201.806
201.832
201.857
201.882
201.908
201.933
201.958
201.984
202.009
202.034
202.06
202.085
202.11
202.136
202.161
202.187
202.212
202.237
202.263
202.288
202.313
202.339
202.364
202.389
202.415
202.44
202.465
202.491
202.516
202.541
202.567
202.592
202.617
202.643
202.668
202.693
202.719
202.744
202.769
202.795
202.82
202.845
202.87
202.896
202.921
202.946
202.972
202.997
203.022
203.048
203.073
203.098
203.124
203.149
203.174
203.199
203.225
203.25
203.275
203.301
203.326
203.351
203.376
203.402
203.427
203.452
203.478
203.503
203.528
203.554
203.579
203.604
203.63
203.655
203.68
203.705
203.731
203.756
203.781
203.807
203.832
203.857
203.883
203.908
203.933
203.958
203.984
204.009
204.034
204.06
204.085
204.11
204.136
204.161
204.186
204.211
204.237
204.262
204.287
204.313
204.338
204.363
204.388
204.414
204.439
204.464
204.49
204.515
204.54
204.566
204.591
204.616
204.642
204.667
204.692
204.717
204.743
204.768
204.793
204.819
204.844
204.869
204.895
204.92
204.945
204.97
204.996
205.021
205.046
205.072
205.097
205.122
205.148
205.173
205.198
205.223
205.249
205.274
205.299
205.324
205.35
205.375
205.4
205.426
205.451
205.476
205.501
205.527
205.552
205.577
205.602
205.628
205.653
205.678
205.703
205.729
205.754
205.779
205.804
205.83
205.855
205.88
205.905
205.931
205.956
205.981
206.006
206.032
206.057
206.082
206.107
206.133
206.158
206.183
206.208
206.234
206.259
206.284
206.309
206.335
206.36
206.385
206.41
206.436
206.461
206.486
206.511
206.537
206.562
206.587
206.613
206.638
206.663
206.688
206.713
206.739
206.764
206.789
206.814
206.84
206.865
206.89
206.915
206.941
206.966
206.991
207.016
207.042
207.067
207.092
207.117
207.143
207.168
207.193
207.218
207.244
207.269
207.294
207.319
207.345
207.37
207.395
207.42
207.446
207.471
207.496
207.521
207.547
207.572
207.597
207.622
207.648
207.673
207.698
207.723
207.749
207.774
207.799
207.824
207.85
207.875
207.9
207.925
207.95
207.976
208.001
208.026
208.051
208.076
208.102
208.127
208.152
208.177
208.202
208.227
208.253
208.278
208.303
208.328
208.354
208.379
208.404
208.429
208.454
208.48
208.505
208.53
208.555
208.581
208.606
208.631
208.656
208.681
208.706
208.732
208.757
208.782
208.807
208.832
208.858
208.883
208.908
208.933
208.958
208.984
209.009
209.034
209.059
209.084
209.11
209.135
209.16
209.185
209.21
209.236
209.261
209.286
209.311
209.336
209.361
209.387
209.412
209.437
209.462
209.487
209.513
209.538
209.563
209.588
209.613
209.639
209.664
209.689
209.714
209.739
209.765
209.79
209.815
209.84
209.866
209.891
209.916
209.941
209.966
209.992
210.017
210.042
210.067
210.092
210.118
