39.8949
0
2.19732e+07
0
127.211
129.919
135.104
141.951
142.101
142.058
142.251
142.248
142.244
142.243
142.233
142.223
142.214
142.201
142.184
142.171
142.152
142.132
142.11
142.089
142.063
142.037
142.012
141.983
141.951
141.918
141.887
141.851
141.812
141.774
141.736
141.692
141.652
141.608
141.562
141.518
141.472
141.423
141.371
141.321
141.27
141.214
141.16
141.106
141.05
140.991
140.932
140.874
140.809
140.746
140.682
140.617
140.548
140.482
140.413
140.342
140.27
140.2
140.124
140.05
139.975
139.9
139.821
139.743
139.667
139.583
139.503
139.422
139.338
139.254
139.17
139.084
138.996
138.907
138.818
138.723
138.633
138.54
138.447
138.352
138.258
138.162
138.063
137.968
137.869
137.769
137.669
137.568
137.464
137.362
137.256
137.154
137.045
136.941
136.833
136.727
136.615
136.507
136.402
136.285
136.178
136.068
135.956
135.841
135.729
135.616
135.498
135.382
135.268
135.148
135.026
134.909
134.789
134.663
134.541
134.425
134.293
134.174
134.049
133.924
133.796
133.674
133.545
133.406
133.274
133.144
133.01
132.883
132.753
132.617
132.484
132.352
132.216
132.078
131.944
131.805
131.667
131.523
131.378
131.238
131.092
130.94
130.797
130.652
130.498
130.349
130.203
130.047
129.902
129.751
129.598
129.447
129.292
129.143
128.992
128.834
128.685
128.531
128.377
128.223
128.068
127.916
127.76
127.61
127.469
127.328
127.171
127.023
126.877
126.727
126.573
126.426
126.278
126.124
125.98
125.825
125.679
125.521
125.384
125.238
125.095
124.948
124.811
124.658
124.527
124.374
124.238
124.085
123.95
123.8
123.657
123.509
123.361
123.217
123.064
122.924
122.769
122.626
122.477
122.339
122.191
122.05
121.9
121.759
121.61
121.467
121.32
121.179
121.035
120.889
120.748
120.598
120.464
120.309
120.172
120.02
119.865
119.714
119.575
119.415
119.27
119.113
118.973
118.815
118.672
118.519
118.375
118.231
118.075
117.939
117.779
117.643
117.493
117.35
117.198
117.057
116.905
116.758
116.615
116.471
116.319
116.177
116.03
115.884
115.746
115.6
115.462
115.311
115.175
115.036
114.894
114.745
114.609
114.469
114.338
114.199
114.069
113.932
113.803
113.669
113.538
113.409
113.276
113.147
113.016
112.89
112.763
112.637
112.514
112.392
112.271
112.15
112.027
111.91
111.79
111.671
111.556
111.439
111.327
111.212
111.1
110.989
110.879
110.771
110.661
110.556
110.452
110.347
110.245
110.145
110.045
109.95
109.848
109.757
109.659
109.569
109.474
109.385
109.296
109.21
109.125
109.039
108.958
108.877
108.791
108.707
108.627
108.542
108.465
108.379
108.299
108.215
108.148
108.073
108.003
107.929
107.863
107.796
107.731
107.665
107.599
107.531
107.472
107.405
107.349
107.288
107.231
107.183
107.132
107.087
107.041
106.999
106.992
106.991
106.993
106.998
107.059
107.081
107.118
107.144
107.179
107.206
107.241
107.268
107.303
107.327
107.366
107.394
107.448
107.49
107.536
107.586
107.627
107.679
107.718
107.767
107.81
107.855
107.892
107.944
107.989
108.049
108.106
108.161
108.236
108.3
108.374
108.46
108.539
108.635
108.724
108.786
108.902
108.988
109.09
109.181
109.272
109.371
109.46
109.579
109.668
109.78
109.874
109.964
110.058
110.16
110.256
110.354
110.45
110.552
110.669
110.8
110.94
111.072
111.202
111.317
111.462
111.571
111.727
111.858
111.999
112.135
112.305
112.482
112.645
112.824
112.978
113.15
113.307
113.468
113.619
113.78
113.923
114.083
114.216
114.374
114.505
114.653
114.784
114.922
115.055
115.182
115.317
115.433
115.566
115.681
115.803
115.918
116.037
116.141
116.256
116.353
116.465
116.552
116.659
116.749
116.848
116.938
117.026
117.119
117.198
117.292
117.369
117.458
117.542
117.66
117.798
117.955
118.106
118.258
118.406
118.553
118.694
118.837
118.972
119.106
119.239
119.364
119.495
119.611
119.734
119.844
119.961
120.067
120.177
120.274
120.378
120.471
120.567
120.658
120.746
120.833
120.918
121.002
121.078
121.16
121.229
121.307
121.374
121.446
121.505
121.569
121.624
121.683
121.734
121.785
121.835
121.883
121.927
121.972
122.015
122.053
122.093
122.123
122.163
122.188
122.221
122.244
122.27
122.288
122.309
122.323
122.341
122.352
122.364
122.372
122.379
122.386
122.389
122.395
122.392
122.396
122.386
122.387
122.377
122.371
122.34
122.329
122.31
122.296
122.274
122.254
122.231
122.208
122.182
122.156
122.13
122.095
122.07
122.03
122.002
121.963
121.931
121.887
121.849
121.803
121.762
121.713
121.666
121.619
121.57
121.518
121.469
121.418
121.363
121.312
121.252
121.201
121.138
121.083
121.017
120.956
120.887
120.822
120.752
120.685
120.613
120.544
120.472
120.401
120.329
120.255
120.184
120.106
120.035
119.951
119.877
119.795
119.716
119.631
119.552
119.465
119.374
119.29
119.204
119.118
119.03
118.941
118.852
118.764
118.672
118.584
118.488
118.398
118.302
118.207
118.11
118.019
117.918
117.823
117.721
117.622
117.522
117.424
117.331
117.227
117.135
117.023
116.937
116.822
116.73
116.628
116.525
116.425
116.316
116.215
116.109
116.001
115.9
115.785
115.675
115.561
115.457
115.338
115.223
115.123
114.995
114.895
114.774
114.666
114.547
114.437
114.328
114.206
114.097
113.987
113.871
113.757
113.639
113.533
113.406
113.296
113.183
113.063
112.956
112.833
112.729
112.607
112.498
112.387
112.272
112.162
112.049
111.943
111.825
111.72
111.613
111.5
111.397
111.289
111.185
111.076
110.972
110.868
110.763
110.665
110.559
110.459
110.357
110.257
110.157
110.057
109.962
109.862
109.771
109.675
109.58
109.491
109.394
109.303
109.213
109.125
109.036
108.949
108.867
108.778
108.694
108.611
108.528
108.447
108.364
108.293
108.209
108.128
108.05
107.974
107.893
107.817
107.744
107.668
107.596
107.519
107.447
107.383
107.318
107.258
107.238
107.224
107.188
107.157
107.155
107.12
107.087
107.075
107.054
107.023
106.999
106.994
106.96
106.93
106.928
106.907
106.875
106.865
106.853
106.828
106.805
106.809
106.786
106.761
106.765
106.754
106.764
106.752
106.784
106.773
106.775
106.793
106.797
106.792
106.809
106.815
106.823
106.816
106.844
106.846
106.849
106.881
106.903
106.923
106.942
106.968
106.976
107.019
107.035
107.044
107.07
107.107
107.109
107.156
107.184
107.235
107.264
107.352
107.45
107.523
107.643
107.716
107.846
107.926
108.029
108.162
108.251
108.368
108.461
108.571
108.68
108.755
108.891
108.961
109.071
109.158
109.266
109.369
109.451
109.568
109.643
109.757
109.86
109.995
110.115
110.218
110.355
110.448
110.569
110.677
110.786
110.909
111.023
111.162
111.281
111.407
111.544
111.67
111.862
111.99
112.154
112.313
112.467
112.628
112.768
112.908
113.031
113.185
113.312
113.447
113.571
113.716
113.833
113.978
114.1
114.247
114.367
114.513
114.626
114.751
114.873
114.998
115.105
115.22
115.328
115.443
115.528
115.643
115.744
115.84
115.945
116.073
116.192
116.318
116.448
116.588
116.7
116.826
116.943
117.066
117.197
117.319
117.464
117.582
117.725
117.855
117.989
118.108
118.235
118.349
118.467
118.574
118.689
118.803
118.904
119.007
119.106
119.208
119.293
119.394
119.482
119.573
119.648
119.735
119.811
119.894
119.961
120.038
120.102
120.169
120.229
120.29
120.356
120.407
120.466
120.511
120.571
120.607
120.65
120.709
120.75
120.788
120.835
120.889
120.932
120.974
121.021
121.059
121.089
121.125
121.162
121.196
121.224
121.254
121.284
121.298
121.319
121.336
121.361
121.366
121.381
121.388
121.397
121.398
121.401
121.41
121.411
121.402
121.4
121.399
121.394
121.385
121.378
121.373
121.353
121.338
121.321
121.307
121.279
121.26
121.233
121.207
121.175
121.144
121.121
121.089
121.054
121.02
120.988
120.943
120.908
120.874
120.838
120.788
120.747
120.701
120.655
120.6
120.559
120.503
120.448
120.392
120.344
120.293
120.234
120.183
120.123
120.067
120.004
119.946
119.887
119.824
119.754
119.686
119.618
119.551
119.477
119.412
119.339
119.264
119.19
119.119
119.05
118.97
118.896
118.812
118.741
118.648
118.575
118.487
118.412
118.321
118.242
118.154
118.065
117.98
117.893
117.802
117.715
117.624
117.544
117.462
117.393
117.304
117.223
117.143
117.064
116.975
116.891
116.817
116.722
116.639
116.557
116.472
116.376
116.296
116.208
116.112
116.021
115.938
115.84
115.746
115.654
115.567
115.461
115.373
115.284
115.187
115.093
114.999
114.911
114.804
114.715
114.621
114.519
114.421
114.322
114.219
114.127
114.026
113.921
113.827
113.73
113.628
113.53
113.433
113.336
113.228
113.139
113.038
112.93
112.836
112.737
112.639
112.533
112.444
112.343
112.246
112.149
112.052
111.955
111.856
111.763
111.669
111.568
111.483
111.382
111.292
111.193
111.102
111.011
110.913
110.832
110.73
110.646
110.554
110.464
110.377
110.286
110.202
110.106
110.024
109.935
109.849
109.769
109.674
109.593
109.508
109.425
109.339
109.26
109.181
109.09
109.014
108.935
108.852
108.776
108.695
108.623
108.536
108.494
108.412
108.345
108.288
108.224
108.178
108.114
108.093
108.032
107.981
107.956
107.921
107.869
107.827
107.816
107.784
107.768
107.737
107.737
107.686
107.686
107.671
107.644
107.632
107.629
107.62
107.608
107.608
107.622
107.586
107.589
107.596
107.571
107.584
107.559
107.529
107.538
107.521
107.512
107.514
107.516
107.517
107.487
107.52
107.501
107.481
107.519
107.52
107.528
107.542
107.563
107.585
107.574
107.64
107.673
107.742
107.783
107.827
107.889
107.945
107.99
108.034
108.101
108.163
108.189
108.244
108.306
108.363
108.415
108.466
108.517
108.562
108.626
108.664
108.705
108.761
108.8
108.857
108.9
108.966
109.039
109.132
109.212
109.326
109.416
109.515
109.624
109.725
109.798
109.911
110.012
110.13
110.261
110.369
110.48
110.591
110.713
110.811
110.915
111.027
111.131
111.252
111.333
111.45
111.525
111.642
111.743
111.832
111.917
112.019
112.134
112.227
112.345
112.457
112.564
112.688
112.801
112.895
113.016
113.125
113.271
113.385
113.531
113.642
113.782
113.922
114.04
114.168
114.28
114.405
114.506
114.606
114.717
114.814
114.896
115.01
115.101
115.209
115.3
115.421
115.495
115.606
115.707
115.813
115.92
116.041
116.173
116.298
116.405
116.531
116.65
116.778
116.914
117.049
117.182
117.332
117.465
117.605
117.738
117.876
118.004
118.131
118.254
118.377
118.494
118.614
118.727
118.831
118.943
119.047
119.142
119.237
119.335
119.424
119.513
119.597
119.682
119.756
119.837
119.915
119.996
120.063
120.14
120.208
120.294
120.363
120.432
120.485
120.554
120.604
120.677
120.714
120.777
120.831
120.883
120.928
120.975
121.023
121.059
121.093
121.138
121.171
121.203
121.234
121.257
121.283
121.305
121.335
121.346
121.375
121.384
121.4
121.41
121.426
121.424
121.44
121.44
121.451
121.449
121.452
121.452
121.434
121.445
121.423
121.433
121.402
121.403
121.377
121.37
121.345
121.328
121.307
121.28
121.262
121.229
121.203
121.175
121.149
121.109
121.087
121.04
121.016
120.961
120.929
120.885
120.849
120.801
120.756
120.71
120.665
120.62
120.562
120.513
120.467
120.407
120.349
120.29
120.228
120.177
120.1
120.049
119.979
119.915
119.844
119.778
119.714
119.639
119.569
119.495
119.414
119.348
119.267
119.19
119.117
119.041
118.963
118.874
118.8
118.712
118.638
118.548
118.468
118.378
118.297
118.207
118.12
118.03
117.941
117.856
117.764
117.677
117.581
117.497
117.401
117.311
117.213
117.124
117.026
116.935
116.835
116.737
116.64
116.539
116.45
116.343
116.246
116.151
116.054
115.95
115.855
115.745
115.655
115.542
115.452
115.336
115.245
115.139
115.039
114.934
114.832
114.735
114.625
114.526
114.418
114.314
114.216
114.116
114.01
113.913
113.799
113.707
113.597
113.499
113.389
113.293
113.19
113.087
112.986
112.882
112.777
112.675
112.57
112.467
112.367
112.266
112.165
112.066
111.965
111.863
111.764
111.665
111.568
111.468
111.366
111.271
111.169
111.077
110.974
110.884
110.784
110.691
110.594
110.496
110.404
110.307
110.212
110.12
110.022
109.932
109.836
109.747
109.656
109.565
109.475
109.38
109.297
109.203
109.118
109.028
108.941
108.857
108.768
108.682
108.597
108.515
108.431
108.351
108.266
108.187
108.111
108.038
107.983
107.926
107.902
107.835
107.806
107.747
107.715
107.668
107.625
107.585
107.554
107.546
107.52
107.481
107.471
107.452
107.422
107.413
107.383
107.375
107.349
107.339
107.314
107.301
107.286
107.263
107.255
107.234
107.217
107.206
107.181
107.173
107.168
107.148
107.146
107.128
107.13
107.108
107.11
107.095
107.089
107.081
107.071
107.074
107.059
107.097
107.079
107.101
107.104
107.119
107.118
107.134
107.14
107.167
107.148
107.191
107.183
107.221
107.24
107.29
107.328
107.365
107.416
107.438
107.491
107.525
107.571
107.619
107.697
107.735
107.84
107.878
108.01
108.052
108.17
108.234
108.348
108.426
108.525
108.643
108.721
108.848
108.94
109.046
109.151
109.284
109.377
109.514
109.62
109.743
109.886
109.991
110.106
110.231
110.355
110.467
110.594
110.68
110.801
110.933
111.068
111.163
111.293
111.408
111.534
111.646
111.747
111.867
111.958
112.069
112.173
112.289
112.363
112.487
112.59
112.709
112.848
112.977
113.104
113.25
113.373
113.504
113.63
113.784
113.919
114.059
114.203
114.349
114.488
114.629
114.768
114.912
115.069
115.2
115.35
115.48
115.629
115.758
115.89
116.009
116.139
116.265
116.385
116.494
116.612
116.719
116.826
116.93
117.039
117.145
117.243
117.371
117.466
117.585
117.679
117.789
117.891
118.012
118.14
118.255
118.376
118.491
118.61
118.718
118.827
118.919
119.032
119.124
119.222
119.299
119.409
119.484
119.578
119.655
119.737
119.814
119.884
119.966
120.029
120.098
120.17
120.249
120.324
120.402
120.47
120.537
120.613
120.663
120.724
120.787
120.842
120.892
120.946
120.989
121.045
121.081
121.128
121.162
121.207
121.239
121.271
121.302
121.325
121.361
121.379
121.407
121.422
121.444
121.459
121.482
121.486
121.497
121.508
121.516
121.518
121.523
121.52
121.523
121.526
121.512
121.514
121.507
121.491
121.479
121.484
121.46
121.448
121.423
121.404
121.385
121.357
121.333
121.305
121.28
121.253
121.227
121.184
121.166
121.119
121.097
121.04
121.019
120.97
120.929
120.883
120.835
120.795
120.74
120.704
120.644
120.598
120.542
120.489
120.431
120.382
120.314
120.269
120.193
120.148
120.066
120.012
119.943
119.885
119.802
119.73
119.665
119.58
119.512
119.439
119.366
119.289
119.224
119.131
119.073
118.969
118.917
118.816
118.75
118.657
118.582
118.498
118.411
118.33
118.235
118.153
118.057
117.982
117.885
117.793
117.698
117.617
117.513
117.433
117.321
117.244
117.14
117.048
116.949
116.852
116.758
116.661
116.562
116.467
116.363
116.261
116.166
116.06
115.965
115.858
115.771
115.648
115.56
115.45
115.354
115.247
115.147
115.041
114.937
114.834
114.731
114.626
114.529
114.421
114.317
114.213
114.109
114.012
113.9
113.81
113.698
113.6
113.498
113.397
113.293
113.192
113.088
112.992
112.884
112.789
112.684
112.587
112.482
112.38
112.281
112.177
112.077
111.973
111.874
111.774
111.676
111.574
111.477
111.376
111.284
111.176
111.085
110.988
110.894
110.796
110.699
110.608
110.511
110.42
110.317
110.229
110.13
110.04
109.948
109.861
109.768
109.677
109.583
109.5
109.406
109.318
109.229
109.141
109.058
108.967
108.884
108.796
108.71
108.626
108.542
108.458
108.379
108.297
108.22
108.146
108.069
108.01
107.973
107.929
107.884
107.842
107.799
107.759
107.713
107.679
107.648
107.628
107.595
107.582
107.542
107.513
107.492
107.473
107.47
107.439
107.418
107.404
107.384
107.362
107.349
107.322
107.318
107.288
107.281
107.259
107.251
107.235
107.226
107.214
107.197
107.2
107.169
107.177
107.162
107.146
107.137
107.13
107.116
107.121
107.099
107.119
107.117
107.137
107.135
107.156
107.153
107.176
107.174
107.19
107.198
107.211
107.221
107.24
107.272
107.3
107.354
107.379
107.434
107.46
107.516
107.545
107.599
107.644
107.704
107.753
107.825
107.894
107.955
108.022
108.085
108.18
108.271
108.377
108.447
108.583
108.672
108.787
108.87
108.987
109.081
109.189
109.283
109.375
109.488
109.59
109.731
109.843
109.979
110.088
110.216
110.324
110.455
110.548
110.704
110.802
110.945
111.064
111.184
111.292
111.409
111.515
111.632
111.731
111.827
111.932
112.038
112.161
112.245
112.36
112.454
112.592
112.71
112.846
112.982
113.116
113.231
113.38
113.498
113.654
113.78
113.92
114.066
114.217
114.356
114.5
114.641
114.783
114.919
115.061
115.198
115.347
115.485
115.62
115.752
115.885
116.008
116.135
116.261
116.376
116.493
116.611
116.725
116.833
116.939
117.051
117.153
117.248
117.355
117.459
117.572
117.688
117.777
117.885
117.966
118.082
118.164
118.267
118.357
118.472
118.584
118.695
118.791
118.905
118.994
119.1
119.189
119.283
119.372
119.458
119.548
119.627
119.702
119.782
119.855
119.931
120
120.075
120.155
120.236
120.3
120.388
120.447
120.522
120.576
120.647
120.704
120.763
120.815
120.873
120.903
120.966
121.009
121.054
121.095
121.135
121.176
121.199
121.241
121.264
121.295
121.313
121.345
121.363
121.389
121.404
121.431
121.445
121.455
121.458
121.468
121.472
121.475
121.488
121.473
121.489
121.463
121.483
121.461
121.461
121.442
121.44
121.422
121.41
121.393
121.373
121.352
121.335
121.309
121.29
121.264
121.231
121.218
121.168
121.159
121.107
121.082
121.036
121.009
120.962
120.928
120.89
120.836
120.787
120.744
120.699
120.645
120.597
120.557
120.501
120.439
120.384
120.328
120.272
120.21
120.141
120.086
120.023
119.955
119.888
119.817
119.753
119.68
119.605
119.538
119.467
119.389
119.321
119.236
119.164
119.084
119.009
118.917
118.846
118.761
118.68
118.602
118.511
118.435
118.342
118.267
118.166
118.085
117.996
117.904
117.821
117.722
117.633
117.537
117.447
117.349
117.262
117.164
117.076
116.968
116.891
116.773
116.69
116.588
116.497
116.396
116.291
116.199
116.102
116
115.89
115.796
115.687
115.584
115.48
115.384
115.278
115.181
115.072
114.976
114.864
114.764
114.663
114.56
114.457
114.353
114.249
114.143
114.043
113.94
113.838
113.734
113.631
113.533
113.424
113.332
113.219
113.124
113.018
112.921
112.815
112.712
112.609
112.513
112.408
112.309
112.208
112.11
112.007
111.906
111.805
111.707
111.609
111.513
111.412
111.315
111.216
111.122
111.025
110.929
110.835
110.737
110.643
110.547
110.458
110.361
110.272
110.177
110.088
109.993
109.908
109.814
109.726
109.637
109.547
109.457
109.371
109.284
109.195
109.109
109.021
108.915
108.736
108.652
108.566
108.485
108.402
108.327
108.242
108.168
108.087
108.046
107.986
107.941
107.896
107.849
107.81
107.757
107.726
107.676
107.639
107.608
107.596
107.579
107.538
107.53
107.495
107.486
107.461
107.434
107.417
107.397
107.374
107.356
107.331
107.328
107.297
107.29
107.268
107.257
107.238
107.228
107.212
107.202
107.186
107.18
107.164
107.156
107.142
107.135
107.119
107.111
107.105
107.088
107.093
107.072
107.097
107.105
107.109
107.13
107.124
107.155
107.144
107.172
107.175
107.188
107.2
107.202
107.242
107.258
107.318
107.33
107.402
107.423
107.477
107.506
107.556
107.595
107.65
107.709
107.764
107.806
107.89
107.953
108.008
108.094
108.153
108.244
108.325
108.404
108.508
108.621
108.718
108.829
108.925
109.047
109.147
109.242
109.337
109.459
109.565
109.68
109.785
109.889
109.998
110.117
110.23
110.361
110.471
110.595
110.716
110.844
110.97
111.088
111.221
111.316
111.439
111.559
111.667
111.77
111.871
111.967
112.058
112.179
112.266
112.367
112.474
112.618
112.758
112.903
113.033
113.175
113.287
113.445
113.581
113.721
113.867
114.011
114.128
114.286
114.455
114.566
114.715
114.865
115.017
115.143
115.296
115.448
115.571
115.713
115.855
115.961
116.12
116.232
116.348
116.484
116.606
116.747
116.884
117.004
117.132
117.249
117.379
117.482
117.594
117.713
117.815
117.914
118.013
118.112
118.213
118.309
118.401
118.48
118.577
118.647
118.722
118.816
118.881
118.945
119.013
119.075
119.145
119.205
119.275
119.313
119.391
119.462
119.547
119.618
119.704
119.765
119.859
119.908
119.988
120.044
120.117
120.169
120.224
120.282
120.325
120.389
120.414
120.476
120.515
120.556
120.593
120.642
120.685
120.737
120.781
120.833
120.86
120.908
120.939
120.977
121.01
121.036
121.064
121.094
121.114
121.138
121.157
121.173
121.191
121.197
121.219
121.223
121.215
121.235
121.231
121.235
121.24
121.235
121.234
121.225
121.221
121.208
121.202
121.191
121.185
121.165
121.151
121.134
121.127
121.089
121.072
121.046
121.016
120.983
120.953
120.92
120.88
120.848
120.809
120.773
120.725
120.692
120.647
120.605
120.553
120.51
120.46
120.408
120.355
120.298
120.243
120.187
120.129
120.075
120.016
119.948
119.897
119.827
119.77
119.698
119.63
119.563
119.498
119.424
119.354
119.274
119.213
119.133
119.06
118.983
118.905
118.831
118.744
118.67
118.577
118.508
118.42
118.34
118.252
118.17
118.082
117.995
117.909
117.82
117.732
117.642
117.551
117.462
117.368
117.273
117.186
117.082
117.002
116.895
116.811
116.708
116.617
116.518
116.421
116.328
116.23
116.132
116.035
115.938
115.837
115.744
115.645
115.546
115.442
115.352
115.248
115.149
115.052
114.954
114.851
114.752
114.653
114.552
114.451
114.357
114.251
114.155
114.057
113.956
113.858
113.756
113.664
113.555
113.462
113.362
113.269
113.172
113.074
112.972
112.879
112.771
112.687
112.577
112.486
112.388
112.292
112.192
112.095
112.004
111.901
111.809
111.71
111.62
111.517
111.426
111.321
111.23
111.128
111.04
110.929
110.841
110.743
110.65
110.554
110.457
110.366
110.275
110.178
110.082
109.993
109.897
109.808
109.718
109.63
109.552
109.471
109.433
109.351
109.309
109.24
109.189
109.122
109.067
109.007
108.945
108.886
108.827
108.77
108.716
108.665
108.602
108.56
108.486
108.455
108.381
108.345
108.28
108.238
108.178
108.139
108.075
108.046
107.974
107.948
107.883
107.848
107.79
107.751
107.706
107.661
107.624
107.572
107.54
107.497
107.46
107.418
107.386
107.337
107.318
107.261
107.248
107.199
107.204
107.173
107.174
107.168
107.17
107.18
107.166
107.183
107.176
107.191
107.195
107.203
107.199
107.222
107.226
107.23
107.244
107.254
107.25
107.271
107.278
107.294
107.305
107.318
107.33
107.342
107.376
107.398
107.431
107.456
107.486
107.526
107.562
107.606
107.643
107.694
107.751
107.807
107.863
107.93
107.997
108.081
108.131
108.229
108.296
108.359
108.429
108.507
108.578
108.675
108.759
108.873
108.946
109.039
109.133
109.218
109.299
109.392
109.479
109.55
109.637
109.723
109.815
109.927
110.043
110.178
110.277
110.424
110.536
110.692
110.832
110.975
111.119
111.274
111.407
111.56
111.696
111.839
111.975
112.129
112.271
112.43
112.585
112.735
112.892
113.017
113.181
113.298
113.444
113.575
113.72
113.846
113.965
114.107
114.241
114.379
114.516
114.666
114.815
114.954
115.084
115.233
115.369
115.525
115.636
115.799
115.944
116.083
116.209
116.35
116.48
116.606
116.715
116.856
116.968
117.09
117.201
117.315
117.43
117.537
117.643
117.738
117.849
117.946
118.042
118.132
118.223
118.312
118.401
118.482
118.572
118.643
118.72
118.795
118.868
118.947
119.005
119.08
119.14
119.187
119.254
119.325
119.361
119.42
119.481
119.523
119.576
119.627
119.666
119.745
119.809
119.883
119.954
120.008
120.074
120.125
120.194
120.232
120.288
120.348
120.383
120.432
120.469
120.522
120.55
120.607
120.669
120.695
120.743
120.784
120.832
120.871
120.891
120.949
120.957
121.003
121.01
121.052
121.068
121.081
121.105
121.116
121.13
121.135
121.155
121.162
121.162
121.171
121.171
121.168
121.175
121.167
121.168
121.144
121.153
121.135
121.118
121.11
121.093
121.063
121.047
121.024
121
120.967
120.952
120.923
120.894
120.866
120.822
120.801
120.757
120.719
120.68
120.64
120.598
120.553
120.505
120.456
120.406
120.357
120.302
120.258
120.198
120.144
120.095
120.028
119.98
119.907
119.855
119.788
119.715
119.656
119.596
119.532
119.448
119.386
119.317
119.241
119.159
119.097
119.02
118.943
118.863
118.798
118.713
118.654
118.556
118.485
118.41
118.323
118.247
118.163
118.09
117.988
117.915
117.84
117.745
117.66
117.58
117.487
117.401
117.319
117.224
117.131
117.05
116.955
116.866
116.768
116.671
116.592
116.487
116.391
116.296
116.213
116.104
116.013
115.919
115.824
115.723
115.633
115.537
115.429
115.333
115.246
115.14
115.05
114.944
114.849
114.75
114.666
114.558
114.46
114.361
114.267
114.169
114.064
113.974
113.872
113.775
113.676
113.575
113.474
113.368
113.279
113.18
113.089
112.979
112.894
112.795
112.692
112.604
112.504
112.413
112.311
112.229
112.12
112.028
111.935
111.834
111.744
111.646
111.549
111.458
111.358
111.269
111.169
111.081
110.982
110.882
110.794
110.696
110.607
110.501
110.421
110.325
110.223
110.137
110.047
109.955
109.862
109.772
109.687
109.594
109.534
109.453
109.399
109.313
109.236
109.173
109.088
109.04
108.973
108.92
108.858
108.81
108.744
108.704
108.629
108.6
108.521
108.487
108.422
108.384
108.345
108.314
108.284
108.239
108.214
108.174
108.144
108.107
108.084
108.048
108.024
107.989
107.971
107.936
107.915
107.882
107.862
107.832
107.807
107.786
107.755
107.741
107.711
107.69
107.669
107.647
107.626
107.612
107.592
107.582
107.563
107.552
107.529
107.52
107.505
107.492
107.477
107.47
107.463
107.449
107.444
107.432
107.434
107.439
107.443
107.458
107.49
107.491
107.51
107.527
107.551
107.544
107.572
107.594
107.593
107.639
107.668
107.711
107.752
107.829
107.878
107.95
108.033
108.128
108.233
108.344
108.419
108.54
108.635
108.73
108.832
108.952
109.055
109.152
109.267
109.379
109.489
109.577
109.713
109.802
109.904
109.997
110.119
110.206
110.301
110.401
110.523
110.587
110.709
110.81
110.912
111.016
111.135
111.269
111.364
111.486
111.574
111.693
111.794
111.918
112.02
112.117
112.194
112.306
112.401
112.486
112.581
112.657
112.731
112.833
112.905
113.002
113.096
113.196
113.301
113.411
113.551
113.65
113.806
113.927
114.071
114.174
114.325
114.417
114.544
114.66
114.797
114.89
115.012
115.126
115.259
115.388
115.509
115.633
115.739
115.877
115.984
116.122
116.218
116.364
116.47
116.577
116.701
116.812
116.906
117.04
117.138
117.237
117.337
117.43
117.519
117.618
117.706
117.768
117.875
117.959
118.022
118.101
118.188
118.249
118.317
118.4
118.482
118.538
118.635
118.714
118.785
118.865
118.933
119.013
119.058
119.125
119.187
119.259
119.305
119.368
119.419
119.476
119.523
119.56
119.61
119.643
119.685
119.721
119.755
119.781
119.815
119.842
119.871
119.87
119.914
119.908
119.941
119.96
119.96
119.982
119.99
119.999
120.008
120.011
120.044
120.037
120.033
120.052
120.066
120.065
120.071
120.076
120.083
120.076
120.09
120.079
120.067
120.051
120.049
120.041
120.028
120.009
119.998
119.979
119.961
119.937
119.914
119.884
119.868
119.821
119.803
119.761
119.736
119.705
119.667
119.633
119.607
119.575
119.542
119.522
119.486
119.453
119.417
119.377
119.339
119.3
119.253
119.219
119.176
119.139
119.103
119.057
119.024
118.981
118.931
118.891
118.848
118.803
118.745
118.705
118.654
118.597
118.553
118.493
118.443
118.384
118.34
118.271
118.206
118.152
118.099
118.03
117.965
117.906
117.836
117.762
117.705
117.641
117.565
117.496
117.435
117.365
117.285
117.228
117.143
117.063
116.997
116.919
116.835
116.761
116.691
116.607
116.519
116.455
116.358
116.286
116.207
116.118
116.029
115.944
115.861
115.768
115.678
115.587
115.505
115.414
115.324
115.232
115.153
115.064
114.976
114.887
114.804
114.705
114.624
114.535
114.447
114.368
114.276
114.212
114.116
114.034
113.956
113.872
113.793
113.728
113.628
113.562
113.483
113.404
113.315
113.245
113.163
113.089
112.999
112.932
112.844
112.765
112.688
112.611
112.536
112.461
112.399
112.315
112.248
112.177
112.098
112.025
111.959
111.88
111.816
111.741
111.671
111.594
111.523
111.455
111.372
111.299
111.228
111.152
111.08
111.003
110.944
110.866
110.795
110.734
110.693
110.626
110.587
110.555
110.481
110.44
110.416
110.373
110.328
110.295
110.264
110.232
110.164
110.149
110.112
110.057
110.036
109.997
109.961
109.91
109.902
109.86
109.859
109.81
109.79
109.754
109.729
109.699
109.666
109.648
109.61
109.614
109.582
109.573
109.561
109.568
109.525
109.554
109.494
109.537
109.503
109.522
109.522
109.519
109.541
109.516
109.562
109.518
109.561
109.546
109.549
109.537
109.549
109.527
109.536
109.522
109.53
109.513
109.514
109.524
109.516
109.52
109.516
109.523
109.513
109.553
109.544
109.577
109.56
109.581
109.591
109.593
109.608
109.608
109.631
109.659
109.678
109.708
109.736
109.745
109.806
109.802
109.88
109.88
109.939
109.945
109.993
110.008
110.047
110.066
110.108
110.146
110.192
110.239
110.294
110.355
110.402
110.506
110.528
110.655
110.661
110.783
110.814
110.918
110.98
111.072
111.143
111.219
111.288
111.37
111.445
111.518
111.587
111.644
111.726
111.777
111.887
111.931
112.037
112.095
112.183
112.247
112.321
112.404
112.468
112.556
112.594
112.694
112.74
112.82
112.869
112.937
112.986
113.053
113.119
113.187
113.248
113.334
113.402
113.487
113.572
113.644
113.731
113.793
113.887
113.949
114.039
114.121
114.208
114.272
114.371
114.438
114.533
114.576
114.673
114.729
114.799
114.861
114.931
115
115.048
115.123
115.172
115.259
115.342
115.422
115.511
115.58
115.668
115.744
115.851
115.91
116.006
116.078
116.156
116.233
116.303
116.378
116.446
116.506
116.57
116.639
116.718
116.808
116.876
116.99
117.062
117.186
117.266
117.38
117.441
117.533
117.619
117.712
117.775
117.852
117.918
118.01
118.078
118.143
118.2
118.263
118.343
118.375
118.46
118.482
118.559
118.584
118.65
118.688
118.738
118.772
118.815
118.865
118.884
118.94
118.969
118.992
119.022
119.055
119.065
119.109
119.097
119.146
119.141
119.179
119.172
119.201
119.214
119.218
119.229
119.232
119.245
119.246
119.241
119.268
119.28
119.288
119.308
119.292
119.325
119.307
119.333
119.32
119.329
119.322
119.325
119.321
119.318
119.308
119.308
119.288
119.283
119.261
119.254
119.238
119.208
119.208
119.16
119.159
119.121
119.104
119.074
119.047
119.019
118.984
118.962
118.924
118.894
118.857
118.812
118.782
118.733
118.693
118.657
118.598
118.568
118.504
118.464
118.413
118.374
118.319
118.29
118.246
118.212
118.161
118.135
118.076
118.042
117.994
117.944
117.902
117.838
117.803
117.734
117.695
117.632
117.585
117.526
117.477
117.418
117.366
117.308
117.247
117.187
117.132
117.064
116.999
116.937
116.869
116.8
116.739
116.663
116.6
116.53
116.459
116.394
116.319
116.263
116.173
116.127
116.032
115.972
115.891
115.824
115.748
115.673
115.595
115.525
115.441
115.372
115.295
115.215
115.143
115.061
114.991
114.904
114.835
114.75
114.679
114.601
114.525
114.443
114.364
114.284
114.208
114.124
114.051
113.968
113.885
113.809
113.733
113.656
113.574
113.493
113.415
113.339
113.259
113.173
113.096
113.018
112.941
112.861
112.783
112.701
112.625
112.544
112.467
112.391
112.311
112.23
112.154
112.079
111.987
111.92
111.835
111.756
111.681
111.61
111.532
111.453
111.383
111.333
111.261
111.201
111.139
111.077
111.028
110.961
110.906
110.832
110.794
110.717
110.668
110.607
110.554
110.498
110.465
110.416
110.381
110.322
110.291
110.235
110.196
110.155
110.105
110.079
110.01
109.994
109.935
109.924
109.889
109.859
109.824
109.8
109.769
109.743
109.702
109.681
109.648
109.634
109.618
109.609
109.597
109.581
109.583
109.555
109.557
109.543
109.554
109.552
109.563
109.563
109.567
109.566
109.57
109.573
109.575
109.572
109.574
109.582
109.572
109.568
109.575
109.571
109.573
109.572
109.564
109.569
109.569
109.564
109.574
109.559
109.571
109.582
109.573
109.6
109.613
109.621
109.628
109.637
109.654
109.655
109.67
109.694
109.725
109.745
109.773
109.797
109.822
109.866
109.903
109.939
109.97
109.998
110.024
110.053
110.077
110.106
110.126
110.173
110.208
110.26
110.311
110.37
110.433
110.498
110.584
110.645
110.714
110.779
110.846
110.92
110.996
111.074
111.142
111.222
111.279
111.371
111.429
111.5
111.566
111.645
111.699
111.784
111.839
111.947
111.995
112.084
112.153
112.232
112.306
112.37
112.458
112.498
112.588
112.632
112.719
112.77
112.847
112.889
112.978
113.005
113.102
113.142
113.231
113.286
113.364
113.441
113.527
113.607
113.688
113.766
113.843
113.916
113.989
114.06
114.123
114.195
114.254
114.332
114.385
114.465
114.539
114.621
114.678
114.755
114.818
114.88
114.944
115.005
115.065
115.138
115.214
115.301
115.383
115.458
115.555
115.614
115.72
115.81
115.888
115.972
116.051
116.123
116.212
116.259
116.354
116.403
116.476
116.536
116.604
116.668
116.727
116.789
116.871
116.955
117.06
117.144
117.248
117.353
117.454
117.54
117.643
117.726
117.815
117.905
117.979
118.056
118.134
118.205
118.283
118.339
118.419
118.47
118.544
118.597
118.661
118.718
118.77
118.829
118.871
118.918
118.959
118.999
119.051
119.066
119.106
119.145
119.172
119.199
119.209
119.257
119.265
119.292
119.304
119.3
119.345
119.331
119.328
119.331
119.32
119.342
119.328
119.326
119.324
119.329
119.31
119.312
119.323
119.328
119.318
119.325
119.319
119.309
119.318
119.306
119.299
119.283
119.28
119.264
119.241
119.24
119.226
119.187
119.191
119.153
119.138
119.103
119.097
119.067
119.031
119.018
118.98
118.957
118.914
118.894
118.844
118.795
118.767
118.718
118.668
118.634
118.594
118.535
118.484
118.449
118.395
118.339
118.292
118.239
118.182
118.117
118.069
118.001
117.944
117.886
117.818
117.762
117.686
117.643
117.571
117.51
117.446
117.398
117.352
117.289
117.246
117.181
117.12
117.075
117.008
116.945
116.893
116.834
116.79
116.707
116.676
116.595
116.553
116.479
116.431
116.354
116.295
116.222
116.172
116.098
116.024
115.957
115.896
115.82
115.752
115.697
115.608
115.557
115.454
115.422
115.323
115.255
115.186
115.12
115.041
114.971
114.898
114.814
114.735
114.666
114.592
114.513
114.446
114.369
114.297
114.228
114.14
114.077
113.996
113.917
113.839
113.766
113.684
113.611
113.534
113.445
113.383
113.294
113.221
113.136
113.068
112.987
112.91
112.832
112.768
112.683
112.599
112.528
112.452
112.377
112.303
112.225
112.145
112.076
111.998
111.923
111.842
111.772
111.691
111.621
111.543
111.483
111.401
111.336
111.283
111.225
111.165
111.116
111.055
111.01
110.935
110.895
110.828
110.773
110.713
110.663
110.601
110.554
110.49
110.441
110.389
110.359
110.316
110.287
110.242
110.206
110.163
110.125
110.082
110.043
110
109.957
109.921
109.871
109.847
109.791
109.763
109.714
109.702
109.668
109.652
109.622
109.606
109.584
109.576
109.567
109.556
109.542
109.528
109.517
109.498
109.494
109.467
109.472
109.445
109.446
109.415
109.415
109.401
109.417
109.413
109.435
109.458
109.472
109.495
109.519
109.514
109.541
109.547
109.56
109.577
109.577
109.598
109.615
109.629
109.648
109.685
109.721
109.729
109.772
109.802
109.823
109.853
109.883
109.896
109.923
109.942
109.964
109.986
110.002
110.022
110.035
110.066
110.089
110.104
110.127
110.182
110.208
110.269
110.305
110.361
110.401
110.449
110.5
110.525
110.584
110.606
110.672
110.698
110.779
110.813
110.881
110.917
110.979
111.012
111.081
111.114
111.18
111.205
111.284
111.34
111.401
111.473
111.507
111.575
111.622
111.694
111.756
111.837
111.889
111.967
112.018
112.107
112.163
112.253
112.328
112.406
112.468
112.554
112.633
112.703
112.804
112.861
112.944
113.027
113.094
113.175
113.246
113.305
113.402
113.449
113.544
113.597
113.691
113.76
113.855
113.922
114.016
114.101
114.177
114.276
114.35
114.421
114.506
114.577
114.64
114.715
114.791
114.863
114.913
114.985
115.064
115.138
115.215
115.282
115.359
115.442
115.52
115.605
115.695
115.788
115.866
115.96
116.032
116.113
116.202
116.254
116.337
116.408
116.468
116.55
116.619
116.703
116.782
116.866
116.917
117
117.114
117.174
117.262
117.327
117.404
117.479
117.549
117.606
117.671
117.733
117.793
117.854
117.905
117.972
118.015
118.077
118.121
118.179
118.217
118.268
118.317
118.371
118.418
118.472
118.507
118.56
118.597
118.641
118.681
118.725
118.758
118.795
118.831
118.85
118.892
118.925
118.951
118.971
118.986
119.004
119.024
119.024
119.061
119.056
119.075
119.075
119.089
119.092
119.103
119.107
119.114
119.104
119.108
119.11
119.094
119.092
119.076
119.076
119.048
119.057
119.035
119.047
119.027
119.04
119.026
119.035
119.017
119.014
118.999
118.999
118.98
118.966
118.951
118.935
118.917
118.88
118.868
118.841
118.817
118.784
118.769
118.732
118.706
118.671
118.643
118.607
118.577
118.546
118.511
118.469
118.426
118.386
118.337
118.308
118.242
118.21
118.149
118.105
118.051
118.008
117.959
117.907
117.85
117.804
117.736
117.685
117.63
117.572
117.515
117.458
117.414
117.354
117.318
117.259
117.203
117.163
117.122
117.061
117.012
116.946
116.9
116.836
116.794
116.726
116.659
116.595
116.537
116.474
116.406
116.35
116.27
116.215
116.154
116.081
116.021
115.951
115.889
115.821
115.75
115.695
115.621
115.553
115.479
115.405
115.34
115.261
115.19
115.114
115.031
114.962
114.882
114.805
114.737
114.662
114.595
114.507
114.45
114.364
114.301
114.216
114.146
114.064
113.989
113.903
113.835
113.751
113.679
113.6
113.527
113.452
113.37
113.304
113.219
113.145
113.08
112.998
112.923
112.848
112.767
112.703
112.612
112.543
112.452
112.394
112.31
112.237
112.159
112.083
112.006
111.924
111.855
111.782
111.706
111.638
111.562
111.485
111.426
111.364
111.318
111.255
111.21
111.141
111.092
111.034
110.976
110.912
110.858
110.799
110.738
110.684
110.624
110.567
110.526
110.48
110.44
110.404
110.362
110.331
110.289
110.253
110.207
110.169
110.13
110.085
110.036
109.997
109.958
109.912
109.873
109.831
109.812
109.783
109.767
109.741
109.722
109.687
109.696
109.694
109.686
109.674
109.655
109.64
109.622
109.611
109.591
109.578
109.561
109.551
109.539
109.536
109.534
109.532
109.543
109.538
109.555
109.549
109.56
109.554
109.564
109.575
109.586
109.6
109.605
109.631
109.618
109.631
109.661
109.692
109.706
109.754
109.769
109.815
109.829
109.876
109.88
109.913
109.919
109.952
109.976
109.977
110.015
110.032
110.046
110.065
110.094
110.103
110.144
110.142
110.206
110.209
110.292
110.328
110.378
110.416
110.467
110.51
110.552
110.585
110.636
110.666
110.722
110.76
110.883
110.926
110.959
111.009
111.069
111.081
111.166
111.209
111.254
111.313
111.393
111.423
111.483
111.559
111.618
111.657
111.724
111.797
111.853
111.924
112.004
112.073
112.121
112.203
112.281
112.335
112.413
112.504
112.547
112.628
112.708
112.777
112.827
112.908
112.981
113.037
113.094
113.165
113.243
113.3
113.376
113.46
113.544
113.584
113.648
113.735
113.793
113.895
113.937
114.05
114.115
114.201
114.274
114.37
114.455
114.544
114.644
114.721
114.832
114.949
115.044
115.127
115.225
115.316
115.416
115.472
115.583
115.658
115.757
115.83
115.911
116.01
116.082
116.182
116.246
116.347
116.408
116.485
116.558
116.622
116.692
116.763
116.836
116.895
116.968
117.032
117.123
117.188
117.254
117.329
117.4
117.457
117.545
117.593
117.649
117.717
117.76
117.814
117.883
117.949
117.977
118.052
118.108
118.133
118.186
118.249
118.293
118.332
118.375
118.4
118.468
118.512
118.562
118.6
118.646
118.7
118.736
118.753
118.807
118.84
118.87
118.894
118.942
118.946
118.971
119.006
119.019
119.038
119.042
119.076
119.069
119.084
119.099
119.109
119.093
119.125
119.113
119.098
119.111
119.118
119.117
119.103
119.106
119.087
119.081
119.077
119.072
119.038
119.036
119.017
119
118.971
118.956
118.938
118.901
118.89
118.865
118.83
118.791
118.771
118.739
118.695
118.657
118.645
118.583
118.558
118.514
118.466
118.43
118.381
118.353
118.314
118.306
118.246
118.209
118.171
118.134
118.093
118.055
118.001
117.977
117.924
117.886
117.815
117.769
117.74
117.674
117.62
117.567
117.53
117.459
117.407
117.368
117.304
117.251
117.222
117.169
117.129
117.064
117.049
116.967
116.937
116.891
116.828
116.79
116.722
116.689
116.602
116.579
116.501
116.466
116.394
116.345
116.263
116.215
116.145
116.101
116.019
115.962
115.902
115.842
115.794
115.719
115.648
115.589
115.538
115.453
115.39
115.333
115.255
115.187
115.116
115.044
114.975
114.901
114.839
114.746
114.68
114.621
114.539
114.46
114.382
114.325
114.229
114.161
114.091
114.013
113.917
113.854
113.767
113.683
113.591
113.525
113.443
113.36
113.283
113.198
113.133
113.041
112.977
112.879
112.832
112.76
112.702
112.644
112.568
112.508
112.459
112.365
112.315
112.248
112.187
112.118
112.054
111.99
111.933
111.867
111.795
111.741
111.675
111.615
111.545
111.486
111.424
111.376
111.289
111.252
111.186
111.105
111.06
111.005
110.947
110.89
110.839
110.777
110.724
110.66
110.604
110.544
110.496
110.43
110.395
110.328
110.286
110.218
110.183
110.126
110.08
110.022
109.972
109.923
109.871
109.824
109.767
109.724
109.672
109.629
109.58
109.533
109.482
109.452
109.387
109.356
109.305
109.262
109.21
109.176
109.149
109.105
109.092
108.996
108.989
108.972
108.965
108.948
108.948
108.938
108.955
108.953
108.977
109.002
109.022
109.027
109.037
109.064
109.063
109.105
109.113
109.154
109.155
109.195
109.214
109.258
109.287
109.331
109.375
109.452
109.488
109.573
109.619
109.68
109.74
109.776
109.839
109.915
109.988
110.011
110.101
110.165
110.239
110.3
110.382
110.438
110.547
110.612
110.7
110.732
110.821
110.887
110.944
111.025
111.093
111.158
111.208
111.288
111.367
111.402
111.511
111.573
111.625
111.72
111.782
111.838
111.872
111.946
112.012
112.036
112.106
112.171
112.25
112.29
112.366
112.444
112.516
112.568
112.662
112.735
112.796
112.849
112.933
113.003
113.09
113.146
113.236
113.323
113.406
113.472
113.591
113.64
113.708
113.774
113.874
113.935
114.019
114.102
114.218
114.299
114.4
114.495
114.57
114.654
114.763
114.884
114.964
115.077
115.203
115.29
115.358
115.478
115.57
115.649
115.728
115.829
115.915
115.964
116.062
116.155
116.208
116.287
116.357
116.421
116.495
116.556
116.617
116.673
116.728
116.77
116.827
116.869
116.915
116.976
117.009
117.079
117.112
117.164
117.207
117.257
117.292
117.333
117.386
117.406
117.43
117.489
117.506
117.538
117.557
117.582
117.603
117.621
117.644
117.649
117.671
117.681
117.713
117.733
117.836
117.793
117.84
117.838
117.882
117.907
117.934
117.954
117.962
118.004
117.992
118.022
118.034
118.06
118.072
118.069
118.077
118.09
118.087
118.112
118.132
118.16
118.153
118.193
118.199
118.206
118.214
118.214
118.222
118.212
118.231
118.214
118.202
118.209
118.202
118.189
118.194
118.163
118.172
118.142
118.147
118.125
118.111
118.091
118.077
118.048
118.035
118.019
117.986
117.95
117.939
117.923
117.879
117.864
117.825
117.818
117.759
117.745
117.714
117.672
117.637
117.602
117.562
117.537
117.475
117.454
117.407
117.374
117.328
117.283
117.26
117.204
117.174
117.116
117.089
117.03
117
116.94
116.892
116.842
116.797
116.744
116.691
116.654
116.625
116.583
116.543
116.512
116.46
116.434
116.374
116.357
116.297
116.264
116.212
116.178
116.121
116.084
116.029
115.991
115.936
115.894
115.837
115.791
115.737
115.675
115.634
115.56
115.525
115.447
115.404
115.333
115.282
115.215
115.163
115.1
115.056
115.006
114.956
114.905
114.854
114.805
114.756
114.708
114.671
114.63
114.594
114.555
114.514
114.447
114.44
114.41
114.379
114.345
114.339
114.299
114.264
114.249
114.221
114.179
114.144
114.119
114.072
114.038
114.007
113.963
113.913
113.883
113.84
113.792
113.757
113.721
113.674
113.62
113.59
113.552
113.482
113.448
113.404
113.354
113.313
113.258
113.221
113.158
113.123
113.066
113.021
112.968
112.921
112.872
112.822
112.774
112.724
112.667
112.624
112.569
112.518
112.468
112.414
112.367
112.308
112.264
112.204
112.158
112.103
112.053
111.999
111.95
111.893
111.842
111.786
111.738
111.68
111.628
111.575
111.523
111.472
111.418
111.372
111.336
111.291
111.263
111.225
111.197
111.165
111.149
111.131
111.109
111.075
111.062
111.034
111.01
110.995
110.976
110.952
110.923
110.922
110.869
110.866
110.845
110.82
110.786
110.769
110.746
110.722
110.729
110.705
110.707
110.698
110.69
110.681
110.683
110.658
110.675
110.643
110.644
110.608
110.618
110.6
110.584
110.581
110.557
110.561
110.529
110.529
110.52
110.525
110.518
110.521
110.507
110.546
110.521
110.559
110.55
110.577
110.592
110.633
110.661
110.698
110.707
110.749
110.772
110.807
110.813
110.841
110.859
110.877
110.902
110.893
110.935
110.956
110.989
111.022
111.064
111.11
111.155
111.199
111.242
111.319
111.363
111.432
111.502
111.544
111.588
111.647
111.676
111.746
111.78
111.835
111.867
111.921
111.954
112.011
112.044
112.101
112.137
112.184
112.2
112.249
112.29
112.315
112.362
112.403
112.466
112.525
112.592
112.65
112.712
112.79
112.859
112.935
112.999
113.069
113.146
113.189
113.263
113.323
113.379
113.434
113.495
113.544
113.61
113.645
113.72
113.757
113.822
113.887
113.94
114.004
114.057
114.143
114.198
114.287
114.336
114.408
114.469
114.54
114.589
114.66
114.701
114.778
114.826
114.891
114.949
115.019
115.083
115.141
115.196
115.253
115.31
115.366
115.415
115.467
115.53
115.585
115.657
115.702
115.777
115.816
115.881
115.938
116.002
116.061
116.127
116.179
116.237
116.3
116.358
116.409
116.475
116.525
116.606
116.655
116.725
116.778
116.806
116.872
116.936
116.979
117.031
117.098
117.138
117.219
117.25
117.314
117.353
117.421
117.464
117.493
117.544
117.579
117.613
117.65
117.702
117.697
117.73
117.774
117.784
117.809
117.828
117.837
117.881
117.885
117.889
117.896
117.934
117.93
117.934
117.958
117.96
117.953
117.97
117.991
117.999
117.999
118.024
118.034
118.031
118.035
118.035
118.048
118.024
118.048
118.027
118.03
118.024
118.023
118.016
117.995
117.998
117.969
117.958
117.949
117.94
117.925
117.914
117.889
117.881
117.859
117.839
117.816
117.801
117.795
117.758
117.752
117.704
117.709
117.667
117.651
117.619
117.592
117.554
117.533
117.495
117.462
117.422
117.403
117.362
117.318
117.301
117.267
117.229
117.184
117.168
117.117
117.074
117.048
116.997
116.947
116.915
116.874
116.809
116.771
116.735
116.673
116.617
116.587
116.536
116.478
116.422
116.384
116.32
116.263
116.216
116.156
116.086
116.043
115.984
115.92
115.861
115.803
115.731
115.676
115.636
115.595
115.525
115.5
115.436
115.393
115.327
115.307
115.25
115.215
115.168
115.132
115.065
115.039
114.981
114.949
114.907
114.896
114.846
114.806
114.795
114.751
114.706
114.663
114.646
114.582
114.54
114.508
114.473
114.42
114.378
114.32
114.298
114.234
114.192
114.155
114.117
114.09
114.044
114.02
113.988
113.949
113.908
113.879
113.84
113.793
113.769
113.728
113.694
113.644
113.607
113.57
113.508
113.467
113.41
113.354
113.307
113.267
113.194
113.162
113.082
113.038
112.985
112.945
112.881
112.822
112.778
112.716
112.667
112.622
112.58
112.55
112.504
112.468
112.442
112.406
112.368
112.342
112.32
112.265
112.225
112.211
112.152
112.138
112.07
112.037
112.008
111.952
111.931
111.88
111.853
111.81
111.774
111.714
111.682
111.663
111.59
111.568
111.528
111.485
111.452
111.401
111.367
111.318
111.271
111.237
111.19
111.161
111.115
111.076
111.034
111.026
111.008
110.977
110.964
110.966
110.943
110.949
110.953
110.979
110.956
110.988
110.997
110.985
110.99
110.997
110.992
111.005
110.999
111.012
110.985
111.003
111.011
110.991
110.989
110.97
110.984
110.984
110.977
110.963
110.991
110.995
111.003
111.009
111.038
111.031
111.043
111.08
111.105
111.106
111.145
111.182
111.179
111.224
111.233
111.284
111.269
111.306
111.314
111.34
111.377
111.403
111.421
111.438
111.488
111.496
111.507
111.542
111.555
111.569
111.597
111.606
111.637
111.638
111.677
111.7
111.748
111.781
111.838
111.87
111.931
111.957
112.016
112.05
112.103
112.147
112.189
112.234
112.276
112.321
112.35
112.395
112.434
112.467
112.494
112.527
112.562
112.59
112.61
112.649
112.674
112.697
112.722
112.763
112.796
112.837
112.872
112.908
112.952
113.001
113.071
113.133
113.185
113.239
113.303
113.346
113.412
113.461
113.522
113.584
113.635
113.692
113.752
113.8
113.872
113.911
113.97
114.031
114.088
114.155
114.203
114.277
114.334
114.393
114.469
114.516
114.578
114.633
114.666
114.729
114.773
114.818
114.853
114.911
114.953
115.039
115.103
115.174
115.24
115.305
115.355
115.443
115.494
115.583
115.648
115.703
115.768
115.811
115.886
115.936
116.005
116.045
116.067
116.146
116.186
116.233
116.276
116.309
116.369
116.397
116.449
116.494
116.566
116.588
116.647
116.687
116.735
116.774
116.802
116.836
116.856
116.906
116.927
116.962
116.972
117.025
117.057
117.107
117.117
117.157
117.197
117.216
117.24
117.274
117.289
117.316
117.324
117.359
117.37
117.375
117.405
117.399
117.416
117.416
117.431
117.435
117.437
117.446
117.442
117.437
117.448
117.422
117.435
117.419
117.42
117.407
117.397
117.395
117.362
117.356
117.356
117.325
117.36
117.33
117.335
117.344
117.358
117.361
117.364
117.369
117.365
117.35
117.356
117.366
117.334
117.336
117.318
117.324
117.288
117.302
117.265
117.267
117.237
117.22
117.21
117.187
117.177
117.153
117.138
117.097
117.07
117.051
117.012
116.982
116.958
116.904
116.893
116.845
116.821
116.778
116.755
116.704
116.653
116.626
116.567
116.533
116.49
116.445
116.4
116.348
116.312
116.257
116.208
116.171
116.11
116.07
116.027
116.014
115.953
115.925
115.886
115.846
115.793
115.762
115.732
115.692
115.648
115.605
115.566
115.518
115.487
115.431
115.402
115.338
115.29
115.244
115.204
115.147
115.099
115.047
114.998
114.942
114.896
114.845
114.794
114.732
114.669
114.623
114.557
114.499
114.439
114.391
114.311
114.248
114.19
114.138
114.075
114.01
113.936
113.895
113.832
113.777
113.76
113.717
113.698
113.673
113.628
113.607
113.558
113.556
113.495
113.463
113.431
113.4
113.356
113.328
113.269
113.249
113.192
113.155
113.125
113.086
113.038
113.006
112.967
112.938
112.893
112.839
112.81
112.769
112.72
112.668
112.631
112.589
112.546
112.503
112.455
112.41
112.37
112.325
112.27
112.234
112.185
112.156
112.104
112.058
112.014
112.006
111.936
111.913
111.879
111.846
111.814
111.77
111.748
111.706
111.668
111.629
111.595
111.559
111.534
111.498
111.484
111.454
111.438
111.399
111.376
111.33
111.312
111.288
111.256
111.233
111.206
111.172
111.167
111.152
111.139
111.128
111.12
111.114
111.117
111.1
111.102
111.116
111.098
111.146
111.115
111.213
111.182
111.214
111.231
111.239
111.267
111.265
111.3
111.285
111.317
111.319
111.318
111.337
111.348
111.369
111.372
111.386
111.409
111.403
111.444
111.454
111.487
111.487
111.521
111.531
111.53
111.571
111.562
111.579
111.589
111.6
111.632
111.628
111.652
111.651
111.678
111.681
111.685
111.71
111.713
111.738
111.766
111.785
111.837
111.806
111.865
111.867
111.909
111.918
111.971
111.992
112.049
112.08
112.121
112.174
112.231
112.265
112.309
112.362
112.375
112.438
112.448
112.516
112.524
112.578
112.606
112.665
112.686
112.738
112.759
112.814
112.837
112.905
112.943
112.983
113.036
113.07
113.129
113.182
113.199
113.253
113.292
113.332
113.364
113.406
113.433
113.47
113.488
113.529
113.553
113.592
113.624
113.66
113.683
113.708
113.754
113.769
113.799
113.82
113.847
113.864
113.902
113.932
113.96
114.004
114.025
114.048
114.089
114.112
114.173
114.237
114.297
114.342
114.405
114.458
114.535
114.588
114.657
114.711
114.765
114.821
114.878
114.935
114.971
115.035
115.083
115.144
115.207
115.266
115.324
115.378
115.427
115.487
115.538
115.587
115.651
115.732
115.797
115.882
115.933
116.029
116.072
116.142
116.193
116.254
116.31
116.367
116.416
116.471
116.517
116.558
116.61
116.648
116.693
116.726
116.763
116.797
116.866
116.902
116.963
116.99
117.037
117.066
117.101
117.128
117.171
117.186
117.234
117.277
117.314
117.35
117.412
117.457
117.516
117.553
117.611
117.653
117.693
117.727
117.764
117.799
117.818
117.851
117.869
117.907
117.916
117.949
117.968
117.995
117.998
118.033
118.04
118.057
118.073
118.082
118.091
118.105
118.102
118.094
118.099
118.088
118.093
118.084
118.077
118.06
118.062
118.05
118.048
118.032
118.022
118.018
117.987
117.992
117.971
117.952
117.922
117.896
117.861
117.851
117.819
117.778
117.766
117.748
117.713
117.684
117.65
117.62
117.593
117.552
117.524
117.489
117.449
117.409
117.37
117.324
117.279
117.239
117.191
117.144
117.106
117.049
117.013
116.962
116.932
116.895
116.851
116.843
116.79
116.756
116.721
116.675
116.627
116.598
116.541
116.52
116.449
116.423
116.365
116.327
116.275
116.234
116.183
116.142
116.098
116.047
116.002
115.947
115.897
115.832
115.79
115.718
115.672
115.655
115.558
115.524
115.46
115.399
115.336
115.276
115.218
115.146
115.097
115.036
114.957
114.904
114.84
114.777
114.704
114.654
114.578
114.507
114.444
114.376
114.313
114.242
114.17
114.101
114.029
113.962
113.898
113.817
113.748
113.671
113.602
113.526
113.46
113.385
113.322
113.27
113.219
113.156
113.095
113.042
112.998
112.938
112.9
112.855
112.813
112.744
112.709
112.662
112.607
112.568
112.506
112.48
112.416
112.365
112.318
112.28
112.233
112.185
112.136
112.095
112.034
111.997
111.933
111.888
111.854
111.794
111.751
111.691
111.634
111.605
111.545
111.504
111.459
111.416
111.361
111.307
111.302
111.294
111.231
111.241
111.218
111.162
111.143
111.116
111.075
111.041
111.025
110.992
110.955
110.926
110.907
110.868
110.845
110.834
110.832
110.788
110.802
110.779
110.761
110.751
110.751
110.745
110.733
110.741
110.726
110.725
110.729
110.719
110.71
110.717
110.693
110.718
110.704
110.735
110.76
110.799
110.84
110.888
110.941
110.96
111.016
111.038
111.081
111.125
111.152
111.182
111.222
111.253
111.284
111.298
111.36
111.375
111.395
111.44
111.46
111.48
111.527
111.577
111.593
111.645
111.677
111.708
111.736
111.804
111.827
111.886
111.935
111.988
112.016
112.096
112.116
112.166
112.204
112.251
112.291
112.317
112.381
112.412
112.46
112.508
112.562
112.588
112.617
112.672
112.724
112.764
112.795
112.876
112.909
112.976
113.029
113.107
113.161
113.243
113.28
113.366
113.414
113.468
113.519
113.576
113.628
113.657
113.736
113.765
113.806
113.833
113.908
113.922
113.977
114.01
114.054
114.083
114.133
114.163
114.226
114.267
114.307
114.352
114.392
114.428
114.459
114.505
114.563
114.619
114.662
114.717
114.769
114.816
114.859
114.912
114.963
114.98
115.036
115.076
115.11
115.139
115.181
115.206
115.246
115.291
115.343
115.375
115.425
115.475
115.506
115.554
115.591
115.635
115.654
115.7
115.733
115.76
115.785
115.822
115.846
115.861
115.904
115.913
115.927
115.941
115.97
115.969
115.978
116.003
116.012
116.013
116.028
116.042
116.038
116.056
116.052
116.065
116.048
116.075
116.065
116.06
116.06
116.062
116.048
116.045
116.039
116.028
116.014
116.005
115.999
115.973
115.979
115.98
115.971
115.97
115.958
115.959
115.938
115.937
115.931
115.935
115.956
115.974
116.01
116.018
116.056
116.085
116.109
116.122
116.154
116.142
116.175
116.182
116.214
116.19
116.245
116.268
116.267
116.292
116.313
116.351
116.348
116.388
116.404
116.411
116.439
116.465
116.447
116.487
116.501
116.516
116.519
116.553
116.556
116.568
116.584
116.589
116.627
116.598
116.645
116.623
116.642
116.624
116.641
116.641
116.632
116.62
116.627
116.583
116.608
116.578
116.581
116.557
116.538
116.524
116.485
116.491
116.445
116.446
116.408
116.404
116.359
116.331
116.309
116.272
116.217
116.212
116.171
116.134
116.107
116.071
116.035
116.011
115.95
115.92
115.881
115.875
115.807
115.765
115.734
115.681
115.651
115.609
115.571
115.521
115.469
115.44
115.382
115.348
115.304
115.25
115.2
115.18
115.114
115.051
115.015
114.98
114.903
114.862
114.81
114.749
114.7
114.666
114.628
114.584
114.57
114.533
114.508
114.457
114.44
114.406
114.38
114.34
114.308
114.271
114.246
114.203
114.182
114.131
114.097
114.059
114.027
113.989
113.961
113.921
113.876
113.851
113.814
113.786
113.759
113.726
113.677
113.644
113.598
113.562
113.528
113.491
113.448
113.417
113.387
113.332
113.309
113.285
113.237
113.202
113.164
113.132
113.095
113.059
113.022
112.975
112.937
112.905
112.87
112.842
112.802
112.758
112.739
112.701
112.662
112.654
112.616
112.628
112.579
112.576
112.546
112.52
112.513
112.515
112.495
112.498
112.468
112.479
112.48
112.49
112.492
112.518
112.53
112.55
112.577
112.603
112.631
112.69
112.716
112.757
112.787
112.802
112.842
112.873
112.905
112.917
112.969
112.983
113.002
113.047
113.09
113.108
113.161
113.193
113.228
113.27
113.312
113.338
113.386
113.434
113.475
113.521
113.541
113.61
113.628
113.657
113.704
113.74
113.762
113.793
113.862
113.881
113.934
113.961
114.022
114.053
114.102
114.138
114.202
114.234
114.311
114.327
114.381
114.43
114.462
114.486
114.527
114.571
114.584
114.629
114.674
114.681
114.71
114.755
114.788
114.825
114.864
114.921
114.939
114.983
115.02
115.052
115.054
115.086
115.104
115.139
115.171
115.209
115.233
115.272
115.301
115.342
115.372
115.388
115.48
115.529
115.581
115.655
115.669
115.746
115.786
115.865
115.882
115.932
115.976
116.022
116.046
116.104
116.137
116.169
116.197
116.252
116.269
116.286
116.338
116.348
116.406
116.388
116.473
116.481
116.526
116.546
116.602
116.62
116.657
116.679
116.703
116.721
116.747
116.765
116.785
116.813
116.824
116.84
116.839
116.878
116.862
116.887
116.886
116.903
116.917
116.954
116.973
117.015
116.997
117.037
117.059
117.075
117.076
117.088
117.107
117.11
117.102
117.114
117.123
117.117
117.136
117.125
117.142
117.132
117.131
117.118
117.136
117.108
117.099
117.104
117.092
117.079
117.063
117.061
117.042
117.023
117.013
116.997
116.994
117.006
116.993
117.005
116.984
116.992
116.976
116.971
116.96
116.952
116.926
116.918
116.902
116.877
116.861
116.846
116.821
116.8
116.791
116.761
116.749
116.716
116.707
116.676
116.653
116.628
116.612
116.574
116.542
116.526
116.504
116.496
116.472
116.471
116.441
116.449
116.442
116.444
116.42
116.444
116.404
116.419
116.392
116.389
116.367
116.355
116.347
116.315
116.325
116.279
116.287
116.255
116.245
116.222
116.219
116.196
116.203
116.172
116.176
116.143
116.141
116.115
116.1
116.09
116.07
116.059
116.027
116.023
116.023
116.033
116.002
116
115.993
115.981
115.957
115.963
115.924
115.905
115.885
115.879
115.85
115.826
115.838
115.812
115.833
115.815
115.817
115.829
115.837
115.81
115.813
115.824
115.8
115.8
115.79
115.8
115.77
115.77
115.746
115.746
115.703
115.716
115.694
115.667
115.65
115.623
115.605
115.577
115.556
115.526
115.52
115.461
115.457
115.434
115.391
115.362
115.335
115.303
115.268
115.195
115.158
115.139
115.106
115.062
115.016
114.989
114.932
114.897
114.833
114.818
114.757
114.728
114.684
114.643
114.597
114.559
114.509
114.47
114.432
114.39
114.34
114.294
114.257
114.196
114.168
114.109
114.086
114.025
113.997
113.947
113.917
113.867
113.839
113.815
113.785
113.762
113.736
113.712
113.683
113.668
113.633
113.623
113.599
113.568
113.535
113.501
113.47
113.456
113.416
113.402
113.369
113.342
113.334
113.328
113.313
113.309
113.306
113.294
113.295
113.29
113.291
113.268
113.27
113.262
113.236
113.25
113.257
113.26
113.279
113.281
113.272
113.288
113.298
113.294
113.286
113.291
113.292
113.298
113.29
113.297
113.284
113.265
113.247
113.229
113.209
113.198
113.18
113.178
113.183
113.191
113.206
113.26
113.292
113.343
113.388
113.423
113.449
113.491
113.505
113.564
113.567
113.602
113.625
113.669
113.686
113.74
113.771
113.792
113.831
113.871
113.908
113.936
113.965
114
114.019
114.047
114.093
114.141
114.17
114.197
114.251
114.273
114.333
114.357
114.412
114.449
114.467
114.522
114.547
114.602
114.636
114.705
114.735
114.78
114.826
114.875
114.897
114.947
114.981
115.02
115.04
115.089
115.112
115.136
115.177
115.195
115.231
115.239
115.3
115.322
115.352
115.398
115.426
115.449
115.49
115.521
115.578
115.613
115.656
115.696
115.748
115.79
115.827
115.868
115.901
115.924
115.965
115.985
116.014
116.044
116.073
116.092
116.102
116.096
116.128
116.122
116.136
116.152
116.149
116.164
116.168
116.199
116.198
116.225
116.243
116.248
116.262
116.283
116.288
116.338
116.328
116.389
116.375
116.412
116.43
116.43
116.451
116.454
116.465
116.468
116.474
116.479
116.471
116.479
116.481
116.486
116.505
116.496
116.549
116.527
116.589
116.589
116.597
116.608
116.62
116.621
116.63
116.642
116.651
116.638
116.643
116.653
116.644
116.651
116.641
116.663
116.624
116.657
116.623
116.62
116.602
116.577
116.553
116.532
116.519
116.507
116.498
116.497
116.493
116.469
116.468
116.452
116.443
116.421
116.44
116.396
116.403
116.385
116.369
116.346
116.332
116.328
116.298
116.278
116.261
116.241
116.21
116.194
116.179
116.167
116.157
116.162
116.157
116.137
116.144
116.151
116.147
116.117
116.113
116.112
116.105
116.071
116.083
116.066
116.041
116.025
116.023
115.985
115.98
115.957
115.927
115.924
115.899
115.869
115.855
115.839
115.806
115.787
115.762
115.743
115.701
115.675
115.65
115.614
115.586
115.57
115.56
115.514
115.515
115.503
115.509
115.541
115.537
115.551
115.56
115.59
115.574
115.575
115.579
115.568
115.56
115.547
115.542
115.524
115.525
115.501
115.489
115.471
115.463
115.447
115.437
115.42
115.42
115.401
115.411
115.399
115.39
115.377
115.372
115.355
115.352
115.322
115.319
115.3
115.287
115.257
115.246
115.241
115.228
115.229
115.204
115.222
115.194
115.188
115.167
115.152
115.142
115.128
115.098
115.093
115.081
115.088
115.059
115.074
115.09
115.074
115.083
115.071
115.1
115.053
115.083
115.073
115.062
115.041
115.056
115.023
115.017
114.989
115.001
114.955
114.955
114.944
114.927
114.917
114.896
114.897
114.844
114.85
114.825
114.806
114.776
114.762
114.727
114.696
114.673
114.651
114.607
114.574
114.551
114.521
114.502
114.468
114.444
114.396
114.385
114.352
114.305
114.277
114.276
114.275
114.253
114.244
114.229
114.213
114.198
114.159
114.151
114.136
114.103
114.089
114.067
114.027
114.017
113.976
113.952
113.939
113.906
113.886
113.895
113.885
113.9
113.873
113.881
113.896
113.9
113.9
113.906
113.91
113.919
113.926
113.928
113.938
113.933
113.925
113.936
113.936
113.924
113.942
113.909
113.933
113.901
113.904
113.902
113.899
113.878
113.885
113.875
113.867
113.858
113.847
113.85
113.858
113.858
113.851
113.857
113.861
113.866
113.858
113.85
113.833
113.842
113.827
113.817
113.807
113.816
113.785
113.799
113.8
113.806
113.82
113.824
113.847
113.851
113.878
113.899
113.92
113.928
113.985
113.999
114.021
114.065
114.08
114.146
114.154
114.19
114.224
114.259
114.268
114.305
114.314
114.36
114.36
114.401
114.406
114.418
114.437
114.453
114.468
114.485
114.498
114.501
114.521
114.524
114.569
114.57
114.605
114.62
114.65
114.675
114.717
114.74
114.773
114.8
114.845
114.876
114.895
114.929
114.937
114.984
115
115.03
115.045
115.079
115.092
115.112
115.119
115.157
115.153
115.197
115.225
115.269
115.294
115.323
115.358
115.383
115.428
115.441
115.494
115.524
115.564
115.596
115.639
115.656
115.698
115.727
115.753
115.78
115.806
115.827
115.846
115.869
115.888
115.909
115.915
115.937
115.945
115.958
115.966
115.98
115.981
116
116
116.005
116.018
116.042
116.046
116.069
116.08
116.09
116.106
116.11
116.152
116.162
116.179
116.191
116.214
116.226
116.246
116.261
116.291
116.327
116.353
116.349
116.379
116.396
116.407
116.418
116.426
116.456
116.433
116.452
116.457
116.463
116.47
116.479
116.477
116.49
116.472
116.492
116.488
116.463
116.456
116.453
116.434
116.423
116.395
116.395
116.369
116.359
116.38
116.356
116.366
116.357
116.367
116.352
116.35
116.339
116.355
116.322
116.319
116.317
116.302
116.29
116.27
116.251
116.229
116.217
116.212
116.184
116.17
116.151
116.153
116.115
116.135
116.15
116.128
116.145
116.126
116.146
116.116
116.116
116.114
116.11
116.093
116.087
116.083
116.037
116.044
116.026
116
115.987
115.971
115.953
115.916
115.905
115.892
115.858
115.845
115.813
115.791
115.75
115.74
115.713
115.681
115.654
115.619
115.582
115.551
115.525
115.491
115.439
115.41
115.354
115.326
115.276
115.245
115.209
115.151
115.113
115.082
115.079
115.068
115.049
115.053
115.034
115.025
115.038
115.036
115.039
115.035
115.042
114.999
115.033
115.039
115.03
115.045
115.05
115.065
115.054
115.079
115.104
115.079
115.095
115.11
115.104
115.108
115.101
115.123
115.089
115.106
115.106
115.085
115.096
115.084
115.084
115.054
115.076
115.049
115.027
115.03
115.019
114.987
114.971
114.965
114.944
114.9
114.92
114.886
114.845
114.834
114.822
114.794
114.755
114.76
114.726
114.693
114.669
114.652
114.618
114.593
114.565
114.539
114.504
114.483
114.453
114.451
114.419
114.425
114.401
114.379
114.36
114.355
114.34
114.322
114.312
114.285
114.271
114.264
114.233
114.219
114.206
114.177
114.152
114.096
114.127
114.121
114.115
114.116
114.126
114.115
114.139
114.116
114.144
114.147
114.14
114.146
114.14
114.15
114.136
114.137
114.14
114.141
114.129
114.125
114.12
114.12
114.145
114.142
114.155
114.163
114.15
114.166
114.161
114.164
114.172
114.149
114.167
114.19
114.288
114.329
114.395
114.447
114.505
114.553
114.619
114.66
114.701
114.768
114.802
114.844
114.894
114.939
114.987
115.027
115.138
115.242
115.345
115.444
115.49
115.573
115.707
115.828
115.948
116.089
116.198
116.31
116.439
116.552
116.659
116.774
116.884
116.993
117.094
117.198
117.345
117.533
117.718
117.911
118.091
118.283
118.461
118.645
118.818
118.996
119.177
119.35
119.518
119.684
119.851
120.012
120.17
120.32
120.478
120.628
120.774
120.926
121.132
121.357
121.589
121.809
122.022
122.236
122.421
122.682
122.943
123.262
123.605
123.944
124.277
124.603
124.945
125.287
125.621
125.949
126.277
126.599
126.912
127.223
127.531
127.828
128.121
128.413
128.699
128.976
129.254
129.581
129.933
130.277
130.622
130.96
131.293
131.645
131.999
132.35
132.697
133.037
133.374
133.756
134.155
134.555
134.951
135.34
135.725
136.105
136.48
136.848
137.206
137.565
137.917
138.27
138.617
138.962
139.303
139.64
139.974
140.306
140.634
140.958
141.281
141.599
141.917
142.234
142.613
142.996
143.389
143.782
144.169
144.546
144.921
145.294
145.7
146.225
146.751
147.273
147.791
148.302
148.807
149.306
149.798
150.284
150.757
151.223
151.694
152.159
152.641
153.159
153.933
154.733
155.528
156.315
157.095
157.872
158.772
159.733
160.687
161.633
162.57
163.5
164.421
165.332
166.235
167.133
168.023
168.903
169.773
170.632
171.481
172.324
173.159
173.995
174.822
175.641
176.451
177.253
178.044
178.825
179.596
180.359
181.117
181.873
182.619
183.358
184.088
184.81
185.524
186.23
186.928
187.619
188.296
188.966
189.622
190.27
190.911
191.546
192.174
192.797
193.413
194.028
194.637
195.242
195.846
196.448
197.046
197.638
198.227
198.812
199.394
199.971
200.544
201.113
201.677
202.236
202.79
203.336
203.873
204.407
204.935
