0.0264111
0.0528479
0.0786259
0.116043
0.141858
0.167681
0.193388
0.219115
0.244852
0.270612
0.296389
0.322132
0.347894
0.373605
0.399298
0.425026
0.450748
0.476491
0.502274
0.528015
0.553737
0.579473
0.605254
0.63098
0.65668
0.682411
0.708167
0.733908
0.759599
0.785303
0.811029
0.83677
0.862508
0.888311
0.914068
0.939802
0.965533
0.991269
1.01702
1.04278
1.06853
1.09423
1.11999
1.14577
1.1715
1.19724
1.22296
1.2487
1.27451
1.30028
1.32608
1.35183
1.37756
1.40329
1.42901
1.45494
1.48075
1.50651
1.53226
1.55801
1.58376
1.60953
1.63533
1.66109
1.68683
1.71256
1.7383
1.76405
1.78978
1.81554
1.84127
1.867
1.89274
1.91848
1.94425
1.97002
1.99576
2.02149
2.04728
2.07305
2.09929
2.12511
2.15087
2.17665
2.20242
2.22818
2.25398
2.27976
2.30548
2.33119
2.3569
2.38265
2.40838
2.43414
2.45987
2.48563
2.5114
2.5372
2.56295
2.5887
2.61443
2.64014
2.66589
2.69163
2.71736
2.74306
2.76882
2.7946
2.82035
2.84608
2.87187
2.8976
2.92334
2.94911
2.97485
3.00063
3.02644
3.0522
3.07799
3.10374
3.12953
3.15527
3.18102
3.20681
3.23257
3.25833
3.28405
3.30975
3.33549
3.36123
3.38698
3.41271
3.43843
3.46414
3.48986
3.51562
3.54135
3.56708
3.59285
3.6186
3.64436
3.67009
3.69585
3.7216
3.74733
3.77305
3.79881
3.82457
3.85028
3.876
3.90172
3.92749
3.95325
3.979
4.00475
4.03048
4.05625
4.08202
4.10781
4.13354
4.15928
4.18505
4.21081
4.2366
4.26237
4.28813
4.31389
4.33962
4.36537
4.39107
4.4168
4.44261
4.46837
4.49413
4.51985
4.54559
4.57132
4.59705
4.62283
4.64858
4.67433
4.70009
4.72582
4.75151
4.77728
4.80301
4.82875
4.85449
4.88021
4.90593
4.93165
4.95737
4.9831
5.00885
5.03467
5.06047
5.10825
5.13396
5.15971
5.18545
5.21118
5.23694
5.26268
5.28842
5.31416
5.33988
5.3656
5.39137
5.41713
5.44285
5.46855
5.49428
5.52001
5.54575
5.5715
5.59722
5.62296
5.64873
5.67446
5.70019
5.72595
5.75172
5.77746
5.80317
5.82889
5.85462
5.88033
5.90606
5.93176
5.95749
5.98331
6.00907
6.03482
6.06054
6.08631
6.11207
6.13793
6.16375
6.18949
6.21522
6.24095
6.26674
6.29253
6.31831
6.34411
6.36987
6.39563
6.42139
6.44717
6.47289
6.4986
6.52433
6.55015
6.57589
6.60163
6.62739
6.65317
6.67895
6.70471
6.73045
6.75625
6.78198
6.80775
6.83351
6.85925
6.885
6.91077
6.93651
6.9622
6.98795
7.01371
7.03945
7.06516
7.09086
7.11657
7.14231
7.16815
7.19394
7.21972
7.24547
7.27123
7.297
7.32283
7.34862
7.3744
7.40013
7.43234
7.45807
7.48378
7.50952
7.53529
7.56105
7.58686
7.61263
7.63841
7.66419
7.68993
7.71566
7.74143
7.76716
7.79288
7.81861
7.8444
7.87016
7.89593
7.9217
7.94746
7.97322
7.99899
8.02471
8.05042
8.07617
8.10187
8.1276
8.15332
8.17904
8.20475
8.23059
8.25641
8.28215
8.30787
8.33358
8.3593
8.38503
8.41077
8.43652
8.46228
8.48808
8.51385
8.53957
8.56533
8.59108
8.61686
8.64267
8.66841
8.69417
8.71994
8.74568
8.77143
8.79718
8.82294
8.84872
8.87449
8.90026
8.92601
8.95177
8.97751
9.00335
9.02911
9.05486
9.0806
9.10635
9.13209
9.15781
9.18353
9.20929
9.23522
9.26105
9.2868
9.31257
9.33832
9.36406
9.38979
9.41552
9.44124
9.46699
9.49275
9.51851
9.54426
9.56999
9.59573
9.62146
9.64722
9.67295
9.69871
9.72449
9.75029
9.77607
9.80181
9.82761
9.85333
9.87908
9.90482
9.93054
9.95634
9.98209
10.0079
10.0336
10.0594
10.0851
10.1108
10.1366
10.1623
10.1881
10.2138
10.2395
10.2653
10.2911
10.3168
10.3425
10.3683
10.394
10.4197
10.4455
10.4712
10.497
10.5228
10.5485
10.5743
10.6
10.6258
10.6515
10.6773
10.703
10.7288
10.7546
10.7804
10.8061
10.8318
10.8576
10.8834
10.9091
10.9349
10.9606
10.9864
11.0121
11.0379
11.0636
11.0894
11.1152
11.141
11.1667
11.1925
11.2182
11.244
11.2698
11.2955
11.3213
11.347
11.3729
11.3987
11.4244
11.4501
11.4759
11.5017
11.5274
11.5532
11.579
11.6047
11.6305
11.6562
11.682
11.7078
11.7335
11.7593
11.785
11.8108
11.8366
11.8623
11.8881
11.9138
11.9396
11.9653
11.9911
12.0168
12.0425
12.0682
12.094
12.1197
12.1455
12.1712
12.197
12.2228
12.2485
12.2742
12.3
12.3257
12.3515
12.3772
12.4029
12.4286
12.4543
12.4801
12.5058
12.5316
12.5573
12.5831
12.6089
12.6346
12.6604
12.6862
12.7119
12.7376
12.7633
12.789
12.8148
12.8405
12.8663
12.8921
12.9179
12.9436
12.9693
12.9951
13.0209
13.0466
13.0724
13.0982
13.124
13.1497
13.1754
13.2012
13.2269
13.2527
13.2785
13.3042
13.3299
13.3557
13.3815
13.4072
13.4331
13.4588
13.4846
13.5104
13.5361
13.5619
13.5876
13.6134
13.6391
13.6649
13.6906
13.7164
13.7423
13.7681
13.7938
13.8196
13.8455
13.8712
13.8969
13.9227
13.9485
13.9742
14
14.0257
14.0515
14.0772
14.103
14.1288
14.1545
14.1802
14.206
14.2317
14.2575
14.2833
14.3091
14.3348
14.3607
14.3864
14.4121
14.4379
14.4637
14.4895
14.5152
14.541
14.5667
14.5924
14.6181
14.6439
14.6696
14.6954
14.7211
14.7469
14.7726
14.7983
14.8241
14.8499
14.8756
14.9014
14.9272
14.9529
14.9787
15.0044
15.0302
15.0559
15.0817
15.1074
15.1331
15.1589
15.1847
15.2105
15.2362
15.262
15.2877
15.3134
15.3392
15.365
15.3908
15.4165
15.4422
15.468
15.4937
15.5195
15.5452
15.571
15.5967
15.6225
15.6483
15.674
15.6998
15.7256
15.7514
15.7771
15.8028
15.8286
15.8543
15.8801
15.9058
15.9315
15.9573
15.983
16.0088
16.0345
16.0603
16.086
16.1117
16.1375
16.1633
16.189
16.2148
16.2407
16.2665
16.2923
16.3181
16.3438
16.3695
16.3954
16.4211
16.4469
16.4726
16.4984
16.5241
16.5499
16.5757
16.6015
16.6273
16.653
16.6788
16.7045
16.7303
16.756
16.7817
16.8074
16.8332
16.8589
16.8847
16.9104
16.9362
16.962
16.9878
17.0136
17.0394
17.0652
17.0909
17.1166
17.1424
17.1682
17.1939
17.2197
17.2454
17.2712
17.297
17.3227
17.3485
17.3743
17.4001
17.4258
17.4515
17.4773
17.503
17.5287
17.5545
17.5802
17.6059
17.6317
17.6574
17.6832
17.7089
17.7347
17.7605
17.7862
17.812
17.8377
17.8635
17.8892
17.9149
17.9407
17.9664
17.9922
18.018
18.0437
18.0695
18.0952
18.1209
18.1467
18.1724
18.1982
18.2239
18.2497
18.2754
18.3012
18.327
18.3527
18.3785
18.4043
18.4301
18.4559
18.4817
18.5074
18.5331
18.5589
18.5846
18.6103
18.6361
18.6618
18.6877
18.7135
18.7393
18.765
18.7907
18.8165
18.8423
18.868
18.8938
18.9195
18.9452
18.971
18.9967
19.0225
19.0482
19.074
19.0997
19.1255
19.1512
19.177
19.2027
19.2286
19.2544
19.2802
19.306
19.3317
19.3575
19.3832
19.409
19.4348
19.4605
19.4863
19.512
19.5378
19.5635
19.5893
19.615
19.6408
19.6665
19.6923
19.718
19.7438
19.7696
19.7953
19.8211
19.8469
19.8726
19.8984
19.9242
19.9499
19.9757
20.0014
20.0271
20.0529
20.0786
20.1044
20.1302
20.1559
20.1817
20.2074
20.2332
20.259
20.2849
20.3107
20.3365
20.3623
20.388
20.4138
20.4395
20.4653
20.4911
20.5168
20.5426
20.5683
20.5941
20.6198
20.6456
20.6713
20.6971
20.7229
20.7487
20.7744
20.8002
20.8259
20.8517
20.8774
20.9032
20.9289
20.9547
20.9805
21.0062
21.032
21.0577
21.0835
21.1092
21.1349
21.1607
21.1865
21.2123
21.238
21.2638
21.2895
21.3152
21.3409
21.3667
21.3924
21.4182
21.4439
21.4697
21.4954
21.5212
21.5469
21.5727
21.5985
21.6243
21.65
21.6758
21.7015
21.7272
21.753
21.7788
21.8046
21.8305
21.8563
21.882
21.9078
21.9335
21.9593
21.985
22.0108
22.0366
22.0624
22.0881
22.1138
22.1396
22.1653
22.1911
22.2169
22.2426
22.2683
22.2941
22.3198
22.3456
22.3713
22.397
22.4228
22.4486
22.4744
22.5001
22.5259
22.5516
22.5773
22.6031
22.6288
22.6546
22.6804
22.7061
22.7319
22.7576
22.7833
22.8091
22.8349
22.8606
22.8863
22.9121
22.9379
22.9637
22.9894
23.0152
23.041
23.0667
23.0925
23.1182
23.1439
23.1696
23.1955
23.2212
23.247
23.2727
23.2985
23.3242
23.35
23.3758
23.4016
23.4274
23.4531
23.4788
23.5046
23.5304
23.5561
23.5819
23.6077
23.6334
23.6592
23.685
23.7107
23.7365
23.7624
23.7881
23.8139
23.8396
23.8654
23.8911
23.9168
23.9426
23.9684
23.9941
24.0198
24.0456
24.0714
24.0971
24.1229
24.1486
24.1745
24.2002
24.226
24.2517
24.2774
24.3032
24.3289
24.3547
24.3804
24.4062
24.4319
24.4577
24.4834
24.5092
24.535
24.5607
24.5865
24.6123
24.6381
24.6639
24.6897
24.7154
24.7412
24.7669
24.7927
24.8184
24.8442
24.8699
24.8957
24.9215
24.9473
24.973
24.9988
25.0245
25.0503
25.0761
25.1018
25.1276
25.1533
25.179
25.2048
25.2306
25.2564
25.2822
25.308
25.3337
25.3595
25.3852
25.4109
25.4366
25.4624
25.4882
25.514
25.5398
25.5655
25.5912
25.617
25.6427
25.6685
25.6943
25.72
25.7458
25.7716
25.7973
25.8231
25.8489
25.8746
25.9004
25.9261
25.9518
25.9776
26.0033
26.029
26.0547
26.0804
26.1061
26.1319
26.1576
26.1834
26.2091
26.2349
26.2607
26.2864
26.3122
26.3379
26.3637
26.3894
26.4152
26.441
26.4668
26.4926
26.5183
26.5441
26.5699
26.5957
26.6214
26.6472
26.6729
26.6987
26.7245
26.7503
26.7761
26.802
26.8277
26.8535
26.8793
26.905
26.9308
26.9566
26.9823
27.0081
27.0338
27.0596
27.0854
27.1111
27.1369
27.1627
27.1885
27.2142
27.2399
27.2657
27.2915
27.3172
27.343
27.3688
27.3945
27.4203
27.4461
27.4718
27.4975
27.5233
27.549
27.5747
27.6005
27.6263
27.6521
27.6779
27.7036
27.7294
27.7551
27.7808
27.8066
27.8324
27.8581
27.8839
27.9096
27.9354
27.9612
27.9869
28.0126
28.0384
28.0642
28.0899
28.1157
28.1414
28.1672
28.193
28.2187
28.2445
28.2703
28.2961
28.3218
28.3476
28.3733
28.399
28.4248
28.4505
28.4763
28.5021
28.528
28.5538
28.5795
28.6052
28.631
28.6568
28.6826
28.7084
28.7342
28.7599
28.7856
28.8113
28.8371
28.8628
28.8886
28.9143
28.9401
28.9658
28.9916
29.0173
29.0431
29.0689
29.0947
29.1204
29.1461
29.1719
29.1977
29.2234
29.2491
29.2749
29.3006
29.3264
29.3522
29.3779
29.4036
29.4293
29.4551
29.4808
29.5065
29.5323
29.558
29.5838
29.6096
29.6353
29.661
29.6867
29.7125
29.7382
29.764
29.7897
29.8155
29.8413
29.867
29.8928
29.9186
29.9444
29.9701
29.9959
30.0216
30.0474
30.0731
30.0989
30.1246
30.1504
30.1761
30.2018
30.2276
30.2534
30.2792
30.3049
30.3307
30.3564
30.3822
30.4079
30.4336
30.4594
30.4852
30.5109
30.5367
30.5625
30.5882
30.614
30.6398
30.6655
30.6913
30.717
30.7428
30.7686
30.7943
30.8201
30.8459
30.8716
30.8974
30.9232
30.9489
30.9747
31.0004
31.0262
31.0519
31.0776
31.1034
31.1291
31.1549
31.1806
31.2063
31.2321
31.2579
31.2837
31.3094
31.3351
31.3609
31.3866
31.4124
31.4381
31.4639
31.4896
31.5154
31.5412
31.5669
31.5927
31.6184
31.6441
31.6699
31.6956
31.7214
31.7471
31.7728
31.7986
31.8244
31.8501
31.8759
31.9016
31.9274
31.9531
31.9789
32.0046
32.0303
32.0561
32.0818
32.1076
32.1333
32.1591
32.1849
32.2106
32.2364
32.2621
32.288
32.3137
32.3395
32.3652
32.391
32.4168
32.4425
32.4682
32.494
32.5197
32.5455
32.5712
32.597
32.6228
32.6485
32.6743
32.7001
32.7259
32.7516
32.7773
32.803
32.8288
32.8545
32.8803
32.906
32.9364
32.9621
32.9879
33.0137
33.0395
33.0652
33.091
33.1168
33.1426
33.1684
33.1942
33.2201
33.2459
33.2717
33.2974
33.3232
33.3489
33.3747
33.4005
33.4262
33.452
33.4778
33.5035
33.5293
33.5551
33.5809
33.6066
33.6324
33.6582
33.6839
33.7097
33.7355
33.7612
33.787
33.8127
33.8385
33.8643
33.89
33.9157
33.9414
33.9672
33.9929
34.0187
34.0444
34.0701
34.0959
34.1217
34.1474
34.1732
34.1989
34.2247
34.2506
34.2764
34.3021
34.3278
34.3536
34.3794
34.4052
34.431
34.4568
34.4825
34.5083
34.5341
34.5599
34.5857
34.6115
34.6373
34.6631
34.6888
34.7146
34.7404
34.7661
34.792
34.8178
34.8436
34.8693
34.8951
34.9208
34.9466
34.9723
34.9981
35.0239
35.0496
35.0754
35.1011
35.1269
35.1527
35.1784
35.2042
35.2299
35.2557
35.2814
35.3072
35.3329
35.3587
35.3845
35.4102
35.436
35.4618
35.4876
35.5134
35.5392
35.5649
35.5908
35.6165
35.6423
35.6681
35.6938
35.7196
35.7453
35.7711
35.7968
35.8226
35.8484
35.8741
35.8998
35.9256
35.9513
35.977
36.0028
36.0285
36.0543
36.08
36.1057
36.1314
36.1572
36.1829
36.2086
36.2344
36.2602
36.2859
36.3116
36.3374
36.3633
36.389
36.4148
36.4405
36.4663
36.4921
36.5178
36.5437
36.5694
36.5952
36.6209
36.6467
36.6725
36.6983
36.7241
36.7498
36.7755
36.8013
36.827
36.8528
36.8786
36.9043
36.93
36.9558
36.9816
37.0073
37.0331
37.0589
37.0847
37.1104
37.1362
37.1619
37.1877
37.2134
37.2392
37.2649
37.2907
37.3164
37.3422
37.3679
37.3937
37.4195
37.4452
37.471
37.4968
37.5225
37.5483
37.574
37.5998
37.6255
37.6512
37.677
37.7028
37.7286
37.7544
37.7802
37.8059
37.8317
37.8575
37.8832
37.9089
37.9347
37.9604
37.9862
38.0119
38.0377
38.0635
38.0892
38.115
38.1407
38.1664
38.1922
38.218
38.2437
38.2694
38.2952
38.3209
38.3466
38.3724
38.3981
38.4238
38.4495
38.4753
38.501
38.5268
38.5526
38.5783
38.604
38.6298
38.6555
38.6813
38.7071
38.7328
38.7585
38.7843
38.8101
38.8358
38.8616
38.8873
38.9131
38.9388
38.9646
38.9903
39.0161
39.0419
39.0676
39.0934
39.1191
39.1449
39.1707
39.1964
39.2222
39.2479
39.2737
39.2994
39.3252
39.3509
39.3767
39.4024
39.4281
39.4539
39.4796
39.5054
39.5311
39.5569
39.5826
39.6084
39.6342
39.6599
39.6857
39.7114
39.7371
39.7629
39.7886
39.8144
39.8401
39.8659
39.8916
39.9174
39.9431
39.9688
39.9946
40.0203
40.0461
40.0719
40.0976
40.1234
40.1491
40.1748
40.2006
40.2263
40.2521
40.2779
40.3036
40.3294
40.3551
40.3809
40.4066
40.4324
40.4581
40.4839
40.5097
40.5355
40.5612
40.5869
40.6127
40.6384
40.6642
40.6899
40.7157
40.7414
40.7672
40.793
40.8187
40.8445
40.8703
40.896
40.9217
40.9475
40.9732
40.999
41.0247
41.0505
41.0762
41.102
41.1277
41.1534
41.1791
41.2049
41.2306
41.2563
41.2821
41.3079
41.3336
41.3594
41.3851
41.4108
41.4366
41.4623
41.4881
41.5138
41.5396
41.5653
41.5911
41.6168
41.6426
41.6684
41.6941
41.7198
41.7456
41.7713
41.7971
41.8229
41.8486
41.8744
41.9002
41.9259
41.9517
41.9774
42.0031
42.0289
42.0546
42.0804
42.1061
42.1319
42.1577
42.1834
42.2092
42.235
42.2608
42.2865
42.3123
42.338
42.3638
42.3896
42.4154
42.4411
42.4669
42.4927
42.5184
42.5442
42.5699
42.5956
42.6214
42.6471
42.6728
42.6985
42.7243
42.75
42.7757
42.8014
42.8271
42.8529
42.8786
42.9044
42.9302
42.9559
42.9816
43.0074
43.0331
43.0589
43.0847
43.1104
43.1361
43.1618
43.1876
43.2134
43.2392
43.2649
43.2907
43.3164
43.3422
43.3679
43.3937
43.4195
43.4452
43.471
43.4967
43.5225
43.5483
43.574
43.5998
43.6255
43.6513
43.677
43.7027
43.7285
43.7542
43.78
43.8057
43.8314
43.8572
43.8829
43.9086
43.9344
43.9602
43.9859
44.0117
44.0375
44.0632
44.089
44.1148
44.1405
44.1663
44.192
44.2178
44.2435
44.2693
44.295
44.3208
44.3466
44.3724
44.3982
44.4239
44.4497
44.4755
44.5012
44.527
44.5527
44.5784
44.6041
44.6299
44.6556
44.6813
44.7072
44.733
44.7587
44.7844
44.8102
44.8359
44.8616
44.8873
44.913
44.9387
44.9644
44.9901
45.0158
45.0415
45.0672
45.0929
45.1186
45.1443
45.17
45.1957
45.2214
45.2471
45.2728
45.2986
45.3243
45.35
45.3757
45.4014
45.4271
45.4528
45.4785
45.5042
45.5299
45.5556
45.5813
45.607
45.6327
45.6584
45.6841
45.7098
45.7356
45.7613
45.787
45.8127
45.8384
45.8642
45.8899
45.9156
45.9413
45.967
45.9927
46.0184
46.0441
46.0698
46.0955
46.1212
46.1469
46.1726
46.1983
46.2241
46.2498
46.2755
46.3012
46.3268
46.3525
46.3782
46.4039
46.4296
46.4553
46.4811
46.5068
46.5326
46.5583
46.5841
46.6098
46.6355
46.6612
46.6869
46.7127
46.7384
46.7641
46.7899
46.8156
46.8413
46.867
46.8927
46.9184
46.9442
46.9699
46.9956
47.0213
47.047
47.0727
47.0984
47.1242
47.1499
47.1756
47.2014
47.2272
47.2529
47.2787
47.3044
47.3302
47.356
47.3817
47.4074
47.4332
47.4589
47.4847
47.5104
47.5362
47.562
47.5878
47.6135
47.6393
47.6651
47.6909
47.7167
47.7424
47.7682
47.794
47.8198
47.8456
47.8713
47.8971
47.9228
47.9486
47.9744
48.0002
48.0259
48.0517
48.0775
48.1032
48.129
48.1548
48.1806
48.2064
48.2321
48.2579
48.2836
48.3095
48.3353
48.361
48.3867
48.4125
48.4383
48.4641
48.4898
48.5157
48.5414
48.5672
48.593
48.6188
48.6446
48.6703
48.6961
48.7218
48.7476
48.7733
48.799
48.8248
48.8505
48.8763
48.902
48.9278
48.9536
48.9794
49.0051
49.0309
49.0567
49.0824
49.1082
49.134
49.1597
49.1855
49.2113
49.2371
49.2629
49.2887
49.3144
49.3402
49.366
49.3918
49.4175
49.4433
49.4691
49.4949
49.5206
49.5464
49.5722
49.5981
49.6239
49.6496
49.6754
49.7011
49.7269
49.7527
49.7785
49.8043
49.8301
49.8558
49.8816
49.9073
49.9331
49.9589
49.9847
50.0104
50.0362
50.062
50.0877
50.1135
50.1393
50.1651
50.1909
50.2166
50.2424
50.2683
50.2941
50.3199
50.3456
50.3714
50.3971
50.4229
50.4486
50.4744
50.5002
50.5259
50.5518
50.5776
50.6034
50.6291
50.6549
50.6807
50.7064
50.7322
50.7579
50.7837
50.8096
50.8354
50.8611
50.8869
50.9126
50.9384
50.9641
50.9898
51.0156
51.0414
51.0672
51.093
51.1188
51.1445
51.1703
51.1961
51.2218
51.2476
51.2733
51.2991
51.3249
51.3507
51.3765
51.4023
51.4281
51.4539
51.4796
51.5054
51.5312
51.557
51.5828
51.6085
51.6343
51.66
51.6858
51.7115
51.7373
51.763
51.7889
51.8147
51.8404
51.8662
51.8919
51.9176
51.9434
51.9691
51.9949
52.0206
52.0464
52.0722
52.098
52.1238
52.1496
52.1753
52.2011
52.2269
52.2526
52.2784
52.3042
52.33
52.3558
52.3815
52.4073
52.433
52.4587
52.4845
52.5102
52.536
52.5618
52.5875
52.6133
52.639
52.6649
52.6906
52.7164
52.7422
52.7679
52.7936
52.8194
52.8451
52.871
52.8968
52.9226
52.9484
52.9743
53.0001
53.0259
53.0516
53.0774
53.1032
53.1289
53.1547
53.1804
53.2061
53.2319
53.2576
53.2833
53.3091
53.3349
53.3606
53.3864
53.4121
53.4378
53.4636
53.4894
53.5151
53.5409
53.5666
53.5924
53.6181
53.6439
53.6696
53.6954
53.7211
53.7469
53.7726
53.7983
53.8241
53.8498
53.8756
53.9013
53.9271
53.9528
53.9786
54.0045
54.0303
54.056
54.0818
54.1076
54.1334
54.1591
54.1849
54.2107
54.2365
54.2623
54.2881
54.3139
54.3397
54.3655
54.3913
54.4171
54.4429
54.4686
54.4943
54.5201
54.5459
54.5716
54.5974
54.6232
54.6489
54.6748
54.7005
54.7262
54.752
54.7777
54.8035
54.8292
54.8551
54.8808
54.9066
54.9324
54.9581
54.9838
55.0096
55.0354
55.0611
55.0869
55.1126
55.1383
55.1641
55.1899
55.2157
55.2415
55.2672
55.293
55.3188
55.3445
55.3703
55.3961
55.4218
55.4476
55.4733
55.499
55.5248
55.5505
55.5763
55.602
55.6277
55.6534
55.6793
55.705
55.7308
55.7565
55.7823
55.808
55.8338
55.8595
55.8852
55.911
55.9367
55.9624
55.9881
56.0138
56.0396
56.0653
56.091
56.1167
56.1425
56.1682
56.1939
56.2197
56.2455
56.2713
56.297
56.3228
56.3486
56.3743
56.4001
56.4258
56.4516
56.4774
56.5031
56.5288
56.5546
56.5804
56.6061
56.6319
56.6577
56.6834
56.7092
56.7349
56.7607
56.7864
56.8122
56.8379
56.8637
56.8894
56.9151
56.9409
56.9667
56.9925
57.0183
57.0441
57.0698
57.0956
57.1213
57.1471
57.1728
57.1986
57.2244
57.2501
57.2759
57.3016
57.3274
57.3531
57.3789
57.4046
57.4303
57.4561
57.4818
57.5076
57.5333
57.5592
57.5849
57.6106
57.6364
57.6621
57.6878
57.7136
57.7394
57.7652
57.7909
57.8167
57.8425
57.8682
57.894
57.9198
57.9455
57.9713
57.997
58.0229
58.0486
58.0743
58.1001
58.1259
58.1516
58.1773
58.2031
58.2289
58.2547
58.2805
58.3063
58.3321
58.3578
58.3837
58.4094
58.4352
58.4609
58.4866
58.5124
58.5382
58.5639
58.5896
58.6153
58.641
58.6668
58.6925
58.7182
58.744
58.7697
58.7955
58.8212
58.847
58.8728
58.8985
58.9243
58.9501
58.9758
59.0015
59.0272
59.053
59.0787
59.1045
59.1303
59.156
59.1817
59.2074
59.2332
59.259
59.2847
59.3105
59.3362
59.362
59.3877
59.4135
59.4393
59.465
59.4908
59.5165
59.5423
59.5681
59.5938
59.6196
59.6454
59.6711
59.6969
59.7226
59.7483
59.7741
59.7998
59.8255
59.8512
59.877
59.9028
59.9286
59.9544
59.9801
60.0059
60.0317
60.0574
60.0831
60.1089
60.1347
60.1604
60.1862
60.212
60.2378
60.2635
60.2892
60.315
60.3408
60.3665
60.3923
60.4181
60.4438
60.4696
60.4954
60.5211
60.5468
60.5726
60.5983
60.6241
60.6498
60.6756
60.7014
60.7271
60.7528
60.7785
60.8042
60.83
60.8557
60.8815
60.9072
60.933
60.9588
60.9846
61.0104
61.0361
61.0618
61.0876
61.1134
61.1391
61.1649
61.1907
61.2164
61.2422
61.2679
61.2937
61.3194
61.3452
61.3709
61.3967
61.4225
61.4482
61.474
61.4998
61.5255
61.5513
61.577
61.6027
61.6285
61.6542
61.68
61.7057
61.7315
61.7572
61.783
61.8087
61.8344
61.8602
61.886
61.9117
61.9375
61.9632
61.9889
62.0146
62.0404
62.0661
62.0919
62.1176
62.1433
62.1691
62.1948
62.2206
62.2463
62.2721
62.2979
62.3236
62.3494
62.3751
62.4009
62.4266
62.4524
62.4782
62.504
62.5297
62.5555
62.5814
62.6071
62.6329
62.6587
62.6844
62.7101
62.7359
62.7616
62.7874
62.8132
62.839
62.8647
62.8905
62.9162
62.942
62.9677
62.9935
63.0192
63.0449
63.0707
63.0964
63.1221
63.1479
63.1736
63.1994
63.2251
63.2509
63.2766
63.3023
63.3281
63.3538
63.3796
63.4053
63.4311
63.4568
63.4826
63.5084
63.5342
63.56
63.5857
63.6114
63.6372
63.663
63.6888
63.7145
63.7403
63.7661
63.7919
63.8176
63.8433
63.8691
63.8949
63.9206
63.9463
63.9721
63.9978
64.0236
64.0493
64.075
64.1008
64.1265
64.1523
64.178
64.2038
64.2295
64.2552
64.2809
64.3067
64.3324
64.3582
64.384
64.4097
64.4354
64.4611
64.4869
64.5127
64.5384
64.5642
64.59
64.6157
64.6414
64.6672
64.693
64.7188
64.7445
64.7703
64.796
64.8218
64.8475
64.8733
64.899
64.9247
64.9505
64.9763
65.002
65.0278
65.0535
65.0793
65.105
65.1308
65.1565
65.1823
65.2081
65.2339
65.2597
65.2854
65.3112
65.337
65.3627
65.3885
65.4142
65.44
65.4657
65.4915
65.5172
65.5429
65.5687
65.5944
65.6201
65.6459
65.6716
65.6973
65.723
65.7487
65.7745
65.8003
65.826
65.8517
65.8775
65.9032
65.929
65.9547
65.9804
66.0062
66.0319
66.0576
66.0833
66.109
66.1349
66.1607
66.1864
66.2121
66.2378
66.2636
66.2893
66.3151
66.3408
66.3665
66.3923
66.418
66.4437
66.4695
66.4952
66.521
66.5468
66.5725
66.5983
66.6241
66.6499
66.6756
66.7014
66.7271
66.7529
66.7787
66.8045
66.8302
66.856
66.8817
66.9075
66.9332
66.959
66.9848
67.0105
67.0363
67.0621
67.0878
67.1135
67.1393
67.165
67.1907
67.2165
67.2423
67.268
67.2937
67.3195
67.3452
67.371
67.3968
67.4226
67.4484
67.4741
67.4999
67.5257
67.5515
67.5773
67.603
67.6288
67.6546
67.6803
67.7061
67.7318
67.7575
67.7833
67.809
67.8348
67.8606
67.8863
67.9121
67.9378
67.9635
67.9893
68.0151
68.0408
68.0665
68.0923
68.118
68.1438
68.1696
68.1953
68.221
68.2468
68.2726
68.2983
68.3241
68.3498
68.3756
68.4204
68.4462
68.4719
68.4977
68.5235
68.5492
68.575
68.6008
68.6265
68.6523
68.6781
68.7038
68.7296
68.7553
68.781
68.8067
68.8325
68.8583
68.884
68.9098
68.9355
68.9612
68.9871
69.0128
69.0386
69.0644
69.0901
69.1158
69.1416
69.1673
69.1931
69.2189
69.2446
69.2703
69.2961
69.3219
69.3476
69.3734
69.3992
69.4249
69.4507
69.4765
69.5022
69.528
69.5538
69.5796
69.6053
69.6311
69.6568
69.6826
69.7084
69.7342
69.7599
69.7857
69.8115
69.8372
69.863
69.8887
69.9145
69.9403
69.9661
69.9918
70.0175
70.0433
70.0691
70.0949
70.1206
70.1464
70.1722
70.1979
70.2237
70.2494
70.2752
70.3009
70.3267
70.3524
70.3782
70.4039
70.4296
70.4554
70.4811
70.5068
70.5326
70.5583
70.584
70.6097
70.6355
70.6612
70.6869
70.7127
70.7384
70.7641
70.7899
70.8156
70.8414
70.8671
70.8928
70.9186
70.9443
70.9702
70.9959
71.0217
71.0474
71.0731
71.0989
71.1247
71.1504
71.1762
71.202
71.2277
71.2534
71.2792
71.305
71.3307
71.3565
71.3822
71.408
71.4337
71.4595
71.4853
71.511
71.5367
71.5625
71.5883
71.6141
71.6399
71.6657
71.6914
71.7172
71.7429
71.7687
71.7944
71.8201
71.8459
71.8716
71.8974
71.9232
71.9489
71.9747
72.0005
72.0263
72.0521
72.0778
72.1035
72.1292
72.155
72.1807
72.2066
72.2324
72.2581
72.2839
72.3096
72.3354
72.3611
72.3869
72.4127
72.4384
72.4641
72.4899
72.5157
72.5414
72.5672
72.5929
72.6187
72.6444
72.6702
72.6959
72.7217
72.7474
72.7731
72.7988
72.8246
72.8503
72.8761
72.9018
72.9275
72.9533
72.9791
73.0048
73.0306
73.0563
73.0821
73.1079
73.1336
73.1594
73.1851
73.2109
73.2366
73.2623
73.2881
73.3139
73.3396
73.3654
73.3911
73.4168
73.4426
73.4684
73.4942
73.5199
73.5457
73.5714
73.5972
73.6229
73.6487
73.6744
73.7002
73.726
73.7517
73.7775
73.8033
73.8291
73.8548
73.8806
73.9063
73.9321
73.9578
73.9836
74.0093
74.0351
74.0608
74.0866
74.1123
74.1381
74.1638
74.1896
74.2154
74.2412
74.2669
74.2926
74.3184
74.3441
74.3699
74.3956
74.4214
74.4471
74.4729
74.4986
74.5243
74.5501
74.5759
74.6016
74.6273
74.6531
74.6788
74.7047
74.7305
74.7562
74.7819
74.8076
74.8333
74.8591
74.8848
74.9104
74.9362
74.9619
74.9877
75.0135
75.0392
75.065
75.0907
75.1165
75.1422
75.168
75.1937
75.2194
75.2452
75.2709
75.2966
75.3223
75.3481
75.3739
75.3997
75.4254
75.4512
75.4769
75.5026
75.5284
75.5541
75.5799
75.6056
75.6314
75.6571
75.6828
75.7086
75.7343
75.7601
75.7858
75.8115
75.8372
75.863
75.8887
75.9144
75.9402
75.9659
75.9916
76.0174
76.0431
76.0689
76.0946
76.1203
76.1461
76.1718
76.1975
76.2232
76.2489
76.2747
76.3004
76.3262
76.352
76.3777
76.4034
76.4292
76.4549
76.4807
76.5065
76.5322
76.558
76.5837
76.6094
76.6352
76.6609
76.6867
76.7125
76.7383
76.764
76.7897
76.8154
76.8411
76.8668
76.8926
76.9183
76.944
76.9697
76.9955
77.0212
77.0469
77.0726
77.0984
77.1242
77.1499
77.1757
77.2014
77.2272
77.2529
77.2786
77.3044
77.3301
77.3559
77.3816
77.4074
77.4331
77.4589
77.4846
77.5104
77.5362
77.5619
77.5877
77.6134
77.6392
77.665
77.6908
77.7166
77.7423
77.768
77.7938
77.8195
77.8453
77.8711
77.8969
77.9226
77.9484
77.9741
77.9998
78.0256
78.0513
78.0771
78.1029
78.1287
78.1545
78.1803
78.206
78.2318
78.2576
78.2833
78.309
78.3348
78.3605
78.3863
78.412
78.4377
78.4635
78.4893
78.515
78.5407
78.5665
78.5922
78.618
78.6437
78.6695
78.6953
78.721
78.7468
78.7726
78.7983
78.8241
78.8499
78.8757
78.9014
78.9271
78.9529
78.9786
79.0044
79.0301
79.0559
79.0816
79.1073
79.1331
79.1588
79.1845
79.2103
79.236
79.2617
79.2875
79.3132
79.339
79.3647
79.3905
79.4163
79.442
79.4678
79.4936
79.5194
79.5452
79.571
79.5968
79.6226
79.6483
79.6741
79.6998
79.7256
79.7513
79.7771
79.8029
79.8286
79.8544
79.8801
79.9058
79.9316
79.9573
79.983
80.0088
80.0346
80.0603
80.0861
80.1119
80.1376
80.1634
80.1892
80.215
80.2408
80.2665
80.2923
80.3181
80.3438
80.3696
80.3953
80.4211
80.4469
80.4726
80.4984
80.5241
80.5499
80.5756
80.6013
80.6271
80.6529
80.6786
80.7044
80.7302
80.7559
80.7816
80.8073
80.8331
80.8588
80.8846
80.9104
80.9362
80.9619
80.9877
81.0134
81.0392
81.0649
81.0906
81.1164
81.1422
81.168
81.1937
81.2194
81.2452
81.2709
81.2965
81.3222
81.3479
81.3737
81.3994
81.4252
81.4509
81.4766
81.5024
81.5281
81.5539
81.5796
81.6054
81.6311
81.6568
81.6826
81.7084
81.7342
81.7599
81.7857
81.8115
81.8373
81.863
81.8888
81.9145
81.9403
81.9661
81.9918
82.0176
82.0433
82.0691
82.0949
82.1206
82.1464
82.1721
82.1979
82.2237
82.2494
82.2752
82.301
82.3268
82.3526
82.3784
82.4041
82.4299
82.4557
82.4814
82.5072
82.5329
82.5587
82.5844
82.6102
82.636
82.6617
82.6875
82.7132
82.739
82.7647
82.7905
82.8162
82.8419
82.8677
82.8934
82.9192
82.9449
82.9707
82.9964
83.0222
83.0479
83.0737
83.0994
83.1252
83.1511
83.1768
83.2026
83.2283
83.2541
83.2799
83.3056
83.3314
83.3572
83.383
83.4087
83.4345
83.4602
83.486
83.5117
83.5375
83.5632
83.5889
83.6148
83.6406
83.6663
83.6921
83.7178
83.7435
83.7692
83.7949
83.8207
83.8464
83.8722
83.8979
83.9237
83.9494
83.9751
84.0009
84.0266
84.0523
84.078
84.1037
84.1294
84.1552
84.1809
84.2066
84.2324
84.2581
84.2839
84.3097
84.3354
84.3612
84.387
84.4128
84.4385
84.4642
84.49
84.5158
84.5416
84.5673
84.5931
84.6189
84.6446
84.6704
84.6961
84.7218
84.7476
84.7733
84.799
84.8247
84.8505
84.8763
84.902
84.9278
84.9535
84.9793
85.0051
85.0309
85.0567
85.0825
85.1083
85.1341
85.1599
85.1856
85.2114
85.2371
85.2629
85.2888
85.3145
85.3403
85.3661
85.3918
85.4176
85.4434
85.4691
85.4949
85.5207
85.5464
85.5722
85.598
85.6237
85.6494
85.6752
85.7009
85.7267
85.7524
85.7782
85.8039
85.8297
85.8554
85.8811
85.9068
85.9325
85.9583
85.9841
86.0099
86.0356
86.0614
86.0871
86.1129
86.1387
86.1645
86.1902
86.216
86.2418
86.2675
86.2933
86.3192
86.3449
86.3707
86.3965
86.4223
86.4481
86.4738
86.4996
86.5254
86.5512
86.5769
86.6027
86.6286
86.6544
86.6802
86.706
86.7317
86.7575
86.7833
86.809
86.8348
86.8606
86.8863
86.9121
86.9379
86.9637
86.9894
87.0152
87.041
87.0667
87.0925
87.1183
87.1441
87.1698
87.1956
87.2214
87.2471
87.2728
87.2986
87.3244
87.3502
87.3766
87.4024
87.4282
87.4539
87.4796
87.5054
87.5312
87.557
87.5827
87.6085
87.6342
87.66
87.6859
87.7117
87.7374
87.7631
87.7889
87.8146
87.8404
87.8661
87.8918
87.9176
87.9433
87.9691
87.995
88.0207
88.0465
88.0723
88.0981
88.1238
88.1496
88.1754
88.2011
88.2269
88.2526
88.2783
88.3041
88.3299
88.3557
88.3814
88.4072
88.433
88.4588
88.4846
88.5103
88.536
88.5618
88.5875
88.6133
88.6391
88.6648
88.6906
88.7164
88.7421
88.7678
88.7936
88.8194
88.8451
88.8709
88.8966
88.9224
88.9482
88.974
88.9998
89.0257
89.0514
89.0772
89.1029
89.1287
89.1545
89.1803
89.206
89.2318
89.2576
89.2833
89.3091
89.3349
89.3606
89.3863
89.4122
89.4379
89.4637
89.4895
89.5153
89.541
89.5668
89.5925
89.6183
89.6441
89.6698
89.6957
89.7214
89.7472
89.773
89.7988
89.8245
89.8503
89.876
89.9018
89.9275
89.9532
89.979
90.0047
90.0305
90.0563
90.082
90.1078
90.1336
90.1594
90.1852
90.2109
90.2367
90.2625
90.2883
90.314
90.3398
90.3656
90.3914
90.4172
90.4429
90.4686
90.4944
90.5202
90.546
90.5718
90.5975
90.6232
90.649
90.6748
90.7006
90.7264
90.7521
90.7779
90.8036
90.8295
90.8553
90.8811
90.9069
90.9326
90.9584
90.9842
91.01
91.0358
91.0616
91.0874
91.1131
91.1389
91.1647
91.1905
91.2163
91.2421
91.2678
91.2935
91.3192
91.3451
91.3709
91.3966
91.4224
91.4481
91.4739
91.4996
91.5254
91.5512
91.5769
91.6027
91.6285
91.6543
91.68
91.7058
91.7316
91.7574
91.7832
91.8089
91.8347
91.8605
91.8862
91.9121
91.9378
91.9636
91.9893
92.0151
92.0409
92.0667
92.0924
92.1182
92.1439
92.1697
92.1954
92.2212
92.247
92.2728
92.2985
92.3243
92.3501
92.3759
92.4016
92.4274
92.4531
92.4789
92.5047
92.5304
92.5562
92.582
92.6078
92.6336
92.6593
92.6851
92.7109
92.7366
92.7623
92.788
92.8138
92.8395
92.8653
92.8911
92.9168
92.9426
92.9684
92.9941
93.0199
93.0456
93.0714
93.0971
93.123
93.1488
93.1745
93.2003
93.2261
93.2518
93.2775
93.3033
93.329
93.3547
93.3805
93.4062
93.432
93.4577
93.4835
93.5093
93.535
93.5607
93.5865
93.6122
93.6379
93.6637
93.6894
93.7151
93.7409
93.7666
93.7924
93.8181
93.8439
93.8697
93.8954
93.9212
93.947
93.9727
93.9984
94.0242
94.05
94.0757
94.1014
94.1272
94.1529
94.1787
94.2045
94.2302
94.2559
94.2817
94.3074
94.3331
94.3589
94.3846
94.4104
94.4361
94.4619
94.4876
94.5134
94.5392
94.5649
94.5906
94.6164
94.6422
94.668
94.6938
94.7195
94.7452
94.771
94.7967
94.8225
94.8482
94.874
94.8997
94.9255
94.9513
94.977
95.0027
95.0285
95.0542
95.08
95.1057
95.1315
95.1572
95.1829
95.2087
95.2344
95.2602
95.286
95.3117
95.3375
95.3632
95.389
95.4148
95.4405
95.4663
95.492
95.5178
95.5435
95.5692
95.595
95.6207
95.6465
95.6722
95.698
95.7238
95.7495
95.7753
95.801
95.8267
95.8524
95.8782
95.9039
95.9296
95.9553
95.981
96.0067
96.0324
96.0581
96.0838
96.1096
96.1353
96.1611
96.1869
96.2126
96.2383
96.2641
96.2898
96.3155
96.3412
96.367
96.3927
96.4184
96.4442
96.47
96.4957
96.5215
96.5472
96.573
96.5987
96.6245
96.6502
96.6759
96.7017
96.7275
96.7532
96.7789
96.8046
96.8304
96.8562
96.882
96.9078
96.9335
96.9593
96.9851
97.0109
97.0366
97.0624
97.0881
97.114
97.1397
97.1655
97.1913
97.2171
97.2429
97.2686
97.2944
97.3201
97.3459
97.3716
97.3974
97.4232
97.4489
97.4747
97.5005
97.5263
97.5521
97.5778
97.6036
97.6294
97.6551
97.6809
97.7067
97.7325
97.7582
97.7841
97.8098
97.8356
97.8614
97.8871
97.9128
97.9385
97.9643
97.99
98.0159
98.0416
98.0674
98.0931
98.1189
98.1446
98.1704
98.1962
98.2219
98.2476
98.2734
98.2992
98.3249
98.3507
98.3765
98.4022
98.428
98.4538
98.4796
98.5053
98.531
98.5568
98.5825
98.6084
98.6342
98.66
98.6857
98.7115
98.7373
98.763
98.7888
98.8146
98.8404
98.8661
98.8919
98.9177
98.9435
98.9692
98.995
99.0208
99.0466
99.0723
99.0981
99.1239
99.1496
99.1754
99.2012
99.227
99.2527
99.2785
99.3043
99.33
99.3558
99.3816
99.4073
99.4331
99.4589
99.4847
99.5104
99.5361
99.562
99.5878
99.6135
99.6393
99.6651
99.6909
99.7166
99.7423
99.7681
99.7939
99.8197
99.8455
99.8712
99.897
99.9227
99.9485
99.9742
100
100.026
100.052
100.077
100.103
100.129
100.155
100.18
100.206
100.232
100.258
100.283
100.309
100.335
100.361
100.386
100.412
100.438
100.464
100.489
100.515
100.541
100.567
100.593
100.618
100.644
100.67
100.696
100.721
100.747
100.773
100.798
100.824
100.85
100.876
100.901
100.927
100.953
100.979
101.004
101.03
101.056
101.082
101.123
101.149
101.174
101.2
101.226
101.252
101.277
101.303
101.329
101.355
101.38
101.406
101.432
101.458
101.483
101.509
101.535
101.561
101.586
101.612
101.638
101.664
101.689
101.715
101.741
101.767
101.792
101.818
101.844
101.87
101.896
101.921
101.947
101.973
101.999
102.024
102.05
102.076
102.102
102.127
102.153
102.179
102.205
102.23
102.256
102.282
102.308
102.334
102.359
102.385
102.411
102.437
102.462
102.488
102.514
102.54
102.565
102.591
102.617
102.643
102.668
102.694
102.72
102.746
102.771
102.797
102.823
102.848
102.874
102.9
102.926
102.951
102.977
103.003
103.029
103.055
103.08
103.128
103.154
103.18
103.205
103.231
103.257
103.283
103.308
103.334
103.36
103.386
103.411
103.437
103.463
103.489
103.515
103.54
103.566
103.592
103.618
103.643
103.669
103.695
103.721
103.746
103.772
103.798
103.824
103.849
103.875
103.901
103.927
103.953
103.978
104.004
104.03
104.056
104.081
104.107
104.133
104.159
104.184
104.21
104.236
104.262
104.288
104.313
104.339
104.365
104.391
104.417
104.442
104.468
104.494
104.52
104.545
104.571
104.597
104.623
104.648
104.674
104.7
104.725
104.751
104.777
104.803
104.828
104.854
104.88
104.906
104.931
104.957
104.983
105.009
105.034
105.06
105.086
105.112
105.137
105.163
105.189
105.215
105.241
105.266
105.292
105.318
105.344
105.369
105.395
105.421
105.447
105.473
105.498
105.524
105.55
105.576
105.601
105.627
105.653
105.679
105.712
105.738
105.764
105.79
105.815
105.841
105.867
105.893
105.918
105.944
105.97
105.996
106.022
106.047
106.073
106.099
106.124
106.15
106.176
106.202
106.227
106.253
106.279
106.305
106.33
106.356
106.382
106.408
106.434
106.459
106.485
106.511
106.537
106.562
106.588
106.614
106.64
106.665
106.691
106.717
106.743
106.768
106.794
106.82
106.846
106.871
106.897
106.923
106.949
106.974
107
107.026
107.052
107.078
107.103
107.129
107.155
107.18
107.206
107.232
107.258
107.283
107.309
107.335
107.361
107.387
107.412
107.438
107.464
107.49
107.515
107.541
107.567
107.593
107.618
107.644
107.67
107.696
107.722
107.747
107.773
107.799
107.825
107.851
107.876
107.902
107.928
107.954
107.979
108.005
108.031
108.057
108.083
108.108
108.134
108.16
108.186
108.211
108.237
108.263
108.289
108.314
108.34
108.366
108.392
108.417
108.443
108.469
108.495
108.52
108.546
108.572
108.598
108.624
108.649
108.675
108.701
108.727
108.752
108.778
108.804
108.83
108.856
108.881
108.907
108.933
108.959
108.984
109.01
109.036
109.062
109.087
109.113
109.139
109.165
109.19
109.216
109.242
109.267
109.293
109.319
109.345
109.37
109.396
109.422
109.448
109.474
109.499
109.525
109.551
109.577
109.602
109.628
109.654
109.679
109.705
109.731
109.757
109.783
109.808
109.834
109.86
109.886
109.911
109.937
109.963
109.989
110.014
110.04
110.066
110.092
110.117
110.143
110.169
110.195
110.22
110.246
110.272
110.298
110.323
110.349
110.375
110.401
110.426
110.452
110.478
110.504
110.53
110.555
110.581
110.607
110.633
110.658
110.684
110.71
110.736
110.761
110.787
110.813
110.839
110.864
110.89
110.916
110.942
110.967
110.993
111.019
111.045
111.07
111.096
111.122
111.148
111.174
111.199
111.225
111.251
111.277
111.302
111.328
111.354
111.38
111.405
111.431
111.457
111.483
111.508
111.534
111.56
111.586
111.611
111.637
111.663
111.689
111.714
111.74
111.766
111.792
111.817
111.843
111.869
111.895
111.92
111.946
111.972
111.998
112.023
112.049
112.075
112.101
112.126
112.152
112.178
112.204
112.23
112.255
112.281
112.307
112.333
112.358
112.384
112.41
112.436
112.461
112.487
112.513
112.539
112.565
112.59
112.616
112.642
112.668
112.693
112.719
112.745
112.771
112.796
112.822
112.848
112.874
112.899
112.925
112.951
112.977
113.002
113.028
113.054
113.08
113.105
113.131
113.157
113.183
113.209
113.234
113.26
113.286
113.312
113.337
113.363
113.389
113.415
113.44
113.466
113.492
113.518
113.544
113.569
113.595
113.621
113.646
113.672
113.698
113.724
113.749
113.775
113.801
113.827
113.853
113.878
113.904
113.93
113.956
113.981
114.007
114.033
114.059
114.084
114.11
114.136
114.162
114.187
114.213
114.239
114.265
114.291
114.316
114.342
114.368
114.394
114.419
114.445
114.471
114.497
114.523
114.548
114.574
114.6
114.626
114.651
114.677
114.703
114.729
114.754
114.78
114.806
114.832
114.857
114.883
114.909
114.935
114.96
114.986
115.012
115.038
115.063
115.089
115.115
115.141
115.166
115.192
115.218
115.244
115.269
115.295
115.321
115.347
115.372
115.398
115.424
115.45
115.475
115.501
115.527
115.553
115.578
115.604
115.63
115.656
115.681
115.707
115.733
115.759
115.784
115.81
115.836
115.862
115.887
115.913
115.939
115.964
115.99
116.016
116.042
116.067
116.093
116.119
116.145
116.17
116.196
116.222
116.248
116.273
116.299
116.325
116.351
116.376
116.402
116.428
116.454
116.479
116.505
116.531
116.557
116.583
116.608
116.634
116.66
116.686
116.711
116.737
116.763
116.788
116.814
116.84
116.866
116.891
116.917
116.943
116.969
116.994
117.02
117.046
117.072
117.097
117.123
117.149
117.175
117.2
117.226
117.252
117.278
117.304
117.329
117.355
117.381
117.407
117.432
117.458
117.484
117.51
117.535
117.561
117.587
117.612
117.638
117.664
117.69
117.716
117.741
117.767
117.793
117.819
117.844
117.87
117.896
117.922
117.947
117.973
117.999
118.025
118.05
118.076
118.102
118.128
118.153
118.179
118.205
118.231
118.256
118.282
118.308
118.334
118.359
118.385
118.411
118.437
118.463
118.488
118.514
118.54
118.566
118.591
118.617
118.643
118.669
118.694
118.72
118.746
118.772
118.797
118.823
118.849
118.875
118.9
118.926
118.952
118.978
119.004
119.029
119.055
119.081
119.107
119.132
119.158
119.184
119.21
119.235
119.261
119.287
119.313
119.338
119.364
119.39
119.416
119.441
119.467
119.493
119.519
119.544
119.57
119.596
119.622
119.648
119.673
119.699
119.725
119.75
119.776
119.802
119.828
119.854
119.879
119.905
119.931
119.957
119.982
120.008
120.034
120.06
120.085
120.111
120.137
120.163
120.188
120.214
120.24
120.265
120.291
120.317
120.343
120.369
120.394
120.42
120.446
120.472
120.497
120.523
120.549
120.575
120.601
120.627
120.652
120.678
120.704
120.73
120.755
120.781
120.807
120.833
120.858
120.884
120.91
120.935
120.961
120.987
121.013
121.038
121.064
121.09
121.116
121.141
121.167
121.193
121.219
121.244
121.27
121.296
121.322
121.347
121.373
121.399
121.425
121.45
121.476
121.502
121.528
121.553
121.579
121.605
121.631
121.656
121.682
121.708
121.734
121.759
121.785
121.811
121.837
121.862
121.888
121.914
121.94
121.965
121.991
122.017
122.043
122.068
122.094
122.12
122.146
122.171
122.197
122.223
122.248
122.274
122.3
122.326
122.351
122.377
122.403
122.429
122.454
122.48
122.506
122.532
122.557
122.583
122.609
122.635
122.66
122.686
122.712
122.738
122.763
122.789
122.815
122.841
122.866
122.892
122.918
122.944
122.969
122.995
123.021
123.047
123.072
123.098
123.124
123.15
123.175
123.201
123.227
123.253
123.278
123.304
123.33
123.356
123.382
123.407
123.433
123.459
123.485
123.51
123.536
123.562
123.588
123.613
123.639
123.665
123.691
123.716
123.742
123.768
123.794
123.819
123.845
123.871
123.897
123.922
123.948
123.974
124
124.025
124.051
124.077
124.103
124.129
124.154
124.18
124.206
124.232
124.257
124.283
124.309
124.335
124.36
124.386
124.412
124.438
124.463
124.489
124.515
124.541
124.566
124.592
124.618
124.644
124.669
124.695
124.721
124.746
124.772
124.798
124.824
124.849
124.875
124.901
124.927
124.952
124.978
125.004
125.03
125.055
125.081
125.107
125.133
125.158
125.184
125.21
125.236
125.261
125.287
125.313
125.339
125.365
125.39
125.416
125.442
125.468
125.493
125.519
125.545
125.571
125.596
125.622
125.648
125.674
125.699
125.725
125.751
125.777
125.803
125.828
125.854
125.88
125.905
125.931
125.957
125.983
126.008
126.034
126.06
126.086
126.112
126.137
126.163
126.189
126.215
126.24
126.266
126.292
126.318
126.344
126.369
126.395
126.421
126.447
126.472
126.498
126.524
126.549
126.575
126.601
126.627
126.653
126.678
126.704
126.73
126.756
126.781
126.807
126.833
126.859
126.884
126.91
126.936
126.962
126.987
127.013
127.039
127.065
127.091
127.116
127.142
127.168
127.194
127.219
127.245
127.271
127.297
127.322
127.348
127.374
127.4
127.425
127.451
127.477
127.503
127.528
127.554
127.58
127.606
127.631
127.657
127.683
127.709
127.735
127.76
127.786
127.812
127.838
127.863
127.889
127.915
127.941
127.967
127.992
128.018
128.044
128.07
128.095
128.121
128.147
128.173
128.198
128.224
128.25
128.276
128.301
128.327
128.353
128.379
128.404
128.43
128.456
128.482
128.508
128.533
128.559
128.585
128.61
128.636
128.662
128.688
128.713
128.739
128.765
128.791
128.816
128.842
128.868
128.893
128.919
128.945
128.971
128.997
129.022
129.048
129.074
129.1
129.125
129.151
129.177
129.203
129.228
129.254
129.28
129.306
129.331
129.357
129.383
129.409
129.435
129.46
129.486
129.512
129.538
129.563
129.589
129.615
129.641
129.666
129.692
129.718
129.744
129.769
129.795
129.821
129.847
129.872
129.898
129.924
129.95
129.975
130.001
130.027
130.053
130.078
130.104
130.13
130.156
130.181
130.207
130.233
130.259
130.284
130.31
130.336
130.362
130.387
130.413
130.439
130.465
130.49
130.516
130.542
130.568
130.594
130.619
130.645
130.671
130.697
130.722
130.748
130.774
130.799
130.825
130.851
130.877
130.902
130.928
130.954
130.98
131.005
131.031
131.057
131.083
131.108
131.134
131.16
131.186
131.212
131.237
131.263
131.289
131.315
131.34
131.366
131.392
131.418
131.443
131.469
131.495
131.521
131.547
131.572
131.598
131.624
131.65
131.675
131.701
131.727
131.753
131.778
131.804
131.83
131.856
131.881
131.907
131.933
131.959
131.985
132.01
132.036
132.062
132.088
132.113
132.139
132.165
132.19
132.216
132.242
132.268
132.294
132.319
132.345
132.371
132.397
132.422
132.448
132.474
132.5
132.525
132.551
132.577
132.603
132.628
132.654
132.68
132.706
132.731
132.757
132.783
132.809
132.834
132.86
132.886
132.912
132.937
132.963
132.989
133.014
133.04
133.066
133.092
133.117
133.143
133.169
133.195
133.221
133.246
133.272
133.298
133.324
133.349
133.375
133.401
133.427
133.452
133.478
133.504
133.53
133.555
133.581
133.607
133.633
133.658
133.684
133.71
133.736
133.762
133.787
133.813
133.839
133.865
133.89
133.916
133.942
133.968
133.993
134.019
134.045
134.071
134.097
134.122
134.148
134.174
134.2
134.225
134.251
134.277
134.303
134.328
134.354
134.38
134.406
134.432
134.457
134.483
134.509
134.535
134.56
134.586
134.612
134.638
134.664
134.69
134.715
134.741
134.767
134.792
134.818
134.844
134.87
134.896
134.921
134.947
134.973
134.998
135.024
135.05
135.076
135.101
135.127
135.153
135.179
135.204
135.23
135.256
135.282
135.307
135.333
135.359
135.385
135.41
135.436
135.462
135.488
135.513
135.539
135.565
135.591
135.616
135.642
135.668
135.694
135.719
135.745
135.771
135.797
135.822
135.848
135.874
135.9
135.925
135.951
135.977
136.003
136.028
136.054
136.08
136.106
136.131
136.157
136.183
136.209
136.234
136.26
136.286
136.312
136.337
136.363
136.389
136.415
136.44
136.466
136.492
136.518
136.544
136.569
136.595
136.621
136.647
136.672
136.698
136.724
136.75
136.775
136.801
136.827
136.853
136.878
136.904
136.93
136.956
136.982
137.007
137.033
137.059
137.084
137.11
137.136
137.162
137.187
137.213
137.239
137.265
137.29
137.316
137.342
137.368
137.393
137.419
137.445
137.471
137.497
137.522
137.548
137.574
137.6
137.626
137.651
137.677
137.703
137.729
137.754
137.78
137.806
137.832
137.857
137.883
137.909
137.935
137.961
137.986
138.012
138.038
138.064
138.089
138.115
138.141
138.167
138.193
138.218
138.244
138.27
138.296
138.321
138.347
138.373
138.399
138.425
138.45
138.476
138.502
138.528
138.553
138.579
138.605
138.631
138.656
138.682
138.708
138.734
138.759
138.785
138.811
138.837
138.862
138.888
138.914
138.94
138.965
138.991
139.017
139.043
139.069
139.094
139.12
139.146
139.172
139.197
139.223
139.249
139.275
139.301
139.326
139.352
139.378
139.404
139.429
139.455
139.481
139.507
139.532
139.558
139.584
139.61
139.636
139.661
139.687
139.713
139.739
139.764
139.79
139.816
139.842
139.867
139.893
139.919
139.945
139.971
139.996
140.022
140.048
140.074
140.099
140.125
140.151
140.177
140.202
140.228
140.254
140.28
140.305
140.331
140.357
140.383
140.408
140.434
140.46
140.486
140.512
140.537
140.563
140.589
140.615
140.64
140.666
140.692
140.718
140.743
140.769
140.795
140.821
140.846
140.872
140.898
140.924
140.949
140.975
141.001
141.027
141.052
141.078
141.104
141.13
141.155
141.181
141.207
141.233
141.259
141.284
141.31
141.336
141.362
141.387
141.413
141.439
141.465
141.49
141.516
141.542
141.568
141.593
141.619
141.645
141.67
141.696
141.722
141.748
141.774
141.799
141.825
141.851
141.877
141.902
141.928
141.954
141.98
142.005
142.031
142.057
142.083
142.108
142.134
142.16
142.186
142.212
142.237
142.263
142.289
142.315
142.34
142.366
142.392
142.418
142.443
142.469
142.495
142.521
142.547
142.572
142.598
142.624
142.65
142.676
142.701
142.727
142.753
142.779
142.804
142.83
142.856
142.882
142.907
142.933
142.959
142.985
143.011
143.036
143.062
143.088
143.114
143.139
143.165
143.191
143.217
143.242
143.268
143.295
143.32
143.346
143.372
143.398
143.424
143.449
143.475
143.501
143.527
143.552
143.578
143.604
143.63
143.655
143.681
143.707
143.733
143.758
143.784
143.81
143.836
143.861
143.887
143.913
143.939
143.964
143.99
144.016
144.042
144.068
144.093
144.119
144.145
144.171
144.196
144.222
144.248
144.274
144.299
144.325
144.351
144.377
144.402
144.428
144.454
144.48
144.505
144.531
144.557
144.583
144.608
144.634
144.66
144.686
144.712
144.737
144.763
144.789
144.815
144.84
144.866
144.892
144.918
144.944
144.969
144.995
145.021
145.047
145.072
145.098
145.124
145.15
145.175
145.201
145.227
145.253
145.278
145.304
145.33
145.356
145.382
145.407
145.433
145.459
145.485
145.51
145.536
145.562
145.588
145.613
145.639
145.665
145.691
145.716
145.742
145.768
145.794
145.819
145.845
145.871
145.896
145.922
145.948
145.973
145.999
146.025
146.051
146.076
146.102
146.128
146.154
146.18
146.205
146.231
146.257
146.283
146.308
146.334
146.36
146.386
146.411
146.437
146.463
146.489
146.514
146.54
146.566
146.592
146.618
146.643
146.669
146.695
146.721
146.746
146.772
146.798
146.824
146.849
146.875
146.901
146.927
146.952
146.978
147.004
147.03
147.055
147.081
147.107
147.133
147.158
147.184
147.21
147.236
147.261
147.287
147.313
147.339
147.365
147.39
147.416
147.442
147.468
147.493
147.519
147.545
147.571
147.597
147.622
147.648
147.674
147.7
147.725
147.751
147.777
147.803
147.829
147.854
147.88
147.906
147.932
147.957
147.983
148.009
148.035
148.06
148.086
148.112
148.138
148.163
148.189
148.215
148.241
148.267
148.292
148.318
148.344
148.37
148.395
148.421
148.447
148.473
148.498
148.524
148.55
148.576
148.602
148.627
148.653
148.679
148.705
148.731
148.756
148.782
148.808
148.833
148.859
148.885
148.911
148.937
148.962
148.988
149.014
149.04
149.065
149.091
149.117
149.143
149.169
149.194
149.22
149.246
149.272
149.297
149.323
149.349
149.375
149.4
149.426
149.452
149.478
149.503
149.529
149.555
149.581
149.607
149.632
149.658
149.684
149.71
149.735
149.761
149.787
149.813
149.839
149.864
149.89
149.916
149.942
149.967
149.993
150.019
150.045
150.07
150.096
150.122
150.148
150.173
150.199
150.225
150.251
150.276
150.302
150.328
150.354
150.379
150.405
150.431
150.457
150.482
150.508
150.534
150.56
150.585
150.611
150.637
150.663
150.688
150.714
150.74
150.766
150.791
150.817
150.843
150.869
150.894
150.92
150.946
150.972
150.998
151.023
151.049
151.075
151.101
151.126
151.152
151.178
151.204
151.229
151.255
151.281
151.307
151.332
151.358
151.384
151.41
151.435
151.461
151.487
151.513
151.538
151.564
151.59
151.616
151.641
151.667
151.693
151.719
151.744
151.77
151.796
151.822
151.848
151.873
151.899
151.925
151.951
151.976
152.002
152.028
152.054
152.079
152.105
152.131
152.157
152.182
152.208
152.234
152.26
152.285
152.311
152.337
152.363
152.388
152.414
152.44
152.466
152.491
152.517
152.543
152.569
152.595
152.62
152.646
152.672
152.698
152.723
152.749
152.775
152.801
152.826
152.852
152.878
152.904
152.929
152.955
152.981
153.007
153.032
153.058
153.084
153.11
153.135
153.161
153.187
153.213
153.238
153.264
153.29
153.316
153.341
153.367
153.393
153.419
153.444
153.47
153.496
153.522
153.547
153.573
153.599
153.625
153.65
153.676
153.702
153.728
153.753
153.779
153.805
153.831
153.856
153.882
153.908
153.934
153.959
153.985
154.011
154.037
154.062
154.088
154.114
154.14
154.165
154.191
154.217
154.243
154.268
154.294
154.32
154.345
154.371
154.397
154.423
154.449
154.474
154.5
154.526
154.552
154.577
154.603
154.629
154.654
154.68
154.706
154.732
154.757
154.783
154.809
154.835
154.86
154.886
154.912
154.938
154.963
154.989
155.015
155.041
155.066
155.092
155.118
155.144
155.169
155.195
155.221
155.247
155.272
155.298
155.324
155.35
155.375
155.401
155.427
155.453
155.478
155.504
155.53
155.556
155.582
155.607
155.633
155.659
155.684
155.71
155.736
155.762
155.788
155.813
155.839
155.865
155.89
155.916
155.942
155.968
155.993
156.019
156.045
156.07
156.096
156.122
156.148
156.173
156.199
156.225
156.25
156.276
156.302
156.328
156.353
156.379
156.405
156.431
156.456
156.482
156.508
156.534
156.559
156.585
156.611
156.637
156.662
156.688
156.714
156.739
156.765
156.791
156.817
156.842
156.868
156.894
156.92
156.945
156.971
156.997
157.023
157.048
157.074
157.1
157.125
157.151
157.177
157.203
157.229
157.254
157.28
157.306
157.332
157.357
157.383
157.409
157.434
157.46
157.486
157.512
157.537
157.563
157.589
157.615
157.64
157.666
157.692
157.718
157.743
157.769
157.795
157.821
157.846
157.872
157.898
157.924
157.949
157.975
158.001
158.027
158.052
158.078
158.104
158.13
158.155
158.181
158.207
158.233
158.258
158.284
158.31
158.336
158.361
158.387
158.413
158.439
158.464
158.49
158.516
158.542
158.567
158.593
158.619
158.645
158.67
158.696
158.722
158.747
158.773
158.799
158.825
158.85
158.876
158.902
158.927
158.953
158.979
159.005
159.031
159.056
159.082
159.108
159.133
159.159
159.185
159.211
159.236
159.262
159.288
159.314
159.339
159.365
159.391
159.417
159.442
159.468
159.494
159.519
159.545
159.571
159.597
159.622
159.648
159.674
159.7
159.725
159.751
159.777
159.803
159.828
159.854
159.88
159.906
159.931
159.957
159.983
160.008
160.034
160.06
160.086
160.111
160.137
160.163
160.189
160.214
160.24
160.266
160.292
160.317
160.343
160.369
160.395
160.42
160.446
160.472
160.498
160.523
160.549
160.575
160.601
160.626
160.652
160.678
160.704
160.729
160.755
160.781
160.806
160.832
160.858
160.884
160.909
160.935
160.961
160.986
161.012
161.038
161.064
161.089
161.115
161.141
161.167
161.192
161.218
161.244
161.27
161.295
161.321
161.347
161.373
161.398
161.424
161.45
161.476
161.501
161.527
161.553
161.578
161.604
161.63
161.656
161.681
161.707
161.733
161.759
161.784
161.81
161.836
161.861
161.887
161.913
161.939
161.964
161.99
162.016
162.042
162.067
162.093
162.119
162.145
162.17
162.196
162.222
162.248
162.273
162.299
162.325
162.351
162.376
162.402
162.428
162.454
162.479
162.505
162.531
162.556
162.582
162.608
162.634
162.659
162.685
162.711
162.737
162.762
162.788
162.814
162.839
162.865
162.891
162.916
162.942
162.968
162.994
163.019
163.045
163.071
163.096
163.122
163.148
163.174
163.199
163.225
163.251
163.277
163.302
163.328
163.354
163.38
163.405
163.431
163.457
163.482
163.508
163.534
163.56
163.585
163.611
163.637
163.663
163.688
163.714
163.74
163.765
163.791
163.817
163.843
163.868
163.894
163.92
163.946
163.971
163.997
164.023
164.049
164.074
164.1
164.126
164.152
164.177
164.203
164.229
164.254
164.28
164.306
164.332
164.357
164.383
164.409
164.435
164.46
164.486
164.512
164.538
164.563
164.589
164.615
164.641
164.666
164.692
164.718
164.744
164.769
164.795
164.821
164.846
164.872
164.898
164.924
164.949
164.975
165.001
165.027
165.052
165.078
165.104
165.13
165.155
165.181
165.207
165.233
165.258
165.284
165.31
165.335
165.361
165.387
165.413
165.438
165.464
165.49
165.516
165.541
165.567
165.593
165.619
165.644
165.67
165.696
165.722
165.748
165.773
165.799
165.825
165.85
165.876
165.902
165.928
165.953
165.979
166.005
166.031
166.056
166.082
166.108
166.134
166.159
166.185
166.211
166.237
166.262
166.288
166.314
166.34
166.365
166.391
166.417
166.443
166.468
166.494
166.52
166.546
166.571
166.597
166.623
166.649
166.674
166.7
166.726
166.752
166.777
166.803
166.829
166.855
166.88
166.906
166.932
166.958
166.983
167.009
167.035
167.061
167.086
167.112
167.138
167.164
167.189
167.215
167.241
167.267
167.292
167.318
167.344
167.37
167.395
167.421
167.447
167.472
167.498
167.524
167.55
167.576
167.601
167.627
167.653
167.679
167.704
167.73
167.756
167.782
167.807
167.833
167.859
167.885
167.91
167.936
167.962
167.988
168.013
168.039
168.065
168.091
168.116
168.142
168.168
168.193
168.219
168.245
168.271
168.297
168.322
168.348
168.374
168.399
168.425
168.451
168.477
168.502
168.528
168.554
168.58
168.606
168.631
168.657
168.683
168.709
168.734
168.76
168.786
168.811
168.837
168.863
168.889
168.914
168.94
168.966
168.992
169.017
169.043
169.069
169.094
169.12
169.146
169.172
169.197
169.223
169.249
169.275
169.3
169.326
169.352
169.378
169.403
169.429
169.455
169.481
169.506
169.532
169.558
169.595
169.621
169.646
169.672
169.698
169.724
169.749
169.775
169.801
169.827
169.852
169.878
169.904
169.929
169.955
169.981
170.007
170.032
170.058
170.084
170.11
170.135
170.161
170.187
170.213
170.238
170.264
170.29
170.316
170.341
170.367
170.393
170.419
170.444
170.47
170.496
170.522
170.547
170.573
170.599
170.624
170.65
170.676
170.702
170.727
170.753
170.779
170.805
170.831
170.856
170.882
170.908
170.933
170.959
170.985
171.011
171.037
171.062
171.088
171.114
171.14
171.165
171.191
171.217
171.242
171.268
171.294
171.32
171.345
171.371
171.397
171.423
171.448
171.474
171.5
171.526
171.551
171.577
171.603
171.628
171.654
171.68
171.706
171.731
171.757
171.783
171.808
171.834
171.86
171.886
171.911
171.937
171.963
171.989
172.014
172.04
172.066
172.091
172.117
172.143
172.169
172.194
172.22
172.246
172.271
172.297
172.323
172.349
172.374
172.4
172.426
172.452
172.477
172.503
172.529
172.555
172.58
172.606
172.632
172.657
172.683
172.709
172.735
172.76
172.786
172.812
172.837
172.863
172.889
172.915
172.94
172.966
172.992
173.018
173.043
173.069
173.095
173.121
173.146
173.172
173.198
173.224
173.249
173.275
173.301
173.326
173.352
173.378
173.404
173.429
173.455
173.481
173.507
173.532
173.558
173.584
173.61
173.635
173.661
173.687
173.713
173.738
173.764
173.79
173.816
173.841
173.867
173.893
173.918
173.944
173.97
173.995
174.021
174.047
174.073
174.098
174.124
174.15
174.176
174.201
174.227
174.253
174.279
174.304
174.33
174.356
174.382
174.407
174.433
174.459
174.485
174.51
174.536
174.562
174.588
174.613
174.639
174.665
174.69
174.716
174.742
174.768
174.793
174.819
174.845
174.871
174.896
174.922
174.948
174.974
174.999
175.025
175.051
175.077
175.102
175.128
175.154
175.179
175.205
175.231
175.257
175.282
175.308
175.334
175.359
175.385
175.411
175.437
175.462
175.488
175.514
175.539
175.565
175.591
175.617
175.642
175.668
175.694
175.72
175.745
175.771
175.797
175.823
175.848
175.874
175.9
175.925
175.951
175.977
176.003
176.028
176.054
176.08
176.105
176.131
176.157
176.183
176.208
176.234
176.26
176.286
176.311
176.337
176.363
176.389
176.414
176.44
176.466
176.492
176.517
176.543
176.569
176.595
176.62
176.646
176.672
176.697
176.723
176.749
176.775
176.8
176.826
176.852
176.878
176.903
176.929
176.955
176.981
177.006
177.032
177.058
177.083
177.109
177.135
177.161
177.186
177.212
177.238
177.264
177.289
177.315
177.341
177.367
177.392
177.418
177.444
177.469
177.495
177.521
177.547
177.572
177.598
177.624
177.65
177.675
177.701
177.727
177.753
177.778
177.804
177.83
177.856
177.881
177.907
177.933
177.958
177.984
178.01
178.036
178.061
178.087
178.113
178.138
178.164
178.19
178.216
178.241
178.267
178.293
178.318
178.344
178.37
178.396
178.421
178.447
178.473
178.499
178.524
178.55
178.576
178.602
178.627
178.653
178.679
178.705
178.73
178.756
178.782
178.808
178.833
178.859
178.885
178.911
178.936
178.962
178.988
179.014
179.039
179.065
179.091
179.117
179.142
179.168
179.194
179.22
179.245
179.271
179.297
179.323
179.348
179.374
179.4
179.426
179.451
179.477
179.503
179.528
179.554
179.58
179.606
179.631
179.657
179.683
179.709
179.734
179.76
179.786
179.812
179.837
179.863
179.889
179.915
179.94
179.966
179.992
180.017
180.043
180.069
180.095
180.12
180.146
180.172
180.198
180.223
180.249
180.275
180.301
180.326
180.352
180.378
180.403
180.429
180.455
180.481
180.506
180.532
180.558
180.584
180.609
180.635
180.661
180.687
180.712
180.738
180.764
180.789
180.815
180.841
180.867
180.892
180.918
180.944
180.97
180.995
181.021
181.047
181.073
181.098
181.124
181.15
181.176
181.201
181.227
181.253
181.279
181.304
181.33
181.356
181.382
181.407
181.433
181.459
181.484
181.51
181.536
181.562
181.587
181.613
181.639
181.665
181.69
181.716
181.742
181.768
181.793
181.819
181.845
181.871
181.896
181.922
181.948
181.974
181.999
182.025
182.051
182.077
182.102
182.128
182.154
182.18
182.205
182.231
182.257
182.282
182.308
182.334
182.36
182.385
182.411
182.437
182.463
182.488
182.514
182.54
182.566
182.591
182.617
182.643
182.669
182.694
182.72
182.746
182.772
182.797
182.823
182.849
182.875
182.9
182.926
182.952
182.978
183.003
183.029
183.055
183.081
183.106
183.132
183.158
183.183
183.209
183.235
183.261
183.286
183.312
183.338
183.364
183.389
183.415
183.441
183.467
183.492
183.518
183.544
183.57
183.595
183.621
183.647
183.673
183.698
183.724
183.75
183.776
183.801
183.827
183.853
183.878
183.904
183.93
183.956
183.981
184.007
184.033
184.059
184.084
184.11
184.136
184.162
184.187
184.213
184.239
184.265
184.29
184.316
184.342
184.368
184.393
184.419
184.445
184.47
184.496
184.522
184.548
184.573
184.599
184.625
184.65
184.676
184.702
184.728
184.753
184.779
184.805
184.83
184.856
184.882
184.907
184.933
184.959
184.985
185.01
185.036
185.062
185.087
185.113
185.139
185.165
185.19
185.216
185.242
185.268
185.293
185.319
185.345
185.37
185.396
185.422
185.448
185.473
185.499
185.525
185.55
185.576
185.602
185.628
185.653
185.679
185.705
185.731
185.756
185.782
185.808
185.833
185.859
185.885
185.91
185.936
185.962
185.987
186.013
186.039
186.064
186.09
186.116
186.141
186.167
186.193
186.219
186.244
186.27
186.296
186.321
186.347
186.373
186.399
186.424
186.45
186.476
186.502
186.527
186.553
186.579
186.604
186.63
186.656
186.682
186.707
186.733
186.759
186.784
186.81
186.835
186.861
186.887
186.913
186.938
186.964
186.99
187.015
187.041
187.067
187.092
187.118
187.144
187.169
187.195
187.221
187.247
187.272
187.298
187.324
187.349
187.375
187.401
187.427
187.452
187.478
187.504
187.529
187.555
187.581
187.607
187.632
187.658
187.684
187.709
187.735
187.761
187.787
187.812
187.838
187.864
187.889
187.915
187.941
187.967
187.992
188.018
188.044
188.069
188.095
188.121
188.146
188.172
188.198
188.223
188.249
188.275
188.3
188.326
188.352
188.378
188.403
188.429
188.455
188.48
188.506
188.532
188.558
188.583
188.609
188.635
188.66
188.686
188.712
188.737
188.763
188.789
188.814
188.84
188.866
188.891
188.917
188.943
188.969
188.994
189.02
189.046
189.071
189.097
189.123
189.148
189.174
189.2
189.225
189.251
189.277
189.302
189.328
189.354
189.38
189.405
189.431
189.457
189.482
189.508
189.534
189.559
189.585
189.611
189.637
189.662
189.688
189.714
189.739
189.765
189.791
189.817
189.842
189.868
189.894
189.919
189.945
189.971
189.997
190.022
190.048
190.074
190.099
190.125
190.151
190.177
190.202
190.228
190.254
190.279
190.305
190.331
190.357
190.382
190.408
190.434
190.459
190.485
190.511
190.537
190.562
190.588
190.614
190.639
190.665
190.691
190.716
190.742
190.768
190.793
190.819
190.845
190.87
190.896
190.922
190.947
190.973
190.999
191.024
191.05
191.076
191.101
191.127
191.153
191.178
191.204
191.23
191.255
191.281
191.307
191.332
191.358
191.384
191.409
191.435
191.461
191.486
191.512
191.538
191.563
191.589
191.615
191.64
191.666
191.692
191.717
191.743
191.769
191.794
191.82
191.846
191.871
191.897
191.923
191.948
191.974
192
192.025
192.051
192.076
192.102
192.128
192.153
192.179
192.205
192.23
192.256
192.282
192.307
192.333
192.359
192.384
192.41
192.436
192.461
192.487
192.513
192.538
192.564
192.59
192.615
192.641
192.666
192.692
192.718
192.743
192.769
192.795
192.82
192.846
192.872
192.897
192.923
192.949
192.974
193
193.026
193.051
193.077
193.102
193.128
193.154
193.179
193.205
193.231
193.256
193.282
193.308
193.333
193.359
193.385
193.41
193.436
193.462
193.487
193.513
193.539
193.564
193.59
193.616
193.641
193.667
193.693
193.718
193.744
193.77
193.795
193.821
193.846
193.872
193.898
193.923
193.949
193.975
194
194.026
194.052
194.077
194.103
194.129
194.154
194.18
194.206
194.231
194.257
194.283
194.308
194.334
194.36
194.385
194.411
194.437
194.462
194.488
194.514
194.539
194.565
194.591
194.616
194.642
194.668
194.693
194.719
194.745
194.77
194.796
194.822
194.847
194.873
194.899
194.924
194.95
194.976
195.001
195.027
195.053
195.078
195.104
195.13
195.155
195.181
195.207
195.232
195.258
195.284
195.309
195.335
195.36
195.386
195.412
195.437
195.463
195.489
195.514
195.54
195.565
195.591
195.617
195.642
195.668
195.694
195.719
195.745
195.771
195.796
195.822
195.848
195.873
195.899
195.924
195.95
195.976
196.001
196.027
196.052
196.078
196.104
196.129
196.155
196.18
196.206
196.232
196.257
196.283
196.308
196.334
196.36
196.385
196.411
196.437
196.462
196.488
196.513
196.539
196.565
196.59
196.616
196.642
196.667
196.693
196.718
196.744
196.77
196.795
196.821
196.847
196.872
196.898
196.923
196.949
196.975
197
197.026
197.051
197.077
197.103
197.128
197.154
197.18
197.205
197.231
197.256
197.282
197.308
197.333
197.359
197.384
197.41
197.436
197.461
197.487
197.512
197.538
197.564
197.589
197.615
197.64
197.666
197.692
197.717
197.743
197.768
197.794
197.82
197.845
197.871
197.896
197.922
197.948
197.973
197.999
198.024
198.05
198.076
198.101
198.127
198.152
198.178
198.204
198.229
198.255
198.28
198.306
198.332
198.357
198.383
198.408
198.434
198.46
198.485
198.511
198.537
198.562
198.588
198.613
198.639
198.665
198.69
198.716
198.741
198.767
198.793
198.818
198.844
198.869
198.895
198.921
198.946
198.972
198.997
199.023
199.048
199.074
199.1
199.125
199.151
199.176
199.202
199.228
199.253
199.279
199.304
199.33
199.355
199.381
199.407
199.432
199.458
199.483
199.509
199.535
199.56
199.586
199.611
199.637
199.662
199.688
199.714
199.739
199.765
199.79
199.816
199.841
199.867
199.893
199.918
199.944
199.969
199.995
200.021
200.046
200.072
200.097
200.123
200.149
200.174
200.2
200.225
200.251
200.276
200.302
200.328
200.353
200.379
200.404
200.43
200.456
200.481
200.507
200.532
200.558
200.583
200.609
200.635
200.66
200.686
200.711
200.737
200.763
200.788
200.814
200.839
200.865
200.89
200.916
200.942
200.967
200.993
201.018
201.044
201.07
201.095
201.121
201.146
201.172
201.198
201.223
201.249
201.274
201.3
201.325
201.351
201.377
201.402
201.428
201.453
201.479
201.505
201.53
201.556
201.581
201.607
201.633
201.658
201.684
201.709
201.735
201.76
201.786
201.812
201.837
201.863
201.888
201.914
201.939
201.965
201.991
202.016
202.042
202.067
202.093
202.118
202.144
202.17
202.195
202.221
202.246
202.272
202.297
202.323
202.349
202.374
202.4
202.425
202.451
202.476
202.502
202.527
202.553
202.579
202.604
202.63
202.655
202.681
202.706
202.732
202.757
202.783
202.809
202.834
202.86
202.885
202.911
202.936
202.962
202.987
203.013
203.038
203.064
203.09
203.115
203.141
203.166
203.192
203.217
203.243
203.268
203.294
203.319
203.345
203.37
203.396
203.421
203.447
203.472
203.498
203.523
203.549
203.574
203.6
203.625
203.651
203.676
203.702
203.727
203.753
203.778
203.804
203.829
203.855
203.88
203.906
203.931
203.957
203.982
204.008
204.033
204.058
204.084
204.109
204.135
204.16
204.186
204.211
204.237
204.262
204.288
204.313
204.339
204.364
204.39
204.415
204.44
204.466
204.491
204.517
204.542
204.568
204.593
204.619
204.644
204.67
204.695
204.721
204.746
204.772
204.797
204.822
204.848
204.873
204.899
204.924
204.95
204.975
205.001
205.026
205.052
205.077
205.103
205.128
205.154
205.179
205.205
205.23
205.255
205.281
205.306
205.332
205.357
205.383
205.408
205.434
205.46
205.486
205.512
205.538
205.563
205.589
205.615
205.641
205.667
205.693
205.718
205.744
205.77
205.796
205.822
205.848
205.874
205.899
205.925
205.951
205.977
206.003
206.029
206.054
206.096
206.121
206.147
206.173
206.199
206.225
206.251
206.276
206.302
206.328
206.354
206.38
206.406
206.431
206.457
206.483
206.509
206.535
206.561
206.586
206.612
206.638
206.664
206.69
206.716
206.742
206.767
206.793
206.819
206.845
206.871
206.897
206.922
206.948
206.974
207
207.026
207.052
207.077
207.103
207.129
207.155
207.181
207.207
207.232
207.258
207.284
207.31
207.336
207.362
207.388
207.413
207.439
207.465
207.491
207.517
207.543
207.568
207.594
207.632
207.657
207.683
207.709
207.735
207.761
207.787
207.812
207.838
207.863
207.889
207.914
207.94
207.965
207.991
208.016
208.042
208.068
208.094
208.12
208.145
208.171
208.197
208.223
208.249
208.274
208.3
208.326
208.352
208.378
208.404
208.43
208.455
208.481
208.507
208.533
208.559
208.585
208.61
208.636
208.662
208.688
208.714
208.74
208.766
208.792
208.817
208.843
208.869
208.895
208.921
208.947
208.973
208.998
209.024
209.05
209.076
209.102
209.128
209.153
209.179
209.205
209.231
209.257
209.283
209.308
209.334
209.36
209.386
209.412
209.438
209.464
209.489
209.515
209.541
209.567
209.593
209.619
209.644
209.67
209.696
209.722
209.748
209.774
209.8
209.825
209.851
209.877
209.903
209.929
209.955
209.98
210.006
210.032
210.058
210.084
210.11
210.135
210.161
210.187
210.213
210.239
210.265
210.29
210.316
210.344
210.369
210.395
210.42
210.446
210.471
210.497
210.522
210.548
210.574
210.6
210.625
210.651
210.677
210.703
210.729
210.755
210.78
210.806
210.832
210.858
210.884
210.91
210.935
210.964
210.989
211.015
211.04
211.066
211.091
211.117
211.142
