98.3544
4.57853e+07
0
258.997
258.439
258.086
261.506
265.823
278.103
282.502
281.85
281.843
281.827
281.804
281.773
281.738
281.698
281.65
281.596
281.543
281.477
281.399
281.321
281.238
281.145
281.044
280.941
280.827
280.709
280.594
280.465
280.328
280.182
280.034
279.879
279.717
279.546
279.372
279.191
279.004
278.811
278.595
278.391
278.194
277.983
277.776
277.554
277.329
277.104
276.869
276.628
276.386
276.135
275.883
275.627
275.373
275.103
274.83
274.556
274.284
273.998
273.716
273.434
273.144
272.844
272.546
272.22
271.908
271.587
271.25
270.913
270.569
270.237
269.901
269.548
269.185
268.83
268.446
268.078
267.718
267.355
266.962
266.589
266.221
265.838
265.454
265.03
264.623
264.227
263.82
263.398
262.992
262.567
262.149
261.726
261.301
260.882
260.48
260.038
259.628
259.177
258.728
258.297
257.851
257.419
256.963
256.509
256.033
255.58
255.122
254.644
254.19
253.712
253.226
252.788
252.331
251.885
251.436
250.984
250.528
250.073
249.63
249.175
248.722
248.265
247.805
247.356
246.91
246.436
245.961
245.499
245.042
244.587
244.138
243.688
243.243
242.8
242.357
241.919
241.488
241.054
240.624
240.19
239.768
239.351
238.945
238.54
238.146
237.756
237.374
237
236.627
236.269
235.919
235.568
235.24
234.913
234.598
234.296
234.005
233.715
233.438
233.179
232.925
232.678
232.445
232.216
232.032
231.849
231.669
231.502
231.342
231.19
231.118
231.138
231.195
231.197
231.267
231.337
231.364
231.465
231.527
231.578
231.591
231.665
231.74
231.826
231.868
231.932
232.032
232.129
232.275
232.368
232.454
232.567
232.64
232.693
232.747
232.802
232.864
233.067
233.249
233.421
233.59
233.767
233.988
234.228
234.493
234.674
234.889
235.089
235.274
235.454
235.649
235.825
236.005
236.147
236.279
236.425
236.592
236.708
236.849
236.963
237.071
237.184
237.282
237.389
237.519
237.627
237.714
237.893
238.044
238.158
238.293
238.387
238.494
238.595
238.641
238.714
238.77
238.837
238.892
238.92
238.966
238.982
239.02
239.025
239.09
239.094
239.124
239.135
239.178
239.165
239.147
239.132
239.106
239.076
239.017
238.977
238.953
238.908
238.869
238.828
238.788
238.721
238.646
238.58
238.439
238.33
238.165
238.008
237.852
237.739
237.601
237.499
237.338
237.213
237.137
236.928
236.758
236.575
236.369
236.195
236.032
235.867
235.703
235.524
235.335
235.173
235.004
234.853
234.73
234.669
234.611
234.488
234.338
234.204
234.051
233.871
233.731
233.594
233.474
233.345
233.076
232.93
232.765
232.629
232.497
232.395
232.208
232.04
231.929
231.752
231.57
231.434
231.294
231.124
230.942
230.745
230.59
230.428
230.247
230.098
229.991
229.868
229.754
229.658
229.533
229.416
229.296
229.174
229.032
228.908
228.827
228.661
228.534
228.457
228.472
228.488
228.507
228.522
228.527
228.528
228.532
228.543
228.554
228.493
228.49
228.485
228.467
228.435
228.491
228.504
228.543
228.621
228.637
228.665
228.701
228.649
228.719
228.726
228.81
228.943
229.07
229.135
229.265
229.382
229.485
229.675
229.75
229.857
229.96
230.06
230.137
230.218
230.321
230.375
230.415
230.458
230.494
230.526
230.561
230.575
230.631
230.636
230.669
230.653
230.685
230.696
230.751
230.799
230.855
230.86
230.907
230.956
230.975
231
231.039
231.038
231.073
231.09
231.069
231.124
231.29
231.42
231.565
231.667
231.816
231.936
231.973
232.019
232.053
232.074
232.115
232.141
232.155
232.166
232.16
232.16
232.155
232.136
232.088
232.045
231.995
231.933
231.871
231.803
231.704
231.635
231.537
231.518
231.486
231.477
231.43
231.4
231.369
231.326
231.264
231.212
231.153
231.096
231.047
230.977
230.915
230.863
230.79
230.71
230.619
230.519
230.43
230.314
230.205
230.029
229.937
229.829
229.725
229.609
229.491
229.419
229.416
229.415
229.393
229.372
229.347
229.321
229.266
229.228
229.188
229.133
229.083
228.992
228.924
228.855
228.779
228.686
228.607
228.525
228.437
228.342
228.265
228.195
228.079
227.954
227.833
227.67
227.52
227.374
227.23
227.079
226.831
226.78
226.79
226.809
226.874
226.839
226.805
226.768
226.727
226.681
226.636
226.602
226.573
226.538
226.501
226.466
226.429
226.391
226.343
226.289
226.238
226.189
226.126
226.09
226.046
226.009
225.983
225.942
225.865
225.804
225.716
225.637
225.562
225.596
225.724
225.917
226.032
226.189
226.351
226.473
226.592
226.694
226.833
226.945
227.077
227.218
227.344
227.447
227.56
227.727
227.825
227.916
228.008
228.137
228.268
228.388
228.508
228.617
228.716
228.816
228.979
229.08
229.176
229.31
229.354
229.445
229.568
229.668
229.8
229.84
229.861
229.85
229.864
229.879
229.853
229.86
229.856
229.819
229.89
229.918
229.974
230.04
230.102
230.094
230.134
230.157
230.175
230.186
230.19
230.182
230.196
230.209
230.207
230.224
230.221
230.2
230.144
230.083
229.997
229.929
229.882
229.876
229.932
229.961
229.99
230.043
230.085
230.129
230.2
230.263
230.34
230.373
230.366
230.364
230.402
230.469
230.562
230.651
230.723
230.758
230.84
230.9
230.944
231.017
231.145
231.254
231.351
231.483
231.594
231.658
231.678
231.772
231.815
231.827
231.848
231.877
231.905
231.934
231.958
231.993
232.007
232.008
232.016
232.035
232.05
232.043
231.979
231.955
231.981
231.953
231.921
231.883
231.838
231.786
231.739
231.632
231.518
231.42
231.34
231.206
231.09
230.952
230.818
230.665
230.565
230.44
230.316
230.218
230.087
229.988
229.868
229.711
229.594
229.487
229.353
229.264
229.181
229.133
229.079
229.055
229.049
228.984
228.989
228.932
228.846
228.737
228.667
228.592
228.62
228.677
228.732
228.743
228.753
228.76
228.797
228.801
228.803
228.744
228.743
228.726
228.7
228.674
228.64
228.581
228.548
228.506
228.464
228.394
228.331
228.244
228.168
227.888
227.842
227.807
227.791
227.818
227.791
227.761
227.769
227.735
227.731
227.686
227.638
227.596
227.528
227.504
227.417
227.334
227.274
227.164
227.079
227.044
226.939
226.829
226.736
226.651
226.578
226.441
226.351
226.207
226.079
225.982
225.904
225.783
225.705
225.585
225.459
225.343
225.182
225.048
224.971
224.977
224.927
224.934
224.896
224.905
224.913
224.929
224.916
224.881
224.854
224.79
224.781
224.775
224.773
224.773
224.73
224.7
224.627
224.609
224.604
224.628
224.61
224.587
224.568
224.612
224.615
224.675
224.644
224.705
224.692
224.755
224.78
224.8
224.878
224.972
225.03
225.084
225.109
225.206
225.336
225.481
225.601
225.713
225.87
225.946
226.054
226.2
226.375
226.629
226.907
227.146
227.381
227.596
227.824
228.003
228.17
228.384
228.561
228.722
228.907
229.081
229.287
229.45
229.598
229.722
229.812
229.878
230
230.092
230.16
230.263
230.365
230.456
230.55
230.663
230.742
230.836
230.922
231.043
231.117
231.198
231.264
231.319
231.366
231.412
231.488
231.537
231.615
231.73
231.81
231.937
232.048
232.153
232.232
232.297
232.325
232.248
232.297
232.345
232.373
232.401
232.443
232.471
232.491
232.504
232.517
232.523
232.526
232.501
232.559
232.53
232.558
232.595
232.601
232.584
232.541
232.493
232.462
232.428
232.356
232.247
232.177
232.107
232.038
231.985
231.929
231.871
231.791
231.723
231.669
231.582
231.5
231.404
231.305
231.302
231.301
231.323
231.421
231.518
231.558
231.56
231.587
231.592
231.659
231.678
231.516
231.516
231.491
231.466
231.463
231.385
231.359
231.334
231.251
231.202
231.117
231.136
231.11
231.032
230.956
230.936
230.843
230.798
230.685
230.595
230.511
230.418
230.33
230.228
230.103
229.947
229.809
229.667
229.526
229.425
229.271
229.154
228.946
228.765
228.585
228.429
228.287
228.13
228.01
227.798
227.642
227.504
227.347
227.201
227.05
226.928
226.79
226.679
226.582
226.503
226.389
226.262
226.103
225.978
225.823
225.701
225.606
225.451
225.36
225.337
225.291
225.27
225.251
225.225
225.194
225.147
225.267
225.29
225.437
225.527
225.61
225.726
225.815
225.863
225.921
226.064
226.201
226.31
226.388
226.394
226.45
226.52
226.611
226.65
226.658
226.714
226.76
226.82
226.868
226.87
226.897
226.815
226.756
226.736
226.665
226.618
226.552
226.51
226.426
226.429
226.42
226.414
226.383
226.36
226.332
226.301
226.311
226.334
226.302
226.298
226.287
226.286
226.253
226.276
226.295
226.319
226.321
226.338
226.32
226.278
226.274
226.244
226.255
226.204
226.154
226.087
226.037
226.031
226.025
226.063
226.14
226.156
226.202
226.218
226.219
226.312
226.424
226.497
226.571
226.744
226.867
227.017
227.12
227.248
227.383
227.481
227.556
227.71
227.884
228.072
228.306
228.467
228.603
228.775
228.917
229.08
229.267
229.431
229.491
229.658
229.793
229.958
230.053
230.209
230.309
230.459
230.452
230.512
230.543
230.608
230.629
230.675
230.861
230.959
231.041
231.089
231.146
231.232
231.297
231.356
231.439
231.463
231.585
231.587
231.633
231.669
231.705
231.717
231.748
231.761
231.759
231.75
231.707
231.674
231.646
231.579
231.557
231.457
231.399
231.439
231.442
231.435
231.405
231.413
231.429
231.384
231.411
231.372
231.349
231.346
231.317
231.28
231.267
231.206
231.207
231.173
231.122
231.071
231.017
230.979
230.946
230.882
230.824
230.761
230.707
230.631
230.551
230.467
230.354
230.262
230.189
230.109
230.056
230.003
229.921
229.849
229.76
229.672
229.567
229.476
229.377
229.281
229.199
229.116
229
228.949
228.845
228.832
228.75
228.653
228.521
228.405
228.288
228.19
228.091
227.945
227.843
227.743
227.641
227.626
227.516
227.494
227.463
227.412
227.321
227.164
227.072
226.951
226.825
226.736
226.596
226.51
226.505
226.468
226.429
226.384
226.377
226.346
226.296
226.283
226.297
226.298
226.292
226.333
226.37
226.405
226.422
226.442
226.411
226.381
226.389
226.577
226.644
226.724
226.765
226.842
226.915
227.082
227.238
227.359
227.494
227.595
227.681
227.717
227.756
227.793
227.794
227.784
227.822
227.863
227.885
227.883
227.887
227.872
227.853
227.8
227.781
227.787
227.788
227.882
227.984
228.115
228.252
228.42
228.546
228.659
228.773
228.873
228.975
229.057
229.205
229.29
229.372
229.44
229.499
229.56
229.658
229.716
229.761
229.874
229.874
229.908
229.924
229.996
230.014
230.065
230.138
230.218
230.312
230.364
230.432
230.514
230.554
230.596
230.636
230.653
230.683
230.706
230.722
230.774
230.83
230.804
230.76
230.771
230.801
230.814
230.866
230.916
230.919
230.969
230.953
231
230.998
230.988
230.975
230.954
230.929
230.912
230.873
230.811
230.749
230.725
230.639
230.591
230.519
230.558
230.533
230.573
230.528
230.47
230.395
230.362
230.324
230.285
230.268
230.283
230.225
230.227
230.205
230.195
230.169
230.135
230.135
230.079
230.042
229.962
229.906
229.857
229.773
229.673
229.626
229.568
229.482
229.44
229.373
229.313
229.234
229.257
229.235
229.238
229.183
229.138
229.052
229.008
229.091
229.112
229.191
229.287
229.328
229.424
229.492
229.567
229.632
229.717
229.772
229.801
229.824
229.844
229.911
229.93
229.967
229.963
229.927
229.896
229.889
229.878
229.918
229.927
229.954
229.976
229.996
229.977
230.041
230.013
230.009
229.985
229.975
229.927
229.863
229.796
229.734
229.691
229.621
229.544
229.464
229.369
229.441
229.478
229.655
229.774
229.935
230.049
230.163
230.293
230.387
230.45
230.46
230.515
230.571
230.562
230.572
230.545
230.537
230.518
230.494
230.45
230.401
230.346
230.256
230.185
230.11
230.026
229.944
229.871
229.806
229.709
229.613
229.541
229.439
229.328
229.235
229.141
229.018
228.932
228.86
228.777
228.681
228.594
228.503
228.416
228.336
228.249
228.131
228.035
227.938
227.784
227.657
227.524
227.429
227.368
227.347
227.309
227.234
227.25
227.245
227.2
227.176
227.162
227.137
227.102
227.051
226.96
226.885
226.866
226.862
226.793
226.749
226.731
226.675
226.666
226.64
226.543
226.591
226.616
226.65
226.662
226.704
226.732
226.766
226.826
226.839
226.859
226.896
226.903
226.837
226.961
227.016
227.085
227.115
227.099
227.076
227.1
227.081
227.077
227.07
227.058
227.064
227.009
227.016
226.96
226.91
226.883
226.858
226.851
226.851
226.789
226.75
226.723
226.703
226.686
226.71
226.793
226.892
227.032
227.146
227.274
227.359
227.411
227.493
227.626
227.699
227.842
227.935
227.924
227.967
228.09
228.191
228.284
228.336
228.359
228.458
228.495
228.556
228.613
228.659
228.699
228.723
228.753
228.804
228.892
228.992
229.098
229.229
229.36
229.493
229.663
229.761
229.914
230.088
230.274
230.405
230.539
230.677
230.815
230.887
230.983
231.105
231.225
231.277
231.376
231.44
231.519
231.54
231.563
231.673
231.728
231.785
231.845
231.888
231.825
231.807
231.713
231.657
231.577
231.533
231.492
231.399
231.356
231.314
231.379
231.395
231.41
231.45
231.451
231.466
231.51
231.509
231.497
231.474
231.46
231.454
231.397
231.333
231.275
231.234
231.206
231.139
231.078
230.996
230.922
230.889
230.789
230.693
230.611
230.559
230.428
230.351
230.229
230.133
230.034
229.895
229.827
229.692
229.534
229.315
229.135
228.969
228.796
228.633
228.487
228.404
228.324
228.183
228.102
228.005
227.89
227.743
227.594
227.508
227.416
227.298
227.219
227.144
227.033
226.96
226.841
226.736
226.643
226.543
226.454
226.344
226.246
226.149
226.045
225.922
225.813
225.695
225.614
225.532
225.447
225.423
225.423
225.443
225.44
225.472
225.49
225.58
225.634
225.63
225.651
225.673
225.739
225.807
225.791
225.893
225.964
226.002
226.019
225.993
225.976
225.977
225.955
225.992
226.048
226.141
226.29
226.385
226.492
226.685
226.836
226.946
227.059
227.181
227.279
227.427
227.51
227.64
227.701
227.863
228.026
228.187
228.278
228.394
228.506
228.57
228.661
228.746
228.789
228.877
228.954
228.986
229.038
229.1
229.129
229.235
229.315
229.365
229.423
229.465
229.503
229.534
229.553
229.525
229.493
229.448
229.442
229.421
229.402
229.413
229.435
229.471
229.491
229.523
229.554
229.571
229.61
229.636
229.681
229.721
229.797
229.797
229.843
229.9
229.953
230.014
230.047
230.075
230.095
230.115
230.136
230.153
230.162
230.173
230.173
230.232
230.293
230.343
230.35
230.396
230.439
230.483
230.551
230.611
230.638
230.67
230.721
230.726
230.746
230.787
230.769
230.769
230.76
230.738
230.71
230.679
230.645
230.607
230.565
230.515
230.458
230.406
230.346
230.283
230.225
230.148
230.07
229.989
229.92
229.897
229.905
229.891
229.897
229.892
229.89
229.907
229.909
229.87
229.892
230.002
230.151
230.228
230.333
230.41
230.505
230.566
230.648
230.733
230.772
230.814
230.881
230.896
230.97
231.045
231.091
231.151
231.175
231.203
231.242
231.227
231.258
231.263
231.235
231.225
231.17
231.134
231.089
231.032
230.977
230.891
230.795
230.66
230.568
230.454
230.344
230.229
230.057
229.904
229.706
229.527
229.294
229.184
229.066
228.994
228.89
228.817
228.679
228.602
228.511
228.433
228.342
228.275
228.208
228.079
228.023
227.987
227.878
227.793
227.69
227.555
227.402
227.31
227.186
227.091
226.977
226.89
226.947
226.903
226.889
226.875
226.82
226.808
226.778
226.835
226.869
226.846
226.859
226.869
226.948
226.982
227.045
227.096
227.121
227.157
227.197
227.212
227.178
227.131
227.108
227.052
227.038
227.013
226.968
226.914
226.846
226.778
226.69
226.626
226.552
226.463
226.411
226.332
226.29
226.255
226.193
226.148
226.113
226.045
226.038
226.046
226.031
225.999
225.964
225.917
225.86
225.858
225.854
225.875
225.876
225.976
226.016
226.112
226.197
226.242
226.355
226.401
226.471
226.574
226.668
226.781
226.925
227.058
227.165
227.266
227.323
227.403
227.464
227.564
227.644
227.738
227.824
227.923
228.001
228.074
228.141
228.208
228.271
228.33
228.37
228.432
228.529
228.622
228.724
228.802
228.877
228.947
229.022
229.114
229.218
229.333
229.446
229.537
229.633
229.763
229.837
229.917
229.967
230.019
230.069
230.132
230.194
230.255
230.317
230.437
230.588
230.717
230.794
230.864
230.927
230.986
231.05
231.11
231.165
231.214
231.254
231.291
231.327
231.365
231.393
231.367
231.365
231.362
231.334
231.307
231.278
231.25
231.227
231.226
231.217
231.199
231.176
231.193
231.169
231.104
231.074
231.012
230.945
230.876
230.804
230.733
230.667
230.607
230.606
230.572
230.549
230.527
230.481
230.441
230.374
230.339
230.293
230.246
230.196
230.145
230.068
230.01
229.962
229.959
230.081
230.14
230.147
230.211
230.235
230.275
230.271
230.199
230.14
230.094
230.052
229.991
229.923
229.858
229.778
229.672
229.642
229.629
229.461
229.386
229.361
229.357
229.373
229.409
229.429
229.431
229.437
229.432
229.454
229.399
229.373
229.277
229.199
229.119
229.063
229.046
228.922
228.835
228.763
228.706
228.644
228.511
228.428
228.31
228.19
228.064
227.981
227.851
227.771
227.694
227.573
227.412
227.353
227.298
227.221
227.153
227.106
227.033
226.936
226.834
226.743
226.649
226.563
226.538
226.509
226.484
226.445
226.429
226.394
226.357
226.322
226.279
226.235
226.224
226.249
226.276
226.273
226.285
226.297
226.305
226.32
226.334
226.334
226.33
226.312
226.291
226.261
226.243
226.276
226.372
226.511
226.602
226.697
226.765
226.83
226.984
227.123
227.287
227.458
227.536
227.581
227.681
227.752
227.83
227.923
228.021
228.088
228.169
228.193
228.272
228.33
228.394
228.467
228.52
228.557
228.646
228.711
228.744
228.791
228.871
228.926
228.979
229.041
229.098
229.126
229.181
229.228
229.248
229.268
229.29
229.345
229.367
229.409
229.52
229.569
229.625
229.704
229.741
229.81
229.88
229.903
229.914
229.947
229.996
230.015
229.996
230.011
229.986
229.927
229.894
229.862
229.81
229.824
229.802
229.833
229.84
229.817
229.789
229.84
229.9
229.951
229.996
230.056
230.154
230.228
230.377
230.477
230.556
230.659
230.722
230.782
230.821
230.906
230.917
230.978
231.019
231.049
231.069
231.078
231.08
231.114
231.117
230.991
230.929
230.844
230.807
230.767
230.717
230.67
230.591
230.57
230.506
230.436
230.399
230.376
230.337
230.306
230.322
230.264
230.203
230.242
230.26
230.276
230.272
230.272
230.237
230.219
230.195
230.172
230.114
230.069
230.038
229.998
229.895
229.828
229.791
229.693
229.614
229.517
229.441
229.404
229.332
229.302
229.224
229.198
229.146
229.132
229.139
229.139
229.11
229.118
229.094
229.078
229.018
228.988
228.925
228.843
228.731
228.654
228.542
228.443
228.389
228.311
228.187
228.101
227.979
227.856
227.709
227.611
227.498
227.337
227.212
227.153
227.063
226.964
226.86
226.775
226.672
226.591
226.521
226.415
226.323
226.274
226.175
226.124
226.032
226
226.083
226.176
226.226
226.285
226.318
226.411
226.45
226.571
226.589
226.619
226.658
226.703
226.704
226.723
226.766
226.736
226.839
226.939
227.022
227.073
227.198
227.334
227.455
227.556
227.689
227.835
227.936
228.072
228.154
228.306
228.468
228.592
228.792
228.942
229.08
229.243
229.363
229.49
229.552
229.627
229.772
229.784
229.846
229.904
229.94
230.045
230.048
230.044
230.056
230.011
230.011
230.022
229.989
229.917
229.905
229.901
229.868
229.875
229.811
229.746
229.668
229.591
229.521
229.473
229.433
229.393
229.354
229.292
229.239
229.183
229.118
229.028
228.951
228.96
228.958
228.944
228.944
228.941
229.065
229.157
229.276
229.38
229.456
229.543
229.604
229.679
229.733
229.803
229.87
229.902
229.937
229.914
229.896
229.874
229.877
229.852
229.813
229.796
229.761
229.668
229.611
229.575
229.497
229.435
229.347
229.279
229.195
229.095
229.036
229.067
229.055
229.104
229.075
229.089
229.041
229.12
229.149
229.135
229.143
229.097
229.092
229.158
229.178
229.146
229.187
229.193
229.166
229.065
229.008
228.886
228.846
228.789
228.73
228.642
228.591
228.52
228.432
228.329
228.271
228.2
228.111
228.041
227.966
227.952
227.894
227.805
227.744
227.682
227.596
227.546
227.561
227.549
227.506
227.496
227.465
227.469
227.508
227.527
227.565
227.614
227.673
227.652
227.668
227.672
227.662
227.658
227.647
227.634
227.622
227.64
227.691
227.73
227.733
227.801
227.831
227.857
227.883
227.912
227.945
227.966
228.088
228.216
228.34
228.412
228.518
228.614
228.762
228.883
229.045
229.135
229.145
229.202
229.232
229.28
229.394
229.452
229.499
229.574
229.592
229.603
229.667
229.661
229.646
229.648
229.608
229.553
229.512
229.409
229.354
229.315
229.271
229.249
229.14
229.121
229.073
229.039
228.957
228.91
228.884
228.799
228.748
228.796
228.838
228.894
229.044
229.184
229.236
229.352
229.37
229.44
229.481
229.523
229.536
229.605
229.654
229.627
229.619
229.629
229.612
229.595
229.545
229.514
229.474
229.453
229.407
229.378
229.338
229.278
229.22
229.166
229.073
229.006
228.934
228.849
228.718
228.614
228.529
228.391
228.25
228.099
227.979
227.814
227.641
227.531
227.393
227.447
227.502
227.532
227.491
227.425
227.357
227.339
227.274
227.228
227.245
227.278
227.28
227.26
227.242
227.237
227.231
227.249
227.261
227.32
227.33
227.383
227.427
227.414
227.432
227.439
227.449
227.437
227.398
227.397
227.397
227.388
227.389
227.343
227.316
227.318
227.303
227.294
227.272
227.26
227.245
227.322
227.368
227.41
227.452
227.487
227.571
227.522
227.5
227.45
227.453
227.442
227.467
227.504
227.527
227.678
227.737
227.81
227.924
227.964
227.985
228.034
228.092
228.133
228.241
228.258
228.357
228.413
228.46
228.486
228.533
228.539
228.594
228.623
228.704
228.808
228.902
228.982
229.04
229.107
229.146
229.194
229.264
229.349
229.466
229.524
229.699
229.885
230.044
230.222
230.316
230.475
230.598
230.678
230.828
230.857
230.884
230.925
230.939
230.977
231.002
231.023
231.04
231.049
231.114
231.119
231.108
231.088
231.004
231.003
230.981
230.946
230.911
230.903
230.851
230.946
230.941
230.991
231.077
231.109
231.138
231.162
231.18
231.193
231.224
231.235
231.273
231.324
231.35
231.374
231.377
231.351
231.363
231.357
231.345
231.345
231.334
231.31
231.326
231.291
231.274
231.207
231.161
231.114
231.065
231.003
230.926
230.849
230.789
230.7
230.612
230.531
230.414
230.253
230.121
229.962
229.827
229.707
229.601
229.478
229.345
229.188
229.178
229.186
229.106
229.082
229.095
229.056
229.046
228.981
228.985
228.982
228.922
228.86
228.835
228.756
228.708
228.618
228.717
228.723
228.782
228.853
228.858
228.875
228.921
228.934
228.907
228.944
228.917
228.873
228.874
228.821
228.8
228.809
228.856
228.912
228.997
229.098
229.147
229.208
229.248
229.276
229.298
229.236
229.262
229.272
229.234
229.168
229.098
229.029
228.929
228.819
228.709
228.641
228.545
228.461
228.423
228.367
228.338
228.307
228.329
228.298
228.257
228.206
228.113
228.021
227.922
227.856
227.814
227.768
227.762
227.756
227.743
227.732
227.715
227.695
227.669
227.642
227.609
227.567
227.528
227.479
227.417
227.433
227.494
227.609
227.525
227.501
227.445
227.407
227.399
227.371
227.371
227.393
227.41
227.418
227.439
227.409
227.432
227.45
227.488
227.569
227.567
227.547
227.571
227.568
227.552
227.538
227.504
227.493
227.508
227.577
227.654
227.742
227.824
227.901
227.957
228.021
228.051
228.106
228.138
228.164
228.184
228.202
228.237
228.247
228.285
228.327
228.334
228.307
228.322
228.297
228.285
228.282
228.281
228.306
228.31
228.319
228.286
228.246
228.337
228.431
228.487
228.554
228.616
228.657
228.738
228.795
228.846
228.888
228.929
228.963
228.961
228.954
228.928
228.869
228.824
228.8
228.886
228.971
229.022
229.043
229.095
229.206
229.324
229.424
229.517
229.608
229.688
229.766
229.828
229.882
229.975
230.017
230.053
230.073
230.096
230.14
230.14
230.137
230.161
230.155
230.136
230.128
230.085
230.086
230.182
230.24
230.308
230.404
230.482
230.542
230.601
230.675
230.701
230.713
230.746
230.704
230.663
230.613
230.576
230.518
230.524
230.455
230.384
230.317
230.259
230.2
230.142
230.086
229.971
229.882
229.765
229.728
229.604
229.513
229.432
229.367
229.385
229.341
229.305
229.283
229.192
229.143
229.085
229.063
228.994
228.926
228.873
228.843
228.737
228.707
228.659
228.64
228.583
228.483
228.411
228.355
228.342
228.302
228.239
228.209
228.154
228.004
227.952
227.844
227.76
227.69
227.474
227.198
227.121
227.04
226.959
226.899
226.762
226.646
226.548
226.464
226.374
226.332
226.267
226.208
226.156
226.104
226.058
226.01
225.964
225.967
225.973
225.915
225.93
225.886
225.997
226.118
226.232
226.326
226.429
226.532
226.695
226.874
227.048
227.244
227.499
227.691
227.88
228.124
228.365
228.601
228.811
229.017
229.203
229.41
229.617
229.823
229.925
230.106
230.217
230.333
230.45
230.578
230.61
230.678
230.748
230.766
230.807
230.877
230.949
231.014
231.121
231.178
231.225
231.276
231.316
231.352
231.385
231.424
231.474
231.465
231.47
231.459
231.445
231.392
231.349
231.275
231.241
231.119
231.074
231.02
230.931
230.831
230.778
230.74
230.706
230.635
230.601
230.517
230.461
230.392
230.295
230.221
230.132
230.031
229.916
229.819
229.756
229.694
229.63
229.522
229.408
229.303
229.196
229.073
228.943
228.78
228.657
228.541
228.456
228.424
228.411
228.388
228.348
228.327
228.308
228.276
228.256
228.202
228.162
228.116
228.058
227.966
227.909
227.743
227.684
227.633
227.618
227.545
227.496
227.434
227.346
227.275
227.231
227.198
227.126
227.002
226.936
226.831
226.72
226.641
226.539
226.482
226.433
226.375
226.304
226.243
226.202
226.149
226.161
226.122
226.094
226.069
226.023
225.942
225.875
225.766
225.713
225.566
225.496
225.496
225.615
225.706
225.842
225.986
226.086
226.206
226.434
226.651
226.91
227.06
227.199
227.37
227.539
227.627
227.861
228.034
228.269
228.408
228.555
228.644
228.779
228.927
229.099
229.22
229.34
229.439
229.537
229.633
229.713
229.791
229.863
229.861
229.876
229.886
229.892
229.895
229.894
229.891
229.88
229.864
229.849
229.832
229.809
229.784
229.769
229.741
229.712
229.674
229.611
229.513
229.464
229.424
229.373
229.321
229.259
229.233
229.176
229.127
229.056
229.043
228.989
228.892
228.824
228.751
228.692
228.592
228.545
228.512
228.532
228.586
228.627
228.657
228.707
228.759
228.768
228.811
228.855
228.859
228.891
228.922
228.971
228.991
228.999
229.017
229.042
229.161
229.24
229.294
229.394
229.465
229.462
229.414
229.427
229.489
229.504
229.539
229.558
229.669
229.723
229.775
229.768
229.815
229.918
230.025
230.129
230.211
230.283
230.348
230.416
230.424
230.425
230.456
230.453
230.464
230.481
230.489
230.464
230.453
230.442
230.417
230.396
230.347
230.3
230.248
230.224
230.192
230.157
230.094
230.056
230.074
230.092
230.1
230.114
230.072
230.016
230.007
229.986
229.997
229.987
229.941
229.936
229.95
229.919
229.953
229.962
229.95
229.92
229.895
229.866
229.824
229.809
229.753
229.721
229.699
229.635
229.557
229.46
229.334
229.228
229.124
229.023
228.909
228.828
228.77
228.753
228.715
228.662
228.642
228.587
228.567
228.572
228.514
228.419
228.338
228.272
228.251
228.15
228.043
227.957
227.885
227.785
227.759
227.725
227.665
227.569
227.505
227.428
227.315
227.25
227.09
226.988
226.841
226.722
226.556
226.43
226.298
226.136
226.094
226.078
226.025
225.965
225.902
225.827
225.741
225.721
225.699
225.742
225.732
225.717
225.752
225.739
225.73
225.709
225.65
225.661
225.673
225.644
225.703
225.812
225.926
225.992
226.055
226.155
226.204
226.305
226.343
226.427
226.473
226.46
226.564
226.605
226.638
226.671
226.64
226.625
226.671
226.7
226.716
226.735
226.73
226.732
226.774
226.818
226.841
226.835
226.933
226.978
227.09
227.155
227.209
227.259
227.374
227.421
227.449
227.562
227.616
227.664
227.747
227.813
227.834
227.869
227.929
227.936
227.959
227.982
227.996
227.978
228
227.998
228.012
228.08
228.055
228.046
228.157
228.249
228.373
228.538
228.594
228.676
228.765
228.876
229.083
229.272
229.447
229.682
229.86
230.1
230.242
230.362
230.447
230.513
230.559
230.625
230.665
230.701
230.76
230.806
230.857
230.885
230.93
230.975
231.168
231.335
231.534
231.741
231.952
232.127
232.363
232.506
232.649
232.846
232.981
233.124
233.262
233.396
233.538
233.656
233.767
233.916
234.011
234.116
234.159
234.194
234.228
234.22
234.237
234.216
234.203
234.185
234.16
234.14
234.101
234.02
233.988
233.908
233.815
233.732
233.674
233.591
233.529
233.438
233.363
233.259
233.17
233.065
232.963
232.821
232.712
232.563
232.423
232.267
232.125
231.968
231.831
231.679
231.519
231.313
231.134
230.985
230.843
230.725
230.584
230.463
230.328
230.2
230.057
229.937
229.806
229.69
229.559
229.416
229.288
229.164
229.059
228.902
228.766
228.6
228.452
228.284
228.128
228
227.84
227.671
227.491
227.318
227.184
227.02
226.893
226.809
226.681
226.583
226.477
226.362
226.273
226.186
226.085
225.999
225.922
225.862
225.793
225.686
225.618
225.537
225.446
225.33
225.222
225.147
225.08
225.061
225.049
225.073
225.074
225.079
225.095
225.122
225.18
225.209
225.198
225.239
225.303
225.304
225.365
225.386
225.479
225.634
225.859
226.013
226.166
226.305
226.454
226.576
226.713
226.805
226.95
227.045
227.159
227.288
227.45
227.597
227.706
227.808
227.901
227.968
228.037
228.112
228.178
228.251
228.321
228.378
228.406
228.42
228.42
228.439
228.409
228.384
228.338
228.503
228.61
228.742
228.842
228.98
229.067
229.144
229.248
229.319
229.4
229.459
229.581
229.653
229.784
229.845
229.935
230.015
230.084
230.177
230.199
230.224
230.244
230.237
230.257
230.329
230.308
230.352
230.332
230.36
230.39
230.392
230.36
230.349
230.301
230.266
230.185
230.164
230.063
230.026
229.944
229.862
229.754
229.634
229.612
229.579
229.548
229.458
229.362
229.264
229.185
229.057
228.94
228.834
228.729
228.638
228.545
228.444
228.332
228.264
228.125
228.054
227.963
227.858
227.758
227.6
227.514
227.441
227.323
227.158
227.075
226.959
226.861
226.75
226.586
226.439
226.329
226.206
226.097
225.964
225.838
225.708
225.618
225.557
225.47
225.397
225.376
225.365
225.358
225.327
225.34
225.313
225.305
225.288
225.297
225.254
225.278
225.337
225.37
225.383
225.455
225.582
225.755
225.945
226.14
226.301
226.44
226.549
226.701
226.799
226.92
226.99
227.058
227.126
227.216
227.254
227.367
227.558
227.784
228.031
228.274
228.469
228.713
228.921
229.142
229.302
229.444
229.553
229.662
229.78
229.813
229.84
229.865
229.863
229.882
229.955
230.05
230.119
230.17
230.255
230.35
230.437
230.512
230.587
230.661
230.724
230.784
230.836
230.953
231.115
231.254
231.371
231.493
231.601
231.701
231.772
231.863
231.949
232.058
232.129
232.193
232.236
232.216
232.207
232.185
232.182
232.184
232.186
232.177
232.164
232.126
232.104
232.083
232.085
232.085
232.082
232.097
232.104
232.152
232.187
232.204
232.239
232.263
232.284
232.227
232.221
232.211
232.17
232.157
232.152
232.13
232.119
232.06
232.023
231.993
231.933
231.877
231.833
231.772
231.717
231.658
231.613
231.544
231.486
231.447
231.408
231.38
231.322
231.294
231.275
231.257
231.21
231.136
231.051
231.005
230.924
230.85
230.873
230.843
230.81
230.768
230.725
230.718
230.669
230.669
230.607
230.54
230.477
230.411
230.339
230.262
230.131
230.084
230.052
229.998
230.012
230
229.926
229.833
229.735
229.62
229.56
229.457
229.389
229.274
229.131
229.05
228.957
228.838
228.704
228.657
228.62
228.61
228.574
228.56
228.496
228.444
228.4
228.353
228.283
228.157
228.009
227.9
227.768
227.666
227.509
227.418
227.263
227.152
226.992
226.854
226.726
226.545
226.424
226.267
226.111
225.992
225.831
225.673
225.543
225.391
225.272
225.11
224.966
224.827
224.69
224.582
224.464
224.347
224.26
224.192
224.115
224.062
223.976
223.922
223.879
223.775
223.795
223.832
223.81
223.798
223.731
223.681
223.639
223.613
223.589
223.545
223.521
223.527
223.578
223.633
223.686
223.737
223.766
223.793
223.811
223.826
223.826
223.898
223.936
223.982
224.062
224.221
224.359
224.354
224.484
224.633
224.861
225.089
225.295
225.61
225.814
226.01
226.25
226.477
226.656
226.861
227.029
227.195
227.394
227.667
227.921
228.231
228.472
228.745
228.913
229.126
229.302
229.458
229.594
229.816
229.982
230.142
230.297
230.386
230.525
230.651
230.774
230.972
231.136
231.282
231.433
231.568
231.7
231.865
232.094
232.278
232.452
232.637
232.813
232.953
233.101
233.258
233.376
233.518
233.597
233.655
233.71
233.762
233.819
233.812
233.817
233.774
233.812
233.814
233.799
233.803
233.789
233.772
233.798
233.797
233.749
233.719
233.691
233.712
233.686
233.659
233.617
233.564
233.514
233.428
233.357
233.272
233.187
233.215
233.241
233.244
233.271
233.286
233.298
233.287
233.248
233.214
233.16
233.096
233.039
232.969
232.874
232.814
232.717
232.636
232.535
232.438
232.322
232.204
232.078
231.986
231.855
231.719
231.585
231.457
231.315
231.158
231.007
230.86
230.71
230.555
230.434
230.271
230.101
229.935
229.765
229.596
229.424
229.253
229.074
228.9
228.728
228.554
228.378
228.189
227.983
227.798
227.633
227.427
227.251
227.028
226.807
226.694
226.587
226.487
226.369
226.219
226.092
225.964
225.832
225.718
225.579
225.439
225.332
225.183
225.042
224.92
224.792
224.662
224.555
224.48
224.41
224.335
224.198
224.118
224.079
224.035
224.016
223.967
223.927
223.901
223.944
223.967
223.982
223.999
224.004
223.996
224.001
224.02
224.022
224.001
223.977
223.92
223.897
223.896
223.871
223.943
223.971
224.052
224.114
224.2
224.343
224.453
224.538
224.626
224.668
224.747
224.809
224.965
225.147
225.337
225.512
225.694
225.874
226.048
226.24
226.405
226.645
226.912
227.171
227.418
227.657
227.881
228.056
228.239
228.359
228.488
228.644
228.768
228.893
229
229.091
229.226
229.355
229.536
229.669
229.854
230.045
230.196
230.386
230.585
230.709
230.835
230.934
231.045
231.127
231.211
231.272
231.291
231.377
231.43
231.457
231.48
231.49
231.521
231.585
231.651
231.749
231.787
231.792
231.782
231.795
231.813
231.881
231.895
231.853
231.858
231.835
231.824
231.761
231.683
231.659
231.589
231.523
231.448
231.415
231.319
231.338
231.262
231.209
231.139
231.102
231.059
230.963
230.865
230.792
230.698
230.652
230.575
230.54
230.473
230.349
230.231
230.057
229.913
229.773
229.661
229.528
229.407
229.289
229.171
229.081
228.976
228.866
228.763
228.66
228.567
228.454
228.354
228.227
228.109
227.985
227.878
227.865
227.839
227.799
227.748
227.639
227.581
227.535
227.488
227.465
227.49
227.539
227.628
227.643
227.703
227.745
227.773
227.787
227.778
227.754
227.717
227.75
227.708
227.717
227.738
227.718
227.696
227.7
227.759
227.745
227.721
227.782
227.844
227.982
228.145
228.297
228.53
228.714
228.901
229.107
229.242
229.426
229.549
229.71
229.82
229.929
230.046
230.155
230.273
230.394
230.478
230.576
230.627
230.723
230.797
230.834
230.875
230.875
230.88
230.669
230.599
230.625
230.623
230.593
230.597
230.634
230.629
230.631
230.608
230.625
230.631
230.603
230.566
230.524
230.48
230.465
230.367
230.354
230.266
230.162
230.06
229.955
229.836
229.728
229.618
229.485
229.416
229.231
229.099
228.987
228.863
228.768
228.6
228.529
228.378
228.238
228.111
227.996
227.856
227.676
227.569
227.403
227.311
227.261
227.227
227.182
227.157
227.11
227.093
227.04
227.004
226.953
226.938
226.919
226.941
226.944
227.002
227.027
226.531
226.455
226.368
226.333
226.283
226.204
226.152
226.122
226.043
226.001
225.955
225.877
225.849
225.816
225.756
225.715
225.664
225.638
225.621
225.622
225.613
225.639
225.654
225.592
225.525
225.499
225.453
225.452
225.409
225.44
225.481
225.565
225.619
225.685
225.772
225.827
225.974
226.155
226.295
226.378
226.428
226.543
226.729
226.942
227.213
227.456
227.683
227.931
228.158
228.382
228.526
228.699
228.858
229.024
229.19
229.365
229.489
229.621
229.718
229.786
229.854
229.96
230.021
230.056
230.109
230.158
230.196
230.233
230.293
230.346
230.418
230.433
230.451
230.386
230.343
230.29
230.29
230.237
230.187
230.158
230.101
230.061
230.001
229.935
229.879
229.803
229.731
229.654
229.562
229.495
229.433
229.451
229.433
229.473
229.535
229.598
229.623
229.637
229.653
229.641
229.612
229.565
229.52
229.443
229.386
229.33
229.27
229.172
229.11
229.042
228.933
228.819
228.737
228.628
228.517
228.411
228.302
228.199
228.046
227.937
227.872
227.845
227.818
227.808
227.796
227.721
227.698
227.68
227.65
227.627
227.59
227.619
227.608
227.6
227.597
227.525
227.413
227.328
227.244
227.141
226.989
226.903
226.866
226.839
226.849
226.848
226.898
226.935
226.956
226.98
226.98
226.987
226.991
226.984
226.964
226.948
226.944
226.908
226.908
226.844
226.841
226.831
226.746
226.633
226.569
226.457
226.357
226.264
226.145
226.044
225.991
225.92
225.839
225.807
225.721
225.663
225.547
225.492
225.367
225.285
225.186
225.116
225.073
224.967
224.924
224.881
224.794
224.747
224.678
224.643
224.549
224.472
224.444
224.364
224.332
224.411
224.435
224.505
224.607
224.636
224.782
224.903
224.985
225.104
225.262
225.382
225.521
225.627
225.713
225.805
225.749
225.77
225.931
226.091
226.247
226.387
226.516
226.622
226.78
226.948
227.172
227.396
227.612
227.829
227.993
228.173
228.349
228.54
228.76
228.902
229.037
229.144
229.444
229.701
229.971
230.19
230.413
230.633
230.888
231.085
231.316
231.503
231.678
231.875
232.032
232.187
232.337
232.48
232.683
232.868
233.031
233.195
233.341
233.488
233.614
233.73
233.843
233.934
234.03
234.124
234.176
234.228
234.275
234.319
234.354
234.389
234.396
234.42
234.411
234.425
234.42
234.453
234.401
234.404
234.399
234.347
234.315
234.279
234.171
234.116
234.042
233.934
233.61
233.56
233.5
233.465
233.422
233.369
233.395
233.372
233.32
233.218
233.135
233.077
233.02
232.938
232.835
232.743
232.628
232.518
232.381
232.257
232.173
232.063
231.964
231.817
231.697
231.566
231.423
231.289
231.14
230.972
230.752
230.603
230.444
230.288
230.122
229.925
229.757
229.581
229.37
229.186
229.08
228.924
228.772
228.674
228.38
228.148
227.933
227.777
227.59
227.394
227.187
227.099
227.01
226.847
226.698
226.512
226.347
226.295
226.211
226.168
226.094
226.04
225.996
225.991
225.979
225.941
225.922
225.905
225.949
225.909
225.925
225.884
225.899
225.853
225.766
225.745
225.745
225.7
225.651
225.542
225.5
225.469
225.459
225.425
225.483
225.512
225.489
225.478
225.459
225.453
225.442
225.412
225.378
225.371
225.435
225.45
225.444
225.487
225.52
225.566
225.648
225.688
225.717
225.718
225.777
225.657
225.685
225.757
225.908
226.144
226.392
226.577
226.784
226.991
227.149
227.32
227.483
227.662
227.799
227.862
228.009
228.098
228.331
228.419
228.6
228.739
228.893
228.988
229.101
229.264
229.434
229.531
229.679
229.828
229.974
230.113
230.254
230.4
230.564
230.678
230.791
230.909
231.02
231.067
231.085
231.133
231.172
231.204
231.225
231.225
231.253
231.236
231.158
231.101
231.066
231.005
230.904
230.816
230.751
230.695
230.676
230.639
230.632
230.6
230.505
230.42
230.323
230.255
230.201
230.122
230.008
229.904
229.845
229.74
229.565
229.529
229.487
229.492
229.42
229.347
229.264
229.189
229.138
229.083
229.017
229.021
228.929
228.879
228.944
228.984
228.977
228.952
228.941
228.965
228.938
228.931
228.943
228.933
228.877
228.816
228.813
228.805
228.804
228.759
228.776
228.819
228.857
228.981
229.067
229.196
229.35
229.536
229.684
229.844
229.955
230.115
230.193
230.308
230.426
230.451
230.485
230.63
230.765
230.873
230.984
231.096
231.233
231.297
231.411
231.431
231.437
231.426
231.356
231.251
231.201
231.117
231.109
231.024
230.931
230.818
230.746
230.693
230.621
230.574
230.543
230.457
230.371
230.177
230.121
230.059
230.006
229.919
229.889
229.82
229.808
229.743
229.604
229.476
229.38
229.255
229.125
229.055
228.939
228.808
228.721
228.612
228.488
228.379
228.366
228.413
228.441
228.459
228.509
228.558
228.676
228.768
228.877
228.963
229.023
229.085
229.206
229.311
229.379
229.461
229.506
229.601
229.654
229.728
229.731
229.808
229.868
229.896
229.905
229.947
229.978
229.922
229.943
229.95
229.905
229.863
229.817
229.761
229.7
229.679
229.682
229.733
229.771
229.776
229.788
229.781
229.755
229.653
229.598
229.616
229.571
229.561
229.549
229.518
229.409
229.355
229.312
229.251
229.163
229.065
228.957
228.888
228.822
228.739
228.641
228.527
228.41
228.344
228.251
228.136
228.042
227.978
227.916
227.85
227.812
227.724
227.669
227.522
227.431
227.268
227.203
227.136
226.786
226.698
226.561
226.448
226.371
226.249
226.142
225.995
225.867
225.771
225.759
225.709
225.659
225.615
225.595
225.526
225.508
225.47
225.406
225.401
225.467
225.52
225.56
225.63
225.667
225.705
225.781
225.796
225.857
225.922
225.991
226.113
226.217
226.255
226.332
226.419
226.509
226.574
226.667
226.725
226.786
226.853
226.874
226.919
226.973
227.004
227.036
227.079
227.087
227.073
227.144
227.219
227.3
227.388
227.377
227.441
227.467
227.348
227.476
227.571
227.631
227.791
227.922
228.032
228.139
228.27
228.386
228.448
228.574
228.7
228.847
228.946
229.04
229.077
229.184
229.301
229.415
229.525
229.624
229.716
229.782
229.872
229.91
230.008
230.088
230.181
230.267
230.359
230.424
230.496
230.556
230.618
230.662
230.723
230.839
230.903
230.967
230.971
230.974
230.997
230.994
231.005
230.975
230.933
230.932
230.946
230.941
230.939
230.961
230.948
230.934
230.899
230.852
230.825
230.798
230.738
230.692
230.658
230.622
230.59
230.504
230.439
230.339
230.259
230.17
230.083
230.007
229.906
229.826
229.732
229.66
229.572
229.517
229.458
229.475
229.453
229.432
229.449
229.381
229.36
229.343
229.33
229.317
229.345
229.372
229.377
229.299
229.194
229.17
229.123
229.113
229.086
229.101
229.128
229.149
229.207
229.232
229.228
229.213
229.206
229.193
229.176
229.19
229.217
229.227
229.201
229.172
229.136
229.07
229.024
228.983
228.905
228.968
229.044
229.06
229.136
229.159
229.227
229.294
229.251
229.061
229.03
229.001
229.026
229.096
229.149
229.176
229.204
229.22
229.22
229.224
229.176
229.128
229.051
228.993
228.94
228.87
228.832
228.809
228.802
228.818
228.888
228.916
228.991
229.074
229.149
229.156
229.135
229.145
229.147
229.129
229.099
229.069
229.033
228.99
228.985
228.983
228.899
228.772
228.674
228.601
228.465
228.386
228.263
228.128
228.044
227.969
227.89
227.805
227.735
227.654
227.601
227.571
227.602
227.534
227.486
227.436
227.368
227.321
227.296
227.226
227.182
227.181
227.195
227.225
227.205
227.113
227.056
227.035
227.017
226.996
226.976
226.962
226.922
226.88
226.834
226.787
226.775
226.814
226.863
226.883
226.843
226.832
226.902
226.953
226.974
226.976
227.045
227.042
227.031
227.041
226.979
226.912
226.859
226.816
226.786
226.798
226.766
226.679
226.683
226.653
226.563
226.51
226.49
226.432
226.386
226.286
226.245
226.175
226.141
226.115
226.135
226.142
226.155
226.208
226.193
226.168
226.111
226.092
226.029
225.993
225.888
225.858
225.832
225.946
225.992
226.019
226.107
226.228
226.37
226.475
226.551
226.627
226.732
226.743
226.828
226.862
226.913
226.904
226.999
227.15
227.345
227.481
227.555
227.715
227.904
228.05
228.248
228.388
228.507
228.582
228.72
228.879
229.051
229.2
229.274
229.339
229.404
229.47
229.495
229.566
229.6
229.584
229.586
229.598
229.65
229.685
229.731
229.775
229.826
229.86
229.865
229.9
229.9
229.892
229.89
229.897
229.913
229.927
229.935
229.976
230.049
230.18
230.29
230.415
230.55
230.616
230.704
230.798
230.921
231.007
231.135
231.267
231.388
231.497
231.606
231.709
231.799
231.876
231.961
232.025
232.013
232.014
231.987
231.976
231.965
231.917
231.901
231.872
231.837
231.812
231.775
231.733
231.698
231.658
231.609
231.53
231.478
231.405
231.32
231.213
231.141
231.024
230.919
230.839
230.848
230.883
230.894
230.87
230.881
230.867
230.865
230.818
230.74
230.691
230.617
230.576
230.51
230.473
230.438
230.388
230.328
230.233
230.151
230.054
229.972
229.896
229.834
229.754
229.675
229.615
229.53
229.464
229.38
229.281
229.204
229.098
229.017
228.934
228.276
228.099
228.053
228.034
228.08
228.163
228.287
228.362
228.454
228.617
228.714
228.892
229.031
229.156
229.253
229.358
229.451
229.462
229.503
229.576
229.618
229.663
229.711
229.728
229.756
229.779
229.824
229.831
229.807
229.814
229.871
229.952
230.054
230.144
230.221
230.321
230.379
230.418
230.471
230.529
230.564
230.589
230.609
230.612
230.611
230.604
230.586
230.564
230.542
230.501
230.464
230.424
230.384
230.391
230.375
230.321
230.297
230.264
230.252
230.179
230.148
230.111
230.008
229.963
229.875
229.801
229.7
229.612
229.522
229.407
229.255
229.144
229.021
228.874
228.745
228.6
228.45
228.335
228.175
228.044
227.935
227.774
227.654
227.496
227.361
227.204
227.059
226.918
226.767
226.638
226.504
226.365
226.23
226.105
225.984
225.855
225.745
225.629
225.494
225.374
225.25
225.16
225.086
225.029
225.039
225.099
225.15
225.21
225.263
225.277
225.272
225.284
225.28
225.193
225.12
225.046
224.955
224.919
224.907
224.885
224.838
224.82
224.866
224.832
224.864
224.863
224.937
224.976
225.003
225.048
225.088
225.116
225.16
225.196
225.213
225.243
225.286
225.304
225.344
225.369
225.468
225.596
225.721
225.875
226.044
226.16
226.306
226.488
226.605
226.723
226.868
227.015
227.183
227.311
227.426
227.529
227.583
227.648
227.728
227.804
227.909
228.076
228.225
228.389
228.573
228.749
228.87
229.016
229.14
229.295
229.409
229.529
229.649
229.727
229.825
229.864
229.969
230.057
230.149
230.241
230.304
230.361
230.399
230.493
230.536
230.596
230.691
230.746
230.83
230.903
230.989
231.072
231.157
231.192
231.222
231.258
231.281
231.343
231.341
231.379
231.357
231.373
231.398
231.36
231.377
231.321
231.351
231.387
231.425
231.441
231.376
231.365
231.293
231.312
231.208
230.973
230.972
230.934
230.932
230.889
230.827
230.794
230.825
230.752
230.692
230.712
230.758
230.821
230.849
230.849
230.828
230.827
230.762
230.701
230.193
230.083
229.971
229.853
229.76
229.627
229.503
229.384
229.268
229.133
229.034
228.934
228.825
228.736
228.633
228.537
228.442
228.326
228.235
228.145
228.032
227.939
227.818
227.705
227.579
227.452
227.346
227.24
227.116
227.007
226.899
226.789
226.681
226.592
226.493
226.381
226.307
226.214
226.112
226.028
225.93
225.842
225.745
225.643
225.541
225.437
225.306
225.164
225.015
224.882
224.752
224.629
224.516
224.45
224.378
224.257
224.198
224.156
224.104
224.094
224.122
224.028
223.978
223.982
223.952
223.907
223.851
223.87
223.896
223.927
223.996
224.091
224.294
224.503
224.695
224.888
225.081
225.293
225.46
225.632
225.812
225.916
226.144
226.268
226.427
226.651
226.86
227.012
227.149
227.316
227.454
227.611
227.731
227.824
227.956
228.097
228.248
228.382
228.413
228.524
228.621
228.77
228.903
229.02
229.087
229.258
229.302
229.463
229.605
229.696
229.756
229.791
229.8
229.791
229.822
229.856
229.879
229.948
229.951
229.992
230.025
230.072
230.094
230.121
230.108
230.126
230.123
230.069
230.022
229.918
229.844
229.774
229.758
229.773
229.668
229.682
229.715
229.765
229.788
229.823
229.87
229.915
229.975
230.039
230.11
230.167
230.209
230.22
230.253
230.262
230.289
230.269
230.24
230.22
230.201
230.188
230.174
230.138
230.142
230.125
230.099
230.039
230
229.989
230.124
230.194
230.28
230.333
230.402
230.41
230.376
230.374
230.354
230.324
230.296
230.32
230.338
230.351
230.337
230.329
230.269
230.265
230.23
230.177
230.107
230.06
230.005
229.98
229.925
229.857
229.821
229.738
229.669
229.628
229.55
229.445
229.397
229.266
229.216
229.151
229.018
228.94
228.874
228.785
228.703
228.607
228.509
228.398
228.296
228.187
228.115
228.029
227.983
227.873
227.796
227.758
227.692
227.632
227.561
227.498
227.432
227.358
227.287
227.169
227.064
226.994
226.915
226.831
226.827
226.785
226.693
226.623
226.714
226.719
226.737
226.758
226.727
226.744
226.748
226.682
226.767
226.744
226.767
226.768
226.733
226.669
226.595
226.529
226.606
226.589
226.609
226.607
226.579
226.574
226.533
226.503
226.503
226.5
226.48
226.453
226.461
226.571
226.656
226.825
226.959
227.148
227.352
227.538
227.673
227.824
227.956
228.102
228.197
228.285
228.379
228.484
228.557
228.65
228.699
228.783
228.852
228.937
229.018
229.098
229.179
229.197
229.219
229.221
229.194
229.203
229.194
229.225
229.257
229.298
229.328
229.392
229.415
229.445
229.515
229.635
229.684
229.744
229.746
229.817
229.85
229.846
229.862
229.915
229.903
229.918
229.924
229.937
229.98
229.97
230.011
230.022
230.028
230.001
229.995
229.983
229.973
229.953
229.937
229.926
229.962
230.036
230.119
230.242
230.338
230.409
230.446
230.485
230.529
230.53
230.578
230.653
230.713
230.777
230.821
230.842
230.853
230.905
230.892
230.903
230.886
230.889
230.989
231.029
231.057
231.079
231.098
231.058
231.055
231.036
231.013
230.993
231.01
231.027
231.038
231.041
231.088
231.123
231.162
231.2
231.219
231.202
231.182
231.156
231.128
231.083
231.062
231.038
230.996
230.961
230.874
230.826
230.775
230.72
230.656
230.569
230.489
230.414
230.327
230.241
230.148
230.053
229.953
229.849
229.738
229.642
229.52
229.408
229.288
229.177
229.06
228.943
228.823
228.699
228.569
228.432
228.299
228.166
228.036
227.897
227.77
227.656
227.535
227.404
227.274
227.136
227.004
226.863
226.73
226.592
226.46
226.4
226.334
226.254
226.171
226.12
226.099
226.076
226.049
226.021
225.998
225.978
225.956
225.933
225.904
225.858
225.809
225.715
225.746
225.801
225.902
225.957
226
226.016
226.083
226.115
226.167
226.12
226.128
226.134
226.098
226.089
226.057
226.075
226.088
226.133
226.204
226.288
226.335
226.398
226.45
226.484
226.517
226.669
226.819
226.964
227.121
227.261
227.373
227.433
227.516
227.593
227.656
227.722
227.791
227.849
227.953
227.999
228.047
228.102
228.228
228.376
228.484
228.583
228.663
228.729
228.791
228.87
228.891
228.885
228.934
229.005
229.082
229.203
229.26
229.333
229.432
229.502
229.585
229.664
229.743
229.827
229.88
229.95
230.015
230.072
230.131
230.155
230.19
230.223
230.261
230.259
230.271
230.285
230.293
230.348
230.37
230.383
230.389
230.385
230.389
230.334
230.325
230.314
230.26
230.214
230.373
230.527
230.643
230.816
230.944
231.05
231.164
231.248
231.337
231.432
231.477
231.557
231.596
231.622
231.646
231.606
231.586
231.604
231.641
231.628
231.635
231.625
231.631
231.605
231.614
231.599
231.586
231.549
231.53
231.48
231.405
231.318
231.252
231.285
231.341
231.374
231.414
231.417
231.435
231.414
231.388
231.378
231.371
231.43
231.422
231.443
231.448
231.382
231.342
231.216
231.156
231.134
231.048
230.979
230.831
230.815
230.745
230.677
230.67
230.576
230.565
230.544
230.499
230.47
230.428
230.358
230.27
230.148
230.04
229.957
229.867
229.775
229.686
229.611
229.509
229.406
229.326
229.222
229.125
228.995
228.88
228.76
228.631
228.532
228.41
228.31
228.192
228.084
227.975
227.865
227.754
227.669
227.544
227.421
227.272
227.17
227.047
226.949
226.829
226.708
226.592
226.469
226.364
226.249
226.155
226.059
225.994
225.954
225.899
225.844
225.795
225.741
225.695
225.67
225.666
225.659
225.65
225.623
225.607
225.604
225.596
225.563
225.535
225.535
225.515
225.484
225.505
225.53
225.559
225.615
225.766
225.876
225.986
226.164
226.349
226.529
226.559
226.622
226.7
226.765
226.731
226.763
226.828
226.913
226.987
227.001
227.045
227.176
227.312
227.497
227.666
227.824
227.924
227.982
228.076
228.14
228.207
228.259
228.367
228.432
228.516
228.617
228.726
228.846
228.986
229.131
229.233
229.427
229.616
229.761
229.898
230.037
230.153
230.266
230.359
230.408
230.46
230.473
230.476
230.492
230.514
230.551
230.569
230.479
230.476
230.385
230.282
230.171
230.048
230.009
229.915
229.854
229.817
229.789
229.737
229.716
229.711
229.691
229.704
229.674
229.626
229.59
229.545
229.508
229.469
229.446
229.463
229.431
229.417
229.411
229.408
229.425
229.418
229.386
229.404
229.37
229.341
229.343
229.34
229.325
229.295
229.308
229.318
229.299
229.324
229.299
229.256
229.213
229.145
229.086
229.085
229.028
228.943
228.878
228.834
228.764
228.683
228.597
228.506
228.459
228.434
228.39
228.334
228.292
228.24
228.189
228.209
228.23
228.253
228.254
228.26
228.241
228.224
228.287
228.386
228.47
228.588
228.676
228.778
228.809
228.881
228.931
228.723
228.754
228.839
228.828
228.869
228.918
228.96
228.981
229.031
229.076
229.113
229.175
229.2
229.182
229.206
229.323
229.405
229.539
229.648
229.755
229.826
229.926
230.006
230.084
230.124
230.124
230.12
230.06
230.076
230.051
230.064
230.086
230.044
229.988
230.005
229.925
229.863
229.84
229.777
229.755
229.68
229.646
229.586
229.477
229.409
229.32
229.245
229.165
229.06
228.978
228.876
228.799
228.697
228.633
228.572
228.517
228.42
228.375
228.341
228.304
228.236
228.123
227.997
227.9
227.83
227.73
227.794
227.853
227.89
227.91
227.944
227.951
227.969
227.98
228.01
228.07
228.125
228.166
228.286
228.331
228.259
227.844
227.799
227.759
227.728
227.693
227.65
227.69
227.685
227.684
227.665
227.688
227.657
227.659
227.68
227.667
227.713
227.748
227.699
227.652
227.754
227.902
228.037
228.145
228.206
228.31
228.4
228.49
228.604
228.669
228.749
228.804
228.886
228.986
229.115
229.212
229.287
229.305
229.371
229.457
229.535
229.579
229.644
229.667
229.705
229.709
229.708
229.688
229.707
229.691
229.667
229.659
229.655
229.643
229.616
229.619
229.622
229.583
229.543
229.432
229.372
229.272
229.154
229.057
228.891
228.812
228.709
228.59
228.537
228.498
228.457
228.39
228.337
228.285
228.183
228.066
227.95
227.83
227.73
227.618
227.528
227.527
227.557
227.599
227.647
227.695
227.775
227.839
227.859
227.909
227.914
227.98
227.985
228.052
228.199
228.272
228.349
228.414
228.389
228.368
228.378
228.368
228.346
228.364
228.302
228.275
228.235
228.226
228.136
228.115
228.068
228.025
227.952
227.904
227.807
227.73
227.663
227.587
227.561
227.552
227.535
227.523
227.503
227.486
227.472
227.451
227.471
227.581
227.744
227.875
227.912
228.019
228.098
228.195
228.112
228.07
228.108
228.162
228.228
228.269
228.279
228.37
228.434
228.534
228.589
228.687
228.718
228.791
228.847
228.927
229.002
229.163
229.326
229.439
229.573
229.675
229.786
229.882
229.968
230.061
230.129
230.182
230.21
230.288
230.362
230.38
230.439
230.478
230.479
230.506
230.5
230.496
230.462
230.478
230.451
230.427
230.457
230.406
230.367
230.387
230.38
230.317
230.229
230.129
230.04
229.963
229.89
229.802
229.671
229.574
229.466
229.362
229.234
229.084
228.947
228.86
228.731
228.547
228.442
228.3
228.167
228.013
227.875
227.723
227.606
227.501
227.394
227.234
227.128
226.998
226.893
226.966
226.934
226.959
226.97
226.96
226.919
226.847
226.842
226.825
226.887
226.941
226.965
226.976
226.98
226.982
227.037
227.079
227.079
227.141
227.153
227.206
227.24
227.271
227.258
227.188
227.147
227.155
227.155
227.105
227.087
227.069
227.015
226.973
226.921
226.833
226.77
226.679
226.582
226.494
226.383
226.312
226.256
226.192
226.144
226.114
226.086
226.125
226.192
226.255
226.325
226.397
226.454
226.568
226.66
226.733
226.817
226.831
226.912
227.016
227.129
227.248
227.386
227.623
227.793
228.042
228.31
228.526
228.752
228.951
229.135
228.909
228.92
229.047
229.165
229.271
229.374
229.461
229.553
229.643
229.729
229.798
229.875
229.949
230.026
230.113
230.163
230.248
230.315
230.363
230.443
230.484
230.528
230.555
230.597
230.64
230.678
230.705
230.746
230.743
230.754
230.74
230.77
230.72
230.719
230.718
230.667
230.631
230.593
230.569
230.499
230.467
230.516
230.57
230.626
230.693
230.744
230.771
230.811
230.82
230.821
230.833
230.846
230.866
230.874
230.866
230.823
230.787
230.758
230.732
230.674
230.626
230.511
230.446
230.364
230.321
230.311
230.281
230.259
230.251
230.262
230.267
230.175
230.186
230.149
230.049
229.942
229.877
229.797
229.727
229.657
229.566
229.501
229.407
229.324
229.243
229.145
229.06
228.974
228.876
228.789
228.611
228.502
228.35
228.214
228.075
227.933
227.79
227.682
227.56
227.431
227.386
227.345
227.274
227.235
227.217
227.211
227.237
227.357
227.411
227.487
227.538
227.605
227.645
227.699
227.703
227.701
227.777
227.902
228.011
228.112
228.16
228.2
228.257
228.311
228.328
228.32
228.335
228.374
228.412
228.442
228.455
228.484
228.508
228.535
228.552
228.599
228.642
228.675
228.704
228.759
228.839
229.06
229.249
229.419
229.598
229.711
229.792
229.861
229.824
229.846
229.857
229.857
229.848
229.788
229.778
229.712
229.693
229.678
229.656
229.634
229.607
229.562
229.536
229.557
229.528
229.51
229.504
229.468
229.411
229.375
229.356
229.295
229.273
229.163
229.099
229.016
228.95
228.879
228.799
228.79
228.778
228.752
228.718
228.679
228.622
228.535
228.449
228.382
228.448
228.435
228.414
228.416
228.381
228.397
228.338
228.345
228.368
228.383
228.48
228.471
228.573
228.631
228.699
228.771
228.794
228.823
228.838
228.876
228.886
228.915
228.932
228.922
228.921
228.858
228.809
228.755
228.659
228.577
228.506
228.425
228.363
228.296
228.204
228.087
227.947
227.805
227.656
227.515
227.394
227.258
227.138
227.023
226.864
226.72
226.622
226.496
226.436
226.352
226.211
226.116
226.002
225.899
225.751
225.677
225.563
225.468
225.401
225.295
225.223
225.103
225.008
224.931
224.826
224.832
224.798
224.774
224.834
224.883
224.907
224.971
224.955
224.972
224.963
224.951
225.078
225.196
225.339
225.478
225.565
225.654
225.795
225.873
225.938
226.008
226.062
226.121
226.177
226.277
226.378
226.456
226.542
226.632
226.697
226.762
226.834
226.952
227.038
227.141
227.228
227.315
227.402
227.503
227.631
227.753
227.87
227.929
228.096
228.283
228.491
228.733
229.043
229.205
229.409
229.516
229.62
229.774
229.956
230.093
230.245
230.392
230.497
230.618
230.73
230.807
230.873
230.901
230.957
231.008
231.048
231.1
231.078
231.143
231.157
231.106
231.093
231.065
231.05
231.017
231.007
231.081
231.135
231.187
231.234
231.274
231.309
231.339
231.363
231.391
231.403
231.372
231.371
231.313
231.301
231.271
231.219
231.2
231.185
231.176
231.162
231.145
231.101
231.055
231.028
230.963
230.906
230.871
230.826
230.739
230.689
230.632
230.58
230.523
230.468
230.405
230.343
230.279
230.207
230.133
230.006
229.947
229.847
229.736
229.651
229.55
229.49
229.47
229.448
229.419
229.384
229.345
229.292
229.239
229.184
229.128
229.071
229.042
229.067
229.11
229.161
229.272
229.358
229.42
229.468
229.487
229.56
229.637
229.682
229.676
229.682
229.697
229.695
229.672
229.669
229.672
229.628
229.599
229.582
229.538
229.486
229.473
229.467
229.457
229.396
229.381
229.361
229.304
229.279
229.193
229.108
229.065
228.984
228.937
228.884
228.827
228.775
228.706
228.689
228.686
228.668
228.651
228.635
228.616
228.591
228.557
228.521
228.489
228.453
228.406
228.35
228.267
228.2
228.128
228.087
228.041
227.995
227.944
227.874
227.793
227.745
227.677
227.613
227.552
227.461
227.399
227.318
227.248
227.187
227.128
227.068
227.007
226.945
226.884
226.813
226.743
226.668
226.595
226.531
226.585
226.64
226.695
226.749
226.741
226.759
226.786
226.787
226.812
226.776
226.786
226.804
226.82
226.861
226.925
226.99
227.043
227.093
227.139
227.18
227.211
227.26
227.31
227.328
227.403
227.441
227.51
227.588
227.664
227.737
227.876
228.043
228.203
228.362
228.514
228.649
228.766
228.88
229
229.094
229.185
229.274
229.354
229.432
229.503
229.573
229.644
229.713
229.815
229.821
229.922
230.017
230.073
230.157
230.213
230.115
230.088
230.073
230.077
230.026
230.008
229.958
229.95
229.937
229.919
229.898
229.873
229.844
229.813
229.774
229.733
229.69
229.685
229.682
229.705
229.722
229.738
229.759
229.762
229.753
229.742
229.739
229.733
229.72
229.702
229.683
229.679
229.689
229.691
229.693
229.686
229.678
229.653
229.62
229.62
229.574
229.523
229.467
229.406
229.327
229.225
229.125
229.029
228.952
228.918
228.941
228.955
228.975
228.993
229.007
229.026
229.028
229.035
229.032
229.018
229.01
229.002
229.004
229.097
229.207
229.374
229.484
229.565
229.615
229.623
229.714
229.896
230.019
230.154
230.244
230.357
230.467
230.555
230.649
230.678
230.698
230.716
230.703
230.69
230.722
230.675
230.674
230.659
230.688
230.721
230.742
230.743
230.755
230.795
230.768
230.755
230.741
230.662
230.607
230.539
230.465
230.412
230.31
230.189
230.113
230.026
229.879
229.799
229.679
229.544
229.443
229.284
229.208
229.071
228.924
228.804
228.715
228.611
228.559
228.534
228.476
228.423
228.452
228.404
228.354
228.341
228.326
228.305
228.261
228.231
228.189
228.117
228.075
228.015
227.938
227.867
227.819
227.765
227.676
227.591
227.531
227.511
227.487
227.459
227.451
227.447
227.424
227.422
227.433
227.439
227.459
227.459
227.446
227.435
227.416
227.386
227.323
227.299
227.272
227.259
227.226
227.188
227.217
227.221
227.219
227.243
227.27
227.398
227.561
227.678
227.771
227.86
227.958
228.032
228.115
228.205
228.35
228.453
228.56
228.702
228.831
228.907
228.872
228.876
228.86
228.807
228.786
228.851
228.915
228.986
228.994
229.026
229.134
229.228
229.318
229.403
229.469
229.492
229.554
229.609
229.668
229.674
229.719
229.765
229.798
229.871
229.991
230.068
230.124
230.191
230.29
230.389
230.454
230.425
230.476
230.494
230.488
230.471
230.467
230.47
230.522
230.598
230.611
230.636
230.626
230.635
230.602
230.595
230.401
230.36
230.357
230.27
230.205
230.118
230.043
229.969
229.872
229.822
229.737
229.672
229.609
229.549
229.493
229.373
229.274
229.216
229.147
229.058
228.983
228.858
228.752
228.635
228.514
228.427
228.334
228.244
228.174
228.039
227.935
227.808
227.726
227.614
227.489
227.372
227.262
227.143
227.153
227.13
227.139
227.114
227.156
227.24
227.288
227.323
227.343
227.38
227.374
227.368
227.398
227.402
227.426
227.444
227.431
227.42
227.498
227.568
227.629
227.692
227.718
227.771
227.804
227.805
227.835
227.862
227.844
227.854
227.825
227.835
227.845
227.901
227.998
228.106
228.197
228.272
228.405
228.511
228.599
228.641
228.745
228.855
228.89
228.972
229.057
229.091
229.132
229.189
229.225
229.228
229.239
229.275
229.257
229.266
229.287
229.28
229.263
229.272
229.291
229.363
229.425
229.483
229.537
229.585
229.578
229.62
229.657
229.691
229.727
229.761
229.791
229.854
229.859
229.871
229.874
229.879
229.877
229.871
229.829
229.809
229.815
229.818
229.823
229.831
229.824
229.923
230.051
230.173
230.292
230.395
230.518
230.616
230.708
230.799
230.906
231.159
231.389
231.611
231.797
231.983
232.159
232.372
232.507
232.64
232.798
232.915
233.067
233.198
233.274
233.414
233.552
233.688
233.813
233.929
234.036
234.134
234.269
234.357
234.481
234.605
234.685
234.793
234.9
235.071
235.284
235.479
235.654
235.775
235.939
236.074
236.235
236.301
236.408
236.504
236.679
236.787
236.9
237.032
237.136
237.26
237.361
237.431
237.499
237.563
237.632
237.698
237.766
237.833
237.898
237.964
238.028
238.091
238.147
238.196
238.24
238.278
238.311
238.338
238.369
238.514
238.664
238.79
238.906
239.01
239.111
239.206
239.293
239.376
239.475
239.601
239.718
239.837
239.927
240.013
240.004
240.039
240.003
240.159
240.314
240.459
240.592
240.715
240.828
240.931
241.001
241.091
241.159
241.211
241.263
241.301
241.329
241.358
241.378
241.424
241.432
241.491
241.535
241.583
241.598
241.631
241.613
241.664
241.643
241.67
241.681
241.319
241.09
241.085
241.115
241.11
241.11
241.059
241.055
241.062
241.118
241.226
241.321
241.459
241.515
241.63
241.731
241.416
241.242
241.31
241.387
241.421
241.152
241.138
241.096
241.424
241.468
241.851
241.878
241.886
241.902
241.908
241.934
241.938
241.932
242.012
242.491
243.046
243.156
243.659
244.193
244.723
245.22
245.085
245.512
245.965
246.448
246.499
246.92
247.162
247.53
247.91
248.306
248.675
249.01
249.357
249.777
249.816
250.11
250.108
250.511
251.006
251.507
251.611
251.686
252.095
252.474
252.434
252.392
252.69
253.035
253.359
253.708
254.099
254.435
254.727
255.055
255.383
255.701
256.011
256.313
256.607
256.887
257.163
257.431
257.712
257.663
257.923
258.32
258.284
258.621
258.976
259.324
259.697
260.08
260.432
260.76
261.09
261.354
261.675
261.985
262.294
262.621
262.763
262.972
262.812
263.002
263.235
263.473
263.689
263.987
264.295
264.611
264.866
265.168
265.304
265.516
265.779
266.104
266.419
266.316
266.509
266.776
267.034
267.303
267.544
267.415
267.591
267.796
267.996
268.187
268.393
268.542
268.676
268.849
268.649
268.708
268.835
268.978
269.109
269.229
269.339
269.458
269.573
269.677
269.773
269.875
270.01
270.115
270.25
270.361
270.463
270.556
270.933
271.379
271.928
272.077
272.548
273.07
273.229
273.686
273.829
273.913
274.36
274.446
274.882
274.965
275.387
275.833
276.272
276.696
276.708
276.766
277.1
277.542
277.692
278.14
278.26
278.635
279.08
279.514
279.998
280.412
280.429
280.632
280.686
280.919
280.987
280.997
281.298
281.631
281.594
281.866
282.193
282.518
282.841
282.82
282.749
282.968
283.278
283.652
284.077
284.133
284.511
284.912
285.308
285.355
285.68
285.692
286.017
286.399
286.778
287.155
287.524
287.89
288.248
288.593
288.934
289.27
289.628
290.073
290.5
290.914
291.315
291.712
292.201
292.69
293.168
293.632
294.082
294.519
294.932
295.311
295.268
295.584
295.974
296.352
296.72
297.08
297.432
297.773
298.099
298.418
298.728
299.016
298.916
299.173
299.458
299.73
299.988
300.205
300.434
300.664
300.98
301.304
301.616
301.913
302.171
302.442
302.702
302.951
303.186
303.411
303.624
303.823
304.013
304.188
304.351
304.504
304.643
304.421
304.455
304.558
304.649
304.733
304.807
304.88
304.945
305.001
304.712
304.694
304.731
304.752
304.779
304.801
304.821
304.833
304.834
304.834
304.831
304.824
304.814
304.802
304.789
304.776
304.764
304.751
304.749
304.75
304.752
304.755
304.763
304.772
304.781
304.787
304.798
304.814
304.918
305.059
305.194
305.319
305.446
305.572
305.704
305.952
306.193
306.426
306.654
306.87
307.078
306.925
307.023
307.211
307.386
307.647
307.939
308.269
308.595
308.903
309.208
309.497
309.782
310.053
310.324
310.255
310.12
309.982
309.834
309.702
309.578
309.444
309.281
309.185
309.051
309.145
308.95
309.162
309.406
309.643
309.873
310.095
310.302
310.479
310.632
310.78
310.924
311.104
311.273
311.391
311.529
311.63
311.766
311.851
311.928
311.998
312.097
311.831
311.75
311.792
311.826
311.516
311.471
311.481
311.514
311.528
311.523
311.525
311.709
311.906
312.118
312.278
312.469
312.611
312.762
312.886
312.666
312.662
312.775
312.885
312.983
313.087
313.19
312.987
312.84
312.909
313.014
313.123
313.23
313.367
313.478
313.589
313.702
313.814
313.951
314.064
314.173
314.277
314.375
314.472
314.586
314.818
315.108
315.361
315.606
315.851
316.091
316.243
316.48
316.712
316.876
317.104
317.33
317.552
317.771
317.986
318.196
318.396
318.526
318.664
318.811
318.978
319.144
319.308
319.473
319.637
319.797
319.959
320.118
320.274
320.424
320.572
320.709
320.838
320.963
321.1
321.25
321.397
321.539
321.675
321.806
321.933
322.053
322.169
322.281
322.388
322.488
322.586
322.679
322.77
322.858
322.941
323.019
323.095
323.168
323.238
323.304
323.369
323.431
323.491
323.55
323.605
323.657
323.707
323.754
323.797
323.838
323.882
323.924
323.966
324.005
324.049
324.093
324.139
324.186
324.238
324.29
324.348
324.41
324.477
324.547
324.621
324.694
324.771
324.846
324.918
324.978
325.041
325.125
325.333
325.537
325.736
325.928
326.118
326.301
326.481
326.654
326.823
326.988
327.148
327.304
327.454
327.599
327.741
327.879
328.01
328.136
328.26
328.379
328.494
328.602
328.709
328.812
328.91
329.005
329.095
329.182
329.262
329.341
329.415
329.486
329.55
329.609
329.666
329.718
329.765
329.809
329.846
329.883
329.912
329.938
329.961
329.981
329.996
330.01
330.022
330.03
330.036
330.039
330.042
330.043
330.042
330.038
330.031
330.024
330.013
330.003
329.99
329.976
329.959
329.94
329.923
329.904
329.884
329.867
329.846
329.831
329.817
329.807
329.801
329.796
329.796
329.8
329.809
329.822
329.841
329.863
329.887
329.91
329.933
329.951
329.961
329.975
329.989
