0.0260088
0.051688
0.077122
0.102519
0.127885
0.153255
0.178635
0.204021
0.22943
0.254827
0.280221
0.305626
0.331049
0.356452
0.381857
0.407266
0.432643
0.458026
0.483455
0.508813
0.534243
0.559681
0.585117
0.610545
0.635986
0.661438
0.686886
0.712333
0.737797
0.763251
0.788707
0.814146
0.839581
0.865028
0.890483
0.915932
0.941397
0.966861
0.992314
1.01777
1.04321
1.06898
1.09445
1.11991
1.14533
1.17081
1.19625
1.22171
1.24716
1.27259
1.29803
1.32347
1.34888
1.3743
1.39973
1.43671
1.46216
1.48762
1.51307
1.53852
1.56397
1.58942
1.61487
1.64035
1.6658
1.69126
1.71673
1.7422
1.76766
1.7931
1.81855
1.84401
1.86948
1.89494
1.92039
1.94583
1.97127
1.99671
2.02215
2.04759
2.07304
2.09849
2.12392
2.14936
2.17483
2.20029
2.22575
2.25119
2.27664
2.3021
2.32751
2.35296
2.37845
2.40393
2.4294
2.45489
2.48034
2.50581
2.53126
2.55672
2.58217
2.60763
2.63308
2.65855
2.684
2.70946
2.73492
2.76037
2.78585
2.8113
2.83677
2.86223
2.88767
2.91311
2.93857
2.96403
2.98948
3.01493
3.04041
3.06591
3.09139
3.11685
3.14231
3.16776
3.19321
3.21869
3.24416
3.26963
3.29508
3.3206
3.3461
3.37152
3.39698
3.42243
3.44791
3.47337
3.49882
3.52428
3.54974
3.5752
3.60068
3.62614
3.65161
3.67708
3.70253
3.72797
3.75343
3.77889
3.80434
3.82982
3.85531
3.8808
3.90626
3.93173
3.95721
3.98266
4.00811
4.03357
4.05903
4.08446
4.10989
4.13533
4.16077
4.1862
4.21163
4.23707
4.26253
4.28798
4.31343
4.33888
4.36431
4.38975
4.41519
4.44064
4.46611
4.49151
4.51696
4.54242
4.56788
4.59335
4.6188
4.64425
4.66971
4.69518
4.72067
4.74613
4.77157
4.79703
4.82248
4.84793
4.87342
4.8989
4.92436
4.94985
4.97532
5.00079
5.02626
5.05171
5.07715
5.10258
5.12805
5.15351
5.17895
5.20439
5.22982
5.25527
5.28072
5.3062
5.33166
5.35712
5.38257
5.40801
5.43346
5.45894
5.48441
5.50985
5.53531
5.56078
5.58625
5.61168
5.63713
5.66257
5.68803
5.71347
5.73892
5.76436
5.78982
5.81525
5.84071
5.86617
5.89164
5.91708
5.94254
5.96801
5.99345
6.0189
6.04435
6.06981
6.09529
6.12073
6.14619
6.17165
6.19709
6.22252
6.24796
6.27339
6.29883
6.32427
6.34972
6.37517
6.40063
6.42608
6.45151
6.47697
6.50242
6.52787
6.55332
6.57877
6.60422
6.62966
6.65513
6.68058
6.70604
6.73151
6.75697
6.78246
6.80793
6.83337
6.85883
6.88425
6.9097
6.93514
6.96056
6.98601
7.01145
7.03689
7.06234
7.08778
7.11328
7.13872
7.16418
7.18964
7.2151
7.24058
7.26604
7.29148
7.31691
7.34238
7.36782
7.39328
7.41871
7.44415
7.46963
7.49509
7.5206
7.54608
7.57151
7.59697
7.62241
7.64786
7.6733
7.69876
7.72422
7.74971
7.77516
7.80061
7.82606
7.85151
7.87698
7.90242
7.92788
7.95333
7.97879
8.00424
8.02968
8.05512
8.08057
8.10605
8.13152
8.15695
8.18238
8.20785
8.2333
8.25876
8.2842
8.30965
8.3351
8.36054
8.386
8.41146
8.4369
8.46234
8.48778
8.51322
8.53869
8.56413
8.58957
8.615
8.64046
8.66591
8.69136
8.71682
8.74228
8.76773
8.79319
8.81865
8.84413
8.86958
8.89503
8.9205
8.94597
8.97143
8.99688
9.02235
9.0478
9.07328
9.09875
9.1242
9.14966
9.1751
9.20055
9.22601
9.25145
9.2769
9.30234
9.3278
9.35327
9.37871
9.40415
9.42961
9.45505
9.4805
9.50596
9.53143
9.55688
9.58234
9.60778
9.63324
9.6587
9.68415
9.70961
9.73507
9.76054
9.786
9.81148
9.83695
9.8624
9.88785
9.9133
9.93877
9.96425
9.98972
10.0152
10.0406
10.0661
10.0915
10.117
10.1424
10.1679
10.1933
10.2188
10.2443
10.2697
10.2952
10.3206
10.3461
10.3715
10.397
10.4224
10.4479
10.4733
10.4988
10.5242
10.5497
10.5751
10.6006
10.626
10.6515
10.6769
10.7024
10.7278
10.7533
10.7788
10.8042
10.8296
10.8551
10.8805
10.906
10.9315
10.9569
10.9824
11.0078
11.0333
11.0587
11.0842
11.1096
11.1351
11.1606
11.186
11.2115
11.2369
11.2624
11.2879
11.3133
11.3387
11.3641
11.3896
11.415
11.4404
11.4659
11.4914
11.5168
11.5423
11.5677
11.5932
11.6186
11.6441
11.6695
11.695
11.7206
11.746
11.7715
11.7969
11.8224
11.8478
11.8733
11.8987
11.9242
11.9497
11.9751
12.0006
12.0261
12.0515
12.077
12.1024
12.1279
12.1533
12.1787
12.2042
12.2296
12.2551
12.2805
12.306
12.3315
12.3569
12.3824
12.4078
12.4333
12.4588
12.4842
12.5097
12.5351
12.5606
12.586
12.6115
12.6369
12.6624
12.6878
12.7133
12.7387
12.7641
12.7896
12.815
12.8405
12.8659
12.8914
12.9168
12.9423
12.9678
12.9932
13.0187
13.0441
13.0696
13.095
13.1205
13.146
13.1714
13.1969
13.2223
13.2478
13.2733
13.2987
13.3241
13.3496
13.375
13.4004
13.4259
13.4513
13.4768
13.5022
13.5277
13.5532
13.5786
13.6041
13.6296
13.655
13.6805
13.7059
13.7314
13.7569
13.7823
13.8078
13.8332
13.8587
13.8841
13.9096
13.9351
13.9605
13.986
14.0115
14.0369
14.0624
14.0878
14.1133
14.1387
14.1642
14.1897
14.2151
14.2406
14.266
14.2915
14.3169
14.3424
14.3678
14.3933
14.4187
14.4442
14.4697
14.4952
14.5206
14.5461
14.5715
14.5969
14.6224
14.6479
14.6733
14.6987
14.7242
14.7497
14.7751
14.8006
14.826
14.8515
14.8769
14.9024
14.9278
14.9533
14.9787
15.0042
15.0297
15.0551
15.0806
15.1127
15.1382
15.1636
15.189
15.2248
15.2503
15.2758
15.3012
15.3266
15.3521
15.3776
15.403
15.4285
15.4539
15.4794
15.5048
15.5303
15.5557
15.5811
15.6065
15.632
15.6574
15.6828
15.7083
15.7337
15.7591
15.7845
15.81
15.8354
15.8608
15.8863
15.9117
15.9371
15.9626
15.988
16.0134
16.0389
16.0643
16.0897
16.1152
16.1406
16.1661
16.1915
16.217
16.2424
16.2679
16.2934
16.3188
16.3443
16.3697
16.3952
16.4206
16.4461
16.4726
16.4981
16.5235
16.549
16.5744
16.5999
16.6253
16.6507
16.6762
16.7016
16.7271
16.7525
16.778
16.8035
16.8289
16.8544
16.8798
16.9053
16.9307
16.9561
16.9816
17.007
17.0325
17.058
17.0834
17.1089
17.1343
17.1598
17.1852
17.2107
17.2362
17.2616
17.2871
17.3126
17.338
17.3635
17.3889
17.4144
17.4398
17.4653
17.4908
17.5163
17.5418
17.5672
17.5927
17.6182
17.6436
17.6691
17.6945
17.72
17.7454
17.7709
17.7963
17.8218
17.8472
17.8727
17.8982
17.9237
17.9491
17.9746
18
18.0255
18.051
18.0764
18.1019
18.1273
18.1528
18.1782
18.2036
18.2291
18.2545
18.28
18.3054
18.3308
18.3563
18.3818
18.4072
18.4327
18.4581
18.4836
18.509
18.5345
18.5599
18.5854
18.6109
18.6363
18.6618
18.6873
18.7127
18.7382
18.7636
18.789
18.8145
18.84
18.8654
18.8908
18.9163
18.9418
18.9672
18.9927
19.0182
19.0436
19.0691
19.0945
19.1199
19.1454
19.1708
19.1963
19.2217
19.2472
19.2726
19.2981
19.3235
19.349
19.3744
19.3999
19.4253
19.4507
19.4762
19.5016
19.5271
19.5525
19.578
19.6035
19.629
19.6544
19.6798
19.7053
19.7307
19.7562
19.7816
19.8071
19.8326
19.858
19.8835
19.9089
19.9343
19.9598
19.9852
20.0107
20.0361
20.0615
20.087
20.1124
20.1378
20.1633
20.1888
20.2142
20.2397
20.2651
20.2906
20.316
20.3415
20.367
20.3924
20.4179
20.4433
20.4688
20.4942
20.5197
20.5451
20.5706
20.596
20.6215
20.6469
20.6724
20.6978
20.7233
20.7488
20.7742
20.7997
20.8251
20.8506
20.876
20.9015
20.927
20.9524
20.9779
21.0033
21.0287
21.0542
21.0796
21.1051
21.1305
21.1559
21.1814
21.2068
21.2323
21.2577
21.2832
21.3086
21.334
21.3595
21.3849
21.4103
21.4357
21.4612
21.4866
21.5121
21.5375
21.563
21.5884
21.6139
21.6393
21.6648
21.6903
21.7157
21.7412
21.7666
21.7921
21.8175
21.843
21.8684
21.8939
21.9193
21.9448
21.9703
21.9957
22.0211
22.0466
22.0721
22.0975
22.123
22.1484
22.1739
22.1994
22.2248
22.2502
22.2757
22.3011
22.3265
22.352
22.3774
22.4029
22.4283
22.4538
22.4792
22.5047
22.5301
22.5556
22.5811
22.6065
22.632
22.6574
22.6829
22.7083
22.7338
22.7592
22.7847
22.8101
22.8356
22.861
22.8865
22.912
22.9374
22.9629
22.9883
23.0138
23.0393
23.0647
23.0902
23.1156
23.1411
23.1665
23.192
23.2175
23.2429
23.2684
23.2938
23.3193
23.3447
23.3702
23.3957
23.4211
23.4466
23.4721
23.4975
23.5229
23.5484
23.5738
23.5992
23.6247
23.6502
23.6756
23.7011
23.7265
23.752
23.7774
23.8029
23.8283
23.8538
23.8792
23.9047
23.9301
23.9556
23.981
24.0065
24.0319
24.0574
24.0829
24.1083
24.1338
24.1593
24.1847
24.2102
24.2356
24.261
24.2865
24.3119
24.3374
24.3628
24.3883
24.4138
24.4392
24.4647
24.4902
24.5156
24.5411
24.5665
24.592
24.6174
24.6429
24.6683
24.6938
24.7192
24.7447
24.7702
24.7956
24.821
24.8465
24.872
24.8975
24.9229
24.9484
24.9738
24.9992
25.0247
25.0501
25.0755
25.101
25.1264
25.1519
25.1773
25.2028
25.2282
25.2537
25.2791
25.3046
25.3301
25.3555
25.381
25.4064
25.4319
25.4573
25.4828
25.5082
25.5336
25.5591
25.5845
25.6099
25.6353
25.6608
25.6862
25.7116
25.7371
25.7625
25.7879
25.8134
25.8388
25.8643
25.8897
25.9152
25.9406
25.9661
25.9915
26.017
26.0424
26.0679
26.0933
26.1188
26.1443
26.1697
26.1952
26.2206
26.2461
26.2715
26.297
26.3224
26.3479
26.3734
26.3988
26.4243
26.4498
26.4752
26.5007
26.5261
26.5516
26.5771
26.6026
26.628
26.6535
26.679
26.7044
26.7299
26.7553
26.7808
26.8062
26.8317
26.8571
26.8826
26.908
26.9335
26.9589
26.9844
27.0099
27.0353
27.0608
27.0862
27.1117
27.1371
27.1626
27.188
27.2135
27.2389
27.2644
27.2898
27.3153
27.3408
27.3662
27.3917
27.4171
27.4426
27.4681
27.4935
27.519
27.5445
27.5699
27.5954
27.6208
27.6463
27.6717
27.6972
27.7226
27.7481
27.7735
27.799
27.8244
27.8498
27.8753
27.9007
27.9262
27.9516
27.9771
28.0025
28.028
28.0535
28.0789
28.1044
28.1298
28.1553
28.1807
28.2062
28.2316
28.2571
28.2825
28.308
28.3335
28.3589
28.3844
28.4099
28.4353
28.4608
28.4862
28.5117
28.5372
28.5627
28.5881
28.6135
28.639
28.6644
28.6899
28.7153
28.7408
28.7662
28.7917
28.8171
28.8426
28.8681
28.8935
28.919
28.9445
28.9699
28.9954
29.0209
29.0463
29.0718
29.0972
29.1227
29.1481
29.1736
29.1991
29.2245
29.25
29.2755
29.3009
29.3264
29.3518
29.3773
29.4028
29.4282
29.4537
29.4791
29.5046
29.53
29.5555
29.581
29.6064
29.6318
29.6573
29.6827
29.7082
29.7337
29.7591
29.7846
29.8101
29.8355
29.8609
29.8864
29.9118
29.9373
29.9627
29.9882
30.0136
30.0391
30.0645
30.09
30.1155
30.1409
30.1664
30.1918
30.2173
30.2427
30.2682
30.2936
30.3191
30.3445
30.37
30.3954
30.4209
30.4463
30.4718
30.4972
30.5226
30.5481
30.5736
30.599
30.6245
30.65
30.6754
30.7009
30.7263
30.7518
30.7773
30.8028
30.8282
30.8537
30.8791
30.9046
30.9301
30.9555
30.981
31.0065
31.0319
31.0574
31.0829
31.1083
31.1338
31.1593
31.1847
31.2102
31.2356
31.261
31.2865
31.312
31.3374
31.3629
31.3883
31.4138
31.4393
31.4647
31.4902
31.5156
31.5411
31.5666
31.592
31.6175
31.6429
31.6684
31.6939
31.7193
31.7448
31.7702
31.7957
31.8211
31.8466
31.872
31.8975
31.923
31.9484
31.9739
31.9993
32.0248
32.0502
32.0757
32.1011
32.1266
32.152
32.1774
32.2029
32.2283
32.2538
32.2793
32.3047
32.3301
32.3556
32.3811
32.4065
32.432
32.4574
32.4829
32.5084
32.5338
32.5593
32.5847
32.6102
32.6357
32.6612
32.6866
32.7121
32.7375
32.763
32.7884
32.8139
32.8393
32.8648
32.8903
32.9157
32.9412
32.9666
32.9921
33.0175
33.043
33.0685
33.0939
33.1194
33.1448
33.1703
33.1957
33.2212
33.2466
33.2721
33.2975
33.323
33.3484
33.3739
33.3993
33.4248
33.4503
33.4757
33.5012
33.5267
33.5521
33.5776
33.603
33.6285
33.654
33.6795
33.7049
33.7304
33.7558
33.7813
33.8067
33.8322
33.8576
33.8831
33.9085
33.934
33.9594
33.9849
34.0104
34.0358
34.0613
34.0867
34.1122
34.1376
34.1631
34.1885
34.2139
34.2394
34.2648
34.2903
34.3157
34.3411
34.3666
34.3921
34.4175
34.443
34.4684
34.4938
34.5193
34.5447
34.5702
34.5956
34.6211
34.6465
34.6719
34.6974
34.7228
34.7483
34.7737
34.7992
34.8246
34.8501
34.8756
34.901
34.9265
34.952
34.9774
35.0029
35.0283
35.0538
35.0792
35.1047
35.1301
35.1556
35.1811
35.2065
35.232
35.2574
35.2829
35.3083
35.3338
35.3592
35.3847
35.4101
35.4356
35.4611
35.4865
35.512
35.5375
35.5629
35.5884
35.6138
35.6393
35.6647
35.6902
35.7156
35.7411
35.7666
35.792
35.8175
35.8429
35.8684
35.8938
35.9193
35.9448
35.9702
35.9957
36.0211
36.0466
36.072
36.0975
36.1229
36.1483
36.1738
36.1992
36.2247
36.2501
36.2755
36.301
36.3264
36.3519
36.3773
36.4028
36.4282
36.4537
36.4791
36.5045
36.53
36.5555
36.5809
36.6064
36.6318
36.6573
36.6827
36.7082
36.7336
36.7591
36.7845
36.81
36.8355
36.8609
36.8864
36.912
36.9375
36.9629
36.9884
37.0139
37.0393
37.0648
37.0903
37.1157
37.1412
37.1666
37.192
37.2175
37.2429
37.2684
37.2939
37.3193
37.3448
37.3702
37.3957
37.4211
37.4466
37.4721
37.4976
37.523
37.5485
37.574
37.5994
37.6249
37.6504
37.6758
37.7013
37.7267
37.7522
37.7776
37.8031
37.8286
37.8541
37.8795
37.905
37.9304
37.9559
37.9813
38.0068
38.0322
38.0577
38.0831
38.1086
38.1341
38.1595
38.185
38.2104
38.2359
38.2613
38.2868
38.3123
38.3377
38.3632
38.3886
38.4141
38.4395
38.465
38.4904
38.5159
38.5413
38.5667
38.5922
38.6176
38.643
38.6685
38.6939
38.7194
38.7449
38.7703
38.7957
38.8212
38.8466
38.8721
38.8975
38.9229
38.9484
38.9738
38.9993
39.0247
39.0501
39.0756
39.101
39.1265
39.1519
39.1774
39.2028
39.2283
39.2537
39.2792
39.3046
39.3301
39.3555
39.381
39.4064
39.4319
39.4574
39.4828
39.5083
39.5338
39.5592
39.5847
39.6101
39.6358
39.6612
39.6867
39.7121
39.7376
39.763
39.7885
39.8139
39.8394
39.8648
39.8903
39.9157
39.9412
39.9666
39.9921
40.0175
40.043
40.0684
40.0938
40.1193
40.1447
40.1702
40.1956
40.2211
40.2465
40.272
40.2974
40.3229
40.3483
40.3738
40.3992
40.4247
40.4501
40.4756
40.5011
40.5265
40.552
40.5775
40.6029
40.6283
40.6538
40.6792
40.7047
40.7302
40.7556
40.7811
40.8065
40.832
40.8574
40.8829
40.9084
40.9338
40.9593
40.9848
41.0102
41.0357
41.0611
41.0865
41.112
41.1374
41.1629
41.1883
41.2138
41.2392
41.2647
41.2902
41.3156
41.3411
41.3665
41.392
41.4174
41.4429
41.4683
41.4938
41.5192
41.5447
41.5702
41.5956
41.6211
41.6466
41.672
41.6975
41.7229
41.7484
41.7739
41.7993
41.8248
41.8503
41.8757
41.9012
41.9266
41.9521
41.9775
42.003
42.0285
42.0539
42.0794
42.1048
42.1303
42.1557
42.1812
42.2066
42.232
42.2575
42.283
42.3084
42.3339
42.3593
42.3848
42.4102
42.4357
42.4612
42.4866
42.5121
42.5376
42.563
42.5885
42.6139
42.6394
42.6649
42.6903
42.7158
42.7412
42.7667
42.7922
42.8176
42.8431
42.8685
42.894
42.9194
42.9448
42.9703
42.9957
43.0212
43.0466
43.0721
43.0975
43.123
43.1484
43.1739
43.1993
43.2248
43.2502
43.2757
43.3012
43.3266
43.3521
43.3775
43.403
43.4284
43.4539
43.4794
43.5048
43.5303
43.5557
43.5811
43.6066
43.632
43.6575
43.6829
43.7084
43.7338
43.7593
43.7847
43.8102
43.8357
43.8611
43.8866
43.912
43.9375
43.9629
43.9884
44.0139
44.0393
44.0648
44.0902
44.1157
44.1411
44.1666
44.1921
44.2175
44.243
44.2684
44.2939
44.3193
44.3448
44.3702
44.3957
44.4211
44.4466
44.472
44.4975
44.5229
44.5484
44.5738
44.5992
44.6247
44.6502
44.6756
44.7011
44.7265
44.752
44.7774
44.8029
44.8283
44.8537
44.8792
44.9046
44.9301
44.9555
44.9809
45.0064
45.0318
45.0572
45.0827
45.1081
45.1336
45.159
45.1845
45.21
45.2354
45.2609
45.2863
45.3117
45.3372
45.3626
45.3881
45.4136
45.439
45.4645
45.4899
45.5153
45.5408
45.5662
45.5917
45.6171
45.6426
45.668
45.6934
45.7189
45.7443
45.7697
45.7952
45.8207
45.8461
45.8715
45.897
45.9224
45.9479
45.9734
45.9988
46.0243
46.0497
46.0751
46.1006
46.126
46.1515
46.1769
46.2023
46.2278
46.2532
46.2786
46.3041
46.3295
46.355
46.3804
46.4059
46.4314
46.4568
46.4823
46.5078
46.5332
46.5586
46.5841
46.6095
46.635
46.6604
46.6859
46.7114
46.7368
46.7623
46.7877
46.8132
46.8386
46.8641
46.8895
46.915
46.9404
46.9659
46.9914
47.0168
47.0423
47.0677
47.0932
47.1186
47.1441
47.1695
47.1949
47.2203
47.2458
47.2712
47.2967
47.3222
47.3476
47.3731
47.3985
47.424
47.4495
47.4749
47.5004
47.5258
47.5513
47.5767
47.6022
47.6276
47.6531
47.6785
47.7039
47.7294
47.7549
47.7803
47.8058
47.8312
47.8567
47.8821
47.9076
47.933
47.9585
47.9839
48.0094
48.0348
48.0603
48.0857
48.1112
48.1366
48.1621
48.1875
48.213
48.2384
48.2639
48.2893
48.3148
48.3402
48.3657
48.3911
48.4166
48.4421
48.4675
48.493
48.5184
48.5439
48.5693
48.5948
48.6202
48.6457
48.6712
48.6966
48.7221
48.7475
48.773
48.7984
48.8238
48.8493
48.8747
48.9002
48.9256
48.9511
48.9765
49.002
49.0275
49.0529
49.0784
49.1038
49.1293
49.1547
49.1802
49.2057
49.2311
49.2565
49.2819
49.3074
49.3328
49.3582
49.3837
49.4091
49.4345
49.46
49.4854
49.5109
49.5363
49.5618
49.5873
49.6155
49.641
49.6664
49.6919
49.7173
49.7428
49.7682
49.7937
49.8191
49.8446
49.87
49.8955
49.9209
49.9464
49.9719
49.9973
50.0228
50.0482
50.0737
50.0991
50.1246
50.1501
50.1755
50.201
50.2264
50.2519
50.2773
50.3028
50.3283
50.3537
50.3792
50.4046
50.4301
50.4555
50.481
50.5065
50.5319
50.5574
50.5828
50.6083
50.6337
50.6592
50.6847
50.7101
50.7356
50.7611
50.7865
50.812
50.8375
50.8629
50.8883
50.9138
50.9393
50.9647
50.9902
51.0156
51.0411
51.0665
51.092
51.1174
51.1429
51.1683
51.1937
51.2192
51.2446
51.27
51.2955
51.3209
51.3464
51.3718
51.3971
51.4225
51.4479
51.4733
51.4987
51.5242
51.5496
51.575
51.6004
51.6258
51.6512
51.6766
51.7021
51.7275
51.753
51.7784
51.8039
51.8293
51.8548
51.8802
51.9057
51.9312
51.9566
51.9821
52.0075
52.033
52.0584
52.0839
52.1093
52.1348
52.1602
52.1857
52.2111
52.2366
52.2621
52.2875
52.313
52.3384
52.3639
52.3893
52.4148
52.4403
52.4657
52.4912
52.5167
52.5421
52.5676
52.593
52.6185
52.6439
52.6694
52.6949
52.7203
52.7457
52.7712
52.7967
52.8221
52.8476
52.873
52.8985
52.9239
52.9494
52.9748
53.0003
53.0258
53.0513
53.0767
53.1022
53.1276
53.1531
53.1785
53.204
53.2294
53.2549
53.2803
53.3058
53.3312
53.3567
53.3821
53.4076
53.433
53.4585
53.4839
53.5094
53.5348
53.5602
53.5857
53.6111
53.6366
53.662
53.6875
53.7129
53.7384
53.7638
53.7893
53.8147
53.8402
53.8656
53.8911
53.9165
53.942
53.9674
53.9929
54.0184
54.0438
54.0693
54.0947
54.1202
54.1456
54.1711
54.1966
54.222
54.2475
54.2729
54.2984
54.3238
54.3493
54.3748
54.4002
54.4257
54.4511
54.4766
54.5021
54.5275
54.553
54.5784
54.6039
54.6293
54.6548
54.6803
54.7057
54.7312
54.7566
54.7821
54.8075
54.833
54.8584
54.8839
54.9094
54.9348
54.9603
54.9857
55.0112
55.0366
55.0621
55.0875
55.113
55.1384
55.1639
55.1893
55.2148
55.2403
55.2657
55.2911
55.3166
55.3421
55.3675
55.393
55.4184
55.4439
55.4693
55.4948
55.5202
55.5457
55.5712
55.5966
55.6221
55.6475
55.673
55.6984
55.7239
55.7493
55.7747
55.8002
55.8256
55.8511
55.8765
55.902
55.9274
55.9529
55.9783
56.0038
56.0292
56.0547
56.0801
56.1056
56.131
56.1565
56.1819
56.2074
56.2328
56.2583
56.2837
56.3091
56.3346
56.36
56.3855
56.4109
56.4364
56.4618
56.4873
56.5128
56.5382
56.5637
56.5891
56.6146
56.64
56.6655
56.6909
56.7164
56.7419
56.7673
56.7927
56.8182
56.8436
56.8691
56.8946
56.9201
56.9456
56.971
56.9964
57.0219
57.0473
57.0728
57.0983
57.1237
57.1491
57.1746
57.2001
57.2256
57.251
57.2765
57.3019
57.3274
57.3528
57.3783
57.4038
57.4292
57.4547
57.4801
57.5056
57.531
57.5565
57.5819
57.6074
57.6329
57.6583
57.6838
57.7093
57.7347
57.7601
57.7856
57.811
57.8364
57.8619
57.8873
57.9128
57.9382
57.9637
57.9891
58.0146
58.04
58.0655
58.0909
58.1164
58.1419
58.1673
58.1928
58.2182
58.2437
58.2691
58.2946
58.32
58.3455
58.3709
58.3964
58.4219
58.4473
58.4728
58.4982
58.5237
58.5492
58.5746
58.6001
58.6255
58.651
58.6764
58.7019
58.7273
58.7528
58.7783
58.8037
58.8291
58.8546
58.8801
58.9055
58.931
58.9564
58.9818
59.0073
59.0327
59.0582
59.0836
59.1091
59.1345
59.16
59.1854
59.2109
59.2363
59.2618
59.2872
59.3127
59.3382
59.3636
59.389
59.4145
59.44
59.4654
59.4909
59.5164
59.5418
59.5673
59.5927
59.6182
59.6436
59.6691
59.6945
59.72
59.7455
59.7709
59.7964
59.8218
59.8473
59.8727
59.8982
59.9236
59.9491
59.9745
60
60.0254
60.0509
60.0763
60.1017
60.1272
60.1526
60.1781
60.2035
60.2289
60.2544
60.2798
60.3053
60.3307
60.3562
60.3816
60.4071
60.4325
60.458
60.4835
60.5089
60.5343
60.5598
60.5852
60.6107
60.6361
60.6616
60.6871
60.7125
60.738
60.7634
60.7889
60.8143
60.8397
60.8652
60.8906
60.9161
60.9415
60.967
60.9924
61.0179
61.0433
61.0688
61.0942
61.1197
61.1451
61.1706
61.196
61.2214
61.2469
61.2723
61.2977
61.3232
61.3486
61.374
61.3995
61.4249
61.4504
61.4758
61.5013
61.5267
61.5522
61.5776
61.6031
61.6285
61.6539
61.6794
61.7048
61.7303
61.7557
61.7812
61.8067
61.8321
61.8576
61.883
61.9085
61.9339
61.9593
61.9848
62.0102
62.0357
62.0611
62.0866
62.112
62.1375
62.1629
62.1884
62.2138
62.2392
62.2647
62.2902
62.3156
62.341
62.3665
62.3919
62.4173
62.4428
62.4682
62.4937
62.5191
62.5446
62.57
62.5955
62.6209
62.6464
62.6719
62.6973
62.7227
62.7482
62.7736
62.7991
62.8245
62.8499
62.8754
62.9009
62.9263
62.9517
62.9772
63.0026
63.0281
63.0535
63.079
63.1045
63.1299
63.1554
63.1808
63.2063
63.2317
63.2572
63.2826
63.3081
63.3335
63.359
63.3844
63.4099
63.4353
63.4608
63.4862
63.5117
63.5371
63.5626
63.588
63.6135
63.6389
63.6644
63.6898
63.7153
63.7407
63.7662
63.7916
63.817
63.8425
63.8679
63.8934
63.9188
63.9443
63.9697
63.9952
64.0206
64.046
64.0715
64.0969
64.1224
64.1478
64.1733
64.1987
64.2242
64.2496
64.2751
64.3005
64.326
64.3514
64.3769
64.4023
64.4277
64.4532
64.4786
64.504
64.5295
64.5549
64.5804
64.6058
64.6313
64.6567
64.6822
64.7077
64.7331
64.7586
64.784
64.8095
64.8349
64.8604
64.8858
64.9113
64.9367
64.9622
64.9877
65.0131
65.0386
65.064
65.0895
65.1149
65.1404
65.1658
65.1913
65.2167
65.2422
65.2676
65.293
65.3185
65.3439
65.3694
65.3949
65.4203
65.4458
65.4712
65.4967
65.5221
65.5476
65.573
65.5985
65.6239
65.6493
65.6748
65.7002
65.7257
65.7511
65.7766
65.802
65.8275
65.853
65.8784
65.9038
65.9293
65.9547
65.9802
66.0057
66.0311
66.0566
66.082
66.1074
66.1329
66.1584
66.1838
66.2093
66.2347
66.2602
66.2856
66.3111
66.3365
66.362
66.3874
66.4129
66.4383
66.4638
66.4892
66.5147
66.5401
66.5655
66.591
66.6165
66.6419
66.6674
66.6928
66.7183
66.7437
66.7692
66.7947
66.8201
66.8456
66.871
66.8965
66.9219
66.9474
66.9729
66.9983
67.0238
67.0493
67.0747
67.1002
67.1256
67.1511
67.1765
67.202
67.2274
67.2529
67.2784
67.3038
67.3293
67.3548
67.3802
67.4057
67.4311
67.4566
67.482
67.5075
67.5329
67.5584
67.5838
67.6093
67.6347
67.6602
67.6857
67.7111
67.7365
67.762
67.7874
67.8129
67.8383
67.8637
67.8892
67.9146
67.94
67.9655
67.9909
68.0164
68.0418
68.0672
68.0927
68.1181
68.1436
68.169
68.1945
68.2199
68.2454
68.2708
68.2962
68.3217
68.3471
68.3726
68.398
68.4235
68.4489
68.4744
68.4998
68.5252
68.5507
68.5761
68.6016
68.627
68.6524
68.6779
68.7033
68.7288
68.7542
68.7797
68.8051
68.8306
68.856
68.8815
68.9069
68.9324
68.9579
68.9833
69.0088
69.0342
69.0597
69.0851
69.1106
69.136
69.1615
69.187
69.2124
69.2379
69.2633
69.2888
69.3142
69.3397
69.3651
69.3906
69.416
69.4415
69.4669
69.4924
69.5178
69.5433
69.5688
69.5942
69.6197
69.6451
69.6706
69.696
69.7215
69.7469
69.7724
69.7978
69.8233
69.8488
69.8742
69.8997
69.9251
69.9506
69.9761
70.0015
70.027
70.0524
70.0779
70.1033
70.1288
70.1542
70.1797
70.2051
70.2306
70.256
70.2815
70.3069
70.3324
70.3578
70.3833
70.4087
70.4342
70.4596
70.4851
70.5105
70.536
70.5614
70.5869
70.6123
70.6378
70.6632
70.6887
70.7141
70.7396
70.765
70.7904
70.8158
70.8413
70.8667
70.8922
70.9176
70.943
70.9685
70.9939
71.0194
71.0449
71.0703
71.0958
71.1213
71.1467
71.1721
71.1975
71.2229
71.2484
71.2738
71.2992
71.3246
71.3501
71.3755
71.4009
71.4263
71.4518
71.4772
71.5027
71.5281
71.5536
71.579
71.6045
71.6299
71.6554
71.6808
71.7063
71.7317
71.7572
71.7826
71.808
71.8335
71.8589
71.8844
71.9098
71.9353
71.9608
71.9862
72.0117
72.0371
72.0626
72.0881
72.1135
72.139
72.1644
72.1899
72.2153
72.2408
72.2663
72.2917
72.3172
72.3426
72.3681
72.3935
72.419
72.4444
72.4699
72.4954
72.5208
72.5462
72.5717
72.5971
72.6226
72.648
72.6734
72.6989
72.7243
72.7498
72.7752
72.8007
72.8261
72.8515
72.877
72.9024
72.9279
72.9533
72.9787
73.0042
73.0296
73.055
73.0805
73.1059
73.1314
73.1568
73.1823
73.2078
73.2332
73.2587
73.2842
73.3096
73.3351
73.3605
73.386
73.4115
73.4369
73.4624
73.4878
73.5133
73.5388
73.5642
73.5897
73.6152
73.6406
73.6661
73.6916
73.717
73.7425
73.768
73.7934
73.8189
73.8443
73.8698
73.8953
73.9208
73.9462
73.9717
73.9972
74.0227
74.0481
74.0736
74.099
74.1245
74.15
74.1754
74.2009
74.2263
74.2518
74.2773
74.3028
74.3282
74.3537
74.3791
74.4046
74.43
74.4555
74.4809
74.5064
74.5319
74.5573
74.5828
74.6082
74.6337
74.6591
74.6846
74.7101
74.7355
74.761
74.7864
74.8118
74.8373
74.8628
74.8882
74.9137
74.9391
74.9646
74.99
75.0155
75.0409
75.0663
75.0918
75.1172
75.1427
75.1681
75.1935
75.219
75.2445
75.2699
75.2953
75.3208
75.3462
75.3717
75.3971
75.4226
75.448
75.4735
75.4989
75.5244
75.5498
75.5753
75.6008
75.6262
75.6517
75.6771
75.7026
75.728
75.7535
75.779
75.8044
75.8299
75.8553
75.8808
75.9062
75.9317
75.9572
75.9826
76.0081
76.0366
76.0621
76.0875
76.113
76.1384
76.1638
76.1893
76.2147
76.2402
76.2656
76.2911
76.3166
76.342
76.3675
76.3929
76.4183
76.4438
76.4692
76.4946
76.5201
76.5455
76.571
76.5965
76.6219
76.6474
76.6728
76.6983
76.7237
76.7492
76.7747
76.8001
76.8256
76.851
76.8765
76.9019
76.9274
76.9529
76.9783
77.0038
77.0292
77.0547
77.0802
77.1056
77.1311
77.1565
77.182
77.2074
77.2328
77.2583
77.2837
77.3091
77.3346
77.36
77.3855
77.4109
77.4364
77.4618
77.4872
77.5127
77.5382
77.5636
77.5891
77.6145
77.64
77.6654
77.6909
77.7163
77.7418
77.7672
77.7927
77.8182
77.8436
77.8691
77.8945
77.92
77.9454
77.9709
77.9963
78.0218
78.0472
78.0726
78.0981
78.1235
78.1526
78.1781
78.2035
78.2289
78.2544
78.2798
78.3053
78.3307
78.3562
78.3816
78.4071
78.4326
78.458
78.4835
78.5089
78.5343
78.5598
78.5852
78.6107
78.6362
78.6616
78.6871
78.7125
78.738
78.7635
78.7889
78.8144
78.8398
78.8652
78.8907
78.9161
78.9416
78.967
78.9925
79.0179
79.0434
79.0688
79.0943
79.1197
79.1452
79.1706
79.1961
79.2217
79.2472
79.2727
79.2982
79.3236
79.3491
79.3746
79.4001
79.4255
79.451
79.4764
79.5019
79.5274
79.5528
79.5783
79.6038
79.6292
79.6547
79.6801
79.7056
79.731
79.7564
79.7819
79.8073
79.8328
79.8582
79.8837
79.9091
79.9346
79.96
79.9855
80.011
80.0364
80.0619
80.0873
80.1128
80.1383
80.1637
80.1892
80.2146
80.2401
80.2655
80.291
80.3164
80.3419
80.3673
80.3928
80.4183
80.4437
80.4692
80.4946
80.5201
80.5455
80.5709
80.5964
80.6218
80.6473
80.6727
80.6982
80.7237
80.7491
80.7746
80.8
80.8255
80.8509
80.8764
80.9018
80.9273
80.9527
80.9782
81.0037
81.0291
81.0546
81.0801
81.1055
81.131
81.1564
81.1819
81.2073
81.2328
81.2582
81.2837
81.3091
81.3346
81.3601
81.3855
81.411
81.4364
81.4618
81.4872
81.5127
81.5381
81.5635
81.5889
81.6144
81.6398
81.6653
81.6907
81.7162
81.7416
81.767
81.7925
81.8179
81.8434
81.8689
81.8943
81.9198
81.9452
81.9707
81.9961
82.0216
82.047
82.0725
82.0979
82.1234
82.1488
82.1743
82.1997
82.2252
82.2507
82.2761
82.3016
82.327
82.3525
82.378
82.4034
82.4289
82.4544
82.4798
82.5053
82.5308
82.5562
82.5817
82.6071
82.6326
82.6581
82.6835
82.709
82.7345
82.7599
82.7854
82.8108
82.8363
82.8618
82.8873
82.9127
82.9382
82.9637
82.9892
83.0146
83.0401
83.0656
83.091
83.1165
83.142
83.1674
83.1929
83.2184
83.2438
83.2693
83.2947
83.3202
83.3457
83.3711
83.3966
83.4221
83.4475
83.473
83.4985
83.5239
83.5494
83.5748
83.6003
83.6257
83.6512
83.6766
83.7021
83.7275
83.7529
83.7784
83.8038
83.8293
83.8547
83.8802
83.9056
83.9311
83.9565
83.982
84.0074
84.0329
84.0583
84.0838
84.1093
84.1347
84.1601
84.1856
84.2111
84.2365
84.262
84.2874
84.3129
84.3384
84.3638
84.3893
84.4148
84.4402
84.4657
84.4911
84.5166
84.5421
84.5675
84.593
84.6184
84.6439
84.6694
84.6948
84.7203
84.7457
84.7712
84.7966
84.8221
84.8475
84.873
84.8984
84.9239
84.9494
84.9748
85.0003
85.0257
85.0512
85.0767
85.1021
85.1276
85.1531
85.1785
85.204
85.2294
85.2549
85.2803
85.3058
85.3312
85.3567
85.3821
85.4075
85.433
85.4584
85.4839
85.5094
85.5348
85.5603
85.5858
85.6112
85.6367
85.6622
85.6876
85.713
85.7385
85.7639
85.7894
85.8148
85.8403
85.8657
85.8912
85.9166
85.9421
85.9675
85.993
86.0184
86.0439
86.0694
86.0948
86.1203
86.1457
86.1711
86.1966
86.222
86.2475
86.273
86.2985
86.3239
86.3494
86.3748
86.4003
86.4257
86.4512
86.4767
86.5021
86.5276
86.5531
86.5785
86.604
86.6294
86.6549
86.6803
86.7058
86.7313
86.7568
86.7823
86.8077
86.8332
86.8587
86.8841
86.9096
86.9351
86.9605
86.986
87.0115
87.0369
87.0624
87.0879
87.1133
87.1388
87.1643
87.1898
87.2152
87.2407
87.2661
87.2916
87.3171
87.3425
87.368
87.3935
87.4189
87.4444
87.4699
87.4954
87.5208
87.5463
87.5718
87.5973
87.6227
87.6482
87.6737
87.6991
87.7246
87.75
87.7755
87.8009
87.8264
87.8518
87.8773
87.9028
87.9283
87.9537
87.9792
88.0046
88.0301
88.0556
88.081
88.1065
88.1319
88.1573
88.1828
88.2083
88.2338
88.2592
88.2847
88.3101
88.3356
88.3611
88.3865
88.412
88.4374
88.4629
88.4883
88.5138
88.5393
88.5648
88.5902
88.6157
88.6411
88.6666
88.6921
88.7175
88.743
88.7684
88.7939
88.8193
88.8448
88.8703
88.8958
88.9212
88.9467
88.9722
88.9976
89.0231
89.0485
89.074
89.0994
89.1249
89.1503
89.1758
89.2012
89.2267
89.2521
89.2776
89.303
89.3285
89.354
89.3794
89.4049
89.4303
89.4558
89.4812
89.5067
89.5321
89.5576
89.583
89.6085
89.634
89.6594
89.6849
89.7104
89.7358
89.7613
89.7868
89.8122
89.8377
89.8631
89.8886
89.914
89.9395
89.965
89.9904
90.0159
90.0414
90.0668
90.0923
90.1177
90.1431
90.1686
90.194
90.2195
90.2449
90.2704
90.2958
90.3213
90.3467
90.3722
90.3976
90.4231
90.4486
90.474
90.4995
90.5249
90.5504
90.5758
90.6013
90.6268
90.6522
90.6777
90.7031
90.7286
90.7541
90.7795
90.805
90.8304
90.8559
90.8814
90.9069
90.9323
90.9578
90.9833
91.0088
91.0342
91.0597
91.0851
91.1106
91.1361
91.1616
91.187
91.2125
91.2379
91.2634
91.2888
91.3143
91.3397
91.3652
91.3906
91.4161
91.4415
91.467
91.4924
91.5179
91.5433
91.5688
91.5943
91.6197
91.6452
91.6707
91.6961
91.7216
91.747
91.7725
91.798
91.8235
91.8489
91.8744
91.8998
91.9253
91.9508
91.9762
92.0017
92.0271
92.0526
92.078
92.1035
92.1289
92.1543
92.1798
92.2052
92.2307
92.2561
92.2815
92.307
92.3325
92.3579
92.3834
92.4089
92.4343
92.4598
92.4852
92.5107
92.5361
92.5616
92.5871
92.6125
92.638
92.6634
92.6889
92.7144
92.7398
92.7653
92.7908
92.8162
92.8417
92.8671
92.8926
92.9181
92.9435
92.969
92.9944
93.0199
93.0454
93.0709
93.0963
93.1218
93.1473
93.1727
93.1982
93.2236
93.2491
93.2746
93.3
93.3255
93.351
93.3765
93.4019
93.4274
93.4528
93.4783
93.5038
93.5292
93.5547
93.5801
93.6056
93.6311
93.6565
93.682
93.7075
93.733
93.7584
93.7839
93.8093
93.8348
93.8603
93.8857
93.9112
93.9367
93.9621
93.9876
94.0131
94.0385
94.0639
94.0894
94.1149
94.1403
94.1657
94.1912
94.2167
94.2421
94.2676
94.293
94.3185
94.344
94.3694
94.3949
94.4203
94.4458
94.4712
94.4967
94.5222
94.5476
94.5731
94.5985
94.624
94.6494
94.6749
94.7003
94.7258
94.7512
94.7767
94.8021
94.8276
94.8531
94.8785
94.904
94.9295
94.9549
94.9804
95.0058
95.0313
95.0568
95.0822
95.1077
95.1331
95.1586
95.184
95.2095
95.2349
95.2604
95.2858
95.3113
95.3368
95.3622
95.3877
95.4132
95.4386
95.4641
95.4896
95.515
95.5405
95.566
95.5914
95.6169
95.6423
95.6678
95.6932
95.7187
95.7442
95.7697
95.7951
95.8206
95.846
95.8715
95.897
95.9224
95.9479
95.9734
95.9988
96.0243
96.0497
96.0752
96.1006
96.1261
96.1515
96.177
96.2024
96.2279
96.2533
96.2788
96.3042
96.3297
96.3551
96.3806
96.4061
96.4315
96.457
96.4824
96.5079
96.5333
96.5588
96.5842
96.6097
96.6351
96.6606
96.686
96.7115
96.7369
96.7624
96.7878
96.8133
96.8387
96.8642
96.8896
96.9151
96.9405
96.966
96.9914
97.0169
97.0423
97.0678
97.0933
97.1187
97.1442
97.1696
97.1951
97.2205
97.246
97.2714
97.2969
97.3223
97.3478
97.3732
97.3987
97.4242
97.4496
97.4751
97.5006
97.526
97.5515
97.5769
97.6024
97.6278
97.6533
97.6787
97.7042
97.7296
97.7551
97.7806
97.806
97.8315
97.857
97.8824
97.9079
97.9333
97.9588
97.9843
98.0097
98.0352
98.0607
98.0861
98.1116
98.137
98.1625
98.188
98.2134
98.2389
98.2643
98.2898
98.3152
98.3406
98.3661
98.3915
98.417
98.4425
98.4679
98.4934
98.5189
98.5443
98.5698
98.5953
98.6207
98.6461
98.6716
98.697
98.7225
98.7479
98.7734
98.7988
98.8243
98.8498
98.8752
98.9007
98.9262
98.9516
98.9771
99.0025
99.028
99.0535
99.0789
99.1044
99.1299
99.1553
99.1808
99.2062
99.2317
99.2571
99.2825
99.308
99.3335
99.3589
99.3844
99.4099
99.4354
99.4608
99.4863
99.5117
99.5372
99.5626
99.5881
99.6136
99.639
99.6644
99.6899
99.7154
99.7408
99.7662
99.7917
99.8172
99.8426
99.868
99.8935
99.9189
99.9444
99.9698
99.9953
100.021
100.046
100.072
100.097
100.122
100.148
100.173
100.199
100.224
100.25
100.275
100.301
100.326
100.352
100.377
100.402
100.428
100.453
100.479
100.504
100.53
100.555
100.581
100.606
100.632
100.657
100.682
100.708
100.733
100.759
100.784
100.81
100.835
100.861
100.886
100.912
100.937
100.962
100.988
101.013
101.039
101.064
101.09
101.115
101.141
101.166
101.191
101.217
101.242
101.268
101.293
101.318
101.344
101.369
101.395
101.42
101.445
101.471
101.496
101.522
101.547
101.572
101.598
101.623
101.649
101.674
101.7
101.725
101.751
101.776
101.801
101.827
101.852
101.878
101.903
101.929
101.954
101.98
102.005
102.03
102.056
102.081
102.107
102.132
102.158
102.183
102.209
102.234
102.259
102.285
102.31
102.336
102.361
102.387
102.412
102.437
102.463
102.488
102.514
102.539
102.565
102.59
102.616
102.641
102.666
102.692
102.717
102.743
102.768
102.794
102.819
102.845
102.87
102.895
102.921
102.946
102.972
102.997
103.023
103.048
103.074
103.099
103.124
103.15
103.175
103.201
103.226
103.252
103.277
103.302
103.328
103.353
103.379
103.404
103.43
103.455
103.481
103.506
103.531
103.557
103.582
103.608
103.633
103.659
103.684
103.71
103.735
103.76
103.786
103.811
103.837
103.862
103.888
103.913
103.939
103.964
103.989
104.015
104.04
104.066
104.091
104.117
104.142
104.168
104.193
104.218
104.244
104.269
104.295
104.32
104.346
104.371
104.397
104.422
104.448
104.473
104.499
104.524
104.549
104.575
104.6
104.626
104.651
104.677
104.702
104.728
104.753
104.779
104.804
104.829
104.855
104.88
104.906
104.931
104.957
104.982
105.008
105.033
105.059
105.084
105.109
105.135
105.16
105.186
105.211
105.237
105.262
105.287
105.313
105.338
105.364
105.389
105.415
105.44
105.466
105.491
105.517
105.542
105.567
105.593
105.618
105.644
105.669
105.695
105.72
105.746
105.771
105.797
105.822
105.847
105.873
105.898
105.924
105.949
105.975
106
106.026
106.051
106.077
106.102
106.127
106.153
106.178
106.204
106.229
106.255
106.28
106.306
106.331
106.357
106.382
106.407
106.433
106.458
106.484
106.509
106.535
106.56
106.586
106.611
106.636
106.662
106.687
106.713
106.738
106.764
106.789
106.815
106.84
106.866
106.891
106.916
106.942
106.967
106.993
107.018
107.044
107.069
107.095
107.12
107.146
107.171
107.196
107.222
107.247
107.273
107.298
107.324
107.349
107.375
107.4
107.425
107.451
107.476
107.502
107.527
107.553
107.578
107.604
107.629
107.654
107.68
107.705
107.731
107.756
107.782
107.807
107.833
107.858
107.883
107.909
107.934
107.96
107.985
108.011
108.036
108.062
108.087
108.112
108.138
108.163
108.189
108.214
108.24
108.265
108.291
108.316
108.341
108.367
108.392
108.418
108.443
108.469
108.494
108.52
108.545
108.57
108.596
108.621
108.647
108.672
108.698
108.723
108.749
108.774
108.8
108.825
108.85
108.876
108.901
108.927
108.952
108.978
109.003
109.029
109.054
109.079
109.105
109.13
109.156
109.181
109.207
109.232
109.258
109.283
109.308
109.334
109.359
109.385
109.41
109.436
109.461
109.486
109.512
109.537
109.563
109.588
109.614
109.639
109.665
109.69
109.715
109.741
109.766
109.792
109.817
109.843
109.868
109.894
109.919
109.945
109.97
109.995
110.021
110.046
110.072
110.097
110.123
110.148
110.174
110.199
110.225
110.25
110.275
110.301
110.326
110.352
110.377
110.403
110.428
110.454
110.479
110.505
110.53
110.555
110.581
110.606
110.632
110.657
110.683
110.708
110.734
110.759
110.785
110.81
110.836
110.861
110.887
110.912
110.937
110.963
110.988
111.014
111.039
111.065
111.09
111.116
111.141
111.167
111.192
111.218
111.243
111.268
111.294
111.319
111.345
111.37
111.396
111.421
111.446
111.472
111.497
111.523
111.548
111.574
111.599
111.625
111.65
111.675
111.701
111.726
111.752
111.777
111.803
111.828
111.854
111.879
111.905
111.93
111.955
111.981
112.006
112.032
112.057
112.083
112.108
112.134
112.159
112.185
112.21
112.235
112.261
112.286
112.312
112.337
112.363
112.388
112.414
112.439
112.465
112.49
112.515
112.541
112.566
112.592
112.617
112.643
112.668
112.694
112.719
112.745
112.77
112.795
112.821
112.846
112.872
112.897
112.923
112.948
112.973
112.999
113.024
113.05
113.075
113.101
113.126
113.152
113.177
113.202
113.228
113.253
113.279
113.304
113.33
113.355
113.381
113.406
113.432
113.457
113.482
113.508
113.533
113.559
113.584
113.61
113.635
113.661
113.686
113.712
113.737
113.762
113.788
113.813
113.839
113.864
113.89
113.915
113.941
113.966
113.991
114.021
114.046
114.072
114.097
114.122
114.148
114.173
114.199
114.224
114.25
114.275
114.301
114.326
114.352
114.377
114.402
114.428
114.453
114.479
114.504
114.53
114.555
114.581
114.606
114.631
114.657
114.682
114.708
114.733
114.759
114.784
114.81
114.835
114.861
114.886
114.911
114.937
114.962
114.988
115.013
115.039
115.064
115.09
115.115
115.14
115.166
115.191
115.217
115.242
115.268
115.293
115.319
115.344
115.369
115.395
115.42
115.446
115.471
115.497
115.522
115.548
115.573
115.599
115.624
115.649
115.675
115.7
115.726
115.751
115.777
115.802
115.828
115.853
115.879
115.904
115.93
115.955
115.98
116.006
116.031
116.057
116.082
116.108
116.133
116.159
116.184
116.209
116.235
116.26
116.286
116.311
116.337
116.362
116.388
116.413
116.439
116.464
116.49
116.515
116.54
116.566
116.591
116.617
116.642
116.668
116.693
116.719
116.744
116.77
116.795
116.82
116.846
116.871
116.897
116.922
116.948
116.973
116.999
117.024
117.05
117.075
117.1
117.126
117.151
117.177
117.202
117.228
117.253
117.279
117.304
117.33
117.355
117.38
117.406
117.431
117.457
117.482
117.508
117.533
117.559
117.584
117.61
117.635
117.661
117.686
117.712
117.737
117.762
117.788
117.813
117.839
117.864
117.89
117.915
117.941
117.966
117.992
118.017
118.042
118.068
118.093
118.119
118.144
118.17
118.195
118.221
118.246
118.272
118.297
118.322
118.348
118.373
118.399
118.424
118.45
118.475
118.501
118.526
118.551
118.577
118.602
118.628
118.653
118.679
118.704
118.73
118.755
118.781
118.806
118.832
118.857
118.882
118.908
118.933
118.959
118.984
119.01
119.035
119.061
119.086
119.112
119.137
119.162
119.188
119.213
119.239
119.264
119.29
119.315
119.341
119.366
119.392
119.417
119.443
119.468
119.493
119.519
119.544
119.57
119.595
119.621
119.646
119.672
119.697
119.723
119.748
119.773
119.799
119.824
119.85
119.875
119.901
119.926
119.952
119.977
120.003
120.028
120.054
120.079
120.104
120.13
120.155
120.181
120.206
120.232
120.257
120.283
120.308
120.333
120.359
120.384
120.41
120.435
120.461
120.486
120.512
120.537
120.563
120.588
120.614
120.639
120.665
120.69
120.715
120.741
120.766
120.792
120.817
120.843
120.868
120.894
120.919
120.945
120.97
120.996
121.021
121.046
121.072
121.097
121.123
121.148
121.174
121.199
121.225
121.25
121.275
121.301
121.326
121.352
121.377
121.403
121.428
121.453
121.479
121.504
121.53
121.555
121.581
121.606
121.631
121.657
121.682
121.708
121.733
121.759
121.784
121.809
121.835
121.86
121.886
121.911
121.937
121.962
121.988
122.013
122.038
122.064
122.089
122.115
122.14
122.166
122.191
122.217
122.242
122.268
122.293
122.319
122.344
122.369
122.395
122.42
122.446
122.471
122.497
122.522
122.548
122.573
122.598
122.624
122.649
122.675
122.7
122.726
122.751
122.777
122.802
122.828
122.853
122.878
122.904
122.929
122.955
122.98
123.006
123.031
123.057
123.082
123.108
123.133
123.158
123.184
123.209
123.235
123.26
123.286
123.311
123.337
123.362
123.388
123.413
123.439
123.464
123.489
123.515
123.54
123.566
123.591
123.617
123.642
123.668
123.693
123.719
123.744
123.769
123.795
123.82
123.846
123.871
123.897
123.922
123.948
123.973
123.999
124.024
124.049
124.075
124.1
124.126
124.151
124.177
124.202
124.228
124.253
124.279
124.304
124.33
124.355
124.38
124.406
124.431
124.457
124.482
124.508
124.533
124.559
124.584
124.609
124.635
124.66
124.686
124.711
124.737
124.762
124.788
124.813
124.839
124.864
124.889
124.915
124.94
124.966
124.991
125.017
125.042
125.068
125.093
125.118
125.144
125.169
125.195
125.22
125.246
125.271
125.297
125.322
125.348
125.373
125.399
125.424
125.45
125.475
125.5
125.526
125.551
125.577
125.602
125.628
125.653
125.679
125.704
125.729
125.755
125.78
125.806
125.831
125.857
125.882
125.908
125.933
125.959
125.984
126.01
126.035
126.061
126.086
126.112
126.137
126.163
126.188
126.213
126.239
126.264
126.29
126.315
126.341
126.366
126.392
126.417
126.443
126.468
126.493
126.519
126.544
126.57
126.595
126.621
126.646
126.672
126.697
126.723
126.748
126.773
126.799
126.824
126.85
126.875
126.901
126.926
126.952
126.977
127.003
127.028
127.054
127.079
127.104
127.13
127.155
127.181
127.206
127.232
127.257
127.283
127.308
127.334
127.359
127.385
127.41
127.435
127.461
127.486
127.512
127.537
127.563
127.588
127.614
127.639
127.665
127.69
127.716
127.741
127.766
127.792
127.817
127.843
127.868
127.894
127.919
127.945
127.97
127.996
128.021
128.047
128.072
128.097
128.123
128.148
128.174
128.199
128.225
128.25
128.276
128.301
128.327
128.352
128.378
128.403
128.428
128.454
128.479
128.505
128.53
128.556
128.581
128.607
128.632
128.658
128.683
128.709
128.734
128.759
128.785
128.81
128.836
128.861
128.887
128.912
128.938
128.963
128.988
129.014
129.039
129.065
129.09
129.116
129.141
129.167
129.192
129.218
129.243
129.269
129.294
129.319
129.345
129.37
129.396
129.421
129.447
129.472
129.498
129.523
129.549
129.574
129.6
129.625
129.651
129.676
129.701
129.727
129.752
129.778
129.803
129.829
129.854
129.88
129.905
129.931
129.956
129.982
130.007
130.032
130.058
130.083
130.109
130.134
130.16
130.185
130.211
130.236
130.262
130.287
130.313
130.338
130.363
130.389
130.414
130.44
130.465
130.491
130.516
130.542
130.567
130.593
130.618
130.644
130.669
130.695
130.72
130.746
130.771
130.796
130.822
130.847
130.873
130.898
130.924
130.949
130.975
131
131.026
131.051
131.077
131.102
131.127
131.153
131.178
131.204
131.229
131.255
131.28
131.306
131.331
131.356
131.382
131.407
131.433
131.458
131.484
131.509
131.535
131.56
131.585
131.611
131.636
131.662
131.687
131.713
131.738
131.764
131.789
131.815
131.84
131.866
131.891
131.917
131.942
131.967
131.993
132.018
132.044
132.069
132.095
132.12
132.146
132.171
132.197
132.222
132.248
132.273
132.299
132.324
132.35
132.375
132.4
132.426
132.451
132.477
132.502
132.528
132.553
132.579
132.604
132.63
132.655
132.68
132.706
132.731
132.757
132.782
132.808
132.833
132.859
132.884
132.91
132.935
132.961
132.986
133.011
133.037
133.062
133.088
133.113
133.139
133.164
133.19
133.215
133.241
133.266
133.291
133.317
133.342
133.368
133.393
133.419
133.444
133.47
133.495
133.52
133.546
133.571
133.597
133.622
133.648
133.673
133.699
133.724
133.75
133.775
133.8
133.826
133.851
133.877
133.902
133.928
133.953
133.979
134.004
134.03
134.055
134.081
134.106
134.132
134.157
134.182
134.208
134.233
134.259
134.284
134.31
134.335
134.361
134.386
134.412
134.437
134.462
134.488
134.513
134.539
134.564
134.59
134.615
134.641
134.666
134.692
134.717
134.742
134.768
134.793
134.819
134.844
134.87
134.895
134.921
134.946
134.971
134.997
135.022
135.048
135.073
135.099
135.124
135.15
135.175
135.201
135.226
135.252
135.277
135.302
135.328
135.353
135.379
135.404
135.43
135.455
135.481
135.506
135.531
135.557
135.582
135.608
135.633
135.659
135.684
135.71
135.735
135.761
135.786
135.812
135.837
135.863
135.888
135.913
135.939
135.964
135.99
136.015
136.041
136.066
136.092
136.117
136.143
136.168
136.194
136.219
136.245
136.27
136.295
136.321
136.346
136.372
136.397
136.423
136.448
136.474
136.499
136.524
136.55
136.575
136.601
136.626
136.652
136.677
136.703
136.728
136.754
136.779
136.805
136.83
136.855
136.881
136.906
136.932
136.957
136.983
137.008
137.034
137.059
137.085
137.11
137.135
137.161
137.186
137.212
137.237
137.263
137.288
137.314
137.339
137.365
137.39
137.415
137.441
137.466
137.492
137.517
137.543
137.568
137.594
137.619
137.645
137.67
137.696
137.729
137.754
137.78
137.805
137.83
137.856
137.881
137.907
137.932
137.958
137.983
138.009
138.034
138.06
138.085
138.111
138.136
138.161
138.187
138.212
138.238
138.263
138.289
138.314
138.34
138.365
138.391
138.416
138.441
138.467
138.492
138.518
138.543
138.569
138.594
138.62
138.645
138.671
138.696
138.722
138.747
138.772
138.798
138.823
138.849
138.874
138.9
138.925
138.951
138.976
139.002
139.027
139.052
139.078
139.103
139.129
139.154
139.18
139.205
139.231
139.256
139.282
139.307
139.332
139.358
139.383
139.409
139.434
139.46
139.485
139.511
139.536
139.562
139.587
139.612
139.638
139.663
139.689
139.714
139.74
139.765
139.791
139.816
139.842
139.867
139.892
139.918
139.943
139.969
139.994
140.02
140.045
140.071
140.096
140.122
140.147
140.172
140.198
140.223
140.249
140.274
140.301
140.326
140.351
140.377
140.402
140.428
140.453
140.479
140.504
140.53
140.555
140.581
140.606
140.632
140.657
140.683
140.708
140.733
140.759
140.784
140.81
140.835
140.861
140.886
140.912
140.937
140.963
140.988
141.014
141.039
141.064
141.09
141.115
141.141
141.166
141.192
141.217
141.243
141.268
141.294
141.319
141.345
141.37
141.395
141.421
141.446
141.472
141.497
141.523
141.548
141.574
141.599
141.624
141.65
141.675
141.701
141.727
141.752
141.777
141.803
141.828
141.854
141.879
141.905
141.93
141.956
141.981
142.007
142.032
142.057
142.083
142.108
142.134
142.159
142.185
142.21
142.236
142.261
142.287
142.312
142.337
142.363
142.388
142.414
142.439
142.465
142.49
142.516
142.541
142.569
142.594
142.619
142.645
142.67
142.696
142.721
142.747
142.772
142.798
142.823
142.849
142.874
142.899
142.925
142.95
142.976
143.001
143.027
143.052
143.078
143.103
143.129
143.154
143.18
143.205
143.23
143.256
143.281
143.307
143.332
143.358
143.383
143.409
143.434
143.46
143.485
143.51
143.536
143.561
143.587
143.612
143.638
143.663
143.688
143.714
143.739
143.765
143.79
143.816
143.841
143.867
143.892
143.918
143.943
143.968
143.994
144.019
144.045
144.07
144.096
144.121
144.147
144.172
144.198
144.223
144.249
144.274
144.3
144.325
144.351
144.376
144.401
144.427
144.452
144.478
144.503
144.529
144.554
144.58
144.605
144.631
144.656
144.682
144.707
144.732
144.758
144.783
144.809
144.834
144.86
144.885
144.911
144.936
144.962
144.987
145.013
145.038
145.064
145.089
145.114
145.14
145.165
145.191
145.216
145.242
145.267
145.293
145.318
145.344
145.369
145.395
145.42
145.445
145.471
145.496
145.522
145.547
145.573
145.598
145.624
145.649
145.675
145.7
145.726
145.751
145.776
145.802
145.827
145.853
145.878
145.904
145.929
145.955
145.98
146.006
146.031
146.057
146.082
146.107
146.133
146.158
146.184
146.209
146.235
146.26
146.286
146.311
146.336
146.362
146.387
146.413
146.438
146.464
146.489
146.515
146.54
146.566
146.591
146.616
146.642
146.667
146.693
146.718
146.744
146.769
146.795
146.82
146.846
146.871
146.896
146.922
146.947
146.973
146.998
147.024
147.049
147.075
147.1
147.126
147.151
147.176
147.202
147.227
147.253
147.278
147.304
147.329
147.355
147.38
147.406
147.431
147.456
147.482
147.507
147.533
147.558
147.584
147.609
147.635
147.66
147.686
147.711
147.737
147.762
147.787
147.813
147.838
147.864
147.889
147.915
147.94
147.966
147.991
148.017
148.042
148.067
148.093
148.118
148.144
148.169
148.195
148.22
148.245
148.271
148.296
148.322
148.347
148.373
148.398
148.424
148.449
148.475
148.5
148.526
148.551
148.577
148.602
148.627
148.653
148.678
148.704
148.729
148.755
148.78
148.806
148.831
148.857
148.882
148.907
148.933
148.958
148.984
149.009
149.035
149.06
149.086
149.111
149.137
149.162
149.187
149.213
149.238
149.264
149.289
149.315
149.34
149.366
149.391
149.417
149.442
149.467
149.493
149.518
149.544
149.569
149.595
149.62
149.646
149.671
149.697
149.722
149.747
149.773
149.798
149.824
149.849
149.875
149.9
149.926
149.951
149.977
150.002
150.027
150.053
150.078
150.104
150.129
150.155
150.18
150.206
150.231
150.257
150.282
150.308
150.333
150.358
150.384
150.409
150.435
150.46
150.486
150.511
150.537
150.562
150.587
150.613
150.638
150.664
150.689
150.715
150.74
150.766
150.791
150.817
150.842
150.867
150.893
150.918
150.944
150.969
150.995
151.02
151.046
151.071
151.096
151.122
151.147
151.173
151.198
151.224
151.249
151.275
151.3
151.325
151.351
151.376
151.402
151.427
151.453
151.478
151.503
151.529
151.554
151.58
151.605
151.631
151.656
151.682
151.707
151.733
151.758
151.783
151.809
151.834
151.86
151.885
151.911
151.936
151.962
151.987
152.012
152.038
152.063
152.089
152.114
152.14
152.165
152.191
152.216
152.252
152.277
152.302
152.328
152.353
152.379
152.404
152.43
152.455
152.481
152.506
152.531
152.557
152.582
152.608
152.633
152.659
152.684
152.71
152.735
152.761
152.786
152.811
152.837
152.862
152.888
152.913
152.939
152.964
152.99
153.015
153.041
153.066
153.091
153.117
153.142
153.168
153.193
153.219
153.244
153.27
153.295
153.32
153.346
153.371
153.397
153.422
153.448
153.473
153.499
153.524
153.55
153.575
153.6
153.626
153.651
153.677
153.702
153.728
153.753
153.779
153.804
153.83
153.855
153.88
153.906
153.931
153.957
153.982
154.008
154.033
154.059
154.084
154.11
154.135
154.161
154.186
154.211
154.237
154.262
154.288
154.313
154.339
154.364
154.39
154.415
154.441
154.466
154.491
154.517
154.542
154.568
154.593
154.619
154.644
154.67
154.695
154.721
154.746
154.771
154.797
154.822
154.848
154.873
154.899
154.924
154.95
154.975
155.001
155.026
155.052
155.077
155.102
155.128
155.153
155.179
155.204
155.23
155.255
155.281
155.306
155.331
155.357
155.382
155.408
155.433
155.459
155.484
155.509
155.535
155.56
155.586
155.611
155.637
155.662
155.688
155.713
155.738
155.764
155.789
155.815
155.84
155.866
155.891
155.917
155.942
155.967
155.993
156.018
156.044
156.069
156.095
156.12
156.146
156.171
156.197
156.222
156.247
156.273
156.298
156.324
156.349
156.375
156.4
156.426
156.451
156.477
156.502
156.527
156.553
156.578
156.604
156.629
156.655
156.68
156.706
156.731
156.757
156.782
156.807
156.833
156.858
156.884
156.909
156.935
156.96
156.986
157.011
157.037
157.062
157.088
157.113
157.138
157.164
157.189
157.215
157.24
157.266
157.291
157.317
157.342
157.368
157.393
157.418
157.444
157.469
157.495
157.52
157.546
157.571
157.597
157.622
157.648
157.673
157.699
157.724
157.75
157.775
157.801
157.826
157.851
157.877
157.902
157.928
157.953
157.979
158.004
158.03
158.055
158.081
158.106
158.131
158.157
158.182
158.208
158.233
158.259
158.284
158.31
158.335
158.361
158.386
158.412
158.437
158.463
158.488
158.514
158.539
158.564
158.59
158.615
158.641
158.666
158.692
158.717
158.743
158.768
158.794
158.819
158.845
158.87
158.896
158.921
158.946
158.972
158.997
159.023
159.048
159.074
159.099
159.125
159.15
159.175
159.201
159.226
159.252
159.277
159.303
159.328
159.354
159.379
159.405
159.43
159.455
159.481
159.506
159.532
159.557
159.583
159.608
159.634
159.659
159.685
159.71
159.736
159.761
159.787
159.812
159.838
159.863
159.888
159.914
159.939
159.965
159.99
160.016
160.041
160.067
160.092
160.118
160.143
160.168
160.194
160.219
160.245
160.27
160.296
160.321
160.347
160.372
160.398
160.423
160.449
160.474
160.499
160.525
160.55
160.576
160.601
160.627
160.652
160.678
160.703
160.729
160.754
160.779
160.805
160.83
160.856
160.881
160.907
160.932
160.958
160.983
161.009
161.034
161.06
161.085
161.11
161.136
161.161
161.187
161.212
161.238
161.263
161.288
161.314
161.339
161.365
161.39
161.416
161.441
161.467
161.492
161.517
161.543
161.568
161.594
161.619
161.645
161.67
161.696
161.721
161.747
161.772
161.798
161.823
161.848
161.874
161.899
161.925
161.95
161.976
162.001
162.027
162.052
162.078
162.103
162.128
162.154
162.179
162.205
162.23
162.256
162.281
162.307
162.332
162.357
162.383
162.408
162.434
162.459
162.484
162.51
162.535
162.561
162.586
162.612
162.637
162.663
162.688
162.713
162.739
162.764
162.79
162.815
162.841
162.866
162.892
162.917
162.943
162.968
162.994
163.019
163.044
163.07
163.095
163.121
163.146
163.172
163.197
163.223
163.248
163.274
163.299
163.324
163.35
163.375
163.401
163.426
163.452
163.477
163.503
163.528
163.553
163.579
163.604
163.63
163.655
163.681
163.706
163.732
163.757
163.783
163.808
163.833
163.859
163.884
163.91
163.935
163.961
163.986
164.012
164.037
164.062
164.088
164.113
164.139
164.164
164.19
164.215
164.241
164.266
164.291
164.317
164.342
164.368
164.393
164.419
164.444
164.47
164.495
164.521
164.546
164.571
164.597
164.622
164.648
164.673
164.699
164.724
164.75
164.775
164.801
164.826
164.851
164.877
164.902
164.928
164.953
164.979
165.004
165.03
165.055
165.081
165.106
165.132
165.157
165.182
165.208
165.233
165.259
165.284
165.31
165.335
165.361
165.386
165.412
165.437
165.462
165.488
165.513
165.539
165.564
165.59
165.615
165.641
165.666
165.692
165.717
165.742
165.768
165.793
165.819
165.844
165.87
165.895
165.921
165.946
165.971
165.997
166.022
166.048
166.073
166.099
166.124
166.15
166.175
166.2
166.226
166.251
166.277
166.302
166.328
166.353
166.379
166.404
166.429
166.455
166.48
166.506
166.531
166.557
166.582
166.608
166.633
166.658
166.684
166.709
166.735
166.76
166.786
166.811
166.837
166.862
166.888
166.913
166.938
166.964
166.989
167.015
167.04
167.066
167.091
167.117
167.142
167.168
167.193
167.218
167.244
167.269
167.295
167.32
167.346
167.371
167.397
167.422
167.448
167.473
167.498
167.524
167.549
167.575
167.6
167.626
167.651
167.677
167.702
167.727
167.753
167.778
167.804
167.829
167.855
167.88
167.906
167.931
167.956
167.982
168.007
168.033
168.058
168.084
168.109
168.135
168.16
168.185
168.211
168.236
168.262
168.287
168.313
168.338
168.364
168.389
168.415
168.44
168.465
168.491
168.516
168.542
168.567
168.593
168.618
168.644
168.669
168.694
168.72
168.745
168.771
168.796
168.822
168.847
168.873
168.898
168.923
168.949
168.974
169
169.025
169.051
169.076
169.102
169.127
169.153
169.178
169.203
169.229
169.254
169.28
169.305
169.331
169.356
169.382
169.407
169.433
169.458
169.483
169.509
169.534
169.56
169.585
169.611
169.636
169.662
169.687
169.713
169.738
169.763
169.789
169.814
169.84
169.865
169.891
169.916
169.942
169.967
169.993
170.018
170.043
170.069
170.094
170.12
170.145
170.171
170.196
170.222
170.247
170.273
170.298
170.324
170.349
170.374
170.4
170.425
170.451
170.476
170.502
170.527
170.553
170.578
170.604
170.629
170.654
170.68
170.705
170.731
170.756
170.782
170.807
170.833
170.858
170.883
170.909
170.934
170.96
170.985
171.011
171.036
171.062
171.087
171.113
171.138
171.163
171.189
171.214
171.24
171.265
171.291
171.316
171.342
171.367
171.392
171.418
171.443
171.469
171.494
171.52
171.545
171.57
171.596
171.621
171.647
171.672
171.698
171.723
171.749
171.774
171.799
171.825
171.85
171.876
171.901
171.927
171.952
171.978
172.003
172.028
172.054
172.079
172.105
172.13
172.156
172.181
172.207
172.232
172.258
172.283
172.308
172.334
172.359
172.385
172.41
172.436
172.461
172.487
172.512
172.537
172.563
172.588
172.614
172.639
172.665
172.69
172.716
172.741
172.767
172.792
172.818
172.843
172.868
172.894
172.919
172.945
172.97
172.996
173.021
173.047
173.072
173.098
173.123
173.149
173.174
173.199
173.225
173.25
173.276
173.301
173.327
173.352
173.378
173.403
173.428
173.454
173.479
173.505
173.53
173.556
173.581
173.607
173.632
173.657
173.683
173.708
173.734
173.759
173.785
173.81
173.836
173.861
173.887
173.912
173.937
173.963
173.988
174.014
174.039
174.065
174.09
174.115
174.141
174.166
174.192
174.217
174.243
174.268
174.294
174.319
174.344
174.37
174.395
174.421
174.446
174.472
174.497
174.523
174.548
174.574
174.599
174.624
174.65
174.675
174.701
174.726
174.752
174.777
174.803
174.828
174.854
174.879
174.904
174.93
174.955
174.981
175.006
175.032
175.057
175.083
175.108
175.133
175.159
175.184
175.21
175.235
175.261
175.286
175.312
175.337
175.363
175.388
175.413
175.439
175.464
175.49
175.515
175.541
175.566
175.592
175.617
175.643
175.668
175.694
175.719
175.744
175.77
175.795
175.821
175.846
175.872
175.897
175.923
175.948
175.974
175.999
176.025
176.05
176.075
176.101
176.126
176.152
176.177
176.203
176.228
176.253
176.279
176.304
176.33
176.355
176.381
176.406
176.432
176.457
176.482
176.508
176.533
176.559
176.584
176.61
176.635
176.661
176.686
176.712
176.737
176.762
176.788
176.813
176.839
176.864
176.89
176.915
176.941
176.966
176.992
177.017
177.042
177.068
177.093
177.119
177.144
177.17
177.195
177.221
177.246
177.272
177.297
177.323
177.348
177.373
177.399
177.424
177.45
177.475
177.501
177.526
177.552
177.577
177.603
177.628
177.653
177.679
177.704
177.73
177.755
177.781
177.806
177.832
177.857
177.883
177.908
177.933
177.959
177.984
178.01
178.035
178.061
178.086
178.112
178.137
178.162
178.188
178.213
178.239
178.264
178.29
178.315
178.341
178.366
178.391
178.417
178.442
178.468
178.493
178.519
178.544
178.57
178.595
178.621
178.646
178.671
178.697
178.722
178.748
178.773
178.799
178.824
178.85
178.875
178.9
178.926
178.951
178.977
179.002
179.028
179.053
179.079
179.104
179.13
179.155
179.18
179.206
179.231
179.257
179.282
179.308
179.333
179.359
179.384
179.41
179.435
179.461
179.486
179.511
179.537
179.562
179.588
179.613
179.639
179.664
179.69
179.715
179.741
179.766
179.791
179.817
179.842
179.868
179.893
179.919
179.944
179.97
179.995
180.021
180.046
180.071
180.097
180.122
180.148
180.173
180.199
180.224
180.25
180.275
180.301
180.326
180.351
180.377
180.402
180.428
180.453
180.479
180.504
180.53
180.555
180.58
180.606
180.631
180.657
180.682
180.708
180.733
180.759
180.784
180.81
180.835
180.86
180.886
180.911
180.937
180.962
180.988
181.013
181.039
181.064
181.09
181.115
181.14
181.166
181.191
181.217
181.242
181.268
181.293
181.318
181.344
181.369
181.395
181.42
181.446
181.471
181.497
181.522
181.548
181.573
181.598
181.624
181.649
181.675
181.7
181.726
181.751
181.777
181.802
181.827
181.853
181.878
181.904
181.929
181.955
181.98
182.006
182.031
182.057
182.082
182.107
182.133
182.158
182.184
182.209
182.235
182.26
182.286
182.311
182.337
182.362
182.388
182.413
182.438
182.464
182.489
182.515
182.54
182.566
182.591
182.617
182.642
182.667
182.693
182.718
182.744
182.769
182.795
182.82
182.846
182.871
182.896
182.922
182.947
182.973
182.998
183.024
183.049
183.075
183.1
183.126
183.151
183.176
183.202
183.227
183.253
183.278
183.304
183.329
183.355
183.38
183.406
183.431
183.456
183.482
183.507
183.533
183.558
183.584
183.609
183.635
183.66
183.686
183.711
183.736
183.762
183.787
183.813
183.838
183.864
183.889
183.915
183.94
183.966
183.991
184.016
184.042
184.067
184.093
184.118
184.144
184.169
184.195
184.22
184.246
184.271
184.296
184.322
184.347
184.373
184.398
184.424
184.449
184.475
184.5
184.526
184.551
184.576
184.602
184.627
184.653
184.678
184.704
184.729
184.755
184.78
184.805
184.831
184.856
184.882
184.907
184.933
184.958
184.984
185.009
185.035
185.06
185.085
185.111
185.136
185.162
185.187
185.213
185.238
185.264
185.289
185.314
185.34
185.365
185.391
185.416
185.442
185.467
185.493
185.518
185.544
185.569
185.594
185.62
185.645
185.671
185.696
185.722
185.747
185.773
185.798
185.823
185.849
185.874
185.9
185.925
185.951
185.976
186.002
186.027
186.053
186.078
186.103
186.129
186.154
186.18
186.205
186.231
186.256
186.282
186.307
186.333
186.358
186.383
186.409
186.434
186.46
186.485
186.511
186.536
186.562
186.587
186.613
186.638
186.663
186.689
186.714
186.74
186.765
186.791
186.816
186.842
186.867
186.892
186.918
186.943
186.969
186.994
187.02
187.045
187.071
187.096
187.121
187.147
187.172
187.198
187.223
187.249
187.274
187.3
187.325
187.35
187.376
187.401
187.427
187.452
187.478
187.503
187.529
187.554
187.58
187.605
187.631
187.656
187.681
187.707
187.732
187.758
187.783
187.809
187.834
187.86
187.885
187.911
187.936
187.962
187.987
188.012
188.038
188.063
188.089
188.114
188.14
188.165
188.191
188.216
188.242
188.267
188.293
188.318
188.343
188.369
188.394
188.42
188.445
188.471
188.496
188.522
188.547
188.573
188.598
188.624
188.649
188.674
188.7
188.725
188.751
188.776
188.802
188.827
188.853
188.878
188.904
188.929
188.955
188.98
189.005
189.031
189.056
189.082
189.107
189.133
189.158
189.184
189.209
189.235
189.26
189.285
189.311
189.336
189.362
189.387
189.413
189.438
189.464
189.489
189.515
189.54
189.565
189.591
189.616
189.642
189.667
189.693
189.718
189.744
189.769
189.794
189.82
189.845
189.873
189.898
189.924
189.949
189.975
190
190.026
190.051
190.077
190.102
190.128
190.153
190.178
190.204
190.229
190.255
190.28
190.306
190.331
190.357
190.382
190.407
190.433
190.458
190.484
190.509
190.535
190.56
190.586
190.611
190.637
190.662
190.688
190.713
190.738
190.764
190.789
190.815
190.84
190.866
190.891
190.917
190.942
190.967
190.993
191.018
191.044
191.069
191.095
191.12
191.146
191.171
191.196
191.222
191.247
191.273
191.298
191.324
191.349
191.374
191.4
191.425
191.451
191.476
191.502
191.527
191.552
191.578
191.603
191.629
191.654
191.68
191.705
191.731
191.756
191.781
191.807
191.832
191.858
191.883
191.909
191.934
191.96
191.985
192.01
192.036
192.061
192.087
192.112
192.138
192.163
192.188
192.214
192.239
192.265
192.29
192.316
192.341
192.366
192.392
192.417
192.443
192.468
192.494
192.519
192.544
192.57
192.595
192.621
192.646
192.672
192.697
192.722
192.748
192.773
192.799
192.824
192.849
192.875
192.9
192.926
192.951
192.977
193.002
193.027
193.053
193.078
193.104
193.129
193.155
193.18
193.205
193.231
193.256
193.282
193.307
193.332
193.358
193.383
193.409
193.434
193.459
193.485
193.51
193.536
193.561
193.587
193.612
193.637
193.663
193.688
193.714
193.739
193.764
193.79
193.815
193.841
193.866
193.892
193.917
193.942
193.968
193.993
194.019
194.044
194.07
194.095
194.121
194.146
194.171
194.197
194.222
194.248
194.273
194.299
194.324
194.349
194.375
194.4
194.426
194.451
194.476
194.502
194.527
194.553
194.578
194.604
194.629
194.654
194.68
194.705
194.731
194.756
194.782
194.807
194.832
194.858
194.883
194.909
194.934
194.959
194.985
195.01
195.036
195.061
195.087
195.112
195.137
195.163
195.188
195.214
195.239
195.265
195.29
195.315
195.341
195.366
195.392
195.417
195.442
195.468
195.493
195.519
195.544
195.569
195.595
195.62
195.646
195.671
195.696
195.722
195.747
195.773
195.798
195.823
195.849
195.874
195.9
195.925
195.95
195.976
196.001
196.026
196.052
196.077
196.103
196.128
196.153
196.179
196.204
196.23
196.255
196.28
196.306
196.331
196.357
196.382
196.407
196.433
196.458
196.484
196.509
196.534
196.56
196.585
196.611
196.636
196.661
196.687
196.712
196.737
196.763
196.788
196.814
196.839
196.864
196.89
196.915
196.94
196.966
196.991
197.016
197.042
197.067
197.093
197.118
197.143
197.169
197.194
197.219
197.245
197.27
197.296
197.321
197.346
197.372
197.397
197.423
197.448
197.473
197.499
197.524
197.55
197.575
197.6
197.626
197.651
197.676
197.702
197.727
197.753
197.778
197.803
197.829
197.854
197.88
197.905
197.93
197.956
197.981
198.006
198.032
198.057
198.083
198.108
198.133
198.159
198.184
198.21
198.235
198.26
198.286
198.311
198.337
198.362
198.387
198.413
198.438
198.463
198.489
198.514
198.54
198.565
198.59
198.616
198.641
198.667
198.692
198.717
198.743
198.768
198.794
198.819
198.844
198.87
198.895
198.921
198.946
198.971
198.997
199.022
199.048
199.073
199.098
199.124
199.149
199.181
199.206
199.231
199.257
199.282
199.307
199.333
199.358
199.384
199.409
199.434
199.46
199.493
199.518
199.543
199.569
199.594
199.62
199.645
199.67
199.696
199.721
199.746
199.772
199.797
199.823
199.848
199.873
199.899
199.924
199.95
199.975
200
200.026
200.051
200.076
200.102
200.127
200.152
200.178
200.203
200.229
200.254
200.279
200.305
200.33
200.355
200.381
200.406
200.432
200.457
200.482
200.508
200.533
200.558
200.584
200.609
200.634
200.66
200.685
200.711
200.736
200.761
200.787
200.812
200.837
200.863
200.888
200.914
200.939
200.964
200.99
201.015
201.04
201.066
201.091
201.117
201.142
201.167
201.193
201.218
201.243
201.269
201.294
201.319
201.345
201.37
201.395
201.421
201.446
201.471
201.497
201.522
201.547
201.573
201.598
201.623
201.649
201.674
201.699
201.725
201.75
201.775
201.801
201.826
201.851
201.877
201.902
201.927
201.953
201.978
202.003
202.029
202.054
202.079
202.105
202.13
202.155
202.181
202.206
202.231
202.257
202.282
202.307
202.333
202.358
202.383
202.409
202.434
202.459
202.485
202.51
202.535
202.561
202.586
202.611
202.637
202.662
202.687
202.713
202.738
202.763
202.789
202.814
202.839
202.865
202.89
202.915
202.941
202.966
202.991
203.017
203.042
203.067
203.093
203.118
203.143
203.169
203.194
203.219
203.245
203.27
203.295
203.321
203.346
203.371
203.397
203.422
203.447
203.473
203.498
203.523
203.549
203.574
203.599
203.625
203.65
203.675
203.701
203.726
203.751
203.777
203.802
203.827
203.853
203.878
203.903
203.929
203.954
203.979
204.005
204.03
204.055
204.081
204.106
204.131
204.157
204.182
204.207
204.233
204.258
204.283
204.309
204.334
204.359
204.385
204.41
204.435
204.461
204.486
204.511
204.537
204.562
204.587
204.613
204.638
204.663
204.689
204.714
204.739
204.765
204.79
204.815
204.841
204.866
204.891
204.917
204.942
204.967
204.993
205.018
205.043
205.069
205.094
205.119
205.145
205.17
205.195
205.221
205.246
205.271
205.297
205.322
205.347
205.373
205.398
205.423
205.448
205.474
205.499
205.524
205.55
205.575
205.6
205.625
205.651
205.676
205.701
205.727
205.752
205.777
205.802
205.828
205.853
205.878
205.904
205.929
205.954
205.98
206.005
206.03
206.055
206.081
206.106
206.131
206.156
206.182
206.207
206.232
206.258
206.283
206.308
206.333
206.359
206.384
206.409
206.434
206.46
206.485
206.51
206.535
206.561
206.586
206.611
206.636
206.662
206.687
206.712
206.737
206.762
206.788
206.813
206.838
206.863
206.888
206.914
206.939
206.964
206.989
207.015
207.04
207.065
207.09
207.116
207.141
207.166
207.191
207.216
207.242
207.267
207.292
207.317
207.343
207.368
207.393
207.418
207.443
207.469
207.494
207.519
207.544
207.57
207.595
207.62
207.645
207.67
207.696
207.721
207.746
207.771
207.796
207.822
207.847
207.872
207.897
207.922
207.948
207.973
207.998
208.023
208.048
208.074
208.099
208.124
208.149
208.175
208.2
208.225
208.25
208.275
208.301
208.326
208.351
208.377
208.402
208.428
208.453
208.478
208.504
208.529
208.555
208.58
208.605
208.631
208.656
208.681
208.707
208.732
208.758
208.783
208.808
208.834
208.859
208.885
208.91
208.935
208.961
208.986
209.012
209.037
209.062
209.088
209.113
209.139
209.164
209.189
209.215
209.24
209.265
209.291
209.316
209.342
209.367
209.392
209.418
209.443
209.469
209.494
209.519
209.545
209.57
209.595
209.621
209.646
209.672
209.697
209.722
209.748
209.773
209.799
209.824
209.849
209.875
209.9
209.925
209.951
209.976
210.002
210.027
210.052
210.078
210.103
210.129
210.154
210.179
210.205
210.23
210.256
210.281
210.306
210.332
210.357
210.383
210.408
210.433
210.459
210.484
210.509
210.535
210.56
210.586
210.611
210.636
210.662
210.687
210.713
210.738
210.763
210.789
210.814
210.84
