0.0263832
0.0686641
0.098109
0.123714
0.149314
0.174867
0.200407
0.226001
0.25157
0.277128
0.302702
0.328278
0.353874
0.379447
0.405038
0.430638
0.456249
0.481864
0.507484
0.533106
0.558741
0.584374
0.610044
0.635725
0.661406
0.687066
0.712697
0.738366
0.764009
0.789655
0.815301
0.840957
0.866639
0.892326
0.917979
0.943621
0.969272
0.994926
1.02101
1.0468
1.07249
1.09815
1.12382
1.14948
1.17519
1.20086
1.2265
1.25217
1.27786
1.30352
1.32918
1.35485
1.38052
1.40621
1.43188
1.45757
1.48323
1.5089
1.53458
1.56025
1.58602
1.61168
1.63734
1.66302
1.68873
1.71441
1.74007
1.76576
1.79145
1.81715
1.84283
1.86853
1.89424
1.91991
1.9456
1.9713
1.99699
2.02263
2.04829
2.07399
2.09966
2.12532
2.15099
2.17668
2.20238
2.22807
2.25373
2.2794
2.30507
2.33073
2.35641
2.3821
2.40781
2.43351
2.45921
2.4849
2.51059
2.5363
2.56198
2.58766
2.61332
2.63899
2.66466
2.69035
2.71603
2.74172
2.7674
2.79309
2.81877
2.84442
2.87011
2.89581
2.92147
2.94714
2.97284
2.99851
3.02419
3.04986
3.07553
3.10121
3.12689
3.1526
3.17828
3.20396
3.22964
3.2554
3.28111
3.30677
3.33245
3.35812
3.38379
3.40951
3.43523
3.46093
3.48659
3.51226
3.53794
3.56359
3.58925
3.61491
3.64057
3.66622
3.69188
3.71753
3.74319
3.76885
3.7945
3.82018
3.84586
3.87153
3.89721
3.92293
3.94864
3.97434
4
4.02571
4.05141
4.07707
4.10274
4.12842
4.15411
4.17976
4.20541
4.23108
4.25671
4.28237
4.30803
4.33369
4.35937
4.38502
4.41067
4.43634
4.46203
4.48773
4.51342
4.53912
4.56484
4.59054
4.61621
4.6419
4.6676
4.69326
4.71894
4.74461
4.77029
4.79594
4.8216
4.84728
4.87296
4.89866
4.92442
4.95016
4.97585
5.00153
5.02723
5.05291
5.07858
5.10426
5.12994
5.15563
5.18132
5.20699
5.23268
5.25835
5.28404
5.3097
5.33537
5.36104
5.38672
5.41237
5.43804
5.46371
5.4894
5.51507
5.54071
5.56641
5.5921
5.61778
5.64344
5.66914
5.69485
5.72055
5.74624
5.77191
5.79759
5.82328
5.84893
5.87458
5.90027
5.92596
5.95162
5.97731
6.00299
6.02864
6.05431
6.07997
6.10565
6.13132
6.15702
6.18273
6.20843
6.2341
6.25979
6.28551
6.3112
6.33686
6.36253
6.38824
6.4139
6.43961
6.46531
6.49101
6.51671
6.5424
6.56806
6.59373
6.6194
6.64509
6.67075
6.69642
6.72214
6.74782
6.77349
6.79917
6.82487
6.85057
6.87625
6.90194
6.92761
6.95329
6.97896
7.00468
7.03039
7.05607
7.08176
7.10745
7.13312
7.1588
7.18448
7.21016
7.23583
7.26151
7.28718
7.31286
7.33854
7.36424
7.38992
7.41562
7.4413
7.46697
7.49265
7.51832
7.54399
7.56965
7.59532
7.62102
7.6467
7.67242
7.69809
7.72378
7.74947
7.77513
7.80086
7.8266
7.85231
7.878
7.90367
7.92937
7.95505
7.9807
8.00637
8.03204
8.05769
8.08333
8.10898
8.13463
8.16034
8.18604
8.21171
8.23741
8.2631
8.28879
8.31447
8.34014
8.36587
8.39157
8.41727
8.44297
8.46869
8.49436
8.52002
8.54569
8.57138
8.59706
8.62274
8.64842
8.67412
8.69983
8.72552
8.7512
8.77689
8.80257
8.82825
8.85395
8.87964
8.90531
8.93098
8.95668
8.98235
9.00802
9.03369
9.05937
9.08506
9.11075
9.13641
9.16209
9.18778
9.21346
9.23913
9.26483
9.29053
9.31618
9.34191
9.3676
9.39329
9.41903
9.44471
9.47038
9.49606
9.52174
9.54742
9.5731
9.59878
9.62445
9.65016
9.67586
9.70153
9.72721
9.75289
9.77857
9.80426
9.82993
9.85561
9.88131
9.90703
9.93271
9.95837
9.98404
10.0097
10.0354
10.0611
10.0868
10.1125
10.1382
10.1639
10.1895
10.2152
10.2408
10.2665
10.2921
10.3178
10.3435
10.3692
10.3949
10.4206
10.4462
10.4719
10.4976
10.5233
10.5489
10.5746
10.6003
10.626
10.6517
10.6774
10.703
10.7287
10.7544
10.7801
10.8059
10.8316
10.8573
10.8829
10.9086
10.9343
10.96
10.9857
11.0114
11.0371
11.0628
11.0885
11.1143
11.1399
11.1656
11.1913
11.2169
11.2426
11.2683
11.294
11.3197
11.3454
11.3711
11.3967
11.4224
11.4481
11.4738
11.4995
11.5252
11.5508
11.5765
11.6022
11.6279
11.6536
11.6793
11.705
11.7307
11.7563
11.782
11.8077
11.8334
11.8591
11.8847
11.9104
11.936
11.9617
11.9874
12.013
12.0387
12.0643
12.09
12.1157
12.1413
12.167
12.1927
12.2184
12.244
12.2697
12.2954
12.3211
12.3467
12.3724
12.3981
12.4237
12.4494
12.4751
12.5007
12.5264
12.5521
12.5778
12.6034
12.6291
12.6548
12.6805
12.7062
12.7318
12.7575
12.7832
12.8089
12.8345
12.8602
12.8859
12.9116
12.9373
12.963
12.9886
13.0143
13.04
13.0657
13.0914
13.1171
13.1427
13.1684
13.1941
13.2198
13.2455
13.2711
13.2968
13.3225
13.3482
13.3739
13.3996
13.4253
13.4509
13.4766
13.5023
13.528
13.5537
13.5794
13.605
13.6307
13.6564
13.6821
13.7078
13.7335
13.7592
13.7849
13.8106
13.8362
13.8619
13.8876
13.9133
13.9389
13.9646
13.9903
14.0161
14.0417
14.0674
14.0931
14.1187
14.1444
14.1701
14.1957
14.2214
14.2471
14.2727
14.2983
14.324
14.3496
14.3753
14.401
14.4266
14.4523
14.478
14.5036
14.5293
14.5549
14.5806
14.6063
14.632
14.6576
14.6834
14.709
14.7347
14.7604
14.7861
14.8118
14.8375
14.8632
14.8889
14.9145
14.9402
14.9659
14.9916
15.0173
15.043
15.0687
15.0944
15.1201
15.1458
15.1714
15.1971
15.2228
15.2485
15.2742
15.2999
15.3256
15.3512
15.3769
15.4026
15.4283
15.454
15.4797
15.5054
15.5311
15.5568
15.5824
15.6081
15.6338
15.6595
15.6852
15.7109
15.7366
15.7623
15.7879
15.8136
15.8393
15.865
15.8907
15.9164
15.9426
15.9683
15.994
16.0196
16.0453
16.071
16.0967
16.1223
16.148
16.1737
16.1994
16.2251
16.2507
16.2765
16.3022
16.3279
16.3536
16.3792
16.4049
16.4306
16.4563
16.482
16.5077
16.5334
16.559
16.5847
16.6104
16.636
16.6617
16.6873
16.713
16.7387
16.7644
16.7901
16.8158
16.8415
16.8672
16.8929
16.9185
16.9442
16.9699
16.9955
17.0212
17.0469
17.0726
17.0982
17.1239
17.1496
17.1753
17.2009
17.2266
17.2522
17.278
17.3037
17.3294
17.355
17.3807
17.4064
17.4321
17.4578
17.4835
17.5092
17.5348
17.5605
17.5862
17.6118
17.6375
17.6632
17.6889
17.7146
17.7402
17.7659
17.7916
17.8172
17.8429
17.8686
17.8943
17.9199
17.9456
17.9713
17.997
18.0227
18.0483
18.0741
18.0997
18.1254
18.1511
18.1768
18.2024
18.2281
18.2538
18.2795
18.3051
18.3308
18.3565
18.3822
18.4079
18.4336
18.4592
18.4849
18.5106
18.5363
18.562
18.5877
18.6133
18.639
18.6647
18.6904
18.7161
18.7417
18.7674
18.793
18.8187
18.8444
18.8701
18.8957
18.9214
18.9471
18.9728
18.9985
19.0241
19.0498
19.0755
19.1012
19.1269
19.1526
19.1783
19.2039
19.2296
19.2553
19.281
19.3066
19.3323
19.358
19.3837
19.4093
19.435
19.4607
19.4864
19.5121
19.5377
19.5634
19.5891
19.6148
19.6404
19.6661
19.6918
19.7175
19.7432
19.7688
19.7945
19.8202
19.8459
19.8715
19.8972
19.9229
19.9486
19.9743
19.9999
20.0256
20.0513
20.077
20.1027
20.1284
20.1541
20.1797
20.2054
20.2311
20.2567
20.2824
20.3081
20.3337
20.3594
20.3851
20.4108
20.4365
20.4621
20.4878
20.5135
20.5391
20.5648
20.5905
20.6161
20.6418
20.6675
20.6932
20.7189
20.7446
20.7703
20.7959
20.8216
20.8472
20.8729
20.8986
20.9242
20.9499
20.9756
21.0012
21.0269
21.0526
21.0783
21.104
21.1297
21.1554
21.181
21.2067
21.2324
21.2581
21.2838
21.3095
21.3352
21.3609
21.3865
21.4122
21.4379
21.4636
21.4893
21.5149
21.5406
21.5663
21.592
21.6177
21.6433
21.669
21.6947
21.7204
21.7461
21.7718
21.7975
21.8232
21.8489
21.8746
21.9002
21.9259
21.9516
21.9773
22.0029
22.0286
22.0543
22.08
22.1056
22.1313
22.157
22.1827
22.2083
22.2341
22.2598
22.2854
22.3111
22.3368
22.3625
22.3882
22.4139
22.4395
22.4652
22.4909
22.5166
22.5423
22.568
22.5936
22.6193
22.645
22.6707
22.6964
22.7221
22.7478
22.7734
22.7991
22.8247
22.8504
22.876
22.9017
22.9274
22.9531
22.9787
23.0044
23.0301
23.0558
23.0815
23.1072
23.1329
23.1586
23.1842
23.2099
23.2356
23.2613
23.2869
23.3126
23.3383
23.364
23.3896
23.4153
23.441
23.4667
23.4924
23.5181
23.5437
23.5694
23.5951
23.6207
23.6464
23.672
23.6977
23.7234
23.7491
23.7747
23.8005
23.8261
23.8518
23.8775
23.9032
23.9288
23.9545
23.9802
24.0058
24.0315
24.0572
24.0829
24.1086
24.1343
24.16
24.1857
24.2114
24.237
24.2627
24.2884
24.314
24.3397
24.3653
24.391
24.4166
24.4423
24.4679
24.4936
24.5193
24.5449
24.5706
24.5963
24.622
24.6476
24.6733
24.699
24.7247
24.7504
24.776
24.8017
24.8274
24.8531
24.8787
24.9044
24.9301
24.9558
24.9815
25.0072
25.0328
25.0585
25.0841
25.1098
25.1355
25.1611
25.1868
25.2124
25.2381
25.2637
25.2894
25.3151
25.3407
25.3664
25.3921
25.4177
25.4434
25.469
25.4947
25.5204
25.5461
25.5718
25.5975
25.6231
25.6488
25.6745
25.7002
25.7259
25.7516
25.7773
25.8029
25.8286
25.8543
25.88
25.9056
25.9313
25.957
25.9827
26.0084
26.0341
26.0598
26.0855
26.1111
26.1368
26.1625
26.1882
26.2139
26.2396
26.2652
26.2909
26.3166
26.3423
26.3679
26.3936
26.4194
26.445
26.4707
26.4964
26.5221
26.5478
26.5735
26.5992
26.6248
26.6505
26.6762
26.7019
26.7276
26.7533
26.779
26.8047
26.8304
26.8561
26.8818
26.9074
26.9331
26.9588
26.9845
27.0102
27.0359
27.0616
27.0873
27.113
27.1386
27.1644
27.1901
27.2158
27.2414
27.2671
27.2928
27.3185
27.3442
27.3699
27.3955
27.4212
27.4469
27.4726
27.4982
27.5239
27.5496
27.5753
27.601
27.6267
27.6523
27.678
27.7037
27.7294
27.755
27.7807
27.8064
27.8321
27.8578
27.8835
27.9092
27.9349
27.9606
27.9863
28.0119
28.0376
28.0633
28.0891
28.1147
28.1404
28.1661
28.1918
28.2175
28.2432
28.2688
28.2945
28.3202
28.3459
28.3716
28.3973
28.423
28.4487
28.4744
28.5001
28.5258
28.5515
28.5772
28.6028
28.6285
28.6542
28.6799
28.7055
28.7312
28.7569
28.7826
28.8083
28.8339
28.8596
28.8853
28.911
28.9366
28.9623
28.988
29.0137
29.0393
29.065
29.0907
29.1164
29.1421
29.1678
29.1935
29.2192
29.2449
29.2705
29.2962
29.322
29.3477
29.3734
29.3991
29.4248
29.4505
29.4762
29.5019
29.5275
29.5532
29.5788
29.6045
29.6302
29.6559
29.6816
29.7073
29.7329
29.7587
29.7844
29.8101
29.8358
29.8615
29.8872
29.9129
29.9386
29.9643
29.99
30.0156
30.0413
30.067
30.0927
30.1184
30.1441
30.1698
30.1955
30.2212
30.2469
30.2725
30.2982
30.3239
30.3496
30.3753
30.401
30.4267
30.4524
30.4781
30.5038
30.5295
30.5552
30.5809
30.6066
30.6323
30.658
30.6837
30.7094
30.7351
30.7608
30.7865
30.8122
30.838
30.8637
30.8894
30.9151
30.9408
30.9664
30.9921
31.0178
31.0435
31.0692
31.0949
31.1206
31.1462
31.1719
31.1976
31.2233
31.249
31.2747
31.3005
31.3261
31.3518
31.3775
31.4032
31.4289
31.4545
31.4802
31.5059
31.5316
31.5572
31.5829
31.6086
31.6342
31.66
31.6856
31.7113
31.737
31.7626
31.7883
31.814
31.8397
31.8654
31.8912
31.9169
31.9425
31.9682
31.9939
32.0196
32.0453
32.071
32.0967
32.1224
32.1481
32.1738
32.1995
32.2252
32.2509
32.2766
32.3022
32.3279
32.3536
32.3793
32.405
32.4307
32.4564
32.4821
32.5078
32.5335
32.5592
32.5849
32.6106
32.6363
32.662
32.6877
32.7134
32.7391
32.7648
32.7905
32.8162
32.8419
32.8676
32.8933
32.919
32.9447
32.9704
32.9961
33.0219
33.0476
33.0733
33.099
33.1247
33.1504
33.176
33.2018
33.2275
33.2531
33.2788
33.3045
33.3302
33.3559
33.3816
33.4073
33.433
33.4587
33.4844
33.5101
33.5358
33.5615
33.5872
33.6129
33.6386
33.6643
33.69
33.7157
33.7414
33.767
33.7927
33.8184
33.8441
33.8697
33.8954
33.9211
33.9467
33.9725
33.9982
34.0238
34.0495
34.0752
34.1009
34.1266
34.1523
34.178
34.2037
34.2294
34.2551
34.2807
34.3064
34.332
34.3577
34.3833
34.409
34.4347
34.4604
34.4861
34.5118
34.5374
34.5631
34.5888
34.6145
34.6402
34.6659
34.6916
34.7173
34.743
34.7687
34.7944
34.8201
34.8458
34.8715
34.8972
34.9229
34.9486
34.9743
35
35.0257
35.0514
35.0771
35.1028
35.1285
35.1542
35.1798
35.2055
35.2312
35.2569
35.2826
35.3083
35.3341
35.3598
35.3855
35.4112
35.4369
35.4625
35.4882
35.5139
35.5396
35.5653
35.5911
35.6167
35.6424
35.6681
35.6938
35.7195
35.7452
35.7709
35.7966
35.8222
35.8479
35.8736
35.8993
35.9249
35.9506
35.9763
36.002
36.0277
36.0533
36.079
36.1047
36.1304
36.1561
36.1818
36.2075
36.2332
36.2589
36.2846
36.3103
36.336
36.3617
36.3874
36.4131
36.4387
36.4644
36.4901
36.5158
36.5415
36.5672
36.5929
36.6186
36.6443
36.67
36.6957
36.7214
36.747
36.7727
36.7984
36.8241
36.8498
36.8755
36.9012
36.9269
36.9526
36.9783
37.004
37.0297
37.0553
37.081
37.1067
37.1324
37.1581
37.1838
37.2095
37.2351
37.2608
37.2865
37.3122
37.338
37.3637
37.3894
37.4151
37.4408
37.4665
37.4922
37.5179
37.5436
37.5692
37.5949
37.6206
37.6463
37.672
37.6977
37.7234
37.7491
37.7747
37.8004
37.8261
37.8518
37.8775
37.9031
37.9288
37.9545
37.9802
38.0059
38.0315
38.0572
38.0829
38.1086
38.1343
38.1599
38.1856
38.2113
38.237
38.2627
38.2884
38.3141
38.3398
38.3655
38.3912
38.4168
38.4425
38.4682
38.4939
38.5195
38.5452
38.5709
38.5966
38.6223
38.6479
38.6735
38.6992
38.7248
38.7504
38.7761
38.8017
38.8273
38.8529
38.8785
38.9042
38.9298
38.9554
38.981
39.0067
39.0323
39.0579
39.0835
39.1092
39.1348
39.1605
39.1861
39.2118
39.2374
39.2631
39.2887
39.3143
39.34
39.3657
39.3913
39.4169
39.4426
39.4682
39.4939
39.5196
39.5453
39.571
39.5967
39.6224
39.6481
39.6738
39.6995
39.7252
39.7509
39.7766
39.8023
39.828
39.8537
39.8794
39.9051
39.9308
39.9565
39.9822
40.0079
40.0335
40.0592
40.0849
40.1106
40.1363
40.162
40.1877
40.2134
40.2391
40.2648
40.2904
40.3161
40.3418
40.3675
40.3932
40.4189
40.4447
40.4704
40.496
40.5218
40.5475
40.5732
40.5988
40.6245
40.6502
40.6759
40.7016
40.7273
40.753
40.7786
40.8043
40.83
40.8557
40.8814
40.9071
40.9328
40.9585
40.9842
41.0099
41.0355
41.0612
41.0869
41.1126
41.1383
41.164
41.1897
41.2154
41.2411
41.2668
41.2925
41.3182
41.3438
41.3695
41.3952
41.4209
41.4466
41.4723
41.498
41.5237
41.5494
41.575
41.6007
41.6264
41.6521
41.6778
41.7035
41.7292
41.7549
41.7806
41.8063
41.832
41.8577
41.8834
41.909
41.9347
41.9604
41.9861
42.0118
42.0375
42.0632
42.0889
42.1146
42.1403
42.166
42.1917
42.2174
42.2431
42.2688
42.2945
42.3202
42.3459
42.3716
42.3973
42.4229
42.4486
42.4743
42.5001
42.5258
42.5515
42.5772
42.6029
42.6286
42.6543
42.68
42.7057
42.7314
42.757
42.7827
42.8084
42.8341
42.8598
42.8855
42.9112
42.9369
42.9626
42.9883
43.014
43.0397
43.0654
43.0911
43.1168
43.1426
43.1683
43.194
43.2197
43.2454
43.271
43.2967
43.3224
43.3481
43.3737
43.3994
43.4251
43.4508
43.4765
43.5022
43.5279
43.5536
43.5792
43.6049
43.6306
43.6563
43.6819
43.7076
43.7333
43.759
43.7847
43.8104
43.8361
43.8617
43.8874
43.9131
43.9388
43.9645
43.9901
44.0158
44.0415
44.0672
44.0929
44.1186
44.1443
44.17
44.1956
44.2213
44.2469
44.2726
44.2982
44.3239
44.3495
44.3752
44.4008
44.4264
44.4521
44.4778
44.5034
44.5291
44.5547
44.5804
44.6061
44.6317
44.6574
44.683
44.7087
44.7344
44.7601
44.7858
44.8115
44.8371
44.8628
44.8885
44.9142
44.9399
44.9656
44.9913
45.017
45.0427
45.0684
45.094
45.1197
45.1454
45.1711
45.1968
45.2225
45.2481
45.2738
45.2995
45.3252
45.3509
45.3766
45.4023
45.4279
45.4537
45.4794
45.5051
45.5308
45.5565
45.5822
45.6079
45.6336
45.6593
45.685
45.7107
45.7364
45.762
45.7877
45.8134
45.839
45.8647
45.8904
45.9161
45.9418
45.9675
45.9932
46.0189
46.0445
46.0703
46.096
46.1217
46.1474
46.1731
46.1988
46.2245
46.2501
46.2758
46.3016
46.3272
46.3529
46.3786
46.4043
46.4299
46.4557
46.4814
46.5071
46.5327
46.5584
46.5841
46.6097
46.6354
46.6611
46.6868
46.7124
46.7381
46.7637
46.7894
46.8151
46.8407
46.8664
46.8921
46.9177
46.9434
46.9691
46.9948
47.0205
47.0462
47.0718
47.0975
47.1232
47.1488
47.1745
47.2002
47.2259
47.2516
47.2773
47.3029
47.3286
47.3543
47.38
47.4057
47.4314
47.4571
47.4827
47.5084
47.5341
47.5598
47.5855
47.6112
47.6369
47.6626
47.6883
47.7139
47.7396
47.7653
47.791
47.8167
47.8424
47.8681
47.8938
47.9195
47.9452
47.9709
47.9966
48.0223
48.048
48.0737
48.0994
48.1251
48.1508
48.1765
48.2022
48.2279
48.2536
48.2793
48.305
48.3307
48.3564
48.3821
48.4078
48.4335
48.4592
48.4849
48.5106
48.5363
48.562
48.5877
48.6134
48.6391
48.6647
48.6904
48.7161
48.7419
48.7676
48.7932
48.8189
48.8446
48.8703
48.896
48.9216
48.9473
48.973
48.9987
49.0243
49.05
49.0757
49.1014
49.1271
49.1528
49.1785
49.2041
49.2298
49.2555
49.2812
49.3069
49.3325
49.3582
49.3839
49.4095
49.4352
49.4609
49.4866
49.5122
49.5379
49.5636
49.5893
49.6149
49.6406
49.6663
49.692
49.7177
49.7434
49.7691
49.7948
49.8205
49.8462
49.8719
49.8976
49.9233
49.949
49.9747
50.0004
50.0261
50.0517
50.0774
50.1032
50.1289
50.1545
50.1802
50.206
50.2317
50.2574
50.2831
50.3088
50.3345
50.3602
50.3859
50.4116
50.4373
50.463
50.4887
50.5143
50.5401
50.5657
50.5914
50.6171
50.6428
50.6685
50.6942
50.7199
50.7455
50.7712
50.7969
50.8226
50.8483
50.874
50.8997
50.9254
50.9511
50.9767
51.0024
51.028
51.0537
51.0794
51.1051
51.1307
51.1564
51.1821
51.2078
51.2335
51.2592
51.2848
51.3105
51.3362
51.362
51.3877
51.4133
51.439
51.4647
51.4904
51.5161
51.5418
51.5675
51.5932
51.6189
51.6446
51.6703
51.6959
51.7216
51.7473
51.773
51.7987
51.8244
51.8501
51.8758
51.9015
51.9272
51.9529
51.9785
52.0043
52.03
52.0557
52.0814
52.1071
52.1328
52.1585
52.1842
52.2099
52.2356
52.2613
52.287
52.3127
52.3384
52.3641
52.3898
52.4155
52.4412
52.4669
52.4926
52.5183
52.544
52.5697
52.5953
52.621
52.6467
52.6724
52.6981
52.7237
52.7494
52.7751
52.8008
52.8265
52.8522
52.8779
52.9035
52.9292
52.9549
52.9806
53.0063
53.032
53.0577
53.0833
53.109
53.1346
53.1603
53.186
53.2117
53.2373
53.263
53.2887
53.3143
53.34
53.3657
53.3914
53.4171
53.4428
53.4685
53.4942
53.5199
53.5455
53.5712
53.5969
53.6226
53.6483
53.674
53.6997
53.7254
53.7511
53.7768
53.8025
53.8281
53.8538
53.8795
53.9052
53.9308
53.9565
53.9822
54.0079
54.0335
54.0592
54.0849
54.1105
54.1362
54.1618
54.1875
54.2132
54.2389
54.2645
54.2902
54.3158
54.3414
54.3671
54.3927
54.4184
54.444
54.4697
54.4954
54.521
54.5467
54.5724
54.5981
54.6238
54.6494
54.6751
54.7008
54.7265
54.7522
54.7778
54.8035
54.8292
54.8549
54.8806
54.9063
54.932
54.9576
54.9833
55.009
55.0346
55.0603
55.086
55.1116
55.1373
55.163
55.1887
55.2143
55.24
55.2657
55.2913
55.317
55.3427
55.3683
55.394
55.4197
55.4454
55.471
55.4967
55.5224
55.5481
55.5738
55.5994
55.6251
55.6508
55.6764
55.7021
55.7278
55.7535
55.7792
55.8048
55.8305
55.8562
55.8819
55.9076
55.9333
55.9589
55.9846
56.0103
56.036
56.0617
56.0874
56.1131
56.1387
56.1644
56.1901
56.2158
56.2415
56.2672
56.2929
56.3186
56.3442
56.3699
56.3956
56.4213
56.447
56.4727
56.4984
56.5241
56.5497
56.5754
56.6011
56.6267
56.6525
56.6782
56.7038
56.7295
56.7552
56.7809
56.8066
56.8323
56.858
56.8836
56.9093
56.935
56.9607
56.9864
57.0121
57.0378
57.0634
57.0891
57.1148
57.1405
57.1662
57.1919
57.2176
57.2432
57.2689
57.2946
57.3203
57.346
57.3717
57.3974
57.423
57.4487
57.4744
57.5
57.5257
57.5514
57.5771
57.6028
57.6285
57.6542
57.6799
57.7056
57.7312
57.7569
57.7826
57.8083
57.834
57.8597
57.8854
57.9111
57.9368
57.9625
57.9882
58.0139
58.0396
58.0652
58.0909
58.1166
58.1423
58.168
58.1937
58.2194
58.245
58.2707
58.2965
58.3222
58.3478
58.3735
58.3992
58.425
58.4507
58.4764
58.502
58.5277
58.5534
58.5792
58.6049
58.6305
58.6562
58.6819
58.7076
58.7332
58.7589
58.7846
58.8103
58.836
58.8617
58.8874
58.9131
58.9388
58.9645
58.9902
59.0158
59.0415
59.0672
59.0929
59.1186
59.1442
59.17
59.1956
59.2213
59.247
59.2727
59.2984
59.3241
59.3498
59.3755
59.4012
59.4269
59.4526
59.4783
59.5039
59.5296
59.5553
59.5809
59.6066
59.6323
59.658
59.6836
59.7093
59.735
59.7607
59.7864
59.812
59.8377
59.8634
59.8891
59.9148
59.9405
59.9661
59.9918
60.0175
60.0432
60.0689
60.0946
60.1203
60.146
60.1717
60.1974
60.2231
60.2488
60.2745
60.3002
60.3259
60.3515
60.3772
60.4029
60.4286
60.4543
60.48
60.5057
60.5313
60.557
60.5827
60.6084
60.634
60.6597
60.6854
60.7111
60.7368
60.7625
60.7882
60.8139
60.8395
60.8652
60.8909
60.9166
60.9423
60.968
60.9936
61.0193
61.045
61.0707
61.0964
61.1221
61.1478
61.1734
61.1991
61.2248
61.2505
61.2762
61.3018
61.3275
61.3532
61.3789
61.4046
61.4303
61.456
61.4817
61.5073
61.533
61.5587
61.5844
61.6101
61.6358
61.6615
61.6872
61.7128
61.7385
61.7642
61.7898
61.8156
61.8413
61.867
61.8927
61.9184
61.9441
61.9698
61.9955
62.0211
62.0468
62.0725
62.0982
62.1239
62.1495
62.1752
62.2009
62.2266
62.2523
62.278
62.3037
62.3294
62.3551
62.3808
62.4065
62.4322
62.4578
62.4835
62.5092
62.5349
62.5606
62.5863
62.612
62.6377
62.6634
62.6891
62.7147
62.7405
62.7662
62.7919
62.8176
62.8433
62.869
62.8947
62.9204
62.9461
62.9718
62.9974
63.0231
63.0487
63.0744
63.1001
63.1258
63.1515
63.1772
63.2029
63.2285
63.2542
63.2799
63.3056
63.3313
63.3569
63.3826
63.4083
63.4341
63.4598
63.4855
63.5111
63.5368
63.5625
63.5882
63.6139
63.6396
63.6653
63.6909
63.7166
63.7423
63.768
63.7937
63.8194
63.8451
63.8708
63.8964
63.9221
63.9478
63.9734
63.9991
64.0248
64.0505
64.0762
64.1019
64.1276
64.1532
64.1789
64.2045
64.2302
64.2559
64.2815
64.3072
64.3328
64.3585
64.3842
64.4099
64.4356
64.4613
64.487
64.5126
64.5383
64.5641
64.5898
64.6155
64.6412
64.6669
64.6926
64.7183
64.7439
64.7697
64.7954
64.821
64.8467
64.8725
64.8982
64.9239
64.9496
64.9752
65.0009
65.0266
65.0522
65.0779
65.1036
65.1293
65.155
65.1807
65.2063
65.2319
65.2576
65.2832
65.3089
65.3345
65.3601
65.3857
65.4114
65.437
65.4626
65.4882
65.5138
65.5395
65.5651
65.5907
65.6163
65.6419
65.6676
65.6933
65.719
65.7447
65.7704
65.7961
65.8218
65.8475
65.8731
65.8988
65.9245
65.9501
65.9758
66.0015
66.0272
66.0529
66.0785
66.1042
66.1299
66.1555
66.1812
66.2069
66.2326
66.2583
66.284
66.3097
66.3354
66.3611
66.3868
66.4125
66.4382
66.4639
66.4895
66.5152
66.5409
66.5666
66.5922
66.6179
66.6437
66.6694
66.6951
66.7208
66.7465
66.7722
66.7979
66.8236
66.8492
66.8749
66.9005
66.9262
66.9518
66.9775
67.0031
67.0287
67.0543
67.08
67.1056
67.1313
67.1569
67.1826
67.2082
67.2339
67.2596
67.2853
67.311
67.3367
67.3624
67.388
67.4137
67.4395
67.4652
67.4909
67.5166
67.5423
67.568
67.5937
67.6193
67.645
67.6707
67.6964
67.7221
67.7478
67.7735
67.7992
67.8249
67.8505
67.8763
67.902
67.9276
67.9533
67.979
68.0047
68.0304
68.0561
68.0818
68.1075
68.1331
68.1588
68.1845
68.2102
68.2359
68.2616
68.2873
68.313
68.3387
68.3644
68.3901
68.4157
68.4414
68.4671
68.4928
68.5185
68.5442
68.5699
68.5956
68.6213
68.647
68.6727
68.6983
68.724
68.7497
68.7754
68.8011
68.8268
68.8525
68.8782
68.9038
68.9295
68.9552
68.9809
69.0066
69.0323
69.058
69.0837
69.1094
69.1351
69.1608
69.1865
69.2122
69.2378
69.2635
69.2892
69.3149
69.3406
69.3663
69.3919
69.4176
69.4433
69.469
69.4947
69.5204
69.5461
69.5719
69.5976
69.6233
69.649
69.6746
69.7003
69.726
69.7517
69.7774
69.8031
69.8287
69.8544
69.8801
69.9058
69.9315
69.9572
69.9829
70.0085
70.0342
70.0599
70.0856
70.1112
70.1369
70.1626
70.1883
70.214
70.2397
70.2653
70.291
70.3167
70.3423
70.3679
70.3936
70.4193
70.445
70.4706
70.4963
70.522
70.5478
70.5734
70.5991
70.6248
70.6505
70.6762
70.7019
70.7276
70.7533
70.779
70.8047
70.8304
70.8561
70.8818
70.9075
70.9332
70.9589
70.9846
71.0103
71.036
71.0617
71.0874
71.1131
71.1388
71.1644
71.1901
71.2158
71.2415
71.2673
71.2929
71.3186
71.3443
71.37
71.3957
71.4214
71.4471
71.4728
71.4984
71.5241
71.5498
71.5755
71.6012
71.6269
71.6526
71.6783
71.704
71.7296
71.7553
71.781
71.8067
71.8324
71.8581
71.8838
71.9095
71.9352
71.9608
71.9865
72.0122
72.0379
72.0636
72.0893
72.1149
72.1407
72.1663
72.192
72.2177
72.2434
72.2691
72.2948
72.3205
72.3462
72.3718
72.3975
72.4232
72.4489
72.4746
72.5003
72.526
72.5516
72.5773
72.603
72.6287
72.6544
72.6801
72.7058
72.7315
72.7571
72.7828
72.8085
72.8342
72.8598
72.8855
72.9112
72.9369
72.9626
72.9882
73.0139
73.0396
73.0653
73.091
73.1166
73.1423
73.168
73.1937
73.2194
73.2451
73.2708
73.2965
73.3221
73.3478
73.3735
73.3992
73.4248
73.4505
73.4763
73.502
73.5276
73.5533
73.579
73.6047
73.6303
73.656
73.6816
73.7073
73.733
73.7587
73.7844
73.8101
73.8358
73.8615
73.8872
73.9129
73.9385
73.9642
73.9899
74.0156
74.0412
74.0669
74.0925
74.1182
74.1439
74.1695
74.1952
74.2208
74.2465
74.2721
74.2977
74.3233
74.349
74.3746
74.4003
74.4259
74.4516
74.4772
74.5029
74.5286
74.5543
74.58
74.6056
74.6313
74.657
74.6826
74.7083
74.734
74.7597
74.7853
74.811
74.8367
74.8624
74.888
74.9137
74.9447
74.9704
74.9961
75.0217
75.0474
75.0731
75.0988
75.1245
75.1502
75.1758
75.2015
75.2272
75.2529
75.2786
75.3043
75.33
75.3557
75.3814
75.4071
75.4327
75.4584
75.4841
75.5098
75.5355
75.5611
75.5868
75.6125
75.6382
75.6639
75.6896
75.7153
75.741
75.7667
75.7924
75.8181
75.8438
75.8695
75.8952
75.9209
75.9466
75.9723
75.998
76.0237
76.0493
76.075
76.1007
76.1264
76.1521
76.1778
76.2035
76.2292
76.2549
76.2807
76.3064
76.332
76.3577
76.3835
76.4091
76.4348
76.4605
76.4862
76.5119
76.5376
76.5633
76.5889
76.6146
76.6403
76.666
76.6917
76.7174
76.743
76.7687
76.7943
76.82
76.8457
76.8713
76.897
76.9227
76.9485
76.9742
76.9999
77.0256
77.0513
77.077
77.1027
77.1284
77.1541
77.1798
77.2054
77.2311
77.2568
77.2825
77.3082
77.3339
77.3596
77.3853
77.411
77.4366
77.4623
77.488
77.5137
77.5394
77.5651
77.5908
77.6165
77.6422
77.6679
77.6935
77.7192
77.7449
77.7706
77.7963
77.822
77.8477
77.8733
77.899
77.9247
77.9504
77.976
78.0017
78.0273
78.053
78.0787
78.1045
78.1301
78.1558
78.1815
78.2072
78.2329
78.2586
78.2843
78.31
78.3357
78.3613
78.387
78.4127
78.4384
78.4641
78.4898
78.5155
78.5411
78.5668
78.5925
78.6182
78.6439
78.6696
78.6953
78.7209
78.7467
78.7723
78.798
78.8237
78.8494
78.8751
78.9008
78.9265
78.9521
78.9778
79.0035
79.0291
79.0548
79.0805
79.1062
79.1319
79.1576
79.1833
79.209
79.2347
79.2603
79.286
79.3117
79.3374
79.3631
79.3888
79.4145
79.4401
79.4658
79.4915
79.5172
79.5429
79.5686
79.5943
79.62
79.6457
79.6714
79.6971
79.7227
79.7484
79.7741
79.7998
79.8255
79.8511
79.8768
79.9025
79.9282
79.9539
79.9796
80.0053
80.031
80.0567
80.0824
80.1081
80.1338
80.1594
80.1851
80.2108
80.2365
80.2622
80.2879
80.3136
80.3392
80.3649
80.3905
80.4162
80.4419
80.4676
80.4933
80.519
80.5447
80.5704
80.5961
80.6218
80.6475
80.6732
80.6989
80.7246
80.7503
80.776
80.8016
80.8274
80.853
80.8787
80.9044
80.9301
80.9558
80.9815
81.0071
81.0328
81.0585
81.0841
81.1098
81.1355
81.1612
81.1868
81.2125
81.2382
81.2639
81.2896
81.3153
81.341
81.3667
81.3924
81.4181
81.4437
81.4694
81.4951
81.5208
81.5465
81.5721
81.5978
81.6235
81.6492
81.6749
81.7006
81.7263
81.752
81.7777
81.8033
81.829
81.8547
81.8804
81.9061
81.9317
81.9574
81.9831
82.0087
82.0344
82.0601
82.0857
82.1114
82.1371
82.1628
82.1884
82.2141
82.2399
82.2655
82.2912
82.3169
82.3426
82.3683
82.394
82.4196
82.4453
82.471
82.4967
82.5223
82.548
82.5737
82.5994
82.625
82.6507
82.6764
82.7021
82.7278
82.7534
82.7791
82.8048
82.8305
82.8561
82.8818
82.9075
82.9332
82.9589
82.9846
83.0103
83.036
83.0616
83.0873
83.113
83.1387
83.1644
83.19
83.2157
83.2414
83.267
83.2927
83.3183
83.344
83.3697
83.3953
83.421
83.4467
83.4724
83.4981
83.5237
83.5494
83.5751
83.6008
83.6265
83.6522
83.6779
83.7036
83.7293
83.755
83.7807
83.8064
83.832
83.8577
83.8834
83.9091
83.9348
83.9605
83.9862
84.0119
84.0376
84.0632
84.0889
84.1146
84.1403
84.1661
84.1917
84.2174
84.2431
84.2687
84.2944
84.32
84.3457
84.3713
84.3969
84.4226
84.4483
84.4739
84.4996
84.5252
84.5509
84.5766
84.6023
84.6279
84.6536
84.6792
84.7049
84.7306
84.7562
84.7819
84.8076
84.8332
84.859
84.8847
84.9104
84.9361
84.9618
84.9875
85.0132
85.0389
85.0646
85.0903
85.1159
85.1416
85.1673
85.193
85.2187
85.2444
85.2701
85.2958
85.3215
85.3472
85.3729
85.3986
85.4243
85.45
85.4756
85.5013
85.5271
85.5527
85.5784
85.6041
85.6298
85.6555
85.6812
85.7068
85.7325
85.7582
85.7839
85.8096
85.8447
85.8704
85.8961
85.9218
85.9475
85.9732
85.9988
86.0245
86.0502
86.0759
86.1016
86.1273
86.153
86.1787
86.2044
86.2301
86.2558
86.2815
86.3072
86.3329
86.3585
86.3842
86.4099
86.4356
86.4613
86.487
86.5127
86.5384
86.5641
86.5897
86.6154
86.6411
86.6668
86.6925
86.7182
86.7439
86.7696
86.7953
86.821
86.8467
86.8724
86.8981
86.9237
86.9494
86.9751
87.0008
87.0265
87.0522
87.0779
87.1036
87.1293
87.1549
87.1806
87.2063
87.232
87.2577
87.2834
87.3091
87.3348
87.3604
87.3861
87.4118
87.4375
87.4632
87.4889
87.5146
87.5403
87.5659
87.5916
87.6173
87.643
87.6687
87.6944
87.7201
87.7458
87.7715
87.7972
87.8229
87.8485
87.8742
87.8999
87.9256
87.9513
87.9769
88.0026
88.0283
88.054
88.0797
88.1054
88.1311
88.1568
88.1825
88.2082
88.2339
88.2596
88.2853
88.311
88.3367
88.3624
88.3881
88.4138
88.4395
88.4652
88.4909
88.5166
88.5423
88.568
88.5937
88.6194
88.6451
88.6708
88.6965
88.7222
88.7479
88.7736
88.7992
88.8249
88.8506
88.8763
88.902
88.9277
88.9534
88.979
89.0047
89.0304
89.056
89.0817
89.1074
89.133
89.1587
89.1844
89.2101
89.2358
89.2615
89.2872
89.3129
89.3386
89.3643
89.39
89.4157
89.4414
89.4671
89.4928
89.5185
89.5442
89.5699
89.5956
89.6212
89.6469
89.6727
89.6983
89.724
89.7497
89.7753
89.801
89.8267
89.8524
89.8781
89.9037
89.9294
89.955
89.9807
90.0064
90.032
90.0577
90.0834
90.1091
90.1348
90.1605
90.1862
90.2119
90.2623
90.288
90.3137
90.3394
90.3651
90.3908
90.4165
90.4423
90.4679
90.4936
90.5193
90.545
90.5707
90.5964
90.6221
90.6478
90.6735
90.6992
90.7248
90.7505
90.7762
90.8019
90.8276
90.8533
90.879
90.9047
90.9304
90.9561
90.9817
91.0075
91.0332
91.0589
91.0845
91.1102
91.1359
91.1616
91.1873
91.213
91.2387
91.2644
91.2901
91.3158
91.3414
91.3671
91.3928
91.4185
91.4442
91.4699
91.4955
91.5212
91.5469
91.5726
91.5983
91.624
91.6497
91.6754
91.7011
91.7268
91.7525
91.7782
91.8038
91.8295
91.8551
91.8808
91.9065
91.9321
91.9578
91.9835
92.0092
92.0349
92.0606
92.0863
92.1119
92.1376
92.1633
92.189
92.2147
92.2403
92.266
92.2917
92.3174
92.343
92.3687
92.3944
92.4201
92.4459
92.4715
92.4972
92.5229
92.5486
92.5743
92.6
92.6256
92.6513
92.677
92.7027
92.7284
92.7541
92.7798
92.8054
92.8311
92.8568
92.8825
92.9082
92.9338
92.9595
92.9852
93.0109
93.0365
93.0623
93.0879
93.1136
93.1393
93.165
93.1907
93.2164
93.2421
93.2678
93.2935
93.3192
93.3449
93.3706
93.3963
93.422
93.4477
93.4733
93.499
93.5247
93.5504
93.576
93.6017
93.6274
93.6531
93.6788
93.7044
93.7302
93.7558
93.7815
93.8072
93.8329
93.8586
93.8842
93.9099
93.9356
93.9613
93.9869
94.0126
94.0383
94.0639
94.0896
94.1153
94.1409
94.1666
94.1923
94.2179
94.2436
94.2695
94.2951
94.3208
94.3465
94.3722
94.3978
94.4235
94.4492
94.4749
94.5006
94.5263
94.5519
94.5777
94.6034
94.629
94.6547
94.6804
94.7061
94.7318
94.7575
94.7832
94.8089
94.8346
94.8603
94.886
94.9117
94.9374
94.9631
94.9887
95.0144
95.0401
95.0658
95.0915
95.1171
95.1428
95.1685
95.1942
95.2199
95.2456
95.2712
95.2969
95.3226
95.3487
95.382
95.4077
95.4334
95.4591
95.4847
95.5104
95.5361
95.5618
95.5875
95.6131
95.6388
95.6645
95.6903
95.716
95.7417
95.7674
95.7931
95.8187
95.8445
95.8702
95.8959
95.9215
95.9472
95.9729
95.9986
96.0243
96.05
96.0756
96.1013
96.127
96.1527
96.1784
96.204
96.2297
96.2554
96.2811
96.3068
96.3325
96.3582
96.3839
96.4096
96.4353
96.461
96.4867
96.5124
96.5381
96.5638
96.5895
96.6152
96.6409
96.6666
96.6923
96.718
96.7437
96.7694
96.7951
96.8208
96.8465
96.8722
96.898
96.9237
96.9494
96.9751
97.0008
97.0265
97.0522
97.0779
97.1036
97.1293
97.155
97.1807
97.2064
97.2321
97.2578
97.2835
97.3092
97.3349
97.3606
97.3863
97.412
97.4377
97.4634
97.4891
97.5148
97.5405
97.5661
97.5919
97.6176
97.6432
97.6689
97.6946
97.7203
97.746
97.7717
97.7974
97.8231
97.8488
97.8745
97.9002
97.9259
97.9516
97.9773
98.003
98.0287
98.0544
98.08
98.1057
98.1314
98.1571
98.1828
98.2085
98.2342
98.2598
98.2855
98.3112
98.3368
98.3625
98.3882
98.4139
98.4396
98.4652
98.4909
98.5166
98.5423
98.568
98.5936
98.6193
98.645
98.6707
98.6964
98.7221
98.7478
98.7735
98.7992
98.8249
98.8506
98.8763
98.902
98.9277
98.9534
98.979
99.0047
99.0304
99.0561
99.082
99.1076
99.1333
99.159
99.1847
99.2104
99.236
99.2617
99.2874
99.3131
99.3388
99.3644
99.3901
99.4158
99.4415
99.4673
99.493
99.5187
99.5444
99.5701
99.5958
99.6214
99.6471
99.6728
99.6985
99.7242
99.75
99.7757
99.8014
99.8271
99.8527
99.8784
99.9041
99.9298
99.9555
99.9812
100.007
100.033
100.058
100.084
100.11
100.135
100.161
100.187
100.212
100.238
100.264
100.29
100.315
100.341
100.367
100.392
100.418
100.444
100.469
100.495
100.521
100.546
100.572
100.598
100.623
100.649
100.675
100.701
100.726
100.752
100.778
100.803
100.829
100.855
100.88
100.906
100.932
100.957
100.983
101.009
101.034
101.06
101.086
101.112
101.137
101.163
101.189
101.214
101.24
101.266
101.291
101.317
101.343
101.368
101.394
101.42
101.446
101.471
101.497
101.523
101.548
101.574
101.6
101.626
101.651
101.677
101.703
101.728
101.754
101.78
101.805
101.831
101.857
101.882
101.908
101.934
101.959
101.985
102.011
102.037
102.062
102.088
102.114
102.139
102.165
102.191
102.216
102.242
102.268
102.294
102.319
102.345
102.371
102.396
102.422
102.448
102.473
102.499
102.525
102.551
102.576
102.602
102.628
102.653
102.679
102.705
102.73
102.756
102.782
102.807
102.833
102.859
102.884
102.91
102.936
102.961
102.987
103.013
103.038
103.064
103.09
103.115
103.141
103.167
103.193
103.218
103.244
103.27
103.295
103.321
103.347
103.372
103.398
103.424
103.449
103.475
103.501
103.526
103.552
103.578
103.604
103.629
103.655
103.681
103.706
103.732
103.758
103.783
103.809
103.835
103.86
103.886
103.912
103.937
103.963
103.989
104.015
104.04
104.066
104.092
104.117
104.143
104.169
104.194
104.22
104.246
104.271
104.297
104.323
104.348
104.374
104.4
104.425
104.451
104.477
104.502
104.528
104.554
104.579
104.605
104.631
104.656
104.682
104.708
104.734
104.759
104.785
104.811
104.836
104.862
104.888
104.913
104.939
104.965
104.99
105.016
105.042
105.067
105.093
105.119
105.145
105.17
105.196
105.222
105.247
105.273
105.299
105.324
105.35
105.376
105.401
105.427
105.453
105.479
105.504
105.53
105.556
105.581
105.607
105.633
105.658
105.684
105.71
105.735
105.761
105.787
105.813
105.838
105.864
105.89
105.915
105.941
105.967
105.992
106.018
106.044
106.069
106.095
106.121
106.147
106.172
106.198
106.224
106.249
106.275
106.301
106.326
106.352
106.378
106.403
106.429
106.455
106.481
106.506
106.532
106.558
106.583
106.609
106.635
106.66
106.686
106.712
106.737
106.763
106.789
106.814
106.84
106.866
106.891
106.917
106.943
106.968
106.994
107.019
107.045
107.071
107.096
107.122
107.148
107.173
107.199
107.225
107.25
107.276
107.302
107.327
107.353
107.378
107.404
107.43
107.455
107.481
107.507
107.532
107.558
107.584
107.609
107.635
107.661
107.686
107.712
107.738
107.763
107.789
107.815
107.84
107.866
107.892
107.918
107.943
107.969
107.995
108.02
108.046
108.072
108.097
108.123
108.149
108.174
108.2
108.226
108.251
108.277
108.303
108.328
108.354
108.38
108.406
108.431
108.457
108.483
108.508
108.534
108.56
108.585
108.611
108.637
108.662
108.688
108.714
108.739
108.765
108.791
108.817
108.842
108.868
108.894
108.919
108.945
108.971
108.996
109.022
109.048
109.073
109.099
109.125
109.15
109.176
109.202
109.227
109.253
109.279
109.304
109.33
109.356
109.382
109.407
109.433
109.459
109.484
109.51
109.536
109.561
109.587
109.613
109.638
109.664
109.69
109.716
109.741
109.767
109.793
109.818
109.844
109.87
109.895
109.921
109.947
109.972
109.998
110.024
110.05
110.075
110.101
110.127
110.152
110.178
110.204
110.229
110.255
110.281
110.306
110.332
110.358
110.383
110.409
110.435
110.461
110.486
110.512
110.538
110.563
110.589
110.615
110.64
110.666
110.692
110.717
110.743
110.769
110.794
110.82
110.846
110.872
110.897
110.923
110.949
110.974
111
111.026
111.051
111.077
111.103
111.128
111.154
111.18
111.205
111.231
111.257
111.282
111.308
111.334
111.36
111.385
111.411
111.437
111.462
111.488
111.514
111.539
111.565
111.591
111.616
111.642
111.668
111.694
111.719
111.745
111.771
111.796
111.822
111.848
111.873
111.899
111.925
111.95
111.976
112.002
112.027
112.053
112.079
112.105
112.13
112.156
112.182
112.207
112.233
112.259
112.285
112.31
112.336
112.362
112.387
112.413
112.439
112.464
112.49
112.516
112.541
112.567
112.593
112.619
112.644
112.67
112.696
112.721
112.747
112.773
112.798
112.824
112.85
112.876
112.901
112.927
112.953
112.978
113.004
113.03
113.055
113.081
113.107
113.132
113.158
113.184
113.209
113.235
113.261
113.287
113.312
113.338
113.364
113.389
113.415
113.441
113.466
113.492
113.518
113.544
113.569
113.595
113.621
113.646
113.672
113.698
113.723
113.749
113.775
113.8
113.826
113.852
113.877
113.903
113.929
113.954
113.98
114.006
114.032
114.057
114.083
114.109
114.134
114.16
114.186
114.211
114.237
114.263
114.288
114.314
114.34
114.365
114.391
114.417
114.442
114.468
114.494
114.519
114.545
114.571
114.596
114.622
114.648
114.674
114.699
114.725
114.751
114.776
114.802
114.828
114.853
114.879
114.905
114.931
114.956
114.982
115.008
115.033
115.059
115.085
115.11
115.136
115.162
115.188
115.213
115.239
115.265
115.29
115.316
115.342
115.367
115.393
115.419
115.445
115.47
115.496
115.522
115.547
115.573
115.599
115.624
115.65
115.676
115.701
115.727
115.753
115.778
115.804
115.83
115.856
115.881
115.907
115.933
115.958
115.984
116.01
116.035
116.061
116.087
116.112
116.138
116.164
116.19
116.215
116.241
116.267
116.292
116.318
116.344
116.37
116.395
116.421
116.447
116.472
116.498
116.524
116.549
116.575
116.601
116.627
116.652
116.678
116.704
116.729
116.755
116.781
116.806
116.832
116.858
116.884
116.909
116.935
116.961
116.986
117.012
117.038
117.063
117.089
117.115
117.14
117.166
117.192
117.218
117.243
117.269
117.295
117.32
117.346
117.372
117.397
117.423
117.449
117.474
117.5
117.526
117.552
117.577
117.603
117.629
117.654
117.68
117.706
117.731
117.757
117.783
117.808
117.834
117.86
117.886
117.911
117.937
117.963
117.988
118.014
118.04
118.065
118.091
118.117
118.143
118.168
118.194
118.22
118.245
118.271
118.297
118.322
118.348
118.374
118.4
118.425
118.451
118.477
118.502
118.528
118.554
118.579
118.605
118.631
118.657
118.682
118.708
118.734
118.759
118.785
118.811
118.836
118.862
118.888
118.913
118.939
118.965
118.991
119.016
119.042
119.068
119.093
119.119
119.145
119.17
119.196
119.222
119.248
119.273
119.299
119.325
119.35
119.376
119.402
119.427
119.453
119.479
119.505
119.53
119.556
119.582
119.607
119.633
119.659
119.684
119.71
119.736
119.762
119.787
119.813
119.838
119.864
119.89
119.916
119.941
119.967
119.993
120.018
120.044
120.07
120.095
120.121
120.147
120.173
120.198
120.224
120.25
120.275
120.301
120.327
120.352
120.378
120.404
120.43
120.455
120.481
120.507
120.533
120.558
120.584
120.61
120.635
120.661
120.687
120.712
120.738
120.764
120.789
120.815
120.841
120.867
120.892
120.918
120.944
120.969
120.995
121.021
121.046
121.072
121.098
121.124
121.149
121.175
121.201
121.226
121.252
121.278
121.303
121.329
121.355
121.381
121.406
121.432
121.458
121.483
121.509
121.535
121.56
121.586
121.612
121.637
121.663
121.689
121.714
121.74
121.766
121.792
121.817
121.843
121.869
121.894
121.92
121.946
121.971
121.997
122.023
122.048
122.074
122.1
122.125
122.151
122.177
122.202
122.228
122.254
122.28
122.305
122.331
122.357
122.382
122.408
122.434
122.459
122.485
122.511
122.536
122.562
122.588
122.613
122.639
122.665
122.69
122.716
122.742
122.767
122.793
122.819
122.844
122.87
122.896
122.921
122.947
122.973
122.999
123.024
123.05
123.076
123.101
123.127
123.153
123.178
123.204
123.23
123.255
123.281
123.307
123.332
123.358
123.384
123.41
123.435
123.461
123.487
123.512
123.538
123.564
123.589
123.615
123.641
123.666
123.692
123.718
123.743
123.769
123.795
123.821
123.846
123.872
123.898
123.923
123.949
123.975
124
124.026
124.052
124.077
124.103
124.129
124.154
124.18
124.206
124.231
124.257
124.282
124.308
124.334
124.359
124.385
124.411
124.436
124.462
124.488
124.513
124.539
124.565
124.59
124.616
124.642
124.667
124.693
124.719
124.744
124.77
124.796
124.821
124.847
124.873
124.899
124.924
124.95
124.976
125.001
125.027
125.053
125.078
125.104
125.13
125.155
125.181
125.207
125.232
125.258
125.284
125.309
125.335
125.361
125.386
125.412
125.438
125.463
125.489
125.515
125.54
125.566
125.592
125.618
125.643
125.669
125.695
125.72
125.746
125.772
125.797
125.823
125.849
125.874
125.9
125.926
125.951
125.977
126.003
126.028
126.054
126.08
126.105
126.131
126.157
126.182
126.208
126.234
126.259
126.285
126.311
126.336
126.362
126.388
126.413
126.439
126.465
126.49
126.516
126.542
126.567
126.593
126.619
126.644
126.67
126.696
126.721
126.747
126.773
126.798
126.824
126.85
126.875
126.901
126.927
126.953
126.978
127.004
127.03
127.055
127.081
127.107
127.132
127.158
127.184
127.209
127.235
127.261
127.287
127.312
127.338
127.364
127.389
127.415
127.441
127.466
127.492
127.518
127.543
127.569
127.595
127.62
127.646
127.672
127.697
127.723
127.749
127.774
127.8
127.826
127.851
127.877
127.903
127.928
127.954
127.98
128.005
128.031
128.057
128.083
128.108
128.134
128.16
128.185
128.211
128.237
128.262
128.288
128.314
128.339
128.365
128.391
128.416
128.442
128.468
128.493
128.519
128.545
128.57
128.596
128.622
128.647
128.673
128.699
128.724
128.75
128.776
128.802
128.827
128.853
128.879
128.904
128.93
128.956
128.981
129.007
129.033
129.058
129.084
129.11
129.135
129.161
129.187
129.212
129.238
129.264
129.29
129.315
129.341
129.367
129.392
129.418
129.444
129.469
129.495
129.521
129.546
129.572
129.598
129.624
129.649
129.675
129.701
129.726
129.752
129.778
129.803
129.829
129.855
129.88
129.906
129.932
129.958
129.983
130.009
130.035
130.06
130.086
130.112
130.137
130.163
130.189
130.214
130.24
130.266
130.291
130.317
130.343
130.368
130.394
130.42
130.446
130.471
130.497
130.523
130.548
130.574
130.6
130.625
130.651
130.677
130.702
130.728
130.754
130.779
130.805
130.831
130.856
130.882
130.908
130.934
130.959
130.985
131.011
131.036
131.062
131.088
131.113
131.139
131.165
131.191
131.216
131.242
131.268
131.293
131.319
131.345
131.37
131.396
131.422
131.447
131.473
131.499
131.525
131.55
131.576
131.602
131.627
131.653
131.679
131.704
131.73
131.756
131.782
131.807
131.833
131.859
131.884
131.91
131.936
131.961
131.987
132.013
132.039
132.064
132.09
132.116
132.141
132.167
132.193
132.218
132.244
132.27
132.296
132.321
132.347
132.373
132.398
132.424
132.45
132.476
132.501
132.527
132.553
132.578
132.604
132.63
132.655
132.681
132.707
132.732
132.758
132.784
132.809
132.835
132.861
132.886
132.912
132.938
132.964
132.989
133.015
133.041
133.066
133.092
133.118
133.143
133.169
133.195
133.22
133.246
133.272
133.298
133.323
133.349
133.375
133.4
133.426
133.452
133.478
133.503
133.529
133.555
133.58
133.606
133.632
133.658
133.683
133.709
133.735
133.76
133.786
133.812
133.837
133.863
133.889
133.915
133.94
133.966
133.992
134.017
134.043
134.069
134.094
134.12
134.146
134.171
134.197
134.223
134.249
134.274
134.3
134.326
134.351
134.377
134.403
134.428
134.454
134.48
134.505
134.531
134.557
134.582
134.608
134.634
134.659
134.685
134.711
134.736
134.762
134.788
134.813
134.839
134.865
134.89
134.916
134.942
134.968
134.993
135.019
135.045
135.07
135.096
135.122
135.147
135.173
135.199
135.224
135.25
135.276
135.301
135.327
135.353
135.379
135.404
135.43
135.456
135.481
135.507
135.533
135.558
135.584
135.61
135.635
135.661
135.687
135.713
135.738
135.764
135.79
135.815
135.841
135.867
135.892
135.918
135.944
135.969
135.995
136.021
136.046
136.072
136.098
136.123
136.149
136.175
136.2
136.226
136.252
136.277
136.303
136.329
136.355
136.38
136.406
136.432
136.457
136.483
136.509
136.534
136.56
136.586
136.611
136.642
136.668
136.693
136.719
136.745
136.77
136.796
136.822
136.847
136.873
136.899
136.924
136.95
136.976
137.013
137.038
137.064
137.09
137.115
137.141
137.167
137.192
137.218
137.244
137.269
137.295
137.321
137.347
137.372
137.398
137.424
137.449
137.475
137.501
137.527
137.552
137.578
137.604
137.629
137.655
137.681
137.706
137.732
137.758
137.783
137.809
137.835
137.861
137.886
137.912
137.938
137.963
137.989
138.015
138.04
138.066
138.092
138.117
138.143
138.169
138.194
138.22
138.246
138.271
138.297
138.323
138.349
138.374
138.4
138.426
138.451
138.477
138.503
138.528
138.554
138.58
138.606
138.631
138.657
138.683
138.708
138.734
138.76
138.785
138.811
138.837
138.862
138.888
138.914
138.939
138.965
138.991
139.018
139.043
139.069
139.095
139.12
139.146
139.172
139.197
139.223
139.249
139.274
139.3
139.326
139.352
139.377
139.403
139.429
139.454
139.48
139.506
139.531
139.557
139.583
139.608
139.634
139.66
139.685
139.711
139.737
139.763
139.788
139.814
139.84
139.865
139.891
139.917
139.942
139.968
139.994
140.019
140.045
140.071
140.096
140.122
140.148
140.173
140.199
140.225
140.251
140.276
140.302
140.328
140.353
140.379
140.405
140.43
140.456
140.482
140.507
140.533
140.559
140.585
140.61
140.636
140.662
140.687
140.713
140.739
140.764
140.79
140.816
140.841
140.867
140.893
140.919
140.944
140.97
140.996
141.021
141.047
141.073
141.098
141.124
141.15
141.176
141.201
141.227
141.253
141.278
141.304
141.33
141.355
141.381
141.407
141.432
141.458
141.484
141.509
141.535
141.561
141.586
141.612
141.638
141.663
141.689
141.715
141.741
141.766
141.792
141.818
141.844
141.869
141.895
141.921
141.946
141.972
141.998
142.023
142.049
142.075
142.1
142.126
142.152
142.177
142.203
142.229
142.255
142.28
142.306
142.332
142.357
142.383
142.409
142.434
142.46
142.486
142.511
142.537
142.563
142.588
142.614
142.64
142.666
142.691
142.717
142.743
142.768
142.794
142.82
142.845
142.871
142.897
142.922
142.948
142.974
142.999
143.025
143.051
143.077
143.102
143.128
143.154
143.179
143.205
143.231
143.256
143.282
143.308
143.333
143.359
143.385
143.41
143.436
143.462
143.487
143.513
143.539
143.564
143.59
143.616
143.642
143.667
143.693
143.719
143.744
143.77
143.796
143.821
143.847
143.873
143.899
143.924
143.95
143.976
144.001
144.027
144.053
144.078
144.104
144.13
144.155
144.181
144.207
144.232
144.258
144.284
144.309
144.335
144.361
144.386
144.412
144.438
144.463
144.489
144.515
144.541
144.566
144.592
144.618
144.643
144.669
144.695
144.72
144.746
144.772
144.797
144.823
144.849
144.874
144.9
144.926
144.951
144.977
145.003
145.028
145.054
145.08
145.105
145.131
145.157
145.183
145.208
145.234
145.26
145.285
145.311
145.337
145.362
145.388
145.414
145.439
145.465
145.491
145.517
145.542
145.568
145.594
145.619
145.645
145.671
145.696
145.722
145.748
145.773
145.799
145.825
145.85
145.876
145.902
145.927
145.953
145.979
146.004
146.03
146.056
146.081
146.107
146.133
146.159
146.184
146.21
146.236
146.261
146.287
146.313
146.338
146.364
146.39
146.415
146.441
146.467
146.492
146.518
146.544
146.57
146.595
146.621
146.647
146.672
146.698
146.724
146.749
146.775
146.801
146.826
146.852
146.878
146.904
146.929
146.955
146.981
147.006
147.032
147.058
147.083
147.109
147.135
147.16
147.186
147.212
147.237
147.263
147.289
147.314
147.34
147.366
147.392
147.417
147.443
147.469
147.494
147.52
147.546
147.571
147.597
147.623
147.648
147.674
147.7
147.725
147.751
147.777
147.802
147.828
147.854
147.879
147.905
147.931
147.957
147.982
148.008
148.034
148.059
148.085
148.11
148.136
148.162
148.188
148.213
148.239
148.265
148.29
148.316
148.342
148.367
148.393
148.419
148.444
148.47
148.496
148.521
148.547
148.573
148.598
148.624
148.65
148.675
148.701
148.727
148.753
148.778
148.804
148.83
148.855
148.881
148.907
148.932
148.958
148.984
149.009
149.035
149.061
149.087
149.112
149.138
149.164
149.189
149.215
149.241
149.267
149.292
149.318
149.344
149.369
149.395
149.421
149.446
149.472
149.498
149.523
149.549
149.575
149.601
149.626
149.652
149.678
149.703
149.729
149.755
149.781
149.806
149.832
149.858
149.883
149.909
149.935
149.96
149.986
150.012
150.037
150.063
150.089
150.114
150.14
150.166
150.191
150.217
150.243
150.268
150.294
150.32
150.346
150.371
150.397
150.423
150.448
150.474
150.5
150.525
150.551
150.577
150.603
150.628
150.654
150.68
150.705
150.731
150.757
150.782
150.808
150.834
150.86
150.885
150.911
150.937
150.962
150.988
151.014
151.04
151.065
151.091
151.117
151.142
151.168
151.194
151.219
151.245
151.271
151.296
151.322
151.348
151.374
151.399
151.425
151.451
151.476
151.502
151.528
151.553
151.579
151.605
151.631
151.656
151.682
151.708
151.733
151.759
151.785
151.81
151.836
151.862
151.888
151.913
151.939
151.965
151.99
152.016
152.042
152.067
152.093
152.119
152.144
152.17
152.196
152.221
152.247
152.273
152.299
152.324
152.35
152.376
152.401
152.427
152.453
152.478
152.504
152.53
152.555
152.581
152.607
152.633
152.658
152.684
152.71
152.735
152.761
152.787
152.813
152.838
152.864
152.89
152.915
152.941
152.967
152.992
153.018
153.044
153.069
153.095
153.121
153.146
153.172
153.198
153.223
153.249
153.275
153.3
153.326
153.352
153.378
153.403
153.429
153.455
153.48
153.506
153.532
153.557
153.583
153.609
153.634
153.66
153.686
153.712
153.737
153.763
153.789
153.814
153.84
153.866
153.891
153.917
153.943
153.968
153.994
154.02
154.046
154.071
154.097
154.123
154.148
154.174
154.2
154.225
154.251
154.277
154.302
154.328
154.354
154.379
154.405
154.431
154.456
154.482
154.508
154.533
154.559
154.585
154.61
154.636
154.662
154.687
154.713
154.739
154.765
154.79
154.816
154.842
154.867
154.893
154.919
154.944
154.97
154.996
155.022
155.047
155.073
155.099
155.124
155.15
155.176
155.201
155.227
155.253
155.278
155.304
155.33
155.355
155.381
155.407
155.432
155.458
155.484
155.51
155.535
155.561
155.587
155.612
155.638
155.664
155.689
155.715
155.741
155.766
155.792
155.818
155.843
155.869
155.895
155.92
155.946
155.972
155.998
156.023
156.049
156.074
156.1
156.126
156.152
156.177
156.203
156.229
156.254
156.28
156.306
156.331
156.357
156.383
156.408
156.434
156.46
156.485
156.511
156.537
156.562
156.588
156.614
156.639
156.665
156.691
156.716
156.742
156.768
156.793
156.819
156.845
156.87
156.896
156.922
156.948
156.973
156.999
157.025
157.05
157.076
157.102
157.127
157.153
157.179
157.204
157.23
157.256
157.281
157.307
157.333
157.358
157.384
157.41
157.435
157.461
157.487
157.513
157.538
157.564
157.59
157.615
157.641
157.667
157.692
157.718
157.744
157.769
157.795
157.821
157.847
157.872
157.898
157.924
157.949
157.975
158.001
158.026
158.052
158.078
158.104
158.129
158.155
158.181
158.206
158.232
158.258
158.284
158.309
158.335
158.361
158.386
158.412
158.438
158.463
158.489
158.515
158.54
158.566
158.592
158.617
158.643
158.669
158.695
158.72
158.746
158.772
158.797
158.823
158.849
158.875
158.9
158.926
158.952
158.977
159.003
159.029
159.054
159.08
159.106
159.131
159.157
159.19
159.216
159.241
159.267
159.293
159.319
159.344
159.37
159.396
159.421
159.447
159.473
159.498
159.524
159.55
159.575
159.601
159.627
159.652
159.678
159.704
159.73
159.755
159.781
159.807
159.832
159.858
159.884
159.91
159.935
159.961
159.987
160.012
160.038
160.064
160.09
160.115
160.141
160.167
160.192
160.218
160.244
160.269
160.295
160.321
160.347
160.372
160.398
160.424
160.449
160.475
160.501
160.526
160.552
160.578
160.603
160.629
160.655
160.68
160.706
160.732
160.757
160.783
160.809
160.835
160.86
160.886
160.912
160.937
160.963
160.989
161.014
161.04
161.066
161.092
161.117
161.143
161.169
161.194
161.22
161.246
161.271
161.297
161.323
161.348
161.374
161.4
161.425
161.451
161.477
161.503
161.528
161.554
161.58
161.605
161.631
161.657
161.682
161.708
161.734
161.759
161.785
161.811
161.836
161.862
161.888
161.914
161.939
161.965
161.991
162.016
162.042
162.068
162.093
162.119
162.145
162.17
162.196
162.222
162.247
162.273
162.299
162.325
162.35
162.376
162.402
162.427
162.453
162.479
162.504
162.53
162.556
162.582
162.607
162.633
162.659
162.684
162.71
162.736
162.761
162.787
162.813
162.838
162.864
162.89
162.915
162.941
162.967
162.993
163.018
163.044
163.07
163.095
163.121
163.147
163.172
163.198
163.224
163.249
163.275
163.301
163.327
163.352
163.378
163.404
163.429
163.455
163.481
163.506
163.532
163.558
163.584
163.609
163.635
163.661
163.686
163.712
163.738
163.763
163.789
163.815
163.841
163.866
163.892
163.918
163.943
163.969
163.995
164.02
164.046
164.072
164.097
164.123
164.149
164.174
164.2
164.226
164.252
164.277
164.303
164.328
164.354
164.38
164.405
164.431
164.457
164.483
164.508
164.534
164.56
164.585
164.611
164.637
164.662
164.688
164.714
164.739
164.765
164.791
164.817
164.842
164.868
164.894
164.919
164.945
164.971
164.996
165.022
165.048
165.073
165.099
165.125
165.15
165.176
165.202
165.228
165.253
165.279
165.305
165.33
165.356
165.382
165.408
165.433
165.459
165.485
165.51
165.536
165.562
165.587
165.613
165.639
165.664
165.69
165.716
165.741
165.767
165.793
165.818
165.844
165.87
165.896
165.921
165.947
165.973
165.998
166.024
166.05
166.075
166.101
166.127
166.152
166.178
166.204
166.229
166.255
166.281
166.306
166.332
166.358
166.383
166.409
166.435
166.46
166.486
166.512
166.537
166.563
166.589
166.614
166.64
166.666
166.691
166.725
166.751
166.776
166.802
166.828
166.853
166.879
166.905
166.93
166.956
166.982
167.007
167.033
167.059
167.084
167.11
167.136
167.162
167.187
167.213
167.239
167.264
167.29
167.316
167.341
167.367
167.393
167.418
167.444
167.47
167.495
167.521
167.547
167.572
167.598
167.624
167.649
167.675
167.701
167.727
167.752
167.778
167.804
167.829
167.855
167.881
167.906
167.932
167.969
167.995
168.02
168.046
168.072
168.097
168.123
168.149
168.174
168.2
168.226
168.251
168.277
168.303
168.328
168.354
168.38
168.405
168.431
168.457
168.482
168.508
168.534
168.559
168.585
168.611
168.636
168.662
168.688
168.713
168.739
168.765
168.79
168.816
168.842
168.867
168.893
168.919
168.944
168.97
168.996
169.022
169.047
169.073
169.099
169.124
169.15
169.176
169.201
169.227
169.253
169.278
169.304
169.329
169.355
169.381
169.406
169.432
169.458
169.484
169.509
169.535
169.561
169.586
169.612
169.638
169.663
169.689
169.714
169.74
169.766
169.792
169.817
169.843
169.869
169.894
169.92
169.946
169.971
169.997
170.023
170.048
170.074
170.1
170.125
170.151
170.177
170.202
170.228
170.254
170.279
170.305
170.331
170.356
170.382
170.408
170.433
170.459
170.485
170.51
170.536
170.562
170.587
170.613
170.639
170.664
170.69
170.716
170.741
170.767
170.793
170.819
170.844
170.87
170.896
170.921
170.947
170.973
170.998
171.024
171.05
171.075
171.101
171.127
171.152
171.178
171.204
171.229
171.255
171.281
171.306
171.332
171.358
171.383
171.409
171.435
171.46
171.486
171.512
171.537
171.563
171.589
171.614
171.64
171.666
171.691
171.717
171.743
171.768
171.794
171.82
171.845
171.871
171.897
171.922
171.948
171.974
171.999
172.025
172.051
172.076
172.102
172.128
172.153
172.179
172.205
172.23
172.256
172.282
172.307
172.333
172.359
172.385
172.41
172.436
172.462
172.487
172.513
172.539
172.564
172.59
172.616
172.641
172.667
172.693
172.718
172.744
172.77
172.795
172.821
172.847
172.872
172.898
172.924
172.949
172.975
173.001
173.026
173.052
173.078
173.104
173.129
173.155
173.181
173.206
173.232
173.258
173.283
173.309
173.335
173.36
173.386
173.412
173.437
173.463
173.489
173.514
173.54
173.566
173.591
173.617
173.643
173.668
173.694
173.72
173.745
173.771
173.797
173.822
173.848
173.874
173.899
173.925
173.951
173.976
174.002
174.028
174.054
174.079
174.105
174.131
174.156
174.182
174.208
174.233
174.259
174.284
174.31
174.336
174.362
174.387
174.413
174.439
174.464
174.49
174.516
174.541
174.567
174.593
174.618
174.644
174.67
174.695
174.721
174.747
174.772
174.798
174.824
174.85
174.875
174.901
174.927
174.952
174.978
175.004
175.029
175.055
175.081
175.107
175.132
175.158
175.184
175.209
175.235
175.261
175.286
175.312
175.338
175.363
175.389
175.415
175.44
175.466
175.492
175.517
175.543
175.569
175.595
175.62
175.646
175.671
175.697
175.723
175.748
175.774
175.8
175.825
175.851
175.877
175.903
175.928
175.954
175.98
176.005
176.031
176.057
176.082
176.108
176.134
176.159
176.185
176.211
176.236
176.262
176.288
176.313
176.339
176.365
176.39
176.416
176.442
176.467
176.493
176.519
176.544
176.57
176.596
176.621
176.647
176.673
176.699
176.724
176.75
176.776
176.801
176.827
176.853
176.878
176.904
176.93
176.955
176.981
177.007
177.032
177.058
177.084
177.109
177.135
177.161
177.186
177.212
177.238
177.263
177.289
177.315
177.34
177.366
177.392
177.417
177.443
177.469
177.494
177.52
177.546
177.571
177.597
177.623
177.648
177.674
177.7
177.725
177.751
177.777
177.802
177.828
177.854
177.879
177.905
177.931
177.956
177.982
178.008
178.033
178.059
178.085
178.11
178.136
178.162
178.187
178.213
178.239
178.264
178.29
178.316
178.341
178.367
178.393
178.418
178.444
178.47
178.495
178.521
178.547
178.572
178.598
178.624
178.649
178.675
178.701
178.726
178.752
178.778
178.803
178.829
178.855
178.88
178.906
178.932
178.957
178.983
179.009
179.034
179.06
179.086
179.111
179.137
179.163
179.188
179.214
179.24
179.265
179.291
179.317
179.342
179.368
179.394
179.419
179.445
179.471
179.496
179.522
179.548
179.573
179.599
179.625
179.65
179.676
179.701
179.727
179.753
179.778
179.804
179.83
179.855
179.881
179.907
179.932
179.958
179.984
180.009
180.035
180.061
180.086
180.112
180.138
180.163
180.189
180.215
180.24
180.266
180.292
180.317
180.343
180.369
180.394
180.42
180.446
180.471
180.497
180.523
180.548
180.574
180.6
180.625
180.651
180.677
180.702
180.728
180.754
180.779
180.805
180.831
180.856
180.882
180.908
180.933
180.959
180.985
181.01
181.036
181.062
181.087
181.113
181.139
181.164
181.19
181.216
181.241
181.267
181.293
181.318
181.344
181.37
181.395
181.421
181.447
181.472
181.498
181.524
181.549
181.575
181.601
181.626
181.652
181.678
181.703
181.729
181.755
181.78
181.806
181.832
181.857
181.883
181.909
181.934
181.96
181.985
182.011
182.037
182.062
182.088
182.114
182.139
182.165
182.191
182.216
182.242
182.268
182.293
182.319
182.345
182.37
182.396
182.422
182.447
182.473
182.499
182.524
182.55
182.576
182.601
182.627
182.653
182.678
182.704
182.73
182.755
182.781
182.806
182.832
182.858
182.884
182.909
182.935
182.96
182.986
183.012
183.037
183.063
183.089
183.114
183.14
183.166
183.191
183.217
183.243
183.268
183.294
183.32
183.345
183.371
183.397
183.422
183.448
183.474
183.499
183.525
183.551
183.576
183.602
183.628
183.653
183.679
183.704
183.73
183.756
183.781
183.807
183.833
183.858
183.884
183.91
183.936
183.961
183.987
184.012
184.038
184.064
184.089
184.115
184.141
184.166
184.192
184.218
184.243
184.269
184.295
184.32
184.346
184.371
184.397
184.423
184.448
184.474
184.5
184.525
184.551
184.577
184.602
184.628
184.654
184.679
184.705
184.731
184.756
184.782
184.808
184.833
184.859
184.885
184.91
184.936
184.962
184.987
185.013
185.039
185.064
185.09
185.116
185.141
185.167
185.193
185.218
185.244
185.27
185.295
185.321
185.346
185.372
185.398
185.423
185.449
185.475
185.5
185.526
185.552
185.577
185.603
185.629
185.654
185.68
185.706
185.731
185.757
185.782
185.808
185.834
185.859
185.885
185.911
185.936
185.962
185.988
186.013
186.039
186.065
186.09
186.116
186.142
186.167
186.193
186.218
186.244
186.27
186.295
186.321
186.347
186.372
186.398
186.424
186.449
186.475
186.501
186.526
186.552
186.577
186.603
186.629
186.654
186.68
186.706
186.731
186.757
186.783
186.808
186.834
186.86
186.885
186.911
186.936
186.962
186.988
187.013
187.039
187.065
187.09
187.116
187.142
187.167
187.193
187.219
187.244
187.27
187.296
187.321
187.347
187.372
187.398
187.424
187.449
187.475
187.501
187.526
187.552
187.578
187.603
187.629
187.654
187.68
187.706
187.731
187.757
187.783
187.808
187.834
187.859
187.885
187.911
187.936
187.962
187.988
188.013
188.039
188.064
188.09
188.116
188.141
188.167
188.193
188.218
188.244
188.27
188.295
188.321
188.346
188.372
188.398
188.423
188.449
188.475
188.5
188.526
188.552
188.577
188.603
188.628
188.654
188.68
188.705
188.731
188.756
188.782
188.808
188.833
188.859
188.885
188.91
188.936
188.961
188.987
189.013
189.038
189.064
189.09
189.115
189.141
189.166
189.192
189.218
189.243
189.269
189.295
189.32
189.346
189.372
189.397
189.423
189.448
189.474
189.5
189.525
189.551
189.577
189.602
189.628
189.653
189.679
189.705
189.73
189.756
189.782
189.807
189.833
189.858
189.884
189.91
189.935
189.961
189.987
190.012
190.038
190.063
190.089
190.115
190.14
190.166
190.192
190.217
190.243
190.268
190.294
190.32
190.345
190.371
190.397
190.422
190.448
190.473
190.499
190.525
190.55
190.576
190.602
190.627
190.653
190.678
190.704
190.73
190.755
190.781
190.806
190.832
190.858
190.883
190.909
190.934
190.96
190.986
191.011
191.037
191.062
191.088
191.114
191.139
191.165
191.191
191.216
191.242
191.268
191.293
191.319
191.344
191.37
191.396
191.421
191.447
191.472
191.498
191.524
191.549
191.575
191.6
191.626
191.652
191.677
191.703
191.728
191.754
191.78
191.805
191.831
191.857
191.882
191.908
191.933
191.959
191.985
192.01
192.036
192.061
192.087
192.113
192.138
192.164
192.189
192.215
192.241
192.266
192.292
192.318
192.343
192.369
192.394
192.42
192.446
192.471
192.497
192.523
192.548
192.574
192.599
192.625
192.651
192.676
192.702
192.727
192.753
192.779
192.804
192.83
192.855
192.881
192.907
192.932
192.958
192.983
193.009
193.035
193.06
193.086
193.111
193.137
193.163
193.188
193.214
193.239
193.265
193.291
193.316
193.342
193.368
193.393
193.419
193.444
193.47
193.495
193.521
193.547
193.572
193.598
193.623
193.649
193.675
193.7
193.726
193.751
193.777
193.802
193.828
193.854
193.879
193.905
193.93
193.956
193.982
194.007
194.033
194.058
194.084
194.109
194.135
194.161
194.186
194.212
194.237
194.263
194.288
194.314
194.34
194.365
194.391
194.416
194.442
194.467
194.493
194.518
194.544
194.57
194.595
194.621
194.646
194.672
194.698
194.723
194.749
194.774
194.8
194.826
194.851
194.877
194.902
194.928
194.954
194.979
195.005
195.03
195.056
195.082
195.107
195.133
195.158
195.184
195.21
195.235
195.261
195.286
195.312
195.338
195.363
195.389
195.415
195.44
195.466
195.491
195.517
195.542
195.568
195.594
195.619
195.645
195.67
195.696
195.721
195.747
195.773
195.798
195.824
195.849
195.875
195.9
195.926
195.951
195.977
196.003
196.028
196.054
196.079
196.105
196.13
196.156
196.181
196.207
196.233
196.258
196.284
196.309
196.335
196.36
196.386
196.412
196.437
196.463
196.488
196.514
196.539
196.565
196.59
196.616
196.642
196.667
196.693
196.718
196.744
196.769
196.795
196.82
196.846
196.872
196.897
196.923
196.948
196.974
196.999
197.025
197.051
197.076
197.102
197.127
197.153
197.178
197.204
197.229
197.255
197.281
197.306
197.332
197.357
197.383
197.408
197.434
197.46
197.485
197.511
197.536
197.562
197.587
197.613
197.638
197.664
197.69
197.715
197.741
197.766
197.792
197.817
197.843
197.868
197.894
197.919
197.945
197.971
197.996
198.022
198.047
198.073
198.098
198.124
198.149
198.175
198.2
198.226
198.251
198.277
198.303
198.328
198.354
198.379
198.405
198.43
198.456
198.481
198.507
198.532
198.558
198.583
198.609
198.634
198.66
198.685
198.711
198.737
198.762
198.788
198.813
198.839
198.864
198.89
198.915
198.941
198.967
198.992
199.018
199.043
199.069
199.094
199.12
199.145
199.171
199.196
199.222
199.247
199.273
199.299
199.324
199.35
199.375
199.401
199.426
199.452
199.477
199.503
199.528
199.554
199.579
199.605
199.63
199.656
199.681
199.707
199.733
199.758
199.784
199.809
199.835
199.86
199.886
199.911
199.937
199.963
199.988
200.014
200.039
200.065
200.09
200.116
200.141
200.167
200.192
200.218
200.243
200.269
200.294
200.32
200.346
200.371
200.397
200.422
200.448
200.473
200.499
200.524
200.55
200.575
200.601
200.627
200.652
200.678
200.703
200.729
200.754
200.78
200.805
200.831
200.856
200.882
200.907
200.933
200.959
200.984
201.01
201.035
201.061
201.086
201.112
201.137
201.163
201.188
201.214
201.239
201.265
201.291
201.316
201.342
201.367
201.393
201.418
201.444
201.469
201.495
201.52
201.546
201.571
201.597
201.622
201.648
201.673
201.699
201.724
201.75
201.775
201.801
201.826
201.852
201.877
201.903
201.928
201.954
201.979
202.005
202.03
202.056
202.081
202.107
202.132
202.158
202.183
202.209
202.234
202.26
202.285
202.311
202.336
202.362
202.387
202.413
202.438
202.464
202.489
202.515
202.54
202.566
202.591
202.617
202.642
202.668
202.693
202.719
202.744
202.77
202.795
202.821
202.849
202.875
202.9
202.926
202.951
202.977
203.002
203.028
203.053
203.079
203.104
203.13
203.155
203.181
203.206
203.232
203.257
203.283
203.308
203.334
203.359
203.385
203.41
203.436
203.461
203.487
203.512
203.538
203.563
203.589
203.614
203.64
203.665
203.691
203.716
203.742
203.767
203.793
203.818
203.844
203.869
203.895
203.92
203.946
203.971
203.997
204.022
204.047
204.073
204.098
204.124
204.149
204.175
204.2
204.226
204.251
204.277
204.302
204.327
204.353
204.378
204.404
204.429
204.455
204.48
204.506
204.531
204.556
204.582
204.607
204.633
204.658
204.684
204.709
204.734
204.76
204.785
204.811
204.836
204.861
204.887
204.912
204.938
204.963
204.988
205.014
205.039
205.065
205.09
205.115
205.141
205.166
205.192
205.217
205.242
205.268
205.293
205.319
205.344
205.369
205.395
205.42
205.445
205.471
205.496
205.521
205.547
205.572
205.597
205.623
205.648
205.674
205.699
205.724
205.75
205.775
205.8
205.826
205.851
205.876
205.902
205.927
205.952
205.978
206.003
206.028
206.054
206.079
206.104
206.129
206.155
206.18
206.205
206.231
206.256
206.281
206.306
206.332
206.358
206.383
206.409
206.434
206.46
206.485
206.511
206.536
206.561
206.587
206.613
206.638
206.664
206.689
206.714
206.74
206.765
206.79
206.815
206.841
206.866
206.891
206.916
206.942
206.967
206.992
207.018
207.043
207.068
207.093
207.119
207.144
207.169
207.195
207.22
207.245
207.27
207.296
207.321
207.346
207.371
207.397
207.422
207.447
207.473
207.498
207.524
207.549
207.575
207.6
207.626
207.651
207.677
207.702
207.728
207.753
207.779
207.805
207.83
207.856
207.881
207.907
207.932
207.958
207.983
208.009
208.034
208.06
208.086
208.111
208.137
208.162
208.188
208.213
208.239
208.264
208.29
208.318
208.343
208.368
208.394
208.419
208.445
208.471
208.496
208.522
208.547
208.573
208.598
208.624
208.649
208.675
208.7
208.726
208.751
208.777
208.803
208.828
208.854
208.879
208.905
208.93
208.956
208.981
209.007
209.032
209.058
209.083
209.109
209.135
209.16
209.186
209.211
209.237
209.262
209.288
209.313
209.339
209.364
209.39
209.415
209.441
209.467
209.492
209.518
209.543
209.569
209.594
209.62
209.645
209.671
209.696
209.722
209.747
209.773
209.799
209.824
209.85
209.875
209.901
209.926
209.952
209.977
210.003
