58.5228
143.797
261.297
260.263
262.621
269.589
276.177
285.159
284.332
283.629
283.075
283.062
283.037
283.003
282.968
282.924
282.871
282.81
282.738
282.659
282.57
282.478
282.375
282.269
282.155
282.032
281.901
281.764
281.615
281.467
281.304
281.169
281.028
280.863
280.699
280.533
280.356
280.169
279.988
279.802
279.629
279.461
279.281
279.097
278.903
278.71
278.446
278.242
278.02
277.795
277.564
277.313
277.069
276.839
276.602
276.362
276.116
275.864
275.6
275.354
275.073
274.785
274.492
274.216
273.911
273.61
273.3
272.99
272.672
272.364
272.05
271.734
271.411
271.085
270.757
270.423
270.081
269.747
269.414
269.061
268.708
268.348
267.976
267.618
267.232
266.85
266.47
266.085
265.699
265.308
264.898
264.498
264.074
263.666
263.254
262.844
262.427
262.009
261.587
261.164
260.757
260.341
259.921
259.476
259.046
258.608
258.165
257.719
257.267
256.837
256.385
255.935
255.487
255.022
254.558
254.098
253.644
253.187
252.733
252.276
251.818
251.359
250.894
250.434
249.967
249.513
249.052
248.589
248.133
247.679
247.227
246.783
246.334
245.895
245.458
245.021
244.59
244.167
243.746
243.332
242.919
242.521
242.123
241.721
241.319
240.919
240.517
240.116
239.718
239.317
238.91
238.51
238.116
237.722
237.327
236.974
236.677
236.388
236.103
235.821
235.544
235.271
235.003
234.736
234.467
234.196
233.93
233.673
233.426
233.19
232.984
232.809
232.659
232.513
232.333
232.177
232.048
231.901
231.776
231.634
231.508
231.392
231.242
231.159
231.119
231.085
231.072
231.096
231.113
231.144
231.154
231.167
231.18
231.295
231.419
231.571
231.793
232.058
232.322
232.597
232.884
233.134
233.353
233.591
233.905
234.251
234.577
234.871
235.156
235.481
235.726
235.97
236.25
236.457
236.687
236.902
237.12
237.425
237.701
238.005
238.277
238.538
238.781
239.02
239.244
239.461
239.652
239.864
240.035
240.217
240.391
240.557
240.714
240.873
241.068
241.272
241.461
241.643
241.815
241.978
242.129
242.272
242.4
242.522
242.636
242.749
242.853
242.948
243.034
243.107
243.182
243.244
243.297
243.342
243.402
243.43
243.436
243.444
243.45
243.449
243.435
243.414
243.387
243.353
243.312
243.254
242.902
242.842
242.778
242.715
242.621
242.56
242.472
242.393
242.288
242.164
242.084
241.957
241.809
241.704
241.565
241.432
241.28
241.117
240.948
240.774
240.599
240.415
240.247
240.037
239.824
239.628
239.412
239.195
238.995
238.753
238.507
238.278
238.052
237.802
237.548
237.304
237.048
236.802
236.56
236.3
236.047
235.789
235.521
235.258
234.899
234.535
234.257
233.994
233.737
233.471
233.204
232.937
232.666
232.396
232.129
231.863
231.582
231.311
231.038
230.735
230.46
230.178
229.902
229.622
229.344
229.068
228.786
228.506
228.242
227.967
227.699
227.439
227.185
226.922
226.689
226.441
226.218
226.002
225.78
225.569
225.364
225.174
224.969
224.785
224.634
224.51
224.37
224.017
223.795
223.687
223.651
223.663
223.653
223.638
223.635
223.632
223.627
223.624
223.622
223.625
223.637
223.699
223.782
223.866
224.001
224.073
224.143
224.205
224.258
224.303
224.356
224.426
224.556
224.682
224.817
224.99
225.127
225.246
225.411
225.557
225.671
225.809
225.931
226.077
226.163
226.266
226.379
226.515
226.731
227.012
227.307
227.629
227.915
228.181
228.447
228.744
229.059
229.371
229.669
229.974
230.256
230.54
230.81
231.099
231.358
231.642
231.941
232.232
232.504
232.784
233.06
233.286
233.522
233.743
233.956
234.183
234.36
234.543
234.75
234.945
235.151
235.313
235.479
235.659
235.811
235.945
236.066
236.203
236.329
236.421
236.494
236.57
236.605
236.654
236.688
236.695
236.73
236.753
236.825
236.889
236.919
236.965
237.003
237.027
237.065
237.163
237.243
237.303
237.343
237.37
237.415
237.445
237.475
237.498
237.506
237.489
237.52
237.564
237.642
237.685
237.719
237.757
237.764
237.759
237.752
237.715
237.638
237.55
237.45
237.354
237.252
237.125
236.998
236.884
236.75
236.607
236.46
236.308
236.129
235.958
235.771
235.595
235.414
235.221
235.047
234.846
234.647
234.445
234.232
234.02
233.808
233.589
233.372
233.148
232.923
232.694
232.464
232.232
232
231.761
231.516
231.277
231.029
230.792
230.549
230.311
230.064
229.82
229.575
229.325
229.081
228.839
228.594
228.349
228.105
227.862
227.619
227.379
227.141
226.904
226.671
226.439
226.205
225.968
225.741
225.509
225.269
225.041
224.81
224.573
224.342
224.116
223.897
223.685
223.479
223.274
223.064
222.87
222.681
222.505
222.342
222.233
222.127
222.027
221.926
221.837
221.753
221.673
221.648
221.639
221.624
221.612
221.596
221.55
221.517
221.49
221.486
221.531
221.573
221.676
221.793
221.982
222.202
222.416
222.622
222.825
223.025
223.169
223.478
223.746
224.097
224.466
224.86
225.193
225.465
225.813
226.056
226.32
226.48
226.629
226.786
227.104
227.367
227.66
228.001
228.275
228.542
228.837
229.105
229.35
229.582
229.823
230.044
230.321
230.575
230.801
231.03
231.234
231.499
231.738
231.947
232.165
232.43
232.644
232.845
233.016
233.149
233.272
233.38
233.547
233.67
233.784
233.894
234.007
234.097
234.184
234.239
234.345
234.398
234.438
234.47
234.535
234.591
234.628
234.717
234.745
234.823
234.894
234.957
235
235.043
235.097
235.185
235.279
235.369
235.449
235.516
235.579
235.634
235.68
235.713
235.763
235.807
235.844
235.873
235.906
235.926
235.94
235.95
235.951
235.889
235.816
235.787
235.774
235.71
235.667
235.617
235.569
235.526
235.465
235.395
235.328
235.251
235.171
235.084
234.955
234.806
234.694
234.556
234.414
234.271
234.152
234.023
233.896
233.765
233.631
233.491
233.339
233.187
233.03
232.915
232.781
232.625
232.469
232.323
232.124
231.965
231.803
231.642
231.477
231.311
231.147
230.984
230.813
230.646
230.486
230.312
230.143
229.979
229.807
229.635
229.431
229.252
229.147
229.085
229.026
228.964
228.883
228.811
228.725
228.654
228.623
228.605
228.577
228.549
228.511
228.472
228.433
228.38
228.339
228.284
228.232
228.177
228.115
228.059
227.994
227.938
227.871
227.801
227.727
227.655
227.571
227.494
227.401
227.298
227.193
227.113
227.078
227.037
227.001
226.935
226.855
226.788
226.713
226.683
226.651
226.615
226.549
226.527
226.49
226.421
226.449
226.571
226.737
226.885
227.047
227.128
227.176
227.295
227.37
227.418
227.497
227.563
227.613
227.659
227.699
227.739
227.788
227.837
227.886
227.927
227.966
227.992
228.049
228.083
228.1
228.114
228.112
228.12
228.082
228.042
228.006
227.968
227.919
227.882
227.706
227.712
227.651
227.679
227.747
227.827
227.877
227.909
227.944
228.019
228.088
228.126
228.2
228.267
228.286
228.356
228.436
228.489
228.611
228.716
228.785
228.907
229.071
229.222
229.388
229.567
229.76
229.941
230.145
230.338
230.574
230.757
230.936
231.134
231.252
231.382
231.51
231.635
231.751
231.871
232.025
232.146
232.266
232.433
232.58
232.703
232.826
232.738
232.883
233.033
233.146
233.248
233.344
233.415
233.457
233.528
233.596
233.655
233.703
233.788
233.834
233.923
234.008
234.075
234.142
234.205
234.268
234.366
234.384
234.429
234.453
234.417
234.403
234.396
234.318
234.29
234.221
234.176
234.093
234.049
233.938
233.832
233.735
233.631
233.563
233.521
233.462
233.397
233.331
233.256
233.182
233.113
233
232.943
232.818
232.711
232.609
232.503
232.4
232.265
232.12
231.999
231.879
231.747
231.612
231.463
231.335
231.184
231.029
230.885
230.717
230.559
230.391
230.249
230.075
229.911
229.74
229.559
229.408
229.245
229.077
228.935
228.784
228.646
228.503
228.378
228.252
228.114
227.976
227.841
227.701
227.446
227.26
227.105
226.954
226.807
226.729
226.758
226.814
226.852
226.898
226.936
226.968
226.996
227.009
227.052
227.098
227.096
227.148
227.2
227.21
227.333
227.495
227.538
227.561
227.649
227.685
227.735
227.736
227.745
227.772
227.767
227.792
227.827
227.859
227.847
227.871
227.917
227.946
227.923
227.897
228
228.079
228.189
228.268
228.279
228.374
228.452
228.508
228.578
228.63
228.729
228.862
228.969
229.048
229.114
229.193
229.24
229.29
229.362
229.477
229.59
229.739
229.817
229.722
229.743
229.793
229.877
229.927
230.001
230.064
230.18
230.234
230.281
230.33
230.36
230.375
230.38
230.362
230.339
230.308
230.282
230.301
230.365
230.452
230.552
230.675
230.795
230.902
231
231.103
231.19
231.272
231.34
231.396
231.406
231.434
231.486
231.569
231.589
231.61
231.649
231.679
231.716
231.727
231.761
231.781
231.775
231.79
231.821
231.798
231.868
231.896
231.942
231.997
232.025
232.029
232.073
232.121
232.12
232.091
232.071
232.032
231.946
231.849
231.757
231.639
231.542
231.472
231.405
231.324
231.228
231.106
231.046
231.01
230.969
230.945
230.888
230.842
230.789
230.711
230.697
230.702
230.722
230.689
230.655
230.632
230.575
230.571
230.564
230.574
230.554
230.535
230.538
230.49
230.476
230.446
230.463
230.51
230.535
230.537
230.558
230.583
230.588
230.619
230.642
230.682
230.715
230.753
230.775
230.803
230.786
230.762
230.717
230.689
230.653
230.602
230.536
230.516
230.592
230.644
230.699
230.716
230.757
230.773
230.8
230.876
230.932
231.024
231.08
231.162
231.211
231.251
231.273
231.292
231.305
231.401
231.422
231.493
231.511
231.54
231.542
231.574
231.594
231.553
231.528
231.504
231.468
231.412
231.356
231.263
231.222
231.137
231.053
230.962
230.868
230.769
230.654
230.543
230.452
230.286
230.2
230.071
229.988
229.895
229.752
229.622
229.534
229.417
229.256
229.147
229.046
229.027
228.957
228.878
228.806
228.718
228.626
228.535
228.436
228.35
228.27
228.25
228.19
228.143
228.091
228.055
228.058
228.06
228.048
228.042
228.025
228.022
227.991
227.95
227.9
227.793
227.7
227.592
227.513
227.403
227.276
227.183
227.156
227.011
226.907
226.813
226.75
226.718
226.685
226.696
226.658
226.654
226.601
226.578
226.568
226.543
226.515
226.491
226.469
226.479
226.462
226.461
226.462
226.462
226.464
226.478
226.543
226.595
226.653
226.684
226.695
226.714
226.78
226.79
226.814
226.835
226.866
226.911
226.917
226.936
226.915
226.927
226.972
227.035
227.12
227.243
227.331
227.427
227.515
227.588
227.75
227.925
228.068
228.253
228.375
228.571
228.696
228.852
228.941
229.034
229.1
229.306
229.53
229.793
229.96
230.123
230.32
230.475
230.64
230.891
231.111
231.348
231.573
231.814
232.091
232.309
232.517
232.708
232.892
233.059
233.258
233.405
233.583
233.731
233.874
234.014
234.131
234.248
234.395
234.489
234.589
234.702
234.782
234.855
234.899
234.948
234.99
234.966
234.984
235
235.015
235.013
235.016
235.002
235.016
235.011
235.007
235.011
235.009
235
234.978
234.96
234.894
234.871
234.817
234.756
234.693
234.627
234.545
234.5
234.39
234.291
234.191
234.088
233.958
233.832
233.721
233.573
233.453
233.307
233.173
233.048
232.925
232.8
232.663
232.544
232.424
232.266
232.122
231.965
231.813
231.66
231.506
231.327
231.169
231
230.854
230.717
230.703
230.674
230.628
230.589
230.568
230.559
230.538
230.515
230.479
230.402
230.324
230.167
230.058
229.932
229.81
229.68
229.541
229.394
229.289
229.127
229.007
228.856
228.745
228.714
228.707
228.712
228.68
228.696
228.703
228.679
228.643
228.598
228.592
228.681
228.811
228.886
228.869
228.899
228.931
228.975
228.986
228.996
228.999
228.989
228.995
229.047
229.106
229.134
229.138
229.141
229.17
229.187
229.151
229.183
229.186
229.215
229.209
229.225
229.174
229.145
229.094
229.034
228.936
228.87
228.816
228.745
228.663
228.598
228.555
228.45
228.418
228.385
228.324
228.128
227.923
227.838
227.759
227.641
227.571
227.545
227.511
227.496
227.495
227.54
227.589
227.688
227.763
227.795
227.85
227.857
227.83
227.9
227.964
227.926
227.938
227.945
227.938
227.932
227.901
227.906
227.933
227.953
228.027
228.115
228.173
228.244
228.305
228.33
228.385
228.44
228.456
228.496
228.612
228.666
228.753
228.799
228.815
228.854
228.914
228.976
229.056
229.238
229.403
229.604
229.786
229.914
230.079
230.239
230.421
230.56
230.687
230.836
230.974
231.109
231.247
231.397
231.552
231.663
231.818
231.881
231.963
232.043
232.119
232.186
232.25
232.301
232.351
232.397
232.431
232.466
232.467
232.482
232.498
232.494
232.475
232.48
232.45
232.404
232.389
232.353
232.327
232.282
232.224
232.188
232.152
232.127
232.104
232.043
231.97
231.902
231.855
231.765
231.712
231.651
231.581
231.527
231.443
231.385
231.335
231.278
231.212
231.128
231.048
230.968
230.868
230.856
230.929
230.991
230.984
230.981
230.99
230.947
230.92
230.881
230.88
230.892
230.954
231.019
231.073
231.078
231.105
231.124
231.15
231.147
231.165
231.171
231.174
231.171
231.175
231.228
231.283
231.393
231.501
231.544
231.621
231.661
231.661
231.734
231.746
231.761
231.754
231.794
231.728
231.686
231.648
231.582
231.511
231.456
231.39
231.286
231.222
231.154
231.049
230.945
230.861
230.76
230.628
230.534
230.436
230.303
230.189
230.097
230.04
229.981
229.887
229.824
229.774
229.765
229.713
229.693
229.633
229.605
229.551
229.515
229.48
229.403
229.35
229.264
229.203
229.133
229.107
229.105
229.112
229.112
229.111
229.096
229.079
229.061
229.037
229.011
228.973
228.93
228.916
228.863
228.792
228.748
228.686
228.621
228.559
228.501
228.431
228.351
228.269
228.194
228.143
228.143
228.17
228.229
228.277
228.329
228.372
228.42
228.506
228.594
228.626
228.655
228.726
228.795
228.864
228.924
228.978
229.014
229.061
229.099
229.105
229.109
229.11
229.106
229.091
229.126
229.14
229.11
229.1
229.11
229.107
229.065
229.132
229.122
229.159
229.141
229.124
229.158
229.189
229.22
229.248
229.327
229.435
229.564
229.68
229.796
229.895
230.005
230.086
230.182
230.196
230.194
230.237
230.242
230.262
230.269
230.211
230.162
230.111
230.046
229.99
229.927
229.865
229.799
229.759
229.77
229.831
229.858
229.89
229.917
229.919
229.949
229.966
229.954
229.959
229.947
229.917
229.928
229.921
229.888
229.879
229.884
229.834
229.829
229.81
229.798
229.734
229.67
229.62
229.516
229.482
229.462
229.415
229.382
229.399
229.42
229.43
229.407
229.397
229.393
229.398
229.459
229.591
229.768
229.936
230.103
230.254
230.36
230.507
230.648
230.779
230.886
230.995
231.099
231.194
231.249
231.334
231.414
231.488
231.56
231.625
231.685
231.74
231.789
231.832
231.865
231.914
231.982
232.063
232.091
232.146
232.191
232.214
232.25
232.259
232.285
232.279
232.29
232.277
232.289
232.295
232.266
232.246
232.207
232.164
232.115
232.053
231.992
231.933
231.862
231.796
231.712
231.604
231.523
231.435
231.337
231.238
231.144
231.098
231.048
230.992
230.933
230.875
230.942
231.012
231.078
231.138
231.194
231.239
231.279
231.284
231.273
231.276
231.28
231.261
231.261
231.234
231.237
231.237
231.206
231.204
231.204
231.188
231.176
231.146
231.101
231.057
231.018
230.986
230.916
230.846
230.731
230.666
230.597
230.48
230.451
230.382
230.353
230.334
230.273
230.238
230.267
230.25
230.246
230.243
230.246
230.215
230.2
230.201
230.263
230.311
230.347
230.365
230.306
230.294
230.267
230.236
230.215
230.19
230.188
230.195
230.199
230.187
230.172
230.109
230.072
230.021
229.959
229.935
229.94
229.937
229.893
229.882
229.86
229.809
229.78
229.746
229.686
229.633
229.608
229.581
229.552
229.518
229.474
229.43
229.38
229.316
229.258
229.193
229.121
229.045
228.966
228.885
228.839
228.82
228.798
228.779
228.761
228.752
228.793
228.814
228.84
228.854
228.876
228.889
228.903
228.911
228.923
228.939
228.958
228.978
228.989
228.995
228.999
229.003
229.009
228.967
228.957
228.939
228.922
228.899
228.875
228.842
228.85
228.813
228.784
228.805
228.835
228.857
228.865
228.828
228.828
228.862
228.963
229.077
229.199
229.296
229.429
229.49
229.576
229.711
229.776
229.83
229.85
229.908
229.963
230.059
230.171
230.269
230.359
230.446
230.525
230.602
230.672
230.748
230.798
230.852
230.911
230.962
231.007
231.049
231.04
231.064
231.119
231.135
231.15
231.159
231.166
231.168
231.17
231.163
231.16
231.135
231.131
231.119
231.101
231.077
231.05
231.015
230.994
230.938
230.875
230.825
230.776
230.726
230.708
230.645
230.625
230.548
230.449
230.397
230.33
230.261
230.201
230.143
230.14
230.188
230.204
230.217
230.256
230.276
230.317
230.343
230.34
230.358
230.348
230.379
230.406
230.393
230.377
230.382
230.371
230.316
230.289
230.252
230.167
230.131
230.197
230.275
230.391
230.509
230.617
230.738
230.852
230.951
231.046
231.149
231.234
231.254
231.332
231.38
231.424
231.46
231.492
231.518
231.536
231.55
231.564
231.579
231.596
231.602
231.604
231.599
231.597
231.586
231.564
231.529
231.46
231.368
231.275
231.153
231.024
230.885
230.761
230.63
230.528
230.44
230.39
230.338
230.288
230.23
230.156
230.073
230.033
229.965
229.898
229.829
229.752
229.666
229.588
229.516
229.397
229.278
229.206
229.172
229.164
229.121
229.11
229.082
229.052
229.011
228.976
228.947
228.907
228.887
228.841
228.801
228.758
228.749
228.745
228.712
228.742
228.778
228.867
228.928
229.005
229.007
229.034
229.112
229.165
229.177
229.21
229.233
229.258
229.277
229.328
229.399
229.464
229.522
229.583
229.654
229.749
229.815
229.934
230.039
230.202
230.347
230.483
230.589
230.681
230.733
230.785
230.881
230.904
230.996
231.032
231.074
231.162
231.244
231.288
231.342
231.402
231.417
231.418
231.467
231.503
231.524
231.516
231.533
231.522
231.491
231.484
231.424
231.417
231.373
231.371
231.4
231.446
231.496
231.565
231.615
231.64
231.624
231.628
231.653
231.68
231.677
231.678
231.624
231.612
231.599
231.581
231.563
231.542
231.512
231.477
231.437
231.394
231.35
231.279
231.225
231.179
231.113
231.095
231.029
230.981
230.923
230.862
230.788
230.696
230.629
230.56
230.455
230.364
230.275
230.158
230.044
229.946
229.878
229.847
229.819
229.8
229.816
229.898
229.992
230.004
230.02
230.067
230.13
230.179
230.245
230.287
230.328
230.356
230.376
230.392
230.406
230.407
230.394
230.354
230.299
230.235
230.165
230.085
229.998
229.903
229.808
229.787
229.808
229.846
229.877
229.867
229.897
229.965
230.026
230.068
230.088
230.125
230.123
230.142
230.15
230.21
230.226
230.229
230.243
230.251
230.23
230.233
230.216
230.254
230.254
230.268
230.237
230.212
230.195
230.172
230.102
230.018
229.942
229.837
229.766
229.638
229.568
229.482
229.396
229.327
229.263
229.245
229.199
229.21
229.224
229.201
229.182
229.193
229.128
229.059
229.122
229.177
229.198
229.188
229.217
229.236
229.182
229.162
229.121
229.105
229.117
229.077
229.06
229.032
229.024
228.99
228.981
228.952
228.955
228.964
228.972
228.965
228.966
228.956
228.937
228.918
228.881
228.857
228.825
228.777
228.728
228.698
228.687
228.664
228.608
228.555
228.54
228.475
228.411
228.397
228.403
228.396
228.343
228.311
228.326
228.29
228.253
228.184
228.164
228.12
228.084
228.055
228.017
228.011
227.947
227.907
227.876
227.814
227.75
227.726
227.698
227.681
227.651
227.624
227.565
227.545
227.534
227.544
227.568
227.563
227.61
227.685
227.754
227.775
227.815
227.828
227.866
227.92
228.01
228.171
228.338
228.481
228.632
228.767
228.904
229.035
229.176
229.313
229.441
229.579
229.7
229.822
229.94
230.053
230.149
230.286
230.39
230.451
230.515
230.587
230.638
230.708
230.76
230.778
230.795
230.919
231.053
231.176
231.291
231.393
231.451
231.488
231.524
231.569
231.588
231.612
231.636
231.662
231.745
231.814
231.872
231.937
231.988
232.046
232.058
232.069
232.107
232.117
232.124
232.13
232.183
232.323
232.479
232.682
232.807
232.948
233.102
233.187
233.302
233.412
233.517
233.609
233.716
233.797
233.864
233.942
234.036
234.071
234.037
233.981
233.978
233.965
233.923
233.97
233.952
233.932
233.965
233.979
233.935
233.947
233.953
233.921
233.881
233.853
233.807
233.733
233.677
233.739
233.804
233.87
233.939
233.947
233.947
233.943
233.926
233.895
233.869
233.841
233.783
233.744
233.693
233.638
233.615
233.6
233.599
233.596
233.573
233.564
233.564
233.502
233.471
233.37
233.267
233.189
233.131
233.128
233.135
233.123
233.09
233.047
232.971
232.898
232.797
232.718
232.59
232.507
232.395
232.28
232.134
231.993
231.906
231.781
231.666
231.551
231.419
231.314
231.175
231.016
230.862
230.7
230.529
230.367
230.205
230.021
229.853
229.686
229.506
229.331
229.167
228.988
228.829
228.672
228.503
228.346
228.194
228.038
227.878
227.718
227.542
227.412
227.384
227.331
227.286
227.252
227.18
227.142
227.049
227.025
226.95
226.903
226.834
226.793
226.673
226.601
226.52
226.402
226.312
226.278
226.2
226.103
226.044
225.915
225.829
225.749
225.712
225.733
225.802
225.856
225.901
225.946
225.984
226.02
226.054
226.024
226.027
226.006
226
226.025
225.997
225.981
225.997
226.057
226.081
226.107
226.132
226.171
226.209
226.348
226.479
226.561
226.664
226.765
226.882
226.99
227.068
227.17
227.32
227.413
227.526
227.643
227.735
227.833
227.928
228.077
228.238
228.366
228.542
228.678
228.752
228.858
228.955
229.054
229.095
229.189
229.354
229.552
229.742
229.933
230.135
230.376
230.614
230.84
231.061
231.273
231.479
231.725
231.91
232.091
232.275
232.438
232.622
232.795
232.947
233.071
233.25
233.429
233.56
233.708
233.856
234.009
234.113
234.199
234.33
234.383
234.45
234.522
234.587
234.647
234.669
234.669
234.684
234.678
234.637
234.651
234.679
234.715
234.736
234.768
234.721
234.773
234.76
234.729
234.742
234.771
234.776
234.773
234.723
234.71
234.682
234.631
234.618
234.578
234.513
234.488
234.37
234.274
234.159
234.033
233.946
233.863
233.774
233.68
233.58
233.51
233.443
233.351
233.273
233.175
233.053
232.969
232.857
232.713
232.613
232.517
232.38
232.263
232.135
231.992
231.836
231.709
231.53
231.382
231.234
231.082
230.917
230.743
230.571
230.416
230.237
230.058
229.882
229.734
229.701
229.573
229.472
229.38
229.247
229.118
229.001
228.874
228.8
228.688
228.643
228.658
228.665
228.62
228.632
228.62
228.578
228.555
228.516
228.5
228.443
228.439
228.387
228.316
228.251
228.143
228.085
227.989
227.892
227.832
227.753
227.654
227.554
227.465
227.353
227.296
227.196
227.103
227.008
226.943
226.852
226.812
226.718
226.628
226.558
226.492
226.404
226.328
226.234
226.186
226.204
226.282
226.318
226.353
226.409
226.445
226.481
226.472
226.519
226.515
226.506
226.524
226.519
226.501
226.537
226.518
226.65
226.718
226.772
226.808
226.861
226.921
227.013
227.189
227.393
227.588
227.72
227.96
228.215
228.414
228.619
228.837
228.987
229.195
229.385
229.514
229.683
229.83
229.961
230.113
230.292
230.377
230.534
230.72
230.858
230.982
231.093
231.228
231.323
231.361
231.44
231.527
231.568
231.628
231.613
231.676
231.707
231.662
231.726
231.708
231.707
231.657
231.615
231.593
231.531
231.46
231.437
231.371
231.303
231.245
231.14
231.079
230.982
230.876
230.796
230.808
230.778
230.754
230.67
230.57
230.463
230.386
230.294
230.226
230.197
230.172
230.124
230.063
230.022
229.979
229.95
229.877
229.835
229.776
229.722
229.668
229.631
229.581
229.559
229.556
229.507
229.492
229.478
229.419
229.368
229.327
229.359
229.432
229.521
229.647
229.718
229.801
229.897
229.996
230.026
230.101
230.15
230.162
230.201
230.286
230.354
230.406
230.505
230.539
230.606
230.696
230.754
230.821
230.904
230.915
231.042
231.111
231.186
231.215
231.313
231.364
231.465
231.479
231.48
231.565
231.509
231.551
231.526
231.54
231.61
231.563
231.509
231.52
231.49
231.428
231.408
231.358
231.369
231.368
231.381
231.381
231.405
231.408
231.396
231.407
231.414
231.403
231.363
231.336
231.359
231.336
231.308
231.277
231.242
231.197
231.15
231.06
230.965
230.882
230.806
230.78
230.768
230.755
230.74
230.721
230.701
230.671
230.685
230.658
230.654
230.627
230.595
230.553
230.516
230.469
230.396
230.341
230.26
230.21
230.146
230.075
229.947
230.017
230.048
230.06
230.056
230.146
230.28
230.333
230.368
230.348
230.346
230.362
230.393
230.455
230.507
230.551
230.584
230.62
230.712
230.785
230.859
230.944
231.005
231.061
231.12
231.159
231.191
231.2
231.232
231.25
231.287
231.269
231.285
231.295
231.293
231.271
231.244
231.236
231.222
231.16
231.142
231.121
231.08
231.038
231.042
231.045
231.011
231.01
230.984
230.98
230.955
230.936
230.905
230.88
230.834
230.754
230.672
230.581
230.511
230.428
230.362
230.296
230.224
230.118
229.963
229.912
229.837
229.769
229.713
229.639
229.592
229.486
229.416
229.333
229.285
229.329
229.37
229.452
229.531
229.616
229.676
229.709
229.718
229.745
229.75
229.806
229.827
229.756
229.769
229.788
229.862
230.029
230.125
230.186
230.242
230.292
230.345
230.378
230.404
230.411
230.449
230.453
230.473
230.527
230.603
230.657
230.709
230.754
230.763
230.806
230.847
230.88
230.908
230.941
230.961
231.028
231.067
231.112
231.159
231.173
231.218
231.221
231.204
231.21
231.187
231.147
231.105
231.059
231.029
231.051
231.07
231.082
231.053
231.043
231.035
231.028
231.013
231.004
230.986
230.962
230.956
230.924
230.879
230.832
230.786
230.721
230.655
230.586
230.511
230.439
230.376
230.353
230.348
230.34
230.328
230.315
230.291
230.274
230.235
230.213
230.187
230.158
230.13
230.103
230.075
230.039
230.009
229.959
229.906
229.849
229.787
229.724
229.678
229.609
229.531
229.46
229.375
229.291
229.245
229.226
229.218
229.196
229.174
229.15
229.162
229.185
229.202
229.236
229.259
229.278
229.295
229.304
229.311
229.325
229.342
229.451
229.565
229.676
229.776
229.878
229.967
230.053
230.138
230.262
230.365
230.448
230.564
230.642
230.735
230.78
230.842
230.885
230.907
230.805
230.818
230.809
230.752
230.757
230.753
230.766
230.782
230.798
230.864
230.897
230.929
230.949
230.992
231.008
230.982
230.973
230.961
230.947
230.952
230.98
230.96
230.999
231.002
231.011
230.968
230.982
230.968
230.925
230.91
230.88
230.853
230.824
230.782
230.738
230.68
230.561
230.452
230.339
230.217
230.094
229.991
229.895
229.855
229.818
229.814
229.831
229.853
229.872
229.889
229.893
229.909
229.907
229.846
229.787
229.721
229.653
229.567
229.462
229.382
229.277
229.16
229.03
228.93
228.833
228.755
228.726
228.745
228.709
228.733
228.754
228.774
228.787
228.802
228.806
228.81
228.805
228.803
228.802
228.849
228.847
228.898
228.932
228.97
229.03
229.031
229.072
229.103
229.151
229.148
229.196
229.223
229.241
229.259
229.219
229.192
229.181
229.152
229.136
229.126
229.087
229.076
229.041
229.005
228.958
228.967
228.922
228.898
228.949
228.994
229.085
229.174
229.25
229.373
229.492
229.569
229.631
229.679
229.783
229.851
229.901
229.964
230.017
230.049
229.984
230.074
230.22
230.344
230.484
230.603
230.731
230.807
230.898
230.976
231.052
231.081
231.129
231.164
231.247
231.26
231.296
231.308
231.298
231.293
231.275
231.276
231.308
231.511
231.689
231.831
231.962
232.098
232.166
232.213
232.256
232.293
232.441
232.596
232.773
232.923
233.07
233.195
233.316
233.425
233.504
233.587
233.664
233.731
233.787
233.842
233.895
233.902
233.916
233.929
233.94
233.941
233.925
233.909
233.876
233.847
233.788
233.721
233.692
233.664
233.64
233.606
233.575
233.501
233.428
233.393
233.366
233.321
233.284
233.243
233.195
233.206
233.176
233.11
233.054
232.982
232.904
232.82
232.731
232.634
232.55
232.458
232.378
232.264
232.16
232.059
231.948
231.867
231.801
231.726
231.657
231.579
231.497
231.375
231.298
231.224
231.09
230.941
230.843
230.712
230.571
230.466
230.368
230.27
230.162
230.05
229.982
229.86
229.737
229.593
229.491
229.353
229.236
229.11
228.983
228.84
228.695
228.545
228.396
228.235
228.102
227.973
227.877
227.795
227.83
227.838
227.793
227.741
227.7
227.652
227.612
227.568
227.517
227.487
227.43
227.361
227.296
227.114
227.046
226.976
226.905
226.834
226.762
226.689
226.618
226.535
226.465
226.439
226.39
226.318
226.228
226.158
226.122
226.053
226.076
226.123
226.155
226.183
226.193
226.236
226.266
226.224
226.257
226.216
226.25
226.163
226.093
226.063
226.032
226.003
225.992
225.963
225.93
225.911
225.937
225.958
225.982
225.999
226.011
225.999
226.221
226.373
226.521
226.669
226.838
227.046
227.229
227.407
227.573
227.732
227.878
227.999
228.055
228.081
228.163
228.173
228.176
228.165
228.142
228.196
228.213
228.215
228.299
228.291
228.287
228.336
228.426
228.596
228.73
228.914
229.037
229.159
229.291
229.435
229.626
229.789
229.979
230.125
230.276
230.446
230.64
230.793
230.987
231.121
231.305
231.427
231.533
231.659
231.853
231.972
232.126
232.222
232.347
232.462
232.561
232.615
232.753
232.844
232.922
232.992
233.068
233.156
233.251
233.344
233.412
233.49
233.547
233.629
233.674
233.756
233.737
233.751
233.768
233.76
233.77
233.787
233.799
233.785
233.732
233.688
233.658
233.613
233.554
233.54
233.436
233.383
233.327
233.223
233.141
233.081
233.018
233.003
232.999
233.021
233.019
233.003
233.011
233
232.952
232.906
232.854
232.861
232.942
233.045
233.107
233.131
233.141
233.15
233.254
233.33
233.391
233.439
233.476
233.51
233.532
233.595
233.602
233.604
233.598
233.596
233.582
233.563
233.538
233.498
233.464
233.434
233.372
233.318
233.216
233.123
233.05
232.936
232.836
232.727
232.64
232.549
232.461
232.367
232.258
232.16
232.059
231.918
231.779
231.664
231.517
231.384
231.248
231.101
230.987
230.877
230.784
230.732
230.673
230.627
230.554
230.489
230.407
230.333
230.214
230.154
230.193
230.217
230.231
230.252
230.253
230.269
230.231
230.209
230.166
230.139
230.084
230.037
229.987
229.911
229.848
229.748
229.613
229.46
229.31
229.139
228.962
228.808
228.67
228.468
228.306
228.202
228.073
227.959
227.823
227.72
227.563
227.45
227.375
227.325
227.261
227.194
227.106
227.024
226.969
226.917
226.856
226.797
226.714
226.719
226.718
226.667
226.585
226.562
226.548
226.532
226.514
226.458
226.439
226.432
226.421
226.408
226.387
226.362
226.344
226.321
226.3
226.264
226.236
226.198
226.165
226.135
226.146
226.157
226.181
226.196
226.208
226.228
226.291
226.463
226.639
226.843
227.035
227.239
227.481
227.674
227.823
227.984
228.141
228.23
228.315
228.394
228.466
228.546
228.654
228.712
228.773
228.921
229.068
229.195
229.345
229.44
229.53
229.619
229.75
229.845
229.948
230.051
230.154
230.237
230.354
230.473
230.58
230.682
230.77
230.817
230.916
230.974
231.008
231.115
231.189
231.269
231.344
231.507
231.699
231.863
231.987
232.076
232.176
232.241
232.305
232.349
232.433
232.484
232.569
232.586
232.615
232.644
232.679
232.674
232.723
232.82
232.879
233.006
233.117
233.19
233.254
233.322
233.392
233.456
233.484
233.53
233.528
233.563
233.59
233.609
233.672
233.674
233.67
233.665
233.652
233.632
233.556
233.483
233.402
233.337
233.242
233.15
233.062
232.95
232.838
232.74
232.597
232.513
232.422
232.278
232.167
232.053
231.938
231.805
231.698
231.574
231.436
231.282
231.161
231.034
230.904
230.751
230.646
230.51
230.361
230.243
230.086
229.943
229.796
229.692
229.526
229.429
229.329
229.204
229.038
228.853
228.707
228.606
228.618
228.577
228.576
228.559
228.618
228.713
228.817
228.902
229.008
229.093
229.158
229.273
229.362
229.441
229.51
229.56
229.598
229.62
229.66
229.696
229.74
229.786
229.804
229.833
229.843
229.866
229.868
229.862
229.845
229.793
229.739
229.682
229.622
229.55
229.48
229.401
229.327
229.255
229.236
229.241
229.298
229.353
229.407
229.456
229.503
229.544
229.587
229.622
229.657
229.689
229.719
229.739
229.711
229.696
229.649
229.635
229.643
229.647
229.642
229.627
229.643
229.648
229.628
229.602
229.549
229.511
229.515
229.58
229.662
229.686
229.698
229.785
229.889
229.995
230.103
230.2
230.299
230.469
230.643
230.777
230.872
230.966
231.006
231.042
231.081
231.114
231.139
231.157
231.168
231.183
231.187
231.176
231.16
231.087
231.018
230.937
230.861
230.79
230.759
230.73
230.705
230.674
230.644
230.61
230.567
230.531
230.496
230.455
230.419
230.379
230.341
230.297
230.227
230.176
230.077
230.018
229.965
229.899
229.814
229.741
229.69
229.701
229.731
229.767
229.765
229.806
229.834
229.908
229.959
230.049
230.103
230.134
230.199
230.278
230.335
230.429
230.608
230.802
230.966
231.089
231.199
231.266
231.362
231.457
231.545
231.622
231.675
231.724
231.755
231.817
231.879
231.944
232.009
231.996
231.995
231.974
231.96
231.96
231.938
231.932
231.906
231.859
231.831
231.822
231.847
231.868
231.881
231.889
231.895
231.895
231.85
231.831
231.823
231.805
231.765
231.709
231.673
231.635
231.578
231.5
231.477
231.399
231.323
231.241
231.134
231.042
230.97
230.896
230.769
230.687
230.571
230.479
230.386
230.278
230.174
230.072
229.967
229.865
229.763
229.663
229.632
229.596
229.555
229.51
229.443
229.386
229.325
229.238
229.169
229.077
229.006
228.931
228.867
228.795
228.719
228.624
228.525
228.418
228.313
228.199
228.087
227.989
227.919
227.94
227.958
227.922
227.965
227.994
227.957
228.039
228.097
228.146
228.156
228.188
228.199
228.205
228.213
228.197
228.19
228.181
228.165
228.126
228.097
228.058
228.012
227.969
227.919
227.874
227.828
227.833
227.869
227.937
228.003
228.066
228.125
228.178
228.232
228.339
228.429
228.544
228.639
228.722
228.801
228.878
228.89
228.939
228.984
229.03
229.082
229.154
229.209
229.215
229.245
229.284
229.315
229.336
229.332
229.378
229.37
229.399
229.444
229.659
229.782
229.955
230.135
230.283
230.465
230.608
230.761
230.867
230.981
231.115
231.191
231.283
231.335
231.402
231.512
231.615
231.711
231.816
231.902
231.982
232.096
232.192
232.279
232.367
232.427
232.489
232.528
232.574
232.657
232.705
232.757
232.802
232.764
232.75
232.724
232.729
232.721
232.721
232.699
232.704
232.635
232.598
232.525
232.466
232.378
232.317
232.3
232.315
232.311
232.302
232.304
232.276
232.309
232.287
232.271
232.244
232.273
232.263
232.273
232.246
232.232
232.236
232.24
232.184
232.121
232.059
232.035
232.022
231.999
231.968
231.933
231.901
231.847
231.798
231.741
231.702
231.612
231.558
231.534
231.492
231.476
231.414
231.381
231.323
231.243
231.224
231.223
231.325
231.34
231.34
231.329
231.295
231.224
231.131
231.069
230.979
230.886
230.77
230.685
230.59
230.49
230.389
230.284
230.175
230.061
229.937
229.838
229.774
229.785
229.8
229.82
229.814
229.793
229.787
229.783
229.78
229.799
229.788
229.799
229.755
229.68
229.589
229.499
229.416
229.319
229.205
229.093
228.969
228.843
228.731
228.604
228.489
228.386
228.275
228.217
228.203
228.131
228.087
228.031
227.988
227.946
227.905
227.833
227.805
227.759
227.706
227.655
227.583
227.512
227.433
227.325
227.228
227.286
227.384
227.497
227.612
227.623
227.65
227.584
227.625
227.69
227.788
227.922
227.983
228.099
228.166
228.267
228.344
228.443
228.465
228.511
228.536
228.529
228.583
228.629
228.672
228.715
228.739
228.799
228.849
228.898
228.952
229.002
229.046
229.098
229.147
229.231
229.322
229.408
229.491
229.59
229.664
229.733
229.798
229.857
229.925
230.006
230.065
230.111
230.138
230.207
230.214
230.315
230.363
230.41
230.479
230.491
230.565
230.586
230.598
230.686
230.712
230.73
230.778
230.807
230.863
230.899
230.941
230.946
230.984
230.992
230.999
231.014
231.003
230.978
230.951
230.927
230.887
230.815
230.763
230.723
230.699
230.649
230.578
230.453
230.346
230.235
230.181
230.212
230.195
230.19
230.132
230.108
230.098
230.043
230.056
230.013
230.013
230.012
230.022
229.935
229.908
229.838
229.798
229.756
229.711
229.623
229.525
229.463
229.328
229.284
229.189
229.105
229.037
228.949
228.886
228.897
228.869
228.889
228.793
228.741
228.693
228.622
228.55
228.462
228.379
228.326
228.281
228.231
228.183
228.171
228.157
228.164
228.146
228.115
228.113
228.058
227.962
227.913
227.869
227.833
227.84
227.868
227.854
227.831
227.819
227.751
227.701
227.689
227.689
227.657
227.655
227.665
227.699
227.756
227.938
228.116
228.319
228.515
228.68
228.864
229.024
229.183
229.331
229.535
229.702
229.867
229.962
230.095
230.215
230.294
230.405
230.48
230.578
230.657
230.739
230.81
230.876
230.927
230.974
231.013
231.105
231.163
231.335
231.438
231.556
231.746
231.898
232.048
232.191
232.353
232.546
232.681
232.735
232.776
232.844
232.865
232.924
232.98
233.042
233.092
233.136
233.179
233.213
233.238
233.312
233.35
233.348
233.345
233.335
233.317
233.318
233.332
233.306
233.332
233.362
233.344
233.338
233.308
233.292
233.207
233.19
233.135
233.112
233.079
233.046
233.004
232.966
232.92
232.877
232.824
232.764
232.695
232.63
232.559
232.499
232.449
232.369
232.301
232.217
232.174
232.073
232.018
231.918
231.815
231.715
231.617
231.479
231.374
231.266
231.157
231.046
230.938
230.886
230.838
230.784
230.713
230.637
230.558
230.478
230.392
230.302
230.237
230.175
230.148
230.136
230.14
230.184
230.196
230.244
230.22
230.23
230.222
230.208
230.167
230.213
230.288
230.321
230.349
230.377
230.401
230.426
230.436
230.452
230.459
230.463
230.451
230.441
230.435
230.415
230.385
230.323
230.292
230.257
230.231
230.189
230.192
230.153
230.091
230.021
229.936
229.857
229.78
229.694
229.629
229.539
229.546
229.562
229.575
229.568
229.583
229.553
229.554
229.503
229.449
229.414
229.382
229.3
229.285
229.215
229.188
229.15
229.109
229.065
229.06
229.071
229.076
229.05
229.027
229.003
229.005
229.002
228.998
228.96
228.959
228.944
228.893
228.829
228.769
228.696
228.624
228.548
228.475
228.4
228.311
228.239
228.162
228.11
228.078
228.05
228.013
227.973
227.926
227.979
228.018
228
228.039
228.056
228.016
228.026
228.009
227.986
227.958
227.929
227.89
227.874
227.848
227.81
227.841
227.833
227.817
227.794
227.795
227.717
227.728
227.761
227.764
227.851
227.937
227.992
228.064
228.164
228.228
228.26
228.332
228.362
228.463
228.54
228.65
228.751
228.844
228.937
229.029
229.059
229.146
229.221
229.296
229.354
229.417
229.525
229.581
229.552
229.596
229.763
229.891
230.036
230.178
230.269
230.341
230.406
230.487
230.517
230.561
230.594
230.63
230.661
230.694
230.775
230.885
230.964
231.035
231.093
231.162
231.224
231.286
231.384
231.476
231.531
231.627
231.688
231.731
231.8
231.851
231.893
231.918
231.919
231.958
232.005
232.004
232.018
232.006
232.012
231.977
231.966
231.925
231.889
231.835
231.795
231.728
231.702
231.696
231.675
231.66
231.649
231.608
231.596
231.518
231.472
231.381
231.393
231.398
231.439
231.522
231.622
231.715
231.809
231.908
231.995
232.092
232.106
232.133
232.179
232.219
232.243
232.317
232.415
232.485
232.545
232.598
232.645
232.682
232.719
232.744
232.767
232.778
232.813
232.818
232.812
232.802
232.782
232.729
232.682
232.605
232.555
232.486
232.393
232.305
232.246
232.188
232.129
232.067
232.002
231.939
231.845
231.743
231.669
231.597
231.523
231.487
231.402
231.361
231.282
231.216
231.147
231.11
231.035
230.979
230.917
230.865
230.807
230.74
230.67
230.581
230.488
230.394
230.273
230.182
230.154
230.086
230.009
229.909
229.845
229.749
229.612
229.518
229.389
229.293
229.199
229.155
229.107
229.057
229.001
228.954
228.908
228.888
228.904
228.975
229.002
229.002
229.04
229.072
229.099
229.054
229.066
229.028
229.024
228.992
228.97
228.962
228.95
228.939
228.922
228.908
228.887
228.87
228.844
228.807
228.758
228.71
228.655
228.6
228.537
228.488
228.437
228.418
228.468
228.532
228.563
228.638
228.669
228.717
228.748
228.775
228.88
229.004
229.143
229.246
229.332
229.448
229.532
229.568
229.654
229.742
229.804
229.877
229.933
229.965
230.032
230.15
230.208
230.254
230.36
230.424
230.438
230.458
230.457
230.514
230.576
230.614
230.657
230.702
230.704
230.709
230.73
230.709
230.658
230.622
230.574
230.54
230.516
230.516
230.476
230.49
230.602
230.614
230.649
230.669
230.669
230.659
230.683
230.685
230.689
230.657
230.638
230.624
230.596
230.555
230.545
230.528
230.53
230.551
230.537
230.518
230.521
230.538
230.522
230.525
230.501
230.445
230.41
230.393
230.478
230.593
230.652
230.717
230.83
230.863
230.928
231.011
231.07
231.111
231.154
231.201
231.189
231.19
231.2
231.186
231.167
231.183
231.248
231.27
231.31
231.388
231.41
231.471
231.555
231.561
231.62
231.669
231.77
231.782
231.776
231.816
231.821
231.867
231.817
231.8
231.823
231.846
231.896
231.895
231.899
231.889
231.884
231.862
231.827
231.796
231.751
231.691
231.634
231.575
231.503
231.42
231.321
231.225
231.127
231.033
230.98
230.917
230.843
230.813
230.769
230.674
230.613
230.554
230.464
230.373
230.311
230.25
230.138
230.067
230.004
229.903
229.81
229.736
229.656
229.532
229.452
229.334
229.231
229.143
228.992
228.87
228.745
228.597
228.463
228.321
228.171
228.043
227.935
227.843
227.782
227.705
227.668
227.684
227.679
227.702
227.718
227.706
227.728
227.699
227.701
227.712
227.695
227.715
227.773
227.753
227.773
227.777
227.912
228.077
228.205
228.349
228.494
228.613
228.713
228.874
229.022
229.169
229.295
229.393
229.492
229.605
229.705
229.82
229.873
229.952
230.05
230.123
230.203
230.302
230.422
230.498
230.555
230.658
230.702
230.69
230.713
230.759
230.755
230.723
230.763
230.761
230.736
230.742
230.742
230.71
230.673
230.645
230.614
230.668
230.73
230.78
230.82
230.89
230.934
230.963
230.982
230.972
230.972
230.975
230.974
230.935
230.883
230.822
230.79
230.754
230.746
230.758
230.747
230.747
230.729
230.741
230.72
230.79
230.889
230.934
230.978
231.014
231.048
231.074
231.073
231.09
231.087
231.131
231.158
231.141
231.093
231.055
231.015
230.994
230.953
230.909
230.862
230.802
230.793
230.811
230.858
230.888
230.853
230.852
230.834
230.813
230.805
230.793
230.757
230.729
230.706
230.679
230.65
230.619
230.544
230.5
230.455
230.405
230.385
230.279
230.218
230.136
230.048
229.995
229.924
229.853
229.786
229.715
229.66
229.568
229.494
229.422
229.315
229.282
229.262
229.283
229.288
229.346
229.298
229.343
229.299
229.265
229.285
229.249
229.227
229.23
229.241
229.233
229.226
229.218
229.283
229.299
229.383
229.42
229.3
229.196
229.153
229.025
228.923
228.859
228.749
228.648
228.542
228.478
228.423
228.443
228.567
228.658
228.715
228.819
228.891
228.935
228.972
229.053
229.132
229.209
229.271
229.339
229.406
229.477
229.486
229.489
229.563
229.636
229.628
229.716
229.738
229.795
229.843
229.867
229.894
229.949
229.978
229.979
229.994
230.026
230.012
230.035
230.045
230.049
230.049
230.064
230.056
230.034
230.054
230.01
229.969
230.017
230.054
230.065
230.137
230.218
230.286
230.403
230.52
230.618
230.718
230.808
230.898
230.981
231.054
231.128
231.193
231.266
231.365
231.526
231.64
231.754
231.875
231.916
231.981
232.004
232.025
232.017
232.02
232.059
232.111
232.134
232.143
232.167
232.176
232.161
232.143
232.077
232.033
231.96
231.934
231.856
231.808
231.756
231.736
231.694
231.671
231.603
231.513
231.41
231.333
231.242
231.168
231.048
230.942
230.81
230.718
230.61
230.658
230.691
230.726
230.745
230.765
230.806
230.81
230.779
230.772
230.744
230.726
230.71
230.7
230.654
230.609
230.606
230.583
230.522
230.453
230.409
230.292
230.223
230.172
230.179
230.228
230.29
230.328
230.38
230.435
230.623
230.782
230.959
231.122
231.253
231.324
231.415
231.513
231.631
231.707
231.804
231.883
231.936
231.988
232.032
232.062
232.094
232.116
232.119
232.074
232.009
232
231.983
231.966
231.939
231.922
231.929
231.971
232.004
232.036
232.071
232.092
232.101
232.11
232.111
232.096
232.062
232.018
231.954
231.906
231.898
231.795
231.811
231.75
231.695
231.639
231.583
231.491
231.386
231.246
231.172
231.04
230.934
230.763
230.605
230.473
230.342
230.152
229.98
229.828
229.722
229.632
229.601
229.641
229.698
229.772
229.834
229.878
229.928
229.974
229.989
230.02
230.034
229.949
229.82
229.734
229.683
229.609
229.563
229.523
229.479
229.477
229.433
229.414
229.39
229.335
229.262
229.184
229.087
228.985
228.901
228.791
228.674
228.567
228.464
228.378
228.291
228.201
228.115
228.038
228.032
228.064
228.112
228.147
228.166
228.208
228.246
228.27
228.305
228.315
228.335
228.328
228.391
228.644
228.895
229.132
229.356
229.582
229.778
229.886
230.02
230.095
230.163
230.241
230.333
230.412
230.475
230.49
230.54
230.605
230.624
230.629
230.621
230.629
230.59
230.537
230.526
230.513
230.501
230.489
230.473
230.453
230.433
230.41
230.336
230.288
230.307
230.298
230.293
230.303
230.294
230.278
230.311
230.32
230.305
230.319
230.311
230.275
230.288
230.287
230.305
230.356
230.403
230.43
230.477
230.518
230.554
230.571
230.585
230.594
230.618
230.748
230.823
230.912
230.994
231.066
231.127
231.201
231.258
231.285
231.312
231.354
231.379
231.384
231.396
231.385
231.405
231.401
231.381
231.356
231.36
231.322
231.337
231.346
231.347
231.352
231.336
231.312
231.279
231.242
231.209
231.195
231.241
231.276
231.296
231.303
231.302
231.307
231.305
231.298
231.237
231.219
231.204
231.183
231.159
231.11
231.107
231.1
230.995
230.982
230.953
230.903
230.84
230.794
230.767
230.727
230.662
230.6
230.532
230.472
230.397
230.295
230.248
230.164
230.059
230.031
229.938
229.892
229.793
229.566
229.462
229.411
229.407
229.407
229.388
229.383
229.37
229.398
229.363
229.403
229.396
229.374
229.427
229.461
229.451
229.448
229.462
229.485
229.504
229.505
229.507
229.502
229.494
229.476
229.462
229.443
229.421
229.385
229.361
229.318
229.237
229.285
229.252
229.251
229.189
229.166
229.119
229.084
229.072
229.048
229.082
229.004
228.982
228.919
228.909
228.875
228.78
228.721
228.664
228.59
228.548
228.517
228.489
228.454
228.431
228.404
228.378
228.352
228.327
228.348
228.365
228.372
228.385
228.393
228.443
228.463
228.49
228.538
228.527
228.523
228.563
228.618
228.671
228.717
228.759
228.789
228.815
228.831
228.827
228.839
228.849
228.856
228.864
228.894
228.949
229.039
229.152
229.263
229.366
229.465
229.558
229.649
229.736
229.822
229.901
230.004
230.076
230.07
230.051
230.012
229.976
229.919
229.976
230.075
230.136
230.268
230.304
230.403
230.477
230.549
230.628
230.672
230.741
230.756
230.792
230.807
230.931
231.061
231.191
231.283
231.391
231.513
231.651
231.785
231.916
232.039
232.156
232.268
232.371
232.468
232.558
232.643
232.722
232.796
232.859
232.936
232.986
233.032
233.07
233.094
233.087
233.102
233.107
233.109
233.108
233.108
233.144
233.195
233.23
233.26
233.281
233.294
233.303
233.303
233.293
233.284
233.277
233.264
233.243
233.26
233.225
233.187
233.165
233.109
233.03
232.956
232.896
232.819
232.723
232.635
232.556
232.444
232.35
232.268
232.165
232.11
232.046
231.986
231.929
231.845
231.764
231.688
231.596
231.451
231.313
231.177
231.01
230.873
230.724
230.566
230.405
230.238
230.071
229.894
229.746
229.584
229.379
229.208
229.019
228.824
228.665
228.456
228.35
228.32
228.28
228.199
228.113
228.05
227.963
227.903
227.828
227.772
227.695
227.61
227.53
227.45
227.429
227.481
227.526
227.553
227.565
227.614
227.69
227.815
227.981
228.165
228.313
228.471
228.62
228.752
228.916
229.116
229.314
229.514
229.725
229.924
230.098
230.262
230.354
230.431
230.527
230.628
230.757
230.834
230.9
230.964
231.019
231.064
231.107
231.143
231.161
231.208
231.23
231.208
231.222
231.229
231.265
231.25
231.286
231.283
231.296
231.284
231.269
231.241
231.221
231.172
231.151
231.061
231.056
231.055
230.985
230.937
230.902
230.859
230.78
230.694
230.597
230.462
230.355
230.284
230.248
230.194
230.112
230.063
229.975
229.889
229.76
229.63
229.51
229.386
229.308
229.279
229.252
229.226
229.197
229.163
229.137
229.089
229.037
228.992
228.943
228.892
228.851
228.818
228.847
228.857
228.854
228.87
228.854
228.829
228.774
228.75
228.715
228.746
228.832
228.923
229.016
229.107
229.127
229.136
229.166
229.196
229.194
229.18
229.206
229.178
229.148
229.147
229.264
229.383
229.474
229.6
229.708
229.769
229.824
229.872
229.916
229.995
230.128
230.253
230.414
230.531
230.627
230.782
230.845
230.915
231.043
231.093
231.157
231.22
231.279
231.295
231.319
231.342
231.338
231.322
231.36
231.354
231.349
231.327
231.306
231.28
231.249
231.214
231.171
231.119
231.049
230.984
230.9
230.836
230.803
230.694
230.671
230.608
230.466
230.367
230.236
230.129
229.971
229.889
229.84
229.806
229.767
229.68
229.623
229.595
229.513
229.488
229.439
229.395
229.348
229.306
229.262
229.192
229.152
229.104
229.017
228.969
228.919
228.833
228.772
228.769
228.857
228.982
228.971
229.01
229.033
229.049
229.056
229.016
229.008
229.067
229.089
229.118
229.159
229.174
229.183
229.212
229.194
229.232
229.255
229.312
229.265
229.272
229.262
229.258
229.237
229.149
229.167
229.071
228.991
228.94
228.87
228.839
228.778
228.686
228.663
228.631
228.573
228.528
228.564
228.617
228.65
228.723
228.84
228.922
229.005
229.046
229.063
229.104
229.125
229.173
229.215
229.313
229.435
229.522
229.628
229.743
229.835
229.906
230.056
230.105
230.138
230.19
230.227
230.265
230.355
230.475
230.56
230.604
230.651
230.7
230.774
230.863
230.88
230.893
231.083
231.229
231.353
231.523
231.62
231.713
231.799
231.881
231.954
232.023
232.132
232.192
232.249
232.299
232.346
232.381
232.424
232.45
232.471
232.492
232.5
232.505
232.519
232.516
232.513
232.503
232.488
232.468
232.438
232.398
232.379
232.343
232.308
232.261
232.219
232.183
232.147
232.105
232.062
232.013
231.961
231.892
231.825
231.753
231.675
231.598
231.52
231.458
231.442
231.434
231.413
231.39
231.362
231.329
231.291
231.308
231.262
231.214
231.115
231.043
230.966
230.889
230.852
230.837
230.823
230.84
230.874
230.905
230.952
230.954
230.959
230.963
230.926
230.927
230.857
230.829
230.777
230.724
230.673
230.606
230.636
230.591
230.548
230.493
230.521
230.526
230.552
230.516
230.548
230.53
230.528
230.47
230.395
230.336
230.231
230.156
230.007
229.948
229.896
229.807
229.796
229.706
229.652
229.578
229.526
229.391
229.313
229.242
229.148
229.072
229.006
228.965
228.92
228.824
228.723
228.629
228.529
228.405
228.284
228.152
228.075
228.048
228.013
227.988
227.931
227.925
227.895
227.85
227.828
227.859
227.885
227.906
227.879
227.879
227.899
227.921
227.891
227.888
227.875
227.807
227.795
227.791
227.748
227.715
227.68
227.679
227.661
227.654
227.632
227.636
227.621
227.709
227.862
227.981
228.064
228.197
228.231
228.289
228.341
228.383
228.404
228.4
228.376
228.369
228.391
228.392
228.44
228.479
228.531
228.596
228.634
228.846
229.038
229.228
229.412
229.584
229.698
229.807
229.91
230.005
230.098
230.227
230.37
230.505
230.645
230.78
230.909
231.031
231.146
231.253
231.355
231.439
231.525
231.603
231.676
231.741
231.806
231.898
232.009
232.114
232.208
232.328
232.404
232.439
232.516
232.597
232.673
232.887
233.047
233.247
233.429
233.531
233.688
233.82
233.939
234.01
234.099
234.187
233.969
233.989
234.021
234.047
234.1
234.113
234.12
234.12
234.113
234.092
234.059
234.03
234.002
233.954
233.9
233.836
233.771
233.711
233.695
233.654
233.608
233.585
233.522
233.452
233.404
233.34
233.239
233.162
233.056
232.971
232.86
232.741
232.643
232.53
232.386
232.271
232.152
232.012
231.871
231.742
231.589
231.473
231.319
231.185
231.048
230.875
230.703
230.527
230.35
230.178
230.019
229.918
229.807
229.704
229.601
229.494
229.386
229.265
229.141
229.021
228.88
228.718
228.565
228.387
228.237
228.042
227.903
227.751
227.563
227.454
227.339
227.216
227.071
226.928
226.813
226.656
226.498
226.358
226.217
226.073
225.913
225.812
225.755
225.656
225.6
225.59
225.62
225.64
225.667
225.684
225.667
225.729
225.796
225.887
225.979
226.067
226.152
226.172
226.188
226.211
226.231
226.209
226.283
226.345
226.387
226.448
226.462
226.496
226.515
226.5
226.482
226.459
226.49
226.521
226.56
226.597
226.639
226.812
226.993
227.193
227.319
227.514
227.691
227.807
227.971
228.069
228.171
228.316
228.381
228.557
228.632
228.722
228.833
228.971
229.1
229.222
229.343
229.473
229.554
229.673
229.739
229.851
229.998
230.114
230.311
230.479
230.689
230.9
231.084
231.219
231.353
231.443
231.535
231.622
231.725
231.86
231.998
232.129
232.21
232.292
232.442
232.597
232.691
232.799
232.865
232.932
232.993
233.035
233.075
233.086
233.171
233.23
233.347
233.507
233.64
233.753
233.844
233.961
234.027
234.093
234.15
234.174
234.194
234.197
234.179
234.181
234.188
234.184
234.173
234.156
234.122
234.147
234.179
234.24
234.256
234.303
234.324
234.313
234.308
234.323
234.298
234.281
234.213
234.163
234.095
234.021
233.924
233.852
233.764
233.647
233.525
233.348
233.238
233.146
233.011
232.92
232.834
232.742
232.647
232.537
232.433
232.326
232.254
232.178
232.051
231.957
231.865
231.728
231.63
231.51
231.123
230.897
230.743
230.591
230.46
230.324
230.144
230.01
229.89
229.748
229.615
229.479
229.325
229.197
229.035
228.934
228.904
228.897
228.921
228.937
228.952
228.916
228.878
228.841
228.797
228.746
228.694
228.633
228.571
228.507
228.428
228.349
228.27
228.189
228.107
228.02
227.993
227.961
227.875
227.833
227.793
227.751
227.705
227.724
227.743
227.79
227.771
227.779
227.746
227.723
227.669
227.629
227.616
227.552
227.433
227.337
227.207
227.107
227.05
226.983
226.919
226.892
226.829
226.767
226.796
226.812
226.822
226.84
226.883
226.88
226.801
226.807
226.759
226.74
226.89
226.985
227.089
227.217
227.33
227.43
227.549
227.657
227.746
227.804
227.873
228.014
228.189
228.365
228.574
228.693
228.827
228.913
229.021
229.166
229.267
229.378
229.502
229.699
229.891
230.072
230.191
230.29
230.387
230.476
230.627
230.77
230.914
231.063
231.275
231.454
231.592
231.749
231.927
232.062
232.215
232.361
232.509
232.611
232.72
232.845
232.941
233.041
233.119
233.186
233.252
233.295
233.324
233.376
233.404
233.414
233.422
233.441
233.519
233.611
233.649
233.731
233.791
233.813
233.865
233.886
233.912
233.919
233.895
233.906
233.905
233.857
233.839
233.863
233.839
233.846
233.786
233.745
233.673
233.689
233.676
233.634
233.588
233.522
233.464
233.401
233.336
233.268
233.199
233.12
233.036
232.96
232.889
232.794
232.649
232.535
232.403
232.301
232.202
232.119
231.971
231.92
231.864
231.762
231.624
231.573
231.437
231.32
231.246
231.143
231.004
230.872
230.763
230.631
230.467
230.35
230.183
229.999
229.868
229.688
229.53
229.373
229.187
229.035
228.88
228.673
228.511
228.354
228.196
228.078
227.99
227.891
227.78
227.679
227.531
227.415
227.31
227.179
227.058
226.92
226.734
226.61
226.487
226.332
226.196
226.075
225.913
225.797
225.662
225.524
225.362
225.245
225.07
224.916
224.814
224.647
224.533
224.402
224.404
224.438
224.472
224.521
224.51
224.537
224.52
224.702
224.826
225.037
225.258
225.649
225.932
226.329
226.674
226.971
227.296
227.561
227.852
228.114
228.321
228.526
228.774
228.954
229.128
229.315
229.484
229.621
229.78
229.918
230.028
230.17
230.251
230.347
230.45
230.537
230.585
230.695
230.756
230.8
230.862
230.912
230.917
230.942
231.001
230.976
230.978
230.992
230.914
230.898
230.9
230.885
230.843
230.828
230.785
230.785
230.782
230.768
230.802
230.852
230.902
230.939
230.937
230.991
231.015
231.017
231.033
231.037
231.01
231.033
231.073
231.105
231.176
231.242
231.292
231.338
231.377
231.41
231.437
231.47
231.525
231.617
231.699
231.767
231.827
231.826
231.871
231.894
231.892
231.865
231.855
231.866
231.882
231.903
231.951
231.934
231.936
231.932
231.923
231.898
231.862
231.789
231.773
231.746
231.731
231.712
231.72
231.734
231.751
231.697
231.647
231.58
231.525
231.493
231.528
231.62
231.661
231.647
231.676
231.625
231.61
231.557
231.555
231.521
231.505
231.456
231.435
231.368
231.294
231.214
231.157
231.083
231.021
231.013
231.088
231.191
231.317
231.469
231.578
231.669
231.753
231.727
231.735
231.803
231.813
231.821
231.823
231.798
231.784
231.757
231.73
231.628
231.566
231.515
231.428
231.354
231.241
231.172
231.092
231.035
231.016
231.002
230.978
230.961
230.935
230.987
231.017
231.059
231.018
230.977
230.93
230.882
230.804
230.746
230.679
230.618
230.565
230.505
230.503
230.492
230.475
230.455
230.43
230.395
230.306
230.179
230.063
229.934
229.816
229.685
229.591
229.492
229.462
229.481
229.479
229.487
229.494
229.494
229.522
229.522
229.522
229.496
229.477
229.469
229.442
229.403
229.376
229.34
229.303
229.284
229.222
229.169
229.119
229.061
228.997
228.99
228.956
228.878
228.825
228.777
228.706
228.641
228.6
228.597
228.587
228.561
228.626
228.678
228.722
228.769
228.774
228.808
228.833
228.861
228.873
228.873
228.933
228.999
229.063
229.129
229.094
229.122
229.158
229.155
229.18
229.15
229.172
229.119
229.106
229.06
228.991
228.904
228.836
228.799
228.783
228.87
228.956
229.061
229.139
229.208
229.269
229.23
229.245
229.257
229.23
229.239
229.261
229.276
229.29
229.301
229.31
229.313
229.307
229.295
229.275
229.198
229.181
229.071
229.075
229.12
229.167
229.315
229.445
229.55
229.708
229.777
229.929
229.996
230.003
230.052
230.105
230.089
230.138
230.231
230.279
230.28
230.312
230.294
230.294
230.304
230.288
230.281
230.245
230.139
230.051
229.962
229.876
229.835
229.778
229.724
229.678
229.639
229.585
229.57
229.617
229.706
229.753
229.943
230.139
230.291
230.442
230.582
230.686
230.796
230.9
230.983
231.065
231.171
231.255
231.317
231.385
231.484
231.553
231.605
231.657
231.788
231.763
231.759
231.77
231.799
231.838
231.833
231.876
231.96
232.021
232.159
232.259
232.346
232.443
232.502
232.566
232.624
232.669
232.694
232.717
232.729
232.732
232.731
232.717
232.701
232.681
232.653
232.617
232.576
232.525
232.478
232.403
232.341
232.287
232.186
232.098
232.045
231.927
231.836
231.715
231.624
231.498
231.451
231.382
231.353
231.387
231.414
231.438
231.454
231.469
231.484
231.494
231.543
231.582
231.601
231.602
231.625
231.627
231.622
231.625
231.578
231.533
231.501
231.451
231.344
231.225
231.152
231.073
231.012
230.966
230.917
230.841
230.849
230.725
230.698
230.654
230.608
230.56
230.531
230.483
230.384
230.322
230.208
230.135
230.052
229.97
229.832
229.751
229.616
229.547
229.431
229.3
229.201
229.069
228.965
228.825
228.705
228.544
228.43
228.325
228.219
228.114
228.02
227.949
227.886
227.776
227.684
227.632
227.546
227.434
227.335
227.245
227.098
227.009
226.874
226.719
226.606
226.491
226.452
226.383
226.319
226.346
226.316
226.325
226.363
226.367
226.368
226.395
226.435
226.426
226.449
226.503
226.517
226.531
226.567
226.592
226.581
226.586
226.606
226.614
226.689
226.758
226.853
226.922
227.002
227.073
227.151
227.292
227.489
227.671
227.843
227.967
228.121
228.265
228.354
228.452
228.547
228.597
228.594
228.548
228.548
228.506
228.499
228.496
228.588
228.643
228.707
228.726
228.809
228.924
229.097
229.311
229.489
229.701
229.833
230.081
230.267
230.493
230.625
230.717
230.852
230.944
231.068
231.169
231.27
231.372
231.46
231.511
231.593
231.621
231.671
231.734
231.748
231.864
231.921
231.962
232.044
232.123
232.183
232.211
232.271
232.294
232.376
232.456
232.532
232.602
232.665
232.714
232.759
232.806
232.839
232.866
232.884
232.901
232.904
232.898
232.889
232.875
232.893
232.944
232.979
233.013
233.044
233.121
233.194
233.261
233.348
233.364
233.416
233.41
233.431
233.471
233.516
233.563
233.563
233.566
233.562
233.55
233.529
233.503
233.472
233.435
233.354
233.321
233.284
233.244
233.191
233.12
233.007
232.93
232.856
232.782
232.688
232.592
232.493
232.344
232.23
232.122
232.007
231.888
231.769
231.648
231.526
231.401
231.279
231.158
230.998
230.877
230.763
230.629
230.457
230.317
230.166
230.027
229.839
229.701
229.561
229.423
229.296
229.14
228.993
228.872
228.715
228.569
228.44
228.287
228.117
227.933
227.792
227.672
227.538
227.438
227.337
227.231
227.127
227.022
226.914
226.967
227.012
227.061
227.052
227.104
227.146
227.21
227.283
227.407
227.508
227.582
227.685
227.781
227.867
227.94
228.016
228.1
228.26
228.48
228.694
228.881
229.062
229.234
229.411
229.602
229.922
230.163
230.404
230.64
230.864
231.09
231.238
231.423
231.59
231.757
231.962
232.154
232.343
232.543
232.812
233.095
233.36
233.566
233.925
234.172
234.453
234.733
234.909
235.152
235.408
235.587
235.749
235.925
236.123
236.259
236.336
236.436
236.56
236.677
236.73
236.833
236.922
236.976
236.998
237.083
237.128
237.186
237.271
237.378
237.543
237.68
237.792
237.874
237.995
238.099
238.214
238.359
238.48
238.688
238.827
239.042
239.171
239.334
239.426
239.475
239.553
239.654
239.856
240.019
240.223
240.392
240.548
240.723
240.864
240.995
241.133
241.236
241.373
241.487
241.573
241.68
241.79
241.878
241.973
242.073
242.132
242.205
242.284
242.334
242.424
242.487
242.617
242.837
243.013
243.169
243.297
243.478
243.582
243.686
243.783
243.951
244.178
244.379
244.548
244.719
244.895
245.016
245.12
245.21
245.258
245.345
245.373
245.502
245.601
245.679
245.727
245.81
245.846
245.913
245.941
245.974
246.002
246.064
246.102
246.117
246.121
246.143
246.094
246.067
246.066
245.987
245.943
245.924
245.831
245.774
245.729
245.624
245.528
245.413
245.31
245.174
245.042
244.951
244.858
244.738
244.647
244.567
244.511
244.476
244.396
244.361
244.274
244.214
244.126
244.046
243.973
243.889
243.796
243.72
243.646
243.548
243.45
243.355
243.236
243.128
243.015
242.899
242.788
242.645
242.522
242.384
242.296
242.273
242.258
242.299
242.407
242.484
242.5
242.506
242.497
242.499
242.493
242.442
242.427
242.402
242.387
242.313
242.246
242.239
242.236
242.242
242.271
242.269
242.228
242.139
242.091
242.015
241.97
241.896
241.792
241.686
241.633
241.578
241.518
241.455
241.402
241.401
241.411
241.43
241.487
241.551
241.66
241.733
241.814
241.887
241.987
242.067
242.176
242.256
242.361
242.46
242.554
242.641
242.72
242.794
242.859
242.913
242.964
243.017
243.122
243.229
243.332
243.428
243.517
243.591
243.658
243.721
243.79
243.913
244.027
244.132
244.232
244.328
244.426
244.74
245.074
245.399
245.71
246.014
246.309
246.585
246.847
247.106
247.353
247.581
247.804
248.016
248.216
248.407
248.622
248.878
249.124
249.355
249.573
249.786
249.981
250.128
250.306
250.474
250.682
250.885
251.069
251.28
251.505
251.743
251.934
252.118
252.306
252.437
252.562
252.75
252.872
252.982
253.145
253.3
253.39
253.53
253.661
253.785
253.898
253.97
254.034
254.075
254.116
254.15
254.176
254.194
254.17
254.253
254.335
254.416
254.493
254.564
254.599
254.667
254.732
254.793
254.859
254.918
254.931
254.98
255.016
255.016
255.006
255.049
255.026
254.974
254.956
255.005
255.092
255.289
255.405
255.556
255.668
255.83
256.003
256.121
256.221
256.343
256.438
256.522
256.655
256.737
256.831
256.934
257.055
257.154
257.271
257.316
257.38
257.409
257.458
257.468
257.51
257.653
257.786
257.914
258.082
258.22
258.33
258.41
258.508
258.584
258.652
258.721
258.752
258.807
258.863
258.911
258.936
258.957
258.975
258.981
259.002
259.102
259.27
259.406
259.578
259.713
259.824
259.961
260.051
260.195
260.317
260.416
260.493
260.563
260.628
260.686
260.738
260.897
260.983
261.067
261.088
261.234
261.369
261.486
261.596
261.684
261.758
261.847
261.897
261.927
261.945
261.986
261.953
261.98
261.971
262.008
262.064
262.078
262.157
262.254
262.333
262.403
262.49
262.555
262.624
262.674
262.727
262.736
262.775
262.77
262.784
262.773
262.776
262.752
262.742
262.74
262.722
262.683
262.627
262.553
262.483
262.403
262.326
262.247
262.157
262.057
261.959
261.866
261.757
261.653
261.552
261.448
261.339
261.247
261.147
261.04
260.947
260.857
260.773
260.687
260.607
260.529
260.449
260.38
260.308
260.251
260.197
260.177
260.186
260.35
260.687
261.054
261.441
261.84
262.464
263.07
263.686
264.253
264.824
265.39
265.899
266.377
266.904
267.369
267.833
268.308
268.744
269.119
269.408
269.779
269.777
269.938
270.275
270.63
271.099
271.559
271.995
272.531
272.963
273.32
273.722
274.109
274.466
274.898
275.307
275.705
276.049
276.399
276.724
277.088
277.35
277.67
277.962
278.225
278.448
278.706
278.946
279.113
279.346
279.488
279.671
279.836
279.98
280.103
280.246
280
280.117
280.196
280.327
280.437
280.507
280.568
280.662
280.742
280.753
280.804
280.841
280.828
280.851
280.858
280.861
280.849
280.831
280.773
280.777
280.763
280.702
280.666
280.624
280.609
280.54
280.648
280.706
280.701
280.734
280.767
280.764
280.782
280.737
280.741
280.743
280.797
280.93
281.055
281.213
281.381
281.569
281.736
281.907
282.038
282.211
282.38
282.551
282.704
282.878
283.011
283.197
283.333
283.505
283.672
283.805
283.959
284.113
284.407
284.911
285.398
285.838
286.291
286.736
287.174
287.915
288.828
289.718
290.125
290.541
291.287
292.211
293.148
294.061
294.973
295.986
296.975
297.477
298.295
299.218
300.12
300.999
301.862
302.709
303.574
304.44
305.283
306.112
306.916
307.682
308.449
309.197
309.924
310.634
311.327
312.004
312.635
313.275
313.894
314.473
315.062
315.629
316.182
316.693
317.214
317.715
318.191
318.663
319.118
319.56
319.989
320.406
320.818
321.215
321.585
321.593
321.779
322.134
322.482
322.826
323.165
323.5
323.829
324.152
324.469
324.776
325.065
324.99
324.909
324.917
325.178
325.555
326.097
326.853
327.594
327.909
328.501
329.202
329.891
330.569
330.805
331.087
331.391
331.997
332.627
333.245
333.853
334.449
335.031
335.598
336.147
336.684
337.224
337.858
338.516
339.156
339.79
340.42
341.04
341.652
342.257
342.854
343.44
344.013
344.196
344.671
345.185
345.701
346.219
346.764
347.309
347.84
348.366
348.88
349.386
349.883
350.368
350.843
351.305
351.742
352.168
352.573
352.976
353.459
353.983
354.497
355.003
355.497
355.98
356.387
356.78
357.237
357.691
358.137
358.573
359.002
359.424
359.83
360.235
360.627
361.008
361.373
361.718
362.047
362.375
362.705
363.048
363.389
363.721
364.047
364.25
364.535
364.85
365.161
365.47
365.771
366.071
366.363
366.651
366.936
367.217
367.485
367.739
367.982
368.212
368.435
368.648
368.82
369.045
369.299
369.55
369.802
370.049
370.298
370.536
370.784
371.03
371.276
371.52
371.76
372.001
372.23
372.445
372.65
372.847
373.059
373.272
373.48
373.681
373.881
374.07
374.259
374.45
374.639
374.827
375.015
375.201
375.39
375.58
375.773
375.968
376.164
376.362
376.562
376.763
376.965
377.165
377.361
377.544
377.716
377.881
378.083
378.417
378.744
379.064
379.38
379.687
379.991
380.288
380.579
380.864
381.14
381.413
381.678
381.939
382.195
382.444
382.688
382.924
383.155
383.38
383.6
383.812
384.019
384.222
384.422
384.619
384.81
384.995
385.174
385.345
385.508
385.671
385.828
385.982
386.132
386.276
386.412
386.546
386.674
386.797
386.915
387.029
387.125
387.229
387.331
387.428
387.522
387.612
387.7
387.782
387.864
387.942
388.017
388.09
388.027
387.972
387.947
387.922
387.896
387.869
387.892
387.951
388.006
388.059
388.109
388.157
388.205
388.252
388.301
388.35
388.401
388.456
388.513
388.573
388.637
388.704
388.775
388.847
388.923
388.999
389.076
389.154
389.224
389.281
389.33
389.384
389.437
