0.026413
0.060015
0.0857048
0.115745
0.141401
0.167048
0.19268
0.218321
0.243998
0.269677
0.295416
0.321142
0.346859
0.372559
0.39826
0.423992
0.449679
0.475371
0.501097
0.526821
0.552542
0.578282
0.604058
0.629782
0.655537
0.68123
0.70701
0.732784
0.758532
0.784262
0.809997
0.835738
0.861478
0.887189
0.912899
0.938654
0.964407
0.990142
1.01585
1.04155
1.06726
1.09297
1.1187
1.14442
1.17012
1.19585
1.22155
1.24725
1.27296
1.29868
1.3244
1.35012
1.37585
1.40154
1.42724
1.45295
1.47866
1.50436
1.53007
1.55588
1.58159
1.60728
1.63298
1.65866
1.68437
1.71004
1.73574
1.76145
1.78722
1.81292
1.83859
1.86428
1.88997
1.91617
1.94193
1.9677
1.9935
2.01931
2.04506
2.0708
2.09655
2.1223
2.14803
2.17374
2.19948
2.22519
2.25094
2.27669
2.30247
2.32825
2.35399
2.37972
2.40546
2.43116
2.45687
2.4826
2.50833
2.53405
2.55977
2.58551
2.6112
2.63692
2.66266
2.68842
2.71417
2.73993
2.76568
2.79142
2.8172
2.84295
2.8687
2.89443
2.92017
2.94592
2.97164
2.99741
3.02316
3.04891
3.07466
3.10039
3.12612
3.15185
3.1776
3.20337
3.22911
3.25483
3.28057
3.30632
3.33206
3.35776
3.38347
3.40918
3.43493
3.46066
3.48646
3.51227
3.53804
3.56386
3.58961
3.61537
3.64109
3.66687
3.69264
3.71841
3.74414
3.76991
3.79567
3.8214
3.84716
3.87292
3.89871
3.92448
3.95024
3.97605
4.00178
4.02752
4.05328
4.07906
4.10479
4.13053
4.15626
4.18198
4.20773
4.23353
4.25929
4.28506
4.3108
4.33653
4.36226
4.388
4.41376
4.43953
4.46528
4.49103
4.51677
4.54255
4.56832
4.59407
4.61982
4.64555
4.67127
4.69699
4.72273
4.74845
4.77415
4.79991
4.82567
4.85143
4.87718
4.90291
4.92863
4.9544
4.98021
5.00597
5.03171
5.05744
5.08316
5.10886
5.1346
5.16032
5.18606
5.2118
5.23752
5.26323
5.28893
5.31466
5.3404
5.36613
5.39188
5.41758
5.44333
5.46906
5.49479
5.52049
5.54623
5.57206
5.59783
5.62355
5.64925
5.67499
5.70073
5.72643
5.75219
5.77796
5.80373
5.8295
5.85526
5.88098
5.90674
5.9325
5.95823
5.98401
6.00979
6.0356
6.06136
6.08712
6.11285
6.13856
6.16432
6.19012
6.21589
6.24163
6.26735
6.29306
6.31882
6.34454
6.37027
6.39604
6.42177
6.44751
6.47324
6.49899
6.5247
6.55044
6.57617
6.6019
6.62764
6.65336
6.67915
6.7049
6.7306
6.75634
6.78204
6.80778
6.83352
6.85923
6.88495
6.91074
6.93648
6.96218
6.98791
7.01365
7.03939
7.06513
7.09091
7.11664
7.1425
7.1683
7.19405
7.21979
7.2455
7.2712
7.29692
7.3226
7.34833
7.37407
7.39982
7.42558
7.45133
7.47708
7.50282
7.52854
7.55428
7.58004
7.60576
7.63151
7.65728
7.68299
7.70872
7.73446
7.76028
7.78608
7.8119
7.83768
7.86343
7.88917
7.91492
7.94066
7.96639
7.9921
8.01783
8.04356
8.0693
8.09503
8.12077
8.14651
8.17244
8.19815
8.22386
8.24958
8.27532
8.30109
8.32685
8.3526
8.37833
8.40407
8.42981
8.45555
8.4813
8.50702
8.53274
8.55848
8.58424
8.61
8.63576
8.66151
8.68724
8.71297
8.73869
8.76442
8.79018
8.816
8.84175
8.86746
8.89319
8.91892
8.94462
8.97034
8.99605
9.02173
9.04743
9.07318
9.09892
9.12466
9.1504
9.17617
9.20191
9.22763
9.25336
9.27908
9.30483
9.33056
9.35628
9.38201
9.40776
9.43351
9.45925
9.48499
9.51072
9.53647
9.56221
9.58796
9.61369
9.63939
9.66514
9.69089
9.7167
9.74248
9.76825
9.79403
9.81975
9.84546
9.87118
9.89691
9.92267
9.94841
9.97416
9.9999
10.0256
10.0514
10.0771
10.1028
10.1286
10.1543
10.1801
10.2058
10.2316
10.2573
10.2831
10.3089
10.3346
10.3603
10.3861
10.4119
10.4377
10.4635
10.4893
10.515
10.5407
10.5665
10.5922
10.6179
10.6436
10.6693
10.6951
10.7208
10.7466
10.7724
10.7981
10.824
10.8498
10.8755
10.9012
10.927
10.9527
10.9785
11.0042
11.0299
11.0557
11.0814
11.1072
11.1329
11.1586
11.1843
11.21
11.2357
11.2614
11.2871
11.3129
11.3386
11.3644
11.3901
11.4158
11.4416
11.4673
11.493
11.5188
11.5445
11.5702
11.596
11.6217
11.6475
11.6732
11.6989
11.7246
11.7504
11.7761
11.8018
11.8275
11.8532
11.8789
11.9046
11.9303
11.956
11.9818
12.0075
12.0332
12.059
12.0847
12.1105
12.1362
12.162
12.1877
12.2135
12.2392
12.265
12.2907
12.3164
12.3422
12.3679
12.3937
12.4194
12.4451
12.4709
12.4966
12.5224
12.5481
12.5738
12.5995
12.6252
12.6509
12.6768
12.7026
12.7283
12.754
12.7798
12.8055
12.8313
12.857
12.8827
12.9084
12.9341
12.9599
12.9856
13.0113
13.037
13.0627
13.0884
13.1142
13.1399
13.1657
13.1914
13.2171
13.2428
13.2685
13.2942
13.3199
13.3456
13.3714
13.3971
13.4228
13.4485
13.4742
13.5
13.5257
13.5514
13.5772
13.6029
13.6287
13.6545
13.6803
13.706
13.7318
13.7575
13.7832
13.8089
13.8346
13.8603
13.886
13.9117
13.9375
13.9632
13.9889
14.0147
14.0404
14.0661
14.0918
14.1176
14.1433
14.1691
14.1949
14.2206
14.2463
14.2721
14.2978
14.3235
14.3493
14.375
14.4008
14.4265
14.4523
14.478
14.5037
14.5295
14.5552
14.5809
14.6067
14.6324
14.6581
14.6838
14.7096
14.7353
14.761
14.7867
14.8125
14.8382
14.864
14.8898
14.9156
14.9414
14.9671
14.993
15.0187
15.0445
15.0703
15.096
15.1218
15.1476
15.1734
15.1992
15.225
15.2508
15.2765
15.3022
15.328
15.3537
15.3795
15.4052
15.4309
15.4566
15.4823
15.5081
15.5339
15.5596
15.5853
15.611
15.6368
15.6625
15.6883
15.714
15.7398
15.7655
15.7912
15.8169
15.8427
15.8684
15.8941
15.9199
15.9456
15.9714
15.9972
16.0229
16.0486
16.0745
16.1002
16.1259
16.1517
16.1774
16.2032
16.2289
16.2547
16.2805
16.3063
16.332
16.3578
16.3835
16.4092
16.4349
16.4607
16.4864
16.5122
16.5379
16.5636
16.5894
16.6151
16.6409
16.6666
16.6923
16.7181
16.7438
16.7696
16.7953
16.821
16.8468
16.8725
16.8983
16.9241
16.9498
16.9755
17.0013
17.027
17.0528
17.0785
17.1043
17.13
17.1558
17.1815
17.2072
17.233
17.2587
17.2845
17.3102
17.336
17.3617
17.3875
17.4132
17.4389
17.4647
17.4904
17.5167
17.5424
17.5681
17.5939
17.6196
17.6453
17.6711
17.6969
17.7227
17.7484
17.7742
17.8
17.8257
17.8515
17.8773
17.9031
17.9288
17.9545
17.9803
18.0061
18.0318
18.0576
18.0834
18.1092
18.1349
18.1606
18.1866
18.2123
18.2381
18.2639
18.2896
18.3154
18.3412
18.3669
18.3926
18.4183
18.4441
18.4699
18.4956
18.5214
18.5472
18.5729
18.5986
18.6243
18.6501
18.6758
18.7015
18.7273
18.7531
18.7788
18.8046
18.8303
18.8561
18.8819
18.9076
18.9333
18.9591
18.9848
19.0106
19.0363
19.0621
19.0878
19.1136
19.1393
19.165
19.1908
19.2165
19.2422
19.268
19.2938
19.3196
19.3454
19.3711
19.3969
19.4226
19.4483
19.4741
19.4998
19.5256
19.5513
19.5771
19.6029
19.6287
19.6544
19.6801
19.7059
19.7316
19.7573
19.7831
19.8088
19.8345
19.8602
19.8859
19.9117
19.9374
19.9632
19.9889
20.0147
20.0404
20.0661
20.0918
20.1176
20.1433
20.1691
20.1948
20.2206
20.2463
20.2721
20.2978
20.3236
20.3493
20.375
20.4008
20.4265
20.4523
20.478
20.5038
20.5296
20.5553
20.581
20.6068
20.6325
20.6582
20.684
20.7097
20.7355
20.7612
20.7869
20.8127
20.8384
20.8641
20.8899
20.9156
20.9413
20.9671
20.9928
21.0185
21.0443
21.07
21.0957
21.1215
21.1472
21.1729
21.1986
21.2244
21.2501
21.2759
21.3016
21.3273
21.353
21.3787
21.4045
21.4303
21.456
21.4817
21.5074
21.5332
21.559
21.5848
21.6106
21.6363
21.662
21.6877
21.7135
21.7392
21.7649
21.7906
21.8163
21.8421
21.8678
21.8935
21.9193
21.945
21.9707
21.9965
22.0222
22.048
22.0738
22.0995
22.1253
22.151
22.1768
22.2026
22.2284
22.2541
22.2799
22.3056
22.3314
22.3572
22.3829
22.4086
22.4344
22.4602
22.4859
22.5117
22.5375
22.5632
22.5889
22.6147
22.6404
22.6662
22.6919
22.7177
22.7434
22.7692
22.7949
22.8206
22.8464
22.8721
22.8978
22.9235
22.9492
22.975
23.0007
23.0264
23.0522
23.0779
23.1036
23.1294
23.1551
23.1809
23.2066
23.2323
23.2581
23.2838
23.3096
23.3353
23.3611
23.3869
23.4126
23.4383
23.464
23.4898
23.5155
23.5413
23.567
23.5927
23.6185
23.6442
23.6699
23.6957
23.7214
23.7472
23.7729
23.7987
23.8244
23.8501
23.8758
23.9015
23.9273
23.953
23.9787
24.0044
24.0302
24.0559
24.0816
24.1073
24.133
24.1587
24.1845
24.2102
24.236
24.2617
24.2875
24.3132
24.3389
24.3646
24.3904
24.4161
24.4418
24.4675
24.4933
24.519
24.5447
24.5705
24.5962
24.6219
24.6476
24.6733
24.6991
24.7248
24.7506
24.7763
24.802
24.8277
24.8535
24.8792
24.9049
24.9307
24.9564
24.9821
25.0078
25.0335
25.0593
25.085
25.1107
25.1365
25.1622
25.1879
25.2136
25.2393
25.2651
25.2908
25.3165
25.3423
25.368
25.3937
25.4195
25.4452
25.471
25.4967
25.5225
25.5482
25.5739
25.5996
25.6253
25.651
25.6767
25.7025
25.7282
25.754
25.7797
25.8054
25.8311
25.8568
25.8826
25.9083
25.934
25.9597
25.9854
26.0111
26.0368
26.0626
26.0883
26.1141
26.1398
26.1655
26.1912
26.2169
26.2426
26.2683
26.294
26.3197
26.3454
26.3711
26.3968
26.4226
26.4483
26.474
26.4997
26.5254
26.5511
26.5769
26.6026
26.6283
26.654
26.6797
26.7054
26.7311
26.7569
26.7826
26.8083
26.834
26.8597
26.8855
26.9111
26.9369
26.9626
26.9883
27.014
27.0396
27.0653
27.091
27.1167
27.1424
27.1681
27.1938
27.2195
27.2453
27.2709
27.2966
27.3223
27.348
27.3737
27.3995
27.4252
27.4508
27.4765
27.5022
27.5279
27.5536
27.5793
27.6051
27.6308
27.6565
27.6822
27.7079
27.7335
27.7592
27.7849
27.8106
27.8363
27.862
27.8877
27.9135
27.9392
27.9648
27.9906
28.0163
28.042
28.0677
28.0935
28.1192
28.145
28.1707
28.1964
28.2222
28.2479
28.2736
28.2993
28.3253
28.351
28.3767
28.4024
28.4281
28.4538
28.4795
28.5053
28.531
28.5568
28.5825
28.6083
28.634
28.6598
28.6855
28.7112
28.7369
28.7627
28.7884
28.8141
28.8399
28.8657
28.8914
28.9172
28.9429
28.9686
28.9943
29.02
29.0458
29.0715
29.0972
29.123
29.1487
29.1745
29.2002
29.2259
29.2517
29.2774
29.3031
29.3288
29.3546
29.3803
29.4061
29.4318
29.4575
29.4833
29.509
29.5347
29.5605
29.5862
29.6119
29.6377
29.6634
29.6892
29.7149
29.7406
29.7663
29.7921
29.8179
29.8437
29.8694
29.8952
29.9209
29.9466
29.9723
29.9981
30.0238
30.0495
30.0752
30.101
30.1267
30.1525
30.1783
30.204
30.2297
30.2555
30.2812
30.307
30.3327
30.3584
30.3842
30.4099
30.4356
30.4613
30.487
30.5127
30.5385
30.5643
30.59
30.6157
30.6415
30.6673
30.693
30.7187
30.7444
30.7701
30.7959
30.8217
30.8474
30.8732
30.8989
30.9247
30.9504
30.9761
31.0019
31.0276
31.0533
31.0791
31.1048
31.1305
31.1562
31.182
31.2077
31.2335
31.2592
31.2849
31.3107
31.3364
31.3622
31.3879
31.4137
31.4395
31.4652
31.491
31.5168
31.5426
31.5683
31.5941
31.6198
31.6456
31.6713
31.697
31.7227
31.7484
31.7741
31.7999
31.8256
31.8513
31.877
31.9027
31.9284
31.9541
31.9798
32.0055
32.0313
32.057
32.0828
32.1086
32.1344
32.1601
32.1859
32.2116
32.2374
32.2631
32.2888
32.3146
32.3403
32.3661
32.3919
32.4176
32.4433
32.469
32.4947
32.5205
32.5462
32.572
32.5977
32.6234
32.6492
32.6749
32.7006
32.7263
32.752
32.7778
32.8035
32.8292
32.855
32.8808
32.9065
32.9323
32.958
32.9838
33.0095
33.0353
33.061
33.0867
33.1125
33.1382
33.164
33.1898
33.2155
33.2412
33.2669
33.2927
33.3184
33.3443
33.37
33.3958
33.4216
33.4473
33.4731
33.4988
33.5246
33.5504
33.5761
33.6019
33.6277
33.6534
33.6791
33.7048
33.7306
33.7563
33.7821
33.8078
33.8336
33.8593
33.885
33.9108
33.9365
33.9622
33.9879
34.0137
34.0395
34.0653
34.0911
34.1169
34.1426
34.1683
34.1941
34.2198
34.2456
34.2713
34.297
34.3228
34.3485
34.3743
34.4
34.4258
34.4516
34.4774
34.5031
34.5289
34.5546
34.5804
34.6062
34.632
34.6577
34.6835
34.7092
34.735
34.7607
34.7865
34.8122
34.838
34.8637
34.8894
34.9151
34.9408
34.9666
34.9924
35.0181
35.0439
35.0696
35.0954
35.1211
35.1469
35.1727
35.1985
35.2242
35.2501
35.2758
35.3015
35.3273
35.353
35.3787
35.4045
35.4302
35.4561
35.4818
35.5076
35.5334
35.5591
35.5848
35.6157
35.6415
35.6673
35.6931
35.7189
35.7447
35.7705
35.7963
35.8221
35.8479
35.8736
35.8993
35.9251
35.9514
35.9772
36.0029
36.0286
36.0544
36.0802
36.106
36.1317
36.1575
36.1832
36.209
36.2347
36.2605
36.2862
36.312
36.3377
36.3634
36.3892
36.4149
36.4406
36.4664
36.4921
36.5178
36.5435
36.5693
36.595
36.6207
36.6465
36.6722
36.698
36.7237
36.7495
36.7752
36.8009
36.8266
36.8524
36.8781
36.9039
36.9296
36.9553
36.981
37.0067
37.0325
37.0582
37.084
37.1097
37.1355
37.1612
37.187
37.2127
37.2384
37.2641
37.2898
37.3155
37.3413
37.367
37.3927
37.4185
37.4442
37.4699
37.4957
37.5214
37.5472
37.5731
37.5988
37.6246
37.6503
37.676
37.7018
37.7276
37.7534
37.7791
37.8049
37.8306
37.8564
37.8822
37.9079
37.9336
37.9594
37.9851
38.0109
38.0366
38.0624
38.0882
38.1139
38.1397
38.1654
38.1912
38.2169
38.2427
38.2684
38.2942
38.3199
38.3456
38.3713
38.3971
38.4228
38.4486
38.4743
38.5001
38.5258
38.5515
38.5773
38.603
38.6287
38.6545
38.6802
38.706
38.7317
38.7574
38.7833
38.809
38.8348
38.8605
38.8862
38.912
38.9377
38.9635
38.9892
39.0149
39.0407
39.0664
39.0921
39.1178
39.1436
39.1693
39.1951
39.2208
39.2466
39.2723
39.298
39.3238
39.3496
39.3753
39.401
39.4268
39.4525
39.4782
39.504
39.5297
39.5555
39.5812
39.6069
39.6327
39.6584
39.6842
39.7099
39.7356
39.7613
39.7871
39.8128
39.8386
39.8643
39.89
39.9158
39.9415
39.9673
39.993
40.0188
40.0445
40.0703
40.0961
40.1218
40.1475
40.1733
40.1991
40.2248
40.2505
40.2763
40.302
40.3278
40.3536
40.3793
40.4051
40.4309
40.4566
40.4824
40.5082
40.5339
40.5597
40.5855
40.6112
40.6369
40.6627
40.6884
40.7142
40.7399
40.7656
40.7914
40.8172
40.8429
40.8686
40.8943
40.9201
40.9458
40.9715
40.9972
41.023
41.0487
41.0744
41.1001
41.1258
41.1516
41.1773
41.203
41.2287
41.2544
41.2801
41.3058
41.3315
41.3572
41.3829
41.4087
41.4344
41.4601
41.4859
41.5116
41.5374
41.5631
41.5888
41.6146
41.6403
41.666
41.6918
41.7175
41.7432
41.7689
41.7946
41.8203
41.846
41.8717
41.8974
41.9232
41.9489
41.9747
42.0005
42.0265
42.0522
42.078
42.1037
42.1295
42.1553
42.181
42.2068
42.2325
42.2582
42.2841
42.3104
42.3362
42.362
42.3878
42.4135
42.4393
42.4651
42.4909
42.5167
42.5424
42.5681
42.5939
42.6196
42.6453
42.6711
42.6969
42.7226
42.7483
42.7741
42.7999
42.8256
42.8514
42.8771
42.9028
42.9286
42.9543
42.9801
43.0058
43.0315
43.0572
43.083
43.1087
43.1344
43.1602
43.1859
43.2117
43.2374
43.2631
43.2889
43.3146
43.3403
43.366
43.3918
43.4175
43.4432
43.4689
43.4946
43.5203
43.546
43.5717
43.5974
43.6231
43.6489
43.6746
43.7004
43.7261
43.7518
43.7776
43.8033
43.8291
43.8548
43.8806
43.9063
43.932
43.9578
43.9835
44.0092
44.035
44.0607
44.0865
44.1123
44.138
44.1637
44.1895
44.2152
44.2409
44.2667
44.2925
44.3182
44.344
44.3697
44.3954
44.4211
44.4469
44.4726
44.4983
44.5241
44.5498
44.5755
44.6013
44.6271
44.6528
44.6786
44.7043
44.7301
44.7558
44.7816
44.8073
44.833
44.8588
44.8845
44.9102
44.9359
44.9617
44.9874
45.0132
45.0389
45.0647
45.0904
45.1161
45.1419
45.1676
45.1933
45.2191
45.2448
45.2706
45.2963
45.3221
45.3479
45.3737
45.3994
45.4251
45.4508
45.4766
45.5024
45.5281
45.5538
45.5796
45.6053
45.631
45.6567
45.6825
45.7083
45.734
45.7598
45.7855
45.8113
45.837
45.8627
45.8884
45.9142
45.9399
45.9657
45.9914
46.0171
46.0429
46.0687
46.0944
46.1202
46.1459
46.1716
46.1973
46.2231
46.2488
46.2745
46.3003
46.326
46.3517
46.3774
46.4032
46.429
46.4547
46.4805
46.5062
46.532
46.5577
46.5835
46.6093
46.6351
46.6608
46.6865
46.7123
46.7381
46.7639
46.7897
46.8154
46.8411
46.8668
46.8926
46.9183
46.9441
46.9699
46.9956
47.0214
47.0471
47.0728
47.0985
47.1243
47.1501
47.1758
47.2016
47.2273
47.253
47.2788
47.3046
47.3303
47.356
47.3818
47.4076
47.4333
47.459
47.4848
47.5106
47.5363
47.5621
47.5878
47.6136
47.6393
47.6651
47.6908
47.7165
47.7423
47.768
47.7937
47.8194
47.8452
47.8709
47.8967
47.9225
47.9482
47.9739
47.9997
48.0254
48.0511
48.0769
48.1027
48.1284
48.1542
48.18
48.2057
48.2314
48.2572
48.2829
48.3087
48.3344
48.3601
48.3859
48.4116
48.4374
48.4631
48.4888
48.5146
48.5404
48.5661
48.5918
48.6175
48.6432
48.669
48.6947
48.7204
48.7462
48.7719
48.7977
48.8235
48.8493
48.875
48.9008
48.9265
48.9522
48.9779
49.0036
49.0293
49.0551
49.0808
49.1065
49.1322
49.158
49.1838
49.2095
49.2353
49.261
49.2868
49.3125
49.3382
49.3639
49.3897
49.4154
49.4412
49.4669
49.4926
49.5184
49.5441
49.5699
49.5956
49.6213
49.647
49.6727
49.6985
49.7242
49.7499
49.7757
49.8014
49.8271
49.8528
49.8786
49.9043
49.93
49.9558
49.9815
50.0072
50.033
50.0587
50.0844
50.1101
50.1359
50.1617
50.1874
50.2131
50.2388
50.2646
50.2903
50.316
50.3417
50.3675
50.3932
50.4189
50.4447
50.4704
50.4961
50.5218
50.5475
50.5733
50.599
50.6248
50.6505
50.6763
50.702
50.7277
50.7534
50.7792
50.8049
50.8307
50.8564
50.8821
50.9078
50.9336
50.9593
50.985
51.0108
51.0365
51.0622
51.0879
51.1137
51.1394
51.1651
51.1908
51.2165
51.2423
51.268
51.2937
51.3195
51.3452
51.3709
51.3967
51.4224
51.4482
51.4739
51.4996
51.5253
51.5511
51.5768
51.6026
51.6283
51.6541
51.6798
51.7055
51.7312
51.7569
51.7826
51.8083
51.834
51.8597
51.8854
51.9112
51.9369
51.9627
51.9884
52.0141
52.0398
52.0655
52.0913
52.117
52.1427
52.1684
52.1942
52.22
52.2457
52.2715
52.2972
52.3229
52.3486
52.3743
52.4001
52.4258
52.4516
52.4773
52.5031
52.5289
52.5547
52.5804
52.6062
52.632
52.6578
52.6835
52.7092
52.7349
52.7606
52.7864
52.8121
52.8379
52.8637
52.8894
52.9151
52.9409
52.9666
52.9923
53.018
53.0438
53.0695
53.0952
53.1209
53.1466
53.1723
53.198
53.2238
53.2495
53.2752
53.3009
53.3266
53.3523
53.3781
53.4038
53.4296
53.4554
53.4811
53.507
53.5327
53.5585
53.5842
53.6099
53.6357
53.6614
53.6872
53.713
53.7388
53.7645
53.7902
53.816
53.8418
53.8676
53.8933
53.9191
53.9448
53.9705
53.9962
54.0221
54.0479
54.0737
54.0994
54.1252
54.1509
54.1767
54.2024
54.2281
54.2538
54.2796
54.3053
54.331
54.3568
54.3825
54.4083
54.4341
54.4598
54.4856
54.5113
54.537
54.5627
54.5885
54.6142
54.64
54.6657
54.6914
54.7171
54.7429
54.7686
54.7943
54.8201
54.8458
54.8715
54.8973
54.923
54.9487
54.9744
55.0002
55.0259
55.0704
55.0961
55.1218
55.1476
55.1733
55.1991
55.2249
55.2506
55.2764
55.3021
55.3279
55.3536
55.3794
55.4052
55.4309
55.4567
55.4825
55.5083
55.5341
55.5599
55.5857
55.6114
55.6372
55.6629
55.6886
55.7143
55.7401
55.7658
55.7916
55.8173
55.843
55.8688
55.8945
55.9203
55.946
55.9718
55.9976
56.0233
56.0491
56.0749
56.1007
56.1265
56.1522
56.178
56.2037
56.2295
56.2553
56.281
56.3068
56.3325
56.3582
56.384
56.4097
56.4354
56.4612
56.4869
56.5127
56.5384
56.5642
56.59
56.6157
56.6415
56.6674
56.6931
56.7188
56.7446
56.7704
56.7962
56.822
56.8478
56.8735
56.8992
56.925
56.9508
56.9765
57.0022
57.0279
57.0537
57.0794
57.1051
57.1309
57.1566
57.1823
57.2081
57.2338
57.2596
57.2854
57.3112
57.337
57.3627
57.3885
57.4142
57.44
57.4658
57.4916
57.5173
57.5431
57.5688
57.5946
57.6204
57.6461
57.6719
57.6977
57.7234
57.7492
57.775
57.8008
57.8266
57.8524
57.8782
57.9039
57.9297
57.9554
57.9811
58.0069
58.0326
58.0584
58.0841
58.1099
58.1356
58.1614
58.1871
58.2129
58.2386
58.2644
58.2902
58.3159
58.3416
58.3674
58.3931
58.4188
58.4446
58.4703
58.4961
58.5218
58.5476
58.5733
58.5991
58.6248
58.6506
58.6763
58.7021
58.7278
58.7536
58.7793
58.8051
58.8308
58.8566
58.8823
58.9081
58.9338
58.9595
58.9853
59.011
59.0368
59.0625
59.0883
59.114
59.1398
59.1656
59.1913
59.2171
59.2428
59.2686
59.2944
59.3306
59.36
59.3857
59.4115
59.4373
59.463
59.4888
59.5146
59.5405
59.5663
59.5921
59.6179
59.6436
59.6694
59.6951
59.7209
59.7466
59.7724
59.7981
59.8239
59.8496
59.8753
59.9011
59.9269
59.9526
59.9784
60.0041
60.0299
60.0557
60.0814
60.1072
60.1329
60.1587
60.1844
60.2102
60.2359
60.2617
60.2875
60.3132
60.3389
60.3647
60.3904
60.4162
60.4419
60.4677
60.4934
60.5192
60.5449
60.5706
60.5963
60.622
60.6478
60.6735
60.6992
60.7249
60.7506
60.7763
60.8021
60.8278
60.8535
60.8792
60.905
60.9307
60.9564
60.9822
61.0079
61.0336
61.0594
61.0851
61.1108
61.1366
61.1623
61.188
61.2138
61.2395
61.2653
61.291
61.3168
61.3426
61.3683
61.3941
61.4198
61.4456
61.4713
61.4971
61.5229
61.5486
61.5743
61.6001
61.6258
61.6516
61.6774
61.7031
61.7288
61.7546
61.7803
61.806
61.8318
61.8575
61.8832
61.9089
61.9346
61.9603
61.986
62.0118
62.0375
62.0634
62.0891
62.1149
62.1406
62.1663
62.1921
62.2178
62.2436
62.2693
62.2951
62.3208
62.3466
62.3723
62.398
62.4238
62.4495
62.4753
62.501
62.5267
62.5525
62.5782
62.604
62.6297
62.6555
62.6812
62.7069
62.7327
62.7584
62.7841
62.8098
62.8355
62.8612
62.887
62.9127
62.9385
62.9642
62.9899
63.0157
63.0414
63.0671
63.0928
63.1186
63.1443
63.17
63.1958
63.2215
63.2472
63.273
63.2987
63.3245
63.3502
63.376
63.4018
63.4275
63.4533
63.4791
63.5048
63.5305
63.5563
63.582
63.6077
63.6335
63.6592
63.6849
63.7106
63.7364
63.7621
63.7879
63.8136
63.8393
63.865
63.8908
63.9165
63.9423
63.968
63.9938
64.0195
64.0453
64.0711
64.0968
64.1225
64.1483
64.174
64.1997
64.2255
64.2512
64.277
64.3027
64.3285
64.3543
64.38
64.4057
64.4314
64.4572
64.4829
64.5086
64.5344
64.5601
64.5859
64.6116
64.6373
64.663
64.6887
64.7145
64.7403
64.766
64.7918
64.8175
64.8433
64.8691
64.8947
64.9205
64.9462
64.9719
64.9976
65.0233
65.0491
65.0748
65.1005
65.1262
65.1519
65.1777
65.2034
65.2292
65.2549
65.2807
65.3064
65.3321
65.3578
65.3835
65.4093
65.435
65.4607
65.4864
65.5122
65.5379
65.5637
65.5894
65.6151
65.6409
65.6666
65.6923
65.718
65.7438
65.7695
65.7953
65.821
65.8468
65.8725
65.8983
65.924
65.9497
65.9754
66.0011
66.0269
66.0526
66.0783
66.1041
66.1298
66.1555
66.1813
66.207
66.2327
66.2585
66.2843
66.31
66.3358
66.3615
66.3873
66.413
66.4387
66.4645
66.4902
66.516
66.5417
66.5675
66.5932
66.6189
66.6446
66.6703
66.6961
66.7218
66.7475
66.7733
66.799
66.8248
66.8505
66.8763
66.9021
66.9278
66.9535
66.9793
67.0051
67.0308
67.0565
67.0822
67.108
67.1337
67.1594
67.1851
67.2109
67.2366
67.2624
67.2881
67.3138
67.3396
67.3653
67.3911
67.4168
67.4425
67.4682
67.4939
67.5197
67.5454
67.5711
67.5968
67.6226
67.6483
67.674
67.6997
67.7255
67.7512
67.777
67.8027
67.8285
67.8542
67.8801
67.9058
67.9315
67.9573
67.983
68.0088
68.0345
68.0603
68.086
68.1117
68.1374
68.1632
68.1889
68.2146
68.2403
68.2661
68.2918
68.3176
68.3433
68.369
68.3947
68.4205
68.4462
68.472
68.4977
68.5234
68.5491
68.5749
68.6006
68.6264
68.6521
68.6778
68.7036
68.7294
68.7551
68.7808
68.8118
68.8376
68.8634
68.8891
68.9149
68.9406
68.9664
68.9921
69.0178
69.0436
69.0693
69.0951
69.1208
69.1465
69.1722
69.1979
69.2236
69.2493
69.2751
69.3008
69.3265
69.3523
69.378
69.4037
69.4294
69.4552
69.4809
69.5066
69.5323
69.5581
69.5838
69.6095
69.6352
69.6609
69.6866
69.7123
69.7381
69.7639
69.7896
69.8154
69.8411
69.8668
69.8925
69.9183
69.944
69.9698
69.9955
70.0213
70.047
70.0727
70.0985
70.1242
70.15
70.1758
70.2016
70.2273
70.253
70.2788
70.3045
70.3303
70.356
70.3818
70.4075
70.4332
70.4589
70.4847
70.5105
70.5363
70.562
70.5878
70.6135
70.6392
70.6649
70.6907
70.7164
70.7558
70.7815
70.8073
70.833
70.8588
70.8846
70.9103
70.936
70.9618
70.9875
71.0132
71.0389
71.0647
71.0904
71.1161
71.1419
71.1677
71.1934
71.2191
71.2448
71.2705
71.2963
71.3221
71.3478
71.3735
71.3993
71.425
71.4507
71.4764
71.5022
71.5279
71.5537
71.5795
71.6052
71.6309
71.6567
71.6824
71.7081
71.7338
71.7595
71.7852
71.8109
71.8365
71.8622
71.8881
71.9138
71.9396
71.9653
71.991
72.0167
72.0425
72.0682
72.094
72.1197
72.1455
72.1712
72.197
72.2227
72.2484
72.2742
72.3
72.3257
72.3514
72.3772
72.4029
72.4286
72.4543
72.48
72.5057
72.5314
72.5571
72.5829
72.6086
72.6343
72.6601
72.6858
72.7116
72.7373
72.7631
72.7888
72.8145
72.8403
72.866
72.8917
72.9175
72.9432
72.9689
72.9947
73.0204
73.0461
73.0719
73.0976
73.1233
73.149
73.1748
73.2005
73.2262
73.252
73.2778
73.3035
73.3293
73.355
73.3808
73.4066
73.4324
73.4581
73.4838
73.5096
73.5353
73.5609
73.5866
73.6123
73.638
73.6638
73.6895
73.7152
73.741
73.7667
73.7925
73.8182
73.8439
73.8697
73.8955
73.9212
73.947
73.9727
73.9984
74.0242
74.05
74.0757
74.1014
74.1272
74.1529
74.1787
74.2044
74.2302
74.256
74.2817
74.3074
74.3332
74.3589
74.3846
74.4104
74.4361
74.4618
74.4876
74.5133
74.539
74.5648
74.5905
74.6163
74.642
74.6678
74.6935
74.7192
74.745
74.7707
74.7964
74.8222
74.8479
74.8826
74.9118
74.9376
74.9633
74.9891
75.0148
75.0405
75.0663
75.092
75.1177
75.1435
75.1693
75.195
75.2207
75.2464
75.2721
75.2978
75.3235
75.3492
75.375
75.4007
75.4264
75.4522
75.4779
75.5037
75.5295
75.5552
75.581
75.6067
75.6324
75.6582
75.6839
75.7096
75.7354
75.7611
75.7868
75.8125
75.8382
75.864
75.8898
75.9155
75.9413
75.967
75.9928
76.0186
76.0443
76.07
76.0957
76.1215
76.1472
76.1729
76.1987
76.2244
76.2501
76.2759
76.3016
76.3273
76.3531
76.3788
76.4045
76.4303
76.456
76.4817
76.5075
76.5332
76.559
76.5848
76.6106
76.6363
76.6621
76.6878
76.7135
76.7393
76.765
76.7907
76.8164
76.8422
76.8679
76.8937
76.9194
76.9451
76.9709
76.9966
77.0223
77.048
77.0737
77.0995
77.1252
77.1509
77.1767
77.2024
77.2281
77.2538
77.2795
77.3053
77.331
77.3567
77.3825
77.4082
77.434
77.4597
77.4855
77.5112
77.537
77.5627
77.5885
77.6142
77.64
77.6658
77.6915
77.7172
77.7429
77.7686
77.7943
77.8201
77.8458
77.8715
77.8972
77.9229
77.9486
77.9744
78.0001
78.0259
78.0517
78.0774
78.1031
78.1289
78.1546
78.1803
78.206
78.2318
78.2575
78.2832
78.3089
78.3346
78.3603
78.3861
78.4118
78.4375
78.4633
78.489
78.5147
78.5404
78.5662
78.592
78.6177
78.6434
78.6691
78.6949
78.7206
78.7464
78.7721
78.7978
78.8236
78.8493
78.875
78.9007
78.9265
78.9522
78.9779
79.0036
79.0294
79.0551
79.0808
79.1065
79.1323
79.158
79.1838
79.2095
79.2353
79.261
79.2867
79.3125
79.3382
79.3639
79.3897
79.4155
79.4412
79.4669
79.4927
79.5184
79.5442
79.5699
79.5956
79.6214
79.6471
79.6728
79.6985
79.7243
79.75
79.7758
79.8016
79.8273
79.853
79.8788
79.9045
79.9303
79.956
79.9817
80.0075
80.0332
80.0589
80.0846
80.1104
80.1362
80.1619
80.1876
80.2134
80.2391
80.2648
80.2906
80.3164
80.3421
80.3679
80.3936
80.4194
80.4451
80.4709
80.4966
80.5224
80.5482
80.5739
80.5997
80.6255
80.6512
80.6769
80.7027
80.7284
80.7542
80.7799
80.8056
80.8314
80.8571
80.8828
80.9085
80.9343
80.9601
80.9858
81.0115
81.0372
81.0629
81.0887
81.1144
81.1401
81.1658
81.1916
81.2173
81.243
81.2688
81.2945
81.3202
81.3459
81.3717
81.3974
81.4232
81.4489
81.4746
81.5003
81.526
81.5518
81.5775
81.6032
81.6289
81.6546
81.6803
81.7061
81.7318
81.7575
81.7832
81.8089
81.8346
81.8603
81.886
81.9117
81.9374
81.9631
81.9888
82.0145
82.0402
82.0659
82.0916
82.1174
82.1431
82.1688
82.1945
82.2202
82.2459
82.2717
82.2974
82.3232
82.3489
82.3746
82.4004
82.4261
82.4519
82.4776
82.5034
82.5291
82.5548
82.5806
82.6063
82.6321
82.6578
82.6835
82.7092
82.7349
82.7606
82.7864
82.8122
82.8379
82.8637
82.8894
82.9151
82.9409
82.9666
82.9923
83.0181
83.0439
83.0696
83.0953
83.1211
83.1468
83.1726
83.1984
83.2241
83.2499
83.2756
83.3013
83.3271
83.3528
83.3786
83.4043
83.4301
83.4559
83.4817
83.5074
83.5332
83.5589
83.5847
83.6104
83.6362
83.6619
83.6877
83.7134
83.7392
83.7649
83.7906
83.8163
83.8421
83.8678
83.8935
83.9193
83.945
83.9707
83.9966
84.0223
84.0481
84.0738
84.0996
84.1253
84.151
84.1767
84.2024
84.2281
84.2539
84.2795
84.3053
84.331
84.3567
84.3824
84.4081
84.4339
84.4596
84.4854
84.5111
84.5369
84.5626
84.5883
84.614
84.6398
84.6655
84.6913
84.717
84.7427
84.7685
84.7943
84.8201
84.8459
84.8716
84.8973
84.9231
84.9488
84.9746
85.0003
85.026
85.0518
85.0775
85.1033
85.129
85.1548
85.1805
85.2062
85.2319
85.2577
85.2834
85.3091
85.3349
85.3606
85.3864
85.4121
85.4379
85.4636
85.4893
85.5151
85.5408
85.5665
85.5923
85.618
85.6438
85.6696
85.6953
85.7211
85.7468
85.7725
85.7983
85.8241
85.8498
85.8755
85.9013
85.927
85.9641
85.9899
86.0156
86.0414
86.0672
86.093
86.1187
86.1445
86.1702
86.1961
86.2218
86.2475
86.2733
86.299
86.3248
86.3505
86.3763
86.402
86.4278
86.4535
86.4792
86.5049
86.5307
86.5565
86.5822
86.608
86.6337
86.6594
86.6852
86.7109
86.7367
86.7624
86.7881
86.8138
86.8396
86.8654
86.8913
86.9171
86.9428
86.9686
86.9943
87.02
87.0458
87.0715
87.0973
87.123
87.1487
87.1745
87.2002
87.226
87.2517
87.2775
87.3032
87.329
87.3547
87.3804
87.4062
87.4319
87.4577
87.4834
87.5091
87.5349
87.5606
87.5864
87.6122
87.6379
87.6637
87.6894
87.7151
87.7409
87.7666
87.7924
87.8182
87.8439
87.8696
87.8953
87.9211
87.9469
87.9726
87.9984
88.0241
88.0499
88.0757
88.1014
88.1271
88.1529
88.1786
88.2044
88.2302
88.2559
88.2816
88.3074
88.3332
88.3589
88.3847
88.4104
88.4362
88.4619
88.4877
88.5134
88.5392
88.5649
88.5906
88.6163
88.642
88.6677
88.6935
88.7192
88.7449
88.7707
88.7965
88.8223
88.848
88.8738
88.8995
88.9252
88.9509
88.9767
89.0024
89.0282
89.0539
89.0797
89.1054
89.1312
89.1569
89.1827
89.2084
89.2341
89.2598
89.2856
89.3113
89.337
89.3627
89.3885
89.4142
89.4399
89.4657
89.4914
89.5172
89.5431
89.5688
89.5946
89.6203
89.646
89.6717
89.6975
89.7232
89.7489
89.7746
89.8003
89.8261
89.8518
89.8776
89.9033
89.9291
89.9548
89.9806
90.0063
90.0321
90.0578
90.0836
90.1093
90.135
90.1608
90.1866
90.2123
90.2381
90.2638
90.2895
90.3153
90.341
90.3667
90.3924
90.4182
90.4439
90.4696
90.4954
90.5211
90.5468
90.5725
90.5983
90.624
90.6498
90.6755
90.7012
90.7269
90.7526
90.7783
90.8041
90.8298
90.8555
90.8812
90.907
90.9327
90.9584
90.9842
91.0099
91.0357
91.0614
91.0872
91.113
91.1388
91.1645
91.1902
91.2159
91.2416
91.2674
91.2931
91.3188
91.3445
91.3702
91.396
91.4217
91.4474
91.4731
91.4988
91.5246
91.5503
91.576
91.6018
91.6275
91.6532
91.6789
91.7046
91.7303
91.7561
91.7819
91.8077
91.8334
91.8591
91.8848
91.9105
91.9363
91.962
91.9877
92.0135
92.0393
92.065
92.0908
92.1165
92.1423
92.168
92.1938
92.2196
92.2454
92.2711
92.2968
92.3225
92.3483
92.374
92.3997
92.4254
92.4512
92.4769
92.5026
92.5283
92.5541
92.5798
92.6056
92.6313
92.6571
92.6828
92.7085
92.7342
92.7599
92.7856
92.8113
92.8371
92.8628
92.8885
92.9142
92.9399
92.9656
92.9913
93.017
93.0427
93.0685
93.0942
93.1199
93.1456
93.1713
93.1971
93.2228
93.2485
93.2743
93.3
93.3257
93.3515
93.3772
93.4029
93.4286
93.4544
93.4801
93.5058
93.5316
93.5573
93.583
93.6087
93.6344
93.6601
93.6858
93.7116
93.7373
93.763
93.7888
93.8146
93.8404
93.8661
93.8919
93.9177
93.9434
93.9692
93.9949
94.0207
94.0464
94.0721
94.0979
94.1236
94.1493
94.1751
94.2008
94.2265
94.2523
94.278
94.3037
94.3295
94.3552
94.3809
94.4067
94.4324
94.4582
94.4839
94.5096
94.5354
94.5611
94.5868
94.6126
94.6384
94.6641
94.6898
94.7155
94.7413
94.767
94.7927
94.8184
94.8441
94.8698
94.8956
94.9213
94.947
94.9727
94.9985
95.0242
95.0499
95.0756
95.1013
95.127
95.1528
95.1786
95.2043
95.23
95.2558
95.2816
95.3073
95.333
95.3588
95.3846
95.4103
95.436
95.4617
95.4874
95.5132
95.5389
95.5646
95.5904
95.6161
95.6418
95.6676
95.6933
95.7191
95.7448
95.7706
95.7963
95.822
95.8478
95.8735
95.8993
95.925
95.9508
95.9766
96.0024
96.0281
96.0538
96.0796
96.1053
96.1311
96.1568
96.1826
96.2083
96.2341
96.2598
96.2855
96.3113
96.337
96.3627
96.3884
96.4142
96.4399
96.4657
96.4914
96.5171
96.5429
96.5686
96.5943
96.6201
96.6458
96.6716
96.6974
96.7231
96.7488
96.7746
96.8003
96.8261
96.8518
96.8775
96.9033
96.929
96.9548
96.9805
97.0062
97.0319
97.0576
97.0834
97.1092
97.1349
97.1606
97.1863
97.212
97.2377
97.2635
97.2892
97.315
97.3407
97.3664
97.3921
97.4179
97.4436
97.4693
97.495
97.5208
97.5466
97.5723
97.598
97.6238
97.6496
97.6753
97.7011
97.7268
97.7526
97.7784
97.8041
97.8298
97.8556
97.8813
97.9071
97.9328
97.9585
97.9843
98.01
98.0357
98.0615
98.0872
98.113
98.1387
98.1644
98.1901
98.2159
98.2417
98.2674
98.2932
98.319
98.3447
98.3704
98.3962
98.422
98.4477
98.4735
98.4992
98.525
98.5507
98.5764
98.6022
98.628
98.6537
98.6795
98.7053
98.731
98.7567
98.7825
98.8082
98.834
98.8597
98.8854
98.9112
98.9369
98.9627
98.9884
99.0186
99.0443
99.0701
99.0958
99.1216
99.1474
99.1731
99.1989
99.2246
99.2503
99.276
99.3017
99.3274
99.3531
99.3788
99.4046
99.4303
99.4561
99.4818
99.5076
99.5334
99.5591
99.5849
99.6106
99.6363
99.6621
99.6878
99.7136
99.7393
99.765
99.7908
99.8166
99.8423
99.8681
99.8938
99.9195
99.9453
99.9711
99.9968
100.023
100.048
100.074
100.1
100.126
100.151
100.177
100.203
100.229
100.254
100.28
100.306
100.331
100.357
100.383
100.409
100.434
100.46
100.486
100.512
100.537
100.563
100.589
100.615
100.64
100.666
100.692
100.718
100.743
100.769
100.795
100.821
100.846
100.872
100.898
100.924
100.949
100.975
101.001
101.027
101.052
101.078
101.104
101.129
101.155
101.181
101.207
101.232
101.258
101.284
101.31
101.335
101.361
101.387
101.412
101.438
101.464
101.49
101.515
101.541
101.567
101.592
101.618
101.644
101.67
101.695
101.721
101.747
101.772
101.798
101.824
101.85
101.875
101.901
101.927
101.953
101.978
102.004
102.03
102.056
102.081
102.107
102.133
102.159
102.184
102.21
102.236
102.262
102.287
102.313
102.339
102.364
102.39
102.416
102.442
102.467
102.493
102.519
102.545
102.57
102.596
102.622
102.647
102.673
102.699
102.725
102.75
102.776
102.802
102.828
102.853
102.879
102.905
102.931
102.956
102.982
103.008
103.034
103.059
103.085
103.111
103.137
103.162
103.188
103.214
103.239
103.265
103.291
103.317
103.342
103.368
103.394
103.42
103.445
103.471
103.497
103.523
103.548
103.574
103.6
103.625
103.651
103.688
103.714
103.74
103.765
103.791
103.817
103.843
103.868
103.894
103.92
103.946
103.971
103.997
104.023
104.048
104.074
104.1
104.126
104.151
104.177
104.203
104.229
104.255
104.28
104.306
104.332
104.357
104.383
104.409
104.435
104.46
104.486
104.512
104.538
104.563
104.589
104.615
104.641
104.666
104.692
104.718
104.744
104.769
104.795
104.821
104.846
104.872
104.898
104.924
104.949
104.975
105.001
105.027
105.052
105.078
105.104
105.129
105.155
105.181
105.207
105.232
105.258
105.284
105.309
105.335
105.361
105.387
105.412
105.438
105.464
105.49
105.515
105.541
105.567
105.592
105.618
105.644
105.67
105.695
105.721
105.747
105.773
105.798
105.824
105.85
105.875
105.901
105.927
105.953
105.978
106.004
106.03
106.056
106.081
106.107
106.133
106.159
106.184
106.21
106.236
106.262
106.287
106.313
106.339
106.365
106.39
106.416
106.442
106.467
106.493
106.519
106.545
106.571
106.596
106.622
106.648
106.673
106.699
106.725
106.751
106.776
106.802
106.828
106.854
106.879
106.905
106.931
106.957
106.982
107.008
107.034
107.06
107.085
107.111
107.137
107.162
107.188
107.214
107.24
107.265
107.291
107.317
107.343
107.368
107.394
107.42
107.446
107.471
107.497
107.523
107.549
107.574
107.6
107.626
107.651
107.677
107.703
107.729
107.754
107.78
107.806
107.832
107.857
107.883
107.909
107.934
107.96
107.986
108.011
108.037
108.063
108.089
108.114
108.14
108.166
108.192
108.217
108.243
108.269
108.294
108.32
108.346
108.372
108.397
108.423
108.449
108.475
108.5
108.526
108.552
108.577
108.603
108.629
108.655
108.68
108.706
108.732
108.757
108.783
108.809
108.835
108.86
108.886
108.912
108.938
108.963
108.989
109.015
109.04
109.066
109.092
109.118
109.143
109.169
109.195
109.22
109.246
109.272
109.298
109.323
109.349
109.375
109.4
109.426
109.452
109.478
109.503
109.529
109.555
109.58
109.606
109.632
109.658
109.683
109.709
109.735
109.76
109.786
109.812
109.838
109.863
109.889
109.915
109.941
109.966
109.992
110.018
110.043
110.069
110.095
110.121
110.146
110.172
110.198
110.224
110.249
110.275
110.301
110.326
110.352
110.378
110.404
110.429
110.455
110.481
110.507
110.532
110.558
110.584
110.609
110.635
110.661
110.687
110.712
110.738
110.764
110.79
110.815
110.841
110.867
110.893
110.918
110.944
110.97
110.995
111.021
111.047
111.073
111.099
111.124
111.15
111.176
111.202
111.227
111.253
111.279
111.305
111.33
111.356
111.382
111.408
111.433
111.459
111.485
111.51
111.536
111.562
111.588
111.613
111.639
111.665
111.691
111.716
111.742
111.768
111.793
111.819
111.845
111.871
111.896
111.922
111.948
111.974
111.999
112.025
112.051
112.077
112.102
112.128
112.154
112.18
112.205
112.231
112.257
112.283
112.308
112.334
112.36
112.386
112.411
112.437
112.463
112.489
112.514
112.54
112.566
112.592
112.618
112.643
112.669
112.695
112.721
112.746
112.772
112.798
112.824
112.849
112.875
112.901
112.927
112.952
112.978
113.004
113.03
113.055
113.081
113.107
113.132
113.158
113.184
113.21
113.235
113.261
113.287
113.313
113.339
113.364
113.39
113.416
113.442
113.467
113.493
113.519
113.544
113.57
113.596
113.622
113.647
113.673
113.699
113.725
113.75
113.776
113.802
113.828
113.853
113.879
113.905
113.931
113.956
113.982
114.008
114.034
114.059
114.085
114.111
114.137
114.162
114.188
114.214
114.239
114.265
114.291
114.317
114.342
114.368
114.394
114.42
114.445
114.471
114.497
114.523
114.548
114.574
114.6
114.625
114.651
114.677
114.703
114.728
114.754
114.78
114.806
114.831
114.857
114.883
114.909
114.934
114.96
114.986
115.012
115.037
115.063
115.089
115.114
115.14
115.166
115.192
115.217
115.243
115.269
115.295
115.32
115.346
115.372
115.398
115.423
115.449
115.475
115.501
115.526
115.552
115.578
115.604
115.629
115.655
115.681
115.707
115.732
115.758
115.784
115.81
115.835
115.861
115.887
115.912
115.938
115.964
115.99
116.015
116.041
116.067
116.093
116.118
116.144
116.17
116.196
116.221
116.247
116.273
116.299
116.324
116.35
116.376
116.402
116.427
116.453
116.479
116.504
116.53
116.556
116.582
116.607
116.633
116.659
116.685
116.71
116.736
116.762
116.788
116.813
116.839
116.865
116.891
116.916
116.942
116.968
116.993
117.019
117.045
117.071
117.096
117.122
117.148
117.174
117.199
117.225
117.251
117.277
117.302
117.328
117.354
117.379
117.405
117.431
117.457
117.482
117.508
117.534
117.56
117.585
117.611
117.637
117.662
117.688
117.714
117.74
117.765
117.791
117.817
117.843
117.868
117.894
117.92
117.945
117.971
117.997
118.023
118.048
118.074
118.1
118.126
118.151
118.177
118.203
118.229
118.254
118.28
118.306
118.332
118.357
118.383
118.409
118.435
118.46
118.486
118.512
118.538
118.564
118.589
118.615
118.641
118.667
118.692
118.718
118.744
118.769
118.795
118.821
118.847
118.873
118.898
118.924
118.95
118.976
119.001
119.027
119.053
119.079
119.104
119.13
119.156
119.182
119.208
119.233
119.259
119.285
119.311
119.336
119.362
119.388
119.414
119.439
119.465
119.491
119.517
119.542
119.568
119.594
119.62
119.645
119.671
119.697
119.723
119.748
119.774
119.8
119.826
119.852
119.877
119.903
119.929
119.955
119.98
120.006
120.032
120.058
120.083
120.109
120.135
120.161
120.187
120.212
120.238
120.264
120.29
120.315
120.341
120.367
120.393
120.418
120.444
120.47
120.496
120.521
120.547
120.573
120.599
120.624
120.65
120.676
120.702
120.727
120.753
120.779
120.805
120.83
120.856
120.882
120.908
120.933
120.959
120.985
121.01
121.036
121.062
121.087
121.12
121.146
121.171
121.197
121.223
121.248
121.274
121.3
121.326
121.351
121.377
121.403
121.429
121.454
121.48
121.506
121.532
121.557
121.583
121.609
121.634
121.66
121.686
121.712
121.737
121.763
121.789
121.814
121.84
121.866
121.892
121.917
121.943
121.969
121.994
122.02
122.046
122.072
122.097
122.123
122.149
122.175
122.2
122.226
122.252
122.278
122.303
122.329
122.355
122.38
122.406
122.432
122.458
122.483
122.509
122.535
122.561
122.586
122.612
122.638
122.664
122.689
122.715
122.741
122.767
122.792
122.818
122.844
122.87
122.895
122.921
122.947
122.973
122.998
123.024
123.05
123.075
123.101
123.127
123.153
123.178
123.204
123.23
123.256
123.281
123.307
123.333
123.359
123.384
123.41
123.436
123.462
123.487
123.513
123.539
123.565
123.591
123.616
123.642
123.668
123.694
123.719
123.745
123.771
123.797
123.822
123.848
123.874
123.9
123.926
123.951
123.977
124.003
124.029
124.054
124.08
124.106
124.132
124.157
124.183
124.209
124.235
124.26
124.286
124.312
124.338
124.363
124.389
124.415
124.441
124.466
124.492
124.518
124.544
124.569
124.595
124.621
124.647
124.672
124.698
124.724
124.75
124.775
124.801
124.827
124.853
124.879
124.904
124.93
124.956
124.981
125.007
125.033
125.059
125.084
125.11
125.136
125.161
125.187
125.213
125.238
125.264
125.29
125.316
125.341
125.367
125.393
125.418
125.444
125.47
125.496
125.521
125.547
125.573
125.599
125.624
125.65
125.676
125.702
125.727
125.753
125.779
125.805
125.83
125.856
125.882
125.908
125.933
125.959
125.985
126.011
126.036
126.062
126.088
126.114
126.139
126.165
126.191
126.217
126.242
126.268
126.294
126.32
126.345
126.371
126.397
126.423
126.449
126.474
126.5
126.526
126.552
126.577
126.603
126.629
126.655
126.68
126.706
126.732
126.758
126.783
126.809
126.835
126.861
126.886
126.912
126.938
126.964
126.99
127.015
127.041
127.067
127.093
127.118
127.144
127.17
127.196
127.221
127.247
127.273
127.299
127.324
127.35
127.376
127.401
127.427
127.453
127.479
127.504
127.53
127.556
127.582
127.607
127.633
127.659
127.685
127.71
127.736
127.762
127.787
127.813
127.839
127.865
127.891
127.916
127.942
127.968
127.994
128.019
128.045
128.071
128.097
128.122
128.148
128.174
128.2
128.225
128.251
128.277
128.303
128.328
128.354
128.38
128.406
128.431
128.457
128.483
128.509
128.535
128.56
128.586
128.612
128.638
128.663
128.689
128.715
128.741
128.766
128.792
128.818
128.844
128.869
128.895
128.921
128.947
128.972
128.998
129.024
129.049
129.075
129.101
129.127
129.152
129.178
129.204
129.23
129.255
129.281
129.307
129.333
129.358
129.384
129.41
129.435
129.461
129.487
129.513
129.538
129.564
129.59
129.616
129.641
129.667
129.693
129.719
129.744
129.77
129.796
129.822
129.847
129.873
129.899
129.925
129.95
129.976
130.002
130.028
130.053
130.079
130.105
130.131
130.156
130.182
130.208
130.234
130.259
130.285
130.311
130.337
130.362
130.388
130.414
130.44
130.465
130.491
130.517
130.543
130.568
130.594
130.62
130.646
130.671
130.697
130.723
130.749
130.774
130.8
130.826
130.852
130.877
130.903
130.929
130.955
130.98
131.006
131.032
131.058
131.084
131.109
131.135
131.161
131.187
131.212
131.238
131.264
131.289
131.315
131.341
131.367
131.392
131.418
131.444
131.47
131.495
131.521
131.547
131.573
131.599
131.624
131.65
131.676
131.702
131.727
131.753
131.779
131.804
131.83
131.856
131.882
131.907
131.933
131.959
131.984
132.01
132.036
132.062
132.087
132.113
132.139
132.165
132.19
132.216
132.242
132.268
132.293
132.319
132.345
132.371
132.396
132.422
132.448
132.474
132.499
132.525
132.551
132.577
132.602
132.628
132.654
132.68
132.705
132.731
132.757
132.783
132.808
132.834
132.86
132.886
132.911
132.937
132.963
132.988
133.014
133.04
133.066
133.091
133.117
133.143
133.168
133.194
133.22
133.246
133.271
133.297
133.323
133.349
133.374
133.4
133.426
133.451
133.477
133.503
133.529
133.554
133.58
133.606
133.632
133.657
133.683
133.709
133.735
133.76
133.786
133.812
133.838
133.863
133.889
133.915
133.94
133.966
133.992
134.018
134.043
134.069
134.095
134.121
134.146
134.172
134.198
134.224
134.249
134.275
134.301
134.327
134.352
134.378
134.404
134.43
134.455
134.481
134.507
134.532
134.558
134.584
134.61
134.635
134.661
134.687
134.713
134.738
134.764
134.79
134.816
134.841
134.867
134.893
134.919
134.944
134.97
134.996
135.022
135.047
135.073
135.099
135.125
135.15
135.176
135.202
135.228
135.253
135.279
135.305
135.33
135.356
135.382
135.408
135.433
135.459
135.485
135.511
135.536
135.562
135.588
135.614
135.64
135.665
135.691
135.717
135.743
135.768
135.794
135.82
135.846
135.871
135.897
135.923
135.948
135.974
136
136.026
136.051
136.077
136.103
136.129
136.155
136.18
136.206
136.232
136.258
136.283
136.309
136.335
136.36
136.386
136.412
136.438
136.463
136.489
136.515
136.541
136.566
136.592
136.618
136.644
136.67
136.695
136.721
136.747
136.773
136.798
136.824
136.85
136.876
136.901
136.927
136.953
136.978
137.004
137.03
137.056
137.081
137.107
137.133
137.158
137.184
137.21
137.236
137.261
137.287
137.313
137.338
137.364
137.39
137.416
137.441
137.467
137.493
137.519
137.544
137.57
137.596
137.622
137.647
137.673
137.699
137.725
137.75
137.776
137.802
137.828
137.853
137.879
137.905
137.931
137.956
137.982
138.008
138.034
138.059
138.085
138.111
138.137
138.162
138.188
138.214
138.24
138.265
138.291
138.317
138.343
138.368
138.394
138.42
138.446
138.471
138.497
138.523
138.549
138.574
138.6
138.626
138.652
138.677
138.703
138.729
138.755
138.781
138.806
138.832
138.858
138.884
138.909
138.935
138.961
138.987
139.012
139.038
139.064
139.089
139.115
139.141
139.167
139.192
139.218
139.244
139.269
139.295
139.321
139.347
139.372
139.398
139.424
139.45
139.476
139.501
139.527
139.553
139.579
139.604
139.63
139.656
139.682
139.707
139.733
139.759
139.785
139.81
139.836
139.862
139.888
139.914
139.939
139.965
139.991
140.017
140.042
140.068
140.094
140.12
140.145
140.171
140.197
140.223
140.248
140.274
140.3
140.326
140.351
140.377
140.403
140.429
140.454
140.48
140.506
140.532
140.557
140.583
140.609
140.635
140.661
140.686
140.712
140.738
140.764
140.789
140.815
140.841
140.867
140.893
140.918
140.944
140.97
140.996
141.021
141.047
141.073
141.099
141.124
141.15
141.176
141.201
141.227
141.253
141.279
141.304
141.33
141.356
141.382
141.407
141.433
141.459
141.485
141.51
141.536
141.562
141.588
141.614
141.639
141.665
141.691
141.717
141.742
141.768
141.794
141.819
141.845
141.871
141.897
141.922
141.948
141.974
142
142.025
142.051
142.077
142.103
142.129
142.154
142.18
142.206
142.232
142.257
142.283
142.309
142.335
142.36
142.386
142.412
142.438
142.463
142.489
142.515
142.541
142.567
142.592
142.618
142.644
142.67
142.695
142.721
142.747
142.773
142.798
142.824
142.85
142.876
142.901
142.927
142.953
142.979
143.004
143.03
143.056
143.082
143.107
143.133
143.159
143.185
143.21
143.236
143.262
143.288
143.314
143.339
143.365
143.391
143.417
143.442
143.468
143.494
143.52
143.545
143.571
143.597
143.623
143.648
143.674
143.7
143.726
143.751
143.777
143.803
143.829
143.854
143.88
143.906
143.932
143.957
143.983
144.009
144.035
144.06
144.086
144.112
144.138
144.163
144.189
144.215
144.241
144.266
144.292
144.318
144.344
144.369
144.395
144.421
144.447
144.472
144.498
144.524
144.55
144.575
144.601
144.627
144.653
144.678
144.704
144.73
144.756
144.781
144.807
144.833
144.859
144.884
144.91
144.936
144.962
144.988
145.013
145.039
145.065
145.09
145.116
145.142
145.168
145.194
145.219
145.245
145.271
145.296
145.322
145.348
145.374
145.399
145.425
145.451
145.477
145.502
145.528
145.554
145.58
145.605
145.631
145.657
145.683
145.708
145.734
145.76
145.786
145.811
145.837
145.863
145.889
145.914
145.94
145.966
145.992
146.017
146.043
146.069
146.095
146.12
146.146
146.172
146.198
146.224
146.249
146.275
146.301
146.327
146.352
146.378
146.404
146.43
146.455
146.481
146.507
146.533
146.558
146.584
146.61
146.636
146.661
146.687
146.713
146.739
146.764
146.79
146.816
146.842
146.867
146.893
146.919
146.945
146.97
146.996
147.022
147.048
147.073
147.099
147.125
147.151
147.176
147.202
147.228
147.254
147.279
147.305
147.331
147.357
147.383
147.408
147.434
147.46
147.486
147.511
147.537
147.563
147.589
147.614
147.64
147.666
147.692
147.717
147.743
147.769
147.795
147.821
147.846
147.872
147.898
147.924
147.949
147.975
148.001
148.027
148.052
148.078
148.104
148.13
148.155
148.181
148.207
148.233
148.258
148.284
148.31
148.336
148.361
148.387
148.413
148.439
148.465
148.49
148.516
148.542
148.568
148.593
148.619
148.645
148.671
148.696
148.722
148.748
148.774
148.799
148.825
148.851
148.877
148.902
148.928
148.954
148.98
149.005
149.031
149.057
149.083
149.108
149.134
149.16
149.185
149.211
149.237
149.263
149.288
149.314
149.34
149.365
149.391
149.417
149.443
149.468
149.494
149.52
149.546
149.571
149.597
149.623
149.649
149.674
149.7
149.726
149.752
149.777
149.803
149.829
149.855
149.88
149.906
149.932
149.958
149.983
150.009
150.035
150.061
150.086
150.112
150.138
150.164
150.189
150.215
150.241
150.267
150.292
150.318
150.344
150.37
150.395
150.421
150.447
150.473
150.498
150.524
150.55
150.576
150.602
150.627
150.653
150.679
150.705
150.73
150.756
150.782
150.808
150.833
150.859
150.885
150.91
150.936
150.962
150.988
151.013
151.039
151.065
151.09
151.116
151.142
151.168
151.193
151.219
151.245
151.271
151.296
151.322
151.348
151.374
151.399
151.425
151.451
151.477
151.502
151.528
151.554
151.58
151.605
151.631
151.657
151.683
151.708
151.734
151.76
151.786
151.811
151.837
151.863
151.888
151.914
151.94
151.966
151.991
152.017
152.043
152.069
152.094
152.12
152.146
152.172
152.197
152.223
152.249
152.275
152.301
152.326
152.352
152.378
152.404
152.429
152.455
152.481
152.507
152.532
152.558
152.584
152.61
152.635
152.661
152.687
152.713
152.738
152.764
152.79
152.816
152.841
152.867
152.893
152.919
152.944
152.97
152.996
153.022
153.047
153.073
153.099
153.124
153.15
153.176
153.202
153.227
153.253
153.279
153.304
153.33
153.356
153.382
153.407
153.433
153.459
153.485
153.51
153.536
153.562
153.588
153.613
153.639
153.665
153.69
153.716
153.742
153.768
153.793
153.819
153.845
153.871
153.896
153.922
153.948
153.974
153.999
154.025
154.051
154.077
154.102
154.128
154.154
154.18
154.205
154.231
154.257
154.283
154.308
154.334
154.36
154.386
154.411
154.437
154.463
154.489
154.514
154.54
154.566
154.592
154.617
154.643
154.669
154.695
154.72
154.746
154.772
154.798
154.824
154.849
154.875
154.901
154.927
154.952
154.978
155.004
155.03
155.055
155.081
155.107
155.133
155.158
155.184
155.21
155.236
155.261
155.287
155.313
155.338
155.364
155.39
155.416
155.441
155.467
155.493
155.519
155.544
155.57
155.596
155.622
155.647
155.673
155.699
155.725
155.75
155.776
155.802
155.828
155.853
155.879
155.905
155.931
155.956
155.982
156.008
156.034
156.059
156.085
156.111
156.137
156.162
156.188
156.214
156.24
156.265
156.291
156.317
156.343
156.369
156.394
156.42
156.446
156.472
156.497
156.523
156.549
156.574
156.6
156.626
156.652
156.677
156.703
156.729
156.755
156.78
156.806
156.832
156.858
156.883
156.909
156.935
156.961
156.986
157.012
157.038
157.063
157.089
157.115
157.141
157.166
157.192
157.218
157.244
157.269
157.295
157.321
157.346
157.372
157.398
157.423
157.449
157.475
157.501
157.526
157.552
157.578
157.604
157.629
157.655
157.681
157.707
157.732
157.758
157.784
157.81
157.835
157.861
157.887
157.913
157.938
157.964
157.99
158.016
158.041
158.067
158.093
158.119
158.144
158.17
158.196
158.222
158.247
158.273
158.299
158.325
158.35
158.376
158.402
158.428
158.453
158.479
158.505
158.531
158.556
158.582
158.608
158.634
158.659
158.685
158.711
158.737
158.762
158.788
158.814
158.84
158.865
158.891
158.917
158.943
158.968
158.994
159.02
159.046
159.072
159.097
159.123
159.149
159.174
159.2
159.226
159.252
159.278
159.303
159.329
159.355
159.381
159.406
159.432
159.458
159.484
159.51
159.535
159.561
159.587
159.613
159.638
159.664
159.69
159.715
159.741
159.767
159.793
159.818
159.844
159.87
159.896
159.922
159.947
159.973
159.999
160.024
160.05
160.076
160.102
160.128
160.153
160.179
160.205
160.231
160.256
160.282
160.308
160.334
160.359
160.385
160.411
160.437
160.462
160.488
160.514
160.54
160.565
160.591
160.617
160.643
160.668
160.694
160.72
160.746
160.771
160.797
160.823
160.849
160.874
160.9
160.926
160.952
160.977
161.003
161.029
161.054
161.08
161.106
161.132
161.157
161.183
161.209
161.235
161.26
161.286
161.312
161.337
161.363
161.389
161.415
161.44
161.466
161.492
161.518
161.543
161.569
161.595
161.621
161.646
161.672
161.698
161.723
161.749
161.775
161.8
161.826
161.852
161.877
161.903
161.929
161.955
161.98
162.006
162.032
162.058
162.083
162.109
162.135
162.161
162.186
162.212
162.238
162.263
162.289
162.315
162.341
162.366
162.392
162.418
162.444
162.469
162.495
162.521
162.547
162.572
162.598
162.624
162.65
162.675
162.701
162.727
162.752
162.778
162.804
162.83
162.855
162.881
162.907
162.933
162.958
162.984
163.01
163.036
163.061
163.087
163.113
163.138
163.164
163.19
163.216
163.241
163.267
163.293
163.319
163.344
163.37
163.396
163.422
163.447
163.473
163.499
163.524
163.55
163.576
163.602
163.627
163.653
163.679
163.705
163.73
163.756
163.782
163.807
163.833
163.859
163.885
163.91
163.936
163.962
163.988
164.013
164.039
164.065
164.091
164.116
164.142
164.168
164.193
164.219
164.245
164.271
164.296
164.322
164.348
164.374
164.399
164.425
164.451
164.476
164.502
164.528
164.554
164.579
164.605
164.631
164.656
164.682
164.708
164.734
164.76
164.785
164.811
164.837
164.862
164.888
164.914
164.94
164.965
164.991
165.017
165.042
165.068
165.094
165.12
165.145
165.171
165.197
165.222
165.248
165.274
165.3
165.326
165.351
165.377
165.403
165.428
165.454
165.48
165.506
165.531
165.557
165.583
165.608
165.634
165.66
165.686
165.711
165.737
165.763
165.789
165.814
165.84
165.866
165.892
165.917
165.943
165.969
165.995
166.02
166.046
166.072
166.097
166.123
166.149
166.175
166.2
166.226
166.252
166.278
166.303
166.329
166.355
166.381
166.406
166.432
166.458
166.484
166.509
166.535
166.561
166.587
166.612
166.638
166.664
166.69
166.715
166.741
166.767
166.793
166.818
166.844
166.87
166.895
166.921
166.947
166.973
166.998
167.024
167.05
167.076
167.101
167.127
167.153
167.179
167.204
167.23
167.256
167.282
167.307
167.333
167.359
167.385
167.41
167.436
167.462
167.488
167.513
167.539
167.565
167.591
167.616
167.642
167.668
167.694
167.719
167.745
167.771
167.797
167.822
167.848
167.874
167.899
167.925
167.951
167.977
168.002
168.028
168.054
168.08
168.105
168.131
168.157
168.183
168.208
168.234
168.26
168.285
168.311
168.337
168.363
168.388
168.414
168.44
168.465
168.491
168.517
168.543
168.568
168.594
168.62
168.646
168.671
168.697
168.723
168.749
168.774
168.8
168.826
168.851
168.877
168.903
168.929
168.954
168.98
169.006
169.031
169.057
169.083
169.109
169.134
169.16
169.186
169.211
169.237
169.263
169.289
169.314
169.34
169.366
169.391
169.417
169.443
169.469
169.494
169.52
169.546
169.572
169.597
169.623
169.649
169.674
169.7
169.726
169.752
169.777
169.803
169.829
169.855
169.88
169.906
169.932
169.958
169.983
170.009
170.035
170.061
170.086
170.112
170.138
170.164
170.189
170.215
170.241
170.266
170.292
170.318
170.344
170.369
170.395
170.421
170.446
170.472
170.498
170.524
170.549
170.575
170.601
170.627
170.652
170.678
170.704
170.729
170.755
170.781
170.807
170.832
170.858
170.884
170.91
170.935
170.961
170.987
171.013
171.038
171.064
171.09
171.116
171.141
171.167
171.193
171.219
171.244
171.27
171.296
171.322
171.347
171.373
171.399
171.425
171.45
171.476
171.502
171.527
171.553
171.579
171.605
171.63
171.656
171.682
171.708
171.733
171.759
171.785
171.81
171.836
171.862
171.888
171.913
171.939
171.965
171.991
172.016
172.042
172.068
172.094
172.119
172.145
172.171
172.197
172.222
172.248
172.274
172.3
172.325
172.351
172.377
172.403
172.428
172.454
172.48
172.506
172.531
172.557
172.583
172.608
172.634
172.66
172.686
172.711
172.737
172.763
172.789
172.814
172.84
172.866
172.891
172.917
172.943
172.969
172.994
173.02
173.046
173.071
173.097
173.123
173.148
173.174
173.2
173.226
173.251
173.277
173.303
173.328
173.354
173.38
173.406
173.431
173.457
173.483
173.509
173.534
173.56
173.586
173.611
173.637
173.663
173.689
173.714
173.74
173.766
173.792
173.817
173.843
173.869
173.895
173.92
173.946
173.972
173.997
174.023
174.049
174.075
174.1
174.126
174.152
174.178
174.203
174.229
174.255
174.28
174.306
174.332
174.358
174.384
174.409
174.435
174.461
174.486
174.512
174.538
174.564
174.589
174.615
174.641
174.667
174.692
174.718
174.744
174.77
174.795
174.821
174.847
174.872
174.898
174.924
174.95
174.975
175.001
175.027
175.053
175.078
175.104
175.13
175.156
175.181
175.207
175.233
175.259
175.284
175.31
175.336
175.362
175.387
175.413
175.439
175.465
175.49
175.516
175.542
175.568
175.593
175.619
175.645
175.671
175.696
175.722
175.748
175.774
175.799
175.825
175.851
175.877
175.902
175.928
175.954
175.98
176.005
176.031
176.057
176.083
176.108
176.134
176.16
176.186
176.211
176.237
176.263
176.288
176.314
176.34
176.366
176.392
176.417
176.443
176.469
176.495
176.52
176.546
176.572
176.598
176.623
176.649
176.675
176.701
176.726
176.752
176.778
176.803
176.829
176.855
176.881
176.906
176.932
176.958
176.983
177.009
177.035
177.061
177.086
177.112
177.138
177.163
177.189
177.215
177.241
177.266
177.292
177.318
177.344
177.369
177.395
177.421
177.446
177.472
177.498
177.524
177.549
177.575
177.601
177.627
177.652
177.678
177.704
177.729
177.755
177.781
177.807
177.832
177.858
177.884
177.91
177.935
177.961
177.987
178.013
178.038
178.064
178.09
178.116
178.141
178.167
178.193
178.219
178.244
178.27
178.296
178.322
178.347
178.373
178.399
178.425
178.45
178.476
178.502
178.528
178.553
178.579
178.605
178.631
178.656
178.682
178.708
178.734
178.759
178.785
178.811
178.837
178.863
178.888
178.914
178.94
178.965
178.991
179.017
179.042
179.068
179.094
179.12
179.145
179.171
179.197
179.222
179.248
179.274
179.3
179.325
179.351
179.377
179.403
179.428
179.454
179.48
179.506
179.531
179.557
179.583
179.608
179.634
179.66
179.686
179.711
179.737
179.763
179.789
179.814
179.84
179.866
179.892
179.917
179.943
179.969
179.994
180.02
180.046
180.072
180.097
180.123
180.149
180.175
180.2
180.226
180.252
180.278
180.303
180.329
180.355
180.381
180.406
180.432
180.458
180.484
180.509
180.535
180.561
180.586
180.612
180.638
180.664
180.689
180.715
180.741
180.767
180.792
180.818
180.844
180.869
180.895
180.921
180.947
180.972
180.998
181.024
181.049
181.075
181.101
181.127
181.152
181.178
181.204
181.229
181.255
181.281
181.306
181.332
181.358
181.384
181.409
181.435
181.461
181.486
181.512
181.538
181.564
181.59
181.615
181.641
181.667
181.693
181.718
181.744
181.77
181.795
181.821
181.847
181.872
181.898
181.924
181.95
181.975
182.001
182.027
182.053
182.078
182.104
182.13
182.155
182.181
182.207
182.233
182.258
182.284
182.31
182.336
182.361
182.387
182.413
182.439
182.464
182.49
182.516
182.542
182.567
182.593
182.619
182.645
182.67
182.696
182.722
182.747
182.773
182.799
182.825
182.85
182.876
182.902
182.928
182.953
182.979
183.005
183.031
183.056
183.082
183.108
183.134
183.159
183.185
183.211
183.236
183.262
183.288
183.313
183.339
183.365
183.391
183.416
183.442
183.468
183.494
183.519
183.545
183.571
183.596
183.622
183.648
183.674
183.699
183.725
183.751
183.777
183.802
183.828
183.854
183.879
183.905
183.931
183.957
183.982
184.008
184.034
184.06
184.085
184.111
184.137
184.163
184.188
184.214
184.24
184.266
184.291
184.317
184.343
184.369
184.394
184.42
184.446
184.471
184.497
184.523
184.549
184.574
184.6
184.626
184.652
184.677
184.703
184.729
184.755
184.78
184.806
184.832
184.858
184.883
184.909
184.935
184.96
184.986
185.012
185.038
185.063
185.089
185.115
185.14
185.166
185.192
185.218
185.243
185.269
185.295
185.321
185.346
185.372
185.398
185.424
185.449
185.475
185.501
185.526
185.552
185.578
185.604
185.629
185.655
185.681
185.707
185.732
185.758
185.784
185.81
185.835
185.861
185.887
185.913
185.938
185.964
185.99
186.015
186.041
186.067
186.093
186.118
186.144
186.17
186.196
186.221
186.247
186.273
186.298
186.324
186.35
186.376
186.401
186.427
186.453
186.479
186.504
186.53
186.556
186.582
186.607
186.633
186.659
186.684
186.71
186.736
186.762
186.787
186.813
186.839
186.865
186.89
186.916
186.942
186.967
186.993
187.019
187.045
187.07
187.096
187.122
187.148
187.173
187.199
187.225
187.251
187.276
187.302
187.328
187.353
187.379
187.405
187.431
187.456
187.482
187.508
187.534
187.559
187.585
187.611
187.636
187.662
187.688
187.713
187.739
187.765
187.791
187.816
187.842
187.868
187.894
187.919
187.945
187.971
187.996
188.022
188.048
188.074
188.099
188.125
188.151
188.176
188.202
188.228
188.253
188.279
188.305
188.331
188.356
188.382
188.408
188.433
188.459
188.485
188.511
188.536
188.562
188.588
188.614
188.639
188.665
188.691
188.716
188.742
188.768
188.794
188.819
188.845
188.871
188.896
188.922
188.948
188.973
188.999
189.025
189.05
189.076
189.102
189.128
189.153
189.179
189.205
189.231
189.256
189.282
189.308
189.333
189.359
189.385
189.411
189.436
189.462
189.488
189.513
189.539
189.565
189.591
189.616
189.642
189.668
189.694
189.719
189.745
189.771
189.796
189.822
189.848
189.873
189.899
189.925
189.95
189.976
190.002
190.028
190.053
190.079
190.104
190.13
190.156
190.182
190.207
190.233
190.259
190.284
190.31
190.336
190.361
190.387
190.413
190.439
190.464
190.49
190.516
190.541
190.567
190.593
190.618
190.644
190.67
190.696
190.721
190.747
190.773
190.798
190.824
190.85
190.875
190.901
190.927
190.952
190.978
191.004
191.03
191.055
191.081
191.107
191.133
191.158
191.184
191.21
191.235
191.261
191.287
191.312
191.338
191.364
191.39
191.415
191.441
191.467
191.492
191.518
191.544
191.57
191.595
191.621
191.647
191.672
191.698
191.724
191.749
191.775
191.801
191.826
191.852
191.878
191.903
191.929
191.955
191.981
192.006
192.032
192.058
192.083
192.109
192.135
192.161
192.186
192.212
192.238
192.264
192.289
192.315
192.341
192.366
192.392
192.418
192.443
192.469
192.495
192.521
192.546
192.572
192.598
192.623
192.649
192.675
192.7
192.726
192.752
192.778
192.803
192.829
192.855
192.88
192.906
192.932
192.957
192.983
193.009
193.034
193.06
193.086
193.111
193.137
193.163
193.189
193.214
193.24
193.266
193.291
193.317
193.343
193.369
193.394
193.42
193.446
193.471
193.497
193.523
193.549
193.574
193.6
193.626
193.651
193.677
193.703
193.729
193.754
193.78
193.806
193.831
193.857
193.883
193.908
193.934
193.96
193.986
194.011
194.037
194.063
194.088
194.114
194.14
194.165
194.191
194.217
194.243
194.268
194.294
194.32
194.345
194.371
194.397
194.422
194.448
194.474
194.5
194.525
194.551
194.577
194.602
194.628
194.654
194.679
194.705
194.731
194.756
194.782
194.808
194.834
194.859
194.885
194.911
194.936
194.962
194.987
195.013
195.039
195.064
195.09
195.116
195.141
195.167
195.193
195.218
195.244
195.27
195.295
195.321
195.347
195.372
195.398
195.424
195.45
195.475
195.501
195.527
195.552
195.578
195.603
195.629
195.655
195.681
195.706
195.732
195.758
195.783
195.809
195.835
195.86
195.886
195.912
195.938
195.963
195.989
196.014
196.04
196.066
196.091
196.117
196.143
196.168
196.194
196.22
196.245
196.271
196.297
196.322
196.348
196.374
196.399
196.425
196.451
196.477
196.502
196.528
196.554
196.579
196.605
196.631
196.656
196.682
196.708
196.733
196.759
196.785
196.81
196.836
196.862
196.887
196.913
196.939
196.964
196.99
197.016
197.041
197.067
197.093
197.118
197.144
197.17
197.195
197.221
197.247
197.272
197.298
197.323
197.349
197.375
197.4
197.426
197.452
197.477
197.503
197.529
197.554
197.58
197.606
197.631
197.657
197.683
197.708
197.734
197.76
197.785
197.811
197.837
197.862
197.888
197.914
197.939
197.965
197.991
198.016
198.042
198.068
198.093
198.119
198.145
198.17
198.196
198.222
198.247
198.273
198.299
198.324
198.35
198.376
198.401
198.427
198.453
198.478
198.504
198.53
198.555
198.581
198.606
198.632
198.658
198.683
198.709
198.735
198.76
198.786
198.812
198.837
198.863
198.889
198.914
198.94
198.966
198.991
199.017
199.042
199.068
199.094
199.119
199.145
199.171
199.196
199.222
199.247
199.273
199.299
199.324
199.35
199.376
199.401
199.427
199.453
199.478
199.504
199.53
199.555
199.581
199.607
199.632
199.658
199.683
199.709
199.735
199.76
199.786
199.812
199.838
199.863
199.889
199.914
199.94
199.966
199.992
200.017
200.043
200.068
200.094
200.12
200.145
200.171
200.197
200.222
200.248
200.274
200.299
200.325
200.351
200.376
200.402
200.428
200.453
200.479
200.505
200.53
200.556
200.582
200.607
200.633
200.659
200.684
200.71
200.735
200.761
200.787
200.812
200.838
200.863
200.889
200.915
200.94
200.966
200.991
201.017
201.043
201.068
201.094
201.119
201.145
201.171
201.196
201.222
201.247
201.273
201.299
201.324
201.35
201.375
201.401
201.427
201.452
201.478
201.504
201.529
201.555
201.58
201.606
201.632
201.657
201.683
201.708
201.734
201.76
201.785
201.811
201.836
201.862
201.888
201.913
201.939
201.964
201.99
202.016
202.041
202.067
202.093
202.118
202.144
202.169
202.195
202.221
202.246
202.272
202.297
202.323
202.349
202.374
202.4
202.426
202.451
202.477
202.502
202.528
202.554
202.579
202.605
202.631
202.656
202.682
202.707
202.733
202.759
202.784
202.81
202.835
202.861
202.887
202.912
202.938
202.963
202.989
203.015
203.04
203.066
203.091
203.117
203.143
203.168
203.194
203.219
203.245
203.271
203.296
203.322
203.347
203.373
203.399
203.424
203.45
203.475
203.501
203.527
203.552
203.578
203.603
203.629
203.655
203.68
203.706
203.731
203.757
203.783
203.808
203.834
203.859
203.885
203.91
203.936
203.962
203.987
204.013
204.038
204.064
204.089
204.115
204.141
204.166
204.192
204.217
204.243
204.268
204.294
204.32
204.345
204.371
204.396
204.422
204.447
204.473
204.499
204.524
204.55
204.575
204.601
204.626
204.652
204.678
204.703
204.729
204.754
204.78
204.805
204.831
204.856
204.882
204.908
204.933
204.959
204.984
205.01
205.035
205.061
205.086
205.112
205.137
205.163
205.188
205.214
205.239
205.265
205.29
205.316
205.341
205.366
205.392
205.417
205.443
205.469
205.494
205.52
205.545
205.571
205.596
205.622
205.647
205.672
205.698
205.723
205.748
205.774
205.799
205.825
205.85
205.875
205.901
205.926
205.951
205.977
206.003
206.029
206.054
206.08
206.106
206.132
206.158
206.184
206.21
206.235
206.261
206.287
206.313
