93.7111
194.912
261.379
260.528
263.123
274.445
280.056
283.871
284.922
284.118
283.49
283.481
283.464
283.438
283.403
283.362
283.317
283.261
283.2
283.144
283.08
283.01
282.935
282.853
282.769
282.676
282.578
282.475
282.364
282.249
282.119
281.989
281.855
281.711
281.559
281.405
281.239
281.066
280.897
280.702
280.526
280.34
280.15
279.943
279.728
279.505
279.275
279.041
278.803
278.554
278.3
278.041
277.776
277.505
277.225
276.941
276.653
276.356
276.055
275.748
275.435
275.115
274.792
274.462
274.164
273.854
273.549
273.236
272.926
272.605
272.277
271.943
271.602
271.249
270.907
270.558
270.206
269.861
269.495
269.116
268.737
268.372
267.992
267.584
267.167
266.745
266.323
265.892
265.466
265.029
264.586
264.151
263.691
263.237
262.787
262.336
261.877
261.419
260.963
260.504
260.034
259.579
259.119
258.658
258.229
257.788
257.357
256.896
256.425
255.968
255.512
255.053
254.605
254.159
253.718
253.279
252.843
252.41
251.968
251.528
251.071
250.62
250.176
249.727
249.289
248.868
248.494
248.121
247.754
247.386
247.013
246.648
246.28
245.912
245.543
245.152
244.782
244.413
244.046
243.679
243.311
242.946
242.563
242.191
241.815
241.409
241.02
240.653
240.297
239.947
239.592
239.245
238.905
238.575
238.247
237.912
237.583
237.26
236.941
236.626
236.322
235.998
235.713
235.406
235.106
234.814
234.524
234.231
233.942
233.637
233.375
233.1
232.839
232.646
232.468
232.293
232.052
231.868
231.712
231.619
231.575
231.549
231.512
231.476
231.436
231.401
231.369
231.372
231.397
231.415
231.43
231.483
231.502
231.52
231.511
231.49
231.56
231.644
231.719
231.846
232.03
232.174
232.304
232.44
232.591
232.747
232.936
233.123
233.309
233.519
233.725
233.923
234.094
234.269
234.541
234.738
234.87
235.043
235.17
235.262
235.491
235.637
235.85
236.019
236.239
236.404
236.572
236.735
236.874
237.022
237.263
237.436
237.661
237.874
238.108
238.313
238.475
238.672
238.814
238.939
239.106
239.22
239.323
239.407
239.53
239.68
239.743
239.852
239.979
240.034
240.07
240.161
240.162
240.211
240.23
240.283
240.29
240.303
240.312
240.306
240.328
240.345
240.376
240.329
240.266
240.229
240.199
240.169
240.143
240.106
240.064
240.012
239.975
239.906
239.826
239.752
239.664
239.579
239.482
239.381
239.277
239.13
239.011
238.897
238.787
238.655
238.518
238.371
238.24
238.091
237.939
237.765
237.597
237.404
237.208
237.013
236.82
236.621
236.439
236.258
236.068
235.857
235.681
235.482
235.271
235.086
234.892
234.689
234.48
234.272
234.063
233.847
233.629
233.392
233.178
232.963
232.737
232.529
232.314
232.087
231.874
231.658
231.456
231.248
231.098
231.006
230.926
230.83
230.671
230.517
230.362
230.211
230.049
229.895
229.748
229.59
229.442
229.292
229.145
229.002
228.888
228.791
228.677
228.514
228.418
228.307
228.254
228.2
228.157
228.105
228.045
227.974
227.892
227.815
227.75
227.734
227.703
227.669
227.653
227.645
227.631
227.612
227.592
227.569
227.546
227.53
227.51
227.468
227.444
227.415
227.369
227.336
227.306
227.206
227.17
227.133
227.095
227.058
227.017
226.977
226.942
226.917
226.926
226.936
226.9
226.949
227.017
227.101
227.159
227.227
227.289
227.256
227.273
227.257
227.249
227.218
227.196
227.173
227.087
227.116
227.141
227.181
227.234
227.36
227.534
227.698
227.872
228.008
228.125
228.251
228.375
228.499
228.613
228.685
228.876
229.049
229.221
229.387
229.55
229.705
229.836
229.968
230.102
230.225
230.331
230.434
230.528
230.616
230.707
230.8
230.964
231.158
231.401
231.628
231.824
232.009
232.155
232.278
232.356
232.423
232.51
232.58
232.724
232.84
232.958
233.059
233.146
233.238
233.312
233.387
233.461
233.543
233.677
233.834
233.975
233.993
234.031
234.118
234.171
234.223
234.296
234.381
234.415
234.419
234.492
234.547
234.599
234.595
234.615
234.613
234.63
234.6
234.554
234.516
234.468
234.386
234.326
234.238
234.162
234.042
233.978
233.856
233.742
233.638
233.514
233.363
233.259
233.134
233.007
232.898
232.745
232.601
232.462
232.31
232.174
232.027
231.856
231.705
231.555
231.395
231.239
231.104
230.981
230.89
230.802
230.733
230.671
230.586
230.48
230.389
230.277
230.198
230.099
230.008
229.908
229.803
229.753
229.645
229.596
229.522
229.464
229.408
229.355
229.282
229.224
229.152
229.149
229.104
229.056
229.005
228.958
228.945
228.88
228.801
228.73
228.656
228.616
228.588
228.544
228.508
228.468
228.413
228.373
228.35
228.365
228.413
228.407
228.389
228.358
228.348
228.385
228.375
228.405
228.472
228.554
228.6
228.59
228.595
228.599
228.596
228.587
228.585
228.554
228.604
228.591
228.549
228.466
228.438
228.459
228.464
228.474
228.425
228.374
228.338
228.287
228.29
228.214
228.16
228.109
228.068
228.044
228.031
228.015
227.959
227.897
227.832
227.755
227.687
227.601
227.533
227.468
227.389
227.319
227.245
227.176
227.107
227.035
226.963
226.883
226.809
226.743
226.677
226.611
226.526
226.505
226.457
226.429
226.423
226.41
226.435
226.463
226.467
226.485
226.5
226.566
226.699
226.818
226.925
226.999
227.068
227.149
227.217
227.254
227.306
227.351
227.5
227.629
227.722
227.737
227.754
227.786
227.833
227.82
227.848
227.948
228.033
228.113
228.193
228.28
228.423
228.593
228.715
228.833
228.937
229.031
229.124
229.291
229.405
229.558
229.738
229.821
229.922
230.008
230.072
230.137
230.216
230.259
230.308
230.37
230.407
230.431
230.467
230.493
230.488
230.496
230.552
230.615
230.666
230.678
230.698
230.714
230.729
230.776
230.751
230.797
230.85
230.869
230.857
230.843
230.851
230.864
230.859
230.956
231.014
231.056
231.12
231.188
231.198
231.235
231.264
231.292
231.3
231.285
231.23
231.199
231.308
231.434
231.489
231.551
231.629
231.68
231.74
231.822
231.997
232.149
232.319
232.469
232.594
232.676
232.753
232.804
232.841
232.889
232.905
232.914
232.929
232.93
232.935
232.904
232.899
232.859
232.841
232.836
232.828
232.821
232.856
232.876
232.891
232.903
232.911
232.898
232.878
232.851
232.87
232.822
232.717
232.64
232.586
232.472
232.348
232.256
232.117
232.026
231.825
231.707
231.561
231.405
231.273
231.126
230.962
230.799
230.667
230.504
230.348
230.186
230.025
229.884
229.723
229.562
229.434
229.278
229.102
228.961
228.806
228.666
228.475
228.293
228.146
228.069
228.04
227.972
227.896
227.821
227.739
227.659
227.569
227.492
227.41
227.359
227.337
227.326
227.321
227.306
227.261
227.24
227.248
227.191
227.143
227.114
227.088
227.03
226.979
226.925
226.877
226.816
226.749
226.679
226.607
226.539
226.468
226.39
226.326
226.315
226.307
226.285
226.336
226.353
226.364
226.438
226.516
226.582
226.603
226.637
226.637
226.651
226.695
226.71
226.644
226.693
226.753
226.778
226.834
226.879
226.928
226.966
227.095
227.158
227.204
227.238
227.265
227.289
227.301
227.316
227.317
227.36
227.432
227.543
227.682
227.782
227.92
228.039
228.175
228.279
228.354
228.459
228.561
228.623
228.71
228.821
228.895
228.943
229.017
229.071
229.112
229.144
229.182
229.153
229.203
229.204
229.253
229.256
229.254
229.218
229.237
229.278
229.305
229.339
229.365
229.383
229.401
229.41
229.418
229.411
229.421
229.495
229.547
229.578
229.589
229.668
229.692
229.654
229.726
229.744
229.712
229.739
229.725
229.766
229.769
229.711
229.71
229.675
229.63
229.557
229.529
229.453
229.406
229.414
229.416
229.436
229.482
229.506
229.525
229.54
229.549
229.567
229.6
229.678
229.757
229.826
229.893
229.953
230.01
230.058
230.134
230.165
230.194
230.181
230.191
230.244
230.225
230.219
230.168
230.146
230.169
230.118
230.069
230.039
229.991
229.922
229.88
229.85
229.893
229.972
230.051
230.111
230.173
230.232
230.307
230.355
230.416
230.476
230.525
230.573
230.599
230.646
230.663
230.676
230.726
230.74
230.745
230.747
230.709
230.7
230.648
230.601
230.556
230.538
230.479
230.418
230.34
230.279
230.285
230.247
230.238
230.197
230.17
230.142
230.147
230.11
230.025
230.018
229.995
230.07
230.154
230.26
230.361
230.372
230.453
230.523
230.563
230.585
230.628
230.611
230.611
230.679
230.701
230.748
230.776
230.771
230.794
230.8
230.822
230.861
230.919
230.929
230.978
231.03
231.062
231.122
231.091
231.182
231.234
231.277
231.336
231.35
231.311
231.332
231.367
231.362
231.395
231.354
231.364
231.344
231.337
231.248
231.214
231.122
231.083
231.043
230.992
230.905
230.801
230.749
230.653
230.549
230.5
230.413
230.301
230.225
230.083
230.001
229.869
229.767
229.665
229.517
229.375
229.248
229.162
228.993
228.826
228.645
228.492
228.369
228.193
228.044
227.93
227.782
227.621
227.55
227.419
227.269
227.132
227.023
226.861
226.741
226.599
226.456
226.363
226.318
226.232
226.196
226.027
225.909
225.743
225.675
225.611
225.529
225.436
225.328
225.192
225.074
224.986
224.903
224.771
224.641
224.59
224.509
224.453
224.395
224.295
224.343
224.384
224.386
224.478
224.512
224.554
224.538
224.618
224.647
224.76
224.876
224.952
225.032
225.199
225.302
225.42
225.512
225.606
225.739
225.799
225.86
226.033
226.299
226.57
226.885
227.238
227.506
227.731
228.003
228.283
228.488
228.678
228.964
229.153
229.359
229.542
229.744
229.915
230.055
230.219
230.388
230.485
230.612
230.749
230.846
230.902
231.008
231.112
231.129
231.241
231.256
231.293
231.313
231.343
231.36
231.422
231.48
231.584
231.688
231.786
231.881
231.973
232.06
232.141
232.21
232.276
232.343
232.362
232.387
232.458
232.474
232.497
232.518
232.533
232.545
232.584
232.567
232.608
232.658
232.749
232.833
232.874
232.93
232.957
232.937
232.982
232.963
232.97
232.976
232.972
232.969
232.946
232.921
232.865
232.835
232.801
232.749
232.677
232.571
232.453
232.362
232.226
232.104
232.005
231.947
231.912
231.842
231.775
231.723
231.649
231.607
231.558
231.481
231.42
231.354
231.258
231.153
231.067
230.931
230.83
230.695
230.597
230.47
230.347
230.222
230.074
229.948
229.863
229.804
229.748
229.681
229.611
229.491
229.402
229.321
229.237
229.141
229.051
228.957
228.865
228.773
228.644
228.527
228.4
228.224
228.077
227.885
227.685
227.455
227.301
227.106
226.963
226.926
226.83
226.741
226.672
226.643
226.606
226.53
226.478
226.358
226.256
226.292
226.353
226.343
226.336
226.385
226.427
226.472
226.494
226.53
226.555
226.61
226.68
226.673
226.716
226.666
226.672
226.679
226.704
226.651
226.704
226.734
226.851
226.895
226.855
226.83
226.756
226.772
226.759
226.721
226.732
226.722
226.701
226.635
226.615
226.562
226.568
226.619
226.738
226.789
226.929
227.002
227.095
227.151
227.185
227.31
227.376
227.472
227.559
227.615
227.681
227.691
227.696
227.68
227.72
227.735
227.749
227.785
227.852
227.937
228.007
228.107
228.206
228.248
228.321
228.431
228.572
228.65
228.792
228.985
229.156
229.303
229.435
229.568
229.703
229.822
229.914
230.075
230.337
230.606
230.871
231.143
231.384
231.612
231.776
231.991
232.189
232.345
232.524
232.708
232.816
232.937
233.08
233.21
233.262
233.36
233.442
233.508
233.545
233.622
233.693
233.763
233.83
233.887
233.945
233.988
234.027
234.06
234.084
234.118
234.135
234.142
234.14
234.135
234.119
234.133
234.07
234.015
233.958
233.918
233.881
233.837
233.738
233.678
233.622
233.56
233.498
233.428
233.386
233.29
233.236
233.134
233.065
232.957
232.89
232.812
232.738
232.657
232.552
232.429
232.3
232.213
232.084
231.932
231.808
231.681
231.547
231.412
231.282
231.119
230.968
230.828
230.674
230.474
230.308
230.093
229.914
229.722
229.508
229.321
229.259
229.25
229.217
229.211
229.193
229.24
229.214
229.154
229.102
229.039
229.051
229.021
228.909
228.83
228.772
228.658
228.611
228.529
228.403
228.311
228.212
228.112
228.023
227.916
227.808
227.69
227.547
227.437
227.336
227.248
227.146
227.023
226.907
226.807
226.7
226.569
226.467
226.329
226.226
226.111
225.981
225.847
225.713
225.728
225.742
225.747
225.789
225.852
225.872
225.897
225.886
225.872
225.896
225.877
225.835
225.837
225.865
225.938
225.94
226.015
226.025
226.021
226.057
226.047
226.063
226.053
226.128
226.207
226.245
226.313
226.323
226.331
226.387
226.393
226.414
226.382
226.49
226.517
226.501
226.52
226.503
226.514
226.511
226.502
226.448
226.425
226.364
226.334
226.344
226.32
226.318
226.336
226.273
226.37
226.436
226.458
226.533
226.6
226.703
226.764
226.914
227.092
227.219
227.393
227.558
227.697
227.907
228.121
228.27
228.421
228.613
228.809
228.97
229.063
229.245
229.381
229.428
229.475
229.543
229.656
229.763
229.919
230.065
230.203
230.297
230.386
230.517
230.638
230.755
230.866
230.951
231.022
231.156
231.241
231.322
231.42
231.509
231.574
231.629
231.704
231.676
231.717
231.763
231.924
232.029
232.178
232.308
232.409
232.503
232.617
232.701
232.782
232.86
232.927
232.976
233.056
233.077
233.187
233.256
233.306
233.315
233.37
233.381
233.406
233.364
233.391
233.328
233.343
233.3
233.271
233.246
233.214
233.157
233.05
232.952
232.901
232.8
232.709
232.651
232.558
232.471
232.404
232.316
232.216
232.114
231.985
231.871
231.759
231.66
231.533
231.41
231.293
231.166
231.024
230.892
230.76
230.557
230.373
230.209
230.049
229.885
229.704
229.541
229.372
229.184
228.978
228.787
228.636
228.485
228.379
228.242
228.138
228.074
227.931
227.797
227.668
227.534
227.377
227.242
227.11
226.976
226.856
226.733
226.599
226.472
226.365
226.243
226.112
225.996
225.847
225.728
225.691
225.575
225.507
225.436
225.308
225.256
225.296
225.463
225.654
225.833
226.002
226.184
226.349
226.457
226.645
226.745
226.837
226.969
227.082
227.179
227.172
227.244
227.231
227.221
227.186
227.168
227.199
227.245
227.242
227.267
227.255
227.238
227.244
227.264
227.387
227.482
227.572
227.66
227.754
227.888
228.033
228.18
228.315
228.446
228.563
228.66
228.751
228.842
228.92
228.999
229.068
229.138
229.205
229.297
229.414
229.538
229.637
229.78
229.86
229.979
230.065
230.159
230.225
230.282
230.314
230.356
230.384
230.437
230.442
230.484
230.519
230.573
230.627
230.671
230.717
230.765
230.792
230.832
230.819
230.832
230.854
230.81
230.753
230.756
230.732
230.717
230.652
230.61
230.635
230.705
230.801
230.899
230.943
231.01
231.119
231.208
231.312
231.414
231.508
231.627
231.684
231.726
231.749
231.813
231.904
232.017
232.093
232.19
232.234
232.315
232.394
232.433
232.495
232.561
232.597
232.647
232.682
232.682
232.705
232.694
232.66
232.651
232.631
232.615
232.597
232.534
232.498
232.456
232.374
232.322
232.244
232.178
232.1
232.008
231.992
231.971
231.898
231.846
231.804
231.736
231.655
231.606
231.547
231.487
231.402
231.317
231.215
231.088
230.99
230.889
230.784
230.687
230.574
230.46
230.338
230.185
230.031
229.874
229.342
229.177
228.998
228.865
228.722
228.527
228.36
228.199
228.037
227.905
227.727
227.531
227.46
227.406
227.368
227.366
227.326
227.311
227.341
227.352
227.226
227.179
227.118
227.047
226.942
226.811
226.667
226.537
226.414
226.346
226.212
226.098
225.966
225.851
225.731
225.632
225.582
225.481
225.436
225.338
225.239
225.179
225.107
225.011
224.94
224.859
224.778
224.687
224.613
224.539
224.498
224.519
224.589
224.634
224.708
224.806
224.882
225.02
225.101
225.186
225.296
225.398
225.473
225.56
225.677
225.798
225.942
226.042
226.174
226.248
226.35
226.472
226.511
226.581
226.614
226.725
226.781
226.89
227.09
227.294
227.479
227.664
227.844
227.968
228.154
228.292
228.451
228.623
228.797
229.004
229.225
229.397
229.52
229.671
229.856
230.003
230.14
230.227
230.29
230.337
230.417
230.488
230.534
230.6
230.671
230.736
230.791
230.854
230.88
230.925
231.021
231.043
231.045
231.078
231.086
231.221
231.351
231.495
231.64
231.77
231.907
232.043
232.119
232.232
232.351
232.411
232.497
232.558
232.613
232.722
232.763
232.833
232.829
232.933
232.952
233.001
233.036
233.063
233.032
233.024
233.034
232.975
232.975
232.948
232.896
232.826
232.76
232.833
232.885
232.934
232.942
232.962
233.006
233.062
233.146
233.166
233.205
233.326
233.418
233.526
233.58
233.673
233.728
233.738
233.754
233.751
233.744
233.747
233.744
233.731
233.713
233.689
233.658
233.608
233.559
233.499
233.402
233.327
233.185
233.071
232.931
232.78
232.631
232.51
232.348
232.249
232.147
232.031
231.911
231.76
231.607
231.445
231.283
231.093
230.912
230.74
230.559
230.39
230.215
230.011
229.803
229.637
229.518
229.342
229.23
229.106
228.991
228.926
228.865
228.796
228.72
228.655
228.568
228.47
228.385
228.29
228.192
228.093
227.976
227.801
227.631
227.468
227.301
227.138
226.976
226.801
226.635
226.469
226.301
226.124
225.954
225.805
225.711
225.616
225.518
225.421
225.324
225.231
225.156
225.063
224.94
224.823
224.742
224.64
224.552
224.448
224.336
224.205
224.094
223.979
223.842
223.696
223.584
223.424
223.337
223.256
223.191
223.158
223.119
223.066
223.074
223.037
223.026
223.043
223.022
223.028
223.038
223.167
223.318
223.471
223.562
223.7
223.905
224.181
224.424
224.686
224.926
225.183
225.392
225.596
225.82
226.032
226.186
226.301
226.389
226.475
226.553
226.664
226.809
226.898
227.023
227.169
227.348
227.421
227.57
227.749
227.988
228.197
228.375
228.598
228.821
228.925
229.098
229.259
229.42
229.584
229.747
229.878
230.054
230.208
230.337
230.512
230.629
230.775
230.885
230.986
231.104
231.184
231.248
231.346
231.395
231.436
231.488
231.532
231.522
231.538
231.573
231.641
231.7
231.756
231.811
231.841
231.906
231.95
231.967
231.989
232.04
232.09
232.141
232.202
232.3
232.385
232.481
232.567
232.605
232.604
232.619
232.662
232.696
232.701
232.706
232.711
232.696
232.665
232.66
232.683
232.716
232.699
232.714
232.722
232.838
232.95
232.975
233.057
233.165
233.14
233.206
233.212
233.26
233.242
233.211
233.225
233.259
233.168
233.153
233.136
233.067
232.976
232.966
232.869
232.813
232.744
232.643
232.568
232.509
232.414
232.272
232.215
232.093
231.964
231.896
231.776
231.669
231.547
231.439
231.284
231.126
231.009
230.889
230.882
230.843
230.836
230.798
230.779
230.673
230.654
230.608
230.503
230.424
230.353
230.318
230.286
230.248
230.217
230.185
230.147
230.08
230.047
229.995
229.997
229.983
229.906
229.864
229.844
229.759
229.691
229.652
229.612
229.48
229.437
229.402
229.286
229.215
229.14
229.062
228.921
228.789
228.704
228.601
228.584
228.527
228.461
228.336
228.226
228.178
228.063
227.931
227.813
227.741
227.606
227.483
227.418
227.275
227.106
227.001
226.899
226.864
226.863
226.823
226.83
226.787
226.748
226.74
226.73
226.638
226.603
226.551
226.516
226.405
226.311
226.275
226.161
226.049
225.995
225.869
225.792
225.709
225.623
225.551
225.526
225.51
225.488
225.475
225.456
225.466
225.457
225.443
225.416
225.405
225.399
225.398
225.39
225.389
225.387
225.386
225.386
225.371
225.397
225.423
225.409
225.402
225.38
225.364
225.344
225.336
225.369
225.425
225.474
225.568
225.66
225.74
225.811
225.887
225.962
226.056
226.16
226.39
226.695
226.954
227.195
227.417
227.656
227.906
228.167
228.421
228.625
228.862
229.074
229.29
229.496
229.694
229.866
230.004
230.177
230.33
230.448
230.59
230.721
230.779
230.883
231.016
231.143
231.277
231.439
231.578
231.708
231.852
232
232.142
232.266
232.383
232.531
232.649
232.756
232.871
232.974
233.089
233.199
233.304
233.357
233.422
233.447
233.491
233.511
233.54
233.55
233.563
233.605
233.646
233.618
233.574
233.559
233.53
233.498
233.451
233.401
233.333
233.268
233.228
233.175
233.155
233.094
232.943
232.942
232.919
232.886
232.861
232.822
232.801
232.702
232.641
232.587
232.434
232.302
232.175
232.006
231.896
231.752
231.583
231.455
231.331
231.338
231.273
231.311
231.274
231.247
231.224
231.171
231.13
231.085
230.948
230.838
230.736
230.63
230.521
230.384
230.288
230.205
230.074
229.97
229.889
229.756
229.623
229.517
229.387
229.244
229.101
228.992
228.884
228.717
228.548
228.414
228.246
228.07
227.934
227.779
227.64
227.503
227.367
227.257
227.084
226.979
226.88
226.791
226.664
226.591
226.43
226.34
226.249
226.167
226.066
225.928
225.836
225.728
225.585
225.486
225.39
225.258
225.259
225.259
225.301
225.281
225.275
225.265
225.28
225.312
225.324
225.334
225.335
225.333
225.356
225.337
225.334
225.346
225.31
225.314
225.344
225.421
225.492
225.537
225.595
225.671
225.738
225.779
225.84
225.91
225.957
226.027
226.142
226.319
226.464
226.585
226.696
226.861
227.011
227.201
227.428
227.615
227.793
227.975
228.192
228.405
228.504
228.596
228.777
228.93
229.157
229.34
229.469
229.647
229.807
229.915
230.052
230.156
230.314
230.417
230.542
230.707
230.763
230.842
230.944
230.948
230.983
231.017
231.072
231.025
231.031
231.045
231.077
231.195
231.305
231.381
231.494
231.596
231.629
231.709
231.783
231.833
231.876
231.884
231.889
231.908
231.905
231.902
231.928
231.918
231.908
231.879
231.833
231.789
231.777
231.744
231.703
231.671
231.642
231.603
231.611
231.618
231.69
231.75
231.766
231.8
231.82
231.82
231.801
231.797
231.889
232.004
232.116
232.232
232.328
232.4
232.473
232.55
232.597
232.656
232.708
232.711
232.716
232.748
232.765
232.757
232.778
232.773
232.77
232.734
232.702
232.68
232.632
232.618
232.579
232.497
232.433
232.351
232.292
232.215
232.099
232.027
231.942
231.806
231.699
231.576
231.453
231.311
231.186
231.047
230.891
230.793
230.694
230.627
230.522
230.419
230.324
230.209
230.129
230.029
229.918
229.829
229.734
229.614
229.513
229.411
229.287
229.184
229.073
228.94
228.817
228.675
228.531
228.537
228.526
228.542
228.522
228.488
228.483
228.462
228.394
228.312
228.217
228.12
228.022
227.926
227.901
227.862
227.805
227.757
227.709
227.72
227.689
227.676
227.646
227.569
227.543
227.521
227.442
227.392
227.293
227.215
227.135
227.061
226.982
226.903
226.809
226.737
226.69
226.652
226.626
226.534
226.523
226.474
226.466
226.451
226.371
226.352
226.262
226.237
226.198
226.121
226.078
226.031
226.006
225.95
225.849
225.789
225.73
225.661
225.592
225.483
225.409
225.476
225.659
225.781
225.856
225.986
226.083
226.166
226.257
226.39
226.475
226.525
226.657
226.742
226.766
226.829
226.862
226.894
226.88
226.913
226.892
226.872
226.865
226.883
226.894
226.884
226.886
226.86
226.838
226.841
226.883
226.936
227.015
227.041
227.145
227.287
227.364
227.454
227.581
227.675
227.762
227.805
227.858
227.981
228.097
228.299
228.489
228.699
228.903
229.085
229.405
229.663
229.986
230.256
230.55
230.807
231.065
231.262
231.492
231.75
231.895
232.074
232.31
232.45
232.565
232.691
232.822
232.96
233.086
233.171
233.268
233.371
233.443
233.511
233.561
233.613
233.607
233.597
233.583
233.614
233.63
233.649
233.615
233.59
233.547
233.495
233.426
233.396
233.305
233.252
233.114
233.06
233.033
232.973
232.908
232.857
232.868
232.819
232.783
232.704
232.65
232.603
232.496
232.424
232.321
232.201
232.156
232.023
231.946
231.802
231.706
231.623
231.548
231.433
231.35
231.252
231.126
231.037
230.98
230.873
230.783
230.728
230.596
230.487
230.331
230.16
230.028
229.908
229.76
229.608
229.477
229.405
229.303
229.193
229.11
228.997
228.903
228.835
228.778
228.738
228.676
228.641
228.55
228.508
228.517
228.485
228.454
228.401
228.375
228.356
228.306
228.242
228.142
228.089
228.043
228.005
227.968
227.904
227.883
227.89
227.899
227.871
227.841
227.816
227.765
227.771
227.804
227.8
227.82
227.849
227.863
227.834
227.802
227.766
227.725
227.674
227.624
227.567
227.481
227.411
227.342
227.282
227.228
227.133
227.088
227.093
227.096
227.092
227.106
227.051
227.102
227.145
227.186
227.283
227.278
227.304
227.326
227.333
227.334
227.387
227.52
227.614
227.658
227.664
227.706
227.695
227.692
227.8
227.859
227.848
227.928
228.033
228.123
228.211
228.264
228.311
228.394
228.45
228.486
228.575
228.637
228.687
228.878
229.032
229.221
229.337
229.516
229.639
229.74
229.911
229.991
230.074
230.194
230.26
230.306
230.326
230.387
230.408
230.391
230.403
230.409
230.399
230.392
230.352
230.381
230.437
230.393
230.446
230.476
230.533
230.59
230.576
230.551
230.494
230.464
230.444
230.404
230.359
230.337
230.305
230.203
230.16
230.081
230.06
230.056
230.042
230.008
230.049
230.113
230.093
230.09
230.128
230.143
230.168
230.187
230.203
230.211
230.209
230.189
230.177
230.147
230.118
230.045
230.003
229.907
229.846
229.841
229.869
229.825
229.8
229.808
229.768
229.878
229.941
230.029
230.106
230.144
230.209
230.25
230.27
230.327
230.363
230.386
230.389
230.388
230.381
230.356
230.32
230.305
230.351
230.362
230.379
230.391
230.42
230.482
230.499
230.491
230.522
230.473
230.421
230.473
230.561
230.649
230.725
230.773
230.859
230.916
230.932
230.987
231.034
231.086
231.111
231.104
231.151
231.141
231.094
231.116
231.094
231.096
231.086
231.029
231.006
230.993
230.925
230.87
230.786
230.714
230.665
230.587
230.509
230.424
230.331
230.208
230.125
230.028
229.926
229.851
229.802
229.737
229.686
229.642
229.573
229.505
229.449
229.362
229.197
229.136
229.096
229.045
228.975
228.915
228.841
228.761
228.7
228.639
228.529
228.426
228.338
228.26
228.157
228.075
227.966
227.838
227.878
227.896
227.936
227.992
228.017
227.985
227.889
227.805
227.772
227.666
227.588
227.576
227.562
227.578
227.621
227.658
227.708
227.74
227.796
227.82
227.83
227.877
227.906
227.904
227.878
227.843
227.815
227.735
227.723
227.691
227.694
227.684
227.66
227.642
227.651
227.629
227.596
227.568
227.555
227.5
227.535
227.563
227.59
227.616
227.642
227.691
227.772
227.85
227.931
227.985
228.038
228.088
228.133
228.179
228.202
228.2
228.2
228.231
228.251
228.291
228.358
228.416
228.505
228.6
228.721
228.788
228.86
228.962
228.991
229.077
229.138
229.221
229.312
229.446
229.575
229.699
229.83
229.978
230.19
230.339
230.409
230.524
230.65
230.781
230.895
230.994
231.074
231.18
231.439
231.596
231.752
231.863
232.036
232.135
232.267
232.357
232.401
232.467
232.517
232.594
232.662
232.666
232.643
232.667
232.614
232.545
232.489
232.455
232.389
232.332
232.293
232.235
232.154
232.1
232.009
231.923
231.845
231.78
231.658
231.545
231.449
231.361
231.262
231.162
231.058
230.963
230.848
230.739
230.636
230.537
230.423
230.304
230.192
230.075
229.963
229.898
229.937
229.997
230.053
230.088
230.123
230.107
230.136
230.15
230.13
230.145
230.134
230.122
230.101
230.083
230.037
230.03
230.016
230.013
230.019
230.036
230.066
230.069
230.047
230.042
230.01
230.061
230.074
230.059
230.086
230.088
230.035
230.001
229.974
229.912
229.876
229.832
229.741
229.676
229.645
229.538
229.414
229.308
229.204
229.08
228.921
228.807
228.774
228.725
228.645
228.597
228.543
228.544
228.514
228.445
228.359
228.323
228.243
228.144
228.071
227.987
227.887
227.802
227.727
227.655
227.565
227.512
227.434
227.332
227.235
227.184
227.071
226.999
226.879
226.756
226.659
226.553
226.423
226.305
226.225
226.158
226.062
225.987
225.914
225.861
225.84
225.854
225.833
225.812
225.814
225.81
225.757
225.727
225.638
225.583
225.582
225.564
225.533
225.547
225.662
225.77
225.97
226.205
226.414
226.631
226.797
226.94
227.071
227.174
227.292
227.438
227.631
227.823
227.997
228.198
228.346
228.509
228.58
228.765
228.879
229.004
229.156
229.324
229.444
229.498
229.613
229.744
229.804
229.873
229.963
230.037
230.053
230.115
230.173
230.17
230.18
230.212
230.215
230.199
230.259
230.294
230.358
230.394
230.439
230.447
230.463
230.474
230.458
230.429
230.428
230.4
230.355
230.306
230.258
230.231
230.242
230.159
230.14
230.113
230.07
230.049
230.057
230.034
230.032
230.024
229.99
229.968
229.969
230.008
229.992
229.976
229.966
229.915
229.876
229.847
229.765
229.697
229.595
229.54
229.467
229.373
229.326
229.309
229.244
229.173
229.227
229.194
229.229
229.212
229.137
229.157
229.155
229.147
229.17
229.196
229.188
229.22
229.348
229.466
229.589
229.696
229.792
229.88
229.969
230.036
230.085
230.19
230.268
230.404
230.452
230.531
230.603
230.646
230.678
230.752
230.758
230.764
230.797
230.752
230.805
230.817
230.837
230.799
230.801
230.805
230.787
230.753
230.746
230.731
230.653
230.601
230.55
230.487
230.413
230.318
230.28
230.278
230.239
230.239
230.221
230.199
230.218
230.223
230.163
230.111
230.016
229.954
229.847
229.749
229.667
229.551
229.461
229.33
229.227
229.074
228.968
228.842
228.73
228.622
228.477
228.325
228.235
228.114
228.002
227.883
227.774
227.651
227.539
227.437
227.315
227.266
227.228
227.179
227.129
227.118
227.095
227.091
227.073
227.041
227.004
226.967
226.926
226.878
226.828
226.763
226.712
226.599
226.516
226.56
226.573
226.689
226.789
226.905
226.991
227.149
227.312
227.442
227.589
227.68
227.853
227.993
228.06
228.104
228.144
228.212
228.219
228.233
228.32
228.348
228.401
228.412
228.476
228.553
228.663
228.752
228.896
229.136
229.369
229.55
229.795
230.005
230.161
230.37
230.542
230.703
230.854
231.004
231.127
231.251
231.371
231.482
231.547
231.594
231.638
231.688
231.731
231.798
231.862
231.904
231.921
231.919
231.931
231.945
231.946
231.941
231.898
231.888
231.885
231.819
231.808
231.787
231.766
231.707
231.675
231.643
231.629
231.641
231.659
231.659
231.633
231.586
231.539
231.501
231.424
231.347
231.288
231.242
231.184
231.123
231.05
230.992
230.898
230.812
230.705
230.592
230.487
230.37
230.225
230.097
230.059
230.061
230.065
230.043
230.023
229.993
229.99
229.995
230.032
230.078
230.053
230.101
230.168
230.159
230.177
230.127
230.159
230.178
230.096
230.11
230.122
230.052
230.035
230.002
229.952
229.855
229.816
229.773
229.638
229.567
229.51
229.427
229.313
229.275
229.204
229.164
229.152
229.106
229.042
229.001
228.95
228.871
228.795
228.753
228.657
228.568
228.443
228.418
228.287
228.186
228.071
227.987
227.845
227.744
227.627
227.514
227.387
227.273
227.128
227.052
226.934
226.82
226.693
226.577
226.411
226.325
226.239
226.047
225.941
225.895
225.754
225.658
225.567
225.473
225.386
225.373
225.3
225.351
225.447
225.499
225.55
225.581
225.669
225.632
225.663
225.711
225.699
225.683
225.799
225.942
226.116
226.31
226.445
226.618
226.747
226.872
227.058
227.159
227.283
227.394
227.508
227.648
227.822
227.998
228.218
228.433
228.682
228.845
229.055
229.196
229.343
229.52
229.666
229.779
229.895
230.023
230.092
230.213
230.328
230.415
230.478
230.575
230.717
230.879
231.005
231.128
231.212
231.304
231.4
231.507
231.58
231.683
231.783
231.823
231.902
231.966
232.031
232.078
232.12
232.18
232.221
232.238
232.336
232.427
232.504
232.573
232.636
232.692
232.738
232.769
232.795
232.813
232.848
232.911
232.978
233.095
233.195
233.355
233.499
233.635
233.72
233.733
233.768
233.772
233.786
233.775
233.76
233.738
233.668
233.629
233.59
233.568
233.52
233.457
233.394
233.337
233.256
233.181
233.1
233.015
232.924
232.825
232.738
232.635
232.54
232.439
232.334
232.227
232.117
232.025
231.919
231.795
231.676
231.534
231.413
231.312
231.174
231.036
230.89
230.753
230.613
230.472
230.325
230.227
230.115
229.987
229.85
229.685
229.512
229.341
229.168
228.988
228.807
228.626
228.454
228.313
228.177
228.042
227.91
227.768
227.647
227.46
227.332
227.176
227.08
227.005
226.908
226.787
226.72
226.656
226.601
226.516
226.437
226.33
226.24
226.14
226.042
225.908
225.828
225.746
225.628
225.544
225.517
225.505
225.451
225.46
225.444
225.381
225.425
225.405
225.38
225.293
225.268
225.225
225.178
225.081
225.101
225.166
225.257
225.332
225.389
225.448
225.607
225.669
225.78
225.832
225.879
225.925
225.971
226.009
226.045
226.086
226.13
226.217
226.275
226.369
226.433
226.516
226.657
226.722
226.792
226.864
226.924
226.925
227.014
227.062
227.141
227.27
227.393
227.511
227.622
227.73
227.83
227.925
227.997
228.085
228.121
228.159
228.179
228.26
228.322
228.401
228.548
228.77
228.961
229.159
229.397
229.547
229.668
229.786
229.915
229.963
230.026
230.085
230.165
230.218
230.298
230.362
230.365
230.426
230.472
230.512
230.584
230.645
230.656
230.719
230.75
230.763
230.753
230.759
230.796
230.811
230.803
230.833
230.833
230.798
230.851
230.91
230.976
231.047
231.079
231.152
231.181
231.257
231.314
231.351
231.385
231.424
231.412
231.467
231.473
231.453
231.504
231.488
231.474
231.522
231.539
231.576
231.623
231.617
231.61
231.601
231.633
231.665
231.735
231.763
231.755
231.779
231.772
231.751
231.754
231.738
231.803
231.818
231.837
231.826
231.7
231.64
231.59
231.511
231.431
231.368
231.359
231.333
231.366
231.4
231.377
231.377
231.366
231.322
231.362
231.309
231.279
231.229
231.184
231.138
231.098
231.063
231.074
231.01
231.002
230.972
230.91
230.856
230.795
230.768
230.734
230.68
230.633
230.599
230.563
230.526
230.476
230.43
230.376
230.327
230.255
230.228
230.148
230.073
230.002
229.971
229.902
229.892
229.772
229.745
229.728
229.685
229.706
229.671
229.671
229.649
229.605
229.59
229.564
229.599
229.636
229.628
229.667
229.688
229.689
229.709
229.736
229.804
229.837
229.738
229.633
229.505
229.431
229.339
229.166
229.059
228.967
228.898
228.733
228.555
228.459
228.327
228.161
228.083
227.995
227.907
227.817
227.645
227.548
227.41
227.28
227.203
227.122
227.119
227.111
227.049
226.986
226.978
226.945
226.922
226.895
226.876
226.86
226.887
226.848
226.787
226.757
226.76
226.703
226.66
226.589
226.565
226.521
226.472
226.499
226.508
226.553
226.608
226.721
226.837
226.937
227.053
227.133
227.202
227.291
227.41
227.612
227.818
228.012
228.22
228.371
228.538
228.795
229.08
229.346
229.627
229.89
230.149
230.375
230.595
230.803
230.975
231.164
231.361
231.542
231.704
231.868
231.983
232.101
232.192
232.269
232.345
232.406
232.456
232.498
232.535
232.565
232.574
232.676
232.793
232.862
232.881
232.937
232.976
232.992
233.026
233.045
233.041
233.082
233.132
233.178
233.217
233.247
233.272
233.288
233.308
233.323
233.311
233.319
233.307
233.287
233.258
233.229
233.186
233.141
233.06
232.954
232.858
232.753
232.703
232.558
232.452
232.349
232.198
232.094
231.988
231.864
231.763
231.596
231.469
231.325
231.169
231.036
230.928
230.8
230.659
230.504
230.379
230.256
230.132
230.007
229.881
229.753
229.622
229.492
229.307
229.177
229.031
228.851
228.685
228.539
228.364
228.347
228.302
228.345
228.353
228.304
228.268
228.223
228.229
228.271
228.275
228.245
228.263
228.253
228.222
228.157
228.145
228.121
227.992
227.887
227.778
227.667
227.552
227.433
227.321
227.197
227.069
226.914
226.777
226.641
226.508
226.382
226.297
226.23
226.162
226.084
226.009
225.934
225.866
225.799
225.671
225.614
225.548
225.551
225.543
225.539
225.512
225.484
225.48
225.467
225.424
225.414
225.398
225.363
225.335
225.322
225.275
225.258
225.233
225.203
225.143
225.111
225.095
225.069
225.04
224.914
224.907
224.886
225.01
225.128
225.291
225.415
225.559
225.743
225.951
226.143
226.292
226.446
226.58
226.727
226.824
226.986
227.01
227.06
227.11
227.257
227.401
227.544
227.768
227.938
228.114
228.265
228.413
228.542
228.674
228.802
228.943
229.099
229.228
229.363
229.495
229.603
229.697
229.819
229.931
230.016
230.101
230.227
230.313
230.426
230.576
230.704
230.767
230.92
231.041
231.165
231.241
231.317
231.421
231.634
231.826
232.019
232.166
232.26
232.384
232.49
232.592
232.671
232.771
232.87
232.97
233.047
233.165
233.246
233.332
233.403
233.461
233.527
233.604
233.66
233.729
233.677
233.662
233.615
233.611
233.589
233.553
233.53
233.47
233.423
233.35
233.29
233.228
233.133
232.96
232.863
232.767
232.662
232.551
232.47
232.385
232.243
232.118
231.99
231.892
231.749
231.614
231.488
231.299
231.161
231.021
230.784
230.641
230.467
230.273
230.088
229.936
229.786
229.637
229.471
229.33
229.169
229.032
228.939
228.797
228.679
228.524
228.399
228.278
228.139
228.026
227.904
227.786
227.615
227.456
227.281
227.144
226.984
226.835
226.694
226.507
226.376
226.214
226.094
226.001
225.931
225.849
225.751
225.724
225.677
225.588
225.511
225.518
225.529
225.672
225.793
225.822
225.999
226.122
226.256
226.352
226.409
226.5
226.605
226.644
226.762
226.883
226.968
227.056
227.136
227.252
227.348
227.393
227.369
227.426
227.477
227.493
227.529
227.592
227.638
227.692
227.728
227.769
227.809
227.91
228.102
228.288
228.436
228.561
228.71
228.833
228.905
228.973
229.074
229.16
229.166
229.171
229.171
229.14
229.137
229.16
229.149
229.188
229.214
229.204
229.276
229.368
229.471
229.524
229.566
229.625
229.656
229.699
229.713
229.777
229.775
229.815
229.797
229.831
229.871
229.913
229.944
229.937
229.892
229.932
229.931
229.887
229.887
229.858
229.841
229.867
229.814
229.815
229.799
229.789
229.768
229.658
229.656
229.571
229.55
229.532
229.485
229.626
229.695
229.786
229.81
229.927
230.015
230.106
230.16
230.255
230.287
230.321
230.347
230.365
230.379
230.377
230.444
230.468
230.492
230.552
230.589
230.589
230.581
230.572
230.569
230.567
230.56
230.537
230.549
230.6
230.687
230.845
230.99
231.128
231.272
231.412
231.499
231.561
231.654
231.778
231.795
231.857
231.879
231.959
231.914
231.963
231.949
231.889
231.905
231.916
231.966
231.962
231.944
231.962
231.944
231.883
231.891
231.867
231.799
231.766
231.82
231.817
231.805
231.797
231.776
231.717
231.692
231.644
231.582
231.526
231.466
231.364
231.289
231.187
231.107
230.987
230.871
230.762
230.614
230.508
230.505
230.499
230.464
230.447
230.415
230.375
230.343
230.279
230.22
230.159
230.071
229.994
229.898
229.82
229.72
229.638
229.532
229.431
229.337
229.235
229.125
229.016
228.904
228.788
228.644
228.51
228.366
228.218
228.082
227.936
227.77
227.613
227.452
227.284
227.114
226.945
226.813
226.704
226.582
226.457
226.325
226.191
226.048
225.899
225.748
225.611
225.454
225.305
225.162
225.062
224.947
224.83
224.764
224.677
224.535
224.422
224.324
224.274
224.271
224.217
224.192
224.17
224.205
224.25
224.242
224.259
224.191
224.151
224.156
224.214
224.293
224.249
224.355
224.467
224.522
224.665
224.857
224.945
225.052
225.176
225.252
225.297
225.337
225.361
225.441
225.499
225.573
225.601
225.64
225.628
225.646
225.759
225.891
225.969
226.078
226.187
226.245
226.305
226.393
226.524
226.74
226.996
227.234
227.452
227.644
227.906
228.181
228.456
228.677
228.875
229.155
229.41
229.649
229.852
230.099
230.372
230.601
230.796
231.046
231.256
231.433
231.623
231.795
231.955
232.099
232.262
232.373
232.475
232.601
232.699
232.815
232.887
232.944
233.047
233.091
233.116
233.183
233.224
233.23
233.238
233.269
233.253
233.228
233.24
233.193
233.152
233.14
233.123
233.191
233.201
233.265
233.308
233.313
233.349
233.366
233.377
233.366
233.349
233.297
233.217
233.17
233.134
233.088
233.041
232.999
232.965
232.94
232.879
232.877
232.863
232.847
232.818
232.83
232.842
232.885
232.878
232.883
232.909
232.922
232.88
232.874
232.834
232.693
232.616
232.549
232.48
232.386
232.325
232.197
232.122
232.007
231.937
231.817
231.709
231.601
231.47
231.296
231.164
231.031
230.94
230.891
230.796
230.778
230.75
230.728
230.661
230.632
230.603
230.528
230.47
230.446
230.309
230.274
230.211
230.111
230.043
229.972
229.874
229.8
229.706
229.576
229.494
229.357
229.249
229.142
229.012
228.897
228.758
228.642
228.533
228.371
228.246
228.113
227.984
227.857
227.71
227.573
227.408
227.263
227.127
226.988
226.799
226.655
226.484
226.307
226.194
226.059
225.924
225.899
225.913
225.904
225.845
225.897
225.868
225.959
225.996
226.034
226.069
226.082
226.105
226.138
226.147
226.206
226.141
226.125
226.122
226.116
226.106
226.068
226.14
226.125
226.209
226.261
226.299
226.346
226.411
226.476
226.487
226.52
226.563
226.598
226.574
226.582
226.585
226.615
226.607
226.575
226.557
226.613
226.736
226.819
226.911
227.018
227.125
227.187
227.273
227.33
227.517
227.646
227.786
227.887
227.981
228.08
228.161
228.192
228.226
228.297
228.322
228.431
228.486
228.615
228.725
228.853
228.931
229.027
229.069
229.188
229.271
229.373
229.406
229.445
229.525
229.56
229.579
229.579
229.548
229.566
229.614
229.612
229.614
229.617
229.62
229.661
229.695
229.717
229.679
229.676
229.645
229.614
229.547
229.536
229.439
229.397
229.416
229.419
229.418
229.456
229.47
229.475
229.528
229.598
229.57
229.631
229.67
229.738
229.764
229.823
229.871
229.946
230.012
230.054
230.071
230.158
230.208
230.267
230.289
230.328
230.427
230.501
230.61
230.715
230.797
230.869
230.951
231.07
231.099
231.163
231.299
231.479
231.648
231.739
231.856
231.97
232.069
232.168
232.254
232.347
232.426
232.508
232.556
232.575
232.627
232.621
232.618
232.599
232.552
232.45
232.456
232.463
232.42
232.449
232.433
232.389
232.383
232.342
232.314
232.274
232.202
232.161
232.114
232.069
231.98
231.87
231.815
231.749
231.688
231.618
231.544
231.464
231.386
231.308
231.239
231.158
231.129
231.059
230.998
230.948
230.886
230.804
230.715
230.649
230.559
230.449
230.343
230.233
230.142
230.009
229.855
229.724
229.574
229.406
229.257
229.109
228.957
228.8
228.644
228.54
228.43
228.413
228.352
228.32
228.323
228.357
228.338
228.36
228.38
228.377
228.394
228.315
228.238
228.205
228.175
228.176
228.164
228.152
228.146
228.125
228.043
228.027
227.986
227.947
227.91
227.885
227.914
227.942
227.968
227.989
228.008
228.021
228.027
228.019
227.996
227.973
227.949
227.94
227.927
227.91
227.883
227.85
227.819
227.812
227.833
227.872
227.914
227.908
227.909
227.902
227.899
227.888
227.917
227.91
227.915
227.934
227.983
228.066
228.129
228.158
228.141
228.079
228.026
228.069
228.026
228.003
228.003
227.955
227.944
227.912
227.91
227.862
227.844
227.847
227.865
227.866
227.882
227.882
227.926
227.935
227.94
227.923
227.935
227.903
227.872
227.968
227.986
228.051
228.065
228.125
228.131
228.192
228.257
228.34
228.459
228.531
228.654
228.702
228.742
228.804
228.854
228.845
228.898
228.966
228.983
228.991
229.029
229.086
229.118
229.143
229.193
229.239
229.283
229.293
229.324
229.353
229.375
229.392
229.397
229.352
229.34
229.343
229.396
229.474
229.59
229.729
229.936
230.028
230.199
230.331
230.464
230.599
230.704
230.81
230.907
230.997
231.08
231.149
231.217
231.269
231.317
231.354
231.39
231.416
231.466
231.485
231.507
231.485
231.484
231.501
231.51
231.49
231.519
231.524
231.505
231.503
231.489
231.456
231.483
231.402
231.372
231.317
231.251
231.193
231.125
231.082
231.016
230.952
230.894
230.847
230.749
230.691
230.644
230.594
230.521
230.434
230.373
230.271
230.15
230.039
229.941
229.866
229.83
229.793
229.757
229.728
229.666
229.615
229.571
229.501
229.428
229.346
229.27
229.19
229.117
229.038
228.945
228.853
228.754
228.663
228.565
228.457
228.388
228.334
228.304
228.271
228.204
228.186
228.168
228.094
228.084
228.134
228.189
228.246
228.282
228.309
228.348
228.336
228.357
228.381
228.35
228.372
228.375
228.419
228.375
228.432
228.435
228.392
228.364
228.338
228.311
228.265
228.23
228.236
228.135
228.099
228.086
228.034
227.973
227.887
227.823
227.833
227.777
227.788
227.804
227.86
227.934
227.998
228.055
228.116
228.184
228.261
228.299
228.396
228.439
228.586
228.639
228.672
228.709
228.778
228.79
228.832
228.869
228.866
228.934
229.008
229.05
229.115
229.176
229.272
229.348
229.429
229.474
229.533
229.61
229.625
229.649
229.672
229.682
229.68
229.668
229.668
229.608
229.581
229.563
229.527
229.491
229.515
229.59
229.666
229.751
229.783
229.815
229.864
229.911
229.936
229.944
229.976
229.991
229.972
229.977
229.926
229.892
229.831
229.83
229.757
229.674
229.577
229.516
229.454
229.36
229.244
229.146
229.062
228.981
228.919
228.833
228.769
228.717
228.661
228.699
228.774
228.869
228.944
228.979
229.096
229.204
229.295
229.399
229.442
229.483
229.543
229.598
229.649
229.647
229.688
229.732
229.737
229.767
229.747
229.728
229.721
229.704
229.667
229.637
229.541
229.479
229.403
229.022
228.583
228.252
227.955
227.734
227.506
227.274
227.078
226.831
226.658
226.741
226.916
227.044
227.26
227.447
227.429
227.368
227.494
227.633
227.719
227.824
227.915
228.012
228.113
228.206
228.334
228.423
228.52
228.614
228.698
228.794
228.883
228.933
229.002
229.069
229.123
229.162
229.203
229.217
229.252
229.275
229.234
229.229
229.24
229.205
229.169
229.132
229.12
229.192
229.235
229.313
229.411
229.503
229.584
229.713
229.791
229.833
229.882
229.93
229.958
229.978
230.003
229.98
229.977
229.977
229.969
229.979
229.962
229.939
229.915
229.888
229.843
229.791
229.751
229.684
229.61
229.532
229.456
229.373
229.276
229.183
229.088
228.996
228.899
228.808
228.835
228.801
228.759
228.707
228.646
228.578
228.512
228.444
228.372
228.277
228.202
228.121
228.001
227.921
227.839
227.751
227.713
227.601
227.479
227.361
227.23
227.093
226.962
226.809
226.683
226.556
226.453
226.4
226.347
226.237
226.142
226.039
225.94
225.869
225.814
225.797
225.706
225.653
225.586
225.521
225.455
225.396
225.326
225.248
225.184
225.108
225.034
224.96
224.85
224.788
224.757
224.739
224.715
224.688
224.667
224.636
224.607
224.566
224.537
224.546
224.531
224.569
224.552
224.57
224.597
224.625
224.648
224.678
224.701
224.714
224.687
224.743
224.697
224.698
224.663
224.658
224.74
224.869
225.01
225.103
225.202
225.228
225.323
225.402
225.452
225.571
225.704
225.771
225.817
226.008
226.281
226.449
226.644
226.812
227.025
227.242
227.409
227.594
227.771
227.977
228.132
228.291
228.476
228.668
228.835
229.038
229.255
229.414
229.518
229.677
229.767
229.917
229.991
230.054
230.169
230.302
230.382
230.514
230.608
230.679
230.756
230.829
230.897
230.969
231.024
231.025
231.065
231.091
231.094
231.109
231.09
231.108
231.112
231.023
231.004
230.991
230.978
230.945
230.933
230.891
230.858
230.817
230.81
230.803
230.821
230.839
230.874
230.887
230.885
230.828
230.801
230.776
230.745
230.678
230.645
230.568
230.496
230.443
230.358
230.277
230.221
230.134
230.036
229.976
229.937
229.901
229.799
229.712
229.631
229.545
229.422
229.346
229.258
229.239
229.205
229.191
229.28
229.37
229.453
229.505
229.482
229.561
229.665
229.767
229.856
229.986
230.097
230.176
230.259
230.335
230.419
230.525
230.581
230.639
230.704
230.724
230.804
230.838
230.904
230.975
230.945
230.93
230.91
230.877
230.836
230.894
230.897
230.569
230.541
230.59
230.681
230.721
230.761
230.826
230.843
230.901
230.948
231.011
231.061
231.146
231.204
231.25
231.341
231.377
231.401
231.439
231.473
231.5
231.536
231.6
231.614
231.601
231.559
231.551
231.554
231.548
231.576
231.574
231.556
231.522
231.51
231.47
231.433
231.38
231.314
231.255
231.194
231.116
231.005
230.891
230.779
230.654
230.561
230.475
230.384
230.227
230.078
229.937
229.802
229.661
229.48
229.304
229.128
228.952
228.781
228.617
228.468
228.313
228.166
228.013
227.86
227.672
227.504
227.313
227.153
226.921
226.744
226.569
226.403
226.225
226.053
225.882
225.723
225.576
225.412
225.274
225.131
224.991
224.848
224.711
224.57
224.439
224.312
224.16
224.013
223.864
223.716
223.574
223.443
223.378
223.382
223.44
223.494
223.546
223.596
223.588
223.598
223.627
223.588
223.584
223.607
223.594
223.645
223.615
223.64
223.747
223.784
223.735
223.78
223.893
224.076
224.2
224.448
224.571
224.643
224.818
224.951
225.022
225.141
225.391
225.64
225.802
226.046
226.221
226.405
226.608
226.779
226.99
227.288
227.528
227.729
227.943
228.165
228.393
228.622
228.843
229.064
229.269
229.456
229.608
229.78
229.952
230.091
230.214
230.309
230.444
230.553
230.638
230.754
230.825
230.887
230.94
230.969
231.048
231.15
231.221
231.325
231.391
231.452
231.523
231.592
231.631
231.659
231.71
231.73
231.732
231.778
231.766
231.762
231.764
231.763
231.794
231.808
231.795
231.816
231.81
231.803
231.81
231.804
231.78
231.745
231.705
231.704
231.642
231.558
231.542
231.478
231.424
231.371
231.308
231.223
231.151
231.065
230.999
230.981
230.961
230.931
230.907
230.903
230.922
230.941
230.941
230.987
231.004
230.986
231.02
231.168
231.316
231.424
231.562
231.648
231.726
231.798
231.847
231.902
231.97
232.025
232.032
232.066
232.088
232.124
232.11
232.109
232.115
232.103
232.098
232.107
232.077
232.058
232.024
232.023
232.008
231.932
231.902
231.824
231.747
231.685
231.607
231.536
231.454
231.401
231.326
231.242
231.183
231.064
231.015
230.876
230.776
230.669
230.588
230.476
230.332
230.228
230.092
229.955
229.852
229.713
229.58
229.459
229.295
229.162
229.005
228.836
228.693
228.523
228.384
228.172
228.074
228.039
228.014
227.981
227.971
227.974
227.959
227.934
228.006
227.992
228.022
228.068
228.077
228.094
228.074
228.123
228.064
228.101
228.116
228.064
228.061
228.095
228.136
228.185
228.249
228.328
228.38
228.509
228.623
228.719
228.8
228.851
228.952
229.053
229.145
229.222
229.303
229.395
229.384
229.446
229.355
229.314
229.282
229.341
229.433
229.538
229.751
229.939
230.019
230.192
230.319
230.42
230.557
230.66
230.768
230.795
230.798
230.829
230.858
230.844
230.836
230.814
230.755
230.69
230.646
230.572
230.47
230.44
230.487
230.541
230.584
230.604
230.606
230.657
230.667
230.611
230.601
230.525
230.498
230.438
230.345
230.25
230.171
230.07
229.989
229.887
229.767
229.667
229.59
229.511
229.432
229.402
229.361
229.31
229.276
229.174
229.113
229.1
229.05
229.009
228.956
228.919
228.884
228.799
228.746
228.665
228.632
228.598
228.533
228.448
228.462
228.476
228.492
228.473
228.42
228.375
228.325
228.277
228.334
228.476
228.558
228.679
228.757
228.882
228.967
229.061
229.106
229.194
229.285
229.306
229.26
229.28
229.228
229.171
229.177
229.143
229.057
229.056
229.003
228.965
228.941
228.904
228.859
228.855
228.834
228.806
228.78
228.769
228.825
228.952
229.037
229.11
229.273
229.337
229.437
229.459
229.479
229.469
229.464
229.548
229.549
229.585
229.557
229.552
229.599
229.65
229.654
229.686
229.722
229.739
229.729
229.648
229.557
229.467
229.369
229.321
229.273
229.218
229.166
229.14
229.112
229.069
229.032
229.008
228.976
228.922
228.872
228.835
228.825
228.756
228.694
228.666
228.641
228.592
228.526
228.457
228.387
228.314
228.246
228.171
228.084
228.044
227.968
227.914
227.969
228
228.036
228.066
228.084
228.088
228.089
228.079
228.076
228.105
228.15
228.191
228.225
228.251
228.305
228.36
228.402
228.414
228.431
228.439
228.497
228.571
228.626
228.692
228.757
228.783
228.864
228.958
228.983
229.008
229.099
229.225
229.359
229.526
229.574
229.659
229.763
229.864
229.952
230.039
230.113
230.187
230.248
230.307
230.36
230.358
230.378
230.376
230.409
230.423
230.453
230.466
230.533
230.531
230.529
230.487
230.467
230.432
230.414
230.384
230.355
230.328
230.294
230.261
230.22
230.179
230.132
230.087
230.031
229.974
229.913
229.854
229.78
229.7
229.64
229.573
229.512
229.457
229.434
229.376
229.316
229.255
229.196
229.132
229.062
228.987
228.907
228.826
228.745
228.642
228.55
228.478
228.436
228.42
228.404
228.382
228.358
228.324
228.289
228.245
228.198
228.147
228.089
228.036
227.969
227.901
227.838
227.782
227.775
227.828
227.874
227.925
228.075
228.201
228.34
228.391
228.531
228.612
228.719
228.836
228.93
228.995
229.095
229.191
229.285
229.369
229.455
229.526
229.546
229.613
229.676
229.734
229.779
229.81
229.839
229.859
229.876
229.884
229.89
229.89
229.9
229.962
230.025
230.083
230.13
230.163
230.223
230.253
230.278
230.332
230.346
230.319
230.317
230.265
230.232
230.211
230.141
230.106
230.046
229.866
229.874
229.874
229.79
229.718
229.63
229.546
229.473
229.38
229.299
229.231
229.19
229.149
229.098
229.04
228.982
228.93
228.869
228.801
228.705
228.639
228.554
228.521
228.439
228.371
228.293
228.221
228.129
228.067
228.052
228.101
228.149
228.18
228.22
228.227
228.275
228.282
228.284
228.434
228.578
228.73
228.838
228.948
229.008
229.064
229.11
229.162
229.204
229.244
229.286
229.355
229.452
229.544
229.613
229.738
229.805
229.863
229.922
230.013
230.118
230.217
230.253
230.339
230.425
230.503
230.575
230.644
230.764
230.873
230.986
231.121
231.189
231.325
231.39
231.455
231.493
231.481
231.529
231.592
231.636
231.703
231.74
231.724
231.757
231.756
231.766
231.799
231.777
231.749
231.747
231.739
231.703
231.685
231.63
231.564
231.545
231.49
231.414
231.356
231.296
231.216
231.126
231.066
230.966
230.853
230.766
230.677
230.588
230.487
230.388
230.277
230.191
230.094
229.99
229.841
229.74
229.617
229.509
229.385
229.299
229.145
229.029
228.956
228.932
228.816
228.685
228.636
228.573
228.514
228.45
228.393
228.329
228.26
228.21
228.146
228.062
228.014
227.929
227.83
227.734
227.66
227.578
227.477
227.393
227.262
226.964
226.877
226.814
226.758
226.71
226.76
226.847
226.916
226.991
227.054
227.203
227.388
227.511
227.653
227.746
227.738
227.83
227.869
228.017
228.015
228.094
228.232
228.269
228.328
228.336
228.402
228.385
228.42
228.379
228.445
228.34
228.315
228.292
228.303
228.433
228.543
228.554
228.64
228.793
228.822
228.915
228.936
228.982
229.031
229.051
229.068
229.112
229.128
229.137
229.176
229.167
229.165
229.132
229.147
229.162
229.141
229.129
229.126
229.126
229.168
229.192
229.36
229.471
229.577
229.715
229.839
229.944
230.025
230.133
230.189
230.24
230.283
230.321
230.324
230.339
230.368
230.393
230.338
230.348
230.358
230.335
230.343
230.288
230.287
230.255
230.299
230.277
230.28
230.303
230.335
230.358
230.369
230.418
230.398
230.409
230.402
230.404
230.402
230.404
230.41
230.34
230.326
230.292
230.253
230.203
230.155
230.115
230.056
230.009
229.983
230.016
230.018
230.014
230.01
229.996
229.982
229.957
229.953
229.953
229.943
229.906
229.86
229.789
229.734
229.688
229.715
229.678
229.643
229.653
229.6
229.588
229.598
229.637
229.683
229.716
229.737
229.749
229.765
229.762
229.762
229.753
229.742
229.737
229.732
229.743
229.72
229.69
229.654
229.615
229.569
229.523
229.449
229.392
229.378
229.389
229.391
229.372
229.359
229.339
229.365
229.304
229.337
229.287
229.26
229.224
229.14
229.096
229.049
228.995
228.948
228.897
228.848
228.788
228.738
228.67
228.598
228.519
228.348
228.297
228.265
228.196
228.121
228.039
227.934
227.847
227.751
227.663
227.588
227.512
227.414
227.312
227.292
227.274
227.251
227.228
227.2
227.165
227.075
226.999
226.953
226.859
226.774
226.715
226.68
226.636
226.588
226.611
226.612
226.616
226.612
226.603
226.549
226.539
226.53
226.509
226.519
226.523
226.549
226.56
226.608
226.589
226.634
226.666
226.712
226.724
226.761
226.796
226.86
226.926
227.083
227.167
227.271
227.367
227.495
227.494
227.546
227.539
227.585
227.62
227.629
227.606
227.587
227.531
227.512
227.515
227.448
227.441
227.429
227.395
227.409
227.451
227.408
227.367
227.353
227.412
227.356
227.334
227.372
227.354
227.387
227.432
227.491
227.469
227.586
227.773
227.961
228.249
228.519
228.735
229.046
229.281
229.506
229.72
229.935
230.138
230.322
230.498
230.662
230.822
231.054
231.321
231.576
231.818
232.102
232.318
232.558
232.803
232.962
233.169
233.321
233.488
233.641
233.763
233.892
234.031
234.13
234.212
234.321
234.407
234.47
234.535
234.597
234.671
234.731
234.767
234.809
234.839
234.843
234.838
234.846
234.845
234.818
234.802
234.754
234.721
234.716
234.715
234.662
234.631
234.602
234.537
234.494
234.465
234.429
234.394
234.324
234.241
234.184
234.117
234.034
233.954
233.872
233.787
233.695
233.557
233.484
233.366
233.263
233.149
232.995
232.872
232.683
232.617
232.622
232.587
232.555
232.517
232.463
232.377
232.221
232.168
232.166
232.161
232.155
232.112
232.064
232.045
231.984
231.925
231.88
231.808
231.697
231.611
231.524
231.406
231.255
231.163
231.051
230.939
230.815
230.688
230.534
230.364
230.151
229.984
229.821
229.673
229.518
229.358
229.199
229.033
228.858
228.681
228.508
228.32
228.118
227.923
227.688
227.502
227.3
227.085
226.879
226.669
226.454
226.229
226.013
225.799
225.586
225.375
225.161
224.957
224.747
224.533
224.324
224.142
223.948
223.753
223.574
223.388
223.191
223.02
222.833
222.667
222.484
222.317
222.126
221.953
221.775
221.604
221.451
221.328
221.261
221.303
221.302
221.278
221.273
221.288
221.247
221.393
221.569
221.742
221.882
222.04
222.19
222.34
222.486
222.603
222.735
222.857
222.981
223.105
223.165
223.25
223.34
223.398
223.515
223.627
223.759
223.94
224.03
224.318
224.616
224.905
225.176
225.412
225.726
225.972
226.177
226.392
226.587
226.812
226.973
227.162
227.338
227.577
227.786
227.962
228.136
228.291
228.488
228.795
229.182
229.47
229.781
230.112
230.374
230.643
230.961
231.192
231.399
231.63
231.863
232.056
232.297
232.494
232.74
232.924
233.109
233.296
233.49
233.666
233.848
234.019
234.182
234.31
234.448
234.563
234.661
234.762
234.859
234.934
235.001
235.074
235.127
235.17
235.224
235.259
235.291
235.339
235.379
235.413
235.44
235.455
235.46
235.451
235.445
235.421
235.404
235.381
235.354
235.32
235.291
235.253
235.211
235.162
235.105
235.048
235.019
234.959
234.904
234.848
234.776
234.703
234.623
234.535
234.426
234.309
234.178
234.043
233.904
233.775
233.628
233.476
233.327
233.193
233.051
232.956
232.778
232.648
232.534
232.384
232.221
232.086
231.953
231.812
231.66
231.517
231.382
231.207
231.048
230.885
230.721
230.553
230.339
230.143
229.911
229.688
229.507
229.252
229.085
228.919
228.716
228.537
228.371
228.217
228.043
227.905
227.752
227.583
227.411
227.216
227.037
226.856
226.824
226.768
226.717
226.668
226.596
226.53
226.452
226.362
226.282
226.21
226.169
226.154
226.145
226.135
226.131
226.122
226.117
226.102
226.083
226.051
226.025
225.996
225.97
225.941
225.91
225.878
225.847
225.803
225.754
225.723
225.69
225.659
225.623
225.59
225.544
225.504
225.444
225.315
225.198
225.146
225.175
225.183
225.092
225.041
225.003
224.96
225
225.114
225.217
225.263
225.354
225.472
225.557
225.669
225.762
225.896
226.027
226.227
226.475
226.714
226.952
227.228
227.475
227.691
227.963
228.234
228.4
228.565
228.779
229.14
229.518
229.961
230.393
230.74
231.108
231.459
231.744
232.048
232.351
232.592
232.839
233.103
233.323
233.516
233.748
233.945
234.135
234.347
234.522
234.669
234.888
235.115
235.301
235.493
235.641
235.832
235.997
236.136
236.23
236.331
236.414
236.463
236.537
236.604
236.661
236.676
236.741
236.781
236.827
236.874
236.918
236.907
236.905
236.94
236.911
236.894
236.934
236.969
236.998
236.977
237.011
237.025
236.999
237.006
236.984
236.95
236.928
236.909
236.841
236.841
236.836
236.829
236.796
236.758
236.724
236.663
236.621
236.546
236.461
236.379
236.28
236.169
236.051
235.933
235.812
235.681
235.536
235.393
235.255
235.111
234.968
234.83
234.679
234.533
234.367
234.206
234.054
233.924
233.797
233.657
233.64
233.531
233.476
233.38
233.275
233.207
233.171
233.073
232.951
232.885
232.805
232.661
232.516
232.426
232.3
232.18
232.11
232.136
232.046
231.954
231.908
231.874
231.846
231.806
231.742
231.744
231.725
231.674
231.632
231.631
231.571
231.575
231.545
231.577
231.605
231.622
231.591
231.612
231.672
231.706
231.773
231.943
232.112
232.175
232.233
232.345
232.468
232.728
232.952
233.198
233.472
233.792
234.047
234.354
234.617
234.833
235.062
235.331
235.544
235.794
235.989
236.166
236.333
236.498
236.732
236.936
237.204
237.424
237.688
237.957
238.224
238.473
238.749
239.054
239.318
239.576
239.758
239.935
240.116
240.319
240.521
240.688
240.873
241.035
241.181
241.345
241.48
241.632
241.741
241.934
242.062
242.168
242.255
242.347
242.41
242.478
242.549
242.572
242.619
242.651
242.673
242.681
242.686
242.684
242.673
242.65
242.622
242.595
242.619
242.641
242.66
242.672
242.688
242.762
242.808
242.907
242.959
242.973
242.972
242.966
242.957
242.941
242.909
242.856
242.811
242.768
242.718
242.606
242.517
242.396
242.321
242.187
242.039
241.922
241.777
241.617
241.508
241.333
241.173
241.046
240.915
240.725
240.534
239.973
239.619
239.477
239.255
239.07
238.859
238.695
238.509
238.282
238.081
237.85
237.64
237.407
237.231
237.001
236.779
236.596
236.4
236.229
236.06
235.899
235.729
235.58
235.432
235.29
235.115
234.97
234.824
234.717
234.616
234.464
234.31
234.189
234.029
233.902
233.872
233.886
233.865
233.887
233.942
233.993
234.06
233.721
233.539
233.54
233.538
233.553
233.607
233.725
233.85
233.969
234.085
234.199
234.302
234.406
234.498
234.581
234.669
234.701
234.804
234.879
234.984
235.244
235.432
235.613
235.777
235.821
235.978
236.132
236.219
236.349
236.52
236.749
236.956
237.151
237.339
237.518
237.689
237.857
238.009
238.161
238.341
238.543
238.734
238.956
239.122
239.283
239.428
239.573
239.656
239.787
239.903
240.014
240.111
240.205
240.283
240.36
240.391
240.401
240.534
240.603
240.696
240.757
240.81
240.903
240.972
241.033
241.084
241.068
241.1
241.068
241.054
241.076
241.096
241.109
241.365
241.548
241.762
241.929
242.081
242.227
242.375
242.516
242.649
242.771
242.883
242.963
243.037
243.096
243.125
243.2
243.269
243.333
243.388
243.44
243.487
243.534
243.574
243.617
243.653
243.686
243.716
243.744
243.778
243.807
243.832
243.844
243.86
243.861
243.861
243.853
243.83
243.839
243.944
244.038
244.129
244.182
244.265
244.351
244.447
244.528
244.579
244.645
244.702
244.746
244.812
244.875
244.906
244.982
245.057
245.08
245.131
245.185
245.214
245.234
245.272
245.298
245.28
245.302
245.32
245.306
245.321
245.282
245.292
245.216
245.199
245.171
245.1
245.159
245.253
245.335
245.398
245.483
245.56
245.624
245.688
245.742
245.792
245.834
245.874
245.905
245.937
245.957
245.982
246.001
246.023
246.04
246.061
246.081
246.106
246.078
246.098
246.142
246.127
246.181
246.23
246.256
246.32
246.308
246.344
246.417
246.53
246.619
246.716
246.792
246.901
246.955
247.005
247.083
247.213
247.405
247.583
247.736
247.839
247.953
248.069
248.214
248.503
248.796
249.053
249.349
249.586
249.86
250.06
250.289
250.546
250.818
251.057
251.159
251.514
251.826
252.158
252.464
252.821
253.145
253.443
253.679
253.945
254.175
254.405
254.654
254.862
255.083
255.267
255.487
255.627
255.75
255.868
255.975
256.096
256.225
256.321
256.436
256.543
256.589
256.622
256.672
256.739
256.785
256.8
256.835
256.868
256.847
256.777
256.772
256.768
256.758
256.75
256.719
256.68
256.65
256.584
256.546
256.511
256.456
256.404
256.34
256.249
256.168
256.075
256.022
256.065
256.092
256.114
256.123
256.129
256.121
256.111
256.089
256.06
256.025
255.985
255.939
255.894
255.84
255.784
255.726
255.62
255.514
255.401
255.267
255.193
255.093
254.993
254.891
254.835
254.772
254.703
254.618
254.5
254.323
254.242
254.215
254.166
254.148
254.119
254.162
254.132
254.088
254.053
254.007
253.926
253.908
253.835
253.763
253.68
253.619
253.55
253.452
253.33
253.214
253.078
252.944
252.766
252.63
252.455
252.337
252.183
252.013
251.688
251.589
251.531
251.417
251.351
251.227
251.13
251.066
250.966
250.877
250.784
250.739
250.646
250.658
250.675
250.683
250.692
250.701
250.707
250.648
250.646
250.639
250.626
250.609
250.583
250.614
250.706
250.969
251.144
251.302
251.408
251.507
251.629
251.826
252.001
252.175
252.344
252.511
252.673
252.825
252.972
253.113
253.287
253.478
253.641
253.804
253.947
254.087
254.217
254.345
254.466
254.597
254.761
254.865
254.963
255.127
255.536
255.963
256.358
256.743
256.756
257.094
257.418
257.751
258.072
258.383
258.683
258.97
259.275
259.536
259.408
259.28
259.235
259.433
259.619
259.793
259.951
260.105
260.249
260.384
260.51
260.631
260.74
260.844
260.943
261.036
261.124
261.212
261.291
261.366
261.455
261.578
261.652
261.719
261.802
261.87
261.577
261.327
261.3
261.368
261.546
261.708
261.43
261.469
261.62
261.733
261.859
261.976
262.02
262.108
262.135
262.15
262.162
262.203
262.261
262.305
262.344
262.371
262.323
262.344
262.305
262.304
262.311
262.242
262.183
262.152
262.147
262.109
262.103
262.061
262.052
262.015
262.013
261.991
261.96
261.928
261.923
261.994
262.056
261.773
261.764
261.831
261.93
262.009
262.086
262.238
262.323
262.402
262.479
262.553
262.704
262.905
263.053
263.206
263.39
263.568
263.741
263.893
264.071
264.209
264.279
264.3
264.376
264.41
264.451
264.484
264.514
264.598
264.634
264.743
264.784
264.819
264.86
264.868
264.971
265.166
265.502
265.808
266.112
266.403
266.744
267.031
267.373
267.715
268.045
268.416
268.775
269.126
269.453
269.781
270.071
270.351
270.677
270.938
271.193
271.095
271.387
271.695
271.972
272.325
272.665
272.963
273.251
273.592
273.997
274.343
274.676
275.039
275.385
275.722
275.989
276.294
276.53
276.745
276.974
277.241
277.504
277.297
277.104
277.03
276.867
276.83
277.021
277.22
277.396
277.583
277.764
277.936
278.083
278.225
278.362
278.471
278.579
278.693
279.181
279.638
280.083
280.524
280.945
281.349
281.742
282.12
282.471
282.826
283.151
283.109
283.348
283.356
283.46
283.777
284.081
284.377
284.646
284.921
285.175
285.443
285.706
285.946
286.199
286.443
286.684
286.909
286.83
286.996
287.203
287.397
287.584
287.766
287.951
288.238
288.56
288.874
289.174
289.473
289.76
290.026
290.283
290.531
290.783
291.058
291.328
291.599
291.848
292.357
292.886
293.405
293.916
294.133
294.346
294.56
294.761
295.191
295.558
296.01
296.49
296.967
297.44
297.615
298.028
298.501
298.972
299.442
299.907
300.365
300.514
300.815
301.045
301.548
302.125
302.696
302.959
303.264
303.611
303.956
304.382
304.78
305.167
305.534
305.904
306.339
306.776
307.399
307.885
308.391
308.968
309.529
310.081
310.615
311.134
311.493
311.869
312.349
312.816
313.271
313.375
313.66
314.023
314.371
314.727
315.107
315.475
315.834
316.177
316.509
316.831
317.144
317.457
317.752
318.035
318.31
318.574
318.83
319.079
319.317
319.545
319.766
319.982
320.187
320.387
320.577
320.754
320.913
321.054
321.182
321.361
321.623
321.872
321.873
321.901
322.129
322.358
322.582
322.781
322.971
323.148
323.317
323.478
323.631
323.409
323.509
323.595
323.592
323.715
323.834
323.802
323.858
323.965
324.062
324.162
324.256
324.344
324.432
324.516
324.596
324.67
324.75
324.83
324.856
324.569
324.544
324.628
324.706
324.784
324.933
325.168
325.398
325.627
325.853
326.075
326.295
326.506
326.702
326.888
327.063
327.234
327.43
327.759
328.075
328.38
328.677
328.964
329.24
329.506
329.765
330.009
330.241
330.468
330.685
330.892
331.079
331.249
331.429
331.597
331.759
331.907
332.048
332.183
332.312
332.434
332.546
332.654
332.75
332.85
332.942
333.029
333.111
333.194
333.273
333.341
333.207
333.107
333.098
333.081
333.063
333.047
333.021
333.051
333.069
333.027
333.003
333.057
333.109
333.156
333.198
333.161
333.122
333.153
333.181
333.2
333.219
333.228
333.232
333.218
333.22
333.223
333.225
333.228
333.234
333.248
333.261
333.269
333.169
333.082
333.093
333.106
333.124
333.149
333.178
333.208
333.236
333.257
333.271
333.287
333.309
333.338
333.372
333.403
333.442
333.484
333.523
333.556
333.573
333.587
333.61
333.633
