0.0264671
0.0521932
0.0816102
0.10719
0.132715
0.158243
0.183744
0.209255
0.23477
0.260243
0.28573
0.311222
0.336747
0.362245
0.387772
0.413274
0.438785
0.464356
0.489909
0.515435
0.540999
0.56653
0.592062
0.617602
0.643148
0.668711
0.694242
0.71983
0.745402
0.77096
0.796539
0.822108
0.847698
0.873255
0.898842
0.924439
0.950041
0.975643
1.00126
1.02688
1.05249
1.07806
1.10365
1.12926
1.15484
1.18043
1.20602
1.2316
1.2572
1.2828
1.30845
1.33408
1.35971
1.38531
1.4109
1.43649
1.4621
1.48769
1.51328
1.53893
1.56454
1.59018
1.61582
1.64193
1.66758
1.69319
1.71882
1.74445
1.77008
1.79572
1.82135
1.84703
1.87271
1.89837
1.92402
1.94971
1.97537
2.00103
2.02669
2.05238
2.07803
2.10367
2.12932
2.15496
2.18067
2.20635
2.23208
2.2578
2.28348
2.30914
2.33481
2.36047
2.38615
2.41182
2.43748
2.46315
2.48883
2.51452
2.54022
2.5659
2.59157
2.61724
2.64292
2.66861
2.69432
2.72
2.74571
2.7714
2.7971
2.82276
2.84845
2.87413
2.89977
2.92541
2.95108
2.97673
3.0024
3.02808
3.05379
3.07947
3.10513
3.13082
3.15651
3.18222
3.20791
3.2336
3.25929
3.28496
3.31065
3.33629
3.36192
3.38761
3.41328
3.43897
3.46464
3.49035
3.51604
3.54178
3.56747
3.59316
3.61886
3.64454
3.67023
3.69592
3.72165
3.74733
3.77299
3.79867
3.8243
3.84996
3.87557
3.90123
3.92687
3.95253
3.97818
4.00383
4.0295
4.05518
4.08085
4.10651
4.13215
4.15782
4.18351
4.20919
4.2349
4.26058
4.28627
4.31195
4.33766
4.36332
4.38897
4.4147
4.44041
4.46607
4.49174
4.51742
4.54309
4.56875
4.59444
4.62012
4.64589
4.67159
4.69727
4.72298
4.74868
4.77437
4.80008
4.82575
4.85143
4.8771
4.90274
4.92841
4.9541
4.97978
5.00555
5.0312
5.05688
5.08258
5.10826
5.13398
5.15966
5.18533
5.21101
5.2367
5.26244
5.28814
5.31384
5.33957
5.3653
5.391
5.41669
5.44237
5.46804
5.49371
5.5194
5.5451
5.5708
5.59647
5.62214
5.64785
5.67405
5.69975
5.72543
5.75108
5.77678
5.80247
5.82813
5.85382
5.87951
5.90519
5.93084
5.9565
5.98217
6.00786
6.03356
6.05924
6.08492
6.11059
6.13622
6.1619
6.1876
6.21328
6.23898
6.26464
6.29034
6.31602
6.3417
6.36737
6.3931
6.41879
6.44444
6.47014
6.49583
6.52153
6.54719
6.57286
6.59852
6.62421
6.64986
6.67558
6.70129
6.72697
6.75267
6.77835
6.80403
6.82972
6.85539
6.88107
6.90676
6.93246
6.95819
6.9839
7.00958
7.03527
7.06096
7.08669
7.11238
7.13806
7.16375
7.18948
7.21516
7.24082
7.2665
7.29216
7.31783
7.3435
7.3692
7.39494
7.42062
7.44629
7.47199
7.49772
7.52343
7.5491
7.57479
7.60048
7.62617
7.65187
7.67763
7.70332
7.72898
7.75467
7.78032
7.80603
7.83172
7.85737
7.88303
7.90867
7.93434
7.96
7.9857
8.01138
8.03705
8.06274
8.08841
8.1141
8.13981
8.16549
8.19116
8.21682
8.24248
8.26815
8.29383
8.31956
8.34523
8.37092
8.39659
8.42229
8.44801
8.4737
8.4994
8.52511
8.5508
8.57648
8.60213
8.62782
8.6535
8.67917
8.70487
8.73059
8.7563
8.78196
8.80762
8.83331
8.859
8.8847
8.91041
8.93613
8.96185
8.98754
9.01324
9.03891
9.06461
9.09028
9.11597
9.14166
9.16731
9.19301
9.21869
9.24438
9.2701
9.2958
9.32151
9.34721
9.37289
9.39856
9.42423
9.44989
9.47561
9.50131
9.52701
9.5527
9.5784
9.6041
9.6298
9.65549
9.68117
9.70684
9.73248
9.75819
9.78386
9.80953
9.83521
9.86092
9.88655
9.91223
9.93793
9.96362
9.98931
10.015
10.0407
10.0664
10.092
10.1177
10.1434
10.1691
10.1948
10.2204
10.2461
10.2718
10.2976
10.3232
10.3489
10.3746
10.4003
10.426
10.4516
10.4773
10.503
10.5287
10.5544
10.58
10.6058
10.6315
10.6572
10.6829
10.7086
10.7343
10.7599
10.7856
10.8113
10.837
10.8627
10.8884
10.9141
10.9398
10.9655
10.9911
11.0168
11.0425
11.0682
11.0939
11.1196
11.1453
11.171
11.1967
11.2224
11.2481
11.2738
11.2995
11.3252
11.3509
11.3765
11.4022
11.4278
11.454
11.4796
11.5053
11.5309
11.5566
11.5823
11.608
11.6336
11.6593
11.685
11.7107
11.7364
11.762
11.7877
11.8134
11.8392
11.8649
11.8906
11.9162
11.942
11.9677
11.9933
12.0191
12.0448
12.0705
12.0962
12.1219
12.1476
12.1733
12.199
12.2247
12.2504
12.2761
12.3018
12.3275
12.3532
12.3788
12.4045
12.4302
12.4559
12.4816
12.5072
12.5329
12.5585
12.5842
12.6099
12.6356
12.6613
12.6869
12.7126
12.7383
12.764
12.7897
12.8154
12.8411
12.8668
12.8925
12.9182
12.9439
12.9696
12.9953
13.021
13.0468
13.0725
13.0981
13.1238
13.1495
13.1752
13.201
13.2266
13.2524
13.2781
13.3038
13.3295
13.3552
13.3809
13.4067
13.4324
13.4581
13.4838
13.5095
13.5352
13.5609
13.5866
13.6123
13.638
13.6637
13.6894
13.7151
13.7408
13.7665
13.7922
13.8179
13.8436
13.8693
13.895
13.9207
13.9464
13.9721
13.9978
14.0235
14.0491
14.0748
14.1005
14.1262
14.1519
14.1776
14.2034
14.2291
14.2548
14.2804
14.3062
14.3319
14.3576
14.3832
14.4089
14.4346
14.4603
14.486
14.5117
14.5374
14.5631
14.5888
14.6144
14.6401
14.6658
14.6915
14.7172
14.7429
14.7685
14.7942
14.8199
14.8456
14.8713
14.897
14.9227
14.9484
14.974
14.9997
15.0254
15.0511
15.0768
15.1025
15.1282
15.1538
15.1795
15.2052
15.2309
15.2566
15.2823
15.308
15.3337
15.3594
15.3851
15.4108
15.4365
15.4622
15.4879
15.5136
15.5393
15.5651
15.5907
15.6164
15.6421
15.6678
15.6935
15.7192
15.7449
15.7707
15.7964
15.8221
15.8478
15.8735
15.8992
15.9249
15.9506
15.9764
16.002
16.0277
16.0535
16.0792
16.1048
16.1305
16.1562
16.1819
16.2076
16.2333
16.2589
16.2846
16.3103
16.336
16.3617
16.3874
16.4131
16.4389
16.4646
16.4903
16.5161
16.5418
16.5675
16.5933
16.6189
16.6446
16.6703
16.696
16.7254
16.7512
16.7769
16.8025
16.8283
16.854
16.8796
16.9053
16.931
16.9567
16.9825
17.0082
17.0339
17.0596
17.0853
17.111
17.1367
17.1624
17.1882
17.2139
17.2397
17.2654
17.2911
17.3168
17.3425
17.3682
17.3939
17.4196
17.4453
17.471
17.4968
17.5225
17.5482
17.5739
17.5996
17.6253
17.651
17.6767
17.7024
17.7281
17.7539
17.7796
17.8053
17.831
17.8567
17.8824
17.9081
17.9338
17.9595
17.9852
18.011
18.0367
18.0624
18.0881
18.1137
18.1394
18.1651
18.1908
18.2165
18.2422
18.2679
18.2936
18.3193
18.345
18.3707
18.3963
18.422
18.4477
18.4734
18.4991
18.5248
18.5505
18.5762
18.6019
18.6276
18.6533
18.6789
18.7046
18.7303
18.756
18.7817
18.8074
18.8331
18.8588
18.8845
18.9102
18.9359
18.9616
18.9873
19.013
19.0387
19.0644
19.0901
19.1158
19.1415
19.1672
19.1929
19.2186
19.2443
19.27
19.2957
19.3214
19.3471
19.3728
19.3985
19.4243
19.4499
19.4756
19.5013
19.5271
19.5528
19.5785
19.6042
19.6299
19.6556
19.6813
19.707
19.7327
19.7584
19.7841
19.8098
19.8355
19.8612
19.8869
19.9126
19.9383
19.964
19.9897
20.0154
20.0411
20.0668
20.0925
20.1182
20.1439
20.1696
20.1953
20.221
20.2467
20.2724
20.298
20.3238
20.3494
20.3752
20.4009
20.4265
20.4523
20.478
20.5037
20.5294
20.5551
20.5808
20.6065
20.6322
20.6579
20.6836
20.7093
20.735
20.7607
20.7865
20.8122
20.8379
20.8636
20.8893
20.915
20.9407
20.9664
20.9922
21.0179
21.0436
21.0693
21.095
21.1207
21.1463
21.172
21.1977
21.2234
21.2491
21.2748
21.3005
21.3262
21.3518
21.3775
21.4032
21.4289
21.4546
21.4803
21.5059
21.5316
21.5572
21.5829
21.6085
21.6342
21.6599
21.6856
21.7113
21.737
21.7627
21.7884
21.8141
21.8398
21.8655
21.8912
21.9169
21.9425
21.9682
21.9939
22.0197
22.0454
22.0711
22.0968
22.1225
22.1482
22.1739
22.1996
22.2253
22.251
22.2767
22.3024
22.328
22.3538
22.3794
22.4052
22.4309
22.4566
22.4823
22.508
22.5337
22.5594
22.5851
22.6108
22.6365
22.6622
22.688
22.7137
22.7395
22.7652
22.7909
22.8166
22.8423
22.868
22.8938
22.9195
22.9451
22.9709
22.9966
23.0223
23.048
23.0737
23.0994
23.1251
23.1508
23.1765
23.2022
23.2278
23.2536
23.2792
23.3049
23.3306
23.3563
23.3819
23.4076
23.4333
23.4591
23.4847
23.5104
23.5361
23.5618
23.5875
23.6132
23.6389
23.6647
23.6903
23.7161
23.7418
23.7675
23.7932
23.8189
23.8446
23.8703
23.8959
23.9216
23.9474
23.9732
23.9989
24.0246
24.0503
24.076
24.1017
24.1275
24.1532
24.1789
24.2046
24.2303
24.256
24.2817
24.3073
24.333
24.3587
24.3844
24.4101
24.4358
24.4615
24.4872
24.5129
24.5386
24.5643
24.59
24.6158
24.6415
24.6672
24.6928
24.7186
24.7443
24.7701
24.7958
24.8215
24.8473
24.873
24.8988
24.9244
24.9502
24.9759
25.0017
25.0274
25.0531
25.0788
25.1044
25.1301
25.1559
25.1816
25.2073
25.233
25.2587
25.2843
25.31
25.3357
25.3615
25.3872
25.4128
25.4385
25.4642
25.49
25.5157
25.5413
25.567
25.5927
25.6184
25.6442
25.6817
25.7074
25.7331
25.7588
25.7845
25.8102
25.8359
25.8616
25.8873
25.913
25.9387
25.9644
25.9901
26.0159
26.0415
26.0672
26.0929
26.1186
26.1444
26.1701
26.1958
26.2215
26.2472
26.2729
26.2987
26.3244
26.3501
26.3758
26.4015
26.4272
26.453
26.4787
26.5044
26.53
26.5557
26.5814
26.6071
26.6328
26.6586
26.6843
26.71
26.7358
26.7615
26.7872
26.8128
26.8385
26.8642
26.8899
26.9156
26.9413
26.967
26.9927
27.0184
27.0442
27.0699
27.0956
27.1214
27.1471
27.1728
27.1985
27.2242
27.2499
27.2756
27.3013
27.327
27.3527
27.3785
27.4042
27.4298
27.4556
27.4813
27.507
27.5326
27.5582
27.5839
27.6096
27.6353
27.661
27.6866
27.7123
27.7381
27.7638
27.7895
27.8151
27.8408
27.8665
27.8921
27.9178
27.9435
27.9692
27.9949
28.0206
28.0463
28.072
28.0978
28.1235
28.1492
28.175
28.2006
28.2262
28.2519
28.2776
28.3033
28.329
28.3547
28.3804
28.4061
28.4318
28.4574
28.4831
28.5087
28.5344
28.5601
28.5858
28.6115
28.6372
28.6629
28.6886
28.7143
28.74
28.7657
28.7915
28.8172
28.8428
28.8685
28.8942
28.9199
28.9456
28.9713
28.997
29.0227
29.0483
29.074
29.0997
29.1255
29.1512
29.1769
29.2026
29.2283
29.254
29.2797
29.3054
29.3311
29.3568
29.3826
29.4083
29.434
29.4597
29.4854
29.5111
29.5368
29.5625
29.5882
29.6139
29.6397
29.6654
29.691
29.7167
29.7424
29.7681
29.7937
29.8194
29.8451
29.8708
29.8965
29.9222
29.9479
29.9736
29.9993
30.025
30.0507
30.0764
30.1021
30.1278
30.1535
30.1792
30.2049
30.2306
30.2564
30.2821
30.3078
30.3335
30.3592
30.3849
30.4106
30.4363
30.462
30.4876
30.5133
30.539
30.5647
30.5904
30.6161
30.6418
30.6675
30.6931
30.7188
30.7445
30.7702
30.7958
30.8215
30.8473
30.873
30.8986
30.9243
30.95
30.9757
31.0014
31.0271
31.0534
31.0791
31.1048
31.1305
31.1562
31.1819
31.2076
31.2333
31.259
31.2847
31.3104
31.3361
31.3618
31.3874
31.4131
31.4388
31.4645
31.4901
31.5158
31.5414
31.5671
31.5928
31.6184
31.6441
31.6698
31.6956
31.7213
31.747
31.7726
31.7983
31.824
31.8497
31.8753
31.901
31.9266
31.9575
31.9832
32.0089
32.0346
32.0603
32.086
32.1117
32.1374
32.1631
32.1888
32.2145
32.2401
32.2658
32.2916
32.3173
32.3431
32.3688
32.3945
32.4202
32.4459
32.4716
32.4973
32.523
32.5487
32.5744
32.6
32.6257
32.6514
32.6771
32.7028
32.7285
32.7542
32.7799
32.8056
32.8313
32.857
32.8827
32.9084
32.9341
32.9597
32.9854
33.0111
33.0368
33.0625
33.0882
33.1139
33.1396
33.1653
33.191
33.2167
33.2424
33.2681
33.2938
33.3196
33.3453
33.3709
33.3966
33.4223
33.448
33.4737
33.4994
33.5251
33.5508
33.5765
33.6022
33.6279
33.6535
33.6792
33.7048
33.7306
33.7563
33.7819
33.8076
33.8334
33.8591
33.8848
33.9105
33.9362
33.9619
33.9876
34.0133
34.039
34.0647
34.0903
34.116
34.1417
34.1674
34.193
34.2187
34.2444
34.2701
34.2958
34.3215
34.3472
34.3729
34.3986
34.4243
34.45
34.4757
34.5014
34.5271
34.5528
34.5785
34.6042
34.6298
34.6555
34.6812
34.7069
34.7326
34.7583
34.784
34.8097
34.8354
34.8611
34.8868
34.9124
34.9381
34.9638
34.9895
35.0153
35.041
35.0667
35.0924
35.1181
35.1437
35.1694
35.1951
35.2208
35.2465
35.2722
35.2979
35.3236
35.3493
35.3751
35.4008
35.4265
35.4522
35.4779
35.5036
35.5293
35.555
35.5807
35.6064
35.6321
35.6578
35.6836
35.7093
35.735
35.7607
35.7863
35.812
35.8377
35.8634
35.8891
35.9148
35.9405
35.9662
35.9919
36.0176
36.0433
36.0689
36.0946
36.1203
36.146
36.1717
36.1974
36.2231
36.2487
36.2744
36.3001
36.3258
36.3515
36.3772
36.4029
36.4286
36.4543
36.48
36.5057
36.5314
36.5571
36.5828
36.6086
36.6342
36.6599
36.6856
36.7113
36.737
36.7627
36.7884
36.8141
36.8398
36.8655
36.8912
36.9168
36.9425
36.9682
36.9939
37.0196
37.0453
37.0709
37.0966
37.1223
37.148
37.1738
37.1995
37.2252
37.2509
37.2766
37.3022
37.3279
37.3537
37.3794
37.4051
37.4308
37.4565
37.4821
37.5078
37.5335
37.5592
37.5849
37.6105
37.6363
37.662
37.6877
37.7133
37.739
37.7648
37.7904
37.8161
37.8418
37.8675
37.8931
37.9188
37.9445
37.9702
37.9959
38.0216
38.0473
38.073
38.0987
38.1244
38.1501
38.1758
38.2015
38.2272
38.2529
38.2785
38.3042
38.3299
38.3556
38.3813
38.4069
38.4326
38.4583
38.484
38.5097
38.5354
38.5611
38.5868
38.6125
38.6381
38.6638
38.6895
38.7152
38.7409
38.7666
38.7923
38.818
38.8437
38.8694
38.8951
38.9208
38.9465
38.9722
38.9979
39.0236
39.0493
39.075
39.1007
39.1264
39.1521
39.1778
39.2035
39.2293
39.255
39.2807
39.3064
39.3321
39.3578
39.3836
39.4093
39.435
39.4607
39.4864
39.5121
39.5378
39.5635
39.5892
39.6149
39.6406
39.6663
39.692
39.7177
39.7434
39.7691
39.7948
39.8206
39.8463
39.8719
39.8976
39.9234
39.9491
39.9747
40.0004
40.0261
40.0518
40.0775
40.1033
40.129
40.1547
40.1804
40.206
40.2317
40.2574
40.2831
40.3088
40.3345
40.3603
40.3859
40.4116
40.4373
40.463
40.4887
40.5143
40.54
40.5657
40.5914
40.6171
40.6428
40.6684
40.6941
40.7198
40.7455
40.7712
40.7969
40.8227
40.8483
40.874
40.8997
40.9254
40.9511
40.9768
41.0025
41.0283
41.054
41.0797
41.1054
41.1312
41.1569
41.1826
41.2082
41.2339
41.2596
41.2854
41.3111
41.3368
41.3625
41.3882
41.4138
41.4395
41.4652
41.4909
41.5165
41.5422
41.5679
41.5936
41.6193
41.645
41.6707
41.6964
41.7221
41.7478
41.7735
41.7992
41.8249
41.8506
41.8763
41.902
41.9277
41.9535
41.9792
42.0049
42.0306
42.0563
42.082
42.1077
42.1334
42.1591
42.1848
42.2106
42.2363
42.262
42.2877
42.3135
42.3392
42.3649
42.3906
42.4163
42.4496
42.4753
42.501
42.5266
42.5523
42.578
42.6036
42.6293
42.6549
42.6806
42.7062
42.7318
42.7575
42.7832
42.8089
42.8346
42.8602
42.886
42.9117
42.9375
42.9632
42.9889
43.0147
43.0404
43.0661
43.0919
43.1176
43.1433
43.169
43.1947
43.2204
43.2461
43.2719
43.2976
43.3233
43.349
43.3747
43.4005
43.4262
43.4519
43.4777
43.5033
43.529
43.5548
43.5804
43.6061
43.6319
43.6576
43.6833
43.709
43.7347
43.7604
43.7862
43.8119
43.8376
43.8634
43.8891
43.9148
43.9405
43.9662
43.992
44.0177
44.0435
44.0692
44.0949
44.1206
44.1463
44.1721
44.1978
44.2235
44.2492
44.2749
44.3006
44.3263
44.3521
44.3778
44.4035
44.4292
44.4549
44.4806
44.5063
44.5321
44.5578
44.5835
44.6092
44.6348
44.6606
44.6863
44.712
44.7377
44.7634
44.8055
44.8312
44.8569
44.8826
44.9083
44.934
44.9597
44.9855
45.0112
45.0369
45.0626
45.0883
45.1141
45.1398
45.1655
45.1913
45.217
45.2427
45.2684
45.2941
45.3198
45.3457
45.3714
45.3972
45.4229
45.4486
45.4743
45.5
45.5257
45.5515
45.5772
45.6029
45.6286
45.6542
45.68
45.7057
45.7315
45.7572
45.7829
45.8086
45.8343
45.86
45.8857
45.9115
45.9372
45.9629
45.9887
46.0144
46.0401
46.0658
46.0915
46.1172
46.1429
46.1686
46.1943
46.22
46.2457
46.2715
46.2972
46.3229
46.3486
46.3743
46.4
46.4257
46.4514
46.4771
46.5029
46.5285
46.5541
46.5798
46.6055
46.6312
46.6569
46.6826
46.7083
46.7341
46.7598
46.7855
46.8112
46.8369
46.8625
46.8883
46.914
46.9397
46.9654
46.9911
47.0168
47.0425
47.0682
47.0939
47.1196
47.1454
47.1711
47.1968
47.2225
47.2483
47.2739
47.2996
47.3253
47.3511
47.3767
47.4024
47.4281
47.4538
47.4796
47.5052
47.531
47.5567
47.5824
47.6081
47.6338
47.6595
47.6852
47.7109
47.7366
47.7623
47.788
47.8137
47.8395
47.8652
47.8909
47.9166
47.9423
47.968
47.9937
48.0195
48.0452
48.0709
48.0966
48.1223
48.148
48.1737
48.1994
48.2251
48.2509
48.2766
48.3023
48.328
48.3537
48.3795
48.4052
48.4309
48.4566
48.4824
48.5081
48.5338
48.5596
48.5853
48.6111
48.6367
48.6625
48.6882
48.7139
48.7396
48.7653
48.791
48.8167
48.8425
48.8682
48.8939
48.9196
48.9453
48.9711
48.9968
49.0225
49.0482
49.0739
49.0995
49.1252
49.1509
49.1766
49.2023
49.228
49.2538
49.2795
49.3052
49.3309
49.3566
49.3823
49.408
49.4338
49.4595
49.4853
49.511
49.5368
49.5625
49.5882
49.6139
49.6396
49.6653
49.6911
49.7168
49.7425
49.7683
49.794
49.8197
49.8454
49.8711
49.8968
49.9226
49.9483
49.974
49.9997
50.0255
50.0512
50.0769
50.1026
50.1283
50.154
50.1797
50.2054
50.2311
50.2568
50.2825
50.3083
50.334
50.3597
50.3854
50.4111
50.4368
50.4625
50.4883
50.514
50.5397
50.5654
50.5911
50.6168
50.6425
50.6683
50.694
50.7197
50.7455
50.7712
50.797
50.8227
50.8484
50.8741
50.8998
50.9255
50.9512
50.9769
51.0026
51.0283
51.054
51.0797
51.1054
51.1311
51.1568
51.1825
51.2082
51.234
51.2597
51.2854
51.3111
51.3368
51.3624
51.3881
51.4137
51.4394
51.465
51.4907
51.5163
51.542
51.5676
51.5933
51.619
51.6447
51.6704
51.6962
51.7219
51.7476
51.7733
51.799
51.8247
51.8505
51.8762
51.9019
51.9276
51.9533
51.9791
52.0048
52.0304
52.0561
52.0818
52.1075
52.1332
52.1589
52.1846
52.2104
52.2361
52.2618
52.2875
52.3132
52.3389
52.3647
52.3904
52.4161
52.4418
52.4676
52.4933
52.519
52.5447
52.5704
52.5961
52.6218
52.6474
52.6732
52.6989
52.7246
52.7503
52.7761
52.8018
52.8275
52.8532
52.8789
52.9046
52.9303
52.956
52.9817
53.0075
53.0331
53.0589
53.0845
53.1103
53.136
53.1617
53.1874
53.2131
53.2387
53.2644
53.2901
53.3158
53.3415
53.3672
53.3929
53.4187
53.4443
53.47
53.4957
53.5215
53.5472
53.5729
53.5986
53.6243
53.65
53.6757
53.7014
53.7271
53.7528
53.7786
53.8043
53.83
53.8557
53.8815
53.9071
53.9329
53.9586
53.9843
54.01
54.0357
54.0614
54.0871
54.1128
54.1386
54.1643
54.19
54.2158
54.2415
54.2672
54.293
54.3187
54.3444
54.3701
54.3958
54.4215
54.4472
54.473
54.4987
54.5243
54.55
54.5757
54.6015
54.6272
54.653
54.6787
54.7044
54.7302
54.7559
54.7816
54.8073
54.8331
54.8588
54.8845
54.9102
54.936
54.9617
54.9874
55.0132
55.0389
55.0646
55.0903
55.116
55.1418
55.1675
55.1932
55.2189
55.2446
55.2703
55.2961
55.3218
55.3476
55.3733
55.3991
55.4248
55.4505
55.4762
55.5019
55.5277
55.5534
55.5791
55.6048
55.6305
55.6562
55.6819
55.7076
55.7334
55.7591
55.7848
55.8106
55.8363
55.862
55.8877
55.9135
55.9392
55.9649
55.9907
56.0164
56.0421
56.0678
56.0936
56.1193
56.145
56.1707
56.1965
56.2222
56.2479
56.2736
56.2993
56.325
56.3507
56.3764
56.4022
56.428
56.4537
56.4794
56.5051
56.5309
56.5565
56.5823
56.608
56.6337
56.6595
56.6852
56.7109
56.7366
56.7623
56.788
56.8137
56.8395
56.8652
56.8909
56.9167
56.9424
56.9682
56.9939
57.0197
57.0454
57.0712
57.0969
57.1226
57.1483
57.174
57.1997
57.2255
57.2512
57.277
57.3027
57.3284
57.3541
57.3799
57.4056
57.4314
57.4571
57.4828
57.5085
57.5342
57.56
57.5857
57.6115
57.6372
57.6629
57.6886
57.7143
57.74
57.7657
57.7914
57.8171
57.8428
57.8685
57.8942
57.9199
57.9456
57.9713
57.997
58.0227
58.0485
58.0742
58.0999
58.1257
58.1514
58.1771
58.2029
58.2286
58.2542
58.2799
58.3056
58.3313
58.3571
58.3828
58.4085
58.4342
58.4599
58.4856
58.5114
58.5371
58.5628
58.5885
58.6142
58.6399
58.6656
58.6913
58.717
58.7427
58.7683
58.794
58.8197
58.8454
58.8711
58.8968
58.9225
58.9482
58.9739
58.9996
59.0253
59.0511
59.0768
59.1025
59.1282
59.1539
59.1796
59.2053
59.231
59.2568
59.2825
59.3082
59.3339
59.3595
59.3853
59.4109
59.4366
59.4623
59.4881
59.5138
59.5395
59.5651
59.5908
59.6165
59.6422
59.6679
59.6936
59.7193
59.7449
59.7707
59.7964
59.8221
59.8478
59.8735
59.8992
59.9249
59.9506
59.9763
60.002
60.0277
60.0534
60.0792
60.1049
60.1305
60.1563
60.1819
60.2077
60.2334
60.2591
60.2848
60.3105
60.3362
60.3619
60.3876
60.4133
60.4389
60.4646
60.4904
60.5161
60.5418
60.5675
60.5932
60.6189
60.6446
60.6703
60.696
60.7217
60.7474
60.7731
60.7988
60.8245
60.8502
60.8759
60.9016
60.9273
60.953
60.9787
61.0044
61.0301
61.0559
61.0816
61.1073
61.1329
61.1587
61.1843
61.21
61.2358
61.2615
61.2872
61.3129
61.3386
61.3643
61.39
61.4157
61.4414
61.467
61.4927
61.5184
61.544
61.5697
61.5954
61.6212
61.6469
61.6726
61.6984
61.7241
61.7499
61.7756
61.8013
61.827
61.8527
61.8784
61.9041
61.9298
61.9555
61.9812
62.0069
62.0325
62.0582
62.0839
62.1096
62.1353
62.1611
62.1868
62.2124
62.2381
62.2639
62.2896
62.3153
62.3411
62.3668
62.3925
62.4182
62.4439
62.4696
62.4954
62.5211
62.5468
62.5725
62.5982
62.6239
62.6496
62.6754
62.7011
62.7268
62.7525
62.7782
62.8039
62.8296
62.8553
62.881
62.9068
62.9324
62.9582
62.9923
63.0296
63.0554
63.0811
63.1068
63.1325
63.1583
63.184
63.2097
63.2354
63.2611
63.2868
63.3124
63.3382
63.3638
63.3895
63.4152
63.4409
63.4666
63.4923
63.518
63.5437
63.5694
63.5952
63.6209
63.6466
63.6723
63.698
63.7237
63.7495
63.7752
63.8009
63.8266
63.8523
63.878
63.9037
63.9294
63.9551
63.9857
64.0114
64.0371
64.0627
64.0884
64.1141
64.1398
64.1655
64.1912
64.2168
64.2426
64.2682
64.2939
64.3197
64.3454
64.3712
64.3969
64.4226
64.4483
64.474
64.4997
64.5254
64.5512
64.5769
64.6026
64.6283
64.654
64.6798
64.7055
64.7313
64.757
64.7827
64.8083
64.834
64.8597
64.8855
64.9112
64.9369
64.9626
64.9883
65.014
65.0397
65.0654
65.0911
65.1168
65.1425
65.1682
65.1939
65.2196
65.2453
65.2711
65.2968
65.3225
65.3482
65.3739
65.3996
65.4253
65.451
65.4768
65.5025
65.5282
65.5539
65.5797
65.6054
65.6311
65.6568
65.6825
65.7082
65.7339
65.7596
65.7854
65.811
65.8367
65.8625
65.8882
65.9139
65.9396
65.9653
65.991
66.0167
66.0424
66.0681
66.0938
66.1195
66.1452
66.1709
66.1966
66.2223
66.248
66.2737
66.2994
66.3251
66.3508
66.3765
66.4022
66.4279
66.4536
66.4793
66.505
66.5307
66.5564
66.5821
66.6079
66.6336
66.6593
66.6849
66.7107
66.7364
66.7621
66.7878
66.8135
66.8392
66.8649
66.8906
66.9163
66.942
66.9677
66.9934
67.0191
67.0448
67.0705
67.0963
67.122
67.1477
67.1734
67.1991
67.2249
67.2506
67.2763
67.3021
67.3278
67.3535
67.3792
67.405
67.4307
67.4564
67.4821
67.5079
67.5336
67.5593
67.585
67.6108
67.6365
67.6622
67.6879
67.7136
67.7394
67.7651
67.7908
67.8165
67.8422
67.868
67.8937
67.9194
67.9497
67.9754
68.0011
68.0268
68.0525
68.0782
68.1039
68.1296
68.1554
68.1811
68.2068
68.2325
68.2582
68.2839
68.3096
68.3353
68.361
68.3867
68.4124
68.4381
68.4638
68.4895
68.5153
68.541
68.5667
68.5924
68.6181
68.6438
68.6695
68.6952
68.721
68.7467
68.7724
68.7981
68.8238
68.8495
68.8752
68.9009
68.9266
68.9523
68.978
69.0038
69.0295
69.0552
69.0809
69.1066
69.1323
69.158
69.1838
69.2095
69.2352
69.2609
69.2866
69.3123
69.338
69.3637
69.3894
69.4151
69.4409
69.4666
69.4923
69.518
69.5437
69.5694
69.5951
69.6208
69.6465
69.6722
69.6979
69.7236
69.7494
69.7751
69.8008
69.8265
69.8522
69.8779
69.9036
69.9294
69.9551
69.9808
70.0065
70.0322
70.0579
70.0836
70.1094
70.1351
70.1608
70.1865
70.2122
70.238
70.2637
70.2894
70.3151
70.3408
70.3666
70.3923
70.4179
70.4437
70.4694
70.4951
70.5208
70.5465
70.5721
70.5978
70.6235
70.6492
70.6748
70.7005
70.7262
70.7519
70.7776
70.8032
70.8289
70.8546
70.8803
70.906
70.9317
70.9574
70.9832
71.009
71.0347
71.0604
71.0861
71.1118
71.1376
71.1633
71.189
71.2148
71.2405
71.2662
71.292
71.3177
71.3434
71.3691
71.3947
71.4204
71.4461
71.4718
71.4975
71.5232
71.5489
71.5745
71.6002
71.6259
71.6516
71.6774
71.7031
71.7288
71.7545
71.7802
71.8059
71.8316
71.8573
71.883
71.9086
71.9343
71.96
71.9858
72.0115
72.0372
72.0628
72.0895
72.1152
72.1408
72.1665
72.1922
72.2187
72.2444
72.2701
72.2959
72.3216
72.3473
72.373
72.3986
72.4243
72.45
72.4757
72.5014
72.5271
72.5528
72.5785
72.6042
72.6299
72.6556
72.6813
72.707
72.7327
72.7584
72.7841
72.8098
72.8355
72.8612
72.887
72.9126
72.9383
72.9641
72.9898
73.0155
73.0412
73.0669
73.0926
73.1184
73.1441
73.1698
73.1955
73.2211
73.2469
73.2779
73.3037
73.3294
73.3551
73.3808
73.4065
73.4322
73.4579
73.4836
73.5094
73.5351
73.5608
73.5865
73.6122
73.6379
73.6636
73.6893
73.715
73.7407
73.7664
73.7921
73.8178
73.8436
73.8694
73.8951
73.9208
73.9465
73.9722
73.9979
74.0236
74.0492
74.075
74.1007
74.1264
74.1521
74.1778
74.2035
74.2292
74.2549
74.2806
74.3064
74.3321
74.3578
74.3835
74.4092
74.4349
74.4606
74.4863
74.512
74.5377
74.5634
74.5892
74.6149
74.6406
74.6663
74.692
74.7177
74.7434
74.7691
74.7948
74.8206
74.8463
74.872
74.8977
74.9234
74.9491
74.9748
75.0005
75.0263
75.052
75.0778
75.1035
75.1292
75.1549
75.1806
75.2063
75.232
75.2578
75.2835
75.3093
75.335
75.3607
75.3864
75.4122
75.4379
75.4636
75.4893
75.515
75.5407
75.5664
75.5921
75.6177
75.6434
75.6692
75.6949
75.7206
75.7463
75.7721
75.7978
75.8235
75.8492
75.8749
75.9006
75.9263
75.9521
75.9778
76.0035
76.0293
76.055
76.0807
76.1064
76.1321
76.1578
76.1836
76.2254
76.2511
76.2768
76.3025
76.3282
76.3539
76.3796
76.4053
76.431
76.4568
76.4825
76.5082
76.5339
76.5596
76.5854
76.6111
76.6368
76.6625
76.6883
76.714
76.7397
76.7654
76.7911
76.8169
76.8426
76.8683
76.894
76.9197
76.9455
76.9712
76.997
77.0227
77.0484
77.0741
77.0997
77.1255
77.1512
77.1769
77.2026
77.2283
77.254
77.2798
77.3055
77.3312
77.3569
77.3826
77.4083
77.434
77.4597
77.4855
77.5112
77.5369
77.5626
77.5883
77.614
77.6398
77.6655
77.6912
77.7169
77.7427
77.7684
77.7941
77.8198
77.8456
77.8714
77.8971
77.9228
77.9485
77.9743
78
78.0257
78.0515
78.0772
78.1029
78.1286
78.1544
78.1801
78.2058
78.2316
78.2619
78.2876
78.3134
78.3391
78.3648
78.3905
78.4162
78.4419
78.4677
78.4934
78.5191
78.5448
78.5705
78.5962
78.6219
78.6477
78.6734
78.7057
78.7315
78.7572
78.7829
78.8087
78.8344
78.8601
78.8858
78.9116
78.9373
78.963
78.9887
79.0144
79.0401
79.0659
79.0916
79.1173
79.143
79.1687
79.1945
79.2202
79.2459
79.2716
79.2973
79.323
79.3487
79.3744
79.4001
79.4258
79.4516
79.4773
79.503
79.5288
79.5545
79.5802
79.6059
79.6317
79.6574
79.6832
79.7089
79.7346
79.7603
79.786
79.8118
79.8376
79.8633
79.889
79.9147
79.9404
79.9661
79.9919
80.0176
80.0434
80.069
80.0947
80.1204
80.1462
80.1719
80.1976
80.2233
80.249
80.2747
80.3004
80.3261
80.3519
80.3776
80.4033
80.429
80.4548
80.4804
80.5061
80.5318
80.5575
80.5833
80.609
80.6347
80.6604
80.6862
80.7119
80.7377
80.7634
80.789
80.8147
80.8404
80.8661
80.8918
80.9175
80.9433
80.969
80.9946
81.0203
81.046
81.0717
81.0974
81.1232
81.1489
81.1746
81.2003
81.226
81.2516
81.2773
81.303
81.3287
81.3544
81.38
81.4057
81.4313
81.457
81.4826
81.5083
81.534
81.5596
81.5853
81.611
81.6367
81.6624
81.6882
81.7139
81.7396
81.7653
81.7911
81.8168
81.8425
81.8683
81.8939
81.9196
81.9453
81.971
81.9967
82.0223
82.0481
82.0738
82.0995
82.1252
82.1509
82.1766
82.2023
82.228
82.2536
82.2793
82.305
82.3457
82.3714
82.3971
82.4228
82.4485
82.4742
82.5
82.5257
82.5514
82.5771
82.6028
82.6285
82.6542
82.6799
82.7056
82.7313
82.757
82.7826
82.8083
82.834
82.8597
82.8854
82.9111
82.9368
82.9625
82.9882
83.0139
83.0396
83.0653
83.091
83.1167
83.1424
83.1681
83.1938
83.2195
83.2452
83.2709
83.2966
83.3223
83.348
83.3736
83.3993
83.425
83.4507
83.4764
83.5021
83.5278
83.5535
83.5792
83.6049
83.6306
83.6563
83.682
83.7076
83.7333
83.759
83.7846
83.8103
83.8361
83.8617
83.8874
83.9131
83.9388
83.9645
83.9902
84.0159
84.0415
84.0672
84.0929
84.1186
84.1443
84.1699
84.1956
84.2214
84.2471
84.2728
84.2985
84.3243
84.35
84.3758
84.4015
84.4272
84.453
84.4787
84.5044
84.5301
84.5558
84.5814
84.6072
84.6328
84.6586
84.6843
84.71
84.7357
84.7614
84.7871
84.8128
84.8385
84.8642
84.8899
84.9157
84.9414
84.9671
84.9927
85.0184
85.0441
85.0698
85.0955
85.1212
85.1469
85.1726
85.1983
85.2241
85.2498
85.2755
85.3012
85.3269
85.3526
85.3783
85.404
85.4297
85.4554
85.4812
85.5068
85.5325
85.5582
85.5839
85.6096
85.6352
85.6609
85.6866
85.7122
85.738
85.7637
85.7894
85.8151
85.8408
85.8666
85.8923
85.918
85.9437
85.9695
85.9952
86.0208
86.0465
86.0722
86.098
86.1237
86.1494
86.1751
86.2008
86.2265
86.2522
86.2779
86.3037
86.3294
86.3551
86.3809
86.4066
86.4323
86.458
86.4837
86.5095
86.5352
86.5609
86.5865
86.6123
86.6379
86.6637
86.6894
86.7151
86.7408
86.7664
86.7921
86.8178
86.8435
86.8692
86.8949
86.9205
86.9462
86.9719
86.9976
87.0233
87.049
87.0747
87.1004
87.1261
87.1519
87.1776
87.2033
87.229
87.2547
87.2804
87.3061
87.3318
87.3575
87.3832
87.4089
87.4347
87.4604
87.4861
87.5117
87.5374
87.5631
87.5888
87.6145
87.6406
87.6663
87.692
87.7178
87.7434
87.7691
87.7948
87.8204
87.8461
87.8718
87.8975
87.9232
87.9489
87.9746
88.0003
88.026
88.0517
88.0774
88.103
88.1287
88.1545
88.1801
88.2058
88.2315
88.2572
88.2829
88.3085
88.3342
88.3599
88.3856
88.4113
88.4371
88.4627
88.4884
88.5141
88.5398
88.5655
88.5912
88.6169
88.6426
88.6684
88.6941
88.7198
88.7455
88.7712
88.797
88.8227
88.8484
88.874
88.8997
88.9254
88.9511
88.9768
89.0025
89.0282
89.0539
89.0796
89.1053
89.131
89.1567
89.1823
89.208
89.2337
89.2595
89.2852
89.3108
89.3365
89.3622
89.3879
89.4137
89.4394
89.4651
89.4907
89.5164
89.5421
89.5678
89.5935
89.6192
89.6449
89.6706
89.6963
89.722
89.7477
89.7734
89.7991
89.8248
89.8505
89.8762
89.9019
89.9275
89.9532
89.9789
90.0046
90.0303
90.0559
90.0816
90.1074
90.1331
90.1587
90.1844
90.2101
90.2358
90.2615
90.2873
90.313
90.3387
90.3644
90.3901
90.4159
90.4416
90.4673
90.493
90.5187
90.5444
90.5701
90.5958
90.6216
90.6473
90.673
90.6988
90.7245
90.7502
90.7759
90.8017
90.8274
90.8531
90.8788
90.9045
90.9302
90.9559
90.9817
91.0074
91.0331
91.0589
91.0846
91.1103
91.136
91.1617
91.1874
91.2132
91.2389
91.2646
91.2903
91.316
91.3417
91.3674
91.3931
91.4187
91.4444
91.47
91.4957
91.5214
91.547
91.5727
91.5983
91.624
91.6497
91.6754
91.7011
91.7268
91.7525
91.7782
91.8039
91.8296
91.8553
91.881
91.9067
91.9324
91.9581
91.9837
92.0095
92.0352
92.0609
92.0866
92.1123
92.1379
92.1636
92.1894
92.2151
92.2408
92.2665
92.2922
92.3179
92.3436
92.3693
92.395
92.4207
92.4464
92.4721
92.4978
92.5235
92.5493
92.575
92.6007
92.6264
92.6521
92.6777
92.7035
92.7291
92.7549
92.7806
92.8063
92.832
92.8577
92.8834
92.9091
92.9348
92.9605
92.9862
93.0119
93.0376
93.0633
93.089
93.1147
93.1404
93.1662
93.1919
93.2176
93.2433
93.269
93.2947
93.3204
93.3461
93.3718
93.3975
93.4232
93.4489
93.4746
93.5003
93.526
93.5517
93.5774
93.6031
93.6288
93.6545
93.6802
93.7059
93.7316
93.7573
93.783
93.8088
93.8344
93.8601
93.8858
93.9115
93.9371
93.9628
93.9885
94.0142
94.0399
94.0657
94.0914
94.1171
94.1428
94.1685
94.1942
94.2199
94.2456
94.2714
94.2971
94.3228
94.3485
94.3742
94.3999
94.4256
94.4512
94.4769
94.5026
94.5283
94.554
94.5797
94.6055
94.6312
94.6568
94.6825
94.7083
94.734
94.7597
94.7854
94.8112
94.8369
94.8626
94.8882
94.9139
94.9397
94.9654
94.9911
95.0168
95.0425
95.0682
95.0939
95.1196
95.1453
95.1711
95.1967
95.2224
95.2481
95.2738
95.2995
95.3252
95.3509
95.3766
95.4023
95.428
95.4537
95.4794
95.505
95.5308
95.5565
95.5822
95.6079
95.6336
95.6593
95.685
95.7107
95.7363
95.762
95.7877
95.8133
95.839
95.8647
95.8904
95.9161
95.9418
95.9675
95.9932
96.0189
96.0446
96.0704
96.096
96.1217
96.1474
96.1763
96.202
96.2277
96.2534
96.2791
96.3048
96.3305
96.3562
96.3818
96.4137
96.4393
96.465
96.4907
96.5164
96.5421
96.5678
96.5935
96.6192
96.6449
96.6706
96.6963
96.722
96.7477
96.7734
96.7991
96.8248
96.8505
96.8763
96.902
96.9277
96.9534
96.9791
97.0048
97.0305
97.0563
97.0819
97.1076
97.1333
97.159
97.1847
97.2104
97.2362
97.2619
97.2876
97.3133
97.339
97.3647
97.3904
97.4161
97.4418
97.4675
97.4932
97.5189
97.5446
97.5703
97.596
97.6217
97.6475
97.6731
97.6989
97.7246
97.7503
97.776
97.8017
97.8274
97.8531
97.8788
97.9045
97.9302
97.9559
97.9815
98.0072
98.0329
98.0586
98.0843
98.11
98.1357
98.1614
98.1871
98.2128
98.2385
98.2642
98.2899
98.3156
98.3413
98.367
98.3927
98.4184
98.4441
98.4698
98.4956
98.5213
98.5469
98.5726
98.5982
98.6239
98.6496
98.6753
98.701
98.7267
98.7524
98.7781
98.8038
98.8295
98.8552
98.8809
98.9066
98.9323
98.958
98.9837
99.0094
99.0351
99.0608
99.0865
99.1122
99.1379
99.1636
99.1893
99.215
99.2407
99.2664
99.2921
99.3178
99.3435
99.3692
99.3949
99.4206
99.4463
99.4721
99.4977
99.5234
99.5491
99.5748
99.6005
99.6262
99.6519
99.6777
99.7034
99.7291
99.7548
99.7856
99.8113
99.837
99.8627
99.8884
99.9141
99.9398
99.9655
99.9912
100.017
100.043
100.068
100.094
100.12
100.145
100.171
100.197
100.222
100.248
100.274
100.3
100.325
100.351
100.377
100.402
100.428
100.454
100.479
100.505
100.531
100.557
100.582
100.608
100.634
100.659
100.685
100.711
100.736
100.762
100.788
100.814
100.839
100.865
100.891
100.916
100.942
100.968
100.994
101.019
101.045
101.071
101.096
101.122
101.148
101.173
101.199
101.225
101.251
101.276
101.302
101.328
101.353
101.379
101.405
101.43
101.456
101.482
101.508
101.533
101.559
101.585
101.61
101.636
101.662
101.687
101.713
101.739
101.765
101.79
101.816
101.842
101.868
101.893
101.919
101.945
101.97
101.996
102.022
102.048
102.073
102.099
102.125
102.15
102.176
102.202
102.227
102.253
102.279
102.305
102.33
102.356
102.382
102.407
102.433
102.459
102.484
102.51
102.536
102.562
102.587
102.613
102.639
102.664
102.69
102.716
102.742
102.767
102.793
102.819
102.844
102.87
102.896
102.921
102.947
102.973
102.998
103.024
103.05
103.075
103.101
103.127
103.152
103.178
103.204
103.23
103.255
103.281
103.307
103.332
103.358
103.384
103.409
103.435
103.461
103.486
103.512
103.538
103.563
103.589
103.615
103.641
103.666
103.692
103.718
103.743
103.769
103.795
103.82
103.846
103.872
103.897
103.923
103.949
103.974
104
104.026
104.052
104.077
104.103
104.129
104.154
104.18
104.206
104.231
104.257
104.283
104.309
104.334
104.36
104.386
104.411
104.437
104.463
104.488
104.514
104.54
104.565
104.591
104.617
104.643
104.668
104.694
104.72
104.745
104.771
104.797
104.823
104.848
104.874
104.9
104.925
104.951
104.977
105.002
105.028
105.054
105.079
105.105
105.131
105.157
105.182
105.208
105.234
105.259
105.285
105.311
105.337
105.362
105.388
105.414
105.439
105.465
105.491
105.516
105.542
105.568
105.593
105.619
105.645
105.671
105.696
105.722
105.748
105.773
105.799
105.825
105.85
105.876
105.902
105.928
105.953
105.979
106.005
106.03
106.056
106.082
106.107
106.133
106.159
106.185
106.21
106.236
106.262
106.287
106.313
106.339
106.364
106.39
106.416
106.441
106.467
106.493
106.518
106.544
106.57
106.596
106.621
106.647
106.673
106.698
106.724
106.75
106.775
106.801
106.827
106.853
106.878
106.904
106.93
106.955
106.981
107.007
107.033
107.058
107.084
107.11
107.135
107.161
107.187
107.213
107.238
107.264
107.29
107.315
107.341
107.367
107.393
107.418
107.444
107.47
107.495
107.521
107.547
107.573
107.598
107.624
107.65
107.675
107.701
107.727
107.752
107.778
107.804
107.83
107.855
107.881
107.907
107.932
107.958
107.984
108.009
108.035
108.061
108.087
108.112
108.138
108.164
108.189
108.215
108.241
108.267
108.292
108.318
108.344
108.369
108.395
108.421
108.447
108.472
108.498
108.524
108.549
108.575
108.601
108.627
108.652
108.678
108.704
108.729
108.755
108.781
108.807
108.832
108.858
108.884
108.91
108.935
108.961
108.987
109.012
109.038
109.064
109.09
109.115
109.141
109.167
109.193
109.218
109.244
109.27
109.295
109.321
109.347
109.372
109.398
109.424
109.45
109.475
109.501
109.527
109.552
109.578
109.604
109.629
109.655
109.681
109.706
109.732
109.758
109.784
109.809
109.835
109.861
109.887
109.912
109.938
109.964
109.989
110.015
110.041
110.067
110.092
110.118
110.144
110.169
110.195
110.221
110.247
110.272
110.298
110.324
110.35
110.375
110.401
110.427
110.452
110.478
110.504
110.53
110.555
110.581
110.607
110.632
110.658
110.684
110.71
110.735
110.761
110.787
110.812
110.838
110.864
110.89
110.915
110.941
110.967
110.992
111.018
111.044
111.07
111.095
111.121
111.147
111.172
111.198
111.224
111.25
111.275
111.301
111.327
111.352
111.378
111.404
111.43
111.455
111.481
111.507
111.532
111.558
111.584
111.609
111.635
111.661
111.687
111.712
111.738
111.764
111.789
111.815
111.841
111.867
111.892
111.918
111.944
111.969
111.995
112.021
112.047
112.072
112.098
112.124
112.149
112.175
112.201
112.227
112.252
112.278
112.304
112.329
112.355
112.381
112.406
112.432
112.458
112.484
112.509
112.535
112.561
112.586
112.612
112.638
112.663
112.689
112.715
112.741
112.766
112.792
112.818
112.843
112.869
112.895
112.921
112.946
112.972
112.998
113.023
113.049
113.075
113.101
113.126
113.152
113.178
113.203
113.229
113.255
113.28
113.306
113.332
113.358
113.383
113.409
113.435
113.46
113.486
113.512
113.538
113.563
113.589
113.614
113.64
113.666
113.692
113.717
113.743
113.769
113.794
113.82
113.846
113.872
113.897
113.923
113.949
113.974
114
114.026
114.051
114.077
114.103
114.129
114.154
114.18
114.206
114.231
114.257
114.283
114.308
114.334
114.36
114.386
114.411
114.437
114.463
114.488
114.514
114.54
114.565
114.591
114.617
114.643
114.668
114.694
114.72
114.745
114.771
114.797
114.823
114.848
114.874
114.9
114.926
114.951
114.977
115.003
115.028
115.054
115.08
115.106
115.131
115.157
115.183
115.209
115.234
115.26
115.286
115.311
115.337
115.363
115.389
115.414
115.44
115.466
115.491
115.517
115.543
115.568
115.594
115.62
115.646
115.671
115.697
115.723
115.748
115.774
115.8
115.826
115.851
115.877
115.903
115.928
115.954
115.98
116.005
116.031
116.057
116.083
116.108
116.134
116.16
116.185
116.211
116.237
116.263
116.288
116.314
116.34
116.365
116.391
116.417
116.443
116.468
116.494
116.52
116.545
116.571
116.597
116.623
116.648
116.674
116.7
116.725
116.751
116.777
116.802
116.828
116.854
116.88
116.905
116.931
116.957
116.982
117.008
117.034
117.06
117.085
117.111
117.137
117.163
117.188
117.214
117.24
117.265
117.291
117.317
117.342
117.368
117.394
117.42
117.445
117.471
117.497
117.522
117.548
117.574
117.6
117.625
117.651
117.677
117.703
117.728
117.754
117.78
117.805
117.831
117.857
117.882
117.908
117.934
117.96
117.985
118.011
118.037
118.062
118.088
118.114
118.14
118.165
118.191
118.217
118.242
118.268
118.294
118.32
118.345
118.371
118.397
118.422
118.448
118.474
118.5
118.525
118.551
118.577
118.603
118.628
118.654
118.68
118.705
118.731
118.757
118.783
118.808
118.834
118.86
118.885
118.911
118.937
118.962
118.988
119.014
119.04
119.065
119.091
119.117
119.142
119.168
119.194
119.22
119.245
119.271
119.297
119.322
119.348
119.374
119.4
119.425
119.451
119.477
119.502
119.528
119.554
119.579
119.605
119.631
119.657
119.682
119.708
119.734
119.759
119.785
119.811
119.836
119.862
119.888
119.914
119.939
119.965
119.991
120.017
120.042
120.068
120.094
120.119
120.145
120.171
120.196
120.222
120.248
120.274
120.299
120.325
120.351
120.376
120.402
120.428
120.454
120.479
120.505
120.531
120.556
120.582
120.608
120.634
120.659
120.685
120.711
120.736
120.762
120.788
120.814
120.839
120.865
120.891
120.916
120.942
120.968
120.994
121.019
121.045
121.071
121.096
121.122
121.148
121.174
121.199
121.225
121.251
121.276
121.302
121.328
121.353
121.379
121.405
121.431
121.456
121.482
121.508
121.533
121.559
121.585
121.61
121.636
121.662
121.688
121.713
121.739
121.765
121.791
121.816
121.842
121.88
121.906
121.931
121.957
121.983
122.009
122.034
122.06
122.086
122.112
122.137
122.163
122.189
122.214
122.24
122.266
122.292
122.317
122.343
122.369
122.394
122.42
122.446
122.471
122.497
122.523
122.549
122.574
122.6
122.626
122.651
122.677
122.703
122.728
122.754
122.78
122.806
122.831
122.857
122.883
122.908
122.934
122.96
122.986
123.011
123.037
123.063
123.088
123.114
123.14
123.165
123.191
123.217
123.243
123.268
123.294
123.32
123.345
123.371
123.397
123.423
123.448
123.474
123.5
123.525
123.551
123.577
123.603
123.628
123.654
123.68
123.705
123.731
123.757
123.783
123.808
123.834
123.86
123.885
123.911
123.937
123.963
123.988
124.014
124.04
124.065
124.091
124.117
124.142
124.168
124.194
124.22
124.245
124.271
124.297
124.322
124.348
124.374
124.399
124.425
124.451
124.477
124.502
124.528
124.554
124.58
124.605
124.631
124.657
124.682
124.708
124.734
124.759
124.785
124.811
124.837
124.862
124.888
124.914
124.94
124.965
124.991
125.017
125.042
125.068
125.094
125.119
125.145
125.171
125.197
125.222
125.248
125.274
125.3
125.325
125.351
125.377
125.402
125.428
125.454
125.48
125.505
125.531
125.557
125.582
125.608
125.634
125.66
125.685
125.711
125.737
125.762
125.788
125.814
125.84
125.865
125.891
125.917
125.942
125.968
125.994
126.02
126.045
126.071
126.097
126.122
126.148
126.174
126.2
126.225
126.251
126.277
126.302
126.328
126.354
126.38
126.405
126.431
126.457
126.483
126.508
126.534
126.56
126.585
126.611
126.637
126.662
126.688
126.714
126.74
126.765
126.791
126.817
126.843
126.868
126.894
126.92
126.945
126.971
126.997
127.023
127.048
127.074
127.1
127.126
127.151
127.177
127.203
127.228
127.254
127.28
127.306
127.331
127.357
127.383
127.409
127.434
127.46
127.486
127.511
127.537
127.563
127.589
127.614
127.64
127.666
127.691
127.717
127.743
127.769
127.794
127.82
127.846
127.872
127.897
127.923
127.949
127.974
128
128.026
128.052
128.077
128.103
128.129
128.154
128.18
128.206
128.231
128.257
128.283
128.309
128.334
128.36
128.386
128.411
128.437
128.463
128.489
128.514
128.54
128.566
128.592
128.617
128.643
128.669
128.694
128.72
128.746
128.771
128.797
128.823
128.848
128.874
128.9
128.925
128.951
128.977
129.003
129.028
129.054
129.08
129.106
129.131
129.157
129.183
129.208
129.234
129.26
129.285
129.311
129.337
129.363
129.388
129.414
129.44
129.465
129.491
129.517
129.543
129.568
129.594
129.62
129.645
129.671
129.697
129.723
129.748
129.774
129.8
129.825
129.851
129.877
129.903
129.928
129.954
129.98
130.005
130.031
130.057
130.082
130.108
130.134
130.16
130.185
130.211
130.237
130.263
130.288
130.314
130.34
130.365
130.391
130.417
130.442
130.468
130.494
130.52
130.545
130.571
130.597
130.623
130.648
130.674
130.7
130.725
130.751
130.777
130.802
130.828
130.854
130.88
130.905
130.931
130.957
130.982
131.008
131.034
131.06
131.085
131.111
131.137
131.162
131.188
131.214
131.24
131.265
131.291
131.317
131.342
131.368
131.394
131.419
131.445
131.471
131.497
131.522
131.548
131.574
131.599
131.625
131.651
131.676
131.702
131.728
131.753
131.779
131.805
131.831
131.856
131.882
131.908
131.933
131.959
131.985
132.011
132.036
132.062
132.088
132.113
132.139
132.165
132.191
132.216
132.242
132.268
132.293
132.319
132.345
132.37
132.396
132.422
132.448
132.473
132.499
132.525
132.55
132.576
132.602
132.627
132.653
132.679
132.704
132.73
132.756
132.782
132.807
132.833
132.859
132.884
132.91
132.936
132.962
132.987
133.013
133.039
133.064
133.09
133.116
133.141
133.167
133.193
133.218
133.244
133.27
133.295
133.321
133.347
133.372
133.398
133.424
133.45
133.475
133.501
133.527
133.552
133.578
133.604
133.63
133.655
133.681
133.707
133.732
133.758
133.784
133.809
133.835
133.861
133.886
133.912
133.938
133.963
133.989
134.015
134.041
134.066
134.092
134.118
134.143
134.169
134.195
134.22
134.246
134.272
134.298
134.323
134.349
134.375
134.4
134.426
134.452
134.477
134.503
134.529
134.555
134.58
134.606
134.632
134.657
134.683
134.709
134.734
134.76
134.786
134.812
134.837
134.863
134.889
134.914
134.94
134.966
134.991
135.017
135.043
135.069
135.094
135.12
135.146
135.171
135.197
135.223
135.248
135.274
135.3
135.326
135.351
135.377
135.403
135.428
135.454
135.48
135.505
135.531
135.557
135.582
135.608
135.634
135.66
135.685
135.711
135.737
135.762
135.788
135.814
135.84
135.865
135.891
135.917
135.942
135.968
135.994
136.019
136.045
136.071
136.096
136.122
136.148
136.174
136.199
136.225
136.251
136.276
136.302
136.328
136.353
136.379
136.405
136.431
136.456
136.482
136.508
136.533
136.559
136.585
136.61
136.636
136.662
136.687
136.713
136.739
136.765
136.79
136.816
136.842
136.867
136.893
136.919
136.945
136.97
136.996
137.022
137.047
137.073
137.099
137.124
137.15
137.176
137.201
137.227
137.253
137.278
137.304
137.33
137.355
137.381
137.407
137.432
137.458
137.484
137.51
137.535
137.561
137.587
137.612
137.638
137.664
137.689
137.715
137.742
137.767
137.793
137.819
137.844
137.87
137.896
137.921
137.947
137.973
137.999
138.024
138.05
138.076
138.101
138.127
138.153
138.178
138.204
138.23
138.255
138.281
138.307
138.333
138.358
138.384
138.41
138.435
138.461
138.487
138.512
138.538
138.564
138.59
138.615
138.641
138.667
138.692
138.718
138.744
138.769
138.795
138.821
138.846
138.872
138.898
138.924
138.949
138.975
139.001
139.026
139.052
139.078
139.103
139.129
139.155
139.181
139.206
139.232
139.258
139.283
139.309
139.335
139.361
139.386
139.412
139.438
139.463
139.489
139.515
139.54
139.566
139.592
139.617
139.643
139.669
139.694
139.72
139.746
139.772
139.797
139.823
139.849
139.874
139.9
139.926
139.951
139.977
140.003
140.029
140.054
140.08
140.106
140.131
140.157
140.183
140.208
140.234
140.26
140.285
140.311
140.337
140.363
140.388
140.414
140.44
140.465
140.491
140.517
140.542
140.568
140.594
140.62
140.645
140.671
140.697
140.722
140.748
140.774
140.799
140.825
140.851
140.877
140.902
140.928
140.954
140.979
141.005
141.031
141.056
141.082
141.108
141.134
141.159
141.185
141.211
141.236
141.262
141.288
141.313
141.339
141.365
141.39
141.416
141.442
141.467
141.493
141.519
141.544
141.57
141.596
141.621
141.647
141.673
141.698
141.724
141.75
141.775
141.801
141.827
141.853
141.878
141.904
141.93
141.955
141.981
142.007
142.032
142.058
142.084
142.109
142.135
142.161
142.187
142.212
142.238
142.264
142.289
142.315
142.341
142.366
142.392
142.418
142.443
142.469
142.495
142.521
142.546
142.572
142.598
142.623
142.649
142.675
142.7
142.726
142.752
142.777
142.803
142.829
142.854
142.88
142.906
142.932
142.957
142.983
143.009
143.034
143.06
143.086
143.111
143.137
143.163
143.188
143.214
143.24
143.265
143.291
143.317
143.343
143.368
143.394
143.42
143.445
143.471
143.497
143.522
143.548
143.574
143.599
143.625
143.651
143.676
143.702
143.728
143.754
143.779
143.805
143.831
143.856
143.882
143.908
143.933
143.959
143.985
144.01
144.036
144.062
144.088
144.113
144.139
144.165
144.19
144.216
144.242
144.267
144.293
144.319
144.345
144.37
144.396
144.422
144.447
144.473
144.499
144.524
144.55
144.576
144.602
144.627
144.653
144.679
144.704
144.73
144.756
144.781
144.807
144.833
144.858
144.884
144.91
144.936
144.961
144.987
145.013
145.038
145.064
145.09
145.115
145.141
145.167
145.192
145.218
145.244
145.269
145.295
145.321
145.347
145.372
145.398
145.424
145.449
145.475
145.501
145.526
145.552
145.578
145.603
145.629
145.655
145.681
145.706
145.732
145.758
145.783
145.809
145.835
145.86
145.886
145.912
145.938
145.963
145.989
146.015
146.04
146.066
146.092
146.117
146.143
146.169
146.194
146.22
146.246
146.272
146.297
146.323
146.349
146.374
146.4
146.426
146.451
146.477
146.503
146.528
146.554
146.58
146.606
146.631
146.657
146.683
146.708
146.734
146.76
146.785
146.811
146.837
146.862
146.888
146.914
146.939
146.965
146.991
147.017
147.042
147.068
147.094
147.119
147.145
147.171
147.196
147.222
147.248
147.273
147.299
147.325
147.35
147.376
147.402
147.427
147.453
147.479
147.504
147.53
147.556
147.582
147.607
147.633
147.659
147.684
147.71
147.736
147.761
147.787
147.813
147.838
147.864
147.89
147.916
147.941
147.967
147.993
148.018
148.044
148.07
148.095
148.121
148.147
148.172
148.198
148.224
148.249
148.275
148.301
148.327
148.352
148.378
148.404
148.429
148.455
148.481
148.506
148.532
148.558
148.583
148.609
148.635
148.66
148.686
148.712
148.738
148.763
148.789
148.815
148.84
148.866
148.892
148.917
148.943
148.969
148.994
149.02
149.046
149.072
149.097
149.123
149.149
149.174
149.2
149.226
149.251
149.277
149.303
149.328
149.354
149.38
149.405
149.431
149.457
149.482
149.508
149.534
149.559
149.585
149.611
149.636
149.662
149.688
149.714
149.739
149.765
149.791
149.816
149.842
149.868
149.893
149.919
149.945
149.97
149.996
150.022
150.047
150.073
150.099
150.125
150.15
150.176
150.202
150.227
150.253
150.279
150.304
150.33
150.356
150.381
150.407
150.433
150.458
150.484
150.51
150.535
150.561
150.587
150.612
150.638
150.664
150.69
150.715
150.741
150.767
150.792
150.818
150.844
150.869
150.895
150.921
150.946
150.972
150.998
151.023
151.049
151.075
151.101
151.126
151.152
151.178
151.203
151.229
151.255
151.28
151.306
151.332
151.357
151.383
151.409
151.434
151.46
151.486
151.511
151.537
151.563
151.588
151.614
151.64
151.665
151.691
151.717
151.742
151.768
151.794
151.82
151.845
151.871
151.897
151.922
151.948
151.974
152
152.025
152.051
152.077
152.102
152.128
152.154
152.179
152.205
152.231
152.256
152.282
152.308
152.334
152.359
152.385
152.411
152.436
152.462
152.488
152.513
152.539
152.565
152.59
152.616
152.642
152.667
152.693
152.719
152.744
152.77
152.796
152.822
152.847
152.873
152.899
152.924
152.95
152.976
153.001
153.027
153.053
153.078
153.104
153.13
153.156
153.181
153.207
153.233
153.258
153.284
153.31
153.335
153.361
153.387
153.412
153.438
153.464
153.49
153.515
153.541
153.567
153.592
153.618
153.644
153.67
153.695
153.721
153.747
153.772
153.798
153.824
153.85
153.875
153.901
153.927
153.952
153.978
154.004
154.03
154.055
154.081
154.107
154.132
154.158
154.184
154.209
154.235
154.261
154.286
154.312
154.338
154.364
154.389
154.415
154.441
154.466
154.492
154.518
154.543
154.569
154.595
154.62
154.646
154.672
154.697
154.723
154.749
154.774
154.8
154.826
154.852
154.877
154.903
154.929
154.954
154.98
155.006
155.031
155.057
155.083
155.109
155.134
155.16
155.186
155.211
155.237
155.263
155.289
155.314
155.34
155.366
155.391
155.417
155.443
155.468
155.494
155.52
155.546
155.571
155.597
155.623
155.648
155.674
155.7
155.725
155.751
155.777
155.802
155.828
155.854
155.88
155.905
155.931
155.957
155.982
156.008
156.034
156.059
156.085
156.111
156.136
156.162
156.188
156.213
156.239
156.265
156.291
156.316
156.342
156.368
156.393
156.419
156.445
156.47
156.496
156.522
156.547
156.573
156.599
156.624
156.65
156.676
156.701
156.727
156.753
156.778
156.804
156.83
156.855
156.881
156.907
156.932
156.958
156.984
157.009
157.035
157.061
157.086
157.112
157.138
157.163
157.189
157.215
157.241
157.266
157.292
157.318
157.344
157.369
157.395
157.421
157.446
157.472
157.498
157.523
157.549
157.575
157.6
157.626
157.652
157.677
157.703
157.729
157.754
157.78
157.806
157.831
157.857
157.883
157.908
157.934
157.96
157.986
158.011
158.037
158.063
158.088
158.114
158.14
158.165
158.191
158.217
158.242
158.268
158.294
158.32
158.345
158.371
158.397
158.422
158.448
158.474
158.499
158.525
158.551
158.576
158.602
158.628
158.653
158.679
158.705
158.73
158.756
158.782
158.808
158.833
158.859
158.885
158.91
158.936
158.962
158.987
159.013
159.039
159.064
159.09
159.116
159.141
159.167
159.193
159.219
159.244
159.27
159.296
159.321
159.347
159.373
159.398
159.424
159.45
159.476
159.501
159.527
159.553
159.578
159.604
159.63
159.655
159.681
159.707
159.733
159.758
159.784
159.81
159.835
159.861
159.887
159.912
159.938
159.964
159.99
160.015
160.041
160.067
160.092
160.118
160.144
160.169
160.195
160.221
160.246
160.272
160.298
160.324
160.349
160.375
160.401
160.426
160.452
160.478
160.504
160.529
160.555
160.581
160.606
160.632
160.658
160.683
160.709
160.735
160.76
160.786
160.812
160.837
160.863
160.889
160.914
160.94
160.965
160.991
161.017
161.042
161.068
161.094
161.12
161.145
161.171
161.197
161.222
161.248
161.274
161.299
161.325
161.351
161.377
161.402
161.428
161.454
161.479
161.505
161.531
161.556
161.582
161.608
161.633
161.659
161.685
161.71
161.736
161.762
161.787
161.813
161.839
161.865
161.89
161.916
161.942
161.967
161.993
162.019
162.044
162.07
162.096
162.121
162.147
162.173
162.198
162.224
162.256
162.29
162.315
162.341
162.367
162.392
162.418
162.444
162.47
162.495
162.521
162.547
162.572
162.598
162.624
162.649
162.675
162.701
162.726
162.752
162.778
162.803
162.829
162.855
162.88
162.906
162.932
162.957
162.983
163.009
163.034
163.06
163.086
163.112
163.137
163.163
163.189
163.214
163.24
163.266
163.291
163.317
163.343
163.368
163.394
163.42
163.445
163.471
163.497
163.523
163.548
163.574
163.6
163.625
163.651
163.677
163.702
163.728
163.754
163.779
163.805
163.831
163.857
163.882
163.908
163.934
163.959
163.985
164.011
164.036
164.062
164.088
164.113
164.139
164.165
164.19
164.216
164.242
164.268
164.293
164.319
164.345
164.37
164.396
164.422
164.448
164.473
164.499
164.525
164.55
164.576
164.602
164.628
164.653
164.679
164.705
164.73
164.756
164.782
164.807
164.833
164.859
164.885
164.91
164.936
164.962
164.987
165.013
165.039
165.065
165.09
165.116
165.142
165.167
165.193
165.219
165.244
165.27
165.296
165.321
165.347
165.373
165.398
165.424
165.45
165.476
165.501
165.527
165.553
165.578
165.604
165.63
165.655
165.681
165.707
165.733
165.758
165.784
165.81
165.835
165.861
165.887
165.912
165.938
165.964
165.99
166.015
166.041
166.067
166.092
166.118
166.144
166.17
166.195
166.221
166.247
166.272
166.298
166.324
166.349
166.375
166.401
166.426
166.452
166.478
166.504
166.529
166.555
166.581
166.606
166.632
166.658
166.683
166.709
166.735
166.76
166.786
166.812
166.838
166.863
166.889
166.915
166.94
166.966
166.992
167.017
167.043
167.069
167.094
167.12
167.146
167.171
167.197
167.223
167.249
167.274
167.3
167.326
167.351
167.377
167.402
167.428
167.454
167.479
167.505
167.531
167.556
167.582
167.608
167.633
167.659
167.685
167.711
167.736
167.762
167.788
167.813
167.839
167.865
167.89
167.916
167.942
167.967
167.993
168.019
168.044
168.07
168.096
168.121
168.147
168.173
168.198
168.224
168.25
168.276
168.301
168.327
168.353
168.378
168.404
168.43
168.455
168.481
168.507
168.532
168.558
168.584
168.609
168.635
168.661
168.687
168.712
168.738
168.764
168.789
168.815
168.841
168.866
168.892
168.918
168.943
168.969
168.995
169.02
169.046
169.072
169.098
169.123
169.149
169.175
169.2
169.226
169.252
169.277
169.303
169.329
169.354
169.38
169.406
169.432
169.457
169.483
169.509
169.534
169.56
169.586
169.611
169.637
169.663
169.689
169.714
169.74
169.766
169.791
169.817
169.843
169.869
169.894
169.92
169.946
169.971
169.997
170.023
170.048
170.074
170.1
170.125
170.151
170.177
170.202
170.228
170.254
170.279
170.305
170.331
170.356
170.382
170.408
170.433
170.459
170.485
170.511
170.536
170.562
170.588
170.613
170.639
170.665
170.69
170.716
170.742
170.768
170.793
170.819
170.845
170.87
170.896
170.922
170.947
170.973
170.999
171.024
171.05
171.076
171.102
171.127
171.153
171.179
171.205
171.23
171.256
171.282
171.307
171.333
171.359
171.384
171.41
171.436
171.461
171.487
171.513
171.538
171.564
171.59
171.615
171.641
171.667
171.692
171.718
171.744
171.77
171.795
171.821
171.847
171.872
171.898
171.924
171.95
171.975
172.001
172.027
172.052
172.078
172.104
172.129
172.155
172.181
172.207
172.232
172.258
172.284
172.309
172.335
172.361
172.386
172.412
172.438
172.463
172.489
172.515
172.566
172.591
172.617
172.643
172.668
172.694
172.72
172.745
172.771
172.797
172.822
172.848
172.874
172.9
172.925
172.951
172.977
173.002
173.028
173.054
173.079
173.105
173.131
173.157
173.182
173.208
173.234
173.259
173.285
173.311
173.336
173.362
173.388
173.414
173.439
173.465
173.491
173.516
173.542
173.568
173.593
173.619
173.645
173.671
173.696
173.722
173.748
173.773
173.799
173.825
173.85
173.876
173.902
173.927
173.953
173.979
174.004
174.03
174.056
174.082
174.107
174.133
174.159
174.184
174.21
174.236
174.261
174.287
174.313
174.339
174.364
174.39
174.416
174.442
174.467
174.493
174.519
174.544
174.57
174.596
174.621
174.647
174.673
174.698
174.724
174.75
174.776
174.801
174.827
174.853
174.878
174.904
174.93
174.956
174.981
175.007
175.033
175.058
175.084
175.11
175.135
175.161
175.187
175.213
175.238
175.264
175.29
175.315
175.341
175.367
175.392
175.418
175.444
175.469
175.495
175.521
175.547
175.572
175.598
175.624
175.649
175.675
175.701
175.726
175.752
175.778
175.804
175.829
175.855
175.881
175.906
175.932
175.958
175.983
176.009
176.035
176.061
176.086
176.112
176.138
176.163
176.189
176.215
176.241
176.266
176.292
176.318
176.343
176.369
176.395
176.42
176.446
176.472
176.497
176.523
176.549
176.575
176.6
176.626
176.652
176.677
176.703
176.729
176.755
176.78
176.806
176.832
176.857
176.883
176.909
176.934
176.96
176.986
177.012
177.037
177.063
177.089
177.114
177.14
177.166
177.191
177.217
177.243
177.268
177.294
177.32
177.346
177.371
177.397
177.423
177.448
177.474
177.5
177.525
177.551
177.577
177.603
177.628
177.654
177.68
177.705
177.731
177.757
177.782
177.808
177.834
177.86
177.885
177.911
177.937
177.962
177.988
178.014
178.039
178.065
178.091
178.116
178.142
178.168
178.193
178.219
178.245
178.27
178.296
178.322
178.347
178.373
178.399
178.424
178.45
178.476
178.501
178.527
178.553
178.578
178.604
178.63
178.655
178.681
178.707
178.733
178.758
178.784
178.81
178.835
178.861
178.887
178.912
178.938
178.964
178.99
179.015
179.041
179.067
179.092
179.118
179.144
179.17
179.195
179.221
179.247
179.272
179.298
179.324
179.349
179.375
179.401
179.427
179.452
179.478
179.504
179.529
179.555
179.581
179.606
179.632
179.658
179.683
179.709
179.735
179.76
179.786
179.812
179.838
179.863
179.889
179.915
179.94
179.966
179.992
180.018
180.043
180.069
180.095
180.12
180.146
180.172
180.198
180.223
180.249
180.275
180.3
180.326
180.352
180.377
180.403
180.429
180.454
180.48
180.506
180.531
180.557
180.583
180.609
180.634
180.66
180.686
180.711
180.737
180.763
180.789
180.814
180.84
180.866
180.891
180.917
180.943
180.968
180.994
181.02
181.045
181.071
181.097
181.123
181.148
181.174
181.2
181.225
181.251
181.277
181.302
181.328
181.354
181.38
181.405
181.431
181.457
181.482
181.508
181.534
181.559
181.585
181.611
181.636
181.662
181.688
181.713
181.739
181.765
181.791
181.816
181.842
181.868
181.893
181.919
181.945
181.971
181.996
182.022
182.048
182.073
182.099
182.125
182.15
182.176
182.202
182.228
182.253
182.279
182.305
182.33
182.356
182.382
182.407
182.433
182.459
182.484
182.51
182.536
182.562
182.587
182.613
182.639
182.664
182.69
182.716
182.741
182.767
182.793
182.819
182.844
182.87
182.896
182.921
182.947
182.973
182.999
183.024
183.05
183.076
183.101
183.127
183.153
183.179
183.204
183.23
183.256
183.281
183.307
183.333
183.359
183.384
183.41
183.436
183.461
183.487
183.513
183.539
183.564
183.59
183.616
183.641
183.667
183.693
183.718
183.744
183.77
183.796
183.821
183.847
183.873
183.898
183.924
183.95
183.976
184.001
184.027
184.053
184.078
184.104
184.13
184.155
184.181
184.207
184.233
184.258
184.284
184.31
184.335
184.361
184.387
184.413
184.438
184.464
184.49
184.515
184.541
184.567
184.592
184.618
184.644
184.669
184.695
184.721
184.746
184.772
184.798
184.824
184.849
184.875
184.901
184.926
184.952
184.978
185.003
185.029
185.055
185.081
185.106
185.132
185.158
185.183
185.209
185.235
185.26
185.286
185.312
185.337
185.363
185.389
185.415
185.44
185.466
185.492
185.517
185.543
185.569
185.595
185.62
185.646
185.672
185.697
185.723
185.749
185.775
185.8
185.826
185.852
185.877
185.903
185.929
185.954
185.98
186.006
186.031
186.057
186.083
186.109
186.134
186.16
186.186
186.211
186.237
186.263
186.289
186.314
186.34
186.366
186.391
186.417
186.443
186.468
186.494
186.52
186.546
186.571
186.597
186.623
186.648
186.674
186.7
186.725
186.751
186.777
186.802
186.828
186.854
186.879
186.905
186.931
186.956
186.982
187.008
187.033
187.059
187.085
187.111
187.136
187.162
187.188
187.213
187.239
187.265
187.29
187.316
187.342
187.368
187.393
187.419
187.445
187.47
187.496
187.522
187.547
187.573
187.599
187.624
187.65
187.676
187.702
187.727
187.753
187.779
187.804
187.83
187.856
187.881
187.907
187.933
187.958
187.984
188.01
188.036
188.061
188.087
188.113
188.138
188.164
188.19
188.215
188.241
188.267
188.292
188.318
188.344
188.37
188.395
188.421
188.447
188.472
188.498
188.524
188.549
188.575
188.601
188.626
188.652
188.678
188.703
188.729
188.755
188.78
188.806
188.832
188.857
188.883
188.909
188.934
188.96
188.986
189.011
189.037
189.063
189.088
189.114
189.14
189.165
189.191
189.217
189.242
189.268
189.294
189.319
189.345
189.371
189.396
189.422
189.448
189.473
189.499
189.525
189.55
189.576
189.602
189.628
189.653
189.679
189.705
189.73
189.756
189.782
189.807
189.833
189.859
189.884
189.91
189.936
189.961
189.987
190.013
190.038
190.064
190.09
190.115
190.141
190.167
190.192
190.218
190.244
190.269
190.295
190.321
190.346
190.372
190.398
190.424
190.449
190.482
190.507
190.533
190.559
190.584
190.61
190.636
190.661
190.687
190.713
190.738
190.764
190.79
190.815
190.841
190.867
190.892
190.918
190.944
190.97
190.995
191.021
191.047
191.072
191.098
191.123
191.149
191.175
191.201
191.226
191.252
191.278
191.303
191.329
191.355
191.38
191.406
191.432
191.457
191.483
191.509
191.534
191.56
191.586
191.611
191.637
191.663
191.688
191.714
191.74
191.766
191.791
191.817
191.843
191.868
191.894
191.92
191.945
191.971
191.997
192.022
192.048
192.074
192.099
192.125
192.151
192.176
192.202
192.228
192.254
192.279
192.305
192.331
192.356
192.382
192.408
192.433
192.459
192.485
192.51
192.536
192.562
192.587
192.613
192.639
192.665
192.69
192.716
192.742
192.767
192.793
192.819
192.844
192.87
192.896
192.922
192.947
192.973
192.999
193.024
193.05
193.076
193.101
193.127
193.153
193.178
193.204
193.23
193.255
193.281
193.307
193.332
193.358
193.384
193.41
193.435
193.461
193.487
193.512
193.538
193.564
193.589
193.615
193.641
193.666
193.692
193.718
193.744
193.769
193.795
193.821
193.846
193.872
193.898
193.923
193.949
193.975
194
194.026
194.052
194.077
194.103
194.129
194.154
194.18
194.206
194.231
194.257
194.283
194.309
194.334
194.36
194.386
194.411
194.437
194.463
194.488
194.514
194.54
194.565
194.591
194.617
194.643
194.668
194.694
194.72
194.745
194.771
194.797
194.822
194.848
194.874
194.899
194.925
194.951
194.977
195.002
195.028
195.054
195.079
195.105
195.131
195.157
195.182
195.208
195.234
195.259
195.285
195.311
195.336
195.362
195.388
195.413
195.439
195.465
195.491
195.516
195.542
195.568
195.593
195.619
195.645
195.67
195.696
195.722
195.747
195.773
195.799
195.825
195.85
195.876
195.902
195.927
195.953
195.979
196.005
196.03
196.056
196.082
196.107
196.133
196.159
196.185
196.21
196.236
196.262
196.287
196.313
196.339
196.365
196.39
196.416
196.442
196.467
196.493
196.519
196.544
196.57
196.596
196.622
196.647
196.673
196.699
196.724
196.75
196.776
196.801
196.827
196.853
196.879
196.904
196.93
196.956
196.981
197.007
197.033
197.059
197.084
197.11
197.136
197.162
197.187
197.213
197.239
197.264
197.29
197.316
197.341
197.367
197.393
197.419
197.444
197.47
197.496
197.521
197.547
197.573
197.598
197.624
197.65
197.675
197.701
197.727
197.752
197.778
197.804
197.83
197.855
197.881
197.907
197.932
197.958
197.984
198.01
198.035
198.061
198.087
198.112
198.138
198.164
198.189
198.215
198.241
198.266
198.292
198.318
198.344
198.369
198.395
198.421
198.446
198.472
198.498
198.523
198.549
198.575
198.6
198.626
198.652
198.678
198.703
198.729
198.755
198.78
198.806
198.832
198.857
198.883
198.909
198.934
198.96
198.986
199.011
199.037
199.063
199.088
199.114
199.139
199.165
199.191
199.216
199.242
199.268
199.293
199.319
199.345
199.37
199.396
199.422
199.447
199.473
199.499
199.524
199.55
199.576
199.601
199.627
199.653
199.678
199.704
199.73
199.755
199.781
199.807
199.832
199.858
199.884
199.909
199.935
199.961
199.986
200.012
200.038
200.063
200.089
200.115
200.14
200.166
200.192
200.217
200.243
200.269
200.294
200.32
200.346
200.371
200.397
200.423
200.448
200.474
200.5
200.525
200.551
200.577
200.602
200.628
200.654
200.679
200.705
200.731
200.756
200.782
200.808
200.833
200.859
200.885
200.91
200.936
200.962
200.987
201.013
201.039
201.064
201.09
201.116
201.141
201.167
201.193
201.218
201.244
201.27
201.295
201.321
201.346
201.372
201.398
201.423
201.449
201.475
201.5
201.526
201.551
201.577
201.603
201.628
201.654
201.68
201.705
201.731
201.757
201.782
201.808
201.833
201.859
201.885
201.91
201.936
201.962
201.987
202.013
202.039
202.064
202.09
202.116
202.141
202.167
202.193
202.218
202.244
202.27
202.295
202.321
202.346
202.372
202.398
202.423
202.449
202.475
202.5
202.526
202.552
202.577
202.603
202.629
202.654
202.68
202.706
202.731
202.757
202.783
202.808
202.834
202.86
202.885
202.911
202.937
202.962
202.988
203.014
203.039
203.065
203.091
203.116
203.142
203.167
203.193
203.219
203.244
203.27
203.296
203.321
203.347
203.373
203.398
203.424
203.449
203.475
203.501
203.526
203.552
203.578
203.603
203.629
203.654
203.68
203.706
203.731
203.757
203.783
203.808
203.834
203.859
203.885
203.911
203.936
203.962
203.987
204.013
204.039
204.064
204.09
204.115
204.141
204.166
204.192
204.218
204.243
204.269
204.294
204.32
204.345
204.371
204.396
204.422
204.447
204.473
204.498
204.524
204.549
204.575
204.6
204.626
204.651
204.677
204.702
204.728
204.753
204.779
204.804
204.83
204.855
204.881
204.906
204.932
204.957
204.983
205.008
205.034
205.059
205.085
205.11
205.136
205.161
205.187
205.212
205.238
205.263
205.289
205.314
205.34
205.365
205.391
205.416
205.442
205.467
205.493
205.518
205.544
205.569
205.595
205.62
205.646
205.671
205.696
205.722
205.747
205.773
205.811
205.837
205.862
205.888
205.913
205.939
205.964
205.99
206.015
206.04
206.066
206.091
206.117
206.142
206.168
206.193
206.218
206.244
206.269
206.295
206.32
206.345
206.371
206.396
206.422
206.447
206.472
206.498
206.523
206.548
206.574
206.599
206.625
206.65
206.675
206.701
206.726
206.752
206.777
206.802
206.828
206.853
206.878
206.904
206.929
206.955
206.98
207.005
207.031
207.056
207.081
207.107
207.132
207.157
207.183
207.208
207.233
207.259
207.285
207.31
207.335
207.361
207.386
207.411
207.437
207.462
207.487
207.512
207.538
207.563
207.588
207.613
207.639
207.664
207.689
207.714
207.74
207.765
207.79
207.815
207.841
207.866
207.891
207.916
207.941
207.967
207.992
208.017
208.042
208.068
208.093
208.118
208.143
208.169
208.194
208.219
