0.201428
0.402966
0.603654
0.804246
1.00479
1.2054
1.40598
1.60662
1.80717
2.00769
2.20819
2.40872
2.60928
2.80983
3.01034
3.21076
3.41127
3.61186
3.81244
4.01301
4.21348
4.41395
4.61449
4.81504
5.01559
5.21612
5.41654
5.617
5.81747
6.01795
6.21849
6.41898
6.61953
6.82006
7.02052
7.22102
7.4215
7.62204
7.82252
8.02299
8.22356
8.4241
8.62454
8.82497
9.0254
9.22584
9.42635
9.62677
9.8273
10.0278
10.2283
10.4289
10.6293
10.8299
11.0304
11.2308
11.4313
11.6318
11.8322
12.0327
12.2333
12.4338
12.6342
12.8347
13.0352
13.2357
13.4362
13.6367
13.8372
14.0377
14.2382
14.4387
14.6391
14.8396
15.0401
15.2406
15.441
15.6414
15.8419
16.0424
16.2429
16.4434
16.6439
16.8444
17.0449
17.2453
17.4458
17.6462
17.8467
18.0471
18.2476
18.4481
18.6487
18.8493
19.0498
19.2504
19.4509
19.6514
19.852
20.0525
20.253
20.4535
20.654
20.8546
21.0551
21.2556
21.4562
21.6567
21.8571
22.0576
22.2581
22.4586
22.6591
22.8597
23.0602
23.2607
23.4612
23.6618
23.8622
24.0627
24.2632
24.4636
24.6641
24.8647
25.0652
25.2656
25.466
25.6665
25.867
26.0675
26.2679
26.4684
26.6689
26.8694
27.0699
27.2704
27.4708
27.6713
27.8718
28.0723
28.2729
28.4733
28.6738
28.8742
29.0747
29.2752
29.4757
29.6762
29.8766
30.0771
30.2776
30.478
30.6785
30.879
31.0794
31.2799
31.4803
31.6809
31.8814
32.0819
32.2824
32.4829
32.6833
32.8838
33.0842
33.2847
33.4851
33.6856
33.886
34.0865
34.287
34.4875
34.688
34.8885
35.0889
35.2894
35.49
35.6905
35.8909
36.0914
36.2919
36.4923
36.6929
36.8934
37.0939
37.2944
37.4948
37.6953
37.8958
38.0963
38.2968
38.4972
38.6976
38.8982
39.0987
39.2992
39.4997
39.7001
39.9006
40.101
40.3015
40.5019
40.7024
40.9029
41.1033
41.3037
41.5042
41.7046
41.9051
42.1055
42.3059
42.5064
42.7069
42.9074
43.1079
43.3084
43.5088
43.7093
43.9098
44.1102
44.3107
44.5112
44.7117
44.9122
45.1127
45.3131
45.5136
45.7141
45.9145
46.115
46.3154
46.5159
46.7164
46.9168
47.1172
47.3177
47.5181
47.7185
47.919
48.1194
48.32
48.5204
48.7209
48.9214
49.1219
49.3224
49.523
49.7235
49.924
50.1245
50.3249
50.5254
50.7259
50.9264
51.1269
51.3274
51.5278
51.7283
51.9287
52.1292
52.3297
52.5302
52.7307
52.9312
53.1317
53.3321
53.5326
53.7331
53.9336
54.1341
54.3346
54.5351
54.7356
54.9361
55.1366
55.3371
55.5376
55.7381
55.9386
56.139
56.3394
56.5398
56.7403
56.9407
57.1411
57.3416
57.5421
57.7425
57.9429
58.1434
58.3439
58.5444
58.7448
58.9453
59.1457
59.3461
59.5466
59.7471
59.9475
60.148
60.3558
60.5563
60.7567
60.9573
61.1577
61.3581
61.5586
61.7591
61.9596
62.1601
62.3606
62.5611
62.7617
62.9622
63.1627
63.3632
63.5637
63.7642
63.9647
64.1652
64.3657
64.5662
64.7667
64.9673
65.1678
65.3684
65.5689
65.7694
65.9699
66.1705
66.3709
66.5715
66.772
66.9725
67.173
67.3735
67.574
67.7746
67.9751
68.1757
68.3762
68.5767
68.7772
68.9778
69.1783
69.3788
69.5793
69.7798
69.9803
70.1808
70.3813
70.5819
70.7824
70.9829
71.1834
71.3839
71.5844
71.785
71.9856
72.186
72.3865
72.587
72.7875
72.988
73.1885
73.3891
73.5896
73.79
73.9905
74.2111
74.4116
74.6121
74.8127
75.0132
75.2137
75.4142
75.6147
75.8152
76.0157
76.2162
76.4167
76.6172
76.8178
77.0183
77.2189
77.4195
77.6201
77.8209
78.0213
78.2218
78.4223
78.6228
78.8234
79.0239
79.2245
79.425
79.6256
79.8261
80.0326
80.2332
80.4337
80.6343
80.8349
81.0354
81.236
81.4366
81.6371
81.8377
82.0382
82.2386
82.4392
82.6397
82.8403
83.0408
83.2414
83.4419
83.6424
83.8429
84.0433
84.2438
84.4444
84.6449
84.8454
85.046
85.2465
85.447
85.6475
85.848
86.0485
86.249
86.4494
86.65
86.8505
87.051
87.2514
87.4519
87.6525
87.853
88.0535
88.254
88.4545
88.6551
88.8556
89.0561
89.2567
89.4572
89.6577
89.8581
90.0586
90.2591
90.4596
90.6602
90.8607
91.0612
91.2617
91.4622
91.6628
91.8634
92.0639
92.2644
92.4649
92.6655
92.8659
93.0664
93.2669
93.4674
93.6679
93.8683
94.0687
94.2692
94.4696
94.6701
94.8707
95.0711
95.2716
95.4721
95.6726
95.8731
96.0737
96.2742
96.4746
96.6752
96.8756
97.0761
97.2766
97.477
97.6775
97.8779
98.0784
98.2788
98.4793
98.6799
98.8804
99.0808
99.2814
99.4819
99.6823
99.8828
100.083
100.284
100.484
100.685
100.885
101.086
101.286
101.487
101.687
101.888
102.088
102.289
102.489
102.69
102.89
103.091
103.291
103.492
103.692
103.893
104.093
104.294
104.494
104.695
104.895
105.095
105.296
105.496
105.697
105.897
106.098
106.298
106.499
106.699
106.909
107.11
107.31
107.511
107.711
107.912
108.112
108.313
108.513
108.714
108.914
109.114
109.315
109.515
109.716
109.916
110.117
110.317
110.518
110.718
110.919
111.119
111.32
111.52
111.72
111.921
112.121
112.322
112.522
112.723
112.923
113.124
113.324
113.524
113.725
113.925
114.126
114.326
114.527
114.727
114.928
115.128
115.329
115.529
115.729
115.93
116.13
116.331
116.531
116.732
116.932
117.133
117.333
117.534
117.734
117.935
118.135
118.336
118.536
118.737
118.937
119.138
119.338
119.539
119.739
119.939
120.14
120.34
120.541
120.741
120.942
121.142
121.343
121.543
121.744
121.944
122.144
122.345
122.545
122.746
122.946
123.147
123.347
123.547
123.748
123.948
124.149
124.349
124.55
124.75
124.951
125.151
125.352
125.552
125.76
125.96
126.16
126.361
126.561
126.762
126.962
127.163
127.363
127.564
127.764
127.964
128.165
128.365
128.566
128.766
128.967
129.167
129.368
129.568
129.769
129.969
130.169
130.37
130.57
130.771
130.971
131.172
131.372
131.573
131.773
131.974
132.174
132.375
132.575
132.775
132.976
133.176
133.377
133.577
133.778
133.978
134.179
134.379
134.58
134.78
134.981
135.181
135.381
135.582
135.782
135.983
136.183
136.384
136.584
136.784
136.985
137.185
137.386
137.586
137.787
137.987
138.188
138.388
138.589
138.789
138.989
139.19
139.39
139.591
139.791
139.992
140.192
140.392
140.593
140.793
140.994
141.194
141.395
141.595
141.796
141.996
142.196
142.397
142.597
142.798
142.998
143.199
143.399
143.6
143.8
144.001
144.201
144.402
144.602
144.802
145.003
145.203
145.404
145.604
145.805
146.005
146.206
146.406
146.606
146.807
147.007
147.208
147.408
147.609
147.809
148.01
148.21
148.41
148.611
148.811
149.012
149.212
149.412
149.613
149.813
150.014
150.214
150.415
150.615
150.815
151.016
151.216
151.417
151.617
151.818
152.018
152.219
152.419
152.62
152.82
153.021
153.221
153.421
153.622
153.822
154.023
154.223
154.424
154.624
154.825
155.025
155.226
155.426
155.627
155.827
156.028
156.228
156.429
156.629
156.83
157.03
157.231
157.431
157.632
157.832
158.033
158.233
158.433
158.634
158.834
159.035
159.235
159.436
159.636
159.837
160.037
160.238
160.438
160.639
160.839
161.039
161.24
161.44
161.641
161.841
162.042
162.242
162.443
162.643
162.843
163.044
163.244
163.445
163.645
163.845
164.046
164.246
164.447
164.647
164.848
165.048
165.248
165.449
165.649
165.85
166.05
166.251
166.451
166.652
166.852
167.052
167.253
167.453
167.654
167.854
168.055
168.255
168.455
168.656
168.856
169.057
169.257
169.458
169.658
169.859
170.059
170.26
170.46
170.661
170.861
171.061
171.262
171.462
171.663
171.863
172.064
172.264
172.465
172.665
172.866
173.066
173.266
173.467
173.667
173.868
174.068
174.269
174.469
174.67
174.87
175.071
175.271
175.472
175.672
175.872
176.073
176.273
176.474
176.674
176.875
177.075
177.276
177.476
177.677
177.877
178.078
178.278
178.498
178.698
178.898
179.099
179.299
179.5
179.7
179.901
180.101
180.302
180.502
180.702
180.903
181.103
181.304
181.504
181.705
181.912
182.113
182.313
182.514
182.714
182.914
183.115
183.315
183.516
183.716
183.917
184.117
184.318
184.518
184.719
184.919
185.119
185.32
185.52
185.721
185.921
186.122
186.322
186.523
186.723
186.923
187.124
187.324
187.525
187.725
187.926
188.126
188.327
188.527
188.728
188.928
189.129
189.329
189.53
189.73
189.931
190.131
190.332
190.532
190.756
190.957
191.157
191.358
191.558
191.759
191.959
192.16
192.36
192.561
192.761
192.962
193.162
193.363
193.563
193.764
193.964
194.165
194.365
194.566
194.766
194.967
195.188
195.388
195.589
195.789
195.99
196.19
196.391
196.591
196.792
196.992
197.193
197.393
197.594
197.794
197.995
198.195
198.395
198.596
198.796
198.997
199.197
199.397
199.598
199.798
199.999
200.199
200.411
200.612
200.812
201.013
201.213
201.414
201.614
201.815
202.015
202.216
202.416
202.616
202.817
203.017
203.218
203.418
203.619
203.819
204.019
204.22
204.42
204.621
204.821
205.022
205.222
205.423
205.623
205.824
206.024
206.224
206.425
206.625
206.826
207.026
207.227
207.427
207.628
207.839
208.039
208.24
208.44
208.641
208.841
209.041
209.242
209.442
209.643
209.843
210.044
210.244
210.445
210.645
210.846
211.046
211.247
211.447
211.648
211.848
212.049
212.249
212.45
212.65
212.85
213.051
213.251
213.452
213.652
213.853
214.07
214.27
214.471
214.671
214.872
215.072
215.273
215.473
215.674
215.874
216.075
216.289
216.489
216.69
216.89
217.091
217.291
217.492
217.692
217.892
218.093
218.293
218.494
218.694
218.895
219.095
219.296
219.496
219.697
219.897
220.097
220.305
220.505
220.705
220.906
221.106
221.311
221.511
221.711
221.912
222.112
222.313
222.513
222.714
222.914
223.115
223.315
223.516
223.716
223.917
224.117
224.318
224.518
224.719
224.919
225.12
225.32
225.521
225.721
225.921
226.122
226.322
226.523
226.723
226.924
227.124
227.324
227.525
227.725
227.926
228.126
228.327
228.527
228.727
228.928
229.128
229.329
229.529
229.73
229.93
230.131
230.331
230.531
230.732
230.932
231.133
231.333
231.534
231.734
231.935
232.135
232.336
232.536
232.736
232.937
233.137
233.338
233.538
233.739
233.939
234.14
234.34
234.541
234.743
234.943
235.144
235.344
235.545
235.745
235.946
236.146
236.347
236.547
236.748
236.948
237.148
237.349
237.549
237.75
237.95
238.151
238.351
238.552
238.752
238.953
239.153
239.354
239.554
239.755
239.955
240.155
240.356
240.556
240.757
240.957
241.158
241.358
241.559
241.759
241.959
242.16
242.36
242.561
242.761
242.962
243.162
243.362
243.563
243.763
243.964
244.164
244.365
244.565
244.766
244.966
245.166
245.367
245.567
245.768
245.968
246.169
246.369
246.57
246.77
246.971
247.171
247.371
247.572
247.772
247.973
248.173
248.374
248.574
248.774
248.975
249.175
249.376
249.576
249.777
249.977
250.178
250.378
250.578
250.779
250.979
251.18
251.38
251.581
251.781
251.982
252.182
252.382
252.583
252.783
252.984
253.184
253.385
253.585
253.786
253.986
254.187
254.387
254.588
254.788
254.989
255.189
255.389
255.59
255.79
255.991
256.191
256.392
256.592
256.793
256.993
257.194
257.394
257.595
257.795
257.996
258.196
258.397
258.597
258.797
258.998
259.198
259.399
259.599
259.8
260
260.201
260.401
260.602
260.802
261.002
261.203
261.403
261.604
261.804
262.005
262.205
262.406
262.606
262.807
263.007
263.208
263.408
263.609
263.809
264.01
264.21
264.429
264.63
264.83
265.03
265.231
265.431
265.632
265.832
266.033
266.233
266.433
266.634
266.834
267.035
267.235
267.436
267.636
267.836
268.037
268.237
268.438
268.638
268.839
269.039
269.24
269.44
269.641
269.841
270.042
270.242
270.442
270.643
270.843
271.044
271.244
271.445
271.645
271.845
272.046
272.246
272.447
272.647
272.848
273.048
273.249
273.449
273.65
273.85
274.05
274.251
274.451
274.652
274.852
275.053
275.253
275.453
275.654
275.854
276.055
276.255
276.456
276.656
276.856
277.057
277.257
277.458
277.658
277.859
278.059
278.259
278.46
278.66
278.861
279.061
279.262
279.462
279.663
279.863
280.063
280.264
280.464
280.665
280.865
281.066
281.266
281.466
281.667
281.867
282.068
282.268
282.469
282.669
282.87
283.07
283.27
283.471
283.671
283.872
284.072
284.273
284.473
284.674
284.874
285.074
285.275
285.475
285.676
285.876
286.077
286.277
286.478
286.678
286.879
287.079
287.279
287.48
287.68
287.881
288.081
288.282
288.482
288.683
288.883
289.084
289.284
289.485
289.685
289.885
290.086
290.286
290.487
290.687
290.888
291.088
291.288
291.489
291.689
291.89
292.09
292.291
292.491
292.692
292.892
293.093
293.293
293.494
293.694
293.895
294.095
294.296
294.496
294.696
294.918
295.118
295.319
295.519
295.72
295.92
296.121
296.321
296.521
296.743
296.943
297.144
297.344
297.545
297.745
297.946
298.146
298.346
298.547
298.747
298.948
299.148
299.348
299.549
299.749
299.95
300.15
300.351
300.551
300.752
300.966
301.183
301.384
301.584
301.785
301.985
302.186
302.386
302.587
302.787
302.987
303.188
303.388
303.589
303.789
303.99
304.19
304.391
304.591
304.792
304.992
305.193
305.393
305.593
305.794
305.994
306.195
306.395
306.596
306.796
306.996
307.197
307.397
307.598
307.798
307.999
308.199
308.4
308.6
308.801
309.001
309.202
309.402
309.603
309.803
310.004
310.204
310.404
310.605
310.805
311.006
311.206
311.407
311.607
311.808
312.008
312.209
312.409
312.61
312.81
313.01
313.211
313.411
313.612
313.812
314.013
314.213
314.414
314.614
314.815
315.015
315.216
315.416
315.617
315.817
316.018
316.218
316.419
316.619
316.819
317.02
317.22
317.421
317.621
317.822
318.022
318.223
318.423
318.624
318.824
319.025
319.225
319.426
319.626
319.826
320.027
320.227
320.428
320.628
320.829
321.029
321.23
321.43
321.631
321.831
322.031
322.232
322.432
322.633
322.833
323.034
323.234
323.435
323.635
323.836
324.036
324.237
324.437
324.637
324.838
325.038
325.239
325.439
325.64
325.84
326.041
326.241
326.442
326.642
326.843
327.043
327.243
327.444
327.644
327.845
328.045
328.246
328.446
328.647
328.847
329.047
329.248
329.448
329.649
329.849
330.05
330.25
330.45
330.651
330.851
331.052
331.252
331.453
331.653
331.854
332.054
332.255
332.455
332.656
332.856
333.057
333.257
333.457
333.658
333.858
334.059
334.259
334.46
334.66
334.861
335.061
335.262
335.462
335.663
335.863
336.064
336.264
336.465
336.665
336.866
337.066
337.267
337.467
337.667
337.868
338.068
338.269
338.469
338.67
338.87
339.071
339.271
339.472
339.672
339.873
340.073
340.274
340.474
340.675
340.875
341.075
341.276
341.476
341.677
341.877
342.078
342.278
342.479
342.679
342.88
343.08
343.281
343.481
343.682
343.882
344.083
344.283
344.483
344.684
344.884
345.085
345.285
345.486
345.686
345.887
346.087
346.288
346.488
346.689
346.889
347.09
347.29
347.49
347.691
347.891
348.092
348.292
348.493
348.693
348.894
349.094
349.295
349.495
349.695
349.896
350.096
350.297
350.497
350.698
350.898
351.099
351.299
351.499
351.7
351.9
352.101
352.301
352.502
352.702
352.903
353.103
353.304
353.504
353.704
353.905
354.105
354.306
354.506
354.707
354.907
355.108
355.308
355.509
355.709
355.909
356.11
356.31
356.511
356.711
356.917
357.117
357.318
357.518
357.719
357.919
358.12
358.32
358.52
358.721
358.921
359.122
359.322
359.523
359.723
359.924
360.124
360.325
360.525
360.726
360.926
361.127
361.335
361.535
361.736
361.936
362.137
362.337
362.537
362.738
362.938
363.139
363.339
363.54
363.74
363.941
364.141
364.341
364.542
364.784
364.984
365.185
365.385
365.586
365.786
365.987
366.187
366.387
366.588
366.797
366.998
367.198
367.399
367.599
367.8
368
368.2
368.401
368.601
368.802
369.002
369.203
369.403
369.604
369.804
370.005
370.205
370.405
370.606
370.806
371.007
371.207
371.408
371.608
371.809
372.009
372.21
372.41
372.639
372.84
373.04
373.241
373.441
373.642
373.842
374.043
374.243
374.443
374.644
374.844
375.045
375.245
375.445
375.646
375.846
376.047
376.247
376.447
376.648
376.852
377.052
377.253
377.453
377.654
377.854
378.054
378.255
378.455
378.656
378.856
379.056
379.257
379.457
379.658
379.858
380.059
380.259
380.459
380.66
380.86
381.061
381.261
381.462
381.662
381.863
382.081
382.281
382.482
382.682
382.883
383.083
383.284
383.484
383.685
383.885
384.086
384.286
384.487
384.687
384.887
385.088
385.288
385.489
385.689
385.89
386.09
386.29
386.491
386.691
386.892
387.092
387.293
387.493
387.694
387.894
388.094
388.295
388.495
388.696
388.896
389.097
389.297
389.498
389.698
389.898
390.099
390.299
390.5
390.7
390.93
391.13
391.331
391.531
391.732
391.932
392.133
392.333
392.533
392.734
392.934
393.135
393.335
393.536
393.736
393.937
394.137
394.337
394.538
394.747
394.947
395.148
395.348
395.549
395.749
395.949
396.15
396.35
396.551
396.751
396.952
397.152
397.353
397.553
397.754
397.954
398.154
398.355
398.581
398.782
398.982
399.183
399.383
399.583
399.784
399.984
400.185
400.385
400.586
400.786
400.986
401.187
401.387
401.588
401.788
401.989
402.189
402.389
402.59
402.79
402.991
403.191
403.392
403.592
403.793
403.993
404.194
404.394
404.595
404.795
404.995
405.196
405.396
405.597
405.797
405.998
406.198
406.399
406.599
406.8
407
407.2
407.401
407.601
407.802
408.002
408.203
408.403
408.604
408.804
409.004
409.205
409.405
409.606
409.806
410.007
410.207
410.408
410.608
410.808
411.009
411.209
411.41
411.61
411.811
412.011
412.211
412.412
412.612
412.813
413.013
413.214
413.414
413.614
413.815
414.015
414.216
414.416
414.617
414.817
415.018
415.218
415.419
415.619
415.819
416.02
416.22
416.421
416.621
416.822
417.022
417.222
417.423
417.623
417.824
418.024
418.225
418.425
418.626
418.826
419.027
419.227
419.427
419.628
419.828
420.029
420.229
420.43
420.63
420.831
421.031
421.231
421.432
421.632
421.833
422.033
422.261
422.461
422.662
422.862
423.089
423.29
423.49
423.69
423.891
424.091
424.292
424.492
424.692
424.893
425.093
425.294
425.494
425.695
425.895
426.096
426.296
426.496
426.697
426.897
427.098
427.298
427.498
427.699
427.899
428.1
428.3
428.501
428.701
428.902
429.102
429.303
429.503
429.703
429.904
430.104
430.305
430.505
430.706
430.906
431.107
431.307
431.508
431.708
431.908
432.109
432.309
432.51
432.71
432.911
433.111
433.312
433.512
433.712
433.913
434.135
434.335
434.536
434.736
434.937
435.137
435.338
435.538
435.787
435.987
436.188
436.388
436.595
436.795
436.996
437.196
437.397
437.597
437.797
437.998
438.198
438.402
438.602
438.803
439.003
439.204
439.404
439.604
439.805
440.029
440.229
440.43
440.63
440.831
441.031
441.231
441.432
441.632
441.833
442.033
442.234
442.434
442.635
442.835
443.035
443.236
443.436
443.637
443.837
444.038
444.238
444.462
444.663
444.863
445.063
445.264
445.464
445.665
445.865
446.065
446.266
446.466
446.667
446.885
447.085
447.286
447.486
447.687
447.887
448.088
448.288
448.488
448.689
448.889
449.09
449.29
449.491
449.693
449.896
450.097
450.297
450.498
450.698
450.898
451.099
451.299
451.5
451.7
451.901
452.101
452.302
452.502
452.702
452.903
453.103
453.304
453.504
453.705
453.905
454.105
454.306
454.506
454.707
454.907
455.107
455.308
455.508
455.709
455.909
456.11
456.31
456.511
456.711
456.911
457.112
457.312
457.513
457.713
457.914
458.114
458.314
458.515
458.715
458.916
459.116
459.317
459.517
459.717
459.918
460.118
460.319
460.519
460.72
460.92
461.121
461.321
461.522
461.749
461.949
462.15
462.35
462.551
462.751
462.952
463.152
463.352
463.553
463.753
463.954
464.154
464.355
464.555
464.756
464.956
465.156
465.357
465.557
465.758
465.958
466.159
466.359
466.56
466.76
466.96
467.161
467.361
467.562
467.762
467.963
468.163
468.363
468.564
468.764
468.965
469.165
469.366
469.566
469.766
469.967
470.167
470.368
470.568
470.769
470.969
471.17
471.37
471.595
471.802
472.002
472.203
472.403
472.604
472.804
473.005
473.205
473.406
473.606
473.806
474.007
474.208
474.408
474.608
474.809
475.009
475.236
475.436
475.637
475.837
476.038
476.238
476.439
476.639
476.84
477.04
477.241
477.441
477.641
477.842
478.042
478.243
478.443
478.644
478.844
479.045
479.245
479.445
479.646
479.846
480.047
480.247
480.448
480.648
480.849
481.049
481.249
481.45
481.65
481.851
482.051
482.252
482.452
482.653
482.853
483.053
483.254
483.454
483.655
483.855
484.056
484.256
484.457
484.657
484.858
485.058
485.259
485.459
485.66
485.86
486.06
486.261
486.461
486.662
486.862
487.063
487.263
487.464
487.664
487.865
488.065
488.265
488.466
488.699
488.899
489.1
489.3
489.501
489.701
489.901
490.102
490.302
490.503
490.73
490.93
491.131
491.331
491.532
491.732
491.933
492.133
492.334
492.534
492.735
492.935
493.136
493.336
493.536
493.737
493.937
494.138
494.338
494.539
494.739
494.94
495.14
495.34
495.541
495.741
495.942
496.142
496.343
496.543
496.744
496.944
497.144
497.345
497.545
497.746
497.946
498.147
498.347
498.548
498.748
498.949
499.149
499.349
499.55
499.75
499.951
500.151
500.352
500.552
500.753
500.953
501.154
501.354
501.566
501.766
501.967
502.167
502.368
502.568
502.769
502.969
503.17
503.37
503.571
503.771
503.972
504.172
504.373
504.573
504.773
504.974
505.174
505.375
505.575
505.776
505.976
506.192
506.393
506.593
506.793
506.994
507.194
507.395
507.595
507.796
507.996
508.196
508.397
508.597
508.798
508.998
509.199
509.399
509.6
509.8
510
510.201
510.401
510.602
510.802
511.003
511.203
511.404
511.604
511.804
512.005
512.205
512.406
512.606
512.807
513.007
513.208
513.408
513.608
513.809
514.009
514.21
514.41
514.611
514.811
515.011
515.212
515.412
515.613
515.813
516.014
516.214
516.414
516.615
516.815
517.016
517.216
517.417
517.617
517.818
518.018
518.218
518.442
518.642
518.843
519.043
519.244
519.444
519.666
519.867
520.067
520.267
520.486
520.687
520.887
521.088
521.288
521.488
521.689
521.889
522.09
522.29
522.491
522.691
522.891
523.092
523.292
523.493
523.693
523.894
524.094
524.295
524.495
524.696
524.896
525.096
525.297
525.497
525.698
525.898
526.099
526.299
526.499
526.7
526.9
527.101
527.301
527.502
527.702
527.903
528.103
528.304
528.504
528.704
528.905
529.105
529.306
529.506
529.707
529.907
530.108
530.308
530.509
530.709
530.91
531.11
531.31
531.511
531.711
531.912
532.112
532.313
532.513
532.714
532.914
533.115
533.315
533.516
533.716
533.917
534.117
534.317
534.518
534.718
534.919
535.119
535.32
535.528
535.728
535.928
536.129
536.329
536.53
536.73
536.931
537.131
537.332
537.532
537.732
537.933
538.133
538.334
538.534
538.735
538.935
539.135
539.336
539.536
539.737
539.937
540.138
540.338
540.539
540.739
540.939
541.14
541.34
541.541
541.741
541.942
542.142
542.342
542.543
542.743
542.944
543.144
543.345
543.545
543.746
543.946
544.146
544.347
544.547
544.748
544.948
545.149
545.349
545.55
545.75
545.951
546.151
546.351
546.552
546.752
546.953
547.153
547.354
547.554
547.755
547.955
548.156
548.356
548.557
548.757
548.957
549.158
549.358
549.559
549.759
549.96
550.16
550.361
550.561
550.762
550.962
551.163
551.363
551.564
551.764
551.964
552.165
552.365
552.566
552.766
552.967
553.167
553.368
553.568
553.769
553.969
554.17
554.37
554.57
554.771
554.971
555.191
555.391
555.592
555.792
555.993
556.193
556.394
556.594
556.794
556.995
557.195
557.396
557.596
557.797
557.997
558.198
558.398
558.598
558.799
558.999
559.2
559.4
559.601
559.801
560.006
560.206
560.407
560.607
560.807
561.008
561.208
561.409
561.609
561.81
562.01
562.21
562.411
562.611
562.812
563.012
563.213
563.413
563.614
563.814
564.015
564.215
564.415
564.616
564.816
565.017
565.217
565.434
565.634
565.834
566.035
566.235
566.436
566.682
566.882
567.083
567.283
567.484
567.684
567.884
568.085
568.285
568.486
568.686
568.887
569.087
569.288
569.488
569.688
569.889
570.089
570.29
570.49
570.691
570.891
571.092
571.292
571.493
571.693
571.893
572.094
572.294
572.495
572.695
572.896
573.096
573.297
573.497
573.698
573.898
574.099
574.3
574.5
574.701
574.901
575.102
575.302
575.502
575.703
575.903
576.104
576.304
576.505
576.705
576.906
577.106
577.307
577.507
577.707
577.908
578.108
578.309
578.509
578.71
578.91
579.111
579.311
579.512
579.712
579.913
580.113
580.313
580.514
580.714
580.915
581.115
581.316
581.516
581.717
581.917
582.117
582.318
582.518
582.719
582.919
583.12
583.32
583.521
583.721
583.922
584.122
584.323
584.523
584.723
584.924
585.124
585.325
585.525
585.726
585.926
586.127
586.327
586.528
586.728
586.928
587.129
587.329
587.53
587.73
587.931
588.131
588.332
588.532
588.732
588.933
589.133
589.334
589.534
589.735
589.935
590.136
590.336
590.536
590.737
590.937
591.138
591.338
591.539
591.739
591.94
592.14
592.34
592.541
592.741
592.942
593.142
593.343
593.543
593.744
593.944
594.145
594.345
594.546
594.746
594.946
595.147
595.347
595.548
595.748
595.949
596.149
596.35
596.55
596.751
596.951
597.152
597.352
597.552
597.753
597.953
598.154
598.354
598.555
598.755
598.956
599.156
599.356
599.557
599.757
599.961
600.161
600.362
600.562
600.763
600.963
601.164
601.364
601.565
601.765
601.965
602.166
602.367
602.567
602.767
602.968
603.168
603.369
603.569
603.77
603.97
604.171
604.371
604.572
604.772
604.973
605.173
605.374
605.574
605.775
605.975
606.176
606.376
606.577
606.777
606.977
607.178
607.378
607.579
607.779
607.98
608.18
608.381
608.581
608.782
608.982
609.183
609.383
609.584
609.784
609.984
610.185
610.385
610.586
610.786
610.987
611.187
611.388
611.588
611.789
611.989
612.19
612.39
612.591
612.791
612.991
613.192
613.392
613.593
613.793
613.994
614.194
614.394
614.595
614.795
614.996
615.196
615.397
615.597
615.798
615.998
616.198
616.399
616.599
616.8
617
617.201
617.401
617.602
617.802
618.003
618.203
618.403
618.604
618.804
619.005
619.205
619.406
619.606
619.807
620.007
620.208
620.408
620.609
620.809
621.015
621.216
621.416
621.617
621.817
622.018
622.218
622.419
622.619
622.82
623.02
623.221
623.421
623.622
623.822
624.022
624.223
624.423
624.624
624.824
625.025
625.225
625.426
625.626
625.827
626.027
626.228
626.428
626.629
626.829
627.03
627.23
627.431
627.631
627.831
628.032
628.232
628.433
628.633
628.834
629.034
629.234
629.435
629.635
629.836
630.036
630.237
630.437
630.638
630.838
631.038
631.239
631.439
631.64
631.84
632.041
632.241
632.441
632.642
632.842
633.043
633.243
633.444
633.644
633.845
634.045
634.245
634.446
634.646
634.847
635.047
635.248
635.448
635.648
635.849
636.049
636.25
636.45
636.651
636.851
637.051
637.252
637.452
637.653
637.853
638.053
638.254
638.454
638.655
638.855
639.056
639.256
639.456
639.657
639.857
640.058
640.258
640.459
640.659
640.859
641.06
641.26
641.479
641.679
641.88
642.08
642.281
642.481
642.682
642.882
643.082
643.283
643.483
643.684
643.884
644.085
644.285
644.486
644.686
644.886
645.087
645.287
645.488
645.688
645.888
646.089
646.289
646.49
646.69
646.891
647.091
647.292
647.492
647.692
647.893
648.093
648.294
648.494
648.695
648.895
649.096
649.296
649.496
649.697
649.897
650.098
650.298
650.499
650.699
650.899
651.1
651.3
651.501
651.701
651.902
652.102
652.303
652.503
652.703
652.904
653.104
653.305
653.505
653.706
653.906
654.107
654.307
654.507
654.708
654.908
655.109
655.309
655.51
655.71
655.91
656.111
656.311
656.512
656.712
656.913
657.113
657.314
657.514
657.715
657.915
658.115
658.316
658.516
658.717
658.917
659.118
659.318
659.518
659.719
659.919
660.12
660.32
660.521
660.721
660.922
661.122
661.323
661.523
661.724
661.924
662.124
662.325
662.525
662.726
662.926
663.127
663.327
663.528
663.728
663.928
664.129
664.329
664.53
664.73
664.949
665.149
665.35
665.55
665.751
665.969
666.17
666.37
666.57
666.771
666.971
667.172
667.372
667.573
667.773
667.974
668.174
668.375
668.575
668.775
668.976
669.176
669.377
669.577
669.778
669.978
670.179
670.379
670.579
670.78
670.98
671.181
671.381
671.582
671.782
671.983
672.183
672.384
672.584
672.784
672.985
673.185
673.386
673.586
673.787
673.987
674.188
674.388
674.588
674.789
674.989
675.19
675.39
675.591
675.791
675.992
676.192
676.393
676.593
676.793
676.994
677.194
677.395
677.595
677.796
677.996
678.197
678.397
678.597
678.798
678.998
679.199
679.399
679.6
679.8
680.001
680.201
680.402
680.602
680.802
681.003
681.203
681.404
681.604
681.805
682.005
682.206
682.406
682.606
682.807
683.007
683.208
683.408
683.609
683.809
684.01
684.21
684.41
684.611
684.811
685.012
685.212
685.413
685.613
685.813
686.014
686.214
686.415
686.615
686.816
687.016
687.217
687.417
687.617
687.818
688.018
688.219
688.419
688.62
688.82
689.028
689.228
689.429
689.629
689.829
690.03
690.23
690.431
690.631
690.832
691.032
691.233
691.433
691.633
691.834
692.034
692.235
692.435
692.636
692.836
693.036
693.237
693.437
693.638
693.838
694.039
694.239
694.44
694.64
694.841
695.041
695.241
695.442
695.642
695.843
696.043
696.244
696.444
696.644
696.845
697.045
697.246
697.446
697.647
697.847
698.048
698.248
698.448
698.649
698.849
699.05
699.25
699.451
699.651
699.852
700.052
700.253
700.488
700.688
700.889
701.089
701.29
701.49
701.691
701.891
702.092
702.292
702.493
702.693
702.893
703.094
703.294
703.495
703.695
703.896
704.096
704.297
704.497
704.698
704.898
705.099
705.299
705.499
705.7
705.9
706.101
706.301
706.502
706.702
706.903
707.103
707.303
707.504
707.704
707.905
708.105
708.306
708.506
708.706
708.907
709.107
709.308
709.508
709.709
709.909
710.11
710.31
710.511
710.711
710.911
711.112
711.312
711.513
711.713
711.914
712.114
712.315
712.515
712.715
712.916
713.116
713.317
713.517
713.718
713.918
714.118
714.319
714.519
714.72
714.92
715.121
715.321
715.521
715.722
715.922
716.123
716.323
716.524
716.724
716.925
717.125
717.325
717.526
717.726
717.927
718.127
718.327
718.528
718.728
718.929
719.129
719.33
719.53
719.73
719.931
720.131
720.332
720.532
720.733
720.933
721.133
721.334
721.534
721.735
721.935
722.136
722.336
722.536
722.737
722.937
723.138
723.338
723.539
723.739
723.939
724.14
724.34
724.541
724.741
724.942
725.142
725.343
725.543
725.743
725.944
726.144
726.345
726.545
726.746
726.946
727.146
727.347
727.547
727.748
727.948
728.149
728.349
728.549
728.75
728.95
729.151
729.351
729.552
729.752
729.953
730.153
730.354
730.554
730.754
730.955
731.155
731.356
731.556
731.757
731.957
732.157
732.358
732.558
732.759
732.959
733.16
733.36
733.561
733.761
733.962
734.162
734.363
734.563
734.768
734.968
735.169
735.369
735.569
735.77
735.97
736.171
736.371
736.571
736.772
736.972
737.173
737.373
737.574
737.774
737.975
738.175
738.375
738.576
738.776
738.977
739.177
739.378
739.578
739.778
739.979
740.179
740.38
740.58
740.781
740.981
741.181
741.382
741.582
741.783
741.983
742.186
742.39
742.59
742.791
742.991
743.192
743.392
743.593
743.793
743.994
744.194
744.395
744.595
744.795
744.996
745.196
745.397
745.597
745.798
745.998
746.199
746.399
746.6
746.8
747
747.201
747.401
747.623
747.831
748.035
748.235
748.436
748.636
748.837
749.037
749.238
749.438
749.638
749.839
750.039
750.24
750.44
750.641
750.841
751.042
751.242
751.443
751.643
751.844
752.044
752.244
752.445
752.645
752.846
753.046
753.247
753.447
753.648
753.848
754.049
754.249
754.45
754.65
754.851
755.051
755.252
755.452
755.653
755.894
756.094
756.295
756.495
756.696
756.896
757.097
757.297
757.497
757.698
757.898
758.099
758.299
758.5
758.7
758.901
759.101
759.301
759.502
759.702
759.903
760.103
760.304
760.504
760.704
760.905
761.105
761.306
761.506
761.707
761.907
762.107
762.308
762.508
762.709
762.909
763.11
763.31
763.511
763.735
763.936
764.136
764.336
764.537
764.737
764.938
765.138
765.339
765.539
765.739
765.94
766.14
766.341
766.541
766.742
766.942
767.142
767.343
767.543
767.744
767.944
768.145
768.345
768.546
768.746
768.946
769.147
769.347
769.548
769.748
769.949
770.149
770.349
770.55
770.75
770.951
771.151
771.352
771.552
771.753
771.953
772.154
772.354
772.554
772.755
772.955
773.156
773.356
773.557
773.757
773.958
774.158
774.359
774.559
774.76
774.96
775.16
775.361
775.561
775.762
775.962
776.163
776.363
776.564
776.764
776.964
777.165
777.365
777.566
777.766
777.967
778.167
778.368
778.568
778.768
778.969
779.169
779.37
779.57
779.771
779.971
780.172
780.372
780.573
780.773
780.974
781.174
781.375
781.575
781.776
781.976
782.177
782.377
782.578
782.778
782.979
783.179
783.384
783.584
783.785
783.985
784.186
784.386
784.587
784.787
784.988
785.188
785.388
785.589
785.789
785.99
786.19
786.391
786.591
786.792
786.992
787.192
787.393
787.593
787.794
787.994
788.195
788.395
788.596
788.796
788.996
789.197
789.397
789.598
789.798
789.999
790.199
790.4
790.6
790.801
791.001
791.201
791.402
791.602
791.803
792.003
792.204
792.404
792.605
792.805
793.005
793.206
793.406
793.607
793.807
794.008
794.208
794.409
794.609
794.809
795.01
795.21
795.411
795.611
795.812
796.012
796.213
796.413
796.613
796.814
797.024
797.225
797.425
797.647
797.847
798.048
798.248
798.449
798.649
798.849
799.05
799.25
799.451
799.651
799.852
800.052
800.253
800.453
800.653
800.854
801.054
801.255
801.455
801.656
801.856
802.057
802.257
802.457
802.658
802.858
803.059
803.259
803.46
803.66
803.861
804.061
804.262
804.462
804.662
804.863
805.063
805.264
805.464
805.665
805.872
806.073
806.273
806.473
806.674
806.874
807.075
807.275
807.475
807.676
807.876
808.077
808.277
808.477
808.678
808.891
809.091
809.292
809.492
809.693
809.893
810.094
810.294
810.495
810.695
810.896
811.096
811.297
811.497
811.698
811.898
812.098
812.307
812.508
812.708
812.909
813.109
813.31
813.51
813.711
813.911
814.112
814.312
814.513
814.713
814.92
815.12
815.321
815.521
815.722
815.922
816.123
816.323
816.524
816.724
816.925
817.125
817.326
817.526
817.726
817.927
818.127
818.328
818.528
818.729
818.929
819.13
819.33
819.531
819.731
819.932
820.132
820.333
820.533
820.734
820.934
821.135
821.335
821.535
821.736
821.936
822.137
822.337
822.538
822.738
822.939
823.139
823.34
823.54
823.741
823.941
824.142
824.342
824.543
824.743
824.944
825.144
825.344
825.545
825.745
825.946
826.146
826.347
826.547
826.748
826.948
827.148
827.349
827.584
827.784
827.985
828.185
828.386
828.586
828.787
828.987
829.188
829.388
829.588
829.789
829.99
830.19
830.39
830.591
830.814
831.015
831.215
831.416
831.616
831.817
832.017
832.218
832.418
832.618
832.819
833.019
833.22
833.42
833.621
833.821
834.022
834.222
834.423
834.623
834.824
835.024
835.225
835.425
835.656
835.857
836.057
836.257
836.458
836.658
836.859
837.059
837.26
837.46
837.661
837.861
838.062
838.287
838.487
838.688
838.888
839.089
839.289
839.49
839.69
839.89
840.091
840.291
840.492
840.692
840.893
841.093
841.293
841.494
841.694
841.895
842.095
842.295
842.496
842.696
842.897
843.097
843.298
843.498
843.699
843.899
844.099
844.3
844.5
844.701
844.901
845.102
845.302
845.502
845.71
845.91
846.11
846.311
846.511
846.712
846.912
847.113
847.313
847.514
847.714
847.915
848.115
848.315
848.516
848.716
848.938
849.138
849.339
849.539
849.74
849.945
850.145
850.346
850.546
850.747
850.947
851.148
851.348
851.548
851.749
851.949
852.15
852.35
852.551
852.751
852.952
853.152
853.352
853.553
853.753
853.954
854.154
854.355
854.555
854.756
854.956
855.156
855.357
855.557
855.758
855.958
856.159
856.359
856.559
856.76
856.96
857.161
857.361
857.562
857.762
857.963
858.163
858.363
858.564
858.764
858.965
859.165
859.366
859.566
859.767
859.967
860.167
860.368
860.568
860.769
860.969
861.17
861.37
861.571
861.771
861.972
862.172
862.372
862.573
862.773
862.974
863.174
863.375
863.575
863.776
863.976
864.176
864.377
864.577
864.778
864.978
865.179
865.379
865.58
865.78
865.98
866.181
866.381
866.582
866.782
866.983
867.183
867.384
867.584
867.785
867.985
868.186
868.386
868.587
868.794
868.995
869.195
869.396
869.596
869.797
869.997
870.198
870.398
870.598
870.799
870.999
871.2
871.4
871.601
871.801
872.002
872.202
872.403
872.603
872.804
873.004
873.204
873.405
873.605
873.806
874.006
874.207
874.407
874.608
874.83
875.03
875.231
875.431
875.632
875.832
876.033
876.233
876.434
876.634
876.834
877.035
877.235
877.436
877.636
877.837
878.037
878.238
878.438
878.639
878.839
879.039
879.24
879.44
879.641
879.841
880.042
880.242
880.443
880.643
880.843
881.044
881.244
881.445
881.645
881.846
882.046
882.247
882.447
882.648
882.848
883.049
883.249
883.449
883.65
883.85
884.051
884.251
884.452
884.652
884.853
885.053
885.253
885.454
885.654
885.855
886.059
886.263
886.463
886.664
886.864
887.065
887.265
887.466
887.666
887.866
888.067
888.286
888.486
888.687
888.887
889.087
889.288
889.488
889.689
889.889
890.09
890.29
890.491
890.691
890.891
891.092
891.292
891.493
891.693
891.894
892.094
892.295
892.495
892.696
892.896
893.096
893.297
893.497
893.698
893.898
894.099
894.299
894.5
894.7
894.901
895.101
895.302
895.502
895.703
895.903
896.104
896.304
896.504
896.705
896.905
897.106
897.306
897.513
897.724
897.925
898.125
898.326
898.526
898.726
898.927
899.127
899.328
899.528
899.729
899.929
900.13
900.33
900.531
900.731
900.931
901.142
901.342
901.543
901.743
901.944
902.144
902.344
902.545
902.745
902.946
903.146
903.347
903.547
903.748
903.948
904.149
904.349
904.55
904.75
904.951
905.151
905.352
905.552
905.753
905.953
906.153
906.36
906.56
906.761
906.961
907.162
907.362
907.563
907.763
907.964
908.164
908.365
908.565
908.766
908.966
909.166
909.367
909.567
909.768
909.968
910.168
910.369
910.569
910.77
910.97
911.171
911.371
911.572
911.772
911.972
912.173
912.373
912.574
912.774
912.975
913.175
913.376
913.576
913.777
913.977
914.178
914.378
914.579
914.779
914.979
915.18
915.38
915.581
915.781
915.982
916.182
916.382
916.583
916.783
916.984
917.184
917.385
917.585
917.786
917.986
918.186
918.387
918.587
918.788
918.988
919.189
919.389
919.59
919.79
919.991
920.191
920.391
920.592
920.792
920.993
921.193
921.394
921.594
921.795
921.995
922.195
922.396
922.596
922.797
922.997
923.198
923.398
923.598
923.799
923.999
924.2
924.4
924.601
924.801
925.001
925.202
925.402
925.603
925.803
926.004
926.204
926.405
926.605
926.805
927.006
927.206
927.407
927.607
927.808
928.008
928.209
928.409
928.61
928.81
929.01
929.211
929.411
929.612
929.812
930.013
930.213
930.414
930.614
930.814
931.015
931.215
931.416
931.616
931.816
932.017
932.217
932.418
932.618
932.819
933.019
933.219
933.42
933.62
933.821
934.021
934.222
934.422
934.623
934.823
935.023
935.224
935.424
935.625
935.825
936.026
936.226
936.427
936.627
936.827
937.028
937.228
937.429
937.629
937.83
938.03
938.231
938.431
938.631
938.832
939.068
939.269
939.469
939.67
939.87
940.099
940.3
940.5
940.7
940.901
941.101
941.302
941.502
941.703
941.903
942.104
942.304
942.505
942.705
942.905
943.106
943.306
943.507
943.707
943.908
944.108
944.309
944.509
944.71
944.91
945.11
945.311
945.511
945.712
945.912
946.113
946.313
946.514
946.714
946.925
947.125
947.326
947.526
947.727
947.927
948.128
948.328
948.528
948.729
948.929
949.13
949.33
949.531
949.731
949.932
950.136
950.337
950.537
950.738
950.938
951.138
951.339
951.539
951.74
951.94
952.141
952.341
952.541
952.742
952.942
953.143
953.343
953.543
953.744
953.944
954.145
954.345
954.545
954.746
954.946
955.147
955.347
955.547
955.748
955.948
956.149
956.349
956.549
956.75
956.95
957.151
957.351
957.551
957.752
957.952
958.153
958.353
958.553
958.754
958.954
959.154
959.355
959.555
959.756
959.956
960.156
960.357
960.557
960.758
960.958
961.158
961.359
961.559
961.76
961.96
962.16
962.361
962.561
962.761
962.962
963.162
963.363
963.563
963.764
963.964
964.164
964.365
964.565
964.766
964.966
965.166
965.367
965.567
965.767
965.968
966.168
966.368
966.569
966.769
966.97
967.17
967.37
967.571
967.771
967.971
968.172
968.372
968.573
968.773
968.973
969.174
969.374
969.574
969.775
969.975
970.176
970.376
970.576
970.777
970.977
971.177
971.378
971.578
971.779
971.979
972.179
972.38
972.58
972.78
972.981
973.181
973.381
973.582
973.782
973.982
974.183
974.383
974.583
974.784
974.984
975.184
975.385
975.585
975.785
975.986
976.186
976.386
976.587
976.787
976.987
977.188
977.388
977.588
977.789
977.989
978.189
978.39
978.59
978.79
978.991
979.191
979.391
979.592
979.792
979.992
980.193
980.393
980.593
980.794
980.994
981.194
981.394
981.595
981.795
981.995
982.196
982.396
982.596
982.797
982.997
983.197
983.398
983.598
983.798
983.998
984.199
984.399
984.599
984.8
985
985.2
985.4
985.601
985.801
986.001
986.202
986.402
986.602
986.802
987.003
987.203
987.403
987.603
987.804
988.004
988.204
988.404
988.605
988.805
989.005
989.205
989.406
989.606
989.806
990.006
990.207
990.407
990.607
990.807
991.008
991.208
991.408
991.608
991.809
992.009
992.209
992.409
992.61
992.81
993.01
993.21
993.411
993.611
993.811
994.011
994.212
994.412
994.612
994.812
995.012
995.213
995.413
995.613
995.813
996.013
996.214
996.414
996.614
996.814
997.015
997.215
997.415
997.615
997.815
998.016
998.216
998.416
998.616
998.816
999.017
999.217
999.417
999.617
999.817
1000.02
1000.22
1000.42
1000.62
1000.82
1001.02
1001.22
1001.42
1001.62
1001.82
1002.02
1002.22
1002.42
1002.62
1002.82
1003.02
1003.22
1003.42
1003.62
1003.82
1004.02
1004.22
1004.42
1004.62
1004.82
1005.02
1005.22
1005.42
1005.62
1005.82
1006.02
1006.22
1006.42
1006.62
1006.82
1007.02
1007.23
1007.43
1007.63
1007.83
1008.03
1008.23
1008.43
1008.63
1008.83
1009.03
1009.23
1009.43
1009.63
1009.83
1010.03
1010.23
1010.43
1010.63
1010.83
1011.03
1011.23
1011.43
1011.63
1011.83
1012.03
1012.23
1012.43
1012.63
1012.83
1013.03
1013.23
1013.43
1013.63
1013.83
1014.03
1014.23
1014.43
1014.63
1014.83
1015.03
1015.23
