4.28358
40.8783
38.3019
37.6073
30.4065
25.3683
22.9804
19.9923
19.9701
18.8845
19.9026
20.2314
20.7479
21.2632
21.8009
22.3825
23.0781
23.851
24.492
25.0837
25.6961
26.3111
26.8972
27.5538
28.1564
28.4409
28.6894
28.973
28.9636
28.8527
28.6136
28.313
28.0076
27.7482
27.5364
27.4633
27.5187
27.6776
27.8726
28.0702
28.2205
28.3333
28.3603
28.4973
28.6619
28.8245
28.9794
29.0833
29.2419
29.3623
29.3463
29.2975
29.1811
29.0218
28.8533
28.7206
28.669
28.6636
28.7264
28.8684
29.0304
29.1627
29.2862
29.3972
29.4727
29.5237
29.5539
29.6288
29.6981
29.755
29.8056
29.8457
29.8412
29.7656
29.6664
29.5064
29.4011
29.3228
29.2826
29.3028
29.3476
29.4694
29.6156
29.7466
29.8475
29.9499
30.021
30.07
30.1394
30.2084
30.2662
30.3366
30.3971
30.4318
30.4325
30.391
30.2737
30.1799
30.0839
29.9964
29.9353
29.92
29.9537
30.0412
30.1663
30.3062
30.4296
30.5396
30.6233
30.6945
30.7591
30.8272
30.8928
30.9313
30.9491
30.9326
30.895
30.8288
30.7261
30.6093
30.4998
30.4032
30.3701
30.3817
30.4479
30.5189
30.6039
30.7027
30.783
30.855
30.9237
30.989
31.0417
31.0569
31.0863
31.1152
31.129
31.0826
31.0166
30.9223
30.8224
30.7325
30.6605
30.5938
30.5831
30.5703
30.6193
30.6962
30.7727
30.8475
30.9059
30.9623
31.0147
31.0616
31.0739
31.107
31.1388
31.1599
31.1718
31.1386
31.1091
31.042
30.963
30.8881
30.8278
30.7823
30.7565
30.7601
30.7921
30.8422
30.9011
30.9719
31.0278
31.0812
31.1266
31.1648
31.1994
31.2233
31.2353
31.243
31.2372
31.226
31.1845
31.1175
31.0417
30.9755
30.9306
30.9029
30.8927
30.9099
30.9536
31.0124
31.0862
31.1484
31.1937
31.2335
31.2681
31.2956
31.3109
31.3177
31.3274
31.3261
31.3187
31.3021
31.2579
31.1925
31.1296
31.0806
31.0484
31.0335
31.0406
31.0695
31.1119
31.1734
31.2325
31.2796
31.3163
31.3466
31.3774
31.4021
31.4131
31.4141
31.4052
31.3921
31.3723
31.3358
31.2832
31.2224
31.1661
31.1272
31.1033
31.1035
31.1194
31.1511
31.1958
31.2581
31.314
31.3599
31.3929
31.4208
31.4222
31.4251
31.4204
31.4135
31.3946
31.3848
31.3617
31.3324
31.2844
31.2399
31.213
31.2016
31.1939
31.195
31.208
31.2273
31.2565
31.2972
31.3303
31.3546
31.3747
31.3912
31.4103
31.4248
31.4259
31.4129
31.3922
31.3695
31.3219
31.2754
31.2294
31.1933
31.1778
31.1837
31.1964
31.2102
31.2123
31.2358
31.2679
31.2926
31.3119
31.3222
31.336
31.3505
31.3694
31.3889
31.4005
31.4029
31.4015
31.3871
31.3538
31.3037
31.2428
31.2026
31.1743
31.1556
31.166
31.1829
31.205
31.2404
31.2775
31.3129
31.3461
31.379
31.408
31.4311
31.4489
31.4515
31.4388
31.4171
31.3918
31.3596
31.3193
31.2793
31.2452
31.2269
31.2266
31.2452
31.2687
31.2908
31.3204
31.3534
31.3843
31.4103
31.4296
31.4497
31.4685
31.4894
31.506
31.499
31.4794
31.4597
31.4273
31.3919
31.338
31.2985
31.275
31.2591
31.2624
31.2732
31.2901
31.2977
31.3244
31.3576
31.3869
31.413
31.436
31.4474
31.4534
31.4487
31.431
31.4093
31.3877
31.3655
31.3484
31.3197
31.2956
31.2604
31.2504
31.2556
31.2689
31.2917
31.317
31.3447
31.3766
31.4036
31.4249
31.4394
31.4491
31.4546
31.4474
31.447
31.4435
31.4334
31.4121
31.3893
31.3733
31.3511
31.3228
31.2946
31.276
31.2714
31.2796
31.3009
31.3278
31.3589
31.3868
31.4178
31.4445
31.4544
31.4533
31.4506
31.4454
31.4397
31.4171
31.3966
31.3662
31.3546
31.3363
31.328
31.315
31.3078
31.3019
31.304
31.3011
31.3063
31.3154
31.3205
31.3298
31.334
31.3495
31.373
31.3863
31.4066
31.4157
31.4181
31.411
31.3907
31.3628
31.3329
31.2984
31.273
31.2628
31.2612
31.2616
31.2672
31.2881
31.2976
31.3229
31.3478
31.3677
31.3835
31.3898
31.4066
31.424
31.4362
31.4392
31.4308
31.4169
31.3909
31.3619
31.3268
31.2774
31.2493
31.2364
31.239
31.2452
31.2581
31.2813
31.3047
31.3278
31.3516
31.3733
31.3903
31.4105
31.4278
31.442
31.4487
31.4444
31.4314
31.4086
31.3815
31.3491
31.3131
31.2789
31.2498
31.2347
31.242
31.2568
31.2826
31.3141
31.3457
31.3601
31.392
31.4076
31.4183
31.4202
31.4248
31.4287
31.4268
31.4194
31.4125
31.3954
31.362
31.3453
31.3227
31.3064
31.3058
31.3131
31.3198
31.3278
31.3363
31.3429
31.354
31.3713
31.3903
31.407
31.419
31.4366
31.457
31.462
31.4558
31.4414
31.4185
31.3944
31.3736
31.3511
31.3331
31.3249
31.33
31.3354
31.3402
31.3439
31.3491
31.3618
31.3782
31.4002
31.4204
31.4153
31.4203
31.4345
31.4451
31.4469
31.4415
31.4343
31.4011
31.3717
31.3539
31.3393
31.3253
31.3169
31.3173
31.3075
31.3077
31.3152
31.3189
31.3235
31.335
31.3525
31.3798
31.4073
31.4305
31.4454
31.4551
31.4565
31.4466
31.4322
31.4105
31.3842
31.3643
31.3522
31.3417
31.333
31.3366
31.3316
31.3384
31.3541
31.3769
31.3978
31.4145
31.426
31.4324
31.4302
31.4281
31.4227
31.4196
31.4148
31.41
31.391
31.3865
31.3779
31.3653
31.3541
31.3401
31.3234
31.316
31.3113
31.3196
31.3333
31.3526
31.3797
31.404
31.4242
31.4358
31.4437
31.4449
31.4395
31.4317
31.4265
31.4189
31.4126
31.3981
31.3909
31.3739
31.363
31.3539
31.3487
31.3479
31.3474
31.3523
31.3625
31.3836
31.3881
31.4044
31.4146
31.4226
31.4279
31.4352
31.4346
31.4342
31.4376
31.4276
31.4263
31.423
31.4162
31.4005
31.3745
31.3556
31.3439
31.3327
31.3295
31.3332
31.343
31.3652
31.3908
31.4136
31.4287
31.4274
31.4339
31.435
31.432
31.435
31.4284
31.4154
31.4066
31.4014
31.3984
31.3929
31.395
31.3906
31.3838
31.3775
31.367
31.3586
31.3583
31.3714
31.3907
31.4161
31.4379
31.4588
31.4774
31.492
31.4957
31.4903
31.4785
31.466
31.4576
31.4563
31.4526
31.4455
31.4331
31.4205
31.4064
31.3925
31.3785
31.3778
31.3937
31.422
31.4614
31.4974
31.5231
31.533
31.5387
31.5406
31.5358
31.5235
31.5121
31.5018
31.4832
31.4562
31.4411
31.4256
31.41
31.3918
31.3881
31.3825
31.3888
31.4091
31.4362
31.4673
31.4894
31.5126
31.5288
31.5396
31.5482
31.547
31.5371
31.5245
31.5057
31.4887
31.4751
31.4659
31.4519
31.4339
31.4126
31.4057
31.3952
31.3854
31.3866
31.3972
31.4225
31.4473
31.4811
31.5166
31.5463
31.5666
31.5811
31.5802
31.5635
31.5314
31.4956
31.4618
31.4306
31.4174
31.4122
31.404
31.4136
31.4232
31.4259
31.4257
31.4287
31.4364
31.4529
31.4755
31.4993
31.5226
31.5481
31.5717
31.585
31.5808
31.5667
31.5378
31.5044
31.4785
31.4526
31.4417
31.4209
31.4242
31.4336
31.4429
31.4499
31.4533
31.4587
31.4659
31.4691
31.4789
31.4916
31.5054
31.5248
31.5424
31.559
31.563
31.5657
31.5613
31.5546
31.5419
31.5225
31.507
31.4906
31.4626
31.4486
31.4386
31.4279
31.4273
31.4422
31.457
31.4779
31.4992
31.5173
31.5365
31.5505
31.5676
31.5806
31.5822
31.5787
31.5755
31.5646
31.5454
31.5199
31.4956
31.4723
31.4542
31.4471
31.4466
31.4448
31.4535
31.4691
31.488
31.5137
31.5368
31.5571
31.5686
31.5873
31.5995
31.6079
31.5947
31.5949
31.5848
31.573
31.5494
31.533
31.5186
31.4968
31.4823
31.4691
31.4618
31.4648
31.4784
31.4974
31.5208
31.5415
31.5453
31.5602
31.5678
31.5522
31.5511
31.5367
31.5394
31.5411
31.5406
31.539
31.5187
31.5057
31.482
31.459
31.4339
31.418
31.4075
31.4057
31.4195
31.4411
31.4656
31.4879
31.4947
31.5001
31.5048
31.5051
31.5103
31.5203
31.5317
31.536
31.5422
31.5386
31.5229
31.5046
31.4879
31.4707
31.4528
31.4438
31.4428
31.4441
31.4579
31.4684
31.4863
31.495
31.5037
31.51
31.5175
31.5243
31.5386
31.5562
31.5699
31.5812
31.5819
31.5663
31.5386
31.5071
31.4773
31.4543
31.4411
31.4363
31.4255
31.4366
31.4566
31.4652
31.4812
31.4922
31.488
31.4976
31.5087
31.5221
31.5357
31.5447
31.5463
31.5503
31.5477
31.5314
31.5027
31.4642
31.4394
31.4145
31.4048
31.3984
31.3984
31.3991
31.4135
31.4348
31.4445
31.4521
31.4613
31.4722
31.4856
31.502
31.5176
31.5278
31.5334
31.5359
31.526
31.501
31.4772
31.4401
31.4188
31.391
31.3821
31.382
31.3934
31.4129
31.4409
31.4652
31.481
31.489
31.4928
31.4913
31.4887
31.4874
31.4901
31.4967
31.5047
31.5126
31.5052
31.4867
31.4712
31.4567
31.4472
31.445
31.4237
31.4223
31.4346
31.4541
31.4758
31.4845
31.4792
31.479
31.4757
31.4743
31.469
31.4783
31.4882
31.4993
31.5122
31.5211
31.5154
31.4934
31.4524
31.4212
31.3933
31.3761
31.3697
31.3773
31.3971
31.4329
31.4761
31.5
31.5162
31.5124
31.5027
31.4916
31.4856
31.482
31.4854
31.493
31.5041
31.5092
31.5015
31.4911
31.4713
31.4495
31.4296
31.4162
31.4112
31.4216
31.4246
31.4485
31.4583
31.4785
31.4774
31.479
31.4786
31.4756
31.464
31.4543
31.452
31.4612
31.4677
31.4654
31.4602
31.4534
31.4258
31.418
31.4079
31.3947
31.3825
31.3825
31.3951
31.3925
31.4099
31.4407
31.4685
31.4825
31.485
31.4891
31.4904
31.5021
31.5064
31.4877
31.4767
31.4614
31.4501
31.4394
31.426
31.4049
31.384
31.3652
31.3511
31.3527
31.3642
31.3688
31.3958
31.4288
31.4576
31.4823
31.5054
31.5118
31.5013
31.4862
31.4775
31.4681
31.4559
31.4426
31.433
31.4307
31.4183
31.4001
31.3698
31.3529
31.3427
31.3493
31.3666
31.3856
31.4041
31.4291
31.4574
31.4864
31.5115
31.5258
31.5259
31.5228
31.5111
31.5036
31.4908
31.467
31.4332
31.4085
31.3877
31.3746
31.3698
31.3696
31.3795
31.4011
31.433
31.4611
31.4755
31.4864
31.4931
31.503
31.5095
31.512
31.5161
31.5236
31.5266
31.5273
31.5124
31.4786
31.4438
31.4184
31.3984
31.3812
31.3793
31.3886
31.4095
31.4415
31.4789
31.5009
31.5136
31.5207
31.5398
31.5509
31.5583
31.5513
31.5461
31.54
31.5267
31.5219
31.5041
31.4773
31.4509
31.4177
31.3838
31.3623
31.3501
31.3667
31.3733
31.4009
31.4243
31.4284
31.4395
31.443
31.4398
31.427
31.4182
31.409
31.4116
31.4173
31.4274
31.4124
31.3983
31.3847
31.3778
31.3745
31.3722
31.3675
31.3772
31.3869
31.4003
31.4142
31.4177
31.4097
31.3975
31.3972
31.3968
31.3926
31.3809
31.3864
31.3963
31.4125
31.4171
31.4197
31.4116
31.3918
31.3752
31.3641
31.3562
31.3614
31.3745
31.3935
31.4175
31.4375
31.4497
31.4507
31.4455
31.4372
31.4275
31.4152
31.4126
31.4179
31.426
31.4308
31.4462
31.4566
31.4552
31.441
31.4185
31.3932
31.376
31.3747
31.3783
31.3938
31.4127
31.4385
31.4622
31.4845
31.4846
31.4722
31.4584
31.4488
31.4463
31.4437
31.4571
31.4732
31.4846
31.5002
31.4838
31.4603
31.4326
31.4163
31.4044
31.4013
31.4009
31.4105
31.4192
31.4333
31.4503
31.4688
31.4833
31.4971
31.4997
31.497
31.4887
31.48
31.4748
31.4702
31.4693
31.4717
31.4737
31.4633
31.4517
31.4424
31.4342
31.4344
31.433
31.4292
31.4309
31.4457
31.4631
31.484
31.4911
31.5066
31.518
31.5171
31.5077
31.4984
31.4913
31.4797
31.4735
31.472
31.4763
31.4769
31.4746
31.4686
31.4619
31.4724
31.482
31.4867
31.4904
31.4995
31.5139
31.5234
31.5312
31.534
31.5261
31.5182
31.4985
31.4898
31.481
31.4774
31.4807
31.4684
31.4619
31.4676
31.4785
31.4877
31.4748
31.4656
31.4529
31.4469
31.4492
31.461
31.471
31.4558
31.4616
31.4675
31.4774
31.4827
31.4845
31.4631
31.4531
31.4469
31.4471
31.4304
31.4316
31.431
31.4189
31.4236
31.4253
31.4179
31.4207
31.4224
31.4268
31.4409
31.4483
31.4578
31.4555
31.4528
31.4444
31.4387
31.4336
31.4313
31.4313
31.4318
31.4339
31.4268
31.425
31.4309
31.433
31.4359
31.4356
31.4401
31.4455
31.4505
31.4558
31.4476
31.4506
31.4434
31.4214
31.4038
31.4037
31.4088
31.4144
31.4221
31.4305
31.4402
31.4503
31.4544
31.4512
31.439
31.426
31.4203
31.4228
31.4256
31.4276
31.4331
31.4356
31.4472
31.4556
31.4556
31.4424
31.4405
31.4453
31.4384
31.4462
31.4524
31.4521
31.4536
31.4594
31.4463
31.442
31.4334
31.4227
31.4201
31.4079
31.4101
31.4118
31.4075
31.4099
31.4116
31.4099
31.407
31.4068
31.4019
31.4104
31.4203
31.429
31.4338
31.4343
31.4381
31.4343
31.4237
31.4105
31.4013
31.3944
31.3966
31.4077
31.4234
31.4362
31.4439
31.4496
31.4442
31.4312
31.4204
31.4113
31.4115
31.4191
31.4315
31.4478
31.4588
31.4686
31.4727
31.4681
31.4568
31.4449
31.4322
31.4216
31.4206
31.4266
31.4408
31.4576
31.4796
31.4952
31.482
31.4812
31.4778
31.4675
31.4581
31.4474
31.4502
31.4387
31.4466
31.4529
31.4455
31.4364
31.4073
31.391
31.3896
31.3959
31.4055
31.4149
31.4305
31.448
31.4684
31.4823
31.484
31.4746
31.4563
31.4544
31.447
31.4448
31.4438
31.4496
31.4421
31.4458
31.4424
31.4338
31.4254
31.4195
31.4173
31.4196
31.4198
31.4281
31.4444
31.4618
31.4825
31.494
31.4897
31.4881
31.4845
31.4741
31.4683
31.4664
31.4658
31.4599
31.4539
31.4535
31.4575
31.4561
31.4502
31.4275
31.4162
31.4069
31.4115
31.4206
31.4356
31.4515
31.4672
31.4672
31.4859
31.5069
31.5179
31.5188
31.5132
31.4942
31.4829
31.4654
31.4442
31.4302
31.4212
31.3961
31.3762
31.382
31.4003
31.4168
31.431
31.4415
31.4503
31.4529
31.456
31.4558
31.4587
31.4647
31.4749
31.4823
31.4835
31.4737
31.4575
31.4305
31.4014
31.4007
31.3998
31.3966
31.403
31.4134
31.423
31.4294
31.4301
31.4263
31.4304
31.4378
31.4405
31.4433
31.4473
31.4546
31.4668
31.4728
31.4701
31.4596
31.4474
31.4389
31.4379
31.4462
31.4469
31.4515
31.4519
31.456
31.4495
31.4401
31.4342
31.421
31.4132
31.4237
31.4383
31.4436
31.4383
31.4488
31.4549
31.4565
31.4536
31.4361
31.4223
31.417
31.3911
31.3817
31.3734
31.3687
31.3644
31.3634
31.3656
31.3571
31.3687
31.3819
31.3807
31.3952
31.4106
31.4263
31.4361
31.438
31.4205
31.4088
31.3983
31.3569
31.3502
31.3536
31.3697
31.3842
31.3962
31.3954
31.3898
31.3788
31.3633
31.3591
31.3545
31.3532
31.3614
31.3729
31.3894
31.4068
31.4168
31.4233
31.4207
31.4129
31.402
31.3931
31.3753
31.3787
31.3824
31.3763
31.3763
31.3709
31.3617
31.3544
31.3515
31.3447
31.3413
31.3444
31.3571
31.3674
31.3791
31.3923
31.4031
31.4068
31.4037
31.3962
31.3927
31.3932
31.399
31.3954
31.4032
31.4121
31.4136
31.4058
31.4006
31.3934
31.3845
31.3851
31.3687
31.3662
31.3703
31.3835
31.3761
31.3898
31.3936
31.3908
31.3899
31.3904
31.3974
31.3975
31.389
31.382
31.3706
31.3797
31.3704
31.3698
31.3472
31.3344
31.3246
31.3192
31.317
31.3157
31.3092
31.3248
31.3476
31.3661
31.3651
31.3611
31.3511
31.3423
31.3406
31.339
31.3401
31.3475
31.3598
31.3761
31.3887
31.3965
31.3941
31.3832
31.3685
31.3482
31.3254
31.3077
31.2973
31.3023
31.32
31.3462
31.3756
31.4003
31.4172
31.4252
31.4239
31.4131
31.4053
31.4086
31.4198
31.4118
31.4151
31.4176
31.4128
31.4057
31.3799
31.359
31.3348
31.319
31.323
31.337
31.3628
31.3789
31.4088
31.4321
31.4436
31.4444
31.432
31.4138
31.4006
31.3998
31.4055
31.4182
31.4292
31.4328
31.4297
31.4235
31.4056
31.3852
31.3607
31.3414
31.3475
31.3679
31.3943
31.4182
31.4361
31.4457
31.4556
31.4562
31.4543
31.4384
31.4358
31.4274
31.4286
31.4297
31.4243
31.4139
31.389
31.3717
31.3636
31.3556
31.3478
31.3493
31.3589
31.3737
31.3889
31.4075
31.4095
31.4223
31.4378
31.4399
31.4407
31.4334
31.4243
31.4146
31.4088
31.3999
31.3902
31.385
31.3777
31.3744
31.3719
31.3623
31.3654
31.3709
31.3749
31.3808
31.3821
31.3871
31.3955
31.4083
31.4253
31.4343
31.438
31.4329
31.4254
31.4135
31.3944
31.3753
31.363
31.3568
31.3661
31.3786
31.3847
31.3808
31.3939
31.4064
31.4191
31.4345
31.4456
31.4608
31.4849
31.507
31.5272
31.5356
31.5258
31.5078
31.5013
31.4832
31.479
31.4663
31.4559
31.4594
31.4601
31.4664
31.4718
31.4794
31.4878
31.4933
31.4933
31.4852
31.4775
31.4724
31.4768
31.4676
31.4787
31.4786
31.4802
31.4748
31.4635
31.4667
31.4681
31.4581
31.4466
31.4556
31.4611
31.4529
31.4662
31.4909
31.5042
31.5265
31.5494
31.555
31.5646
31.5695
31.5586
31.5616
31.5585
31.5539
31.5586
31.5544
31.5563
31.5524
31.5525
31.5548
31.5603
31.5538
31.5553
31.5656
31.582
31.6123
31.6415
31.6624
31.6644
31.6805
31.6975
31.7091
31.7053
31.6926
31.6773
31.6639
31.6585
31.6576
31.6544
31.6507
31.6486
31.6454
31.6468
31.66
31.6814
31.7231
31.7677
31.8103
31.8438
31.8664
31.8736
31.8799
31.899
31.9261
31.9539
31.9765
32.0001
32.0237
32.0507
32.07
32.0909
32.1062
32.1153
32.1281
32.1465
32.1484
32.1408
32.1573
32.1794
32.2063
32.2408
32.2796
32.3124
32.3345
32.3432
32.3598
32.3662
32.3699
32.3789
32.3952
32.414
32.433
32.4529
32.4675
32.4797
32.4916
32.4894
32.4802
32.4773
32.4839
32.5018
32.5281
32.5573
32.5867
32.5965
32.6206
32.6356
32.6415
32.6541
32.6597
32.6883
32.7235
32.7568
32.7932
32.824
32.8408
32.8441
32.8418
32.8329
32.8266
32.8336
32.8587
32.8947
32.9377
32.9838
33.0184
33.0244
33.0331
33.0274
33.0176
33.0161
33.0201
33.0358
33.0639
33.0901
33.1146
33.1412
33.1388
33.1251
33.1212
33.1078
33.0945
33.0739
33.0737
33.0796
33.073
33.0931
33.1203
33.1345
33.1437
33.162
33.175
33.1909
33.2039
33.2207
33.2441
33.2585
33.2595
33.2533
33.2616
33.2756
33.2797
33.3021
33.325
33.3401
33.3822
33.4284
33.4706
33.4955
33.5123
33.5265
33.5353
33.5468
33.5706
33.5699
33.5964
33.6385
33.6701
33.7255
33.7521
33.8066
33.8333
33.8621
33.8794
33.8915
33.9313
33.9898
34.051
34.1076
34.186
34.2599
34.3183
34.3587
34.3958
34.4234
34.4555
34.497
34.5458
34.603
34.6621
34.7062
34.7507
34.762
34.7807
34.7798
34.8063
34.8476
34.9064
34.9766
35.0443
35.0712
35.1095
35.1315
35.1429
35.1409
35.1519
35.1745
35.2088
35.2193
35.282
35.3541
35.4152
35.4561
35.483
35.5062
35.5245
35.5404
35.5646
35.6188
35.6954
35.7548
35.8317
35.8934
35.9155
35.9426
35.9447
35.9425
35.9518
35.9791
36.0287
36.1051
36.1953
36.2814
36.3212
36.3616
36.3605
36.3632
36.3753
36.3953
36.4359
36.4981
36.5613
36.6154
36.6596
36.6812
36.6819
36.6683
36.6488
36.6363
36.6392
36.6707
36.7141
36.7916
36.8631
36.9055
36.9436
36.9699
36.9841
36.9894
36.9951
36.9969
37.0166
37.0704
37.1273
37.1694
37.172
37.1523
37.1361
37.0985
37.078
37.0729
37.1019
37.1544
37.254
37.3595
37.4558
37.5077
37.5462
37.5964
37.6373
37.6732
37.7156
37.775
37.8526
37.9161
37.9792
38.0219
38.0326
38.0116
37.9934
37.9951
38.0031
38.033
38.0859
38.1625
38.2011
38.2847
38.366
38.4169
38.4172
38.4423
38.4608
38.4761
38.5304
38.6029
38.699
38.7995
38.891
38.934
38.9381
38.939
38.9408
38.9384
38.9487
38.9633
38.9937
39.058
39.1692
39.2737
39.3259
39.3608
39.3815
39.399
39.4104
39.4111
39.4315
39.4518
39.5081
39.5343
39.5784
39.5584
39.5369
39.5042
39.4799
39.4396
39.4018
39.4198
39.4765
39.568
39.6884
39.7904
39.8544
39.8863
39.9034
39.9091
39.9038
39.9021
39.9188
39.9623
40.0116
40.0343
40.0635
40.0627
40.05
40.021
39.9974
39.9711
39.9904
40.043
40.132
40.2255
40.305
40.3542
40.3724
40.3801
40.375
40.364
40.349
40.3159
40.3226
40.3526
40.3774
40.3877
40.3896
40.3448
40.3087
40.293
40.3154
40.3305
40.3829
40.3909
40.4847
40.5861
40.6637
40.6954
40.7218
40.7387
40.7469
40.7591
40.7822
40.7885
40.8355
40.8958
40.9578
40.9981
41.0239
41.0288
41.0311
41.0309
41.0526
41.0865
41.1204
41.1818
41.2569
41.3266
41.3859
41.4314
41.4566
41.4682
41.4752
41.4841
41.4915
41.512
41.5423
41.565
41.6004
41.6193
41.6574
41.6998
41.7453
41.8221
41.8926
41.9941
42.0855
42.1763
42.2602
42.3422
42.4262
42.4921
42.5469
42.6121
42.6862
42.7663
42.8446
42.9063
42.9703
43.0086
43.039
43.0784
43.1279
43.1818
43.2577
43.3524
43.4642
43.5594
43.6146
43.6455
43.6618
43.6909
43.6955
43.7505
43.8162
43.9002
43.9934
44.0504
44.0659
44.0604
44.0444
44.0388
44.0477
44.0728
44.1586
44.2355
44.3796
44.5365
44.671
44.7636
44.8098
44.8361
44.8725
44.918
44.9778
45.0642
45.1844
45.3301
45.4781
45.5304
45.5584
45.5905
45.5938
45.608
45.6409
45.7023
45.7949
45.9255
46.0185
46.1446
46.2299
46.2651
46.279
46.2947
46.2942
46.315
46.3817
46.5025
46.6516
46.8113
46.945
46.9949
46.978
46.9471
46.9384
46.9558
47.0117
47.1252
47.2897
47.4561
47.6037
47.6947
47.6994
47.6635
47.6358
47.6278
47.651
47.7306
47.868
48.035
48.1858
48.2806
48.3097
48.2869
48.2588
48.2446
48.249
48.2964
48.4107
48.5745
48.7327
48.832
48.8882
48.8839
48.8491
48.8208
48.7998
48.8192
48.8999
49.0356
49.1946
49.2377
49.3113
49.3319
49.323
49.299
49.2666
49.2561
49.3018
49.4041
49.5577
49.6981
49.8012
49.8552
49.8753
49.853
49.8019
49.7677
49.7789
49.8532
49.9828
50.1159
50.1968
50.2413
50.2859
50.3008
50.2653
50.235
50.2446
50.3125
50.4294
50.5384
50.62
50.6932
50.7952
50.8794
50.8825
50.8726
50.8972
50.9784
51.1086
51.2295
51.3037
51.3725
51.4639
51.5076
51.482
51.4593
51.4814
51.5597
51.697
51.8112
51.8829
51.9526
52.0381
52.0555
52.023
52.0051
52.0289
52.0992
52.2343
52.3428
52.406
52.4672
52.5193
52.5049
52.4546
52.4214
52.4365
52.4802
52.563
52.6248
52.7138
52.8431
52.9917
53.029
52.9859
52.9398
52.9363
52.951
53.0444
53.1154
53.2137
53.2712
53.3546
53.3644
53.3464
53.3512
53.2277
53.1672
53.2066
53.3287
53.5401
53.0047
