0.201013
0.40193
0.602512
0.803157
1.00374
1.20428
1.40485
1.60538
1.80592
2.0065
2.20704
2.40753
2.60806
2.80879
3.00944
3.21004
3.41056
3.6111
3.8116
4.01215
4.2127
4.41323
4.61374
4.81431
5.01486
5.21561
5.41638
5.61697
5.81749
6.01796
6.21843
6.41893
6.61935
6.81978
7.02031
7.22083
7.42133
7.62179
7.82234
8.02283
8.22328
8.4238
8.62429
8.8248
9.02531
9.22582
9.42633
9.62686
9.82735
10.0278
10.2283
10.4289
10.6294
10.8299
11.0303
11.2308
11.4312
11.6317
11.8321
12.0326
12.233
12.4335
12.6339
12.8343
13.0347
13.2352
13.4356
13.6361
13.8365
14.037
14.2375
14.438
14.6385
14.839
15.0394
15.2399
15.4403
15.6408
15.8412
16.0417
16.2422
16.4426
16.6431
16.8436
17.044
17.2445
17.445
17.6455
17.846
18.0465
18.247
18.4475
18.648
18.8486
19.049
19.2494
19.4499
19.6503
19.8507
20.0511
20.2516
20.452
20.6525
20.8529
21.0533
21.2538
21.4616
21.662
21.8624
22.0629
22.2634
22.4638
22.6643
22.8647
23.0652
23.2657
23.4661
23.6666
23.8671
24.0676
24.268
24.4685
24.669
24.8696
25.0701
25.2705
25.471
25.6715
25.8719
26.0723
26.2728
26.4732
26.6737
26.8742
27.0747
27.2751
27.4756
27.6761
27.8765
28.077
28.2775
28.478
28.6784
28.879
29.0795
29.2801
29.4805
29.681
29.8815
30.082
30.2825
30.4829
30.6833
30.8838
31.0843
31.2847
31.4852
31.6856
31.8861
32.0865
32.287
32.4875
32.6879
32.8883
33.0888
33.2893
33.4897
33.6901
33.8906
34.091
34.2915
34.4919
34.6923
34.8927
35.0932
35.2937
35.4942
35.6946
35.8951
36.0957
36.2962
36.4966
36.6971
36.8975
37.098
37.2984
37.4989
37.6994
37.8998
38.1003
38.3008
38.5012
38.7017
38.9021
39.1026
39.3031
39.5035
39.704
39.9045
40.1049
40.3054
40.5058
40.7063
40.9067
41.1072
41.3076
41.5081
41.7085
41.909
42.1094
42.3099
42.5103
42.7107
42.9112
43.1117
43.3121
43.5125
43.713
43.9134
44.1139
44.3143
44.5148
44.7152
44.9157
45.1161
45.3166
45.517
45.7174
45.9179
46.1183
46.3187
46.5191
46.7196
46.92
47.1204
47.3209
47.5213
47.7218
47.9223
48.1229
48.3234
48.5238
48.7243
48.9247
49.1252
49.3256
49.5261
49.7266
49.927
50.1275
50.328
50.5285
50.7289
50.9294
51.1299
51.3304
51.5309
51.7314
51.9319
52.1323
52.3328
52.5333
52.7338
52.9342
53.1346
53.3351
53.5355
53.7359
53.9364
54.1368
54.3372
54.5377
54.7381
54.9385
55.139
55.3394
55.54
55.7404
55.9409
56.1414
56.3419
56.5424
56.7429
56.9433
57.1438
57.3444
57.5519
57.7524
57.9529
58.1534
58.3539
58.5543
58.7549
58.9553
59.1559
59.3564
59.5569
59.7574
59.9579
60.1584
60.3589
60.5595
60.76
60.9604
61.1609
61.3614
61.5619
61.7624
61.9629
62.1634
62.3639
62.5644
62.7649
62.9653
63.1658
63.3663
63.5668
63.7674
63.9679
64.1684
64.3689
64.5693
64.7698
64.9702
65.1707
65.3712
65.5717
65.7721
65.9726
66.1731
66.3735
66.574
66.7744
66.9749
67.1753
67.3758
67.5762
67.7766
67.9771
68.1775
68.3781
68.5785
68.779
68.9795
69.1799
69.3804
69.5808
69.7813
69.9817
70.1821
70.3826
70.583
70.7835
70.9839
71.1843
71.3848
71.5852
71.7857
71.9861
72.1866
72.3871
72.5875
72.788
72.9884
73.1889
73.3893
73.5898
73.7902
73.9906
74.1911
74.3915
74.5919
74.7924
74.9928
75.1934
75.3938
75.5942
75.7947
75.9952
76.1957
76.3962
76.5967
76.7972
76.9976
77.1981
77.3985
77.599
77.7995
77.9999
78.2004
78.4009
78.6013
78.8018
79.0022
79.2027
79.4032
79.6037
79.8042
80.0046
80.2051
80.4056
80.6061
80.8066
81.0071
81.2075
81.408
81.6084
81.8089
82.0094
82.2099
82.4103
82.6108
82.8112
83.0116
83.2121
83.4126
83.613
83.8135
84.014
84.2145
84.4149
84.6154
84.8159
85.0164
85.2169
85.4174
85.6178
85.8182
86.0187
86.2191
86.4196
86.62
86.8205
87.0209
87.2214
87.4218
87.6223
87.8227
88.0232
88.2237
88.4241
88.6246
88.8279
89.0283
89.2287
89.4293
89.6298
89.8302
90.0307
90.2311
90.4316
90.6321
90.8325
91.033
91.2334
91.4338
91.6343
91.8347
92.0352
92.2357
92.4361
92.6366
92.8371
93.0376
93.238
93.4385
93.639
93.8395
94.0399
94.2404
94.4408
94.6413
94.8418
95.0423
95.2428
95.4433
95.6437
95.8442
96.0447
96.2452
96.4457
96.6461
96.8467
97.0471
97.2476
97.4481
97.6486
97.8491
98.0496
98.25
98.4505
98.651
98.8515
99.052
99.2525
99.4529
99.6534
99.8538
100.054
100.255
100.455
100.656
100.856
101.057
101.257
101.458
101.658
101.859
102.059
102.259
102.46
102.66
102.861
103.061
103.262
103.462
103.663
103.863
104.064
104.264
104.465
104.665
104.866
105.066
105.267
105.467
105.668
105.868
106.069
106.269
106.47
106.67
106.87
107.071
107.271
107.472
107.672
107.873
108.073
108.274
108.474
108.675
108.875
109.075
109.276
109.476
109.677
109.877
110.078
110.278
110.479
110.679
110.88
111.08
111.28
111.481
111.681
111.882
112.082
112.283
112.483
112.684
112.884
113.085
113.285
113.486
113.686
113.887
114.087
114.288
114.488
114.689
114.889
115.09
115.29
115.491
115.691
115.892
116.092
116.293
116.493
116.694
116.895
117.095
117.296
117.496
117.697
117.897
118.098
118.299
118.499
118.7
118.9
119.101
119.301
119.502
119.702
119.903
120.103
120.304
120.505
120.705
120.906
121.106
121.307
121.507
121.708
121.908
122.109
122.309
122.51
122.71
122.911
123.112
123.312
123.513
123.713
123.914
124.114
124.315
124.515
124.716
124.916
125.117
125.318
125.518
125.719
125.919
126.12
126.32
126.521
126.721
126.922
127.122
127.323
127.523
127.724
127.924
128.125
128.326
128.526
128.727
128.927
129.128
129.328
129.529
129.729
129.93
130.13
130.331
130.531
130.732
130.932
131.133
131.333
131.534
131.734
131.935
132.135
132.336
132.536
132.737
132.937
133.138
133.338
133.539
133.739
133.94
134.14
134.341
134.541
134.742
134.942
135.143
135.343
135.544
135.744
135.945
136.145
136.345
136.546
136.746
136.947
137.147
137.348
137.548
137.749
137.949
138.15
138.35
138.551
138.751
138.952
139.152
139.353
139.553
139.754
139.954
140.154
140.355
140.555
140.756
140.956
141.157
141.357
141.558
141.758
141.959
142.159
142.36
142.56
142.761
142.961
143.161
143.362
143.562
143.763
143.963
144.164
144.364
144.565
144.765
144.966
145.166
145.366
145.567
145.767
145.968
146.168
146.369
146.569
146.77
146.97
147.17
147.371
147.571
147.772
147.972
148.173
148.373
148.574
148.774
148.974
149.175
149.375
149.576
149.776
149.977
150.177
150.378
150.578
150.779
150.979
151.179
151.38
151.58
151.781
151.981
152.182
152.382
152.582
152.783
152.983
153.184
153.384
153.585
153.785
153.986
154.186
154.386
154.587
154.787
154.988
155.188
155.389
155.589
155.79
155.99
156.191
156.391
156.591
156.792
156.992
157.193
157.393
157.594
157.794
157.995
158.195
158.396
158.596
158.797
158.997
159.198
159.398
159.599
159.799
160
160.2
160.401
160.601
160.802
161.002
161.203
161.403
161.604
161.804
162.005
162.205
162.406
162.606
162.807
163.007
163.207
163.408
163.608
163.809
164.009
164.21
164.41
164.611
164.811
165.012
165.212
165.413
165.613
165.814
166.014
166.215
166.415
166.616
166.816
167.017
167.217
167.418
167.618
167.819
168.019
168.219
168.421
168.621
168.822
169.022
169.223
169.423
169.624
169.824
170.025
170.225
170.426
170.626
170.827
171.027
171.227
171.428
171.628
171.829
172.029
172.23
172.43
172.631
172.831
173.032
173.232
173.433
173.633
173.834
174.034
174.234
174.435
174.635
174.836
175.036
175.237
175.437
175.638
175.838
176.039
176.239
176.44
176.64
176.841
177.041
177.242
177.442
177.642
177.843
178.043
178.244
178.444
178.645
178.845
179.046
179.25
179.45
179.651
179.851
180.052
180.252
180.453
180.653
180.854
181.054
181.255
181.455
181.656
181.856
182.057
182.257
182.458
182.658
182.859
183.059
183.26
183.46
183.661
183.861
184.062
184.262
184.462
184.663
184.863
185.064
185.264
185.465
185.666
185.866
186.066
186.267
186.468
186.668
186.869
187.069
187.27
187.47
187.671
187.871
188.072
188.272
188.473
188.673
188.874
189.074
189.275
189.475
189.676
189.876
190.077
190.277
190.478
190.678
190.879
191.079
191.28
191.48
191.681
191.881
192.082
192.282
192.482
192.683
192.883
193.084
193.284
193.485
193.685
193.886
194.086
194.287
194.487
194.687
194.888
195.088
195.289
195.489
195.69
195.89
196.091
196.291
196.492
196.692
196.893
197.093
197.294
197.494
197.694
197.895
198.095
198.296
198.496
198.697
198.897
199.098
199.298
199.498
199.699
199.899
200.1
200.3
200.501
200.701
200.902
201.102
201.303
201.503
201.704
201.904
202.105
202.305
202.505
202.706
202.906
203.107
203.307
203.508
203.708
203.909
204.109
204.31
204.51
204.711
204.911
205.111
205.312
205.512
205.713
205.913
206.114
206.314
206.515
206.715
206.916
207.116
207.317
207.517
207.718
207.918
208.119
208.319
208.52
208.72
208.92
209.121
209.321
209.522
209.722
209.923
210.123
210.324
210.524
210.725
210.925
211.126
211.326
211.527
211.727
211.928
212.128
212.328
212.529
212.729
212.93
213.13
213.331
213.531
213.732
213.932
214.133
214.333
214.534
214.734
214.934
215.135
215.335
215.536
215.736
215.937
216.137
216.338
216.538
216.739
216.939
217.14
217.34
217.541
217.741
217.941
218.142
218.342
218.543
218.743
218.944
219.144
219.345
219.545
219.745
219.946
220.146
220.347
220.547
220.748
220.948
221.149
221.349
221.55
221.75
221.95
222.151
222.351
222.552
222.752
222.953
223.153
223.354
223.554
223.755
223.955
224.156
224.356
224.556
224.757
224.957
225.158
225.358
225.559
225.759
225.96
226.16
226.361
226.561
226.762
226.962
227.163
227.363
227.563
227.764
227.964
228.165
228.365
228.566
228.766
228.967
229.167
229.368
229.568
229.769
229.969
230.17
230.37
230.571
230.771
230.972
231.172
231.373
231.573
231.774
231.974
232.175
232.375
232.575
232.776
232.976
233.177
233.377
233.578
233.778
233.979
234.179
234.38
234.58
234.78
234.981
235.181
235.382
235.582
235.783
235.983
236.184
236.384
236.585
236.785
236.986
237.186
237.387
237.587
237.788
237.988
238.189
238.389
238.59
238.79
238.99
239.191
239.391
239.592
239.792
239.993
240.193
240.394
240.594
240.795
240.995
241.196
241.396
241.596
241.797
241.997
242.198
242.398
242.599
242.799
243
243.2
243.401
243.601
243.801
244.002
244.202
244.403
244.603
244.804
245.004
245.205
245.405
245.606
245.806
246.007
246.207
246.408
246.608
246.809
247.009
247.21
247.41
247.611
247.811
248.012
248.212
248.413
248.613
248.813
249.014
249.214
249.415
249.615
249.816
250.016
250.217
250.417
250.618
250.818
251.019
251.219
251.419
251.62
251.82
252.021
252.221
252.422
252.622
252.823
253.023
253.224
253.424
253.625
253.825
254.025
254.226
254.426
254.627
254.827
255.028
255.228
255.429
255.629
255.83
256.03
256.23
256.431
256.631
256.832
257.032
257.233
257.433
257.634
257.834
258.035
258.235
258.436
258.636
258.837
259.037
259.237
259.438
259.638
259.839
260.039
260.24
260.44
260.641
260.841
261.041
261.242
261.442
261.643
261.843
262.044
262.244
262.445
262.645
262.846
263.046
263.246
263.447
263.647
263.848
264.048
264.249
264.449
264.649
264.85
265.05
265.251
265.451
265.652
265.852
266.053
266.253
266.453
266.654
266.854
267.055
267.255
267.456
267.656
267.857
268.057
268.258
268.458
268.659
268.859
269.06
269.26
269.46
269.661
269.861
270.062
270.262
270.463
270.663
270.864
271.064
271.265
271.465
271.666
271.866
272.067
272.267
272.468
272.668
272.868
273.069
273.269
273.47
273.67
273.871
274.071
274.272
274.472
274.673
274.873
275.074
275.274
275.475
275.675
275.876
276.076
276.277
276.477
276.678
276.878
277.079
277.279
277.48
277.68
277.881
278.081
278.282
278.482
278.683
278.883
279.084
279.284
279.484
279.685
279.885
280.086
280.286
280.487
280.687
280.888
281.088
281.289
281.489
281.69
281.89
282.09
282.291
282.491
282.692
282.892
283.093
283.293
283.494
283.694
283.895
284.095
284.296
284.496
284.696
284.897
285.097
285.298
285.498
285.699
285.899
286.1
286.3
286.501
286.701
286.902
287.102
287.303
287.503
287.704
287.904
288.105
288.305
288.505
288.706
288.906
289.107
289.307
289.508
289.708
289.909
290.109
290.31
290.51
290.711
290.911
291.112
291.312
291.513
291.713
291.914
292.114
292.314
292.515
292.715
292.916
293.116
293.317
293.517
293.718
293.918
294.119
294.319
294.52
294.72
294.92
295.121
295.321
295.522
295.723
295.923
296.124
296.324
296.525
296.725
296.926
297.126
297.327
297.527
297.728
297.928
298.128
298.329
298.529
298.73
298.93
299.131
299.331
299.532
299.732
299.933
300.133
300.334
300.534
300.735
300.935
301.135
301.336
301.536
301.737
301.937
302.138
302.338
302.539
302.739
302.94
303.14
303.34
303.541
303.741
303.942
304.142
304.343
304.543
304.744
304.944
305.145
305.345
305.545
305.746
305.946
306.147
306.347
306.548
306.748
306.949
307.149
307.35
307.55
307.75
307.951
308.151
308.352
308.552
308.753
308.953
309.154
309.354
309.555
309.755
309.956
310.156
310.357
310.557
310.757
310.958
311.158
311.359
311.559
311.76
311.96
312.161
312.361
312.562
312.762
312.962
313.163
313.363
313.564
313.764
313.965
314.165
314.365
314.566
314.766
314.967
315.167
315.368
315.568
315.769
315.969
316.17
316.37
316.571
316.771
316.971
317.172
317.373
317.573
317.773
317.974
318.174
318.375
318.575
318.776
318.976
319.177
319.377
319.578
319.778
319.978
320.179
320.379
320.58
320.78
320.981
321.181
321.382
321.582
321.782
321.983
322.183
322.384
322.584
322.785
322.985
323.186
323.386
323.587
323.787
323.988
324.188
324.388
324.589
324.789
324.99
325.19
325.391
325.591
325.792
325.992
326.192
326.393
326.593
326.794
326.994
327.195
327.395
327.596
327.796
327.997
328.197
328.397
328.598
328.798
328.999
329.199
329.4
329.6
329.801
330.001
330.202
330.402
330.603
330.803
331.003
331.204
331.404
331.605
331.805
332.006
332.206
332.407
332.607
332.807
333.008
333.208
333.409
333.609
333.81
334.01
334.211
334.411
334.612
334.812
335.012
335.213
335.413
335.614
335.814
336.015
336.215
336.415
336.616
336.816
337.017
337.217
337.418
337.618
337.819
338.019
338.22
338.42
338.62
338.821
339.021
339.222
339.422
339.623
339.823
340.024
340.224
340.425
340.625
340.826
341.026
341.226
341.427
341.627
341.828
342.028
342.229
342.429
342.63
342.83
343.031
343.231
343.431
343.632
343.832
344.033
344.233
344.434
344.634
344.835
345.035
345.236
345.436
345.637
345.837
346.037
346.238
346.438
346.639
346.839
347.04
347.24
347.441
347.641
347.842
348.042
348.242
348.443
348.643
348.844
349.044
349.245
349.445
349.646
349.846
350.047
350.247
350.448
350.648
350.849
351.049
351.249
351.45
351.65
351.851
352.051
352.252
352.452
352.653
352.853
353.054
353.254
353.455
353.655
353.855
354.056
354.256
354.457
354.657
354.858
355.058
355.259
355.459
355.66
355.86
356.06
356.261
356.461
356.662
356.862
357.063
357.263
357.464
357.664
357.865
358.065
358.266
358.466
358.667
358.867
359.068
359.268
359.469
359.669
359.87
360.07
360.271
360.471
360.671
360.872
361.072
361.273
361.474
361.674
361.874
362.075
362.275
362.476
362.676
362.877
363.077
363.278
363.478
363.679
363.879
364.08
364.28
364.481
364.681
364.882
365.082
365.283
365.483
365.684
365.884
366.084
366.285
366.485
366.686
366.886
367.087
367.287
367.488
367.688
367.889
368.089
368.29
368.49
368.69
368.891
369.091
369.292
369.492
369.693
369.893
370.094
370.294
370.495
370.695
370.895
371.096
371.296
371.497
371.697
371.898
372.098
372.299
372.499
372.7
372.9
373.101
373.301
373.502
373.702
373.903
374.103
374.304
374.504
374.705
374.905
375.106
375.306
375.506
375.707
375.907
376.108
376.308
376.509
376.709
376.91
377.11
377.311
377.511
377.712
377.912
378.112
378.313
378.513
378.714
378.914
379.115
379.315
379.516
379.716
379.917
380.117
380.317
380.518
380.718
380.919
381.119
381.32
381.52
381.721
381.921
382.122
382.322
382.522
382.723
382.923
383.124
383.324
383.525
383.725
383.926
384.126
384.327
384.527
384.728
384.928
385.129
385.329
385.53
385.73
385.93
386.131
386.331
386.532
386.732
386.933
387.133
387.334
387.534
387.735
387.935
388.136
388.336
388.537
388.737
388.937
389.138
389.338
389.539
389.739
389.94
390.14
390.341
390.541
390.742
390.942
391.143
391.343
391.543
391.744
391.944
392.145
392.345
392.546
392.746
392.947
393.147
393.348
393.548
393.749
393.949
394.149
394.35
394.55
394.751
394.951
395.152
395.352
395.552
395.753
395.953
396.154
396.354
396.555
396.755
396.956
397.156
397.356
397.557
397.757
397.958
398.158
398.359
398.559
398.76
398.96
399.16
399.361
399.561
399.762
399.962
400.163
400.363
400.564
400.764
400.965
401.165
401.366
401.566
401.767
401.967
402.168
402.368
402.569
402.769
402.97
403.17
403.371
403.571
403.772
403.972
404.173
404.373
404.574
404.775
404.975
405.176
405.376
405.577
405.777
405.978
406.178
406.379
406.579
406.78
406.98
407.181
407.381
407.582
407.782
407.982
408.183
408.383
408.584
408.784
408.985
409.185
409.386
409.586
409.787
409.987
410.198
410.398
410.599
410.799
411
411.2
411.401
411.601
411.802
412.002
412.203
412.403
412.604
412.804
413.005
413.205
413.405
413.606
413.806
414.007
414.207
414.408
414.608
414.809
415.009
415.21
415.41
415.611
415.811
416.011
416.212
416.412
416.613
416.813
417.014
417.214
417.415
417.615
417.816
418.016
418.217
418.417
418.618
418.818
419.019
419.219
419.42
419.62
419.82
420.021
420.221
420.422
420.622
420.823
421.023
421.224
421.424
421.625
421.825
422.026
422.226
422.426
422.627
422.827
423.028
423.228
423.429
423.629
423.83
424.03
424.231
424.431
424.632
424.832
425.033
425.233
425.434
425.634
425.834
426.035
426.235
426.436
426.636
426.837
427.037
427.238
427.438
427.639
427.839
428.04
428.24
428.441
428.641
428.842
429.042
429.243
429.443
429.644
429.844
430.045
430.245
430.446
430.646
430.847
431.047
431.248
431.448
431.649
431.849
432.05
432.25
432.451
432.651
432.852
433.052
433.253
433.453
433.653
433.854
434.054
434.255
434.455
434.656
434.856
435.057
435.257
435.458
435.658
435.859
436.059
436.26
436.46
436.661
436.861
437.062
437.262
437.462
437.663
437.863
438.064
438.264
438.465
438.665
438.866
439.066
439.267
439.467
439.668
439.868
440.069
440.269
440.47
440.67
440.87
441.071
441.271
441.472
441.678
441.878
442.079
442.279
442.48
442.68
442.881
443.081
443.281
443.482
443.682
443.883
444.083
444.284
444.484
444.685
444.885
445.086
445.286
445.487
445.687
445.888
446.088
446.289
446.489
446.69
446.89
447.091
447.291
447.491
447.692
447.892
448.093
448.293
448.494
448.694
448.895
449.095
449.296
449.496
449.697
449.897
450.098
450.298
450.498
450.699
450.899
451.1
451.3
451.501
451.701
451.902
452.102
452.303
452.503
452.703
452.904
453.104
453.305
453.505
453.706
453.906
454.107
454.307
454.508
454.708
454.909
455.109
455.31
455.51
455.711
455.911
456.112
456.312
456.513
456.713
456.914
457.114
457.314
457.515
457.715
457.916
458.116
458.317
458.517
458.718
458.918
459.119
459.319
459.52
459.72
459.921
460.121
460.322
460.522
460.723
460.923
461.124
461.324
461.524
461.725
461.93
462.131
462.331
462.531
462.732
462.932
463.133
463.333
463.534
463.734
463.935
464.135
464.336
464.536
464.737
464.937
465.137
465.338
465.538
465.739
465.939
466.14
466.34
466.541
466.741
466.942
467.142
467.342
467.543
467.743
467.944
468.144
468.345
468.545
468.746
468.946
469.147
469.347
469.548
469.749
469.949
470.149
470.35
470.55
470.751
470.951
471.152
471.352
471.553
471.753
471.957
472.158
472.358
472.559
472.759
472.96
473.16
473.36
473.561
473.761
473.962
474.162
474.363
474.563
474.764
474.964
475.165
475.365
475.565
475.766
475.966
476.167
476.367
476.568
476.768
476.969
477.169
477.37
477.57
477.771
477.971
478.172
478.372
478.572
478.773
478.973
479.174
479.374
479.575
479.775
479.976
480.176
480.377
480.577
480.777
480.978
481.178
481.379
481.579
481.78
481.98
482.181
482.381
482.582
482.782
482.983
483.183
483.384
483.584
483.784
483.985
484.185
484.386
484.586
484.787
484.987
485.188
485.388
485.589
485.789
485.99
486.19
486.39
486.591
486.792
486.992
487.193
487.393
487.594
487.794
487.994
488.195
488.395
488.596
488.796
488.997
489.197
489.398
489.598
489.799
489.999
490.2
490.4
490.601
490.801
491.002
491.202
491.403
491.603
491.804
492.004
492.205
492.405
492.606
492.806
493.007
493.207
493.408
493.608
493.809
494.009
494.21
494.41
494.611
494.811
495.011
495.212
495.412
495.613
495.813
496.014
496.214
496.415
496.615
496.816
497.021
497.221
497.422
497.622
497.823
498.023
498.224
498.424
498.625
498.825
499.026
499.226
499.426
499.627
499.827
500.028
500.228
500.429
500.629
500.83
501.03
501.231
501.431
501.632
501.832
502.032
502.233
502.433
502.634
502.834
503.035
503.235
503.436
503.636
503.836
504.037
504.237
504.438
504.638
504.839
505.039
505.24
505.44
505.64
505.841
506.041
506.242
506.442
506.643
506.843
507.044
507.244
507.445
507.645
507.845
508.046
508.246
508.447
508.647
508.848
509.048
509.249
509.449
509.65
509.85
510.05
510.251
510.451
510.652
510.852
511.053
511.253
511.454
511.654
511.855
512.055
512.256
512.456
512.657
512.857
513.057
513.258
513.458
513.659
513.859
514.06
514.26
514.46
514.661
514.861
515.062
515.262
515.463
515.663
515.864
516.064
516.265
516.465
516.665
516.866
517.066
517.267
517.467
517.668
517.868
518.068
518.269
518.469
518.67
518.87
519.071
519.271
519.472
519.672
519.872
520.073
520.273
520.474
520.674
520.875
521.075
521.276
521.476
521.676
521.877
522.077
522.278
522.478
522.679
522.879
523.08
523.28
523.48
523.681
523.881
524.082
524.282
524.483
524.683
524.884
525.084
525.285
525.485
525.686
525.886
526.087
526.287
526.487
526.688
526.888
527.089
527.289
527.49
527.69
527.891
528.091
528.292
528.492
528.693
528.893
529.093
529.294
529.494
529.695
529.895
530.096
530.296
530.497
530.697
530.898
531.098
531.299
531.499
531.7
531.9
532.101
532.301
532.502
532.702
532.903
533.103
533.304
533.504
533.705
533.905
534.106
534.306
534.507
534.707
534.908
535.108
535.309
535.509
535.71
535.91
536.111
536.311
536.512
536.712
536.913
537.113
537.314
537.514
537.715
537.915
538.116
538.316
538.516
538.717
538.917
539.118
539.318
539.519
539.719
539.92
540.12
540.321
540.521
540.722
540.922
541.129
541.329
541.53
541.73
541.931
542.131
542.332
542.532
542.733
542.933
543.134
543.334
543.534
543.735
543.935
544.136
544.336
544.537
544.737
544.938
545.138
545.339
545.539
545.74
545.94
546.141
546.341
546.542
546.742
546.943
547.143
547.343
547.544
547.744
547.945
548.145
548.346
548.546
548.747
548.947
549.148
549.348
549.548
549.749
549.949
550.15
550.35
550.551
550.751
550.952
551.152
551.353
551.553
551.754
551.954
552.154
552.355
552.555
552.756
552.956
553.157
553.357
553.558
553.758
553.958
554.159
554.359
554.56
554.76
554.961
555.161
555.361
555.562
555.762
555.963
556.163
556.364
556.564
556.765
556.965
557.166
557.366
557.567
557.767
557.967
558.168
558.368
558.569
558.769
558.97
559.17
559.371
559.571
559.772
559.972
560.172
560.373
560.573
560.774
560.974
561.175
561.375
561.575
561.776
561.976
562.177
562.381
562.581
562.782
562.982
563.183
563.383
563.584
563.784
563.985
564.185
564.385
564.586
564.786
564.987
565.187
565.388
565.588
565.789
565.989
566.19
566.39
566.59
566.791
566.991
567.192
567.392
567.593
567.793
567.994
568.194
568.395
568.595
568.796
568.996
569.196
569.397
569.597
569.798
569.998
570.199
570.399
570.599
570.8
571
571.201
571.401
571.602
571.802
572.003
572.203
572.404
572.604
572.805
573.005
573.206
573.406
573.606
573.807
574.007
574.208
574.408
574.609
574.809
575.01
575.21
575.41
575.611
575.811
576.012
576.212
576.413
576.613
576.814
577.014
577.215
577.415
577.616
577.816
578.016
578.217
578.417
578.618
578.818
579.019
579.219
579.42
579.62
579.82
580.021
580.221
580.422
580.622
580.823
581.023
581.223
581.424
581.624
581.825
582.025
582.226
582.426
582.626
582.827
583.027
583.228
583.428
583.629
583.829
584.03
584.23
584.43
584.631
584.831
585.032
585.232
585.433
585.633
585.834
586.034
586.234
586.435
586.635
586.836
587.036
587.237
587.437
587.638
587.838
588.038
588.239
588.439
588.64
588.84
589.041
589.241
589.441
589.642
589.842
590.043
590.243
590.444
590.644
590.845
591.045
591.246
591.446
591.646
591.847
592.047
592.248
592.448
592.649
592.849
593.049
593.25
593.45
593.651
593.851
594.052
594.252
594.453
594.653
594.853
595.054
595.254
595.455
595.655
595.856
596.056
596.256
596.457
596.657
596.858
597.058
597.259
597.459
597.659
597.86
598.06
598.261
598.461
598.662
598.862
599.063
599.263
599.463
599.664
599.864
600.065
600.265
600.466
600.666
600.866
601.067
601.267
601.468
601.668
601.868
602.069
602.269
602.47
602.67
602.871
603.071
603.272
603.472
603.673
603.873
604.073
604.274
604.474
604.675
604.875
605.075
605.276
605.476
605.677
605.877
606.078
606.278
606.479
606.679
606.88
607.08
607.281
607.481
607.682
607.882
608.082
608.283
608.483
608.684
608.884
609.085
609.285
609.486
609.686
609.886
610.087
610.287
610.488
610.688
610.889
611.089
611.289
611.49
611.69
611.891
612.091
612.292
612.492
612.692
612.893
613.093
613.294
613.494
613.695
613.895
614.096
614.296
614.496
614.697
614.897
615.098
615.298
615.499
615.699
615.9
616.1
616.301
616.501
616.701
616.902
617.102
617.303
617.503
617.704
617.904
618.104
618.305
618.505
618.706
618.906
619.107
619.307
619.508
619.708
619.909
620.109
620.309
620.51
620.71
620.911
621.111
621.312
621.512
621.712
621.913
622.113
622.314
622.514
622.715
622.915
623.116
623.316
623.517
623.717
623.917
624.118
624.318
624.519
624.719
624.92
625.12
625.32
625.521
625.721
625.922
626.122
626.323
626.523
626.724
626.924
627.125
627.325
627.525
627.726
627.926
628.127
628.327
628.528
628.728
628.928
629.129
629.329
629.53
629.73
629.931
630.131
630.331
630.532
630.732
630.933
631.133
631.334
631.534
631.734
631.935
632.135
632.336
632.536
632.737
632.937
633.138
633.338
633.538
633.739
633.939
634.14
634.34
634.541
634.741
634.941
635.142
635.342
635.543
635.743
635.943
636.144
636.344
636.545
636.745
636.945
637.146
637.346
637.547
637.747
637.947
638.148
638.348
638.549
638.749
638.949
639.15
639.35
639.551
639.751
639.951
640.152
640.352
640.553
640.753
640.954
641.154
641.354
641.555
641.755
641.956
642.156
642.356
642.557
642.757
642.958
643.158
643.358
643.559
643.759
643.96
644.16
644.36
644.561
644.761
644.961
645.162
645.362
645.563
645.763
645.963
646.164
646.364
646.565
646.765
646.965
647.166
647.366
647.566
647.767
647.967
648.168
648.368
648.568
648.769
648.969
649.17
649.37
649.57
649.771
649.971
650.172
650.372
650.572
650.773
650.973
651.174
651.374
651.574
651.775
651.975
652.175
652.376
652.576
652.777
652.977
653.177
653.378
653.578
653.779
653.979
654.179
654.38
654.58
654.78
654.981
655.181
655.382
655.582
655.782
655.983
656.183
656.384
656.584
656.784
656.985
657.185
657.385
657.586
657.786
657.986
658.187
658.387
658.587
658.788
658.988
659.189
659.389
659.589
659.79
659.99
660.19
660.391
660.591
660.791
660.992
661.192
661.392
661.593
661.793
661.994
662.194
662.394
662.594
662.795
662.995
663.195
663.396
663.596
663.797
663.997
664.197
664.397
664.598
664.798
664.998
665.199
665.399
665.599
665.8
666
666.2
666.401
666.601
666.801
667.002
667.202
667.402
667.603
667.803
668.003
668.204
668.404
668.604
668.805
669.005
669.205
669.406
669.606
669.806
670.007
670.207
670.407
670.607
670.808
671.008
671.208
671.409
671.609
671.809
672.01
672.21
672.41
672.61
672.811
673.011
673.211
673.411
673.612
673.812
674.012
674.212
674.413
674.613
674.813
675.013
675.214
675.414
675.614
675.814
676.015
676.215
676.415
676.615
676.816
677.016
677.216
677.416
677.617
677.817
678.017
678.217
678.418
678.618
678.818
679.018
679.219
679.419
679.619
679.819
680.02
680.22
680.42
680.62
680.821
681.021
681.221
681.421
681.621
681.822
682.022
682.222
682.423
682.623
682.823
683.023
683.224
683.424
683.624
683.825
684.025
684.225
684.426
684.626
684.826
685.027
685.227
685.427
685.627
685.828
686.028
