46.9475
2.28846e+07
0
120.349
129.451
141.002
141.812
142.069
141.274
141.417
140.755
140.753
140.748
140.739
140.732
140.717
140.701
140.679
140.655
140.624
140.596
140.566
140.542
140.517
140.492
140.454
140.423
140.387
140.348
140.304
140.262
140.221
140.181
140.13
140.092
140.04
140.001
139.952
139.906
139.847
139.792
139.74
139.689
139.632
139.581
139.529
139.467
139.406
139.348
139.277
139.204
139.13
139.06
138.974
138.888
138.808
138.723
138.631
138.524
138.428
138.321
138.205
138.105
137.995
137.882
137.765
137.658
137.53
137.424
137.325
137.226
137.108
137.003
136.9
136.796
136.698
136.599
136.502
136.417
136.316
136.204
136.102
135.988
135.874
135.747
135.627
135.488
135.366
135.231
135.103
134.959
134.844
134.75
134.632
134.526
134.437
134.331
134.224
134.131
134.053
133.933
133.842
133.763
133.644
133.542
133.454
133.356
133.258
133.159
133.073
132.97
132.873
132.772
132.668
132.555
132.45
132.344
132.231
132.114
132.008
131.885
131.776
131.643
131.515
131.379
131.246
131.114
130.976
130.84
130.698
130.58
130.455
130.341
130.22
130.092
129.957
129.831
129.701
129.58
129.366
129.182
129.067
128.94
128.803
128.684
128.551
128.401
128.243
128.033
127.798
127.631
127.435
127.262
127.038
126.717
126.505
126.311
126.018
125.724
125.483
125.194
124.894
124.661
124.41
124.137
123.804
123.616
123.37
123.034
122.759
122.426
122.157
121.87
121.599
121.329
121.015
120.715
120.495
120.183
119.862
119.604
119.251
118.839
118.637
118.326
118.015
117.7
117.462
117.18
116.914
116.63
116.284
115.966
115.657
115.444
115.109
114.839
114.593
114.259
113.948
113.716
113.45
113.112
112.848
112.416
112.073
111.708
111.485
111.108
110.758
110.448
110.207
109.795
109.466
109.176
108.81
108.523
108.224
107.929
107.6
107.305
106.979
106.633
106.347
105.931
105.598
105.259
104.949
104.592
104.27
103.958
103.616
103.244
102.894
102.641
102.26
101.973
101.641
101.4
100.981
100.702
100.317
100.022
99.6826
99.4175
99.0757
98.6999
98.3893
98.1172
97.8718
97.5899
97.3087
97.1038
96.8502
96.6317
96.3573
96.0866
95.8308
95.5391
95.3266
95.0661
94.8013
94.5758
94.384
94.1478
93.8981
93.7088
93.4372
93.2013
92.9491
92.7201
92.5203
92.3846
92.1041
91.8491
91.6472
91.4217
91.2595
91.0515
90.8997
90.6175
90.4053
90.1658
89.9768
89.7743
89.6279
89.4207
89.1832
88.979
88.7842
88.5786
88.3817
88.2027
87.9708
87.7753
87.5279
87.3208
87.1329
86.8672
86.6232
86.4399
86.2757
86.047
85.8338
85.6829
85.4817
85.3151
85.0908
84.9303
84.7323
84.5762
84.4307
84.2681
84.0727
83.947
83.7824
83.6156
83.4452
83.2112
83.0464
82.9234
82.7991
82.642
82.5191
82.3423
82.2392
82.0353
81.863
81.7141
81.5815
81.4287
81.2127
81.1299
80.9732
80.7973
80.6938
80.5665
80.4246
80.276
80.0906
80.0085
79.8936
79.7932
79.6797
79.4776
79.3946
79.3002
79.1475
79.0462
78.8394
78.6675
78.5007
78.3437
78.2073
78.0434
77.9419
77.8414
77.6916
77.5691
77.4099
77.2883
77.2054
77.0405
77.0215
76.8927
76.8041
76.6945
76.5883
76.514
76.4109
76.3036
76.2242
76.1385
76.0361
75.8619
75.7929
75.6958
75.5905
75.5186
75.4492
75.3326
75.2205
75.1414
75.0318
74.9315
74.8428
74.7594
74.6296
74.5665
74.4983
74.4048
74.3508
74.2296
74.1926
74.149
74.0405
73.9869
73.982
73.935
73.8718
73.7687
73.7365
73.6698
73.6534
73.5762
73.5237
73.451
73.3993
73.3561
73.3316
73.2989
73.2595
73.1594
73.1439
73.133
73.1005
73.0653
73.0437
73.0329
73.0039
72.9321
72.9264
72.8613
72.7823
72.8134
72.7294
72.6782
72.5899
72.5875
72.55
72.5576
72.4614
72.4614
72.4369
72.4433
72.4348
72.4162
72.4158
72.3803
72.2868
72.1515
72.174
72.0924
71.9957
71.961
71.9271
71.8437
71.7865
71.7752
71.7549
71.7601
71.6961
71.6779
71.653
71.671
71.5847
71.5223
71.4606
71.4589
71.4393
71.4697
71.4411
71.4237
71.3742
71.4033
71.4168
71.3583
71.3932
71.3788
71.3619
71.3507
71.3202
71.3374
71.2715
71.3058
71.2498
71.2614
71.2329
71.2358
71.3103
71.3144
71.3254
71.3181
71.3856
71.4156
71.4291
71.4155
71.5033
71.5139
71.4783
71.5128
71.4895
71.4969
71.5543
71.5689
71.5917
71.6418
71.6437
71.6947
71.7263
71.7229
71.6925
71.7383
71.6839
71.7237
71.7486
71.774
71.7636
71.7604
71.7954
71.8009
71.8172
71.7983
71.812
71.813
71.8147
71.8315
71.8467
71.8564
71.8807
71.8571
71.8754
71.8394
71.8222
71.7935
71.7547
71.7389
71.7006
71.7023
71.6596
71.6303
71.5921
71.584
71.5596
71.5142
71.4957
71.4977
71.4497
71.4185
71.3813
71.3352
71.2782
71.3172
71.2838
71.313
71.2776
71.2413
71.2871
71.2256
71.2369
71.157
71.1646
71.1319
71.1107
71.1323
71.1153
71.1235
71.1082
71.0568
71.0538
71.0704
71.0595
71.0377
71.0165
70.9692
70.9469
70.9338
70.9033
70.9116
70.8677
70.8627
70.8168
70.8501
70.8577
70.8508
70.8402
70.8157
70.8041
70.8073
70.8073
70.8178
70.8299
70.8326
70.83
70.786
70.7766
70.7049
70.7332
70.7266
70.7605
70.7801
70.7433
70.7043
70.6785
70.6694
70.66
70.6264
70.5812
70.5565
70.559
70.5508
70.5872
70.5461
70.4959
70.4609
70.4096
70.3964
70.3969
70.3865
70.295
70.2539
70.2059
70.1848
70.1578
70.1751
70.1512
70.0772
70.0783
70.0691
70.0555
70.0634
70.0367
69.9738
69.9786
69.9008
69.9215
69.8858
69.883
69.845
69.8141
69.8277
69.8261
69.8379
69.7869
69.7443
69.7383
69.6989
69.68
69.646
69.5938
69.5954
69.5547
69.5072
69.5267
69.5284
69.4799
69.5339
69.4998
69.513
69.4685
69.481
69.4675
69.4917
69.5052
69.4951
69.4898
69.4968
69.4958
69.4747
69.4782
69.4624
69.5004
69.4572
69.4525
69.4929
69.5111
69.4633
69.4473
69.4405
69.4125
69.4231
69.3765
69.3409
69.3589
69.2863
69.292
69.2763
69.2919
69.2438
69.1987
69.2452
69.242
69.2394
69.189
69.1707
69.1135
69.1473
69.0848
69.1016
69.077
69.0129
68.9902
68.9847
68.9227
68.8939
68.9016
68.8289
68.829
68.7929
68.7582
68.7298
68.7284
68.6854
68.6584
68.6252
68.5555
68.5061
68.4685
68.4293
68.415
68.3526
68.3275
68.2905
68.2625
68.2082
68.189
68.1447
68.1078
68.0863
68.0526
67.9935
67.9506
67.9254
67.9555
67.8987
67.8482
67.8599
67.8149
67.8274
67.8018
67.7509
67.7798
67.728
67.7025
67.6825
67.5939
67.6188
67.5761
67.5976
67.5963
67.5551
67.554
67.5688
67.5296
67.5223
67.5085
67.5052
67.5169
67.5045
67.5153
67.5288
67.5411
67.5405
67.5156
67.5305
67.5421
67.5514
67.5629
67.6017
67.5856
67.5707
67.621
67.5923
67.5621
67.575
67.5239
67.5695
67.5801
67.5886
67.6083
67.5547
67.6034
67.5345
67.5168
67.4957
67.5443
67.5487
67.5606
67.5855
67.5941
67.5901
67.5704
67.5689
67.571
67.5861
67.6324
67.5935
67.6006
67.5747
67.6584
67.6771
67.743
67.7707
67.8124
67.8774
67.8876
67.9307
68.0291
68.1042
68.1108
68.1021
68.0811
68.079
68.0742
68.0951
68.0687
68.1066
68.0988
68.1117
68.1016
68.0874
68.0933
68.0128
68.0287
68.0425
68.0573
68.0219
68.0639
68.0421
68.0042
68.0489
68.0684
68.1109
68.1453
68.1484
68.143
68.2053
68.1952
68.1927
68.2004
68.1887
68.2315
68.2591
68.2487
68.2393
68.2641
68.2576
68.2345
68.2855
68.312
68.3296
68.3138
68.3571
68.3811
68.3961
68.4022
68.4316
68.4206
68.3804
68.3928
68.4062
68.4478
68.3924
68.4663
68.4259
68.4398
68.4016
68.4838
68.4506
68.4884
68.4735
68.515
68.4641
68.4328
68.48
68.4452
68.4669
68.4788
68.4639
68.4686
68.477
68.4477
68.492
68.48
68.4845
68.498
68.52
68.5156
68.5326
68.5638
68.5499
68.574
68.5862
68.6326
68.644
68.6598
68.6466
68.6348
68.6531
68.6964
68.7145
68.7217
68.6901
68.7739
68.7951
68.7808
68.8529
68.8066
68.781
68.8181
68.8395
68.8775
68.9295
68.9358
68.9234
68.9851
68.9918
68.9557
68.9823
69.0431
69.0148
69.0347
69.0634
69.1063
69.1165
69.1391
69.1044
69.1112
69.0533
69.1309
69.1316
69.1627
69.1486
69.1322
69.1918
69.2138
69.2165
69.2113
69.2819
69.2744
69.2789
69.2597
69.3072
69.2542
69.2892
69.2655
69.2484
69.2613
69.3016
69.3134
69.3018
69.3562
69.3147
69.3279
69.3727
69.3152
69.347
69.3123
69.3225
69.2957
69.3084
69.2988
69.299
69.3042
69.3138
69.3366
69.3765
69.3875
69.389
69.4265
69.3777
69.4038
69.4014
69.3267
69.2901
69.2807
69.3046
69.3152
69.3522
69.3467
69.3812
69.3844
69.3642
69.3998
69.4049
69.3404
69.3512
69.4192
69.4373
69.4441
69.3771
69.4145
69.3897
69.4433
69.4435
69.4755
69.4263
69.4314
69.4106
69.3549
69.4028
69.3845
69.3783
69.3724
69.3542
69.4336
69.3783
69.4281
69.4431
69.4458
69.4585
69.4764
69.4647
69.4773
69.4693
69.4586
69.4894
69.4846
69.4515
69.4919
69.5287
69.5577
69.5813
69.5907
69.5984
69.6336
69.6669
69.6799
69.7253
69.7349
69.7184
69.7845
69.7585
69.791
69.8258
69.8076
69.8156
69.8133
69.8475
69.813
69.8231
69.8933
69.9027
69.9213
69.9913
70.0285
70.0355
70.0657
70.089
70.09
70.1295
70.1483
70.1538
70.1936
70.2515
70.2243
70.2112
70.1967
70.25
70.2928
70.2853
70.3765
70.3403
70.3511
70.3593
70.344
70.3907
70.3651
70.411
70.3981
70.426
70.4185
70.4701
70.4823
70.4566
70.4293
70.4626
70.4829
70.4925
70.5295
70.5706
70.5394
70.5366
70.5524
70.5327
70.5675
70.5839
70.5829
70.5036
70.4254
70.5013
70.5132
70.5454
70.5449
70.5881
70.5435
70.5228
70.4654
70.4952
70.5144
70.5247
70.5688
70.5221
70.4833
70.4698
70.4331
70.4511
70.4377
70.4662
70.438
70.4391
70.4629
70.4505
70.4662
70.441
70.4532
70.4573
70.4134
70.4395
70.4594
70.3891
70.4339
70.4179
70.4672
70.4912
70.4599
70.4746
70.4589
70.475
70.4658
70.4234
70.4413
70.4387
70.4509
70.4321
70.4456
70.5119
70.4649
70.4848
70.4941
70.484
70.3909
70.4358
70.4124
70.3871
70.4398
70.4094
70.3985
70.4068
70.392
70.3581
70.3716
70.3093
70.3461
70.3455
70.3458
70.2952
70.2968
70.3298
70.292
70.2773
70.2828
70.3138
70.2456
70.2244
70.1879
70.1878
70.1322
70.1401
70.1157
70.0579
70.0695
69.9889
69.9605
69.9145
69.8321
69.7497
69.7584
69.7754
69.7278
69.6972
69.7145
69.6342
69.5985
69.5631
69.5268
69.4879
69.4913
69.4793
69.4841
69.472
69.3757
69.3663
69.3063
69.2997
69.3074
69.2162
69.2305
69.2076
69.207
69.2303
69.1872
69.2007
69.157
69.1116
69.0952
69.0619
69.0612
69.0084
69.0064
69.0161
68.959
68.9607
68.9184
68.8993
68.8997
68.8933
68.8411
68.8269
68.8025
68.7688
68.721
68.7325
68.7074
68.6896
68.7082
68.7087
68.686
68.6438
68.6172
68.5849
68.5107
68.5147
68.4919
68.4971
68.4817
68.4712
68.461
68.4274
68.3955
68.3593
68.3794
68.3308
68.349
68.3536
68.3721
68.3834
68.3715
68.364
68.3161
68.2947
68.2771
68.2613
68.27
68.2426
68.1899
68.1098
68.1134
68.0623
68.0294
68.0176
68.0021
67.9589
67.9408
67.9315
67.893
67.9185
67.8619
67.853
67.8384
67.7919
67.7436
67.7354
67.6826
67.6697
67.6565
67.6716
67.6183
67.6037
67.5789
67.569
67.5341
67.5056
67.5164
67.4738
67.4176
67.3902
67.2991
67.3399
67.2911
67.2467
67.2267
67.1889
67.148
67.1329
67.0847
67.0639
67.0123
66.9357
66.9158
66.8871
66.9311
66.8954
66.9399
66.9028
66.8692
66.8378
66.8069
66.7847
66.7965
66.7634
66.7638
66.8224
66.7898
66.7997
66.7724
66.7799
66.7342
66.7493
66.7445
66.7339
66.7216
66.6944
66.7026
66.7247
66.7264
66.7429
66.746
66.7538
66.7198
66.7246
66.7104
66.7004
66.6721
66.6842
66.6763
66.6674
66.6091
66.5976
66.5899
66.5135
66.5124
66.4746
66.4263
66.3751
66.4026
66.3439
66.314
66.2605
66.2504
66.2632
66.2637
66.2256
66.2053
66.1922
66.1697
66.138
66.1319
66.1695
66.135
66.1028
66.1461
66.144
66.1035
66.1296
66.1334
66.0991
66.0962
66.0381
65.9973
65.9422
65.9298
65.9159
65.9391
65.9331
65.9352
65.9716
65.9314
65.9167
65.908
65.9248
65.9177
65.9276
65.9216
65.9066
65.9493
65.9452
65.9707
65.9629
66.0069
66.0499
66.0475
66.0674
66.1174
66.1431
66.1589
66.2184
66.2347
66.2638
66.281
66.2702
66.2766
66.3182
66.3357
66.3571
66.3326
66.3735
66.3913
66.4139
66.4379
66.4687
66.5186
66.5603
66.6191
66.6689
66.6462
66.6697
66.7442
66.77
66.8355
66.8752
66.9181
66.9294
66.9346
66.9472
66.9559
66.9739
67.054
67.0911
67.0974
67.1274
67.1792
67.1848
67.1967
67.1775
67.1739
67.1977
67.2121
67.1705
67.1719
67.1967
67.2677
67.2962
67.3076
67.385
67.4691
67.523
67.5177
67.5767
67.6204
67.6813
67.7447
67.8173
67.839
67.8511
67.8588
67.8538
67.9078
67.9176
67.9015
67.9325
67.9195
67.9627
67.9123
67.9664
67.9581
67.9362
67.9267
67.9807
68.0327
68.1127
68.1054
68.1496
68.1614
68.2464
68.2497
68.3281
68.3331
68.3793
68.3822
68.4208
68.4633
68.503
68.5112
68.3201
68.26
68.2448
68.1837
67.7502
67.7826
67.8325
67.7938
67.7909
67.7818
67.7397
67.7362
67.7449
67.7404
67.7936
67.7613
67.7495
67.7139
67.7835
67.7764
67.7615
67.7895
67.8095
67.8607
67.8385
67.8661
67.8521
67.9148
67.8709
67.9107
67.9515
67.9707
67.9961
67.992
67.9626
68.004
68.0071
68.0028
67.9568
68.0253
68.0364
68.035
68.0657
68.032
68.0365
68.0778
68.0699
68.0859
67.7886
67.686
67.7089
67.809
67.843
67.8294
67.8279
67.8328
67.8372
67.7904
67.7763
67.8598
67.8498
67.9209
67.9155
67.9408
67.8984
67.9503
67.9549
68.0075
68.0247
68.0767
68.0973
68.1226
68.1622
68.1733
68.2539
68.243
68.2472
68.2158
68.2208
68.2154
68.2343
68.2343
68.2394
68.2589
68.2779
68.2518
68.3007
68.2375
68.2887
68.2675
68.2512
68.2415
68.2545
68.2656
68.2698
68.253
68.2182
68.2126
68.2415
68.2432
68.2249
68.2517
68.2371
68.2173
68.2294
68.1792
68.1604
68.1814
68.1327
68.1697
68.085
68.0976
68.0837
68.0666
68.0865
68.0957
68.0953
68.1073
68.0929
68.1146
68.0926
68.0637
68.0427
68.0583
68.0195
68.0113
68.0148
68.0069
67.9801
67.9899
68.0491
68.0488
68.0389
68.0758
68.0072
68.0109
68.0361
68.0474
68.0551
68.0726
68.1049
68.1036
68.0728
68.0888
68.1334
68.1524
68.1694
68.1973
68.1854
68.2187
68.2153
68.1822
68.2041
68.241
68.2579
68.3152
68.3272
68.3414
68.3478
68.3898
68.436
68.424
68.4869
68.4871
68.5144
68.555
68.5981
68.6371
68.6276
68.7298
68.7737
68.7933
68.7959
68.8927
68.9714
69.0217
69.0755
69.1176
69.1566
69.1829
69.2395
69.2537
69.3039
69.3634
69.428
69.4615
69.4909
69.5085
69.5106
69.5348
69.5613
69.6294
69.6676
69.6889
69.7237
69.7631
69.7891
69.8377
69.884
69.895
69.9577
69.9669
69.9901
70.0379
70.0175
70.0329
70.059
70.0728
70.0916
70.1261
70.1601
70.1584
70.1826
70.2358
70.2348
70.262
70.2642
70.2643
70.289
70.2712
70.2418
70.298
70.3203
70.34
70.3591
70.3582
70.3406
70.3478
70.3766
70.4121
70.4454
70.4727
70.5022
70.489
70.4878
70.4639
70.5337
70.5456
70.5344
70.5738
70.6129
70.6401
70.6158
70.6495
70.6892
70.6678
70.6947
70.766
70.7394
70.6993
70.7506
70.7668
70.7881
70.8069
70.8327
70.8317
70.8204
70.8454
70.8047
70.8314
70.8252
70.862
70.8502
70.9233
70.9357
70.9735
71.0327
71.0221
71.0154
71.0338
71.0871
71.1252
71.2265
71.2341
71.3276
71.3882
71.4314
71.4175
71.5214
71.5826
71.5945
71.696
71.7232
71.7482
71.7582
71.7897
71.8435
71.8205
71.8486
71.8413
71.886
71.9263
71.9227
71.9189
71.9327
71.9713
71.9611
72.0308
72.0566
72.0673
72.0823
72.1341
72.1092
72.1603
72.1962
72.2123
72.2144
72.2181
72.2358
72.2172
72.2606
72.2697
72.2908
72.2943
72.3164
72.3188
72.3711
72.3659
72.3825
72.385
72.3383
72.3391
72.311
72.3004
72.3422
72.3262
72.3121
72.3147
72.2574
72.2635
72.2264
72.2777
72.2677
72.2478
72.1762
72.1845
72.1973
72.1636
72.157
72.1481
72.1438
72.0929
72.0336
72.0015
71.9671
72.0245
71.9976
71.981
71.9467
71.9553
71.976
71.9679
71.9117
71.9063
71.8389
71.8456
71.8194
71.8792
71.9133
71.6166
71.6332
71.6291
71.6477
71.6097
71.6133
71.6038
71.5809
71.5844
71.5117
71.5003
71.4793
71.4935
71.4917
71.4721
71.4538
71.4141
71.3955
71.3954
71.3665
71.3664
71.3581
71.3613
71.3343
71.3252
71.2761
71.2685
71.2131
71.221
71.2036
71.199
71.2031
71.1661
71.138
71.1628
71.0844
71.0269
71.0721
71.0266
71.033
71.0089
71.0115
70.9743
70.9879
70.9922
70.956
70.9627
70.9441
70.955
70.9197
70.8999
70.9087
70.8954
70.8633
70.8472
70.8433
70.8552
70.8701
70.8288
70.8034
70.7511
70.7978
70.7565
70.7434
70.7603
70.762
70.7717
70.7151
70.6553
70.6851
70.6629
70.6431
70.6089
70.5681
70.5793
70.5701
70.5597
70.5634
70.4924
70.444
70.4996
70.3922
70.4067
70.35
70.3727
70.3403
70.3375
70.2829
70.248
70.2297
70.1615
70.1668
70.1746
70.1374
70.0837
70.1484
70.0968
70.098
70.0597
70.0892
70.0736
70.0336
70.0367
70.0395
70.0633
70.0841
70.0861
70.0545
69.9713
69.9954
69.9344
69.917
69.8721
69.9079
69.9234
69.8654
69.8353
69.8017
69.8401
69.8055
69.7571
69.6592
69.6414
69.596
69.5745
69.4719
69.4811
69.4562
69.441
69.4248
69.387
69.3945
69.3973
69.3708
69.3351
69.333
69.2728
69.267
69.2466
69.1908
69.1713
69.1084
69.0854
69.0064
68.9363
68.9591
68.9661
68.9605
68.9303
68.93
68.8533
68.8483
68.787
68.7872
68.7589
68.7778
68.7124
68.7549
68.6722
68.6874
68.642
68.6371
68.6372
68.5749
68.5421
68.5964
68.6188
68.611
68.6692
68.6515
68.7089
68.7606
68.7217
68.7062
68.7323
68.7889
68.7622
68.7506
68.7471
68.7228
68.7661
68.7801
68.7982
68.8535
68.8012
68.77
68.7895
68.8075
68.8042
68.7925
68.805
68.7845
68.7704
68.7386
68.773
68.7605
68.7297
68.7293
68.6852
68.6874
68.6925
68.6391
68.6255
68.6041
68.5721
68.5258
68.493
68.4624
68.4849
68.4256
68.372
68.3073
68.3176
68.2444
68.2488
68.2716
68.194
68.1697
68.1638
68.1436
68.1351
68.1556
68.1151
68.1313
68.1104
68.0787
68.0242
68.0173
67.955
67.9241
67.9201
67.8995
67.8887
67.9175
67.923
67.8396
67.8167
67.806
67.8156
67.7934
67.8043
67.7713
67.8271
67.8153
67.8354
67.845
67.8164
67.858
67.8741
67.8965
67.8998
67.867
67.9364
67.9286
67.9102
67.9283
67.9398
67.9025
67.9424
67.947
67.8677
67.7503
67.795
67.8834
67.905
67.985
68.0198
68.033
68.0979
68.1153
68.1645
68.186
68.2534
68.3059
68.3162
68.3277
68.388
68.4009
68.453
68.5111
68.6109
68.676
68.7498
68.7841
68.8649
68.9031
69.002
68.9749
68.9876
69.0053
69.0271
69.1085
69.1251
69.1795
69.2154
69.2228
69.2441
69.2977
69.3181
69.3191
69.3699
69.3601
69.3438
69.3588
69.3954
69.3869
69.3717
69.3973
69.4537
69.4198
69.4202
69.4506
69.4362
69.4866
69.5091
69.5216
69.539
69.5362
69.5114
69.5411
69.547
69.6288
69.5772
69.6216
69.6866
69.6458
69.6681
69.6743
69.682
69.6773
69.6585
69.6632
69.6568
69.6357
69.6644
69.6701
69.6825
69.6779
69.6679
69.6481
69.6468
69.6285
69.625
69.6329
69.5123
69.5695
69.5668
69.5341
69.5507
69.5123
69.4707
69.4613
69.4897
69.4483
69.4557
69.4261
69.4298
69.3639
69.3423
69.3517
69.3777
69.4018
69.3634
69.3684
69.3836
69.3888
69.3203
69.2897
69.3246
69.3305
69.3319
69.3271
69.3218
69.3188
69.3339
69.3428
69.358
69.35
69.3298
69.3327
69.2575
69.2335
69.2257
69.2167
69.1821
69.1771
69.129
69.1121
69.1347
69.1477
69.2064
69.2356
69.2398
69.2766
69.2743
69.3217
69.2668
69.286
69.2958
69.2957
69.2906
69.2915
69.3157
69.264
69.2619
69.309
69.2811
69.3197
69.2914
69.2996
69.3167
69.2899
69.2778
69.2764
69.2618
69.2857
69.3001
69.271
69.2546
69.2756
69.2655
69.274
69.2788
69.2702
69.2789
69.2967
69.3379
69.362
69.3491
69.2916
69.2901
69.2957
69.2949
69.2723
69.2368
69.2198
69.2435
69.2433
69.2387
69.183
69.1808
69.1552
69.1695
69.1535
69.1638
69.1845
69.1826
69.2069
69.2115
69.2171
69.2065
69.2178
69.2807
69.2689
69.2967
69.3217
69.3093
69.3387
69.2826
69.3157
69.3823
69.3742
69.3881
69.4113
69.4005
69.4046
69.4211
69.4372
69.415
69.4336
69.4051
69.4027
69.3877
69.3872
69.4065
69.4185
69.4007
69.4578
69.4377
69.4384
69.4771
69.5006
69.4923
69.4858
69.4564
69.4577
69.4518
69.4555
69.4568
69.4915
69.5048
69.4659
69.5099
69.4909
69.4935
69.528
69.5505
69.5595
69.582
69.6034
69.6047
69.6661
69.6646
69.664
69.7042
69.7287
69.7775
69.7285
69.7848
69.7734
69.7894
69.7968
69.8101
69.7902
69.7489
69.6955
69.7008
69.7156
69.7359
69.6657
69.7024
69.673
69.6725
69.6984
69.7193
69.7528
69.7785
69.7887
69.8118
69.7445
69.7319
69.7448
69.7472
69.7505
69.7617
69.7605
69.7497
69.7493
69.7353
69.7436
69.6805
69.6799
69.6848
69.6785
69.6618
69.676
69.632
69.6383
69.638
69.5891
69.5681
69.5774
69.577
69.5318
69.5123
69.4838
69.4978
69.4778
69.4549
69.4679
69.4438
69.4533
69.4193
69.4056
69.4335
69.4454
69.43
69.4498
69.4659
69.4868
69.4929
69.4688
69.4823
69.5157
69.5484
69.5627
69.5715
69.5983
69.5996
69.63
69.6264
69.6034
69.5565
69.5414
69.5422
69.5416
69.4859
69.4822
69.4638
69.4503
69.4262
69.4457
69.448
69.4334
69.4304
69.4458
69.4413
69.4528
69.4432
69.4633
69.4326
69.3956
69.3904
69.4389
69.4467
69.4449
69.4355
69.4948
69.4702
69.4807
69.4929
69.5094
69.5035
69.5143
69.5405
69.4952
69.5603
69.5073
69.5154
69.5462
69.5769
69.5965
69.6225
69.6901
69.7456
69.7761
69.7553
69.8293
69.8055
69.8101
69.8434
69.8896
69.9138
69.9668
70.0243
70.0439
70.0444
70.1356
70.1108
70.1723
70.2277
70.1989
70.2509
70.2757
70.3085
70.3352
70.3778
70.3946
70.4252
70.4328
70.4127
70.394
70.4085
70.3646
70.3665
70.3411
70.3395
70.3499
70.3963
70.3658
70.3792
70.3878
70.3662
70.377
70.3867
70.3994
70.3753
70.3927
70.3922
70.382
70.3495
70.3727
70.3944
70.4155
70.4554
70.4418
70.4401
70.4654
70.5129
70.532
70.4975
70.5219
70.5202
70.5466
70.563
70.5621
70.5995
70.6014
70.6233
70.6479
70.6884
70.7629
70.794
70.8503
70.8415
70.8869
70.9028
70.9379
70.9477
71.0035
71.0001
71.045
71.0222
71.0728
71.0751
71.0972
71.1157
71.1282
71.1832
71.2682
71.2533
71.2921
71.3265
71.3835
71.4127
71.4623
71.5376
71.5543
71.6102
71.5506
71.5744
71.5678
71.5656
71.5598
71.5794
71.5536
71.5118
71.56
71.58
71.5556
71.6033
71.5749
71.5904
71.6088
71.5966
71.6357
71.6153
71.64
71.6805
71.6606
71.7342
71.7455
71.7868
71.8088
71.8349
71.8778
71.896
71.936
72.0072
72.0259
72.0264
72.0574
72.0856
72.1187
72.1901
72.2108
72.2132
72.2819
72.3049
72.3003
72.3301
72.3411
72.3826
72.3957
72.394
72.4142
72.4456
72.4284
72.4725
72.4483
72.4877
72.5241
72.5167
72.5626
72.5858
72.598
72.5904
72.5576
72.5658
72.5318
72.5397
72.4724
72.4996
72.5533
72.5614
72.6157
72.6247
72.6586
72.7169
72.7582
72.7375
72.7737
72.8341
72.9002
72.9063
72.9152
72.9859
72.9864
73.018
73.0502
73.1221
73.1235
73.2019
73.1996
73.2372
73.2659
73.3068
73.3071
73.3131
73.3473
73.338
73.3792
73.3691
73.3669
73.3537
73.4019
73.4172
73.4508
73.4536
73.4987
73.5658
73.5272
73.5558
73.5698
73.6429
73.6231
73.6166
73.6793
73.6743
73.7237
73.7228
73.7203
73.7468
73.738
73.7544
73.7393
73.6703
73.7013
73.6745
73.6125
73.6005
73.5828
73.5913
73.5897
73.5719
73.5322
73.5397
73.5213
73.5088
73.4961
73.4346
73.4371
73.4636
73.4162
73.4113
73.3865
73.3802
73.4142
73.4307
73.442
73.4072
73.3962
73.3156
73.3536
73.3261
73.2943
73.283
73.253
73.2373
73.225
73.1525
73.1328
73.0961
73.0954
73.0929
73.0543
73.0061
73.005
73.0506
72.9799
72.9815
72.9154
72.8598
72.8905
72.8661
72.8618
72.8678
72.8112
72.829
72.8002
72.7626
72.7664
72.7001
72.6796
72.7161
72.7074
72.7053
72.7287
72.7393
72.7081
72.6914
72.7047
72.7544
72.7094
72.6936
72.6752
72.7176
72.7092
72.697
72.6779
72.6769
72.6597
72.6799
72.7068
72.6866
72.7137
72.7018
72.7061
72.7245
72.6687
72.7219
72.7237
72.6612
72.7196
72.6771
72.6894
72.6903
72.6916
72.6773
72.6345
72.6595
72.648
72.6029
72.623
72.5673
72.5672
72.5619
72.5314
72.5109
72.5168
72.5244
72.4426
72.4387
72.4407
72.4427
72.402
72.3811
72.3959
72.3351
72.3166
72.3292
72.2978
72.3007
72.2355
72.2623
72.225
72.1622
72.1678
72.148
72.1528
72.1607
72.159
72.1505
72.112
72.1057
72.0905
72.1153
72.0941
72.1297
72.1195
72.0795
72.0356
72.0371
72.0353
71.9801
71.9727
71.9736
71.9828
71.9385
71.9397
71.9346
71.8958
71.8736
71.8853
71.8681
71.8625
71.8514
71.8213
71.8401
71.7882
71.7621
71.7412
71.7338
71.6412
71.6096
71.6303
71.5952
71.5781
71.5298
71.4983
71.4278
71.3987
71.3784
71.3184
71.2747
71.2596
71.2112
71.2092
71.1694
71.1288
71.1297
71.0817
71.0697
71.0082
70.9808
70.993
70.9369
70.9204
70.8757
70.868
70.8524
70.8553
70.8644
70.8337
70.8392
70.8629
70.8354
70.8344
70.8111
70.8086
70.7783
70.7781
70.7633
70.6836
70.7097
70.7366
70.7083
70.7029
70.7221
70.7344
70.852
70.9501
71.0526
71.2168
71.292
71.4143
71.5791
71.6643
71.9052
72.1327
72.3802
72.619
72.9014
73.1243
73.3532
73.5763
73.796
74.0476
74.229
74.3868
74.5989
74.8057
74.9624
75.1961
75.4249
75.5849
75.8377
76.1149
76.4027
76.6914
76.9581
77.2501
77.5186
77.773
78.0838
78.2982
78.56
78.844
79.0704
79.3119
79.4787
79.7302
79.9415
80.2095
80.3883
80.5682
80.7999
81.0034
81.2713
81.504
81.6931
81.8665
82.0772
82.3631
82.5005
82.6507
82.8275
82.9538
83.1205
83.2736
83.4401
83.6097
83.7481
83.8432
83.9097
83.9516
83.9834
84.0395
84.0903
84.1155
84.2414
84.2977
84.3533
84.3761
84.4323
84.4612
84.4781
84.5341
84.5779
84.6707
84.8446
85.0046
85.0715
85.0786
85.1331
85.2432
85.4258
85.6652
85.8685
86.1127
86.3456
86.5476
86.7772
87.0246
87.2196
87.4713
87.6981
87.9296
88.1352
88.3677
88.5781
88.7939
89.0047
89.2139
89.4505
89.6416
89.836
90.0278
90.211
90.4192
90.5859
90.7755
90.9517
91.1168
91.3116
91.4575
91.6277
91.8252
91.9926
92.224
92.4051
92.6176
92.7959
92.998
93.1901
93.3905
93.526
93.7486
93.9284
94.1218
94.3257
94.5405
94.7543
94.9805
95.1608
95.3113
95.516
95.7054
95.8829
96.0474
96.2018
96.3908
96.5453
96.7166
96.8804
97.0307
97.1868
97.3537
97.5608
97.7132
97.8915
98.0345
98.1772
98.321
98.4726
98.5734
98.7122
98.8362
99.0003
99.1176
99.2554
99.4157
99.5245
99.6652
99.76
99.8852
99.9992
100.104
100.203
100.282
100.407
100.514
100.585
100.694
100.772
100.881
100.974
101.057
101.147
101.231
101.305
101.4
101.462
101.509
101.587
101.659
101.763
101.853
101.935
102.045
102.156
102.244
102.341
102.417
102.535
102.612
102.674
102.791
102.865
102.917
102.987
103.074
103.162
103.301
103.396
103.514
103.613
103.663
103.716
103.778
103.812
103.885
103.925
103.962
104.024
104.132
104.174
104.258
104.345
104.402
104.428
104.508
104.562
104.565
104.645
104.703
104.808
104.938
105.047
105.152
105.245
105.366
105.462
105.571
105.678
105.755
105.865
105.967
106.067
106.163
106.231
106.324
106.372
106.433
106.492
106.577
106.639
106.72
106.8
106.871
106.938
107.018
107.085
107.164
107.228
107.294
107.356
107.436
107.502
107.554
107.589
107.654
107.714
107.804
107.889
107.992
108.07
108.17
108.25
108.31
108.414
108.483
108.556
108.627
108.71
108.772
108.85
108.938
108.997
109.066
109.134
109.195
109.244
109.303
109.349
109.448
109.549
109.655
109.756
109.854
109.94
110.057
110.138
110.235
110.314
110.38
110.429
110.487
110.553
110.611
110.671
110.739
110.814
110.888
110.966
111.033
111.111
111.167
111.224
111.298
111.357
111.406
111.453
111.521
111.586
111.657
111.695
111.727
111.76
111.786
111.83
111.867
111.911
111.966
112.03
112.091
112.142
112.216
112.285
112.341
112.425
112.514
112.579
112.623
112.696
112.78
112.835
112.903
112.966
113.021
113.057
113.09
113.124
113.17
113.213
113.233
113.24
113.26
113.277
113.286
113.282
113.283
113.273
113.263
113.242
113.212
113.192
113.172
113.155
113.136
113.118
113.098
113.073
113.067
113.041
113.036
113.016
112.993
112.956
112.938
112.933
112.968
112.979
113.025
113.034
113.052
113.078
113.079
113.075
113.05
113.062
113.069
113.057
113.041
113.05
113.042
113.016
113.009
113.024
113.005
113.008
113.015
113.017
112.995
112.991
112.977
112.969
112.953
112.951
112.95
112.97
112.956
112.923
112.894
112.859
112.837
112.797
112.771
112.732
112.708
112.666
112.617
112.614
112.601
112.596
112.595
112.574
112.559
112.562
112.56
112.529
112.53
112.519
112.485
112.453
112.431
112.395
112.368
112.336
112.296
112.269
112.252
112.23
112.207
112.189
112.162
112.13
112.117
112.092
112.057
112.036
112.017
111.992
111.973
111.948
111.916
111.886
111.911
111.997
112.07
112.119
112.179
112.249
112.332
112.407
112.477
112.537
112.606
112.684
112.76
112.844
112.926
113.018
113.13
113.194
113.283
113.383
113.461
113.523
113.578
113.647
113.729
113.772
113.849
113.894
113.938
113.979
114.021
114.071
114.121
114.162
114.194
114.243
114.278
114.323
114.353
114.381
114.409
114.441
114.472
114.503
114.526
114.537
114.562
114.577
114.597
114.617
114.616
114.62
114.612
114.61
114.608
114.591
114.58
114.552
114.528
114.508
114.484
114.448
114.413
114.378
114.352
114.308
114.264
114.222
114.182
114.141
114.081
114.042
113.979
113.934
113.87
113.817
113.759
113.697
113.634
113.574
113.523
113.454
113.383
113.325
113.246
113.185
113.131
113.056
112.985
112.937
112.873
112.841
112.808
112.781
112.744
112.715
112.679
112.644
112.618
112.583
112.524
112.519
112.57
112.581
112.598
112.599
112.601
112.602
112.644
112.657
112.67
112.678
112.675
112.652
112.614
112.619
112.609
112.628
112.64
112.631
112.617
112.634
112.606
112.615
112.619
112.619
112.616
112.622
112.622
112.599
112.606
112.619
112.602
112.589
112.577
112.574
112.556
112.557
112.558
112.529
112.494
112.521
112.526
112.515
112.492
112.482
112.457
112.424
112.407
112.396
112.372
112.363
112.359
112.379
112.39
112.399
112.383
112.417
112.475
112.519
112.563
112.599
112.64
112.674
112.679
112.753
112.798
112.776
112.781
112.799
112.786
112.786
112.765
112.76
112.745
112.769
112.768
112.776
112.744
112.655
112.576
112.521
112.499
112.415
112.342
112.35
112.291
112.236
112.168
112.143
112.06
111.952
111.918
111.758
111.636
111.568
111.45
111.405
111.297
111.216
111.098
110.982
110.904
110.85
110.787
110.737
110.686
110.622
110.58
110.484
110.47
110.377
110.326
110.239
110.195
110.116
110.071
109.999
109.937
109.861
109.78
109.699
109.604
109.563
109.448
109.423
109.309
109.231
109.107
109.033
108.958
108.837
108.669
108.449
108.22
108.017
107.817
107.606
107.434
107.199
107.012
106.809
106.642
106.406
105.92
105.532
105.411
105.311
105.178
105.04
104.853
104.806
104.579
104.39
104.306
104.145
103.913
103.718
103.558
103.381
103.146
102.982
102.816
102.615
102.428
102.265
102.063
101.841
101.683
101.577
101.424
101.331
101.131
100.941
100.748
100.599
100.458
100.292
100.056
99.8702
99.6834
99.4586
99.2844
99.1363
98.9168
98.7452
98.5444
98.3447
98.124
97.9724
97.8091
97.5985
97.417
97.2649
97.1081
96.9212
96.7683
96.6297
96.437
96.2612
96.1107
95.8879
95.7194
95.5337
95.3484
95.1151
94.9516
94.738
94.5387
94.3527
94.1383
93.9499
93.7207
93.5402
93.322
93.1106
92.9258
92.7236
92.5245
92.3164
92.1506
91.9723
91.7797
91.6224
91.4113
91.2225
91.0872
90.8989
90.7353
90.6182
90.4455
90.2687
90.1419
90.0114
89.8887
89.7598
89.6003
89.4371
89.3231
89.186
89.0529
88.9515
88.8072
88.7044
88.5488
88.4221
88.3067
88.1727
88.0599
87.9559
87.851
87.7261
87.6441
87.5336
87.4105
87.3133
87.218
87.0779
86.9556
86.844
86.7607
86.6348
86.594
86.537
86.4583
86.4003
86.3551
86.272
86.1451
86.0916
86.01
85.922
85.8594
85.7418
85.6392
85.5775
85.5002
85.4604
85.3742
85.312
85.2807
85.2007
85.1708
85.1084
85.0161
84.932
84.8671
84.8365
84.7464
84.7122
84.6767
84.6191
84.5685
84.5562
84.5362
84.5124
84.4984
84.4592
84.4467
84.4494
84.4291
84.4507
84.4619
84.4204
84.3983
84.3361
84.3159
84.242
84.2108
84.2089
84.137
84.0703
83.9856
83.8735
83.8185
83.8013
83.7243
83.6864
83.601
83.594
83.5496
83.498
83.4211
83.4133
83.3795
83.3379
83.3202
83.2636
83.1796
83.1109
82.9911
82.8962
82.8245
82.7536
82.6972
82.6001
82.4999
82.4442
82.3299
82.247
82.1431
82.0704
81.9865
81.9291
81.854
81.7052
81.6168
81.4876
81.3711
81.347
81.2862
81.2534
81.1978
81.1114
81.0491
80.9598
80.8138
80.7569
80.7079
80.5687
80.4708
80.4162
80.3231
80.2714
80.1093
80.0352
79.9129
79.8664
79.7459
79.691
79.6165
79.4954
79.4083
79.35
79.2888
79.1759
79.0981
79.042
78.9814
78.8681
78.8069
78.6812
78.6177
78.4803
78.4376
78.3596
78.2557
78.2299
78.1474
78.1068
78.013
77.9248
77.8391
77.7744
77.7333
77.6465
77.6153
77.5405
77.462
77.4247
77.339
77.2962
77.2722
77.203
77.1381
77.1015
77.0067
76.9885
76.9363
76.8859
76.8467
76.8051
76.7397
76.6831
76.6442
76.5847
76.5558
76.4787
76.4516
76.3531
76.2621
76.1919
76.1594
76.1191
76.0182
75.9789
75.9423
75.8887
75.8607
75.8124
75.6765
75.6087
75.5714
75.5162
75.4968
75.4686
75.4517
75.4413
75.3534
75.3269
75.3119
75.2789
75.2573
75.2602
75.2118
75.1901
75.1488
75.1037
75.0729
74.9736
74.9265
74.8766
74.83
74.767
74.7585
74.5974
74.5726
74.485
74.4555
74.371
74.3269
74.2057
74.1565
74.0623
74.0207
74.0204
73.984
73.9271
73.892
73.8887
73.8407
73.8098
73.7611
73.6975
73.6543
73.5832
73.5785
73.5283
73.4971
73.5041
73.4591
73.4601
73.3632
73.3396
73.2815
73.2791
73.2599
73.2673
73.1634
73.1162
73.1341
73.0899
73.089
73.0355
72.9993
72.965
72.9627
72.9538
72.909
72.9154
72.9188
72.803
72.7604
72.7759
72.7315
72.7433
72.7484
72.7582
72.7219
72.6992
72.6991
72.6895
72.6468
72.5894
72.6074
72.5648
72.5029
72.5164
72.4767
72.4357
72.3877
72.3693
72.3727
72.3692
72.3649
72.3356
72.3078
72.3312
72.3187
72.406
72.4541
72.4347
72.5141
72.5656
72.5807
72.6394
72.6968
72.7359
72.7561
72.7702
72.7949
72.7653
72.8037
72.8064
72.796
72.8181
72.7865
72.7343
72.7156
72.6816
72.6827
72.6861
72.6782
72.6962
72.6285
72.6211
72.622
72.5495
72.5346
72.4907
72.4425
72.4383
72.4162
72.3722
72.3912
72.3299
72.3195
72.3601
72.2994
72.3457
72.3735
72.4016
72.3742
72.4103
72.42
72.427
72.483
72.4711
72.4525
72.4441
72.4175
72.4288
72.4248
72.4377
72.4563
72.4519
72.4256
72.4422
72.4451
72.4196
72.4764
72.4565
72.4691
72.4486
72.4735
72.4223
72.3743
72.3722
72.3693
72.3513
72.2634
72.1545
72.172
72.0535
72.0833
71.9943
71.9491
71.8875
71.8111
71.8204
71.7635
71.6659
71.6508
71.5925
71.5835
71.5778
71.5663
71.5483
71.5859
71.5509
71.5664
71.5423
71.5415
71.5801
71.5425
71.5612
71.5706
71.5148
71.5051
71.5276
71.5185
71.5451
71.5424
71.5379
71.5055
71.5158
71.514
71.5224
71.4959
71.4993
71.4988
71.5025
71.4233
71.4153
71.3649
71.3952
71.2929
71.3333
71.3692
71.374
71.3818
71.3374
71.3427
71.2976
71.2768
71.3185
71.2786
71.2994
71.2984
71.3509
71.407
71.3983
71.4465
71.435
71.4858
71.444
71.4753
71.5199
71.5451
71.5211
71.5318
71.54
71.5833
71.6402
71.6229
71.6581
71.6937
71.6498
71.6956
71.6675
71.7042
71.6755
71.6932
71.692
71.6175
71.6115
71.6257
71.6343
71.6393
71.6495
71.6597
71.7145
71.7393
71.7814
71.8011
71.8257
71.8694
71.895
71.9259
71.9345
71.9597
72.0052
72.0412
72.0947
72.1335
72.0937
72.1385
72.1529
72.1617
72.1952
72.2683
72.321
72.3007
72.3238
72.3392
72.349
72.3735
72.3566
72.3584
72.3752
72.4221
72.4144
72.4475
72.5051
72.5385
72.4898
72.5137
72.5516
72.4767
72.4921
72.5149
72.5099
72.5332
72.481
72.4639
72.423
72.3787
72.3901
72.4764
72.4826
72.5041
72.4556
72.4623
72.4713
72.4915
72.4454
72.4623
72.4832
72.5405
72.568
72.532
72.5282
72.5071
72.5277
72.5328
72.5081
72.5283
72.5268
72.5371
72.4836
72.5009
72.44
72.4564
72.4708
72.4516
72.4253
72.4237
72.4403
72.4761
72.4628
72.4616
72.422
72.3553
72.3631
72.3744
72.3742
72.3863
72.4036
72.4461
72.4248
72.3914
72.3736
72.3461
72.3658
72.3057
72.3272
72.3422
72.3939
72.4349
72.4449
72.4652
72.5134
72.4175
72.4575
72.4635
72.447
72.4959
72.4932
72.4852
72.5168
72.5131
72.4954
72.2979
72.1499
72.1111
72.0518
72.0275
72.0532
72.0138
71.9549
71.901
71.8246
71.6987
71.6329
71.6283
71.604
71.6177
71.5487
71.4986
71.4459
71.3873
71.3597
71.3691
71.331
71.3172
71.2798
71.2198
71.1691
71.128
71.1533
71.0989
71.1219
71.06
71.0391
70.9441
70.9125
70.8531
70.8805
70.827
70.7822
70.7877
70.7043
70.7307
70.6553
70.636
70.6489
70.687
70.6744
70.6544
70.6301
70.6303
70.6223
70.6435
70.6194
70.6522
70.6127
70.6262
70.621
70.5531
70.5299
70.4899
70.4379
70.4279
70.4193
70.45
70.3708
70.3453
70.3556
70.3585
70.3402
70.3369
70.3065
70.2474
70.1489
70.1907
70.1823
70.1802
70.1301
70.0878
70.055
70.1021
70.0623
70.0766
69.9963
70.0322
69.9487
69.9165
69.9564
69.9823
69.925
69.9201
69.9583
69.9373
69.9194
69.9245
69.9729
69.9204
69.9192
69.8522
69.882
69.8818
69.8858
69.8781
69.8695
69.8384
69.843
69.7999
69.7579
69.7493
69.7306
69.6798
69.6687
69.6598
69.5737
69.5709
69.5424
69.5481
69.6067
69.57
69.5837
69.5207
69.4662
69.4656
69.3781
69.3916
69.3708
69.3783
69.3853
69.3779
69.3739
69.4347
69.4366
69.3949
69.4257
69.3408
69.3806
69.3368
69.3149
69.2923
69.2562
69.2618
69.1998
69.1948
69.2055
69.2003
69.22
69.197
69.1975
69.2487
69.2741
69.2938
69.3363
69.3943
69.4069
69.3614
69.432
69.4152
69.4567
69.4234
69.4274
69.4265
69.4363
69.4509
69.4402
69.4394
69.4922
69.4268
69.4458
69.4241
69.4616
69.4883
69.4823
69.5386
69.5485
69.513
69.5436
69.5353
69.5497
69.5276
69.5163
69.4469
69.494
69.4556
69.5075
69.4879
69.453
69.462
69.4614
69.4541
69.3907
69.3668
69.3957
69.3527
69.3728
69.3146
69.2931
69.2743
69.2111
69.1957
69.1595
69.1504
69.1062
69.1168
69.1502
69.156
69.1112
69.0817
69.1293
69.102
69.1315
69.1458
69.1619
69.1686
69.1181
69.1029
69.0867
69.1172
69.118
69.1095
69.1708
69.1391
69.1255
69.1747
69.1641
69.1831
69.1843
69.2205
69.2336
69.2855
69.2078
69.2354
69.2256
69.2334
69.2188
69.164
69.1508
69.1384
69.14
69.1557
69.1585
69.1244
69.1223
69.1618
69.2035
69.1669
69.145
69.1828
69.1775
69.1431
69.1673
69.1554
69.1511
69.1817
69.2227
69.1996
69.2165
69.2627
69.2672
69.2755
69.2837
69.3168
69.3286
69.3544
69.305
69.3085
69.3555
69.3385
69.358
69.3526
69.4068
69.3422
69.3844
69.3869
69.3919
69.3965
69.4241
69.4692
69.4919
69.512
69.5299
69.5129
69.5329
69.5347
69.5409
69.5667
69.6017
69.6214
69.6114
69.6408
69.6776
69.6211
69.6294
69.6346
69.5939
69.5607
69.5077
69.4687
69.4709
69.4171
69.396
69.3638
69.3202
69.3017
69.3653
69.4071
69.4096
69.4752
69.445
69.4987
69.5297
69.5101
69.5215
69.5491
69.6214
69.6367
69.6415
69.6565
69.6469
69.6336
69.6062
69.5626
69.5644
69.6096
69.5861
69.6322
69.6128
69.6075
69.6158
69.628
69.6088
69.6134
69.6413
69.6724
69.6576
69.6221
69.6708
69.6624
69.6633
69.6389
69.6477
69.6482
69.651
69.642
69.639
69.6564
69.7063
69.662
69.6946
69.6875
69.6794
69.7288
69.7738
69.7877
69.7805
69.781
69.7438
69.7915
69.7835
69.8028
69.7963
69.8046
69.7896
69.8071
69.7982
69.7982
69.7975
69.8071
69.8125
69.8519
69.8927
69.9173
69.9305
69.9116
69.9628
69.9889
69.9909
70.0561
70.0653
70.051
70.0157
70.0494
70.0177
69.996
69.9761
69.9942
69.9665
69.9184
69.9205
69.8821
69.942
69.9214
69.9252
69.9335
69.9118
69.8801
69.902
69.86
69.8354
69.8416
69.8415
69.8062
69.7972
69.7808
69.8308
69.8604
69.8836
69.9059
69.8951
69.9226
69.7203
69.6657
69.6997
69.7092
69.76
69.7572
69.7959
69.7854
69.8244
69.8476
69.8385
69.872
69.8576
69.8815
69.9232
69.8254
69.814
69.908
69.9459
69.9823
70.011
69.9881
70.0253
70.0592
70.0562
70.0864
70.1027
70.1353
70.1191
70.1649
70.2035
70.2198
70.2681
70.2855
70.3121
70.3517
70.3674
70.4176
70.413
70.45
70.474
70.5163
70.5567
70.5496
70.6
70.5504
70.5805
70.5915
70.587
70.6118
70.6127
70.6861
70.7374
70.7832
70.8005
70.8958
70.9463
70.964
71.0296
71.0897
71.1105
71.1488
71.1913
71.2257
71.2329
71.2926
71.3303
71.3587
71.4016
71.4201
71.4636
71.5479
71.596
71.6259
71.6704
71.743
71.7295
71.7535
71.8526
71.8549
71.9008
71.9767
72.0354
72.0604
72.1507
72.1582
72.1542
72.2043
72.1968
72.2278
72.2164
72.217
72.2715
72.2559
72.3057
72.3001
72.3058
72.3344
72.2932
72.3264
72.353
72.3929
72.3185
72.4003
72.339
72.3645
72.3949
72.4357
72.4678
72.4196
72.4642
72.4465
72.4342
72.4138
72.4735
72.4864
72.4261
72.3922
72.3909
72.3338
72.3629
72.3199
72.3604
72.4014
72.4171
72.4557
72.4568
72.4673
72.442
72.4918
72.492
72.4849
72.4861
72.5023
72.5346
72.5543
72.538
72.611
72.567
72.5715
72.5258
72.5201
72.5573
72.5609
72.5324
72.4909
72.5011
72.4752
72.4445
72.4698
72.4669
72.4904
72.458
72.4592
72.5248
72.481
72.4858
72.452
72.4629
72.424
72.407
72.3765
72.4085
72.3551
72.3377
72.2977
72.2981
72.2791
72.2647
72.2272
72.216
72.2172
72.2234
72.1816
72.2409
72.2531
72.2751
72.2553
72.2543
72.2559
72.2584
72.2812
72.265
72.2855
72.3239
72.3223
72.3707
72.3807
72.3931
72.4113
72.3921
72.4082
72.4134
72.449
72.4624
72.4755
72.5084
72.4906
72.5014
72.4463
72.4097
72.3562
72.3854
72.3497
72.3435
72.3047
72.3318
72.3095
72.3104
72.291
72.271
72.246
72.2572
72.2647
72.2143
72.173
72.1297
72.0981
72.099
72.0872
72.0101
72.0448
71.9706
72.0103
71.9773
71.9634
71.9765
71.9189
71.8981
71.8552
71.7994
71.7784
71.7522
71.7418
71.7422
71.703
71.6893
71.6733
71.6447
71.588
71.6044
71.5224
71.4601
71.4082
71.4111
71.418
71.3643
71.3548
71.3166
71.3097
71.2878
71.262
71.2813
71.2481
71.2329
71.2276
71.1779
71.1455
71.0881
71.0931
71.0173
71.0641
70.9984
70.9249
70.8753
70.8716
70.8365
70.7625
70.7156
70.6477
70.6024
70.6157
70.5657
70.5407
70.5281
70.5619
70.4814
70.4811
70.4312
70.4332
70.447
70.4151
70.3806
70.3695
70.3576
70.3313
70.2955
70.2535
70.2196
70.1769
70.1186
70.1065
70.0657
70.0473
70.0219
70.0174
69.9806
69.9575
69.9254
69.9339
69.8725
69.871
69.831
69.7393
69.729
69.6957
69.6935
69.7146
69.6691
69.6799
69.597
69.5638
69.5322
69.514
69.5042
69.4467
69.4448
69.3742
69.3219
69.3043
69.2886
69.27
69.2423
69.209
69.1646
69.1371
69.124
69.0581
69.0079
69.007
69.0084
68.9696
68.9204
68.8955
68.9024
68.8974
68.8215
68.8633
68.8493
68.8414
68.8394
68.8445
68.8443
68.8348
68.8205
68.8098
68.8322
68.8393
68.8395
68.8127
68.8121
68.8273
68.8966
68.9144
68.9104
68.9487
68.906
68.8709
68.9038
68.8908
68.8966
68.9137
68.946
68.8861
68.9215
68.9052
68.8718
68.8541
68.8515
68.8076
68.798
68.7734
68.7606
68.7926
68.7559
68.7695
68.7261
68.7571
68.7937
68.809
68.7713
68.7472
68.7347
68.7857
68.7873
68.7776
68.8127
68.8379
68.8176
68.8329
68.8751
68.8256
68.868
68.8613
68.8437
68.8433
68.808
68.8207
68.7857
68.8217
68.8469
68.8552
68.832
68.788
68.775
68.7548
68.7773
68.7854
68.7385
68.7861
68.7811
68.8055
68.8069
68.8272
68.7958
68.824
68.8361
68.8872
68.8602
68.8551
68.862
68.8935
68.9333
68.9998
69.0217
69.1081
69.1578
69.2248
69.2503
69.2408
69.318
69.3245
69.3811
69.3842
69.4094
69.4149
69.426
69.4412
69.526
69.5548
69.5883
69.6415
69.6551
69.7204
69.7094
69.7698
69.7205
69.7604
69.7803
69.8324
69.8264
69.8115
69.8383
69.8272
69.8376
69.8269
69.8635
69.8859
69.861
69.7436
69.7971
69.796
69.8178
69.8165
69.8233
69.8352
69.8383
69.844
69.8583
69.8363
69.7916
69.7546
69.7901
69.7625
69.7897
69.7861
69.7588
69.7522
69.7912
69.835
69.8214
69.8048
69.8392
69.8343
69.841
69.8722
69.8966
69.9022
69.8957
69.9187
69.9055
69.8967
69.8807
69.8957
69.8691
69.8623
69.7967
69.8521
69.8196
69.8227
69.7836
69.774
69.6761
69.6813
69.66
69.6433
69.6163
69.5996
69.5991
69.6023
69.6346
69.6675
69.707
69.7576
69.7827
69.7336
69.794
69.7938
69.779
69.758
69.8375
69.9094
69.9682
70.0981
70.112
70.1506
70.1896
70.203
70.2167
70.2527
70.2683
70.2916
70.2951
70.3291
70.2893
70.2678
70.2636
70.3129
70.3195
70.2989
70.2703
70.2934
70.3291
70.3332
70.2653
70.2583
70.2575
70.229
70.2547
70.2507
70.2746
70.2703
70.2466
70.2518
70.2302
70.2279
70.1992
70.2477
70.2763
70.2743
70.3097
70.288
70.2788
70.2707
70.2946
70.2885
70.1884
70.2605
70.2651
70.2662
70.2918
70.2647
70.3142
70.3106
70.3244
70.349
70.4021
70.4067
70.4182
70.4647
70.444
70.4852
70.4249
70.438
70.4137
70.3988
70.4319
70.4333
70.4155
70.4398
70.4612
70.5129
70.5703
70.5255
70.5569
70.5322
70.5554
70.578
70.5858
70.5943
70.5784
70.5626
70.5781
70.5672
70.6033
70.6518
70.651
70.6885
70.7661
70.7262
70.8049
70.8782
70.9032
70.9181
70.9771
70.9579
70.972
71.0054
70.9941
70.9503
70.9824
70.9962
71.071
71.1128
71.0926
71.1418
71.1258
71.1325
71.1516
71.1828
71.2388
71.2554
71.3242
71.3788
71.388
71.419
71.4234
71.4566
71.5087
71.5231
71.591
71.6263
71.626
71.6057
71.662
71.6742
71.6599
71.7405
71.7352
71.7306
71.7077
71.7248
71.7681
71.7725
71.7983
71.8191
71.8497
71.8888
71.9392
71.9926
72.0433
72.0966
72.1119
72.1685
72.1759
72.2115
72.2401
72.3136
72.3273
72.2903
72.3412
72.3996
72.4207
72.4153
72.4588
72.4463
72.4047
72.4485
72.4672
72.4892
72.5053
72.5173
72.5738
72.5652
72.5514
72.574
72.5902
72.6393
72.7085
72.7391
72.748
72.76
72.8148
72.8595
72.8579
72.8392
72.8739
72.8421
72.8633
72.8418
72.7879
72.7632
72.7066
72.6872
72.6794
72.6385
72.5942
72.596
72.5791
72.5403
72.4848
72.4586
72.4473
72.4331
72.3976
72.3708
72.3298
72.2927
72.2332
72.2235
72.1638
72.1532
72.1498
72.0553
72.0366
71.9886
71.9608
71.9959
71.9737
71.9972
71.9833
71.9895
71.9849
71.9322
71.873
71.7507
71.7667
71.6996
71.6529
71.608
71.5895
71.5427
71.5058
71.413
71.3761
71.326
71.27
71.2285
71.1743
71.1436
71.1009
71.0692
71.0612
71.0317
71.0344
71.021
70.9451
70.9301
70.8893
70.8822
70.8783
70.8276
70.7521
70.7298
70.7014
70.718
70.6998
70.7159
70.678
70.6533
70.2732
70.1992
70.2058
70.1651
70.1664
70.1698
70.1955
70.174
70.156
70.0959
70.0586
70.018
69.9075
69.9058
69.8345
69.8054
69.7564
69.7301
69.6743
69.6675
69.7075
69.7041
69.6726
69.618
69.5654
69.5207
69.5268
69.5112
69.4562
69.4773
69.4668
69.4641
69.4152
69.3537
69.3753
69.3415
69.2844
69.3118
69.3041
69.263
69.233
69.2507
69.2358
69.211
69.2018
69.1869
69.1985
69.2018
69.2075
69.2102
69.2056
69.2064
69.1618
69.2089
69.1488
69.1788
69.1645
69.2131
69.2326
69.1963
69.2217
69.2132
69.2157
69.2501
69.2459
69.205
69.1657
69.1787
69.153
69.1733
69.1707
69.1815
69.2145
69.2196
69.2465
69.2805
69.2656
69.2595
69.2714
69.2526
69.2175
69.2185
69.1818
69.1712
69.0721
69.0563
68.9946
69.0187
68.9939
69.0365
69.0098
69.0014
68.9635
68.9486
68.9358
68.9293
68.9569
68.9575
68.9644
68.9667
68.9811
68.9375
68.9482
68.8585
68.8394
68.8656
68.8769
68.9116
68.8671
68.8976
68.9207
68.9213
68.9066
68.8904
68.8829
68.8608
68.8705
68.8592
68.7985
68.7758
68.8081
68.7993
68.7968
68.8195
68.8512
68.8675
68.8862
68.8949
68.9193
68.9355
68.9869
69.0067
69.0522
69.0526
69.0834
69.1349
69.2185
69.2652
69.2715
69.3416
69.3375
69.3611
69.4328
69.4743
69.5254
69.5926
69.6404
69.6916
69.7435
69.7705
69.8008
69.8241
69.8505
69.9075
69.9583
69.9348
69.9475
69.9727
70.0001
69.9991
69.9927
70.0507
70.1207
70.1106
70.1706
70.1511
70.112
70.1519
70.2164
70.1796
70.1897
70.214
70.2389
70.2806
70.2697
70.2751
70.281
70.2949
70.2856
70.3149
70.309
70.3558
70.3419
70.3996
70.45
70.4792
70.5304
70.6026
70.6707
70.6804
70.7258
70.7652
70.8137
70.8645
70.8488
70.9195
70.9653
71.0273
71.0011
71.0429
71.0539
71.0643
71.1028
71.1361
71.1525
71.1864
71.1703
71.1858
71.1722
71.1769
71.1616
71.1811
71.185
71.1966
71.1939
71.1962
71.1891
71.2352
71.2271
71.2524
71.2555
71.3065
71.2863
71.2945
71.2907
71.297
71.2696
71.2623
71.2944
71.3456
71.3451
71.3753
71.3618
71.3684
71.4443
71.4395
71.4862
71.5254
71.543
71.5814
71.6233
71.6623
71.7142
71.7587
71.7312
71.7089
71.7642
71.7143
71.702
71.7122
71.7517
71.7373
71.7797
71.8431
71.8664
71.9292
71.9577
71.9223
71.9691
71.9123
71.9706
71.8745
71.9217
71.9675
71.9946
72.0213
72.0197
72.0698
72.1058
72.1786
72.1888
72.1845
72.191
72.1353
72.1139
72.1269
72.1094
72.1637
72.1557
72.1189
72.1187
72.159
72.1587
72.1784
72.1794
72.2139
72.2033
72.1965
72.2065
72.1831
72.211
72.2485
72.2475
72.3
72.3468
72.3738
72.4273
72.3505
72.3757
72.369
72.3882
72.364
72.3624
72.4207
72.4151
72.3756
72.3864
72.3899
72.4622
72.4376
72.4885
72.5258
72.4995
72.5347
72.5808
72.5928
72.6669
72.6714
72.6679
72.6841
72.6954
72.7033
72.7519
72.7772
72.7742
72.7904
72.7804
72.7473
72.7612
72.7491
72.75
72.6853
72.698
72.6535
72.6402
72.6376
72.6014
72.5645
72.5591
72.6081
72.5501
72.5176
72.5479
72.5493
72.5478
72.5398
72.5578
72.5273
72.5774
72.6218
72.6564
72.6538
72.6399
72.71
72.7355
72.777
72.7953
72.8181
72.819
72.843
72.8501
72.8772
72.894
72.9331
72.9736
73.0292
73.0176
73.0823
73.0547
73.0457
73.0752
73.0562
73.0526
72.9959
73.024
72.99
73.0193
72.9894
72.996
72.9701
73.0007
72.9605
72.957
72.9958
72.9705
72.9673
72.9638
72.9294
72.9449
72.9848
72.9806
72.9567
72.9394
72.9388
72.9352
72.9012
72.8972
72.9497
72.956
72.9759
72.9942
73.0139
72.9965
73.0096
73.0388
73.0047
72.9893
72.9698
72.921
72.9045
72.9097
72.8473
72.8431
72.8318
72.7781
72.7798
72.7333
72.6979
72.7375
72.7094
72.6819
72.7215
72.7258
72.6683
72.6379
72.6185
72.5635
72.536
72.5414
72.5881
72.5223
72.5321
72.5449
72.5177
72.4748
72.4924
72.4475
72.4603
72.4049
72.4209
72.4552
72.4758
72.4573
72.462
72.4938
72.5056
72.5034
72.4597
72.4671
72.4914
72.4887
72.4836
72.4461
72.4222
72.4186
72.3924
72.3947
72.3925
72.3997
72.3428
72.3506
72.3589
72.3689
72.3404
72.3469
72.3149
72.304
72.2722
72.2644
72.2446
72.2296
72.2292
72.1993
72.2085
72.1782
72.1514
72.1498
72.1149
72.0919
72.082
72.0794
72.0554
72.074
72.0194
72.0291
71.9765
71.9337
71.8932
71.866
71.8321
71.8512
71.797
71.75
71.7097
71.7026
71.6371
71.5893
71.6004
71.5522
71.554
71.5171
71.4713
71.4634
71.3605
71.3507
71.3298
71.2656
71.2571
71.2222
71.1925
71.1568
71.0759
71.0271
71.0049
70.9946
70.9597
70.9687
70.9453
70.9164
70.9257
70.8419
70.7727
70.7318
70.7531
70.7332
70.7157
70.6638
70.6111
70.6358
70.6003
70.585
70.5279
70.4382
70.4564
70.4636
70.4488
70.443
70.4215
70.3675
70.383
70.3963
70.394
70.2952
70.2319
70.2919
70.3341
70.3849
70.3968
70.4472
70.4028
70.4064
70.4579
70.4445
70.4154
70.4045
70.437
70.4326
70.4464
70.4573
70.4252
70.4271
70.428
70.4432
70.4461
70.4337
70.4523
70.4461
70.4803
70.5129
70.5537
70.5474
70.5952
70.5802
70.6044
70.6102
70.6341
70.6462
70.6473
70.5822
70.5969
70.5986
70.6045
70.6597
70.6787
70.716
70.7402
70.7311
70.8119
70.7484
70.7383
70.7527
70.7575
70.7971
70.8101
70.8218
70.8505
70.8705
70.8655
70.8532
70.9193
70.9473
70.9734
70.9905
71.0029
70.9881
71.015
71.0279
71.0157
71.0737
71.0539
71.0259
71.0722
71.0507
71.0451
71.0263
71.0269
71.0111
71.0528
71.0582
71.048
71.072
71.0735
71.0548
71.0347
71.0273
71.0027
70.972
70.9848
70.9643
70.9518
70.9544
70.934
70.9131
70.9128
70.9367
70.9133
70.9179
70.9015
70.8974
70.8881
70.8699
70.8802
70.8708
70.8768
70.8882
70.8938
70.8403
70.8063
70.7691
70.7377
70.7725
70.7145
70.723
70.7521
70.7503
70.7242
70.7307
70.7329
70.6657
70.5905
70.5668
70.5727
70.5694
70.5775
70.5228
70.5166
70.5207
70.4523
70.497
70.5065
70.4969
70.5323
70.522
70.5587
70.5645
70.5558
70.5181
70.4918
70.4864
70.502
70.5155
70.475
70.5177
70.512
70.497
70.485
70.4993
70.5068
70.5323
70.5839
70.5877
70.6235
70.6768
70.6745
70.6959
70.6714
70.7142
70.7296
70.7663
70.7442
70.7701
70.7652
70.7645
70.7589
70.7649
70.7685
70.7664
70.7601
70.7854
70.7215
70.797
70.8022
70.8295
70.8657
70.8892
70.9255
70.9081
70.9724
71.0335
71.0892
71.1384
71.1666
71.2171
71.2543
71.2959
71.3225
71.3666
71.3741
71.4388
71.4477
71.5113
71.5773
71.6114
71.6809
71.7201
71.7439
71.7434
71.7823
71.8486
71.8649
71.9156
71.9819
72.0484
72.0933
72.1225
72.1617
72.1612
72.2191
72.2193
72.2459
72.2878
72.303
72.3093
72.3395
72.376
72.4211
72.4192
72.4938
72.5031
72.5455
72.5843
72.5625
72.6325
72.6198
72.6346
72.6995
72.7136
72.675
72.6806
72.716
72.7113
72.7548
72.748
72.7694
72.8178
72.8334
72.828
72.8643
72.8987
72.8959
72.8798
72.8488
72.861
72.8917
72.9053
72.9449
72.9405
72.9403
72.9762
72.9705
72.946
72.8934
72.9144
72.8952
72.9388
72.8759
72.8862
72.8821
72.8498
72.8925
72.8708
72.8762
72.8912
72.9097
72.9209
72.9427
72.947
72.9478
72.9998
72.9621
72.9858
72.9807
73.0355
73.0754
73.0911
73.1413
73.2141
73.259
73.3343
73.3659
73.3792
73.4357
73.4545
73.4844
73.5003
73.5121
73.5133
73.5041
73.4424
73.4608
73.5117
73.5048
73.5202
73.5057
73.5384
73.5545
73.6033
73.6057
73.6024
73.6015
73.5831
73.5787
73.6053
73.6019
73.5858
73.6127
73.6642
73.678
73.7447
73.6838
73.6483
73.6859
73.6242
73.6266
73.576
73.5958
73.5557
73.5698
73.5562
73.5944
73.5841
73.592
73.6014
73.6312
73.6598
73.6863
73.7572
73.7433
73.7516
73.7608
73.7653
73.7564
73.7655
73.7773
73.7718
73.7734
73.798
73.8402
73.822
73.8656
73.8638
73.8742
73.8684
73.8929
73.9064
73.9122
73.934
73.9503
73.9566
73.9233
73.9702
73.9921
73.9937
74.0036
73.9879
74.003
74.0028
74.0331
74.0687
74.0972
74.0892
74.0841
74.0917
74.0891
74.1093
74.0767
74.1283
74.1557
74.1417
74.149
74.1356
74.1067
74.1196
74.1339
74.1434
74.1788
74.2126
74.1927
74.1356
74.0902
74.1251
74.1513
74.146
74.1414
74.1506
74.122
74.1482
74.1719
74.1748
74.1737
74.1765
74.1741
74.1944
74.1511
74.1617
74.1407
74.1657
74.1565
74.1511
74.1286
74.1026
74.1355
74.1629
74.1691
74.2124
74.2113
74.2341
74.224
74.2532
74.3014
74.3053
74.2875
74.257
74.2797
74.251
74.262
74.3523
74.3899
74.5047
74.5224
74.6094
74.6327
74.6213
74.7002
74.783
74.83
74.7918
74.8547
74.9054
74.925
74.9017
74.9323
74.9098
74.877
74.8815
74.851
74.8518
74.8405
74.8361
74.8594
74.9553
74.9253
74.9135
74.8693
74.8948
74.9872
75.0875
75.1788
75.3353
75.4907
75.5865
75.7108
75.8717
75.9789
76.0561
76.0852
76.1714
76.3312
76.4585
76.5582
76.7385
76.8595
77
77.1353
77.2388
77.3303
77.4546
77.5182
77.6288
77.7143
77.9035
78.1362
78.3032
78.5117
78.7029
78.8628
78.9935
79.2339
79.4274
79.5994
79.8066
79.9848
80.1806
80.3713
80.5016
80.7438
80.8795
81.0732
81.2339
81.4926
81.6539
81.7532
81.954
82.1096
82.2432
82.4307
82.6277
82.7664
82.8545
83.0777
83.2111
83.3451
83.4791
83.6901
83.8136
83.9441
84.1818
84.3268
84.4832
84.7206
84.8269
84.9524
85.1142
85.302
85.5537
85.7882
85.9828
86.2361
86.5281
86.7765
87.0971
87.37
87.646
87.9505
88.2197
88.4939
88.7701
88.9854
89.2147
89.46
89.6752
89.8953
90.0928
90.3034
90.501
90.7209
90.9636
91.1946
91.3904
91.5952
91.8097
91.9796
92.161
92.33
92.4935
92.6849
92.8662
93.0197
93.2017
93.367
93.5481
93.6929
93.848
93.9989
94.127
94.3372
94.5473
94.7487
94.9131
95.0968
95.2797
95.5017
95.6958
95.9133
96.1406
96.3622
96.5557
96.7622
96.9549
97.1618
97.3407
97.5375
97.7208
97.8739
98.0391
98.2083
98.3497
98.4746
98.6322
98.764
98.9266
99.0567
99.1973
99.3417
99.4851
99.6087
99.722
99.851
99.9684
100.09
100.216
100.323
100.433
100.54
100.639
100.755
100.849
100.928
101.018
101.101
101.178
101.233
101.298
101.367
101.424
101.495
101.568
101.649
101.714
101.762
101.859
101.951
102.047
102.089
102.139
102.166
102.219
102.281
102.368
102.444
102.527
102.61
102.697
102.783
102.871
102.996
103.084
103.164
103.231
103.261
103.313
103.362
103.426
103.508
103.587
103.686
103.784
103.874
103.974
104.069
104.153
104.249
104.339
104.435
104.551
104.66
104.766
104.876
104.968
105.074
105.167
105.269
105.344
105.458
105.542
105.63
105.701
105.817
105.892
105.969
106.071
106.162
106.225
106.302
106.341
106.415
106.491
106.589
106.687
106.768
106.853
106.914
106.978
107.039
107.114
107.165
107.23
107.326
107.401
107.481
107.596
107.694
107.779
107.858
107.951
108.007
108.09
108.17
108.248
108.324
108.403
108.474
108.523
108.586
108.655
108.694
108.748
108.789
108.886
108.96
109.03
109.087
109.156
109.211
109.271
109.356
109.433
109.504
109.586
109.662
109.758
109.824
109.875
109.901
109.94
109.971
110.019
110.045
110.062
110.082
110.118
110.141
110.188
110.231
110.272
110.296
110.35
110.415
110.479
110.532
110.589
110.648
110.689
110.738
110.757
110.806
110.855
110.922
110.845
110.798
110.792
110.812
110.82
110.787
110.766
110.783
110.718
110.65
110.648
110.618
110.552
110.507
110.552
110.541
110.546
110.532
110.503
110.452
110.364
110.311
110.295
110.249
110.178
110.168
110.125
110.055
110.035
109.961
109.877
109.867
109.808
109.755
109.746
109.765
109.679
109.615
109.618
109.678
109.682
109.726
109.81
109.806
109.82
109.872
109.896
109.883
109.912
109.96
109.948
109.955
109.991
109.968
109.978
109.988
109.971
109.951
109.988
109.971
109.956
109.961
110.001
109.968
109.945
109.993
109.989
109.956
109.952
109.97
109.941
109.888
109.899
109.866
109.826
109.793
109.806
109.744
109.684
109.69
109.668
109.603
109.576
109.615
109.571
109.525
109.53
109.515
109.463
109.471
109.498
109.486
109.451
109.474
109.437
109.394
109.401
109.442
109.424
109.396
109.429
109.432
109.392
109.396
109.436
109.422
109.392
109.446
109.453
109.43
109.432
109.517
109.499
109.481
109.521
109.547
109.522
109.521
109.552
109.549
109.523
109.575
109.586
109.571
109.557
109.611
109.579
109.554
109.609
109.589
109.529
109.505
109.52
109.486
109.458
109.471
109.472
109.43
109.428
109.429
109.401
109.358
109.333
109.303
109.238
109.314
109.264
109.233
109.192
109.172
109.153
109.111
109.095
109.055
109.026
108.962
108.931
108.883
108.826
108.775
108.762
108.695
108.656
108.623
108.583
108.524
108.491
108.511
108.44
108.406
108.421
108.382
108.322
108.297
108.327
108.25
108.221
108.224
108.203
108.114
107.974
107.871
107.715
107.624
107.625
107.519
107.41
107.324
107.202
107.06
107.006
106.867
106.751
106.654
106.575
106.436
106.424
106.326
106.228
106.187
106.12
105.999
105.94
105.926
105.903
105.85
105.806
105.774
105.664
105.745
105.63
105.539
105.565
105.596
105.57
105.563
105.444
105.445
105.4
105.317
105.254
105.236
105.186
105.071
105.058
105.031
105.017
105.057
105.021
104.912
104.814
104.774
104.654
104.512
104.419
104.346
104.202
104.077
103.95
103.82
103.71
103.597
103.49
103.367
103.146
103.023
102.956
102.892
102.825
102.692
102.473
102.282
102.107
101.956
101.789
101.652
101.533
101.464
101.352
101.195
101.039
100.952
100.889
100.824
100.743
100.68
100.592
100.526
100.455
100.352
100.213
100.077
99.9316
99.8508
99.6806
99.5233
99.3575
99.216
99.0833
99.0408
98.9353
98.8587
98.7941
98.7319
98.6401
98.5393
98.4776
98.3806
98.279
98.1732
98.0641
97.9592
97.8327
97.7459
97.629
97.5174
97.3877
97.2633
97.1196
97.0515
96.9624
96.865
96.8303
96.7489
96.6638
96.6451
96.5577
96.4714
96.3729
96.2814
96.2306
96.1195
96.0352
95.95
95.8328
95.8074
95.7446
95.653
95.5819
95.5557
95.4627
95.3669
95.338
95.2721
95.1924
95.1629
95.0622
94.9906
94.9341
94.8788
94.8597
94.8361
94.8548
94.8264
94.7824
94.8601
94.8375
94.8026
94.8726
94.9114
94.8817
94.8327
94.8812
94.8703
94.8396
94.8719
94.8639
94.8749
94.8302
94.8753
94.8112
94.751
94.7184
94.6481
94.5645
94.5049
94.4193
94.3559
94.2945
94.2076
94.1873
94.1058
94.0784
94.0241
94.0247
93.9864
93.9664
93.969
94.0007
93.9704
93.9744
93.8742
93.8578
93.8065
93.7353
93.6619
93.6074
93.5508
93.5302
93.4715
93.3935
93.3838
93.2681
93.2604
93.1882
93.1595
93.0636
93.0556
92.9435
92.9519
92.8339
92.834
92.7832
92.8
92.8114
92.7437
92.7916
92.7342
92.7501
92.7098
92.7195
92.6456
92.6895
92.6591
92.597
92.5659
92.5826
92.5832
92.5308
92.5259
92.5035
92.4918
92.4122
92.422
92.4042
92.372
92.3731
92.2984
92.3428
92.3255
92.2783
92.2986
92.2684
92.2533
92.2417
92.1967
92.1847
92.1462
92.1337
92.1303
92.1389
92.082
92.1006
92.0564
92.0462
92.0258
91.9261
91.9238
91.8259
91.8826
91.8219
91.7993
91.7449
91.7096
91.6908
91.637
91.6413
91.5423
91.4842
91.4475
91.4309
91.3798
91.2754
91.2588
91.2208
91.1357
91.0882
91.0448
91.0242
90.9554
90.9241
90.8004
90.7822
90.71
90.6488
90.565
90.4711
90.44
90.3572
90.2844
90.207
90.1758
90.0907
90.0442
89.9718
89.8512
89.7389
89.6782
89.6364
89.5102
89.4005
89.2819
89.2112
89.1435
89.0175
88.9086
88.8332
88.7301
88.6314
88.5243
88.4465
88.326
88.2578
88.206
88.1229
88.0029
87.9451
87.8642
87.8368
87.7347
87.6721
87.6188
87.5558
87.4588
87.3639
87.2514
87.1872
87.0735
86.9699
86.9034
86.8608
86.7184
86.6123
86.5695
86.5392
86.4099
86.3566
86.2876
86.1985
86.1133
86.0089
85.9122
85.8672
85.8087
85.7383
85.7027
85.6188
85.6144
85.5207
85.4509
85.4092
85.3228
85.2544
85.2009
85.1705
85.0676
85.0163
84.9701
84.8988
84.8306
84.773
84.6767
84.5735
84.4487
84.3685
84.2915
84.2189
84.1149
83.9536
83.9064
83.8262
83.6966
83.6098
83.4738
83.4331
83.3642
83.2609
83.1696
83.0839
82.9544
82.8241
82.6801
82.5995
82.4761
82.3926
82.3263
82.2712
82.2142
82.1399
82.0737
82.0584
81.9937
81.9884
81.9147
81.8574
81.6499
81.6108
81.5824
81.4943
81.4372
81.4043
81.3342
81.2762
81.2303
81.0907
80.9946
80.9193
80.7851
80.7325
80.6649
80.5534
80.4415
80.3487
80.2109
80.0947
79.8933
79.7968
79.7048
79.5719
79.4853
79.4192
79.2876
79.2199
79.1044
78.9788
78.8578
78.7997
78.7098
78.6264
78.5634
78.4563
78.4092
78.3217
78.2428
78.1866
78.0742
78.0381
77.92
77.8865
77.8457
77.7944
77.7598
77.7183
77.6803
77.6645
77.5889
77.4728
77.4648
77.3971
77.3569
77.2847
77.2437
77.153
77.064
76.9703
76.9024
76.885
76.8121
76.8048
76.7167
76.6292
76.6207
76.5745
76.5074
76.483
76.4414
76.4652
76.3523
76.2863
76.2511
76.1755
76.1497
76.0913
76.0607
76.0192
75.9878
75.9632
75.9374
75.9121
75.8648
75.8686
75.8108
75.7755
75.7167
75.6654
75.6822
75.6702
75.6195
75.5884
75.6105
75.5604
75.5171
75.5323
75.5689
75.5508
75.5427
75.5911
75.6275
75.5496
75.4936
75.4997
75.44
75.4144
75.3635
75.3577
75.3794
75.3966
75.3772
75.3544
75.3064
75.336
75.3316
75.3027
75.2281
75.2136
75.1687
75.1537
75.1322
75.0957
75.0639
75.0312
74.9895
74.9612
74.9043
74.8903
74.8644
74.8308
74.8621
74.8927
74.9113
74.9079
74.9346
74.9292
74.9382
74.8918
74.8444
74.7882
74.7595
74.7112
74.7318
74.6846
74.6844
74.6898
74.7229
74.7284
74.6958
74.7222
74.7008
74.7295
74.7159
74.7189
74.6956
74.6731
74.6193
74.5704
74.5646
74.5457
74.5042
74.5193
74.5011
74.5225
74.516
74.5509
74.6015
74.6065
74.6
74.6118
74.6824
74.7352
74.6943
74.7461
74.7524
74.7657
74.811
74.7962
74.7919
74.7201
74.7554
74.7238
74.707
74.6998
74.6948
74.6701
74.6526
74.6395
74.653
74.6603
74.6645
74.6713
74.6737
74.6764
74.6678
74.6516
74.6397
74.602
74.5787
74.5624
74.5647
74.5749
74.6039
74.6393
74.654
74.6744
74.672
74.6936
74.7076
74.6924
74.697
74.674
74.6373
74.6188
74.5787
74.5979
74.5858
74.5603
74.5836
74.5612
74.5434
74.5385
74.4713
74.4695
74.4566
74.4272
74.3743
74.3734
74.3598
74.3203
74.2139
74.1597
74.0986
74.076
74.0455
73.9778
73.8951
73.8416
73.8258
73.7939
73.7503
73.6754
73.6472
73.6289
73.5877
73.5477
73.5372
73.5236
73.549
73.5782
73.5765
73.5591
73.5691
73.5545
73.5529
73.5312
73.5051
73.5378
73.4713
73.4565
73.4494
73.4298
73.4098
73.4179
73.4007
73.3783
73.3891
73.3321
73.318
73.3309
73.287
73.2995
73.3169
73.311
73.2799
73.2467
73.226
73.2104
73.2229
73.2193
73.2017
73.1842
73.1546
73.146
73.1471
73.1403
73.1204
73.1086
73.1302
73.1232
73.1057
73.0852
73.01
73.0367
73.0115
72.961
72.9906
72.9865
72.9669
72.9591
72.9047
72.8966
72.8864
72.8215
72.8276
72.8531
72.8128
72.8581
72.813
72.7966
72.7816
72.7458
72.7215
72.7253
72.7087
72.698
72.669
72.6772
72.6606
72.6878
72.6299
72.6519
72.6576
72.6721
72.5941
72.5924
72.62
72.6049
72.6185
72.6291
72.619
72.5846
72.5599
72.5963
72.5194
72.5018
72.5144
72.5171
72.5045
72.476
72.5061
72.4632
72.444
72.4322
72.4615
72.4187
72.4276
72.4385
72.4592
72.4551
72.4261
72.467
72.4427
72.4488
72.4721
72.4388
72.4411
72.4202
72.3968
72.3836
72.3918
72.3958
72.3667
72.3651
72.3896
72.3656
72.3372
72.3646
72.3783
72.3489
72.3394
72.2999
72.2714
72.308
72.3467
72.2973
72.3792
72.3932
72.3753
72.4194
72.4717
72.5267
72.5524
72.5823
72.6186
72.6001
72.6256
72.6137
72.6243
72.6574
72.6777
72.6768
72.6954
72.7015
72.7196
72.7397
72.6985
72.7021
72.725
72.7466
72.7757
72.7837
72.8292
72.8178
72.8421
72.824
72.8178
72.8162
72.8284
72.8815
72.8286
72.8167
72.8086
72.8268
72.8562
72.8788
72.8903
72.9017
72.941
72.9155
72.8894
72.8981
72.9235
72.9625
72.9924
73.0489
73.0653
73.1127
73.1245
73.1224
73.1483
73.1324
73.1803
73.1693
73.1706
73.1387
73.1676
73.1914
73.1237
73.1284
73.1322
73.1845
73.1829
73.2023
73.2412
73.2351
73.1964
73.2541
73.2473
73.2461
73.272
73.2997
73.3103
73.333
73.3462
73.3546
73.3532
73.3619
73.3543
73.411
73.414
73.376
73.3871
73.4247
73.4658
73.4761
73.5307
73.5426
73.559
73.5627
73.5826
73.6023
73.6197
73.6286
73.6434
73.5926
73.6385
73.6372
73.6026
73.6411
73.6425
73.6149
73.5787
73.5437
73.513
73.4927
73.4995
73.4903
73.4968
73.4405
73.4317
73.4128
73.4091
73.4095
73.4372
73.425
73.4016
73.4263
73.4136
73.3728
73.3716
73.3653
73.3387
73.3107
73.3241
73.2703
73.2701
73.2513
73.2008
73.2124
73.2162
73.1567
73.1362
73.1061
73.0666
73.0443
73.0099
73.0084
72.9737
72.9585
72.9068
72.8726
72.847
72.8425
72.854
72.8105
72.8073
72.7983
72.7845
72.7655
72.7411
72.6846
72.6626
72.6329
72.6375
72.613
72.6091
72.6026
72.6136
72.5835
72.5628
72.5467
72.5605
72.5487
72.5463
72.5362
72.5306
72.5442
72.5641
72.5793
72.5825
72.5552
72.5562
72.5334
72.5143
72.5141
72.5345
72.5369
72.5236
72.506
72.5452
72.54
72.5074
72.5212
72.4886
72.5172
72.5331
72.5094
72.523
72.5287
72.5226
72.465
72.4388
72.4286
72.4758
72.4979
72.529
72.5878
72.6204
72.6438
72.7243
72.7283
72.7432
72.7507
72.779
72.8283
72.8696
72.893
72.9096
72.9295
72.9601
72.9953
73.0462
73.0329
73.0582
73.1562
73.1692
73.219
73.2267
73.2328
73.2339
73.195
73.1477
73.1254
73.1178
73.1352
73.1735
73.1853
73.2396
73.2603
73.2625
73.2973
73.3079
73.3542
73.3569
73.3976
73.4071
73.4268
73.4315
73.4863
73.4786
73.5069
73.533
73.5361
73.5631
73.5155
73.505
73.5211
73.5302
73.5096
73.5201
73.5154
73.4942
73.5283
73.4858
73.5101
73.5036
73.4925
73.5135
73.4958
73.5277
73.5699
73.6035
73.6563
73.6613
73.6823
73.7079
73.7753
73.797
73.8228
73.8661
73.8619
73.8546
73.8456
73.819
73.8029
73.8095
73.8382
73.8661
73.9152
73.9313
74.0063
74.0244
74.0719
74.0697
74.0967
74.1179
74.1376
74.1053
74.145
74.1486
74.1803
74.1613
74.084
74.0968
74.1069
74.1394
74.1336
74.2
74.186
74.1964
74.2258
74.217
74.24
74.2506
74.2452
74.2608
74.2932
74.3151
74.2372
74.2982
74.3559
74.3864
74.3959
74.4135
74.375
74.3892
74.3863
74.425
74.4819
74.4842
74.4837
74.4527
74.4984
74.4796
74.5033
74.4925
74.5408
74.5107
74.5231
74.5516
74.4629
74.3687
74.4208
74.4485
74.4073
74.4051
74.4121
74.4349
74.4222
74.4129
74.3978
74.3912
74.404
74.4358
74.3868
74.3745
74.3705
74.3435
74.2987
74.2787
74.2567
74.2057
74.2489
74.255
74.2509
74.2724
74.2176
74.2154
74.2402
74.2691
74.2861
74.3245
74.3457
74.3661
74.4327
74.4366
74.4798
74.4656
74.4793
74.4607
74.5058
74.5479
74.6116
74.6382
74.6858
74.6758
74.6856
74.7133
74.7595
74.7869
74.7901
74.8163
74.8099
74.8134
74.8129
74.8299
74.8315
74.7913
74.8287
74.799
74.7986
74.801
74.7886
74.8
74.7995
74.8136
74.779
74.7978
74.7751
74.7599
74.7271
74.7392
74.7563
74.7329
74.7692
74.7648
74.7843
74.8212
74.8414
74.8705
74.911
74.9697
74.9858
75.0285
75.0635
75.1048
75.106
75.1347
75.1546
75.2091
75.2114
75.2455
75.2916
75.2683
75.3252
75.2816
75.324
75.3481
75.3376
75.3677
75.3701
75.4267
75.3898
75.4188
75.4228
75.4174
75.4289
75.4238
75.4545
75.4394
75.452
75.4364
75.4821
75.4676
75.4207
75.4077
75.3703
75.3674
75.3328
75.3383
75.339
75.3716
75.3812
75.3672
75.3584
75.3081
75.2955
75.3174
75.2986
75.3111
75.2795
75.3112
75.294
75.3177
75.2966
75.2987
75.314
75.2924
75.307
75.306
75.2739
75.2624
75.2555
75.2439
75.2538
75.2498
75.2436
75.226
75.2216
75.2261
75.2594
75.2068
75.2352
75.2189
75.2465
75.2088
75.2099
75.2355
75.2109
75.1944
75.187
75.1943
75.1737
75.1356
75.125
75.1084
75.0695
75.0664
75.0505
75.0228
74.9939
74.9416
74.9573
74.9527
74.9111
74.89
74.8759
74.8792
74.9044
74.8589
74.861
74.8338
74.8181
74.7859
74.7925
74.8001
74.7975
74.7963
74.806
74.8056
74.8222
74.8729
74.9061
74.9421
74.9725
74.9858
74.9592
75.0032
75.0023
75.0555
75.0345
75.0522
75.0288
75.0244
74.9707
74.9876
74.9794
74.9785
74.9706
74.9515
74.9425
74.9614
74.9641
75.0105
75.0262
75.0254
75.0544
75.0967
75.0916
75.1071
75.1287
75.1668
75.1695
75.1946
75.2335
75.2741
75.276
75.2902
75.3196
75.33
75.3347
75.3465
75.3742
75.3981
75.3702
75.3696
75.4202
75.4233
75.4575
75.4694
75.5133
75.5391
75.5489
75.5727
75.5761
75.5776
75.5434
75.5014
75.5061
75.543
75.574
75.6072
75.6181
75.641
75.6699
75.7147
75.7491
75.7761
75.7884
75.812
75.8437
75.8193
75.848
75.8959
75.8979
75.9126
75.9426
75.9265
75.9257
75.9296
75.9072
75.9331
75.9758
75.9981
76.0016
76.0083
76.0027
76.0092
75.9379
75.9686
75.9913
75.99
75.9967
75.974
75.9456
75.9723
75.9072
75.8889
75.9019
75.9001
75.9188
75.9397
75.9712
75.9683
75.9233
75.8981
75.9281
75.9426
75.902
75.8952
75.9062
75.8877
75.9099
75.9426
75.9554
75.9687
76.0065
75.9462
75.9446
75.9241
75.9081
75.9012
75.8542
75.8635
75.8441
75.8423
75.8248
75.8118
75.7916
75.7605
75.7055
75.6265
75.6078
75.5739
75.5976
75.611
75.5541
75.5123
75.4864
75.4891
75.4337
75.4016
75.3769
75.3486
75.3203
75.2552
75.2395
75.2013
75.1478
75.134
75.0551
75.0547
75.0229
74.9693
74.9541
74.9688
74.9138
74.8751
74.886
74.843
74.8152
74.797
74.8024
74.7087
74.7103
74.7126
74.7034
74.6948
74.6398
74.611
74.5869
74.5487
74.4888
74.4583
74.4689
74.4654
74.4477
74.4298
74.4332
74.4203
74.3831
74.3494
74.3411
74.2993
74.3071
74.2912
74.2954
74.2771
74.2574
74.2082
74.206
74.1598
74.1413
74.0843
74.0666
74.0256
74.0269
74.0127
74.0091
74.0167
74.0045
73.9521
73.8969
73.8995
73.8584
73.855
73.8418
73.7796
73.7414
73.7192
73.7257
73.7104
73.6933
73.6967
73.6853
73.6509
73.592
73.5424
73.5002
73.4382
73.3921
73.3735
73.3613
73.2995
73.2686
73.2706
73.2572
73.2317
73.1897
73.1969
73.1785
73.1923
73.1856
73.1552
73.1257
73.1139
73.1124
73.0869
73.0797
73.06
73.0424
73.0176
72.9951
72.9598
72.9666
72.9615
72.9531
72.9457
72.9289
72.9369
72.9348
72.9186
72.9317
72.8887
72.8637
72.8527
72.8394
72.859
72.8751
72.8928
72.8812
72.8768
72.85
72.8234
72.8027
72.7788
72.7563
72.7566
72.7746
72.7446
72.7714
72.782
72.8046
72.808
72.8331
72.8296
72.8624
72.8463
72.9058
73.0483
73.2361
73.4153
73.6063
73.7531
74.0059
74.3234
74.3214
74.711
74.99
75.2674
75.5271
75.8106
76.0624
76.3228
76.5621
76.8154
77.0474
77.2804
77.5163
77.7512
77.985
78.2371
78.506
78.7826
79.092
79.3418
79.6244
79.89
80.1318
80.3773
80.652
80.882
81.0858
81.2792
81.4793
81.6719
81.8906
82.0779
82.3356
82.6545
82.9614
83.1772
83.4106
83.65
83.8437
84.047
84.2745
84.5501
84.8235
84.9652
85.1507
85.3113
85.4582
85.6024
85.7422
85.9127
86.1117
86.2686
86.4425
86.6069
86.8353
87.0528
87.2266
87.4816
87.6853
87.9107
88.028
88.0871
87.8123
87.6046
87.4356
87.1576
87.0069
86.7863
86.6283
86.473
86.2651
86.2097
85.9069
85.8619
85.6339
85.4903
85.3167
85.1065
84.913
84.7252
84.5759
84.3579
84.2136
84.0649
83.986
83.8325
83.6281
83.5124
83.3254
83.166
82.9895
82.8266
82.6241
82.5509
82.4145
82.2411
82.1445
81.9308
81.8082
81.6327
81.4846
81.314
81.1833
81.0786
80.8572
80.7332
80.5928
80.5621
80.3956
80.3504
80.282
80.1446
79.9836
79.808
79.7227
79.6081
79.4945
79.4328
79.2804
79.1699
79.0933
79.0168
78.8668
78.7303
78.6272
78.4328
78.421
78.2615
78.1433
77.966
77.811
77.7036
77.5702
77.5006
77.3348
77.244
77.1087
77.0744
76.9707
76.9328
76.8724
76.9083
76.7882
76.7615
76.7416
76.6383
76.6271
76.5757
76.4073
76.3602
76.3259
76.1734
76.1391
76.0819
76.0674
75.982
75.9263
75.8397
75.7339
75.6682
75.5819
75.4979
75.4268
75.3927
75.255
75.2248
75.0663
74.9797
74.9032
74.8494
74.7885
74.6856
74.6074
74.5439
74.4624
74.3652
74.325
74.2383
74.155
74.1379
74.1487
74.1066
74.1308
74.0779
74.0806
74.0257
74.0422
73.974
73.9793
73.9239
73.9399
73.892
73.8722
73.8775
73.7876
73.7539
73.7439
73.7604
73.7495
73.7675
73.7555
73.7688
73.7263
73.7418
73.7201
73.7132
73.7191
73.6341
73.6341
73.6169
73.6026
73.6167
73.5577
73.6035
73.5512
73.5955
73.5549
73.5974
73.5569
73.5586
73.4611
73.4847
73.4727
73.4655
73.4414
73.4885
73.459
73.4344
73.4831
73.4841
73.5395
73.5233
73.5206
73.5494
73.5551
73.5486
73.5737
73.6185
73.6357
73.6082
73.6311
73.6245
73.5941
73.5186
73.5413
73.5334
73.5578
73.5244
73.5655
73.5296
73.5581
73.5483
73.4751
73.5127
73.4278
73.407
73.3562
73.2855
73.2366
73.2436
73.2539
73.2348
73.2143
73.194
73.2396
73.1505
73.1651
73.0871
73.1285
73.0633
72.9961
72.9917
72.9138
72.9451
72.9004
72.9015
72.8652
72.8373
72.8725
72.8433
72.8393
72.8211
72.7985
72.8015
72.7686
72.7571
72.7678
72.7329
72.7448
72.6825
72.6898
72.5826
72.6739
72.5722
72.5681
72.523
72.508
72.4777
72.4282
72.4127
72.4044
72.4102
72.3472
72.3052
72.3071
72.273
72.2844
72.3096
72.2786
72.3106
72.2736
72.2614
72.2428
72.2503
72.2196
72.2616
72.2432
72.1975
72.2335
72.1647
72.1793
72.1577
72.14
72.1094
72.1068
72.0477
72.0458
71.9984
71.9843
72.0075
71.9804
71.9702
71.8983
71.8669
71.8379
71.7631
71.8044
71.7979
71.7632
71.7987
71.7164
71.7113
71.6451
71.6221
71.6101
71.5568
71.5647
71.5117
71.5151
71.4723
71.5065
71.4747
71.4837
71.4013
71.4311
71.3614
71.335
71.366
71.3312
71.3458
71.3459
71.3042
71.2603
71.2269
71.2126
71.146
71.1274
71.1167
71.0393
70.9047
70.8739
70.7956
70.7889
70.804
70.7184
70.6879
70.6252
70.6287
70.5758
70.553
70.4727
70.4496
70.3853
70.3079
70.2566
70.2578
70.2337
70.2631
70.2553
70.2984
70.2101
70.2177
70.1956
70.237
70.2048
70.2104
70.2339
70.2414
70.2622
70.2445
70.2518
70.2039
70.1989
70.1991
70.1748
70.1837
70.1777
70.1822
70.1797
70.1498
70.2093
70.2431
70.2475
70.2127
70.2052
70.2335
70.2236
70.1643
70.2028
70.1868
70.193
70.2044
70.2041
70.2195
70.2403
70.2351
70.2282
70.1394
70.1646
70.1782
70.125
70.1443
70.1461
70.1294
70.1329
70.1482
70.1226
70.0859
70.0764
70.0939
70.0731
70.04
70.0342
70.0418
69.9602
70.0265
70.0082
70.0569
70.0396
70.0597
70.0675
70.0216
70.0144
70.0197
70.0661
70.0702
70.0424
70.0571
70.0724
70.069
70.1149
70.0555
70.1295
70.1018
70.1378
70.1184
70.0831
70.1183
70.0929
70.0442
70.0807
70.0149
70.0557
70.0283
70.0191
69.9736
69.9686
69.9095
69.9215
69.8976
69.8587
69.8722
69.8451
69.8386
69.8922
69.8352
69.8186
69.8499
69.7935
69.7986
69.797
69.7591
69.6627
69.6478
69.6235
69.6368
69.5771
69.5817
69.5138
69.4942
69.5232
69.4763
69.4288
69.432
69.3906
69.3631
69.3143
69.3372
69.3468
69.2903
69.2505
69.2249
69.1835
69.1607
69.1499
69.0771
69.0029
69.0277
68.9858
68.9856
68.973
69.0074
68.963
68.9504
68.9206
68.876
68.8857
68.8761
68.8436
68.8188
68.7808
68.7469
68.7237
68.7125
68.642
68.5826
68.5427
68.5483
68.517
68.5081
68.4976
68.4257
68.466
68.4776
68.498
68.5089
68.448
68.4498
68.3913
68.4291
68.3671
68.3779
68.3114
68.3627
68.316
68.3208
68.2821
68.2795
68.2971
68.3148
68.2914
68.312
68.2791
68.2517
68.1842
68.2086
68.1832
68.141
68.0774
68.0272
68.0056
67.9687
67.9201
67.887
67.8504
67.7768
67.7411
67.7138
67.6634
67.6627
67.6301
67.6765
67.6918
67.7022
67.7098
67.6517
67.6496
67.6558
67.621
67.5985
67.5739
67.5098
67.5124
67.5013
67.4787
67.4662
67.4258
67.437
67.4343
67.4248
67.3592
67.3596
67.2967
67.2937
67.2656
67.3033
67.2376
67.1835
67.1225
67.1209
67.1428
67.1134
67.1027
67.0735
67.0419
67.0562
66.9954
66.9836
66.9725
66.9098
66.9457
66.9238
66.8622
66.8772
66.8861
66.8964
66.8804
66.9001
66.8469
66.8255
66.7969
66.7483
66.7837
66.7842
66.7399
66.7011
66.7301
66.7139
66.6983
66.7291
66.7232
66.739
66.7483
66.7128
66.7056
66.7174
66.6623
66.6779
66.6634
66.6808
66.6403
66.6854
66.6356
66.6231
66.6187
66.6042
66.6146
66.5962
66.5878
66.5831
66.5866
66.5796
66.5769
66.6078
66.5694
66.5218
66.5026
66.4441
66.4334
66.4045
66.4379
66.4205
66.4184
66.4541
66.4456
66.4544
66.4281
66.4467
66.4412
66.4587
66.431
66.3899
66.4121
66.3745
66.3418
66.3158
66.321
66.3624
66.3485
66.408
66.4052
66.4608
66.5188
66.5552
66.5641
66.6214
66.6427
66.7124
66.7761
66.7662
66.7173
66.8157
66.7964
66.8035
66.7593
66.8021
66.7864
66.8366
66.876
66.8902
66.9088
66.8835
66.8964
66.9027
66.8883
66.9702
66.9604
66.9562
66.981
67.034
67.0562
67.1417
67.2049
67.2741
67.3317
67.3389
67.4225
67.421
67.4764
67.5052
67.5424
67.5993
67.6483
67.7256
67.7496
67.7544
67.7662
67.7895
67.7742
67.7901
67.8515
67.876
67.9233
67.9648
67.9818
68.0479
68.0696
68.1026
68.1206
68.1548
68.1344
68.1593
68.184
68.1716
68.2025
68.2441
68.2796
68.3007
68.3054
68.3324
68.2624
68.3
68.3314
68.3376
68.3455
68.3354
68.3797
68.4007
68.3931
68.4512
68.4336
68.4416
68.4797
68.4973
68.5006
68.472
68.5405
68.5185
68.5067
68.4922
68.4923
68.4949
68.4561
68.4696
68.4635
68.465
68.4989
68.457
68.5488
68.5638
68.5641
68.5602
68.5795
68.574
68.5936
68.5719
68.568
68.5939
68.6443
68.6689
68.7133
68.6965
68.7462
68.8301
68.8479
68.8947
68.8857
68.9406
68.9758
69.0246
69.0255
69.0785
69.0917
69.1318
69.1796
69.2353
69.2395
69.2592
69.3085
69.3512
69.3462
69.3657
69.3801
69.3983
69.4259
69.4437
69.5038
69.487
69.5302
69.5724
69.5899
69.6339
69.6039
69.6095
69.6126
69.6179
69.6883
69.7072
69.6857
69.7602
69.7906
69.8029
69.8352
69.8836
69.92
70.0124
70.0557
70.0958
70.1463
70.2095
70.3122
70.3746
70.3865
70.4009
70.3917
70.4209
70.4384
70.471
70.5293
70.548
70.5535
70.5608
70.5704
70.6188
70.6032
70.662
70.6425
70.6801
70.6785
70.6097
70.5714
70.5697
70.564
70.59
70.5894
70.585
70.5453
70.567
70.5592
70.5291
70.5759
70.5978
70.5999
70.6078
70.577
70.5771
70.526
70.5351
70.598
70.6295
70.5862
70.56
70.5599
70.6312
70.6551
70.6921
70.6842
70.7106
70.7115
70.7231
70.694
70.6749
70.6563
70.6311
70.6223
70.5835
70.5655
70.5769
70.5983
70.6461
70.6223
70.6139
70.6157
70.651
70.64
70.6853
70.6604
70.6305
70.6586
70.7018
70.7244
70.7701
70.7342
70.7563
70.7417
70.7458
70.78
70.7956
70.819
70.8801
70.8462
70.8774
70.8783
70.8693
70.9114
70.8923
70.929
70.9501
70.9218
70.9314
70.8877
70.8873
70.8341
70.8752
70.9009
70.9014
70.9412
70.9602
70.967
70.99
70.9735
70.9779
71.0056
71.0715
71.0311
71.0805
71.084
71.1045
71.1088
71.086
71.1167
71.0822
71.0545
71.0816
71.1198
71.1153
71.1508
71.137
71.1272
71.1628
71.1295
71.1289
71.1703
71.1661
71.1922
71.1685
71.1912
71.1965
71.1804
71.1869
71.1546
71.1875
71.1336
71.1398
71.1474
71.107
71.1085
71.1038
71.1526
71.1609
71.1465
71.1424
71.1801
71.1399
71.1429
71.1363
71.1336
71.0954
71.0961
71.046
71.0283
71.0163
71.0381
71.065
71.0811
71.0637
71.1077
71.1575
71.1547
71.1848
71.1784
71.2736
71.2809
71.2888
71.2815
71.2962
71.3192
71.3434
71.3418
71.357
71.3674
71.3815
71.3601
71.3564
71.3744
71.3494
71.3632
71.3473
71.3448
71.2953
71.3119
71.2941
71.342
71.3385
71.3719
71.3819
71.4683
71.4686
71.5142
71.5406
71.503
71.5343
71.5594
71.5622
71.5908
71.6045
71.5739
71.5765
71.6768
71.6594
71.6571
71.6418
71.6744
71.6675
71.6786
71.691
71.7262
71.7391
71.7209
71.7646
71.7547
71.7579
71.7693
71.7746
71.7551
71.757
71.7612
71.7696
71.7354
71.7782
71.7646
71.7875
71.7349
71.7945
71.8288
71.8139
71.8637
71.867
71.8314
71.8802
71.8844
71.9256
71.8847
71.9158
71.9528
71.9777
72.0386
72.0274
72.0685
72.0809
72.0957
72.1545
72.1437
72.16
72.1865
72.1692
72.1814
72.181
72.1849
72.1756
72.2228
72.1618
72.1487
72.1752
72.155
72.184
72.1331
72.1054
72.1158
72.1395
72.1139
72.1143
72.1056
72.0813
72.0934
72.1067
72.1004
72.0994
72.1554
72.1712
72.1513
72.1438
72.1728
72.1674
72.2072
72.2135
72.2253
72.2361
72.2053
72.2387
72.2165
72.2129
72.2276
72.266
72.2882
72.2511
72.2502
72.2183
72.19
72.1852
72.2595
72.2423
72.1975
72.2044
72.2433
72.2222
72.1942
72.1652
72.1423
72.1239
72.0349
72.0938
72.0508
72.0527
72.0663
72.042
72.0762
72.0297
72.0333
72.0886
72.0882
72.0725
72.06
72.0466
72.055
72.0162
72.0235
71.9843
71.9524
71.9944
71.9495
71.9325
71.9317
71.8967
71.8955
71.8822
71.8741
71.8924
71.9067
71.9016
71.8912
71.8178
71.7498
71.7549
71.7361
71.6999
71.6943
71.6738
71.6458
71.6626
71.6411
71.6381
71.6449
71.5793
71.5715
71.5648
71.5593
71.528
71.5334
71.4834
71.5013
71.5181
71.5115
71.519
71.544
71.5424
71.5293
71.4572
71.3993
71.4381
71.4662
71.4059
71.4257
71.3936
71.3919
71.3694
71.3498
71.3618
71.3388
71.3186
71.3212
71.2838
71.2801
71.292
71.2682
71.2584
71.2524
71.266
71.2892
71.3111
71.3202
71.285
71.31
71.3003
71.3066
71.3592
71.3392
71.3729
71.356
71.4072
71.4086
71.4391
71.4906
71.4846
71.4809
71.5205
71.5256
71.5209
71.5035
71.5269
71.5149
71.5204
71.5179
71.578
71.5467
71.6112
71.6452
71.6762
71.6861
71.6855
71.6901
71.6648
71.6648
71.6648
71.692
71.6943
71.7166
71.7164
71.7224
71.745
71.7655
71.8002
71.8121
71.8247
71.8211
71.7679
71.7529
71.718
71.6746
71.6668
71.6662
71.687
71.6684
71.6116
71.5648
71.5454
71.5265
71.4792
71.5131
71.5041
71.4915
71.4655
71.4546
71.4087
71.3977
71.3996
71.3805
71.3492
71.3448
71.311
71.3674
71.2987
71.3588
71.3397
71.3458
71.3965
71.4527
71.422
71.4337
71.3766
71.3257
71.3009
71.3347
71.3415
71.3632
71.3441
71.3417
71.3542
71.2947
71.306
71.2715
71.2978
71.3249
71.306
71.2887
71.2571
71.2919
71.2635
71.2121
71.2478
71.2548
71.2568
71.2493
71.2475
71.2039
71.2055
71.1711
71.1917
71.1711
71.1524
71.1667
71.1378
71.1488
71.138
71.1263
71.1314
71.1468
71.1156
71.0861
71.1071
71.0677
71.0695
71.0347
71.0383
71.0078
71.0232
70.9891
70.9879
70.9972
70.9595
70.9711
70.929
70.9135
70.914
70.9346
70.9019
70.9078
70.8444
70.8338
70.8434
70.8712
70.8458
70.8302
70.8486
70.7988
70.7925
70.7729
70.7847
70.7207
70.744
70.7193
70.6973
70.6647
70.7119
70.6909
70.6745
70.7422
70.7575
70.7339
70.7683
70.8064
70.8452
70.8427
70.8307
70.8018
70.7613
70.7504
70.7636
70.7271
70.7166
70.6787
70.6027
70.6092
70.6218
70.5844
70.5944
70.5222
70.4757
70.462
70.4169
70.4321
70.4445
70.4172
70.3746
70.3826
70.3583
70.3256
70.354
70.3404
70.3433
70.3089
70.3066
70.2887
70.3215
70.3059
70.2101
70.1291
70.2128
70.1819
70.1393
70.1699
70.1495
70.139
70.1221
70.1016
70.0637
70.0757
70.1056
70.1257
70.1259
70.1046
70.0557
70.0451
70.0433
70.0108
70.008
69.9867
70.0128
70.003
70.0544
70.0614
70.0747
70.1213
70.1849
70.1814
70.2295
70.2382
70.2949
70.283
70.2488
70.2817
70.2725
70.294
70.3173
70.339
70.299
70.3197
70.3037
70.3103
70.3498
70.3276
70.3434
70.3832
70.4455
70.4432
70.4726
70.4726
70.5215
70.5575
70.5939
70.6272
70.618
70.6338
70.6311
70.6167
70.6365
70.6268
70.6766
70.6455
70.6709
70.7213
70.7024
70.6892
70.6841
70.7224
70.7479
70.7941
70.775
70.7584
70.6993
70.7147
70.6283
70.5994
70.6113
70.6157
70.6306
70.6323
70.5985
70.556
70.5721
70.5395
70.5466
70.5664
70.5332
70.5615
70.5292
70.5171
70.4813
70.479
70.3447
70.2908
70.2906
70.254
70.2827
70.2924
70.2948
70.2455
70.2107
70.1864
70.1828
70.1825
70.2137
70.2159
70.1339
70.167
70.1172
70.1242
70.1109
70.0564
70.0373
70.0223
70.021
70.0269
70
69.9962
69.9965
69.9888
69.9803
69.9573
69.9578
69.9352
69.9373
69.9302
69.9494
69.919
69.8902
69.8932
69.9182
69.8994
69.8491
69.8731
69.8387
69.7973
69.8032
69.7638
69.7413
69.7372
69.7187
69.7337
69.7251
69.6807
69.6753
69.6782
69.722
69.6637
69.6656
69.6715
69.6589
69.6753
69.6741
69.6088
69.6248
69.5729
69.4805
69.4835
69.4623
69.4506
69.4316
69.4419
69.4407
69.4726
69.4551
69.3955
69.4282
69.4068
69.4232
69.3635
69.3021
69.3367
69.3064
69.3366
69.351
69.352
69.3224
69.3527
69.3505
69.352
69.3683
69.3591
69.3503
69.3166
69.3316
69.3473
69.3896
69.3839
69.398
69.3899
69.3816
69.3736
69.3314
69.3378
69.3591
69.3781
69.4315
69.4255
69.3999
69.4198
69.4243
69.4112
69.4264
69.4408
69.4202
69.4175
69.4128
69.3715
69.3454
69.3651
69.3663
69.4032
69.4282
69.4479
69.4801
69.5142
69.5572
69.5727
69.5786
69.6058
69.6109
69.5536
69.5266
69.4917
69.5446
69.5462
69.2859
69.1388
69.1645
69.163
69.1425
69.1219
69.1251
69.1349
69.1418
69.2052
69.2045
69.2251
69.2401
69.2137
69.2415
69.2479
69.2798
69.3357
69.4086
69.4423
69.4734
69.4887
69.522
69.5449
69.5419
69.5532
69.5723
69.6102
69.6541
69.633
69.7065
69.7101
69.7045
69.7952
69.835
69.877
69.8686
69.9359
70.0072
70.0569
70.1617
70.1961
70.2703
70.3063
70.3033
70.3477
70.426
70.4736
70.5165
70.543
70.5219
70.5227
70.5494
70.5632
70.5774
70.6102
70.5827
70.6091
70.6127
70.5816
70.5713
70.5645
70.6239
70.6049
70.5722
70.585
70.6535
70.632
70.6242
70.6543
70.6582
70.6742
70.6866
70.6725
70.7096
70.7744
70.8413
70.8295
70.8672
70.8938
70.9042
70.9576
70.9156
70.9736
70.9549
71.0396
71.1157
71.1313
71.2076
71.2189
71.2959
71.336
71.4295
71.5003
71.5548
71.6262
71.6483
71.7162
71.7379
71.7484
71.8299
71.8181
71.8434
71.8764
71.9041
71.9539
71.9678
71.9918
71.9738
72.0631
72.0914
72.1714
72.1776
72.2264
72.2879
72.3369
72.3739
72.4138
72.4302
72.469
72.4818
72.4612
72.5332
72.5462
72.5493
72.6015
72.6151
72.583
72.608
72.6456
72.6365
72.6398
72.7002
72.7406
72.7255
72.7703
72.7762
72.7609
72.8215
72.7964
72.8246
72.8506
72.8317
72.8687
72.918
72.9435
72.9541
72.9411
72.9834
72.9882
73.0037
72.998
72.9953
73.0604
73.0675
73.0889
73.0941
73.1162
73.1039
73.1317
73.1008
73.1312
73.102
73.0669
73.0896
73.0752
73.0199
73.0304
72.96
72.9618
72.9705
72.9499
72.9427
72.9628
72.9494
72.9066
72.892
72.9024
72.9154
72.9044
72.8898
72.9304
72.8943
72.8973
72.8545
72.8043
72.8444
72.7697
72.7387
72.7216
72.6869
72.694
72.6069
72.6545
72.6819
72.6729
72.6618
72.6375
72.6619
72.6604
72.6681
72.6567
72.6405
72.6202
72.6365
72.5977
72.6314
72.6506
72.6247
72.585
72.539
72.5382
72.5604
72.5517
72.5507
72.5762
72.6098
72.6003
72.5822
72.5158
72.5216
72.4803
72.4706
72.4272
72.4855
72.4282
72.452
72.4566
72.4693
72.5111
72.5368
72.484
72.5083
72.478
72.4349
72.4748
72.5282
72.5348
72.5827
72.6202
72.5902
72.5701
72.5806
72.6083
72.6427
72.6968
72.7036
72.7546
72.817
72.8626
72.9127
72.9365
72.9861
73.0361
73.04
73.0419
73.1029
73.0921
73.0814
73.1078
73.1359
73.0888
73.1488
73.2768
73.3085
73.3632
73.3813
73.4495
73.4929
73.519
73.5552
73.5378
73.5389
73.5622
73.6678
73.6942
73.7535
73.7766
73.8405
73.8991
73.9432
73.9384
74.0046
74.0169
74.0527
74.1177
74.1936
74.2315
74.3045
74.375
74.4484
74.409
74.5017
74.4728
74.4983
74.5086
74.5359
74.55
74.6072
74.6277
74.6536
74.6939
74.7411
74.7445
74.704
74.7431
74.7441
74.7917
74.8254
74.8665
74.8975
74.8946
74.9519
75.0001
75.0292
75.0849
75.1051
75.1229
75.1148
75.1541
75.2485
75.2563
75.2486
75.2829
75.2475
75.2839
75.3009
75.3177
75.3606
75.3884
75.3982
75.4033
75.4047
75.4703
75.5181
75.4699
75.4999
75.4879
75.5126
75.54
75.5474
75.5948
75.6073
75.6485
75.6654
75.6565
75.6802
75.6652
75.6424
75.7174
75.7378
75.8227
75.8517
75.8333
75.909
75.9334
75.8902
75.8412
75.858
75.8989
75.9335
75.9619
75.9962
76.0762
76.0938
76.1474
76.1788
76.2262
76.2447
76.2847
76.3571
76.3492
76.4227
76.4063
76.3907
76.4108
76.4475
76.4693
76.4906
76.4945
76.5087
76.5539
76.6103
76.6406
76.6672
76.6602
76.6584
76.7029
76.6741
76.6702
76.7013
76.608
76.6779
76.7023
76.7346
76.7294
76.771
76.7684
76.8361
76.819
76.797
76.8504
76.9087
76.9467
76.9516
76.9571
76.9664
76.9674
76.9581
76.9993
77.0327
77.0828
77.1217
77.1239
77.2027
77.1561
77.1069
77.1689
77.1831
77.2509
77.2666
77.2803
77.321
77.3709
77.3748
77.4209
77.4071
77.4285
77.4501
77.4211
77.4049
77.3846
77.4168
77.4023
77.4255
77.4618
77.459
77.5052
77.5548
77.5314
77.5459
77.5557
77.4834
77.4575
77.4686
77.4712
77.4675
77.4585
77.4507
77.4738
77.4409
77.4553
77.3913
77.3513
77.2989
77.3025
77.281
77.2167
77.1792
77.0948
77.0837
77.0362
77.02
77.012
77.0034
76.8991
76.8353
76.7775
76.7363
76.6264
76.6208
76.5629
76.507
76.4752
76.5119
76.4874
76.4448
76.3918
76.3514
76.2856
76.2609
76.2302
76.2109
76.1962
76.2152
76.2488
76.2071
76.2112
76.2099
76.219
76.1978
76.2323
76.2507
76.2399
76.2488
76.2327
76.2706
76.2374
76.2494
76.1916
76.2293
76.2046
76.1964
76.1516
76.1437
76.1559
76.145
76.1131
76.1026
76.0505
76.0276
75.9853
76.0115
75.9453
75.9166
75.8886
75.8969
75.8402
75.7793
75.7582
75.7201
75.7009
75.6933
75.7027
75.6949
75.6532
75.6832
75.6765
75.6783
75.6676
75.7389
75.7315
75.8158
75.8221
75.8144
75.8099
75.7883
75.7785
75.7453
75.7067
75.6682
75.6547
75.7101
75.6578
75.6109
75.6094
75.6525
75.623
75.6185
75.6
75.6116
75.6249
75.631
75.6487
75.6338
75.687
75.6494
75.6687
75.6706
75.6097
75.593
75.5943
75.5472
75.5231
75.5242
75.5445
75.4784
75.5342
75.4831
75.4975
75.507
75.424
75.4255
75.3382
75.374
75.3278
75.3126
75.2299
75.2296
75.2193
75.2516
75.2752
75.2584
75.2359
75.1832
75.2014
75.1956
75.1488
75.1184
75.0444
75.0206
75.0077
74.9689
74.9145
74.8637
74.7793
74.8107
74.791
74.7308
74.7417
74.7097
74.6612
74.6706
74.6197
74.6004
74.5391
74.4942
74.4246
74.451
74.3763
74.3449
74.3292
74.3174
74.2802
74.2452
74.2367
74.2116
74.1377
74.0802
74.0347
74.015
73.9473
73.95
73.9498
73.9166
73.8945
73.8765
73.8752
73.8456
73.8146
73.8505
73.8559
73.8247
73.8716
73.8382
73.819
73.8795
73.8745
73.8786
73.8763
73.8892
73.9334
73.9083
73.9843
73.9856
74.0105
74.0754
74.0388
74.0599
74.0915
74.0784
74.0875
74.2025
74.3669
74.5188
74.6291
74.8374
74.9834
75.1684
75.3373
75.5331
75.6864
75.8457
76.0436
76.2353
76.4415
76.6612
76.8139
77.014
77.1878
77.2684
77.5168
77.7017
77.8756
78.1042
78.262
78.4071
78.5468
78.6605
78.8043
78.9809
79.195
79.3843
79.554
79.6451
79.8516
80.0175
80.1644
80.2398
80.3399
80.5337
80.6117
80.7814
80.862
81.0059
81.1313
81.2942
81.4708
81.5885
81.6827
81.7942
81.8766
81.9914
82.1042
82.2593
82.396
82.4999
82.6261
82.741
82.8755
82.9877
83.0677
83.185
83.3607
83.4792
83.6004
83.54
83.5289
83.6305
83.6922
83.7631
83.8416
83.9245
84.0287
84.0714
84.097
84.1602
84.2826
84.3136
84.3902
84.4219
84.4863
84.5276
84.5639
84.6858
84.6835
84.7573
84.7551
84.8442
84.8922
84.9234
84.9252
84.9792
85.0046
85.1049
85.133
85.2081
85.2348
85.3087
85.354
85.4082
85.472
85.5336
85.5738
85.6249
85.674
85.6965
85.7384
85.781
85.7956
85.8516
85.8807
85.9077
85.9387
85.9993
85.9794
86.1041
86.2171
86.2834
86.3463
86.4058
86.4756
86.4868
86.5724
86.6178
86.6932
86.743
86.7818
86.8125
86.817
86.881
86.8741
86.9267
86.9992
87.0735
87.0796
87.1529
87.2352
87.3383
87.3997
87.4626
87.5248
87.5817
87.658
87.6777
87.7103
87.7622
87.7875
87.8066
87.8304
87.8697
87.8626
87.9338
87.9593
88.0342
88.0566
88.1307
88.1496
88.197
88.2362
88.2553
88.2929
88.3633
88.4244
88.4606
88.5174
88.5515
88.6023
88.6976
88.7373
88.7868
88.8299
88.8811
88.9413
88.9768
88.9483
89.0065
89.0602
89.1773
89.2335
89.2496
89.3345
89.415
89.4513
89.5237
89.582
89.6523
89.6933
89.7524
89.8537
89.9625
90.0742
90.1515
90.2135
90.3028
90.358
90.4355
90.5042
90.5464
90.655
90.6766
90.7402
90.7448
90.7553
90.8429
90.9474
90.9961
91.0354
91.0964
91.1603
91.2132
91.2507
91.319
91.3072
91.3784
91.3909
91.3992
91.431
91.495
91.5137
91.5298
91.5905
91.6318
91.6358
91.6664
91.7291
91.776
91.8122
91.802
91.8737
91.8486
91.8818
91.9232
92.0099
91.9743
91.9768
92.0051
92.0394
92.048
92.0826
92.1243
92.1327
92.1415
92.1875
92.2088
92.2168
92.2677
92.3787
92.4207
92.4485
92.502
92.5505
92.5575
92.6356
92.6813
92.6466
92.6818
92.7146
92.7883
92.7902
92.8694
92.9257
92.9491
93.0136
93.0047
92.992
92.9886
93.0566
93.0392
93.0098
93.031
93.0548
93.0733
93.0942
93.1383
93.1554
93.2185
93.2366
93.3162
93.3779
93.3637
93.3964
93.4086
93.4631
93.4764
93.4842
93.5022
93.5395
93.5382
93.5645
93.6033
93.59
93.6549
93.7351
93.7184
93.7372
93.772
93.8161
93.8856
93.9149
93.9376
93.9388
93.9335
93.9704
93.9971
93.9862
93.9677
93.9761
94.0259
93.969
94.027
94.0479
94.0772
94.0167
94.0999
94.0744
94.0825
94.0816
94.1202
94.1116
94.1601
94.1482
94.1788
94.1817
94.2495
94.3257
94.3597
94.4556
94.5302
94.5401
94.5453
94.5438
94.5775
94.6722
94.651
94.6672
94.7427
94.4115
94.2266
94.1555
94.2698
94.2826
94.2845
94.3325
94.3388
94.3299
94.3082
94.3488
94.3373
94.3641
94.3608
94.3855
94.4135
94.4747
94.47
94.5071
94.5525
94.6139
94.6268
94.6679
94.7026
94.6909
94.7293
94.7917
94.7835
94.8339
94.8079
94.8796
94.8906
94.9365
95.0072
94.985
95.0753
95.0446
95.0443
95.0512
95.0348
95.0844
95.0852
95.072
95.0808
95.1485
95.1479
95.17
95.1726
95.2106
95.2672
95.2902
95.309
95.3181
95.3381
95.3312
95.3712
95.2925
95.2124
95.0634
94.9346
94.9294
94.8913
94.881
95.0713
95.1959
95.3777
95.5402
95.7108
95.9518
96.0847
96.2728
96.4718
96.6555
96.7913
96.9968
97.2215
97.3561
97.5391
97.7089
97.8415
98.0336
98.1852
98.2708
98.349
98.5857
98.846
99.0712
99.2978
99.5549
99.782
100.023
100.303
100.499
100.772
101.007
101.303
101.567
101.863
102.157
102.473
102.934
103.426
103.968
104.483
105.032
105.536
106.057
106.533
107.037
107.555
108.051
108.542
109.001
109.494
109.952
110.377
110.808
111.197
111.614
112.04
112.437
112.848
113.233
113.576
113.967
114.351
114.728
115.106
115.509
115.87
116.222
116.586
116.934
117.293
117.701
118.094
118.485
118.855
119.184
119.516
119.868
120.235
120.584
120.845
121.232
121.511
121.895
122.194
122.48
122.602
122.686
122.848
123.066
123.26
123.508
123.751
123.963
124.203
124.399
124.673
124.864
125.06
125.295
125.506
125.669
125.956
126.153
126.292
126.5
126.712
126.871
127.082
127.258
127.492
127.642
127.866
128.102
128.243
128.418
128.643
128.846
129.062
129.208
129.419
129.628
129.796
129.973
130.108
130.205
130.406
130.598
130.834
131.034
131.256
131.437
131.634
131.845
132.061
132.286
132.506
132.705
132.964
133.123
133.295
133.585
133.737
133.995
134.202
134.427
134.612
134.806
134.967
135.194
135.392
135.592
135.782
136.103
136.52
136.927
137.365
137.79
138.227
138.636
139.058
139.437
139.83
140.211
140.568
140.942
141.31
141.673
142.036
142.395
142.738
143.076
143.448
143.816
144.148
144.475
144.806
145.136
145.586
146.229
146.771
147.373
147.96
148.568
149.168
149.762
150.377
150.978
151.543
152.107
152.662
153.202
153.739
154.292
154.83
155.393
155.945
156.475
157.003
157.519
158.043
158.559
159.088
159.654
160.202
160.728
161.253
161.783
162.293
162.805
163.309
163.822
164.285
164.75
165.216
165.681
166.147
166.602
167.045
167.494
167.803
168.249
168.721
169.182
169.62
170.068
170.501
171.005
171.444
171.879
172.303
172.723
173.129
173.529
173.927
174.326
174.709
175.103
175.466
175.83
176.211
176.539
176.929
177.27
177.612
177.964
178.321
178.663
179.023
179.36
179.815
180.327
180.823
181.345
181.858
182.353
182.683
183.078
183.552
184.01
184.489
184.943
185.385
185.799
186.2
186.598
186.979
187.364
187.719
188.102
188.453
188.802
189.145
189.482
189.823
190.142
190.465
190.771
191.064
191.352
191.611
191.908
192.199
192.499
192.784
193.064
193.351
193.63
193.897
194.152
194.418
194.606
194.862
195.116
195.424
195.706
195.978
196.236
196.491
196.732
196.995
197.246
197.474
197.72
197.958
198.181
198.411
198.666
198.96
199.247
199.557
199.855
200.167
200.5
200.818
201.14
201.456
201.763
202.056
202.33
202.605
202.867
203.143
203.394
203.636
203.879
204.105
204.32
204.55
204.757
204.966
205.178
205.377
205.57
205.78
205.947
206.129
206.395
206.765
207.111
207.45
207.796
208.127
208.461
208.799
209.143
209.466
209.786
210.113
210.455
210.785
210.917
211.047
211.182
211.308
211.433
211.573
211.716
211.999
212.385
212.861
213.152
213.438
213.732
213.956
214.198
214.641
215.121
215.604
216.062
216.335
216.573
216.998
217.218
217.621
218.056
218.476
218.704
218.909
219.25
219.643
220.113
220.546
220.986
221.428
221.884
222.325
222.585
222.98
223.219
223.606
224.004
224.408
224.813
225.204
225.557
225.916
226.049
226.197
226.486
226.818
227.139
227.446
227.752
228.07
228.363
228.691
228.999
229.108
229.385
229.563
229.885
230.243
230.579
230.915
231.257
231.401
231.678
231.825
232.109
232.411
232.734
233.089
233.444
233.792
234.134
234.441
234.739
235.206
235.741
236.294
236.838
237.389
237.911
238.441
238.941
239.428
239.885
240.322
240.779
241.225
241.666
242.094
242.517
242.928
243.333
243.726
244.118
244.496
244.87
245.244
245.606
245.968
246.273
246.612
246.944
247.265
247.582
247.884
248.182
248.463
248.741
249.009
249.273
249.534
249.702
249.863
250.138
250.286
250.425
250.56
250.69
250.813
250.93
251.041
251.146
251.248
251.344
251.437
251.656
251.739
251.82
251.9
251.979
252.055
252.132
252.206
252.275
252.347
252.562
252.628
252.693
252.757
252.823
252.909
253.038
253.168
253.298
253.426
253.553
253.68
253.806
253.93
254.191
254.466
254.581
254.815
254.947
255.056
255.304
255.41
255.575
255.858
256.096
256.382
256.63
256.902
257.195
257.467
257.708
257.926
258.214
258.451
258.705
258.938
259.215
259.472
259.78
260.084
260.422
260.715
261.049
261.407
261.762
262.109
262.365
262.632
262.911
263.199
263.538
263.845
264.146
264.406
264.645
264.937
265.23
265.496
265.707
265.962
266.191
266.416
266.651
266.843
267.025
267.247
267.426
267.624
267.745
267.952
268.154
268.211
268.287
268.419
268.563
268.761
268.932
269.117
269.298
269.439
269.538
269.71
269.81
269.938
270.079
270.235
270.371
270.528
270.66
270.791
270.917
271.044
271.123
271.212
271.348
271.468
271.581
271.694
271.796
271.899
272.001
272.161
272.316
272.472
272.62
272.767
272.908
273.048
273.18
273.314
273.44
273.568
273.69
273.81
273.928
274.047
274.162
274.239
274.299
274.417
274.524
274.64
274.753
274.869
274.982
275.098
275.211
275.321
275.427
275.537
275.69
275.859
276.024
276.187
276.346
276.451
276.531
276.678
276.841
276.98
277.192
277.381
277.59
277.715
277.812
278.006
278.171
278.351
278.504
278.653
278.796
278.762
278.763
278.897
279.026
279.152
279.271
279.387
279.498
279.602
279.647
279.672
279.788
279.872
279.957
279.973
279.981
279.9
279.88
279.921
279.958
279.992
279.968
279.954
279.984
280.036
280.085
280.131
280.175
280.217
280.257
280.295
280.333
280.368
280.402
280.432
280.465
280.492
280.51
280.527
280.541
280.514
280.48
280.49
280.497
280.448
280.419
280.433
280.443
280.465
280.476
280.483
280.491
280.497
280.501
280.507
280.511
280.514
280.521
280.525
280.523
280.522
280.523
280.524
280.528
280.476
280.426
280.388
280.409
280.376
280.368
280.359
280.355
280.35
280.347
280.344
280.348
280.349
280.355
280.362
280.372
280.382
280.393
280.402
280.41
280.416
280.424
280.468
280.539
280.606
280.672
280.736
280.798
280.859
280.917
280.974
281.03
281.037
281.014
281.059
281.108
281.165
281.211
281.257
281.297
281.338
281.379
281.422
281.465
281.508
281.541
281.573
281.604
281.632
281.659
281.693
281.717
281.734
281.75
281.769
281.625
281.639
281.651
281.664
281.679
281.693
281.705
281.71
281.714
281.717
281.718
281.65
281.627
281.603
281.578
281.553
281.528
281.522
281.514
281.421
281.336
281.329
281.321
281.312
281.302
281.29
281.278
281.266
281.253
281.24
281.226
281.212
281.197
281.182
281.165
281.148
281.131
281.113
281.095
281.075
281.056
281.036
281.017
280.997
280.978
280.958
280.94
280.922
280.906
280.891
280.877
280.865
280.854
280.755
280.658
280.561
280.54
280.538
280.538
280.539
280.541
280.545
280.549
280.554
280.557
280.559
280.561
280.564
280.567
