0.200843
0.401202
0.601534
0.801889
1.0023
1.20271
1.40312
1.60351
1.8039
2.00428
2.20468
2.40507
2.60548
2.80607
3.00655
3.20717
3.40765
3.60806
3.80844
4.00884
4.20923
4.40958
4.60997
4.81054
5.01094
5.21139
5.41182
5.61225
5.81276
6.01318
6.21357
6.41396
6.61435
6.81474
7.01513
7.21552
7.41591
7.61632
7.81687
8.01729
8.21772
8.4181
8.61849
8.81887
9.01926
9.21966
9.42005
9.62044
9.82085
10.0212
10.2217
10.4222
10.6225
10.8229
11.0233
11.2237
11.4241
11.6245
11.8249
12.0252
12.2256
12.426
12.6264
12.8268
13.0272
13.2276
13.428
13.6283
13.8287
14.0292
14.2296
14.4301
14.6305
14.8309
15.0313
15.2317
15.4321
15.6325
15.8329
16.0333
16.2336
16.434
16.6344
16.8348
17.0352
17.2356
17.436
17.6363
17.8367
18.0371
18.2375
18.4379
18.6383
18.8387
19.0391
19.2395
19.4399
19.6402
19.8406
20.041
20.2414
20.4418
20.6423
20.8428
21.0432
21.2436
21.444
21.6443
21.8447
22.0451
22.2455
22.4459
22.6463
22.8467
23.0471
23.2475
23.4478
23.6482
23.8486
24.049
24.2493
24.4497
24.6501
24.8505
25.0509
25.2513
25.4517
25.6521
25.8525
26.0529
26.2533
26.4537
26.6541
26.8545
27.0549
27.2553
27.4557
27.6561
27.8566
28.057
28.2574
28.4578
28.6582
28.8586
29.059
29.2594
29.4598
29.6602
29.8606
30.0609
30.2613
30.4618
30.6621
30.8625
31.0629
31.2633
31.4637
31.6641
31.8645
32.0649
32.2653
32.4657
32.6661
32.8664
33.0668
33.2672
33.4676
33.668
33.8684
34.0688
34.2692
34.4696
34.67
34.8704
35.0708
35.2712
35.4716
35.672
35.8724
36.0728
36.2732
36.4736
36.674
36.8744
37.0748
37.2752
37.4757
37.6761
37.8765
38.0769
38.2773
38.4777
38.6781
38.8785
39.0789
39.2793
39.4797
39.6801
39.8805
40.0809
40.2813
40.4817
40.6821
40.8825
41.0829
41.2833
41.4837
41.6841
41.8845
42.0848
42.2852
42.4856
42.686
42.8865
43.0869
43.2873
43.4877
43.688
43.8884
44.0888
44.2893
44.4897
44.6901
44.8904
45.0908
45.2912
45.4916
45.692
45.8924
46.1006
46.301
46.5014
46.7018
46.9022
47.1026
47.303
47.5034
47.7038
47.9042
48.1046
48.305
48.5054
48.7058
48.9062
49.1067
49.3071
49.5075
49.708
49.9084
50.1088
50.3092
50.5096
50.71
50.9104
51.1108
51.3112
51.5116
51.712
51.9124
52.1128
52.3132
52.5136
52.714
52.9144
53.1147
53.3151
53.5155
53.7159
53.9163
54.1167
54.3171
54.5175
54.7179
54.9183
55.1187
55.3191
55.5196
55.72
55.9204
56.1207
56.3211
56.5215
56.7219
56.9223
57.1227
57.3231
57.5235
57.7239
57.9243
58.1247
58.3251
58.5255
58.7259
58.9263
59.1266
59.327
59.5274
59.7278
59.9282
60.1285
60.3289
60.5293
60.7297
60.9301
61.1305
61.3308
61.5312
61.7316
61.9319
62.1323
62.3327
62.533
62.7334
62.9338
63.1342
63.3345
63.5349
63.7353
63.9357
64.136
64.3364
64.5368
64.7372
64.9375
65.1379
65.3383
65.5388
65.7392
65.9395
66.1399
66.3403
66.5407
66.7411
66.9414
67.1418
67.3422
67.5426
67.7429
67.9433
68.1437
68.3441
68.5444
68.7448
68.9452
69.1456
69.3459
69.5463
69.7467
69.9471
70.1474
70.3478
70.5482
70.7486
70.9489
71.1493
71.3497
71.5501
71.7504
71.9508
72.1512
72.3515
72.5519
72.7523
72.9527
73.153
73.3534
73.5538
73.7542
73.9546
74.1549
74.3553
74.5557
74.756
74.9564
75.1568
75.3572
75.5576
75.7579
75.9583
76.1587
76.3591
76.5595
76.7598
76.9602
77.1606
77.3609
77.5613
77.7617
77.9621
78.1624
78.3628
78.5632
78.7635
78.9639
79.1643
79.3647
79.5651
79.7655
79.9658
80.1662
80.3666
80.5669
80.7673
80.9677
81.1681
81.3684
81.5688
81.7692
81.9696
82.1699
82.3703
82.5707
82.771
82.9714
83.1718
83.3722
83.5726
83.7729
83.9733
84.1737
84.3741
84.5744
84.7748
84.9752
85.1756
85.3759
85.5763
85.7767
85.9771
86.1774
86.3778
86.5782
86.7785
86.9789
87.1793
87.3796
87.58
87.7804
87.9807
88.1811
88.3815
88.5819
88.7822
88.9826
89.183
89.3834
89.5838
89.7841
89.9845
90.1849
90.3853
90.5856
90.786
90.9864
91.1868
91.3871
91.5875
91.7879
91.9883
92.1886
92.389
92.5894
92.7898
92.9901
93.1905
93.3909
93.5913
93.7918
93.9922
94.1925
94.3929
94.5933
94.7937
94.9941
95.1944
95.3948
95.5952
95.7956
95.9959
96.1963
96.3967
96.597
96.7974
96.9978
97.1981
97.3985
97.5989
97.7993
97.9996
98.2
98.4004
98.6008
98.8012
99.0015
99.2019
99.4023
99.6027
99.803
100.003
100.204
100.404
100.605
100.805
101.005
101.206
101.406
101.606
101.807
102.007
102.207
102.408
102.608
102.809
103.009
103.209
103.41
103.61
103.81
104.011
104.211
104.412
104.612
104.812
105.013
105.213
105.413
105.614
105.814
106.015
106.215
106.415
106.616
106.816
107.016
107.217
107.417
107.617
107.818
108.018
108.219
108.419
108.619
108.82
109.02
109.22
109.421
109.621
109.822
110.022
110.222
110.423
110.623
110.823
111.024
111.224
111.425
111.625
111.825
112.026
112.226
112.426
112.627
112.827
113.027
113.228
113.428
113.629
113.829
114.029
114.23
114.43
114.63
114.831
115.031
115.232
115.432
115.632
115.833
116.033
116.233
116.434
116.634
116.835
117.035
117.235
117.436
117.636
117.836
118.037
118.237
118.438
118.638
118.838
119.039
119.239
119.439
119.64
119.84
120.041
120.241
120.441
120.642
120.842
121.042
121.243
121.443
121.644
121.844
122.044
122.245
122.445
122.646
122.846
123.046
123.247
123.447
123.647
123.848
124.048
124.249
124.449
124.649
124.85
125.05
125.25
125.451
125.651
125.852
126.052
126.252
126.453
126.653
126.853
127.054
127.254
127.454
127.655
127.855
128.056
128.256
128.456
128.657
128.857
129.057
129.258
129.458
129.659
129.859
130.059
130.26
130.46
130.66
130.861
131.061
131.262
131.462
131.662
131.863
132.063
132.263
132.464
132.664
132.865
133.065
133.265
133.466
133.666
133.866
134.067
134.267
134.468
134.668
134.868
135.069
135.269
135.469
135.67
135.87
136.071
136.271
136.471
136.672
136.872
137.072
137.273
137.473
137.674
137.874
138.074
138.275
138.475
138.675
138.876
139.076
139.276
139.477
139.677
139.878
140.078
140.278
140.479
140.679
140.879
141.08
141.28
141.481
141.681
141.881
142.082
142.282
142.482
142.683
142.883
143.084
143.284
143.484
143.685
143.885
144.085
144.286
144.486
144.687
144.887
145.087
145.288
145.488
145.688
145.889
146.089
146.29
146.49
146.69
146.891
147.091
147.291
147.492
147.692
147.893
148.093
148.293
148.494
148.694
148.894
149.095
149.295
149.495
149.696
149.896
150.097
150.297
150.497
150.698
150.898
151.098
151.299
151.499
151.7
151.9
152.1
152.301
152.501
152.701
152.902
153.102
153.303
153.503
153.703
153.904
154.104
154.304
154.505
154.705
154.906
155.106
155.306
155.507
155.707
155.907
156.108
156.308
156.509
156.709
156.909
157.11
157.31
157.51
157.711
157.911
158.112
158.312
158.512
158.713
158.913
159.114
159.314
159.514
159.715
159.915
160.115
160.316
160.516
160.716
160.917
161.117
161.318
161.518
161.718
161.919
162.119
162.319
162.52
162.72
162.921
163.121
163.321
163.522
163.722
163.922
164.123
164.323
164.524
164.724
164.924
165.125
165.325
165.525
165.726
165.926
166.126
166.327
166.527
166.728
166.928
167.128
167.329
167.529
167.729
167.93
168.13
168.331
168.531
168.731
168.932
169.132
169.332
169.533
169.733
169.933
170.134
170.334
170.535
170.735
170.935
171.136
171.336
171.536
171.737
171.937
172.138
172.338
172.538
172.739
172.939
173.139
173.34
173.54
173.741
173.941
174.141
174.342
174.542
174.742
174.943
175.143
175.343
175.544
175.744
175.945
176.145
176.345
176.546
176.746
176.946
177.147
177.347
177.548
177.748
177.948
178.149
178.349
178.549
178.75
178.95
179.15
179.351
179.551
179.752
179.952
180.152
180.353
180.553
180.753
180.954
181.154
181.355
181.555
181.755
181.956
182.156
182.356
182.557
182.757
182.958
183.158
183.358
183.559
183.759
183.959
184.16
184.36
184.56
184.761
184.961
185.162
185.362
185.562
185.763
185.963
186.163
186.366
186.567
186.767
186.967
187.168
187.368
187.569
187.769
187.969
188.17
188.37
188.57
188.771
188.971
189.172
189.372
189.572
189.773
189.973
190.173
190.374
190.574
190.774
190.975
191.175
191.376
191.576
191.776
191.977
192.177
192.377
192.578
192.778
192.979
193.179
193.379
193.58
193.78
193.98
194.181
194.381
194.582
194.782
194.982
195.183
195.383
195.583
195.784
195.984
196.185
196.385
196.585
196.786
196.986
197.186
197.387
197.587
197.788
197.988
198.188
198.389
198.589
198.789
198.99
199.19
199.391
199.591
199.791
199.992
200.192
200.392
200.593
200.793
200.993
201.194
201.394
201.595
201.795
201.995
202.196
202.396
202.597
202.797
202.997
203.198
203.398
203.598
203.799
203.999
204.199
204.4
204.6
204.801
205.001
205.201
205.402
205.602
205.802
206.003
206.203
206.404
206.604
206.804
207.005
207.205
207.406
207.606
207.806
208.007
208.207
208.41
208.611
208.811
209.011
209.212
209.412
209.612
209.813
210.013
210.214
210.414
210.614
210.815
211.015
211.215
211.416
211.616
211.816
212.017
212.217
212.417
212.618
212.818
213.018
213.219
213.419
213.619
213.82
214.02
214.22
214.421
214.621
214.822
215.022
215.222
215.423
215.623
215.823
216.024
216.224
216.424
216.625
216.825
217.026
217.226
217.426
217.627
217.827
218.027
218.228
218.428
218.628
218.829
219.029
219.23
219.43
219.63
219.831
220.031
220.231
220.432
220.632
220.832
221.033
221.233
221.434
221.634
221.834
222.035
222.235
222.435
222.636
222.836
223.037
223.237
223.437
223.638
223.838
224.038
224.239
224.439
224.639
224.84
225.04
225.241
225.441
225.641
225.842
226.042
226.242
226.443
226.643
226.843
227.044
227.244
227.445
227.645
227.845
228.046
228.246
228.448
228.649
228.849
229.05
229.25
229.45
229.651
229.851
230.051
230.252
230.452
230.652
230.853
231.053
231.254
231.454
231.654
231.855
232.055
232.255
232.456
232.656
232.857
233.057
233.257
233.458
233.658
233.858
234.059
234.259
234.46
234.66
234.86
235.061
235.261
235.461
235.662
235.862
236.062
236.263
236.463
236.664
236.864
237.064
237.265
237.465
237.665
237.866
238.066
238.267
238.467
238.667
238.868
239.068
239.268
239.469
239.669
239.87
240.07
240.27
240.471
240.671
240.871
241.072
241.272
241.473
241.673
241.873
242.074
242.274
242.474
242.675
242.875
243.075
243.276
243.476
243.677
243.877
244.077
244.278
244.478
244.678
244.879
245.079
245.28
245.48
245.68
245.881
246.081
246.281
246.482
246.682
246.883
247.083
247.283
247.484
247.684
247.884
248.085
248.285
248.486
248.686
248.886
249.087
249.287
249.487
249.688
249.888
250.089
250.289
250.489
250.69
250.89
251.09
251.291
251.491
251.691
251.892
252.092
252.293
252.493
252.693
252.894
253.094
253.295
253.495
253.695
253.896
254.096
254.296
254.497
254.697
254.897
255.098
255.298
255.499
255.699
255.899
256.1
256.3
256.5
256.701
256.901
257.102
257.302
257.502
257.703
257.903
258.103
258.304
258.504
258.705
258.905
259.105
259.306
259.506
259.706
259.907
260.107
260.308
260.508
260.708
260.909
261.109
261.31
261.51
261.71
261.911
262.111
262.311
262.512
262.712
262.913
263.113
263.313
263.514
263.714
263.914
264.115
264.315
264.515
264.716
264.916
265.117
265.317
265.517
265.718
265.918
266.119
266.319
266.519
266.72
266.92
267.12
267.321
267.521
267.721
267.922
268.122
268.323
268.523
268.723
268.924
269.124
269.324
269.525
269.725
269.926
270.126
270.326
270.527
270.727
270.927
271.128
271.328
271.529
271.729
271.929
272.13
272.33
272.53
272.731
272.931
273.132
273.332
273.532
273.733
273.933
274.133
274.334
274.534
274.735
274.935
275.135
275.336
275.536
275.736
275.937
276.137
276.338
276.538
276.738
276.939
277.139
277.339
277.54
277.74
277.941
278.141
278.341
278.542
278.742
278.942
279.143
279.343
279.543
279.744
279.944
280.145
280.345
280.545
280.746
280.946
281.146
281.347
281.547
281.747
281.948
282.148
282.349
282.549
282.749
282.95
283.15
283.35
283.551
283.751
283.952
284.152
284.352
284.553
284.753
284.953
285.154
285.354
285.555
285.755
285.955
286.156
286.356
286.556
286.757
286.957
287.157
287.358
287.558
287.759
287.959
288.159
288.36
288.56
288.76
288.961
289.161
289.362
289.562
289.762
289.963
290.163
290.363
290.564
290.764
290.964
291.165
291.365
291.566
291.766
291.966
292.167
292.367
292.567
292.768
292.968
293.169
293.369
293.569
293.77
293.97
294.17
294.371
294.571
294.772
294.972
295.172
295.373
295.573
295.773
295.974
296.174
296.374
296.575
296.775
296.976
297.176
297.376
297.577
297.777
297.977
298.178
298.378
298.579
298.779
298.979
299.18
299.38
299.58
299.785
299.985
300.185
300.386
300.586
300.787
300.987
301.187
301.388
301.588
301.788
301.989
302.189
302.39
302.59
302.79
302.991
303.191
303.391
303.592
303.792
303.993
304.193
304.393
304.594
304.794
304.994
305.195
305.395
305.596
305.796
305.996
306.197
306.397
306.597
306.798
306.998
307.199
307.399
307.599
307.8
308
308.2
308.401
308.601
308.802
309.002
309.202
309.403
309.603
309.803
310.004
310.204
310.405
310.605
310.805
311.006
311.206
311.406
311.607
311.807
312.008
312.208
312.408
312.609
312.809
313.009
313.21
313.41
313.611
313.811
314.011
314.212
314.412
314.612
314.813
315.013
315.214
315.414
315.614
315.815
316.015
316.216
316.416
316.616
316.817
317.017
317.217
317.418
317.631
317.831
318.031
318.232
318.432
318.632
318.833
319.033
319.234
319.434
319.634
319.835
320.035
320.235
320.436
320.636
320.837
321.037
321.237
321.438
321.638
321.838
322.039
322.239
322.439
322.64
322.84
323.041
323.241
323.441
323.642
323.842
324.042
324.243
324.443
324.644
324.844
325.044
325.245
325.445
325.645
325.846
326.046
326.247
326.447
326.647
326.848
327.048
327.248
327.449
327.649
327.849
328.05
328.25
328.451
328.651
328.851
329.052
329.252
329.452
329.653
329.853
330.054
330.254
330.454
330.655
330.855
331.055
331.256
331.456
331.657
331.857
332.057
332.258
332.458
332.658
332.859
333.059
333.26
333.46
333.66
333.861
334.061
334.261
334.462
334.662
334.862
335.076
335.276
335.477
335.677
335.877
336.078
336.278
336.478
336.679
336.879
337.08
337.28
337.48
337.681
337.881
338.081
338.282
338.482
338.682
338.883
339.083
339.284
339.484
339.684
339.885
340.085
340.285
340.486
340.686
340.887
341.087
341.287
341.488
341.688
341.888
342.089
342.289
342.489
342.69
342.89
343.091
343.291
343.491
343.692
343.892
344.093
344.293
344.493
344.694
344.894
345.094
345.295
345.495
345.696
345.896
346.096
346.297
346.497
346.697
346.898
347.098
347.299
347.499
347.699
347.9
348.1
348.3
348.501
348.701
348.902
349.102
349.302
349.503
349.703
349.903
350.104
350.304
350.505
350.705
350.905
351.106
351.306
351.507
351.707
351.907
352.108
352.308
352.508
352.709
352.909
353.109
353.31
353.51
353.711
353.911
354.111
354.312
354.512
354.712
354.913
355.113
355.314
355.514
355.714
355.915
356.115
356.316
356.516
356.716
356.917
357.117
357.317
357.518
357.718
357.918
358.119
358.319
358.52
358.72
358.92
359.121
359.321
359.521
359.722
359.922
360.123
360.323
360.523
360.724
360.924
361.124
361.325
361.525
361.726
361.926
362.126
362.327
362.527
362.727
362.928
363.128
363.329
363.529
363.729
363.93
364.13
364.33
364.531
364.731
364.931
365.132
365.332
365.533
365.733
365.933
366.134
366.334
366.534
366.735
366.935
367.136
367.336
367.536
367.737
367.937
368.137
368.338
368.548
368.748
368.949
369.149
369.35
369.55
369.75
369.951
370.151
370.351
370.552
370.752
370.953
371.153
371.353
371.554
371.754
371.954
372.155
372.355
372.555
372.756
372.956
373.157
373.357
373.557
373.758
373.958
374.158
374.359
374.559
374.76
374.96
375.16
375.361
375.561
375.761
375.962
376.162
376.362
376.563
376.763
376.964
377.164
377.364
377.565
377.765
377.966
378.166
378.366
378.567
378.767
378.967
379.168
379.368
379.569
379.769
379.969
380.17
380.37
380.57
380.771
380.971
381.171
381.372
381.572
381.773
381.973
382.173
382.374
382.574
382.774
382.975
383.175
383.376
383.576
383.776
383.977
384.177
384.377
384.578
384.778
384.979
385.179
385.379
385.58
385.78
385.98
386.181
386.381
386.582
386.782
386.982
387.183
387.383
387.583
387.784
387.984
388.185
388.385
388.585
388.786
388.986
389.186
389.387
389.587
389.788
389.988
390.188
390.389
390.589
390.789
390.99
391.19
391.391
391.591
391.791
391.992
392.192
392.392
392.593
392.793
392.994
393.194
393.394
393.595
393.795
393.995
394.196
394.396
394.596
394.797
394.997
395.198
395.398
395.598
395.799
395.999
396.199
396.4
396.6
396.801
397.001
397.201
397.402
397.602
397.802
398.003
398.203
398.404
398.604
398.804
399.005
399.205
399.405
399.606
399.806
400.007
400.207
400.407
400.608
400.808
401.008
401.209
401.409
401.609
401.81
402.01
402.211
402.411
402.611
402.812
403.012
403.212
403.413
403.613
403.814
404.014
404.214
404.415
404.615
404.816
405.016
405.216
405.417
405.617
405.817
406.018
406.218
406.418
406.619
406.819
407.02
407.22
407.42
407.621
407.821
408.021
408.222
408.422
408.623
408.823
409.023
409.224
409.424
409.625
409.825
410.025
410.226
410.426
410.626
410.827
411.027
411.227
411.428
411.628
411.829
412.029
412.229
412.43
412.63
412.83
413.031
413.231
413.432
413.632
413.832
414.033
414.233
414.434
414.634
414.834
415.035
415.235
415.435
415.636
415.836
416.036
416.237
416.437
416.638
416.838
417.038
417.239
417.439
417.64
417.84
418.04
418.241
418.441
418.641
418.842
419.042
419.243
419.443
419.643
419.844
420.044
420.244
420.445
420.645
420.846
421.046
421.246
421.447
421.647
421.847
422.048
422.248
422.449
422.649
422.849
423.05
423.25
423.45
423.651
423.851
424.052
424.252
424.452
424.653
424.853
425.053
425.254
425.454
425.655
425.855
426.055
426.256
426.456
426.656
426.857
427.057
427.258
427.458
427.658
427.859
428.059
428.259
428.46
428.66
428.861
429.061
429.261
429.462
429.662
429.862
430.063
430.263
430.464
430.664
430.864
431.065
431.265
431.465
431.666
431.866
432.067
432.267
432.467
432.668
432.868
433.068
433.269
433.469
433.669
433.87
434.07
434.271
434.471
434.671
434.872
435.072
435.273
435.473
435.673
435.874
436.074
436.274
436.475
436.675
436.876
437.076
437.276
437.477
437.677
437.877
438.078
438.278
438.479
438.679
438.879
439.08
439.28
439.48
439.681
439.881
440.082
440.282
440.482
440.683
440.883
441.083
441.284
441.484
441.685
441.885
442.085
442.286
442.486
442.686
442.887
443.087
443.287
443.488
443.688
443.889
444.089
444.289
444.49
444.69
444.891
445.091
445.291
445.492
445.692
445.892
446.093
446.293
446.493
446.694
446.894
447.095
447.295
447.495
447.696
447.905
448.106
448.306
448.507
448.707
448.907
449.108
449.308
449.508
449.709
449.909
450.11
450.31
450.51
450.711
450.911
451.111
451.312
451.512
451.713
451.913
452.113
452.314
452.514
452.714
452.915
453.115
453.316
453.516
453.716
453.917
454.117
454.317
454.518
454.718
454.919
455.119
455.319
455.52
455.72
455.92
456.121
456.321
456.522
456.722
456.922
457.123
457.323
457.523
457.724
457.924
458.125
458.325
458.525
458.726
458.926
459.126
459.327
459.527
459.727
459.928
460.128
460.329
460.529
460.729
460.93
461.13
461.33
461.531
461.731
461.932
462.132
462.332
462.533
462.733
462.933
463.134
463.334
463.535
463.735
463.935
464.136
464.336
464.536
464.737
464.937
465.137
465.338
465.538
465.739
465.939
466.139
466.34
466.54
466.74
466.941
467.141
467.342
467.542
467.742
467.943
468.143
468.343
468.544
468.744
468.945
469.145
469.345
469.546
469.746
469.946
470.147
470.347
470.547
470.748
470.948
471.149
471.349
471.549
471.75
471.95
472.15
472.351
472.551
472.752
472.952
473.152
473.353
473.553
473.753
473.954
474.154
474.355
474.555
474.755
474.956
475.156
475.356
475.557
475.757
475.958
476.158
476.358
476.559
476.759
476.959
477.16
477.36
477.561
477.761
477.961
478.162
478.362
478.562
478.763
478.963
479.164
479.364
479.564
479.765
479.965
480.165
480.366
480.566
480.767
480.967
481.167
481.368
481.568
481.768
481.969
482.169
482.37
482.57
482.77
482.971
483.171
483.371
483.572
483.772
483.973
484.173
484.373
484.574
484.774
484.974
485.175
485.375
485.575
485.776
485.976
486.177
486.377
486.577
486.778
486.978
487.179
487.379
487.579
487.78
487.98
488.18
488.381
488.581
488.781
488.982
489.182
489.383
489.583
489.783
489.984
490.184
490.385
490.585
490.785
490.986
491.186
491.386
491.587
491.787
491.988
492.188
492.388
492.604
492.804
493.005
493.205
493.405
493.606
493.806
494.006
494.207
494.407
494.607
494.808
495.008
495.208
495.409
495.609
495.809
496.01
496.21
496.41
496.611
496.811
497.011
497.212
497.412
497.612
497.813
498.013
498.214
498.414
498.614
498.815
499.015
499.215
499.416
499.616
499.816
500.017
500.217
500.417
500.618
500.818
501.019
501.219
501.419
501.62
501.82
502.02
502.221
502.421
502.621
502.822
503.022
503.223
503.423
503.623
503.824
504.024
504.224
504.425
504.625
504.825
505.026
505.226
505.427
505.627
505.827
506.028
506.228
506.428
506.629
506.829
507.029
507.23
507.43
507.631
507.831
508.031
508.232
508.432
508.632
508.833
509.033
509.233
509.434
509.634
509.835
510.035
510.235
510.436
510.636
510.836
511.037
511.237
511.438
511.638
511.838
512.039
512.239
512.439
512.64
512.84
513.041
513.241
513.441
513.642
513.842
514.042
514.243
514.443
514.644
514.844
515.044
515.245
515.445
515.645
515.846
516.046
516.247
516.447
516.647
516.848
517.048
517.248
517.449
517.649
517.849
518.05
518.25
518.451
518.651
518.851
519.052
519.252
519.464
519.664
519.864
520.065
520.265
520.466
520.666
520.866
521.067
521.267
521.467
521.668
521.868
522.069
522.269
522.469
522.67
522.87
523.07
523.271
523.471
523.671
523.872
524.072
524.273
524.473
524.673
524.874
525.074
525.274
525.475
525.675
525.876
526.076
526.276
526.477
526.677
526.877
527.078
527.278
527.478
527.679
527.879
528.08
528.28
528.48
528.681
528.881
529.081
529.282
529.482
529.688
529.888
530.089
530.289
530.489
530.69
530.89
531.091
531.291
531.491
531.692
531.892
532.092
532.293
532.493
532.694
532.894
533.094
533.295
533.495
533.695
533.896
534.096
534.297
534.497
534.697
534.898
535.098
535.298
535.499
535.699
535.9
536.1
536.3
536.501
536.701
536.901
537.102
537.302
537.503
537.703
537.903
538.104
538.304
538.504
538.705
538.905
539.106
539.306
539.506
539.707
539.907
540.107
540.308
540.508
540.709
540.909
541.109
541.31
541.51
541.71
541.911
542.111
542.311
542.512
542.712
542.913
543.113
543.313
543.514
543.714
543.914
544.115
544.315
544.516
544.716
544.916
545.117
545.317
545.518
545.718
545.918
546.119
546.319
546.519
546.72
546.92
547.121
547.321
547.521
547.722
547.922
548.122
548.323
548.523
548.724
548.924
549.124
549.325
549.525
549.725
549.926
550.126
550.327
550.527
550.727
550.928
551.128
551.343
551.543
551.744
551.944
552.144
552.345
552.545
552.746
552.946
553.146
553.347
553.547
553.747
553.948
554.148
554.349
554.549
554.749
554.95
555.15
555.35
555.551
555.751
555.952
556.152
556.352
556.553
556.753
556.953
557.154
557.354
557.555
557.755
557.955
558.156
558.356
558.556
558.757
558.957
559.158
559.358
559.558
559.759
559.959
560.159
560.36
560.56
560.761
560.961
561.161
561.362
561.562
561.762
561.963
562.163
562.364
562.564
562.764
562.965
563.165
563.365
563.566
563.766
563.966
564.167
564.367
564.568
564.768
564.968
565.169
565.369
565.569
565.77
565.97
566.171
566.371
566.571
566.772
566.972
567.172
567.373
567.573
567.773
567.974
568.174
568.375
568.575
568.775
568.976
569.176
569.376
569.577
569.777
569.978
570.178
570.378
570.579
570.779
570.979
571.18
571.38
571.58
571.781
571.981
572.182
572.382
572.582
572.783
572.983
573.183
573.384
573.584
573.789
573.989
574.189
574.39
574.59
574.79
574.991
575.191
575.392
575.592
575.792
575.993
576.193
576.393
576.594
576.794
576.995
577.195
577.395
577.596
577.796
577.996
578.197
578.397
578.598
578.798
578.998
579.199
579.399
579.599
579.8
580
580.201
580.401
580.601
580.802
581.002
581.202
581.403
581.603
581.803
582.004
582.204
582.405
582.605
582.805
583.006
583.206
583.406
583.607
583.807
584.008
584.208
584.408
584.609
584.809
585.009
585.21
585.41
585.611
585.811
586.011
586.212
586.412
586.612
586.813
587.013
587.213
587.414
587.614
587.815
588.015
588.215
588.416
588.616
588.816
589.017
589.217
589.418
589.618
589.818
590.019
590.219
590.419
590.62
590.82
591.021
591.221
591.421
591.622
591.822
592.022
592.223
592.423
592.623
592.824
593.024
593.225
593.425
593.625
593.826
594.026
594.226
594.427
594.627
594.828
595.028
595.228
595.429
595.629
595.829
596.03
596.23
596.43
596.631
596.831
597.032
597.232
597.432
597.633
597.833
598.033
598.234
598.434
598.635
598.835
599.039
599.239
599.44
599.64
599.84
600.041
600.241
600.442
600.642
600.842
601.043
601.243
601.443
601.644
601.844
602.045
602.245
602.445
602.646
602.846
603.046
603.247
603.447
603.648
603.848
604.048
604.249
604.449
604.649
604.85
605.05
605.251
605.451
605.651
605.852
606.052
606.253
606.453
606.653
606.854
607.054
607.254
607.455
607.655
607.855
608.056
608.256
608.457
608.657
608.857
609.058
609.258
609.459
609.659
609.859
610.06
610.26
610.46
610.661
610.861
611.062
611.262
611.462
611.663
611.863
612.063
612.264
612.464
612.664
612.865
613.065
613.266
613.466
613.666
613.867
614.067
614.267
614.468
614.668
614.869
615.069
615.269
615.47
615.67
615.87
616.071
616.271
616.471
616.672
616.872
617.073
617.273
617.473
617.674
617.874
618.074
618.275
618.475
618.676
618.876
619.076
619.277
619.477
619.677
619.878
620.078
620.279
620.479
620.679
620.88
621.08
621.28
621.481
621.681
621.882
622.082
622.282
622.483
622.683
622.883
623.084
623.284
623.485
623.685
623.885
624.086
624.286
624.486
624.687
624.887
625.088
625.302
625.502
625.702
625.903
626.103
626.303
626.504
626.704
626.905
627.105
627.305
627.506
627.706
627.906
628.107
628.307
628.508
628.708
628.908
629.109
629.309
629.509
629.71
629.91
630.111
630.311
630.511
630.712
630.912
631.112
631.313
631.513
631.713
631.914
632.114
632.314
632.515
632.715
632.916
633.116
633.316
633.517
633.717
633.917
634.118
634.318
634.519
634.719
634.919
635.12
635.32
635.52
635.721
635.921
636.122
636.322
636.522
636.723
636.923
637.123
637.324
637.524
637.725
637.925
638.125
638.326
638.526
638.726
638.927
639.127
639.328
639.528
639.728
639.929
640.129
640.329
640.53
640.73
640.931
641.131
641.331
641.532
641.732
641.932
642.133
642.333
642.534
642.734
642.934
643.135
643.335
643.535
643.736
643.936
644.136
644.337
644.537
644.738
644.938
645.138
645.339
645.539
645.739
645.94
646.14
646.34
646.541
646.741
646.941
647.142
647.342
647.542
647.743
647.943
648.143
648.344
648.544
648.744
648.945
649.145
649.345
649.546
649.746
649.946
650.147
650.347
650.547
650.748
650.948
651.148
651.349
651.549
651.749
651.949
652.15
652.35
652.55
652.751
652.951
653.151
653.351
653.552
653.752
653.952
654.152
654.353
654.553
654.753
654.953
655.154
655.354
655.554
655.754
655.954
656.155
656.355
656.555
656.755
